0.9000091513250489
1
0.8601351193398321
1
0.9229659797806717
1
0.9147654196258546
1
0.8738244290083756
1
0.8852587436652186
1
0.9476427460317607
1
0.9046520447259364
1
0.8875569381860668
1
0.918345007183908
1
0.8749269761380489
1
0.846370369417079
1
0.9244067669562697
1
0.8837109823338601
1
0.8935708547364815
1
0.9200345552884616
1
0.9443398343877613
1
0.9267831236097381
1
0.8610166055958215
1
0.8776798187604437
1
0.9295388151834747
1
0.8711111563269375
1
0.9349660542365079
1
0.869705246975831
1
0.9260107716593927
1
0.9288283795284896
1
0.9013685486522025
1
0.9220125428175294
1
0.9119494606209433
1
0.8676324855007586
1
0.874713704963333
1
0.9445179899387577
1
0.8782017812403413
1
0.9059914206734556
1
0.9274811227940601
1
0.8862453999822677
1
0.8769462137296533
1
0.8982951541077051
1
0.9035687419384988
1
0.8333422647706736
1
0.9050650932265281
1
0.9221754807692308
1
0.8590375409423028
1
0.8370771165647226
1
0.85771772030742
1
0.9669250109436207
1
0.9315977658078383
1
0.9169724770642202
1
0.8900063980524953
1
0.9440836804866759
1
0.8488131088631109
1
0.9248813446931355
1
0.8637406589673913
1
0.9284275809889329
1
0.9008564706035924
1
0.8931762425068529
1
0.9038330503686736
1
0.9069548803123207
1
0.8736668055029397
1
0.8799734030837004
1
0.9149953512428499
1
0.9304431673562156
1
0.8882401030254405
1
0.8950893659197703
1
0.8413761377127029
1
0.918417714860189
1
0.8780720661157025
1
0.9034646739130435
1
0.9084292255892257
1
0.8828882209751746
1
0.9032194479125696
1
0.9313806305188251
1
0.8836573193871572
1
0.8678910972608095
1
0.9583322059976063
1
0.940348299319728
1
0.9047510662276532
1
0.944608486439195
1
0.9305728088336784
1
0.8227072566385115
1
0.9522606382978723
1
0.9286339806328161
1
0.9017204921184159
1
0.9100111874688925
1
0.9140777036067377
1
0.8834820105721432
1
0.8793637791540055
1
0.8856772233017738
1
0.9159042927515834
1
0.8766364602705724
1
0.9035747334574764
1
0.8710598554767547
1
0.7962221198136493
1
0.9003533817276381
1
0.8201502094589076
1
0.8981751272981279
1
0.8726083666630635
1
0.8477875339309078
1
0.8932875680068237
1
0.9144313543470249
1
