0.9806806445121765
1
0.8917742967605591
1
0.9450333118438721
1
0.9310141801834106
1
0.9365112781524658
1
0.5428650975227356
1
0.8485950231552124
1
0.951322078704834
1
0.8607931137084961
1
0.9579893350601196
1
0.9694564938545227
1
0.9800035357475281
1
0.7282431721687317
1
0.9459799528121948
1
0.9798973202705383
1
0.9628917574882507
1
0.7338725328445435
1
0.9724009037017822
1
0.7878519296646118
1
0.9567084312438965
1
0.9883755445480347
1
0.9246042370796204
1
0.8483592867851257
1
0.9643928408622742
1
0.9695769548416138
1
0.11525540053844452
1
0.9866045117378235
1
0.8762226700782776
1
0.8643301129341125
1
0.387409508228302
1
0.8922863602638245
1
0.9820871353149414
1
0.9565815329551697
1
0.377946138381958
1
0.8175246119499207
1
0.813177227973938
1
0.9783148765563965
1
0.8451920747756958
1
0.8843288421630859
1
0.9497947096824646
1
0.011182092130184174
1
0.9872151613235474
1
0.8185498118400574
1
0.6202284097671509
1
0.9783157110214233
1
0.9002556204795837
1
0.9131802320480347
1
0.9719796180725098
1
0.9109784960746765
1
0.9834380745887756
1
0.9182983040809631
1
0.873709499835968
1
0.962346613407135
1
0.9511101841926575
1
0.9775981903076172
1
0.9038214087486267
1
0.9146819710731506
1
0.8148807287216187
1
0.883881688117981
1
0.9289483428001404
1
0.982416033744812
1
0.9616072773933411
1
0.9302173256874084
1
0.9754350781440735
1
0.9770246744155884
1
0.9753862023353577
1
0.9622225165367126
1
0.7922388911247253
1
0.8737974762916565
1
0.991058886051178
1
0.9286684989929199
1
0.9558412432670593
1
0.9142983555793762
1
0.861001193523407
1
0.8427766561508179
1
0.6128021478652954
1
0.9168464541435242
1
0.8709245920181274
1
0.9781936407089233
1
0.9657647013664246
1
0.3769354820251465
1
0.9260440468788147
1
0.9637048244476318
1
0.5746100544929504
1
0.8049501180648804
1
0.9694343209266663
1
0.7196471691131592
1
0.8334131240844727
1
0.9486883878707886
1
0.8997980952262878
1
0.8229052424430847
1
0.9820380210876465
1
0.8131037354469299
1
0.9157556891441345
1
0.9808388948440552
1
0.8771716356277466
1
0.02014351636171341
1
0.9718813300132751
1
0.9595422148704529
1
0.921200692653656
