0.8059667711088709
1
0.879932267838533
1
0.7996394838927307
1
0.9180497266598172
1
0.8563094461996222
1
0.8431009947833515
1
0.7553949455479281
1
0.8415676793012181
1
0.8960856121548832
1
0.9170761494252874
1
0.9097155673660879
1
0.8901785714285714
1
0.8283689365263431
1
0.9142031109158298
1
0.8709428041023005
1
0.8685878361537953
1
0.837062925689055
1
0.9181371443909853
1
0.8794477562203791
1
0.9017792576741441
1
0.9136368465577365
1
0.9110249187527064
1
0.8710090595476715
1
0.7593797221772212
1
0.914197776820711
1
0.8558239562948468
1
0.9046325644049739
1
0.9315211176088369
1
0.9280678019627544
1
0.8883648793071416
1
0.8518495329790096
1
0.7351033600138825
1
0.8335504966301185
1
0.8871958206218937
1
0.8579015595684802
1
0.8575189424800391
1
0.888060736356779
1
0.8674807695429239
1
0.7410202169521105
1
0.8643110748130771
1
0.8951951382737158
1
0.9146489222232386
1
0.8202304734195793
1
0.8464963092800427
1
0.8324167308185784
1
0.8836837025316145
1
0.9569042531776965
1
0.9093388300853409
1
0.8755436390532544
1
0.8115291169268443
1
0.8435387458376786
1
0.8834691907577865
1
0.9132575509626231
1
0.910756589586763
1
0.82352866929721
1
0.9039974567900503
1
0.911733311056657
1
0.8629129511573398
1
0.9080069718436155
1
0.9569185910054442
1
0.9285475221893491
1
0.8857026951179641
1
0.8845732057106932
1
0.9102906976744186
1
0.8550701530612245
1
0.8551150292663839
1
0.8028546418651629
1
0.7858021022041062
1
0.928649575883707
1
0.9242947047707842
1
0.9237638389945532
1
0.9060111667798914
1
0.8797138567517442
1
0.9049656357388316
1
0.8332692199636067
1
0.8227930848752563
1
0.8841878874743018
1
0.9078400720741614
1
0.8849024819386531
1
0.849641376071506
1
0.8805600028746761
1
0.7858432440398969
1
0.9134292537073828
1
0.8972134008342021
1
0.896882598413238
1
0.8478237468154582
1
0.9029866177945295
1
0.8203508706317465
1
0.895682686103384
1
0.942839980077481
1
0.9512771454735741
1
0.9092155958832744
1
0.9083443890661791
1
0.9418015317356719
1
0.8702280912364946
1
0.8464394042957557
1
0.8636334448996391
1
0.8551574620458511
1
0.9011847129244024
1
0.830543707885631
1
