0.8376111164097457
1
0.8810419210921813
1
0.7996394838927307
1
0.9180497266598172
1
0.8563094461996222
1
0.8215717695594572
1
0.7553949455479281
1
0.8415676793012181
1
0.8721699925931992
1
0.9170761494252874
1
0.9097155673660879
1
0.8901785714285714
1
0.8290012898910311
1
0.9142031109158298
1
0.8709428041023005
1
0.8685878361537953
1
0.8462610783420124
1
0.8449110343333545
1
0.8388813957430372
1
0.9211669770328988
1
0.9011282672514774
1
0.9128469685902119
1
0.8518014407399375
1
0.7593797221772212
1
0.8897941789375257
1
0.8671903782761614
1
0.8432972946058207
1
0.9078679127961412
1
0.9422647559450829
1
0.8972134394126783
1
0.8518495329790096
1
0.7351033600138825
1
0.8403363550305916
1
0.8871958206218937
1
0.8579015595684802
1
0.8112351835087139
1
0.8527876598404367
1
0.8457974178182736
1
0.7410202169521105
1
0.8643110748130771
1
0.8442865366623782
1
0.9146489222232386
1
0.8202304734195793
1
0.8464963092800427
1
0.8380218847515307
1
0.8767275593065467
1
0.9569042531776965
1
0.9093388300853409
1
0.8755436390532544
1
0.8115291169268443
1
0.8435387458376786
1
0.8834691907577865
1
0.8772163110524787
1
0.910756589586763
1
0.82352866929721
1
0.9039974567900503
1
0.8600504567227374
1
0.8948663088132275
1
0.860120776329814
1
0.8887237326690643
1
0.9285475221893491
1
0.871105087859993
1
0.900577401459854
1
0.8553447359896339
1
0.7978644348044179
1
0.8551150292663839
1
0.8028546418651629
1
0.7858021022041062
1
0.928649575883707
1
0.9242947047707842
1
0.9237638389945532
1
0.9060111667798914
1
0.8122871920492964
1
0.9191739171890642
1
0.8332692199636067
1
0.8227930848752563
1
0.8841878874743018
1
0.7413340870645021
1
0.8849024819386531
1
0.849641376071506
1
0.9223478107965536
1
0.794117978004056
1
0.9134292537073828
1
0.8685229139960884
1
0.889664348726258
1
0.8526068965517241
1
0.9029866177945295
1
0.8203508706317465
1
0.895682686103384
1
0.942839980077481
1
0.8385038875009523
1
0.8563667192851027
1
0.8698333333333332
1
0.9004200646600521
1
0.7866514031026899
1
0.8464394042957557
1
0.8716739551692304
1
0.9052507481947228
1
0.8698503845080074
1
0.7987964712746781
