0.9614174962043762
1
0.9020529389381409
1
0.9608273506164551
1
0.8763337135314941
1
0.9075281023979187
1
0.8088415861129761
1
0.9645874500274658
1
0.9179362058639526
1
0.8446515798568726
1
0.8575665354728699
1
0.9725740551948547
1
0.9425899982452393
1
0.6529819369316101
1
0.9582068920135498
1
0.9794491529464722
1
0.9718387722969055
1
0.8254513144493103
1
0.9622611999511719
1
0.8528307676315308
1
0.9809695482254028
1
0.9514998197555542
1
0.9405919313430786
1
0.8742526173591614
1
0.9753032922744751
1
0.9787120819091797
1
0.8951422572135925
1
0.971863329410553
1
0.9323742985725403
1
0.8132978081703186
1
0.41207921504974365
1
0.7627328634262085
1
0.9521533250808716
1
0.9093667268753052
1
0.7838899493217468
1
0.7886586785316467
1
0.8563014268875122
1
0.958952009677887
1
0.7189879417419434
1
0.9005616307258606
1
0.9650391936302185
1
0.21854591369628906
1
0.9877639412879944
1
0.9123228788375854
1
0.6115701198577881
1
0.9262570142745972
1
0.8735116124153137
1
0.8897701501846313
1
0.9700741171836853
1
0.8533387780189514
1
0.9826107621192932
1
0.9782636761665344
1
0.8766328692436218
1
0.969183623790741
1
0.9355455040931702
1
0.9715606570243835
1
0.945127010345459
1
0.9268531799316406
1
0.7411601543426514
1
0.884598433971405
1
0.8057382106781006
1
0.9833388328552246
1
0.922562301158905
1
0.945971667766571
1
0.963694155216217
1
0.9702737927436829
1
0.9712786078453064
1
0.7879972457885742
1
0.9576964974403381
1
0.9056770205497742
1
0.9275553226470947
1
0.8267188668251038
1
0.8021335601806641
1
0.8923748135566711
1
0.9334296584129333
1
0.9450380802154541
1
0.7867319583892822
1
0.9578373432159424
1
0.6539117097854614
1
0.9780442118644714
1
0.968419075012207
1
0.34504222869873047
1
0.8512911200523376
1
0.9646618962287903
1
0.34842291474342346
1
0.8293493390083313
1
0.9498533606529236
1
0.7477184534072876
1
0.8842870593070984
1
0.8986337780952454
1
0.9045652747154236
1
0.8892846703529358
1
0.9184431433677673
1
0.9281965494155884
1
0.8873029351234436
1
0.9775306582450867
1
0.8640981912612915
1
0.020631907507777214
1
0.9816914200782776
1
0.9664693474769592
1
0.9325452446937561
