0.977901041507721
1
0.8990070819854736
1
0.8992225527763367
1
0.9315154552459717
1
0.9205574989318848
1
0.4742199778556824
1
0.8561297655105591
1
0.9793886542320251
1
0.8863484263420105
1
0.9508558511734009
1
0.9732598066329956
1
0.9501609206199646
1
0.6333026885986328
1
0.9435490965843201
1
0.975641667842865
1
0.9330160021781921
1
0.8692091703414917
1
0.97162926197052
1
0.8769799470901489
1
0.9547086954116821
1
0.9872995018959045
1
0.9246042370796204
1
0.831751823425293
1
0.9643928408622742
1
0.9601688385009766
1
0.12648935616016388
1
0.9865909814834595
1
0.8790503740310669
1
0.9124752879142761
1
0.336838036775589
1
0.8662135601043701
1
0.983091413974762
1
0.9452593922615051
1
0.3778791129589081
1
0.8809570670127869
1
0.7319114804267883
1
0.9779919981956482
1
0.8110833168029785
1
0.9063752293586731
1
0.9529264569282532
1
0.009893170557916164
1
0.9875293970108032
1
0.808250904083252
1
0.6735835075378418
1
0.9783273339271545
1
0.8693101406097412
1
0.8972261548042297
1
0.9464640021324158
1
0.8969388604164124
1
0.98373943567276
1
0.9241950511932373
1
0.9556321501731873
1
0.9642906188964844
1
0.9466583728790283
1
0.9650411009788513
1
0.9451845288276672
1
0.937854528427124
1
0.7920065522193909
1
0.9138430953025818
1
0.9289483428001404
1
0.982416033744812
1
0.9458737373352051
1
0.9430016875267029
1
0.9729035496711731
1
0.9781852960586548
1
0.9567705392837524
1
0.9617558717727661
1
0.7449204325675964
1
0.9245025515556335
1
0.9909077882766724
1
0.9021767377853394
1
0.9554672837257385
1
0.9021943211555481
1
0.8434925675392151
1
0.855376124382019
1
0.6455252170562744
1
0.9200021624565125
1
0.8472447991371155
1
0.9768832921981812
1
0.946167528629303
1
0.45225396752357483
1
0.9392750263214111
1
0.95586758852005
1
0.7004067897796631
1
0.7542218565940857
1
0.9688076376914978
1
0.592956006526947
1
0.7491170763969421
1
0.9298925399780273
1
0.886897087097168
1
0.815329909324646
1
0.9820677638053894
1
0.779772162437439
1
0.8860052227973938
1
0.9822649955749512
1
0.8736155033111572
1
0.009376057423651218
1
0.9718813300132751
1
0.9625635743141174
1
0.9290086627006531
