[1, 4, 5, 8]
[1, 4, 5, 8]
[1, 4, 6]
[0, 1]
[1, 4, 6]
[1, 2]
[1, 4, 6]
[1, 2]
[1, 6, 8]
[0, 1, 7]
[1, 4, 6, 8, 9, 10]
[1, 4, 6, 8]
[1, 4]
[1, 3]
[1, 4]
[1, 3]
[1, 6, 8]
[0, 1, 3]
[1]
[0, 2, 4]
[1, 4]
[0, 2, 3]
[1, 4]
[3, 4, 5]
[0, 1, 3, 6, 8]
[4, 7, 8]
[1, 6]
[0, 1, 2, 8]
[1, 4]
[1, 2, 3]
[0, 3]
[1, 2, 6, 7, 9, 12]
[1, 4, 6, 8, 9]
[3, 6, 8]
[0, 1, 4, 7]
[1, 4, 5, 8]
[1, 4, 5, 8]
[1, 4, 6]
[0, 1]
[1, 4, 6]
[0, 1]
[1, 4, 6, 8]
[0, 1]
[1, 4, 5, 8]
[1, 4, 6, 8]
[1, 4, 6]
[0, 1, 2]
[1]
[0, 2, 4]
[1, 6]
[0, 1, 2, 4]
[1, 4]
[0, 1, 2]
[3, 6]
[1, 2, 3, 6, 9]
[1, 4, 5, 8]
[1, 4, 5, 8]
[1, 4, 6, 8]
[1, 4, 6, 8]
[1, 4, 6, 8]
[3, 6, 8]
[0, 1, 4, 7]
[1, 4]
[1, 3, 4]
[0, 1, 3, 6, 8]
[4, 7, 8]
[3, 6, 8]
[0, 4, 5, 7]
[1, 6, 8]
[0, 1, 7]
[1, 4, 6, 8]
[1, 4, 6]
[1, 2]
[1, 4, 6, 8]
[1, 4, 6, 8]
[1, 4, 5, 8]
[3, 6]
[1, 2, 6, 7, 9]
[3, 6]
[0, 1, 2, 5, 8]
[1, 4, 6, 8, 9]
[1, 4, 6, 8]
[1, 4]
[0, 2, 3, 4]
[1]
[0, 4, 5, 6]
[3, 6, 8]
[0, 4, 5, 7]
[3, 6]
[0, 1, 5, 6, 8]
[1, 4, 6, 8]
[0, 1]
[0, 1, 3]
[0, 2, 7, 10, 11]
[1, 4, 6]
[0, 1, 2]
[1, 4, 6]
[0, 1, 2]
[1, 4]
[2, 3, 4]
[1]
[0, 2, 4, 5]
[1, 4, 6]
[0, 1, 2]
[1, 4, 8]
[0, 1]
[3, 6]
[0, 1, 5, 6, 8]
[1]
[0, 2, 4]
[1, 4]
[0, 2]
[1, 6, 8]
[0, 1, 7]
[1, 4, 6, 8]
[1, 6, 8]
[0, 1, 7]
[1, 4]
[0, 2]
[1, 4, 6, 8]
[0, 1]
[1, 4]
[1, 3, 4]
[1, 4]
[0, 1, 2]
[1, 4, 6]
[1, 2, 3]
[1, 4, 6]
[1, 2]
[1, 4, 5, 8]
[1]
[1, 3, 5, 6]
[1, 4]
[1, 3, 4]
[1]
[0, 2, 4]
[1, 4]
[0, 2, 3]
[1, 4]
[1, 3, 4]
[1, 4, 6]
[1]
[1, 4]
[2, 3, 4]
[1, 4, 5, 8]
[1, 4, 5, 8]
[1, 4, 5, 8]
[1, 4, 5, 8]
[3, 6, 8]
[0, 1, 4, 7]
[0, 3]
[0, 1, 5, 6, 8, 11]
[1, 6]
[0, 1, 2, 4]
[1, 4, 6, 8]
[1, 4]
[0, 2, 3]
[1, 4, 6]
[1, 2]
[1, 4]
[0, 2, 3, 4]
[1, 6]
[1, 2, 3, 5]
[1]
[1, 3]
[1, 2, 3]
[1, 4, 5, 8]
[1]
[2, 3, 6]
[1, 4]
[1, 2, 3]
[1, 4, 5, 8]
[1, 6]
[1, 2, 3, 5]
[1, 4]
[1, 3]
[1, 4]
[0, 2]
[1, 4, 6]
[0, 1, 2]
[1, 4, 5, 8]
[1]
[0, 2, 4]
[1, 4, 5, 8]
[1, 4, 5, 8]
[1]
[0, 2, 4]
[1, 4, 6]
[1, 2, 3]
[1, 6, 8]
[0, 1, 3]
[0, 3]
[1, 2, 6, 7, 9, 12]
[1, 4, 6]
[1]
[1, 6, 8]
[0, 1, 7]
[1, 4]
[0, 2, 3]
