0.7665970129063224
1
0.6447350451367466
1
0.7773694197653597
1
0.709752032440555
1
0.7170609894175648
1
0.7348310840513451
1
0.9390813386143807
1
0.902792767982875
1
0.7640440378537809
1
0.8947104034122416
1
0.8188199321117946
1
0.7451516088744147
1
0.7753901005459917
1
0.755043284643561
1
0.7413739003247508
1
0.8073020046779968
1
0.7512968170611253
1
0.8805257843034616
1
0.6954565321328996
1
0.5943805386762836
1
0.7628080042413791
1
0.8457732512259409
1
0.8365443098453499
1
0.8458489176985967
1
0.774323088622276
1
0.8048392649823854
1
0.6205985915492958
1
0.7660040973363409
1
0.8568092671903497
1
0.6978341422405738
1
0.6240756490025539
1
0.8459429342248028
1
0.7112241838498516
1
0.7452398905990644
1
0.658883941664831
1
0.7531414859576783
1
0.7595454385152438
1
0.7250041919195835
1
0.7946688910396608
1
0.7735096608756868
1
0.8288405757936079
1
0.7839642910138674
1
0.8036755380083462
1
0.6613325098769506
1
0.7023083574207387
1
0.872993908950162
1
0.7427988485446547
1
0.7482312737847387
1
0.6975903574917323
1
0.7993820582364142
1
0.8719090253181162
1
0.8669425851913314
1
0.7360833259365975
1
0.7944832158965436
1
0.8656338063607085
1
0.8403651463008742
1
0.724622975521521
1
0.6758972985343125
1
0.8037749800159872
1
0.6761266883634057
1
0.7992706448449803
1
0.8376740884577414
1
0.7938067868722207
1
0.8119183851862508
1
0.7945335710041593
1
0.7178803437374807
1
0.8773701699797188
1
0.8818229560052542
1
0.8595771887152835
1
0.7976139506179627
1
0.7021527368530524
1
0.7002912778103019
1
0.7454986175171293
1
0.6839045074147804
1
0.8686371050394825
1
0.7558610220947884
1
0.8485699986680706
1
0.7384680319153254
1
0.8245338940454887
1
0.6948127294606969
1
0.8231921310844875
1
0.7845079211953376
1
0.8010742456286829
1
0.7637489349117287
1
0.7562820850739905
1
0.8033530029354751
1
0.8029870220903419
1
0.8859617271557522
1
0.6553490714084234
1
0.8430562787518794
1
0.6156453559945977
1
0.748799146348803
1
0.7260899685416738
1
0.73933448051411
1
0.6895879612302317
1
0.8863565200948043
1
0.7511487397270277
1
0.7885676126878131
1
0.6960360660669207
1
0.8445935770365389
