[4, 8]
[4, 8]
[4, 8]
[]
[4]
[1]
[4]
[1]
[1, 8]
[7]
[1, 4, 8]
[4, 8]
[4]
[3]
[4]
[3]
[1, 8]
[1]
[]
[0, 4]
[4]
[2]
[4]
[3]
[3, 8]
[4, 7]
[1]
[0, 8]
[4]
[1]
[3]
[1, 6, 9]
[4, 8]
[3, 8]
[7]
[4, 8]
[4, 8]
[4]
[0]
[4]
[0]
[1, 4, 8]
[]
[4, 8]
[4, 8]
[1, 4]
[0]
[]
[0, 4]
[1]
[0, 2]
[4]
[0]
[3]
[1, 9]
[4, 8]
[4, 8]
[4, 8]
[4, 8]
[4, 8]
[3, 8]
[7]
[4]
[3]
[3, 8]
[4, 7]
[3, 8]
[7]
[1, 8]
[7]
[4, 8]
[4]
[1]
[4, 8]
[4, 8]
[4, 8]
[3]
[1, 9]
[3]
[0, 8]
[4, 8]
[4, 8]
[1, 4]
[2]
[]
[0, 4]
[3, 8]
[7]
[3]
[0, 8]
[1, 4, 8]
[]
[3]
[2, 7, 10]
[1, 4]
[0]
[1, 4]
[0]
[4]
[2]
[4]
[3]
[1, 4]
[0]
[4, 8]
[]
[3]
[0, 8]
[]
[0, 4]
[4]
[2]
[4, 8]
[3]
[0, 5, 8]
[1, 8]
[7]
[4]
[2]
[1, 4, 8]
[]
[4]
[3]
[4]
[0]
[1, 4]
[1]
[4]
[1]
[4, 8]
[]
[1, 5]
[4]
[3]
[]
[0, 4]
[4]
[2]
[4]
[3]
[4]
[0]
[4]
[2]
[4, 8]
[4, 8]
[4, 8]
[4, 8]
[3, 8]
[7]
[3]
[0, 5, 8]
[1]
[0, 2]
[1, 4, 8]
[]
[4]
[1]
[4]
[2]
[1, 8]
[1]
[4, 8]
[]
[]
[0, 4]
[4, 8]
[]
[2, 6]
[4]
[1]
[4, 8]
[1]
[1, 3]
[4]
[3]
[4]
[2]
[1, 4]
[0]
[4, 8]
[]
[0, 4]
[4, 8]
[4, 8]
[]
[0, 4]
[1, 4]
[1]
[1, 8]
[1]
[3]
[1, 6, 9]
[4]
[1]
[1, 8]
[7]
[4]
[2]
