0.8823292060843312
1
0.8601351193398321
1
0.9240268602172013
1
0.9147654196258546
1
0.8738244290083756
1
0.8665108957814402
1
0.9476427460317607
1
0.9046520447259364
1
0.8672111951472339
1
0.918345007183908
1
0.8749269761380489
1
0.846370369417079
1
0.8960563304600223
1
0.8837109823338601
1
0.8935708547364815
1
0.9200345552884616
1
0.9443398343877613
1
0.9068089816838896
1
0.8238232620749202
1
0.8207351419985195
1
0.921440375868921
1
0.8889092286327483
1
0.9154797212796727
1
0.8537426254295531
1
0.9145899139454563
1
0.9190282105140064
1
0.8221195279870949
1
0.8819507605082468
1
0.907608906580997
1
0.8566086589536684
1
0.874713704963333
1
0.9445179899387577
1
0.7415014321957355
1
0.9059914206734556
1
0.9274811227940601
1
0.8481720696235132
1
0.8584416414334399
1
0.8895040676798978
1
0.9035687419384988
1
0.8333422647706736
1
0.9046969680609412
1
0.9221754807692308
1
0.8590375409423028
1
0.8370771165647226
1
0.8647943481053307
1
0.9554904085341314
1
0.9315977658078383
1
0.9169724770642202
1
0.8900063980524953
1
0.9440836804866759
1
0.8488131088631109
1
0.9248813446931355
1
0.8372535096816134
1
0.9284275809889329
1
0.9008564706035924
1
0.8931762425068529
1
0.9038330503686736
1
0.8329245715452367
1
0.8143660810116938
1
0.8284413240500464
1
0.9149953512428499
1
0.8945911966340246
1
0.8634531171201908
1
0.8827314762378401
1
0.778700214912928
1
0.918417714860189
1
0.8780720661157025
1
0.9034646739130435
1
0.9084292255892257
1
0.8828882209751746
1
0.9032194479125696
1
0.9313806305188251
1
0.8411354118622895
1
0.8653587167563583
1
0.9583322059976063
1
0.940348299319728
1
0.9047510662276532
1
0.9437087118260608
1
0.9177449650422623
1
0.7763035519546209
1
0.9052486590666945
1
0.9234581846979185
1
0.9017204921184159
1
0.8841223581434592
1
0.8828507072598959
1
0.8508903724137931
1
0.8793637791540055
1
0.8856772233017738
1
0.9159042927515834
1
0.8766364602705724
1
0.7895214002057046
1
0.7930310722193793
1
0.7877881900643384
1
0.8342632614073744
1
0.7618795493026926
1
0.8981751272981279
1
0.8603327354679451
1
0.8539403573846741
1
0.8672789637483155
1
0.8924748220295639
