0.9787577986717224
1
0.8997690677642822
1
0.9055051803588867
1
0.930862307548523
1
0.9152666926383972
1
0.5181339383125305
1
0.8561297655105591
1
0.9793886542320251
1
0.9010804295539856
1
0.9508558511734009
1
0.9732598066329956
1
0.9501609206199646
1
0.5742303133010864
1
0.9448501467704773
1
0.9698094129562378
1
0.9689890742301941
1
0.8074911236763
1
0.9584040641784668
1
0.8690413236618042
1
0.9671078324317932
1
0.9826136231422424
1
0.8974981904029846
1
0.8462009429931641
1
0.9713796377182007
1
0.9533815383911133
1
0.18120814859867096
1
0.9862896800041199
1
0.9167840480804443
1
0.9245728850364685
1
0.05407355725765228
1
0.8708676099777222
1
0.983091413974762
1
0.9414820671081543
1
0.2571337819099426
1
0.8688880205154419
1
0.7371268272399902
1
0.9769585728645325
1
0.5595524907112122
1
0.9186626076698303
1
0.9543315768241882
1
0.010784471407532692
1
0.9875293970108032
1
0.808250904083252
1
0.7340754270553589
1
0.9506995677947998
1
0.8611865639686584
1
0.8961986303329468
1
0.9501564502716064
1
0.8834143877029419
1
0.98373943567276
1
0.9241950511932373
1
0.9564279913902283
1
0.9632905721664429
1
0.9467720985412598
1
0.9650411009788513
1
0.9451845288276672
1
0.9519859552383423
1
0.7099565267562866
1
0.9061632752418518
1
0.8997767567634583
1
0.9728317856788635
1
0.944011926651001
1
0.9435747861862183
1
0.9789743423461914
1
0.9782407283782959
1
0.9567705392837524
1
0.9617558717727661
1
0.7449204325675964
1
0.9245025515556335
1
0.9909077882766724
1
0.9079644083976746
1
0.9554672837257385
1
0.9428625106811523
1
0.9264600276947021
1
0.8337753415107727
1
0.6492927670478821
1
0.906416654586792
1
0.822551429271698
1
0.9750251173973083
1
0.946167528629303
1
0.502521276473999
1
0.872723400592804
1
0.95586758852005
1
0.67511385679245
1
0.7684815526008606
1
0.9677626490592957
1
0.5600345730781555
1
0.7491170763969421
1
0.9298925399780273
1
0.8965859413146973
1
0.8642033934593201
1
0.9785611629486084
1
0.9296189546585083
1
0.9067831039428711
1
0.9780239462852478
1
0.8672480583190918
1
0.021660516038537025
1
0.9714937806129456
1
0.9531192183494568
1
0.9243952631950378
