[1, 4, 5, 8, 9]
[1, 4, 5, 8, 9]
[1, 4, 6, 8]
[0, 1, 4]
[1, 4, 6]
[1, 2, 5]
[1, 4, 6]
[1, 2, 5]
[1, 6, 8]
[0, 1, 2, 3, 7]
[1, 4, 6, 8, 9, 10, 11]
[1, 4, 6, 8, 9]
[1, 4]
[1, 3, 4]
[1, 4]
[1, 3, 4]
[0, 1, 6, 8]
[0, 1, 2, 3]
[1]
[0, 2, 4, 6, 7]
[1, 4]
[0, 2, 3, 6]
[1, 4]
[1, 3, 4, 5, 8]
[0, 1, 3, 5, 6, 8]
[4, 7, 8, 10]
[1, 6]
[0, 1, 2, 3, 4, 8]
[1, 4, 6]
[1, 2, 3, 6]
[0, 1, 3, 6]
[1, 2, 6, 7, 9, 12]
[1, 4, 6, 8, 9, 12]
[3, 6, 8]
[0, 1, 2, 3, 4, 7]
[1, 4, 5, 8, 9]
[1, 4, 6, 8, 9]
[1, 4, 6]
[0, 1, 4]
[1, 4, 6]
[0, 1, 4]
[1, 4, 6, 8]
[0, 1, 2]
[1, 4, 5, 8, 9]
[1, 4, 6, 8, 9]
[1, 4, 6]
[0, 1, 2, 3]
[1]
[0, 2, 4, 5]
[0, 1, 6]
[0, 1, 2, 3, 4]
[1, 4, 6]
[0, 1, 2, 5]
[3, 6]
[1, 2, 3, 4, 5, 6, 9]
[1, 4, 5, 8, 9]
[1, 4, 5, 8, 9]
[1, 4, 6, 8, 10, 11]
[1, 4, 6, 8, 10, 11]
[1, 4, 6, 8, 9]
[3, 6, 8]
[0, 1, 2, 3, 4, 7]
[1, 4]
[1, 3, 4, 7]
[0, 1, 3, 5, 6, 8]
[4, 7, 8, 10]
[0, 1, 3, 6, 8]
[0, 4, 5, 7]
[1, 6, 8]
[0, 1, 2, 3, 7]
[1, 4, 6, 8, 9]
[1, 4, 6]
[1, 2, 5]
[1, 4, 6, 8, 9]
[1, 4, 6, 8, 10, 11]
[1, 4, 5, 8, 9]
[0, 1, 3, 6]
[1, 2, 6, 7, 9]
[3, 6]
[0, 1, 2, 3, 4, 5, 8]
[1, 4, 6, 8, 10, 11]
[1, 4, 6, 8, 10, 11]
[1, 4]
[0, 2, 3, 4, 5]
[1]
[0, 2, 4, 5, 6, 9]
[0, 1, 3, 6, 8]
[0, 4, 5, 7]
[0, 1, 3, 6]
[0, 1, 5, 6, 8]
[1, 4, 6, 8]
[0, 1, 2]
[0, 1, 3, 5]
[0, 2, 7, 10, 11, 13]
[1, 4, 6]
[0, 1, 2, 3]
[1, 4, 6]
[0, 1, 2, 3]
[1, 4]
[0, 2, 3, 4, 7]
[1, 4]
[1, 3, 4, 5, 8]
[1, 4, 6]
[0, 1, 2, 3]
[1, 4, 6, 8]
[0, 1, 4]
[0, 1, 3, 6]
[0, 1, 5, 6, 8]
[1]
[0, 2, 4, 6, 7]
[1, 4]
[0, 2, 4, 5]
[1, 4, 6, 8, 9, 12]
[0, 1, 3, 6]
[0, 1, 5, 6, 8, 11]
[1, 6, 8]
[0, 1, 2, 3, 7]
[1, 4]
[0, 2, 4, 5]
[1, 4, 6, 8]
[0, 1, 2]
[1, 4]
[1, 3, 4, 7]
[1, 4, 6]
[0, 1, 2, 5]
[1, 4, 6]
[1, 2, 3, 4]
[1, 4, 6]
[1, 2, 5]
[1, 4, 5, 8, 9]
[1]
[1, 3, 5, 6, 9]
[1, 4]
[1, 3, 4, 7]
[1]
[0, 2, 4, 5]
[1, 4]
[0, 2, 3, 6]
[1, 4]
[1, 3, 4, 7]
[1, 4, 6]
[0, 1, 4]
[1, 4]
[0, 2, 3, 4, 7]
[1, 4, 5, 8, 9]
[1, 4, 5, 8, 9]
[1, 4, 5, 8, 9]
[1, 4, 5, 8, 9]
[3, 6, 8]
[0, 1, 2, 3, 4, 7]
[0, 1, 3, 6]
[0, 1, 5, 6, 8, 11]
[0, 1, 6]
[0, 1, 2, 3, 4]
[1, 4, 6, 8]
[0, 1, 2]
[1, 4, 6]
[1, 2, 3, 6]
[1, 4]
[0, 2, 4, 5]
[0, 1, 6, 8]
[0, 1, 2, 3]
[1, 4, 6, 8]
[1, 2]
[1]
[0, 2, 4, 6, 7]
[1, 4, 5, 8, 9]
[1]
[2, 3, 6, 7]
[1, 4, 6]
[1, 2, 3, 6]
[1, 4, 5, 8, 9]
[0, 1, 6]
[1, 2, 3, 4, 5]
[1, 4]
[1, 3, 4]
[1, 4]
[0, 2, 4, 5]
[1, 4, 6]
[0, 1, 2, 3]
[1, 4, 5, 8, 9]
[1]
[0, 2, 4, 5]
[1, 4, 5, 8, 9]
[1, 4, 5, 8, 9]
[1]
[0, 2, 4, 6, 7]
[1, 4, 6]
[1, 2, 3, 4]
[0, 1, 6, 8]
[0, 1, 2, 3]
[0, 1, 3, 6]
[1, 2, 6, 7, 9, 12]
[1, 4, 6]
[1, 3, 4]
[1, 6, 8]
[0, 1, 2, 3, 7]
[1, 4]
[0, 2, 3, 6]
