0.8145709210707243
1
0.7358345602289028
1
0.8429803609173838
1
0.8355988868031613
1
0.8075759928036305
1
0.8162519877404159
1
0.9390813386143807
1
0.902792767982875
1
0.7950986714535934
1
0.8947104034122416
1
0.8188199321117946
1
0.7451516088744147
1
0.8565466396600179
1
0.8678262850838534
1
0.8047337984681258
1
0.9050478384935834
1
0.89345554556805
1
0.9120786807364838
1
0.7270372995545716
1
0.8207351419985195
1
0.921440375868921
1
0.8747052824134159
1
0.860079494750219
1
0.8868371282125955
1
0.8864162979284018
1
0.8337147819939091
1
0.7277456483989946
1
0.8113188090084515
1
0.8620116862755202
1
0.8326616586315462
1
0.7453178008690028
1
0.8459429342248028
1
0.7067607912096315
1
0.8096471230889353
1
0.7604151534360225
1
0.837962990002823
1
0.8584416414334399
1
0.8088492568104192
1
0.9017595993276133
1
0.8073613185111443
1
0.8852230483271375
1
0.7839642910138674
1
0.8036755380083462
1
0.7253597163349572
1
0.8130852470108981
1
0.9029490984060033
1
0.8299410795158401
1
0.8311596568164601
1
0.8304584476637275
1
0.7993820582364142
1
0.8719090253181162
1
0.8829428552108088
1
0.749936843255201
1
0.9164097699958934
1
0.8656338063607085
1
0.8403651463008742
1
0.7808744544858379
1
0.7957555550836359
1
0.8402530125271155
1
0.8284413240500464
1
0.8442238573553252
1
0.8945911966340246
1
0.8578445464883038
1
0.8535851702550488
1
0.778700214912928
1
0.7178803437374807
1
0.8773701699797188
1
0.8818229560052542
1
0.8595771887152835
1
0.7976139506179627
1
0.8185595413914971
1
0.7002912778103019
1
0.8111705603171632
1
0.8409129288949159
1
0.910659490407145
1
0.8712191668113498
1
0.8790986989439585
1
0.8373326051693925
1
0.9177449650422623
1
0.7763035519546209
1
0.8813566069203562
1
0.8514424440946741
1
0.878018109540636
1
0.8068443351815043
1
0.862185468490454
1
0.8024361028129157
1
0.8400882200652785
1
0.8859617271557522
1
0.6553490714084234
1
0.8612703202326971
1
0.7048981667090918
1
0.7770187441771566
1
0.7624339780117654
1
0.8111287560278925
1
0.7413179310109723
1
0.907909382240291
1
0.7876227368315485
1
0.8539403573846741
1
0.7773032344944986
1
0.8924748220295639
