0.7233534063195137
1
0.6268069453752082
1
0.6958436059534829
1
0.6573746719343311
1
0.6732455616574745
1
0.71427348492603
1
0.9377441847192043
1
0.8704053896980589
1
0.7411505546278626
1
0.8142490295819846
1
0.821309444830059
1
0.7324247605347044
1
0.7521899129979962
1
0.6935549034660976
1
0.7229846257864968
1
0.7525213765798229
1
0.7005161805039565
1
0.8055051080031426
1
0.6451979898559688
1
0.4565763161478276
1
0.6874530431593056
1
0.8457732512259409
1
0.7241053409552798
1
0.8458489176985967
1
0.7338156405689438
1
0.7936977633004176
1
0.5899165338003257
1
0.7660040973363409
1
0.8178708596410994
1
0.6835566612613078
1
0.6086090983904225
1
0.8524230661869446
1
0.6961176671927225
1
0.7185125576495677
1
0.6176397724715145
1
0.7006024876713824
1
0.6319923581611582
1
0.7172879341715316
1
0.7973611804988204
1
0.7573353784103852
1
0.772499492257212
1
0.7414616515439372
1
0.7492581506954155
1
0.6757030942671635
1
0.6942182813719547
1
0.7926490411322704
1
0.6533182137416025
1
0.686246579750265
1
0.6817331570341045
1
0.8053311185532485
1
0.8363888344938406
1
0.6713469742258852
1
0.6791817076986018
1
0.7717824084858615
1
0.8521666506957273
1
0.7784143988682575
1
0.6630932172949909
1
0.6592920269145701
1
0.6820422759059123
1
0.6761266883634057
1
0.7992706448449803
1
0.7748987885512728
1
0.6966116825863337
1
0.7892449363034381
1
0.7454354248777209
1
0.7335849441478263
1
0.8752547604756848
1
0.8369438102971354
1
0.7774052321135027
1
0.7703540618260244
1
0.6495724045786203
1
0.612612908790194
1
0.7169086896454223
1
0.6726074091950874
1
0.85815958231298
1
0.7364428547151449
1
0.8080672883059162
1
0.6584231983875487
1
0.7742449421162603
1
0.7294974495019729
1
0.7885254270938706
1
0.7808414835483123
1
0.7709689600736477
1
0.7110260274392007
1
0.6071976742030036
1
0.7687905054490426
1
0.7515728369044461
1
0.8620614215923031
1
0.5702760853907818
1
0.6642987399676492
1
0.5828074201568179
1
0.6878466774033267
1
0.7564134299147676
1
0.7201790230197509
1
0.6639604747954712
1
0.831034796314258
1
0.7248123237596407
1
0.7885676126878131
1
0.6916720243891485
1
0.7725093151296106
