0.7881020679156467
1
0.6447350451367466
1
0.7773694197653597
1
0.709752032440555
1
0.7170609894175648
1
0.7584160061879186
1
0.9390813386143807
1
0.902792767982875
1
0.786891318566291
1
0.8947104034122416
1
0.8188199321117946
1
0.7451516088744147
1
0.7896026339192241
1
0.755043284643561
1
0.8047337984681258
1
0.8855898125992842
1
0.8489917777931667
1
0.8861367144896553
1
0.7270372995545716
1
0.8191982197384575
1
0.8068855147892291
1
0.8701149326000396
1
0.8528443932098299
1
0.8368192180448342
1
0.8927532024211711
1
0.8453568276455128
1
0.6769929191186095
1
0.7608116798285093
1
0.8671838679683868
1
0.7596925193403727
1
0.6240756490025539
1
0.8459429342248028
1
0.6934982731959182
1
0.8101713955215847
1
0.658883941664831
1
0.8146014922817747
1
0.8448953816569773
1
0.7861355636210715
1
0.8552371775516127
1
0.7735096608756868
1
0.8200157669646811
1
0.7839642910138674
1
0.8036755380083462
1
0.7204455742244817
1
0.74704788734655
1
0.872993908950162
1
0.7977484874754535
1
0.7482312737847387
1
0.6975903574917323
1
0.7993820582364142
1
0.8719090253181162
1
0.8669425851913314
1
0.749936843255201
1
0.8801044870496221
1
0.8656338063607085
1
0.8403651463008742
1
0.724622975521521
1
0.7837976069528539
1
0.8402530125271155
1
0.8343586352201875
1
0.8303054289349026
1
0.8705530225823657
1
0.8505703559309795
1
0.8616728976172245
1
0.7984672619047619
1
0.7178803437374807
1
0.8773701699797188
1
0.8818229560052542
1
0.8595771887152835
1
0.7976139506179627
1
0.7021527368530524
1
0.7002912778103019
1
0.7910181473811181
1
0.8205927116116642
1
0.8686371050394825
1
0.8444616652716187
1
0.8333792255096651
1
0.7921480989211745
1
0.8860762054588771
1
0.7422442689416981
1
0.8577252967326819
1
0.7946752218540911
1
0.8010742456286829
1
0.7974824013648186
1
0.8213156184003247
1
0.7979499417231521
1
0.8236374156169181
1
0.8859617271557522
1
0.6553490714084234
1
0.8430562787518794
1
0.6626429863279774
1
0.7715884717776269
1
0.7669720010880795
1
0.7897525396610436
1
0.7105184014078255
1
0.8918986535662302
1
0.7511487397270277
1
0.8539403573846741
1
0.7773032344944986
1
0.8707105205687327
