0.9548417925834656
1
0.9222695827484131
1
0.978408932685852
1
0.9274215698242188
1
0.9113881587982178
1
0.722111701965332
1
0.9672694802284241
1
0.9427112936973572
1
0.8724682927131653
1
0.9409390687942505
1
0.9751615524291992
1
0.972697913646698
1
0.7203772068023682
1
0.9563760757446289
1
0.9806489944458008
1
0.9723109602928162
1
0.9131554961204529
1
0.9539163708686829
1
0.8796486258506775
1
0.9831228852272034
1
0.9625805020332336
1
0.9414722323417664
1
0.8856983184814453
1
0.9747417569160461
1
0.9818690419197083
1
0.7526655197143555
1
0.9719740152359009
1
0.9349785447120667
1
0.8248937726020813
1
0.4254087209701538
1
0.7384712100028992
1
0.950053870677948
1
0.9106295108795166
1
0.8216265439987183
1
0.7019850611686707
1
0.8786861896514893
1
0.9414618015289307
1
0.5739309191703796
1
0.8894925713539124
1
0.9676044583320618
1
0.5907852649688721
1
0.9835363626480103
1
0.9355224370956421
1
0.4992624819278717
1
0.9426862597465515
1
0.8975647687911987
1
0.9426624774932861
1
0.9783414602279663
1
0.861073911190033
1
0.9723919034004211
1
0.9850255846977234
1
0.8612047433853149
1
0.9817127585411072
1
0.9486304521560669
1
0.9732679128646851
1
0.9431445598602295
1
0.9326788783073425
1
0.6990019083023071
1
0.8975072503089905
1
0.8462321758270264
1
0.9847993850708008
1
0.9251235723495483
1
0.9422295093536377
1
0.9690889120101929
1
0.947043240070343
1
0.9818618893623352
1
0.858125627040863
1
0.9588689804077148
1
0.8781703114509583
1
0.921965479850769
1
0.8357944488525391
1
0.92410808801651
1
0.9458694458007812
1
0.9159125685691833
1
0.951474666595459
1
0.7085936069488525
1
0.9204387068748474
1
0.8371498584747314
1
0.9790715575218201
1
0.9749523401260376
1
0.3009541928768158
1
0.8619580268859863
1
0.9755927324295044
1
0.41303303837776184
1
0.9072620868682861
1
0.9544677734375
1
0.6146487593650818
1
0.8793882727622986
1
0.8746072053909302
1
0.9543629884719849
1
0.8964411020278931
1
0.9549724459648132
1
0.9574427604675293
1
0.9440990686416626
1
0.9769843220710754
1
0.7671638131141663
1
0.02056160941720009
1
0.9799655675888062
1
0.9609038233757019
1
0.9344547986984253
