0.9776965379714966
1
0.8997690677642822
1
0.8992225527763367
1
0.9315154552459717
1
0.9205574989318848
1
0.381986141204834
1
0.8561297655105591
1
0.9793886542320251
1
0.9010573625564575
1
0.9508558511734009
1
0.9732598066329956
1
0.9501609206199646
1
0.6066410541534424
1
0.9435490965843201
1
0.9698094129562378
1
0.9591779708862305
1
0.847309947013855
1
0.9653856754302979
1
0.8687868714332581
1
0.9540518522262573
1
0.9865250587463379
1
0.9238569140434265
1
0.8185244798660278
1
0.9715312719345093
1
0.955808699131012
1
0.1481042057275772
1
0.9869465231895447
1
0.8763067126274109
1
0.9297927618026733
1
0.16944022476673126
1
0.8662135601043701
1
0.983091413974762
1
0.9438056945800781
1
0.27244672179222107
1
0.8809570670127869
1
0.7395586371421814
1
0.976789653301239
1
0.8377833962440491
1
0.9131027460098267
1
0.9529264569282532
1
0.010708088055253029
1
0.9875293970108032
1
0.808250904083252
1
0.6731002926826477
1
0.9554396271705627
1
0.8693101406097412
1
0.901844322681427
1
0.9464640021324158
1
0.8969388604164124
1
0.98373943567276
1
0.9241950511932373
1
0.9556321501731873
1
0.9632905721664429
1
0.9504261016845703
1
0.9650411009788513
1
0.9451845288276672
1
0.9465605616569519
1
0.7920065522193909
1
0.9061632752418518
1
0.9253599047660828
1
0.9783726334571838
1
0.9395824670791626
1
0.9387262463569641
1
0.9776684045791626
1
0.9784801006317139
1
0.9567705392837524
1
0.9617558717727661
1
0.7449204325675964
1
0.9245025515556335
1
0.9909077882766724
1
0.9021767377853394
1
0.9554672837257385
1
0.941294252872467
1
0.9267877340316772
1
0.855376124382019
1
0.6230631470680237
1
0.9214817881584167
1
0.8472447991371155
1
0.9750251173973083
1
0.946167528629303
1
0.4156571626663208
1
0.9392750263214111
1
0.95586758852005
1
0.6787837147712708
1
0.7685256600379944
1
0.9702245593070984
1
0.48254597187042236
1
0.7491170763969421
1
0.9298925399780273
1
0.886897087097168
1
0.8341656923294067
1
0.9791780710220337
1
0.93431156873703
1
0.901138961315155
1
0.9783480763435364
1
0.8595107793807983
1
0.009376057423651218
1
0.9714937806129456
1
0.9531192183494568
1
0.9341058731079102
