0.7166394392746808
1
0.6087577668461756
1
0.6787270555608945
1
0.6230287263280276
1
0.6518730733371417
1
0.6534328531684698
1
0.9083078666920781
1
0.8371403877021855
1
0.690648528690442
1
0.6786640487311277
1
0.8238511774879489
1
0.6636699600479292
1
0.7216568417655136
1
0.6938943821266292
1
0.6213397664453081
1
0.6615950388661642
1
0.6943292378143159
1
0.7486818470519153
1
0.6107099282301751
1
0.4154421580985741
1
0.6640942406448086
1
0.8265107212475634
1
0.7129705000224954
1
0.8383342553884661
1
0.6845142261985464
1
0.6475193986732268
1
0.5788219001382477
1
0.7313420169426611
1
0.8047733419556079
1
0.6859098301409469
1
0.6009334880788629
1
0.8623944076046125
1
0.6799971559697618
1
0.63956981103971
1
0.597712930727475
1
0.6942991161710733
1
0.58898847631242
1
0.6983798183154647
1
0.8095691858940746
1
0.7426650366748168
1
0.7526620467787035
1
0.6324135853164286
1
0.659810300986711
1
0.692337829957723
1
0.6184944792273377
1
0.7560866495928552
1
0.4647968339900159
1
0.5818876497315159
1
0.6476387910816094
1
0.7263239994671318
1
0.7708132303548537
1
0.640660578052558
1
0.6557008354222671
1
0.7078376453569243
1
0.8027124448049024
1
0.7426336619706427
1
0.6332275383440502
1
0.6018088835019663
1
0.5625624185511324
1
0.6233707453583591
1
0.7464827676617767
1
0.7229883083176228
1
0.649647943182789
1
0.7872972982685464
1
0.717792890234889
1
0.7335849441478263
1
0.7792008308684624
1
0.8145806791784048
1
0.7774052321135027
1
0.7326848580307351
1
0.6318495429288572
1
0.6220002435544117
1
0.7028461209482858
1
0.6795613233232953
1
0.7932940120183655
1
0.7584487756804362
1
0.7658670619822251
1
0.6452695479230238
1
0.7581752477279945
1
0.7174208127243205
1
0.742997555695343
1
0.7162824687667327
1
0.724054405486577
1
0.7130716973820084
1
0.5928288332160401
1
0.7461902077063842
1
0.7244464195399005
1
0.8417598645418606
1
0.536025874758381
1
0.6056970737675771
1
0.5303291605205323
1
0.647471784271907
1
0.7406352158168034
1
0.6885840566841462
1
0.6655336993893495
1
0.7228377132406508
1
0.6130683207832838
1
0.794763575605681
1
0.5883597132551102
1
0.7763743542017681
