[1, 2, 3, 4, 5, 6, 8, 9]
[1, 2, 3, 4, 5, 6, 8, 9]
[0, 1, 3, 4, 5, 6, 8]
[0, 1, 3, 4]
[0, 1, 3, 4, 5, 6]
[1, 2, 4, 5]
[0, 1, 3, 4, 5, 6]
[1, 2, 4, 5]
[0, 1, 2, 3, 4, 6, 8]
[0, 1, 2, 3, 5, 7]
[0, 1, 2, 3, 4, 5, 6, 7, 8, 9, 10, 11]
[0, 1, 3, 4, 6, 7, 8, 9]
[0, 1, 3, 4]
[1, 2, 3, 4]
[0, 1, 3, 4]
[1, 2, 3, 4]
[0, 1, 2, 3, 4, 6, 8]
[0, 1, 2, 3, 5]
[0, 1, 3]
[0, 1, 2, 4, 6, 7]
[0, 1, 3, 4, 5]
[0, 2, 3, 5, 6]
[0, 1, 3, 4]
[0, 1, 3, 4, 5, 7, 8]
[0, 1, 2, 3, 4, 5, 6, 8]
[0, 2, 4, 7, 8, 9, 10, 11]
[0, 1, 2, 3, 4, 6]
[0, 1, 2, 3, 4, 6, 8]
[0, 1, 3, 4, 5, 6]
[1, 2, 3, 5, 6]
[0, 1, 3, 4, 5, 6]
[1, 2, 3, 4, 6, 7, 9, 10, 11, 12]
[0, 1, 3, 4, 5, 6, 8, 9, 11, 12]
[0, 1, 2, 3, 4, 6, 8]
[0, 1, 2, 3, 4, 6, 7]
[1, 2, 3, 4, 5, 6, 8, 9]
[0, 1, 3, 4, 6, 7, 8, 9]
[0, 1, 3, 4, 5, 6]
[0, 1, 3, 4]
[0, 1, 3, 4, 5, 6]
[0, 1, 3, 4]
[0, 1, 2, 3, 4, 5, 6, 7, 8]
[0, 1, 2]
[1, 2, 3, 4, 5, 6, 8, 9]
[0, 1, 3, 4, 6, 7, 8, 9]
[0, 1, 2, 3, 4, 5, 6, 7]
[0, 1, 2, 3]
[0, 1, 3]
[0, 2, 3, 4, 5]
[0, 1, 2, 3, 4, 6]
[0, 1, 2, 3, 4, 6]
[0, 1, 3, 4, 5, 6]
[0, 1, 2, 4, 5]
[0, 1, 2, 3, 4, 6]
[1, 2, 3, 4, 5, 6, 8, 9]
[1, 2, 3, 4, 5, 6, 8, 9]
[1, 2, 3, 4, 5, 6, 8, 9]
[0, 1, 3, 4, 5, 6, 8, 10, 11]
[0, 1, 3, 4, 5, 6, 8, 10, 11]
[0, 1, 3, 4, 6, 7, 8, 9]
[0, 1, 2, 3, 4, 6, 8]
[0, 1, 2, 3, 4, 6, 7]
[0, 1, 3, 4]
[0, 1, 3, 4, 6, 7]
[0, 1, 2, 3, 4, 5, 6, 8]
[0, 2, 4, 7, 8, 9, 10, 11]
[0, 1, 3, 4, 5, 6, 8]
[0, 1, 3, 4, 5, 6, 7, 9]
[0, 1, 2, 3, 4, 6, 8]
[0, 1, 2, 3, 5, 7]
[0, 1, 3, 4, 6, 7, 8, 9]
[0, 1, 3, 4, 5, 6]
[1, 2, 4, 5]
[0, 1, 3, 4, 6, 7, 8, 9]
[0, 1, 3, 4, 5, 6, 8, 10, 11]
[1, 2, 3, 4, 5, 6, 8, 9]
[0, 1, 3, 4, 5, 6]
[1, 2, 3, 5, 6, 7, 8, 9, 11]
[0, 1, 2, 3, 4, 6]
[0, 1, 2, 3, 4, 5, 7, 8]
[0, 1, 3, 4, 5, 6, 8, 10, 11]
[0, 1, 3, 4, 5, 6, 8, 10, 11]
[0, 1, 2, 3, 4, 5]
[0, 1, 2, 3, 4, 5]
[0, 1, 3]
[0, 1, 2, 4, 5, 6, 8, 9]
[0, 1, 3, 4, 5, 6, 8]
[0, 1, 3, 4, 5, 6, 7, 9]
[0, 1, 3, 4, 5, 6]
[0, 1, 2, 4, 5, 6, 7, 8, 10]
[0, 1, 2, 3, 4, 5, 6, 7, 8]
[0, 1, 2]
[0, 1, 2, 3, 4, 5]
[0, 2, 3, 5, 7, 10, 11, 12, 13, 14]
[0, 1, 2, 3, 4, 5, 6, 7]
[0, 1, 2, 3]
[0, 1, 2, 3, 4, 5, 6, 7]
[0, 1, 2, 3]
[0, 1, 3, 4, 5]
[0, 2, 3, 4, 6, 7]
[0, 1, 3, 4]
[0, 1, 3, 4, 5, 7, 8]
[0, 1, 2, 3, 4, 5, 6, 7]
[0, 1, 2, 3]
[0, 1, 3, 4, 5, 6, 8]
[0, 1, 3, 4]
[0, 1, 3, 4, 5, 6]
[0, 1, 2, 4, 5, 6, 7, 8, 10]
[0, 1, 3]
[0, 1, 2, 4, 6, 7]
[0, 1, 3, 4, 5]
[0, 2, 4, 5]
[0, 1, 3, 4, 5, 6, 8, 9, 11, 12]
[0, 1, 3, 4, 5, 6]
[0, 1, 2, 3, 5, 6, 8, 9, 10, 11]
[0, 1, 2, 3, 4, 6, 8]
[0, 1, 2, 3, 5, 7]
[0, 1, 3, 4, 5]
[0, 2, 4, 5]
[0, 1, 2, 3, 4, 5, 6, 7, 8]
[0, 1, 2]
[0, 1, 3, 4]
[0, 1, 3, 4, 6, 7]
[0, 1, 3, 4, 5, 6]
[0, 1, 2, 4, 5]
[0, 1, 2, 3, 4, 5, 6]
[0, 1, 2, 3, 4]
[0, 1, 3, 4, 5, 6]
[1, 2, 4, 5]
[1, 2, 3, 4, 5, 6, 8, 9]
[0, 1]
[0, 1, 2, 3, 5, 6, 8, 9]
[0, 1, 3, 4]
[0, 1, 3, 4, 6, 7]
[0, 1, 3]
[0, 2, 3, 4, 5]
[0, 1, 3, 4, 5]
[0, 2, 3, 5, 6]
[0, 1, 3, 4]
[0, 1, 3, 4, 6, 7]
[0, 1, 3, 4, 5, 6]
[0, 1, 3, 4]
[0, 1, 3, 4, 5]
[0, 2, 3, 4, 6, 7]
[1, 2, 3, 4, 5, 6, 8, 9]
[1, 2, 3, 4, 5, 6, 8, 9]
[1, 2, 3, 4, 5, 6, 8, 9]
[1, 2, 3, 4, 5, 6, 8, 9]
[0, 1, 2, 3, 4, 6, 8]
[0, 1, 2, 3, 4, 6, 7]
[0, 1, 3, 4, 5, 6]
[0, 1, 2, 3, 5, 6, 8, 9, 10, 11]
[0, 1, 2, 3, 4, 6]
[0, 1, 2, 3, 4, 6]
[0, 1, 2, 3, 4, 5, 6, 7, 8]
[0, 1, 2]
[0, 1, 3, 4, 5, 6]
[1, 2, 3, 5, 6]
[0, 1, 3, 4, 5]
[0, 2, 4, 5]
[0, 1, 2, 3, 4, 6, 8]
[0, 1, 2, 3, 5]
[0, 1, 3, 4, 5, 6, 8]
[1, 2]
[0, 1, 3]
[0, 1, 2, 4, 6, 7]
[1, 2, 3, 4, 5, 6, 8, 9]
[1]
[0, 1, 2, 3, 4, 6, 7]
[0, 1, 3, 4, 5, 6]
[1, 2, 3, 5, 6]
[1, 2, 3, 4, 5, 6, 8, 9]
[0, 1, 2, 3, 4, 6]
[1, 2, 3, 4, 5, 7]
[0, 1, 3, 4]
[1, 2, 3, 4]
[0, 1, 3, 4, 5]
[0, 2, 4, 5]
[0, 1, 2, 3, 4, 5, 6, 7]
[0, 1, 2, 3]
[1, 2, 3, 4, 5, 6, 8, 9]
[0, 1, 3]
[0, 2, 3, 4, 5]
[1, 2, 3, 4, 5, 6, 8, 9]
[1, 2, 3, 4, 5, 6, 8, 9]
[0, 1, 3]
[0, 1, 2, 4, 6, 7]
[0, 1, 2, 3, 4, 5, 6]
[0, 1, 2, 3, 4]
[0, 1, 2, 3, 4, 6, 8]
[0, 1, 2, 3, 5]
[0, 1, 3, 4, 5, 6]
[1, 2, 3, 4, 6, 7, 9, 10, 11, 12]
[0, 1, 3, 4, 5, 6]
[1, 3, 4]
[0, 1, 2, 3, 4, 6, 8]
[0, 1, 2, 3, 5, 7]
[0, 1, 3, 4, 5]
[0, 2, 3, 5, 6]
