0.8294774312004674
1
0.8810419210921813
1
0.817856481701642
1
0.9012096408580478
1
0.7595696743465309
1
0.7979565204345
1
0.8448342879073839
1
0.8025514664050213
1
0.8225136682795436
1
0.9170761494252874
1
0.8458799048931737
1
0.851774587044463
1
0.827967572227843
1
0.8966899066932463
1
0.8758408627358336
1
0.878679517260196
1
0.841444051724237
1
0.8449110343333545
1
0.8266945966380821
1
0.9211669770328988
1
0.9011282672514774
1
0.9128469685902119
1
0.8518014407399375
1
0.7593797221772212
1
0.8855983194144629
1
0.872762817320061
1
0.8432972946058207
1
0.9091976201233496
1
0.9477867172713184
1
0.9097773673804157
1
0.822110789942425
1
0.7601065049203914
1
0.8207252963207253
1
0.8146750599648059
1
0.7837540095439813
1
0.8073395316804408
1
0.8527876598404367
1
0.7686573146292585
1
0.7444075581659173
1
0.8447279790170745
1
0.8442865366623782
1
0.7727814598508213
1
0.8202304734195793
1
0.8332797500760591
1
0.8269544345944759
1
0.8354589602055474
1
0.8717325560410712
1
0.8536256659587707
1
0.8624738319058766
1
0.8345534854117399
1
0.7182278828968146
1
0.8743031312063958
1
0.8971205842405486
1
0.8621023772162808
1
0.82352866929721
1
0.9202252188149542
1
0.8600504567227374
1
0.8900287430930353
1
0.860120776329814
1
0.8887237326690643
1
0.9285475221893491
1
0.871105087859993
1
0.900577401459854
1
0.8553447359896339
1
0.7978644348044179
1
0.8551150292663839
1
0.8805523372779857
1
0.7858021022041062
1
0.9271168290606376
1
0.9126986439351686
1
0.8545976192730514
1
0.8153246235438208
1
0.8249315584361556
1
0.8877400722021661
1
0.8024292577316005
1
0.813301617010751
1
0.898992156871953
1
0.6447543976113773
1
0.8833732725262575
1
0.8685948800131492
1
0.905768628460537
1
0.7846751726510615
1
0.9134292537073828
1
0.8323203875465881
1
0.8785992750498667
1
0.8526068965517241
1
0.8627595944037992
1
0.7693205783153205
1
0.7672281548683622
1
0.9498175766598301
1
0.831940927206872
1
0.8550107773036173
1
0.8675678053740267
1
0.9057702718218795
1
0.7866514031026899
1
0.8742083692457197
1
0.8520712199287165
1
0.9052507481947228
1
0.8698503845080074
1
0.7987964712746781
