0.9522040486335754
1
0.8678279519081116
1
0.9407103657722473
1
0.8192729949951172
1
0.8166434168815613
1
0.7645308375358582
1
0.95329749584198
1
0.948675811290741
1
0.8514606952667236
1
0.9667853713035583
1
0.9756154417991638
1
0.9013194441795349
1
0.5916585922241211
1
0.9149936437606812
1
0.9720337986946106
1
0.968159019947052
1
0.8307226300239563
1
0.9653114676475525
1
0.857530951499939
1
0.9761165380477905
1
0.9603281021118164
1
0.928681492805481
1
0.916239321231842
1
0.9689797759056091
1
0.9602797031402588
1
0.8343101143836975
1
0.9691846370697021
1
0.7823983430862427
1
0.9401596188545227
1
0.09786804765462875
1
0.831249475479126
1
0.9391759634017944
1
0.8710929751396179
1
0.7643782496452332
1
0.854117214679718
1
0.6245686411857605
1
0.849895179271698
1
0.7924526333808899
1
0.8745101094245911
1
0.9066886305809021
1
0.08730856329202652
1
0.9766070246696472
1
0.8949090242385864
1
0.8486221432685852
1
0.9355737566947937
1
0.8541073799133301
1
0.8757301568984985
1
0.873626708984375
1
0.8938019275665283
1
0.9748526215553284
1
0.9744301438331604
1
0.9066495299339294
1
0.9643006920814514
1
0.8936656713485718
1
0.9779133200645447
1
0.9475973844528198
1
0.9367222189903259
1
0.7552881240844727
1
0.8752347826957703
1
0.9460024833679199
1
0.9728744626045227
1
0.9545194506645203
1
0.9608277082443237
1
0.9669883251190186
1
0.9634121656417847
1
0.9745678305625916
1
0.776435911655426
1
0.9670754671096802
1
0.8853936195373535
1
0.9833950996398926
1
0.8043013215065002
1
0.7675660252571106
1
0.869507372379303
1
0.9218088388442993
1
0.9074699878692627
1
0.6842392683029175
1
0.9489158987998962
1
0.8317074775695801
1
0.9754741191864014
1
0.9701631665229797
1
0.17561638355255127
1
0.850468099117279
1
0.9743390679359436
1
0.14928074181079865
1
0.6825624704360962
1
0.9556924700737
1
0.5101727843284607
1
0.819374144077301
1
0.9711567163467407
1
0.884784460067749
1
0.7735810279846191
1
0.9707823395729065
1
0.9204142689704895
1
0.7967833280563354
1
0.968106746673584
1
0.8668181896209717
1
0.010023229755461216
1
0.9813411235809326
1
0.9007774591445923
1
0.8881540894508362
