0.9529882073402405
1
0.8563615679740906
1
0.9454224109649658
1
0.8187758922576904
1
0.8551638126373291
1
0.749946653842926
1
0.9576998353004456
1
0.9416329860687256
1
0.817940354347229
1
0.9667853713035583
1
0.9745489954948425
1
0.9122413992881775
1
0.5837557911872864
1
0.9163996577262878
1
0.9699839949607849
1
0.9673570394515991
1
0.7682895064353943
1
0.9653114676475525
1
0.880243718624115
1
0.9761165380477905
1
0.9603281021118164
1
0.928681492805481
1
0.916239321231842
1
0.9689797759056091
1
0.9743458032608032
1
0.8631682991981506
1
0.9691846370697021
1
0.8767501711845398
1
0.9247207641601562
1
0.07397007197141647
1
0.7511501908302307
1
0.955307126045227
1
0.8580422401428223
1
0.6326041221618652
1
0.7846198678016663
1
0.6232225298881531
1
0.849895179271698
1
0.7694016695022583
1
0.8751910328865051
1
0.9263941049575806
1
0.08730856329202652
1
0.9840980172157288
1
0.8949090242385864
1
0.3830462098121643
1
0.9515296220779419
1
0.8675151467323303
1
0.8495765328407288
1
0.9159867763519287
1
0.8468376994132996
1
0.9766640067100525
1
0.9744301438331604
1
0.93755704164505
1
0.9707940220832825
1
0.9029660820960999
1
0.9779133200645447
1
0.954734206199646
1
0.9010701179504395
1
0.7330971360206604
1
0.8752347826957703
1
0.9460024833679199
1
0.9728744626045227
1
0.9545194506645203
1
0.9608277082443237
1
0.9669883251190186
1
0.9634121656417847
1
0.9745678305625916
1
0.7474998831748962
1
0.9670754671096802
1
0.9084828495979309
1
0.9836264252662659
1
0.814860999584198
1
0.811312198638916
1
0.875343918800354
1
0.9247162938117981
1
0.9327433705329895
1
0.70183926820755
1
0.9486658573150635
1
0.8106544613838196
1
0.9754741191864014
1
0.9701631665229797
1
0.17561638355255127
1
0.8448813557624817
1
0.9583051800727844
1
0.33446308970451355
1
0.7120891213417053
1
0.9556924700737
1
0.49139490723609924
1
0.8334401249885559
1
0.9712618589401245
1
0.925304114818573
1
0.8488503098487854
1
0.9729394316673279
1
0.9285122752189636
1
0.8266658186912537
1
0.968106746673584
1
0.8750911355018616
1
0.010931541211903095
1
0.9813411235809326
1
0.9007774591445923
1
0.8881540894508362
