0.9537003636360168
1
0.8966742157936096
1
0.9595423340797424
1
0.8572311997413635
1
0.8551638126373291
1
0.8230368494987488
1
0.9676036834716797
1
0.934077799320221
1
0.817940354347229
1
0.7624059915542603
1
0.9725740551948547
1
0.9425899982452393
1
0.6068910360336304
1
0.9163996577262878
1
0.9666218161582947
1
0.9673570394515991
1
0.8816344141960144
1
0.9538007378578186
1
0.8786936402320862
1
0.9761165380477905
1
0.9603281021118164
1
0.9374452829360962
1
0.8796927332878113
1
0.9701859354972839
1
0.9743458032608032
1
0.8357380032539368
1
0.9791441559791565
1
0.9137718081474304
1
0.9266303777694702
1
0.5929519534111023
1
0.7511501908302307
1
0.9521533250808716
1
0.8816981315612793
1
0.6326041221618652
1
0.7846198678016663
1
0.66871178150177
1
0.849895179271698
1
0.6873258948326111
1
0.8751910328865051
1
0.9263941049575806
1
0.045829951763153076
1
0.9840980172157288
1
0.9123228788375854
1
0.3830462098121643
1
0.9515296220779419
1
0.8675151467323303
1
0.8535742163658142
1
0.9159867763519287
1
0.8468376994132996
1
0.9826107621192932
1
0.9782636761665344
1
0.93755704164505
1
0.968949556350708
1
0.9029660820960999
1
0.945205569267273
1
0.9507178664207458
1
0.9010701179504395
1
0.7355347871780396
1
0.868699312210083
1
0.9460024833679199
1
0.9808101058006287
1
0.9545194506645203
1
0.9313479065895081
1
0.9630522727966309
1
0.9634121656417847
1
0.9712786078453064
1
0.7879972457885742
1
0.9547774791717529
1
0.9056770205497742
1
0.9275553226470947
1
0.8030955195426941
1
0.8021335601806641
1
0.8832345008850098
1
0.9356737732887268
1
0.9327433705329895
1
0.70183926820755
1
0.9486658573150635
1
0.7708284258842468
1
0.9754741191864014
1
0.9701631665229797
1
0.17575733363628387
1
0.8548120260238647
1
0.9583051800727844
1
0.38357463479042053
1
0.7120891213417053
1
0.9576284885406494
1
0.49139490723609924
1
0.8144834637641907
1
0.8190866708755493
1
0.925304114818573
1
0.900016188621521
1
0.9729394316673279
1
0.9282817244529724
1
0.8266658186912537
1
0.9659904837608337
1
0.8723648190498352
1
0.01756383292376995
1
0.9813411235809326
1
0.9628733992576599
1
0.8881540894508362
