8.825295448303223
6.009240627288818
8.84083080291748
8.257963180541992
12.975032806396484
8.451951026916504
13.065892219543457
7.807002067565918
15.786505699157715
5.89100456237793
12.704656600952148
7.115841388702393
12.30419635772705
6.043849468231201
15.999927520751953
8.258766174316406
13.635017395019531
10.886153221130371
8.48913860321045
7.761663913726807
12.648499488830566
7.061099529266357
14.646316528320312
8.274592399597168
8.565810203552246
6.4513702392578125
15.766355514526367
6.524585723876953
15.416971206665039
8.21280574798584
8.717211723327637
4.855974197387695
12.531176567077637
6.686278343200684
10.723882675170898
6.511687278747559
24.933279037475586
6.216556549072266
14.1865234375
9.481203079223633
10.389501571655273
8.096708297729492
11.029345512390137
5.83878755569458
8.50504207611084
4.432560443878174
11.422197341918945
5.848649978637695
15.263318061828613
8.93950080871582
12.991630554199219
6.685719013214111
10.886122703552246
7.059077262878418
7.880062103271484
6.124563694000244
18.5820369720459
7.639516353607178
8.554640769958496
6.344601631164551
6.179952621459961
6.270656108856201
12.986220359802246
7.306758880615234
13.689886093139648
7.840413570404053
12.687236785888672
5.959746360778809
13.4537992477417
6.122744083404541
9.417684555053711
4.7028422355651855
13.9854097366333
6.712172508239746
11.679146766662598
6.231795310974121
14.485551834106445
6.564035892486572
13.48647689819336
4.922730445861816
8.038159370422363
6.826627731323242
13.54309368133545
4.8322248458862305
10.96603012084961
16.717859268188477
14.642126083374023
10.047924995422363
18.382633209228516
10.247299194335938
13.384557723999023
5.18278694152832
14.746527671813965
5.216965675354004
9.784279823303223
5.289456844329834
14.607732772827148
7.980278015136719
10.176265716552734
6.929378986358643
14.748647689819336
5.9608893394470215
13.003213882446289
8.343963623046875
9.098593711853027
6.453220844268799
17.031131744384766
14.794145584106445
10.263466835021973
6.347158908843994
11.567151069641113
5.698217391967773
10.680890083312988
6.884890079498291
15.911709785461426
8.900639533996582
12.408193588256836
8.215031623840332
13.483711242675781
6.3386383056640625
13.035754203796387
10.095837593078613
10.067383766174316
6.802376747131348
11.111233711242676
7.025599479675293
20.61271858215332
9.49012565612793
14.155243873596191
12.325348854064941
13.14758586883545
8.79379653930664
11.550962448120117
6.10260009765625
15.390151023864746
7.554561138153076
9.57801342010498
5.714095115661621
11.64405345916748
8.938239097595215
13.534249305725098
6.454928398132324
9.248537063598633
7.066961765289307
12.329580307006836
5.46801233291626
11.996004104614258
4.406427383422852
14.274336814880371
5.60203218460083
6.3235602378845215
6.873280048370361
10.277142524719238
4.98524808883667
16.39533233642578
7.453275680541992
15.451292037963867
6.574638843536377
13.941438674926758
9.786388397216797
14.532764434814453
6.571813106536865
8.010860443115234
6.305637836456299
19.561464309692383
8.409603118896484
49.50292205810547
8.772866249084473
20.132843017578125
7.947376728057861
8.116286277770996
6.243895530700684
8.898006439208984
6.527649879455566
14.899921417236328
6.864447116851807
18.241180419921875
6.408421516418457
13.921150207519531
8.676225662231445
13.766805648803711
6.663191318511963
13.71357536315918
5.708519458770752
16.370534896850586
6.860477924346924
10.151455879211426
7.947704792022705
15.870086669921875
6.122264385223389
19.771570205688477
7.677376747131348
13.299270629882812
8.117027282714844
14.123041152954102
7.070626258850098
15.989517211914062
8.222301483154297
9.277881622314453
6.565037727355957
