0.9705960750579834
1
0.9921678379178047
1
0.9415587442261832
1
0.9683294466563633
1
0.977358857790629
1
0.9667982359727224
1
0.9800104399522146
1
0.8289796942844987
1
0.9390251977103097
1
0.867513868957758
1
0.9701743296214512
1
0.8338935292429395
1
0.9084584514300028
1
0.9804514845212301
1
0.950045508997781
1
0.767076483139625
1
0.9870069689220853
1
0.9726752460002899
1
0.7960299989208579
1
0.9867068603634834
1
0.9247636596361796
1
0.9579160869121551
1
0.9579753056168556
1
0.97134929895401
1
0.986363098025322
1
0.9851657226681709
1
0.9920360190527779
1
0.8937328934669495
1
0.8278516406814257
1
0.9888513304970481
1
0.9651863111390008
1
0.9925742298364639
1
0.981991117199262
1
0.9256320476531983
1
0.9761065244674683
1
0.9431149108069283
1
0.9413718147711321
1
0.9126668334007263
1
0.7994136312468485
1
0.9827366232872009
1
0.919197448839744
1
0.8865732087029351
1
0.9076498627662659
1
0.9685180068016053
1
0.9624769199978221
1
0.7201286653677622
1
0.8501921892166138
1
0.9250538349151611
1
0.9213244915008545
1
0.9931454434990883
1
0.896832161479526
1
0.9535850797380719
1
0.9680733442306518
1
0.9260075173594735
1
0.992255799472332
1
0.9044507841269175
1
0.9239900968968868
1
0.9783894750807021
1
0.8872376680374146
1
0.8202502859963311
1
0.7549877822399139
1
0.7645737919956446
1
0.9611085142408099
1
0.9189794148717608
1
0.8743421783049902
1
0.9861883878707886
1
0.9820688366889954
1
0.82259301841259
1
0.8275906925222704
1
0.988560363650322
1
0.9864424586296081
1
0.8864244123299917
1
0.9623017728328704
1
0.9818592667579651
1
0.9299301008383433
1
0.9840118722482161
1
0.943034291267395
1
0.8295959333578745
1
0.9882975731577192
1
0.930665502945582
1
0.9925240022795541
1
0.9917941093444824
1
0.8447490092366934
1
0.7063373327255249
1
0.963634192943573
1
0.8645706877112389
1
0.9853860802120633
1
0.8069299906492233
1
0.9906474153200785
1
0.9824954697063991
1
0.9743480980396271
1
0.9223534166812897
1
0.7529311999678612
1
0.8601014220288822
1
0.9729040728674995
1
0.8620084928614753
1
0.8521651242460523
1
0.979451921251085
1
0.9363763133684794
1
0.9894451300303141
1
