0.8865905387579855
1
0.83352052019387
1
0.8451275862068965
1
0.8627825995965562
1
0.8386323555465724
1
0.8057462563443686
1
0.8592169797671195
1
0.791104445788117
1
0.8420118343195266
1
0.8782215485477147
1
0.8183015141540488
1
0.8121762540211603
1
0.830889854368551
1
0.8372851399961508
1
0.7900955396399635
1
0.8510469984037072
1
0.8340497299671344
1
0.8771082859243777
1
0.7808928004968148
1
0.8567978759853843
1
0.8466834524583065
1
0.9179982863963482
1
0.8771532195556755
1
0.8149117374910639
1
0.8447829545454546
1
0.8651323272883982
1
0.831594358448764
1
0.8800999905558528
1
0.7233920181277574
1
0.808428623208481
1
0.9041143501888816
1
0.8711772730509713
1
0.798770641246028
1
0.8692161948218543
1
0.8801860465116279
1
0.859406225019984
1
0.8274994767955496
1
0.8408435446802159
1
0.8628754100691189
1
0.8175943445900916
1
0.8508198149096347
1
0.8398387818692009
1
0.7346378150545833
1
0.868469577480485
1
0.8920028800176588
1
0.7674658
1
0.7732193551905844
1
0.8823882955727189
1
0.847498108282958
1
0.8587539908608709
1
0.8217389691218894
1
0.8305258637144494
1
0.8618339747150648
1
0.7983557840393918
1
0.9535958541269357
1
0.8570322992204003
1
0.8346961125596424
1
0.9018007497116493
1
0.8227133958562424
1
0.8503981524423109
1
0.8421157966612514
1
0.9187901049075641
1
0.873897844657584
1
0.7956422246542634
1
0.7661464150124838
1
0.8503542805494256
1
0.8540326102197382
1
0.8398263461202717
1
0.8902149681528663
1
0.8916904554378671
1
0.8513848078228754
1
0.8757493449401434
1
0.8351400259671868
1
0.8241108190693216
1
0.8785510524964703
1
0.9306251311671367
1
0.8656881295659793
1
0.8620022124872783
1
0.8292923998769409
1
0.8976577193594802
1
0.8229777502717064
1
0.9235279073266135
1
0.8606650601324265
1
0.8433642833314801
1
0.8151190352607357
1
0.8876867422999815
1
0.8227667870493367
1
0.8833950608918648
1
0.8147255346870487
1
0.8335687516581148
1
0.8743018434758771
1
0.8842485963251537
1
0.8518013319425499
1
0.8950572193815437
1
0.7621043083900226
1
0.7735346764218244
1
0.8112467447438807
1
0.9093838911881182
1
0.802380804707222
1
0.915072441587593
1
