0.9885453462600708
0.9999999701976776
0.981966495513916
0.9999999761581421
0.9892112868172782
0.9999999602635702
0.9900474803788322
0.9999999602635702
0.9874450167020162
0.9999999925494194
0.9888486961523691
0.9999999523162841
0.992576946814855
0.9999999165534973
0.9871208667755127
1.0000000066227384
0.9844452823911395
0.9999999105930328
0.9922342076897621
1.0000000099341075
0.9819743718419757
0.9999999880790711
0.9864836004045274
0.9999999536408318
0.9814485212167104
0.9999999850988388
0.9907573991351657
0.9999999744551522
0.9783995236669268
0.9999999403953552
0.988808104625115
0.9999999891627919
0.987551728884379
0.9999999602635702
0.9835433483123779
0.9999999668863084
0.9806452766060829
0.999999980131785
0.980729803442955
0.9999999642372132
0.9912704759173923
0.999999980131785
0.9919110536575317
0.9999999523162841
0.989242747426033
0.9999999744551522
0.9859482049942017
0.9999999744551522
0.9877843856811523
1.0
0.9872128367424011
0.9999999900658926
0.9894357408796038
1.0000000216744163
0.9888213455677033
0.9999999701976776
0.9808168411254883
0.9999999950329462
0.9860322312875227
0.9999999867545234
0.9903615580664741
0.9999999503294627
0.9879581555724144
0.9999999536408318
0.9848925024271011
0.9999999668863084
0.990123188495636
0.9999999821186065
0.9879708811640739
0.9999999620697715
0.9910450918333871
0.9999999701976776
0.9898847558281638
0.999999980131785
0.9911030769348145
0.9999999318804059
0.990248441696167
0.9999999925494194
0.9862831413745881
0.9999999761581421
0.9887828826904297
0.9999999403953552
0.9883632991049025
0.9999998807907104
0.9791030824184418
0.9999999271498786
0.9935214817523956
0.9999999776482582
0.9917474876750599
1.0000000066227384
0.9849890271822611
0.9999999602635702
0.9865471766545222
1.0000000149011612
0.9901828340121678
0.9999999701976776
0.9892727902957371
0.9999999900658926
0.989205077290535
0.999999925494194
0.9905863536728753
0.9999999552965164
0.9915955747876849
1.0
0.9927036762237549
0.9999999701976776
0.979085385799408
0.9999999602635702
0.9962933585047722
0.999999980131785
0.9886328180631002
0.999999980131785
0.9851389676332474
0.9999999950329462
0.9889497293366326
0.9999999850988388
0.9930925766626993
0.9999999503294627
0.9893980556064181
0.9999999503294627
0.9837437272071838
0.9999999925494194
0.9930528327822685
0.9999999503294627
0.990468042237418
0.999999962747097
0.97809408392225
0.9999999602635702
0.9870185256004333
0.9999999602635702
0.9869433820247651
0.9999999642372132
0.9882598891854286
0.9999999701976776
0.9846047929355076
0.9999999403953552
0.9937802127429417
0.9999999403953552
0.9911850914359093
0.9999999744551522
0.9895390033721924
0.9999999503294627
0.9921214779218038
1.0000000536441802
0.9855990707874298
0.9999999821186065
0.9845202744007111
1.0000000529819064
0.9904745552274916
1.0000000149011612
0.9934925111857328
0.9999999478459358
0.9922606572508812
0.9999999536408318
0.9863164226214091
0.9999999914850507
0.9877704467092242
1.0
0.9901230533917745
0.9999999867545234
0.9879684448242188
0.9999999403953552
0.9951361020406088
0.9999999701976776
0.9908589646220207
0.9999999821186065
0.98248291015625
0.9999999925494194
0.9909086738313947
0.9999999744551522
0.9868672966957093
0.9999999403953552
0.9865354829364352
1.0
0.9887742598851522
0.9999999900658926
0.9718824823697408
1.0000000223517418
0.9851228850228446
0.9999999642372132
0.9909375160932541
1.0000000596046448
0.9935418248176575
0.9999999523162841
0.9918576925992966
0.9999999744551522
0.9889150006430489
0.9999999701976776
0.9892486532529196
0.999999965940203
0.9863433752741132
0.9999999403953552
0.9845572113990784
1.0
0.9907553195953369
1.0000000223517418
0.980961412191391
1.0000000085149492
0.9931629829936557
0.9999999850988388
