-1.179559350013733
-0.641997218132019
-1.119171380996704
-0.9735278487205505
-0.9229570627212524
-0.6768166422843933
-1.1939690113067627
-0.6544187664985657
-1.2517216205596924
-0.5167133808135986
-1.0491704940795898
-0.6386056542396545
-1.0336410999298096
-1.3241970539093018
-1.237009882926941
-0.7031189799308777
-1.2715015411376953
-0.8431581854820251
-0.8544082641601562
-0.7050905823707581
-1.284639835357666
-0.6795895099639893
-1.2354639768600464
-0.59930020570755
-1.0611381530761719
-0.6373428106307983
-1.0406171083450317
-0.7009038329124451
-1.242802381515503
-0.6738395094871521
-1.0904572010040283
-0.5678370594978333
-0.9995490312576294
-0.6868445873260498
-1.075255274772644
-0.704682469367981
-1.4793808460235596
-0.6328862905502319
-1.2903045415878296
-0.6029441952705383
-1.026128888130188
-0.6193656325340271
-0.9323640465736389
-0.6871916055679321
-0.9668376445770264
-0.661004364490509
-1.2647545337677002
-0.6085343956947327
-1.1690869331359863
-0.6500390768051147
-1.2169404029846191
-0.6776161193847656
-1.053558111190796
-0.6812624335289001
-0.9799935817718506
-0.5989639759063721
-1.5802136659622192
-0.5837999582290649
-1.2373422384262085
-0.6336560845375061
-1.079606056213379
-0.6380700469017029
-1.169215202331543
-0.6936982870101929
-1.203293800354004
-0.6543051600456238
-1.0010714530944824
-0.591211199760437
-1.2015657424926758
-0.6217813491821289
-1.2132312059402466
-0.657075047492981
-0.9793692231178284
-0.6328676342964172
-1.1890844106674194
-0.6358214020729065
-0.904964029788971
-0.612842321395874
-1.2521369457244873
-0.5293601155281067
-1.1824167966842651
-0.7657023072242737
-1.1318893432617188
-0.6960323452949524
-1.4757570028305054
-0.7298951745033264
-1.0427573919296265
-0.6718807220458984
-1.2369064092636108
-0.671750009059906
-1.2437357902526855
-0.6242236495018005
-1.199591875076294
-0.6374092102050781
-1.207982063293457
-0.5436328053474426
-1.1615711450576782
-0.7398914098739624
-0.9145894646644592
-0.6485152840614319
-0.9994772672653198
-0.6840552091598511
-1.6929352283477783
-0.7553495168685913
-0.9701510071754456
-0.6591301560401917
-1.3550362586975098
-1.0697025060653687
-0.6594734191894531
-0.6607109904289246
-1.178692102432251
-0.5234352350234985
-1.0878244638442993
-0.5541679263114929
-0.9217613935470581
-0.6790229678153992
-0.8458078503608704
-0.6959201693534851
-1.1735374927520752
-0.7264999747276306
-1.1597278118133545
-0.617896556854248
-2.6429853439331055
-0.6543739438056946
-0.9540366530418396
-0.7297191619873047
-1.434572696685791
-0.8282110691070557
-1.1886850595474243
-0.866659939289093
-1.258034348487854
-0.6775814890861511
-1.1450806856155396
-0.7125311493873596
-1.2163552045822144
-0.6123006939888
-0.9119296073913574
-0.63002610206604
-1.011877417564392
-0.6827519536018372
-1.1446704864501953
-0.6096747517585754
-0.9590992331504822
-0.6836760640144348
-1.0917487144470215
-0.681999683380127
-1.212808609008789
-0.7174480557441711
-1.0570013523101807
-0.6563923954963684
-0.8601589798927307
-0.6212518215179443
-1.0090142488479614
-0.60474693775177
-1.213778018951416
-0.5892156958580017
-1.2941968441009521
-0.6794116497039795
-0.8435052037239075
-0.5963436365127563
-1.1666128635406494
-0.6655495166778564
-0.8526043891906738
-0.8374202251434326
-1.0173362493515015
-0.642103910446167
-1.7752416133880615
-0.6883940100669861
-1.1642361879348755
-0.6304146647453308
-0.9225997924804688
-0.5960665941238403
-0.9963502287864685
-0.8133888840675354
-1.005133032798767
-0.6631643772125244
-1.7681833505630493
-0.6025110483169556
-1.1775702238082886
-0.7464402318000793
-1.082962155342102
-0.6226921677589417
-0.908240020275116
-0.6726465821266174
-1.1744654178619385
-0.5499361753463745
-1.0952194929122925
-0.6040506362915039
-2.1186869144439697
-0.6374703049659729
-1.3458913564682007
-0.6399375200271606
-1.2147868871688843
-0.6609265208244324
-1.028700351715088
-0.6374503970146179
-1.253311038017273
-0.6260124444961548
-0.9898200035095215
-0.6543456315994263
