0.9000091513250489
1
0.8601351193398321
1
0.9240268602172013
1
0.9147654196258546
1
0.8738244290083756
1
0.8768237934904601
1
0.9194781454079334
1
0.8483257709656311
1
0.8928113397347965
1
0.9316111427537599
1
0.8553158602150539
1
0.8971733664160054
1
0.8556474516017363
1
0.902376379647179
1
0.8472072978069206
1
0.9383579400763761
1
0.8872839110948505
1
0.9069316379240455
1
0.8660118723657398
1
0.8992867815190563
1
0.9085961336566718
1
0.9541271608080146
1
0.9137614678899083
1
0.8596786751064379
1
0.9193019010405842
1
0.9095226142510158
1
0.8745630268866496
1
0.9015337024565766
1
0.8020931064991106
1
0.8652797205657399
1
0.9301836382599421
1
0.9094973849890938
1
0.865990214633384
1
0.9251963782846273
1
0.9185987191624965
1
0.8895952956677322
1
0.9053649210778344
1
0.896750602133231
1
0.929156808848075
1
0.8767536475869809
1
0.8712121279641213
1
0.8975131363724099
1
0.7940648550905351
1
0.9079565788824748
1
0.9392166894502548
1
0.8254610916388716
1
0.8624494258344737
1
0.9122732426303856
1
0.897998595505618
1
0.889845281285544
1
0.9077210375358524
1
0.8965169911288106
1
0.9057056378612093
1
0.8373049314207178
1
0.9827249134914093
1
0.8933124326284683
1
0.872649312670765
1
0.940749228669752
1
0.9287813299583738
1
0.8994719457013575
1
0.8701124156718159
1
0.9624674586175488
1
0.9369598197007859
1
0.8450221067775462
1
0.8553010625672691
1
0.8850819761227561
1
0.8910746639934655
1
0.8624657706878367
1
0.942355728296725
1
0.917436836577359
1
0.9078610804829078
1
0.9211199800226947
1
0.8672732543106568
1
0.8762925422128137
1
0.8916374720998504
1
0.9526873158500011
1
0.9185366855331543
1
0.8787508228221209
1
0.9051680328152704
1
0.9489811533052039
1
0.8668169437400206
1
0.9345305629364875
1
0.9165579830304477
1
0.8433642833314801
1
0.8874510512126401
1
0.9300442901923699
1
0.8678946940712358
1
0.9211632135016465
1
0.8363295658587583
1
0.9022893552586889
1
0.9427281994534741
1
0.932251137889044
1
0.9021655794990612
1
0.9327055765957774
1
0.8232813586975561
1
0.8495633568971958
1
0.9041232970964633
1
0.9358185334974504
1
0.8602008016292786
1
0.9489884826860308
1
