7.860678672790527
6.009240627288818
8.616283416748047
8.257963180541992
10.2036771774292
8.451951026916504
10.523271560668945
7.807002067565918
13.841756820678711
5.89100456237793
9.436609268188477
7.115841388702393
10.157564163208008
6.043849468231201
12.555699348449707
8.258766174316406
12.326432228088379
10.886153221130371
6.188255310058594
7.761663913726807
10.906128883361816
7.061099529266357
11.567377090454102
8.274592399597168
7.985100269317627
6.4513702392578125
11.49673843383789
6.524585723876953
12.21672248840332
8.21280574798584
6.277348518371582
4.855974197387695
9.699947357177734
6.686278343200684
8.982978820800781
6.511687278747559
14.760565757751465
6.216556549072266
12.855690002441406
9.481203079223633
7.646727085113525
8.096708297729492
8.892865180969238
5.83878755569458
8.080490112304688
4.432560443878174
10.043709754943848
5.848649978637695
11.62036418914795
8.93950080871582
9.5302095413208
6.685719013214111
9.23088264465332
7.059077262878418
7.143549919128418
6.124563694000244
14.227054595947266
7.639516353607178
6.756463527679443
6.344601631164551
5.871477127075195
6.270656108856201
10.174181938171387
7.306758880615234
10.473590850830078
7.840413570404053
9.204183578491211
5.959746360778809
11.657608985900879
6.122744083404541
8.985763549804688
4.7028422355651855
8.986361503601074
6.712172508239746
9.013772010803223
6.231795310974121
9.24569320678711
6.564035892486572
10.032511711120605
4.922730445861816
5.997791290283203
6.826627731323242
10.354392051696777
4.8322248458862305
9.835741996765137
10.420251846313477
11.85311222076416
10.047924995422363
16.335384368896484
10.247299194335938
9.725688934326172
5.18278694152832
10.666070938110352
5.216965675354004
8.264473915100098
5.289456844329834
11.040349960327148
7.980278015136719
8.56508731842041
6.929378986358643
10.489554405212402
5.9608893394470215
9.685832023620605
8.343963623046875
6.748934268951416
6.453220844268799
15.039670944213867
14.794145584106445
9.071721076965332
6.347158908843994
8.42062759399414
5.698217391967773
9.0962495803833
6.884890079498291
13.394518852233887
7.9804511070251465
7.241535663604736
8.215031623840332
9.680744171142578
6.3386383056640625
11.529043197631836
10.095837593078613
8.19726848602295
6.802376747131348
7.84093713760376
7.025599479675293
17.81113624572754
9.49012565612793
9.666568756103516
12.325348854064941
10.60966968536377
8.79379653930664
10.489864349365234
6.10260009765625
13.422737121582031
7.554561138153076
8.859111785888672
5.714095115661621
10.721091270446777
8.938239097595215
8.783995628356934
6.454928398132324
7.264109134674072
7.066961765289307
9.290396690368652
5.46801233291626
9.13257122039795
4.406427383422852
13.477071762084961
5.60203218460083
5.8665595054626465
6.873280048370361
8.40450382232666
4.98524808883667
14.036059379577637
7.453275680541992
11.613419532775879
6.574638843536377
12.439496994018555
9.786388397216797
11.603079795837402
6.571813106536865
7.61830472946167
6.305637836456299
13.497464179992676
8.409603118896484
28.631486892700195
8.772866249084473
15.221911430358887
7.947376728057861
6.682332992553711
6.243895530700684
7.346238613128662
6.527649879455566
10.466900825500488
6.864447116851807
15.33224105834961
6.408421516418457
10.384554862976074
8.676225662231445
9.320556640625
6.663191318511963
12.068340301513672
5.708519458770752
10.63869571685791
6.860477924346924
8.464070320129395
7.947704792022705
11.388936996459961
6.122264385223389
13.21241283416748
7.677376747131348
9.987054824829102
8.117027282714844
12.725361824035645
7.070626258850098
11.27628231048584
8.222301483154297
7.591430187225342
6.565037727355957
