0.9937020540237427
1.0
0.9852038621902466
1.000000238418579
0.992480993270874
0.9999998807907104
0.9972054362297058
1.000000238418579
0.9948445558547974
1.0000001192092896
0.9911482930183411
1.0000001192092896
0.9983006119728088
1.000000238418579
0.996246874332428
1.0000001192092896
0.9543638229370117
1.000000238418579
0.9855248928070068
1.0
0.9711083173751831
1.0
0.9935897588729858
1.0000001192092896
0.9581548571586609
1.0000001192092896
0.991238534450531
1.000000238418579
0.9917862415313721
0.9999998211860657
0.9934371113777161
1.0000001192092896
0.9705247282981873
1.0
0.9797403216362
1.000000238418579
0.957183301448822
0.9999998807907104
0.9574506282806396
1.0
0.9930922389030457
1.0
0.992107629776001
0.9999998807907104
0.9873464703559875
0.9999995231628418
0.9952029585838318
0.9999996423721313
0.9869911670684814
1.0000001192092896
0.991012454032898
1.0000001192092896
0.981035590171814
1.0
0.994305431842804
0.9999998807907104
0.9640111327171326
1.000000238418579
0.9944862127304077
1.000000238418579
0.9962984919548035
0.9999997019767761
0.9099820852279663
1.0000001192092896
0.9786799550056458
0.9999998807907104
0.9941577315330505
1.0000001192092896
0.9892195463180542
1.000000238418579
0.9976946711540222
1.0000001192092896
0.98117995262146
1.0
0.9966989755630493
1.0000001192092896
0.9860988259315491
0.9999997615814209
0.9699074625968933
0.9999998807907104
0.9932293891906738
1.0
0.9951018691062927
0.9999998807907104
0.9851313829421997
1.0000001192092896
0.9966037273406982
0.9999998807907104
0.9983941316604614
1.0000001192092896
0.9641379117965698
0.9999998807907104
0.954674482345581
1.000000238418579
0.997604250907898
1.000000238418579
0.9972155094146729
1.0
0.9931045770645142
1.0
0.9904518127441406
1.000000238418579
0.9827964305877686
0.9999998807907104
0.9965094923973083
1.000000238418579
0.9933499693870544
0.9999997615814209
0.9991902112960815
0.9999994039535522
0.9970481395721436
1.000000238418579
0.9716209173202515
0.9999997615814209
0.9920700788497925
1.000000238418579
0.998177707195282
1.0000001192092896
0.9970734119415283
1.000000238418579
0.991684079170227
1.000000238418579
0.9990940093994141
0.9999997615814209
0.9946544170379639
1.0000004768371582
0.9830366969108582
0.9999998807907104
0.9774997234344482
1.000000238418579
0.9930566549301147
1.000000238418579
0.9831525087356567
1.0000001192092896
0.958881676197052
1.0
0.9981780052185059
1.0
0.996274471282959
1.0
0.9983994364738464
0.9999998211860657
0.9960622787475586
0.9999996423721313
0.9767422080039978
0.9999998807907104
0.9478771686553955
1.0000001192092896
0.9936304092407227
0.9999997615814209
0.9963260889053345
0.9999998807907104
0.9976766705513
1.0000001192092896
0.9842277765274048
0.9999999403953552
0.9944123029708862
1.0000003576278687
0.9993389844894409
1.0000003576278687
0.998295783996582
0.9999998807907104
0.9887641668319702
1.0
0.9938088655471802
1.000000238418579
0.9966604709625244
0.9999998807907104
0.9959276914596558
1.000000238418579
0.9919576644897461
1.0000001192092896
0.9784594178199768
1.0
0.9969714879989624
1.0
0.9909207224845886
0.9999997615814209
0.9928458333015442
0.9999995827674866
0.9971582889556885
0.9999997615814209
0.9979439377784729
0.9999998211860657
0.9850702881813049
0.9999998807907104
0.9979273080825806
1.0000003576278687
0.9932756423950195
1.0
0.9827252626419067
0.9999998807907104
0.9931348562240601
0.9999998211860657
0.9791364669799805
1.000000238418579
0.9809328317642212
1.000000238418579
0.9981940984725952
1.000000238418579
