0.9926384389400482
1
0.9925155788660049
1
0.9926985502243042
1
0.9730590837342399
1
0.9807411167356703
1
0.9884148240089417
1
0.9922610024611155
1
0.9928436179955801
1
0.903699449130467
1
0.9705240577459335
1
0.9747516172272819
1
0.7893240025473965
1
0.9798678358395895
1
0.9717633856667413
1
0.937645435333252
1
0.98620939713258
1
0.9872775077819824
1
0.990180492401123
1
0.9835545644164085
1
0.9884628877043724
1
0.9579740630255805
1
0.9761491775512695
1
0.9610477462410927
1
0.9580874592065811
1
0.9941623583436012
1
0.9925096333026886
1
0.9942020177841187
1
0.9338835000991821
1
0.8319706444938978
1
0.9927503737536344
1
0.9816649887296889
1
0.9927546977996826
1
0.9829149295886358
1
0.97413729429245
1
0.9882019460201263
1
0.9458587510245187
1
0.9875775684009899
1
0.9898218512535095
1
0.9099378016862002
1
0.986927843093872
1
0.993354265888532
1
0.9011522067917718
1
0.9331215202808381
1
0.9634072124958039
1
0.9922373999248851
1
0.9769656856854757
1
0.9059019409693204
1
0.9940981013434274
1
0.9902755107198443
1
0.9940902814269066
1
0.9017670353253683
1
0.9683549744742257
1
0.9931277871131897
1
0.947214500470595
1
0.9935431182384491
1
0.9825090567270914
1
0.9873033314943314
1
0.9868704146809049
1
0.9928165376186371
1
0.8945616583029429
1
0.7394746124744416
1
0.9814335852861404
1
0.9803573659488133
1
0.9137514574187142
1
0.9909808768166436
1
0.9890151619911194
1
0.9865841865539551
1
0.8234513934169497
1
0.9940124494688851
1
0.99140565097332
1
0.9932626366615296
1
0.9082788228988647
1
0.9715201914310455
1
0.9882821261882782
1
0.9922679331567552
1
0.986507074399428
1
0.9448000863194466
1
0.8531233767668406
1
0.9916494573865619
1
0.9241915245850881
1
0.9916901247841972
1
0.9928303758303324
1
0.9597039073705673
1
0.9909162521362305
1
0.9901511413710458
1
0.9934462785720826
1
0.9832878046565585
1
0.8534358491500219
1
0.9909534951051077
1
0.9811986855098179
1
0.9858789592981339
1
0.9937044858932496
1
0.7656797915697098
1
0.9937551617622375
1
0.9832821620835198
1
0.8563154052410807
1
0.9875707200595311
1
0.9850684271918403
1
0.9860677520434061
1
0.9903343054983351
1
