-0.92116379737854
-0.641997218132019
-0.891776442527771
-0.9735278487205505
-0.7924363613128662
-0.6768166422843933
-1.0331010818481445
-0.6544187664985657
-0.9353528022766113
-0.5167133808135986
-0.775327205657959
-0.6386056542396545
-0.984001100063324
-1.3241970539093018
-0.8742110133171082
-0.7031189799308777
-0.9166481494903564
-0.8431581854820251
-0.6618082523345947
-0.7050905823707581
-1.0700018405914307
-0.6795895099639893
-0.8660082221031189
-0.59930020570755
-0.8160794377326965
-0.6373428106307983
-0.8313493132591248
-0.7009038329124451
-0.8116223812103271
-0.6738395094871521
-0.8291099071502686
-0.5678370594978333
-0.7364303469657898
-0.6868445873260498
-0.8101721405982971
-0.704682469367981
-1.0331019163131714
-0.6328862905502319
-0.8750712871551514
-0.6029441952705383
-0.7100456357002258
-0.6193656325340271
-0.7449306845664978
-0.6871916055679321
-0.7616559267044067
-0.661004364490509
-0.9881346821784973
-0.6085343956947327
-0.8723183274269104
-0.6500390768051147
-0.8464804887771606
-0.6776161193847656
-0.7522366046905518
-0.6812624335289001
-0.7658630013465881
-0.5989639759063721
-1.0619624853134155
-0.5837999582290649
-0.8363179564476013
-0.6336560845375061
-0.6958168745040894
-0.6380700469017029
-0.826991617679596
-0.6936982870101929
-0.8045881986618042
-0.6543053984642029
-0.7141435146331787
-0.5912112593650818
-0.9328291416168213
-0.6217813491821289
-0.8966032266616821
-0.657075047492981
-0.8322401642799377
-0.6328676342964172
-0.880725622177124
-0.6358214020729065
-0.6620445251464844
-0.612842321395874
-0.9343141913414001
-0.5293601155281067
-0.7703467011451721
-0.7657023072242737
-0.9619916677474976
-0.6960323452949524
-0.9526984691619873
-0.7298951745033264
-0.9256145358085632
-0.6718807220458984
-0.9630036950111389
-0.671750009059906
-0.9525564312934875
-0.6242236495018005
-0.9689652323722839
-0.6374092102050781
-1.069687843322754
-0.5436328053474426
-0.7737793922424316
-0.7398914098739624
-0.6573357582092285
-0.6485152840614319
-0.8420146703720093
-0.6840552091598511
-1.4492732286453247
-0.7553495168685913
-0.7904046177864075
-0.6591301560401917
-0.9393621683120728
-1.0697025060653687
-0.5843625664710999
-0.6607109904289246
-0.7582663297653198
-0.5234352350234985
-0.7983726859092712
-0.5541679263114929
-0.7050382494926453
-0.6790229678153992
-0.7228602766990662
-0.6959201693534851
-0.8600160479545593
-0.7264999747276306
-0.8501948714256287
-0.617896556854248
-2.8379456996917725
-0.6543739438056946
-0.7279316782951355
-0.7297191619873047
-1.0293703079223633
-0.8282110691070557
-0.8728938102722168
-0.866659939289093
-0.9385162591934204
-0.6775814890861511
-0.7444331049919128
-0.7125311493873596
-0.8938531875610352
-0.6123006939888
-0.8159380555152893
-0.63002610206604
-0.7549816966056824
-0.6827519536018372
-0.8905186653137207
-0.6096747517585754
-0.7642512917518616
-0.6836760640144348
-0.8186667561531067
-0.681999683380127
-0.958923876285553
-0.7174481153488159
-0.8330667614936829
-0.6563923954963684
-0.7609008550643921
-0.6212518215179443
-0.79654860496521
-0.60474693775177
-0.9694628715515137
-0.5892156958580017
-0.9759612679481506
-0.6794116497039795
-0.6865533590316772
-0.5963436365127563
-0.871098518371582
-0.6655495166778564
-0.7165548205375671
-0.8374202251434326
-0.8565629124641418
-0.642103910446167
-1.2497320175170898
-0.6883940100669861
-0.782403290271759
-0.6304146647453308
-0.6613200306892395
-0.5960665941238403
-0.7033624053001404
-0.8133889436721802
-0.8268598914146423
-0.6631643772125244
-1.1554585695266724
-0.6025110483169556
-0.8531789183616638
-0.7464402318000793
-0.8919848799705505
-0.6226921677589417
-0.7727454304695129
-0.6726465821266174
-0.9361459612846375
-0.5499361753463745
-0.7953101396560669
-0.6040506362915039
-0.9029940366744995
-0.6374703049659729
-0.9552299976348877
-0.6399375200271606
-0.8882254362106323
-0.6609265208244324
-0.7955228686332703
-0.6374503970146179
-0.8206270933151245
-0.6260124444961548
-0.8103405237197876
-0.6543456315994263
