0.9900389313697815
1.0000001192092896
0.9559974670410156
1.000000238418579
0.9979202151298523
1.0000001192092896
0.9958935976028442
1.0000003576278687
0.9906989932060242
1.0000001192092896
0.993052065372467
0.9999997615814209
0.9968142509460449
1.0
0.990307629108429
0.9999998211860657
0.9686453342437744
1.0000001192092896
0.9853180646896362
1.0
0.9530457258224487
0.9999997615814209
0.9947103261947632
1.0
0.9639209508895874
1.0000001192092896
0.9879601001739502
1.0000001192092896
0.9710057973861694
1.0
0.9909970760345459
0.9999993443489075
0.975547730922699
1.0000001192092896
0.9849448800086975
1.0000001192092896
0.9607676863670349
1.0000003576278687
0.978064775466919
0.9999999403953552
0.9917399287223816
1.000000238418579
0.995843768119812
1.0000003576278687
0.982412576675415
1.0
0.989432156085968
1.0000001192092896
0.9878703355789185
0.9999997615814209
0.9871909618377686
0.9999998211860657
0.986897885799408
1.0
0.9932440519332886
1.0000001192092896
0.9754952788352966
1.0000001192092896
0.984174907207489
1.000000238418579
0.9968376755714417
0.9999998807907104
0.914901614189148
0.9999997019767761
0.9693213105201721
0.9999998807907104
0.9833738207817078
1.000000238418579
0.9870598912239075
1.0000001192092896
0.9943618774414062
0.9999999403953552
0.9690279960632324
1.0
0.995492696762085
0.9999998211860657
0.9895620942115784
0.9999998807907104
0.9588642716407776
1.0000003576278687
0.9898066520690918
1.0
0.9919894337654114
1.0000001192092896
0.9618351459503174
1.0000003576278687
0.991197407245636
0.9999999403953552
0.9959056973457336
1.0
0.972510039806366
1.0000001192092896
0.976215660572052
1.0000003576278687
0.9924796223640442
1.0
0.9948691129684448
1.000000238418579
0.9937867522239685
0.9999997615814209
0.9855320453643799
0.9999997615814209
0.9730462431907654
1.0000003576278687
0.9972001910209656
0.999999463558197
0.9917996525764465
1.0000001192092896
0.9989622235298157
0.999999463558197
0.9958269000053406
1.0
0.9724301099777222
1.0
0.9924811124801636
0.9999999403953552
0.9951587915420532
1.000000238418579
0.9963382482528687
0.9999997019767761
0.9945386052131653
1.0000003576278687
0.9983892440795898
1.0000003576278687
0.9956970810890198
0.9999999403953552
0.9650857448577881
0.9999995231628418
0.9930792450904846
0.9999998807907104
0.9842327237129211
0.9999997615814209
0.99092036485672
1.0000001192092896
0.950834333896637
1.000000238418579
0.9941486716270447
1.0000003576278687
0.9918982982635498
0.9999997615814209
0.997681200504303
0.9999998211860657
0.9945734739303589
0.9999997615814209
0.9823843240737915
1.0000003576278687
0.9061099886894226
1.0
0.9928998351097107
0.9999993443489075
0.9980999827384949
0.9999996423721313
0.9973030090332031
0.9999998807907104
0.96785968542099
0.9999996423721313
0.9912282228469849
1.0
0.9939444661140442
0.9999998211860657
0.9947983622550964
1.0
0.9918850064277649
1.0000004768371582
0.9925641417503357
1.0000003576278687
0.9982145428657532
1.000000238418579
0.9943495988845825
0.9999998807907104
0.9949216246604919
1.0000005960464478
0.9781830310821533
1.000000238418579
0.9937106370925903
0.9999998807907104
0.9837359189987183
1.0000001192092896
0.9848872423171997
1.0
0.9960468411445618
0.9999998807907104
0.9979648590087891
1.0000001192092896
0.9855852723121643
1.000000238418579
0.9943072199821472
1.0000001192092896
0.9874013066291809
1.0
0.9737823605537415
1.0000001192092896
0.9909290671348572
1.0000004768371582
0.9825339317321777
0.9999998211860657
0.9801774621009827
1.0000001192092896
0.9847965836524963
1.0000001192092896
