0.982249915599823
0.9999999403953552
0.9790793657302856
1.0
0.9872958064079285
0.9999999403953552
0.9858599305152893
1.0
0.9822652339935303
1.0
0.984145998954773
0.9999999403953552
0.9878982901573181
1.0
0.9808970093727112
1.0
0.9802193641662598
1.0
0.9870991706848145
1.0
0.9757400155067444
1.0
0.9794949293136597
1.0
0.9762725234031677
0.9999998807907104
0.9858577251434326
1.0
0.9735156893730164
0.9999999403953552
0.984919011592865
1.0
0.9844308495521545
0.9999999403953552
0.977641761302948
1.0
0.9761256575584412
1.0
0.9778218865394592
1.0
0.987797737121582
0.9999999403953552
0.9898291826248169
1.0
0.9883444905281067
0.9999999403953552
0.9821142554283142
1.0
0.9852415919303894
1.0
0.9806236028671265
0.9999998807907104
0.9829428195953369
1.0
0.9852412343025208
0.9999998807907104
0.9699193239212036
1.0
0.9790963530540466
1.0
0.986762285232544
1.0
0.980712354183197
1.0
0.9763855934143066
0.9999999403953552
0.9804278612136841
1.0
0.9822560548782349
1.0
0.9886677861213684
0.9999999403953552
0.9827585220336914
1.0
0.9846841096878052
1.0
0.9904323220252991
0.9999998807907104
0.9796894788742065
1.0
0.9797834753990173
0.9999999403953552
0.982394278049469
1.0
0.969342052936554
0.9999999403953552
0.9897459149360657
1.0
0.9878154993057251
1.0
0.9785068035125732
1.0
0.9819287657737732
1.0
0.9875391125679016
0.9999999403953552
0.9816105365753174
1.0
0.986288845539093
0.9999998807907104
0.9875606894493103
1.0
0.9869632720947266
1.0
0.9880499839782715
1.0
0.971339762210846
0.9999998807907104
0.995593786239624
0.9999999403953552
0.9811364412307739
1.0
0.9790008068084717
0.9999998807907104
0.9853998422622681
1.0
0.9913306832313538
1.0
0.9843683838844299
0.9999999403953552
0.9822995662689209
0.9999999403953552
0.9883970618247986
1.0
0.9857964515686035
1.0
0.974510669708252
1.0
0.9801932573318481
1.0
0.9797888398170471
1.0
0.9856799840927124
0.9999999403953552
0.9783616065979004
1.0
0.9918624758720398
1.0
0.9878399968147278
1.0
0.9862892627716064
1.0
0.9890727400779724
0.9999999403953552
0.9785973429679871
0.9999998807907104
0.98138827085495
0.9999999403953552
0.9847660660743713
0.9999999403953552
0.9913898706436157
0.9999999403953552
0.9887697696685791
0.9999998807907104
0.9820999503135681
1.0
0.983122706413269
1.0
0.9890462160110474
1.0
0.9838574528694153
1.0
0.9945444464683533
0.9999999403953552
0.9858802556991577
0.9999999403953552
0.9815393090248108
1.0
0.9867305755615234
0.9999999403953552
0.9806779026985168
0.9999999403953552
0.9800161719322205
1.0
0.9829022288322449
1.0
0.9653311371803284
0.9999999403953552
0.9798105955123901
0.9999999403953552
0.9899164438247681
1.0
0.9904717206954956
0.9999999403953552
0.9904578924179077
0.9999999403953552
0.9873617887496948
1.0
0.9830930829048157
0.9999998807907104
0.9803479909896851
0.9999999403953552
0.977289080619812
0.9999999403953552
0.9851037263870239
1.0
0.9766364693641663
0.9999999403953552
0.9897785186767578
1.0
