0.9937357544898987
1
0.9938895255327225
1
0.9926598923546928
1
0.9818080237933567
1
0.9901404049661424
1
0.9910914500554403
1
0.9937838912010193
1
0.993189811706543
1
0.9907733798027039
1
0.9933807775378227
1
0.9884833352906364
1
0.9942017727428012
1
0.993699366847674
1
0.992230580912696
1
0.9414844257490975
1
0.993714323410621
1
0.9943522479799058
1
0.9930888473987579
1
0.9927596673369408
1
0.9919732213020325
1
0.9943165845341153
1
0.9886888921260834
1
0.9898208379745483
1
0.9940679669380188
1
0.9942624419927597
1
0.9943397790193558
1
0.994224556854793
1
0.9932629287242889
1
0.9826284497976303
1
0.9931362704797224
1
0.9820974469184875
1
0.9928871169686317
1
0.9888139466444651
1
0.9935148298740387
1
0.9939621686935425
1
0.9834559389523098
1
0.989161036231301
1
0.9942030847072602
1
0.9037442359734665
1
0.9936442792415618
1
0.9937785218159357
1
0.9933253129323324
1
0.9904467940330506
1
0.9650537490844726
1
0.9934110533107411
1
0.9938087165355682
1
0.993878437922551
1
0.9939435464995248
1
0.9941665359905788
1
0.9942577108740807
1
0.9939626455307007
1
0.9939868109566825
1
0.9945288062095642
1
0.9768640832467512
1
0.9935431182384491
1
0.9936224023501078
1
0.992695152759552
1
0.9915284117062887
1
0.9942280153433481
1
0.9940084881252713
1
0.9943125963211059
1
0.9944271743297577
1
0.9938389999525887
1
0.9027213624545506
1
0.9934287601047092
1
0.9919941008090973
1
0.9943182393908501
1
0.9735123429979596
1
0.9939895272254944
1
0.9934538081288338
1
0.9941719174385071
1
0.8867900272210439
1
0.9935669660568237
1
0.9920633256435394
1
0.9934269454744127
1
0.9885093678127636
1
0.9941545724868774
1
0.9909688532352448
1
0.992814941065652
1
0.9933546086152395
1
0.9942434089524406
1
0.9925107359886169
1
0.9933307245373726
1
0.9909133911132812
1
0.994449291910444
1
0.9937660694122314
1
0.9937000009748671
1
0.8423148815830549
1
0.9934348066647848
1
0.9921176603862217
1
0.9942400604486465
1
0.9942434549331665
1
0.8029875084757805
1
0.9940047604697091
1
0.9854675134023031
1
0.9937111054147992
1
0.9913156543459211
1
0.993918346034156
1
0.9940053721268972
1
0.9942024350166321
1
