5.116461753845215
6.009240627288818
5.818928241729736
8.257963180541992
9.056344985961914
8.451951026916504
8.48941421508789
7.807002067565918
11.603522300720215
5.89100456237793
7.802906036376953
7.115841388702393
8.331855773925781
6.043849468231201
11.497020721435547
8.258766174316406
10.259794235229492
10.886153221130371
5.01138973236084
7.761663913726807
8.465880393981934
7.061099529266357
8.49998664855957
8.274592399597168
6.357879638671875
6.4513702392578125
9.103429794311523
6.524585723876953
8.480402946472168
8.21280574798584
5.457126617431641
4.855974197387695
7.527563571929932
6.686278343200684
7.465566635131836
6.511687278747559
8.560120582580566
6.216556549072266
10.28246784210205
9.481203079223633
5.821686744689941
8.096708297729492
7.529781818389893
5.83878755569458
6.504893779754639
4.432560443878174
8.096037864685059
5.848649978637695
10.517948150634766
8.93950080871582
7.48676061630249
6.685719013214111
8.273183822631836
7.059077262878418
5.857722282409668
6.124563694000244
8.999479293823242
7.639516353607178
5.142608642578125
6.344601631164551
5.249300003051758
6.270656108856201
8.53849983215332
7.306758880615234
8.14127254486084
7.840413570404053
6.799892902374268
5.959746360778809
9.28459358215332
6.122744083404541
7.120540142059326
4.7028422355651855
8.071879386901855
6.712172508239746
7.455031871795654
6.231795310974121
7.876628875732422
6.564035892486572
7.373015880584717
4.922730445861816
4.953298091888428
6.826627731323242
8.159661293029785
4.8322248458862305
7.476020812988281
10.420251846313477
9.937790870666504
10.047924995422363
13.565080642700195
10.247299194335938
8.023862838745117
5.18278694152832
8.10678482055664
5.216965675354004
7.1430559158325195
5.289456844329834
10.824384689331055
7.980278015136719
6.785562992095947
6.929378986358643
8.108534812927246
5.9608893394470215
7.80324649810791
8.343963623046875
6.3918914794921875
6.453220844268799
10.477225303649902
14.794145584106445
9.071721076965332
6.347158908843994
6.493221759796143
5.698217391967773
6.716732501983643
6.884890079498291
11.689055442810059
7.9804511070251465
6.263099670410156
8.215031623840332
8.49530029296875
6.3386383056640625
6.975342273712158
10.095837593078613
6.594603061676025
6.802376747131348
6.808980941772461
7.025599479675293
12.813838958740234
9.49012565612793
7.422844886779785
12.325348854064941
7.963571071624756
8.79379653930664
7.903127670288086
6.10260009765625
10.632437705993652
7.554561138153076
8.11932373046875
5.714095115661621
8.03553295135498
8.938239097595215
8.113374710083008
6.454928398132324
6.745788097381592
7.066961765289307
8.076778411865234
5.46801233291626
7.38876485824585
4.406427383422852
11.517024040222168
5.60203218460083
5.621107578277588
6.873280048370361
6.513180732727051
4.98524808883667
10.151168823242188
7.453275680541992
9.819408416748047
6.574638843536377
11.011415481567383
9.786388397216797
9.261204719543457
6.571813106536865
7.345798969268799
6.305637836456299
13.04944133758545
8.409603118896484
22.85578155517578
8.772866249084473
12.829012870788574
7.947376728057861
6.05637264251709
6.243895530700684
5.871798038482666
6.527649879455566
8.42547607421875
6.864447116851807
10.486568450927734
6.408421516418457
7.166167259216309
8.676225662231445
7.412256717681885
6.663191318511963
10.619573593139648
5.708519458770752
7.877098083496094
6.860477924346924
6.407822132110596
7.947704792022705
9.712812423706055
6.122264385223389
9.290755271911621
7.677376747131348
8.303853988647461
8.117027282714844
10.680943489074707
7.070626258850098
7.897270202636719
8.222301483154297
6.423276424407959
6.565037727355957
