0.9673473924570349
1
0.9638797898462644
1
0.9594873849245552
1
0.9608455121445686
1
0.931578165117554
1
0.9242152413932688
1
0.9707771294214352
1
0.8858323091409438
1
0.9303442176870749
1
0.9864834810415595
1
0.9297396311054441
1
0.9733723396474804
1
0.9288071737154611
1
0.9694993871424961
1
0.934600916509665
1
0.9854971897785579
1
0.9380853720816096
1
0.9441916364342329
1
0.9466967856787908
1
0.9557779797249749
1
0.963022107809163
1
0.9894351927346555
1
0.9583554477215862
1
0.9348019733505463
1
0.9425805632167225
1
0.9662582854182051
1
0.9173325910963276
1
0.9592264292454042
1
0.9072889386082519
1
0.9316106127008337
1
0.9555567256562927
1
0.9442783544790464
1
0.9317302498065496
1
0.9740650173777549
1
0.9627511320174089
1
0.9565638686970035
1
0.9307993251295665
1
0.9457788754913997
1
0.9752960770139086
1
0.9391475893166841
1
0.9338395841546321
1
0.970062180877336
1
0.9061528410228142
1
0.973076267907061
1
0.9581850952915621
1
0.8983953028549383
1
0.9380812110297139
1
0.934304263348165
1
0.926698072721598
1
0.9455185527039176
1
0.9696284678381033
1
0.9350476512145607
1
0.9399134703680158
1
0.8869317898964092
1
0.9827249134914093
1
0.93943251655611
1
0.9285745079130978
1
0.9729626617923359
1
0.9747328312793156
1
0.9360091614993576
1
0.9571913701377988
1
0.9861078457063601
1
0.9624662261756158
1
0.9248656793546964
1
0.9363804162742141
1
0.9353792612900586
1
0.9531163708086785
1
0.9208806613113596
1
0.9681230922596468
1
0.9707373140840682
1
0.9386624882331362
1
0.9637686809616635
1
0.9330045335127515
1
0.9289472436839361
1
0.9299803372980324
1
0.964193258218309
1
0.9571584168479323
1
0.9477756430638965
1
0.9493843500819182
1
0.9619551877695572
1
0.9462721893491124
1
0.9563701491196551
1
0.9590677386977599
1
0.8433642833314801
1
0.941344642308621
1
0.9642793180341686
1
0.9322550338618392
1
0.9714543281127569
1
0.9267838300245709
1
0.9587293821638244
1
0.9758328958996405
1
0.9706602919879613
1
0.9611031368901332
1
0.9636104728308359
1
0.8755876239562749
1
0.9262586023668762
1
0.9528150740838095
1
0.9744140831824376
1
0.951864128223515
1
0.9833141817485397
1
