25.375930786132812
6.009240627288818
18.81351089477539
8.257963180541992
28.92551040649414
8.451951026916504
24.29621696472168
7.807002067565918
48.49340057373047
5.89100456237793
12.122940063476562
7.115841388702393
19.671859741210938
6.043849468231201
35.393707275390625
8.258766174316406
25.516889572143555
10.886153221130371
13.981019020080566
7.761663913726807
21.709680557250977
7.061099529266357
22.330402374267578
8.274592399597168
12.620370864868164
6.4513702392578125
30.540773391723633
6.524585723876953
17.305761337280273
8.21280574798584
12.720038414001465
4.855974197387695
20.01525115966797
6.686278343200684
19.95575523376465
6.511687278747559
23.796157836914062
6.216556549072266
32.5233154296875
9.481203079223633
14.271783828735352
8.096708297729492
20.43120574951172
5.83878755569458
15.780988693237305
4.432560443878174
31.62673568725586
5.848649978637695
32.72397994995117
8.93950080871582
16.918867111206055
6.685719013214111
31.986780166625977
7.059077262878418
20.83664321899414
6.124563694000244
23.227909088134766
7.639516353607178
16.36021614074707
6.344601631164551
10.45116138458252
6.270656108856201
24.1999454498291
7.306758880615234
18.653440475463867
7.840413570404053
18.36138916015625
5.959746360778809
26.087255477905273
6.122744083404541
16.452747344970703
4.7028422355651855
16.06110191345215
6.712172508239746
28.959980010986328
6.231795310974121
20.24675750732422
6.564035892486572
19.698902130126953
4.922730445861816
13.848742485046387
6.826627731323242
31.07942771911621
4.8322248458862305
18.779693603515625
10.420251846313477
25.12238121032715
10.047924995422363
32.767333984375
10.247299194335938
28.123762130737305
5.18278694152832
25.360979080200195
5.216965675354004
20.94692039489746
5.289456844329834
29.219505310058594
7.980278015136719
13.693534851074219
6.929378986358643
23.853927612304688
5.9608893394470215
23.735870361328125
8.343963623046875
19.623876571655273
6.453220844268799
21.855348587036133
14.794145584106445
12.410457611083984
6.347158908843994
18.77598762512207
5.698217391967773
14.874773979187012
6.884890079498291
18.770736694335938
7.9804511070251465
23.793521881103516
8.215031623840332
26.998191833496094
6.3386383056640625
14.734444618225098
10.095837593078613
23.837804794311523
6.802376747131348
15.971176147460938
7.025599479675293
24.40531349182129
9.49012565612793
16.202457427978516
12.325348854064941
17.913618087768555
8.79379653930664
22.783855438232422
6.10260009765625
26.46417999267578
7.554561138153076
16.965057373046875
5.714095115661621
28.935237884521484
8.938239097595215
42.474796295166016
6.454928398132324
20.179292678833008
7.066961765289307
16.072195053100586
5.46801233291626
18.042373657226562
4.406427383422852
36.66972351074219
5.60203218460083
12.279389381408691
6.873280048370361
20.55197525024414
4.98524808883667
32.683197021484375
7.453275680541992
21.001388549804688
6.574638843536377
17.35676383972168
9.786388397216797
30.637317657470703
6.571813106536865
26.28459930419922
6.305637836456299
25.7603702545166
8.409603118896484
52.58987808227539
8.772866249084473
31.44841957092285
7.947376728057861
18.049335479736328
6.243895530700684
17.628725051879883
6.527649879455566
21.838354110717773
6.864447116851807
31.005725860595703
6.408421516418457
15.087977409362793
8.676225662231445
19.3469295501709
6.663191318511963
32.39569854736328
5.708519458770752
16.062427520751953
6.860477924346924
34.628360748291016
7.947704792022705
21.66286277770996
6.122264385223389
17.054996490478516
7.677376747131348
27.975492477416992
8.117027282714844
32.12215042114258
7.070626258850098
18.015920639038086
8.222301483154297
26.3906307220459
6.565037727355957
