17.28929328918457
6.009240627288818
12.79056453704834
8.257963180541992
21.41683006286621
8.451951026916504
17.0379638671875
7.807002067565918
36.53227996826172
5.89100456237793
10.021368980407715
7.115841388702393
14.156810760498047
6.043849468231201
26.90424346923828
8.258766174316406
20.07265853881836
10.886153221130371
10.377599716186523
7.761663913726807
14.569860458374023
7.061099529266357
16.41187858581543
8.274592399597168
9.920531272888184
6.4513702392578125
24.94391632080078
6.524585723876953
12.189269065856934
8.21280574798584
8.580547332763672
4.855974197387695
15.770179748535156
6.686278343200684
14.037712097167969
6.511687278747559
19.6440372467041
6.216556549072266
23.0078182220459
9.481203079223633
10.251659393310547
8.096708297729492
13.854543685913086
5.83878755569458
12.524417877197266
4.432560443878174
24.89383888244629
5.848649978637695
27.1373233795166
8.93950080871582
11.526973724365234
6.685719013214111
24.71419906616211
7.059077262878418
16.10501480102539
6.124563694000244
17.11464500427246
7.639516353607178
11.104111671447754
6.344601631164551
8.262042999267578
6.270656108856201
17.232324600219727
7.306758880615234
14.326299667358398
7.840413570404053
14.09602165222168
5.959746360778809
20.22985076904297
6.122744083404541
15.09500789642334
4.7028422355651855
14.566370964050293
6.712172508239746
18.73984146118164
6.231795310974121
15.104180335998535
6.564035892486572
12.190452575683594
4.922730445861816
11.465051651000977
6.826627731323242
19.454896926879883
4.8322248458862305
16.6719970703125
10.420251846313477
20.502872467041016
10.047924995422363
26.29376220703125
10.247299194335938
16.02302360534668
5.18278694152832
17.995752334594727
5.216965675354004
15.584667205810547
5.289456844329834
19.560060501098633
7.980278015136719
10.8359956741333
6.929378986358643
18.04224395751953
5.9608893394470215
18.7685489654541
8.343963623046875
17.386940002441406
6.453220844268799
15.093262672424316
14.794145584106445
10.232670783996582
6.347158908843994
12.557290077209473
5.698217391967773
10.54603385925293
6.884890079498291
15.216011047363281
7.9804511070251465
14.668437004089355
8.215031623840332
20.453054428100586
6.3386383056640625
12.866910934448242
10.095837593078613
20.413169860839844
6.802376747131348
10.763265609741211
7.025599479675293
18.736658096313477
9.49012565612793
12.79825210571289
12.325348854064941
12.6669921875
8.79379653930664
17.872114181518555
6.10260009765625
18.80672264099121
7.554561138153076
13.688096046447754
5.714095115661621
19.155662536621094
8.938239097595215
33.33717346191406
6.454928398132324
12.1442289352417
7.066961765289307
11.507584571838379
5.46801233291626
14.268501281738281
4.406427383422852
21.906177520751953
5.60203218460083
9.149031639099121
6.873280048370361
16.802703857421875
4.98524808883667
25.010879516601562
7.453275680541992
14.955649375915527
6.574638843536377
15.260129928588867
9.786388397216797
23.11687660217285
6.571813106536865
21.320926666259766
6.305637836456299
19.393434524536133
8.409603118896484
38.45166015625
8.772866249084473
22.313138961791992
7.947376728057861
13.711738586425781
6.243895530700684
14.194758415222168
6.527649879455566
18.160581588745117
6.864447116851807
17.660066604614258
6.408421516418457
12.076074600219727
8.676225662231445
17.183944702148438
6.663191318511963
23.384723663330078
5.708519458770752
11.861928939819336
6.860477924346924
20.92809295654297
7.947704792022705
14.960774421691895
6.122264385223389
13.193490982055664
7.677376747131348
19.13196563720703
8.117027282714844
23.160018920898438
7.070626258850098
12.05152702331543
8.222301483154297
20.50666618347168
6.565037727355957
