[[3, 4, 2, 8], [0, 3, 34, 28, 27, 6, 25], [7, 0, 2], [10, 7, 14, 0, 3, 8, 17, 2], [3, 14, 11, 0, 9, 12, 18, 15], [3, 20, 0, 9, 12], [15, 0, 4, 11, 3, 8], [4, 0], [28, 33, 9, 2, 31, 3, 6, 11, 10, 27, 30], [15, 2]]
[]
[[13, 37, 10, 32, 8, 15, 22], [15, 28, 33, 2, 30, 7, 21, 24], [35, 0, 1, 17, 16, 29], [9], [], [4, 1, 3], [0, 1, 6], [22, 27, 2, 1, 4, 10, 5, 17, 21, 3]]
[]
[[10, 6, 0, 4, 16, 3, 11], [7, 22, 3, 10, 26, 34, 40], [7, 2, 14, 4, 33, 8, 18], [17, 1], [2, 0, 18, 5, 4], [10, 0, 4, 11, 31, 19], [20, 6, 5, 0, 7, 14]]
[]
[[10, 17, 35, 0, 15], [1, 8, 13, 17, 19], [8, 20, 12, 17, 2], [10, 20, 11, 15, 4, 3], [27, 4, 8, 19], [14, 19], [15, 4]]
[]
[[9, 6, 14, 4, 3, 19, 20, 18], [18, 23, 1], [16, 14], [24, 15, 29, 14], [8, 12, 6, 10, 11], [21, 4, 7, 19, 0, 17], [17, 4, 3, 16], [4, 3, 6, 10, 13, 7, 26, 5, 23, 8], [13, 11, 3, 20, 21, 15]]
[]
[[8, 16, 0, 4, 12, 9, 11, 7], [1, 3, 11, 14, 9, 2, 8, 7], [11, 14, 18], [22, 25, 0, 4, 28, 14, 18], [114, 123, 94, 96, 122, 30, 32, 47, 71, 81, 85, 103, 106, 134, 0], [4, 18, 26, 19, 7]]
[]
[[3, 11, 4, 12], [1, 3], [25, 2, 13, 3, 11, 14], [7], [20, 6, 23, 14], [9, 20, 3]]
[]
[[29, 32, 9, 26, 42, 18, 35, 39, 43, 30, 15, 27], [24, 27, 0, 28, 3, 21, 26, 6, 9, 25], [10, 4], [13, 2, 21, 26, 20, 24, 0, 10, 29], [33, 2, 13, 3, 11, 28, 14], [11, 30, 2, 25, 19, 21, 6, 28]]
[]
[[13, 22, 17, 3, 8, 5, 2], [5, 8, 0, 3], [16, 3, 2, 14, 6, 4, 29], [8, 5, 3, 2, 21], [9, 6, 4, 12], [1, 9, 4, 2], [12, 1]]
[]
[[11, 18, 0, 6, 5, 12, 15], [1, 5, 11, 0, 9, 4], [22, 3, 0, 4, 23, 34, 16, 30, 9], [3, 17, 8, 24], [13, 27, 36, 6, 18, 33, 1, 7], [10, 24, 33, 15, 30, 1, 21], [13, 0, 2], [6, 18, 24, 0]]
[]
[[8, 10, 4, 11], [7, 2, 17], [6, 2, 11, 14, 18, 21, 3, 5, 7, 12], [1, 14, 19, 3], [8, 22, 3], [11, 18, 29, 4, 23], [7, 13]]
[]
[[14, 0, 4, 7, 10, 18, 21, 27], [17, 10, 5, 12, 2, 6, 13, 20], [21, 2, 12, 3, 17], [15, 1, 6], [10, 2, 7, 13, 27, 14], [1, 16, 15, 24, 3], [20], [10, 22], [31, 14]]
[]
[[17, 5, 16], [17, 31, 15, 2], [11, 16], [18, 0, 3, 25, 5], [5, 17, 7, 11, 21, 9, 22, 19], [8], [11, 16, 3], [6, 5, 22, 25], [10, 15, 2, 1, 11], [5, 7, 20, 22], [12, 26, 6], [2, 1, 4, 10, 19, 5, 3, 26]]
[]
[[11, 19, 14, 17, 6, 20], [9, 2, 10, 1, 0, 7], [15, 5, 13, 7, 17], [3, 6, 12, 0], [7, 0, 3], [5, 9, 3, 10], [5, 19, 0, 9, 20], [3, 5, 6, 9], [10]]
[]
[[23, 18, 4, 7, 11, 28, 25], [28, 22, 26, 5], [22, 15, 20, 3, 12], [23, 3, 21, 14, 26, 11, 18], [17, 7], [6, 32, 20], [16, 0, 12, 1, 13]]
[]
[[9, 11, 6, 15, 0, 4], [29, 32, 15, 18, 25, 33, 3, 14], [14, 16, 10, 4, 8], [6, 0, 4, 9], [2, 0, 3, 12, 18], [13, 15, 9, 3, 7], [22, 6, 14, 0, 4, 15, 9], [2, 18, 29, 0, 3, 9, 14, 27, 6, 8, 19], [13, 15, 9, 3, 7], [20, 6, 14, 15, 18, 0, 4], [14, 3, 5], [15, 11, 17, 22, 2], [22, 1, 19, 5]]
[]
[[8, 10, 5, 9], [11, 21, 13, 6, 17, 0], [11, 5, 3, 6], [16, 1, 6, 2, 12, 0], [9, 14], [12, 3, 15], [8, 16, 24, 3, 29], [14, 3, 12, 6, 4, 26], [18, 16, 0, 13, 12, 2, 32, 14, 21]]
[]
[[2, 20, 23, 28, 40, 8, 25], [1, 7, 15, 3, 0], [2, 1], [8, 11], [8, 11, 16], [11, 14], [9, 18, 19, 1, 6], [8, 11], [2, 1, 4, 11, 3, 5, 8, 15, 20], [3, 23, 26, 29]]
[]
[[13, 4, 3], [8, 18, 3, 22, 21, 2, 6], [9, 4, 0, 18, 27, 2, 21], [3, 2, 9, 14], [20, 29, 3, 5, 31, 0], [7, 12, 4], [16, 19, 2, 20, 15, 1], [4, 10, 13, 24, 5, 21, 8, 17]]
[]
[[17, 12, 16, 0, 4], [8, 20, 4, 17, 12, 0, 10], [6, 9, 0, 4, 8], [9, 1, 6, 12, 15, 4], [10, 14, 0, 3, 24, 27], [12, 0, 3, 15, 29, 1, 4, 7], [7, 4, 19, 17, 29], [36, 7, 12, 21, 33, 41, 44, 19]]
[]
[[21, 3, 10, 13], [1, 6, 0, 15], [9, 15, 3, 7], [7, 4, 8, 15], [8, 24, 3, 9, 16, 25, 21], [20, 3, 2, 26, 15, 16], [6, 10], [1, 3, 8, 0], [21, 0, 8, 18]]
[]
[[6, 11, 14, 16], [6, 9, 1, 20, 4], [2, 9, 1, 11, 14, 10, 0], [11, 0, 22, 26, 2, 7, 13, 16], [11, 5], [4, 7], [9, 14, 17, 30, 34], [14, 22, 1, 11, 0, 2], [16, 24, 1, 10, 9], [15, 21, 33, 6, 5, 12, 26, 10, 13, 28]]
[]
[[9, 11, 14, 0, 4, 3], [28, 6, 22, 5, 21], [2, 1, 8, 19], [25, 3, 11, 17, 26], [21, 0, 8, 14, 24], [17, 1, 5], [19, 37, 13, 30, 45, 15, 32, 47, 0, 5, 11, 22, 28], [23, 28, 17, 26, 20]]
[]
[[11, 5, 3, 15, 20, 8, 14], [6, 22, 2, 18, 0], [20, 37, 6, 9, 14, 32, 4, 33], [6, 10, 24, 29, 22, 26, 30, 2, 25, 7]]
[]
[[19, 9, 14, 3], [11, 26, 1, 15, 4], [15, 11, 18, 6, 19], [8, 1, 11, 19, 17, 10], [10, 2, 13], [6, 12, 7, 9, 2], [5, 8, 2, 11, 0, 9], [2, 20, 16, 24, 0]]
[]
[[10, 0, 4, 8], [14, 4, 8, 11, 9, 20], [2, 15, 21, 26, 0, 3, 22, 23, 9], [33, 6, 22, 0, 13, 7, 42, 9, 23], [16, 35, 5, 13, 21, 32, 10, 33, 7, 11, 30, 4], [5, 11, 1, 3, 2], [15, 7], [13, 22, 17, 2]]
[]
[[21, 11, 17, 27, 42, 0, 4, 18, 24, 43, 12], [10, 2, 5, 21, 29, 0, 22, 4, 17], [3, 14, 22, 0, 4, 15, 19, 27], [6, 11, 15, 2], [11, 7, 6, 15, 25, 3, 13], [2, 8, 11, 5, 3, 19, 23, 6, 15, 22], [6, 25, 1, 18, 12]]
[]
[[5, 9, 20, 3, 10, 13, 2, 21], [1, 27, 3, 6, 9, 16, 23], [10, 9, 15, 18, 0], [25, 15, 31, 38], [15, 10, 0, 21, 32], [16, 6, 14, 18, 19, 9, 11], [3, 0], [6, 14, 17, 24, 12, 15, 3], [8, 11, 5, 2, 6], [1, 21, 2, 4]]
[]
[[14, 3, 7, 2, 25], [5, 8, 0, 3], [8, 6, 5, 21], [15, 23, 18, 2, 12], [9, 0, 21, 6], [1, 10], [1, 14, 20, 22, 16, 0], [21, 1, 11, 14, 9, 19], [11, 21], [1, 18, 15], [14, 10], [9, 15, 1, 3, 16, 6]]
[]
[[22, 5, 9, 3, 10, 13], [5, 2, 0, 3, 8], [2, 5, 11], [18, 14, 1, 19], [13, 10, 2, 5], [1], [8, 20, 2, 5], [15, 3, 6, 11, 2], [12, 15, 5], [19, 11, 15, 23, 2], [32, 37, 26, 7, 12, 9, 1, 11]]
[]
[[13, 19, 3, 7], [8, 6, 9], [6, 37, 8, 2, 10], [4, 3, 0, 8], [0], [0, 15], [0, 15], [7, 14, 12, 4, 9], [9, 1, 12]]
[]
[[28, 34, 8, 12, 21, 0, 4], [8, 6, 11, 0], [1, 4, 8, 11], [1, 3], [14, 23, 18, 8, 11], [17, 26, 0, 18, 30], [10, 6, 18, 2, 4, 12, 17], [8, 17, 21, 13, 19, 22]]
[]
[[8, 17, 14, 0, 4, 21, 9, 20, 11], [15, 17, 0], [17, 2, 14, 3, 15], [15, 16], [0, 12, 17, 22], [13, 19], [0, 10], [5, 15, 12, 14, 3], [27, 14, 29], [6, 8], [2, 11, 5, 3, 20, 6], [7, 13, 1, 3, 22, 17]]
[]
[[12, 8, 18, 21, 3, 19, 2], [9, 12], [22, 24, 2, 0, 3, 16], [23, 27, 16, 20, 17, 29], [16, 18, 30, 3, 7, 19, 23, 31, 10], [4, 9, 3, 8], [3], [26, 3, 18, 27, 2], [9, 10, 5, 3], [2, 17, 16, 0, 6, 10]]
[]
[[22, 29, 14, 30, 18, 27], [1, 14, 19, 11], [23, 9, 18, 4], [18, 14, 22, 0, 9], [1, 12, 7], [23, 3, 14, 31], [31, 26, 29, 21, 20, 4, 19, 0], [2, 1, 10, 5, 0, 14]]
[]
[[24, 0, 4, 3, 8, 7], [9], [19], [1, 7, 10, 0, 5], [15, 20, 10, 13, 25, 4, 3], [], [12, 5, 9, 2]]
[]
[[5, 12, 4], [23, 8, 1, 4], [11, 8, 2, 9], [2, 15, 0, 8, 16], [2], [2, 15, 8, 11], [15, 2, 11, 18, 0], [2], [11, 0, 6, 2, 7], [11, 16, 6], [15, 0, 8, 24, 25, 3]]
[]
[[13, 3, 14, 2, 9, 4, 17], [14], [16, 9, 8, 13], [11, 1, 9, 10, 12], [18, 16, 3, 6], [9, 7, 13, 16, 30, 3, 37], [6, 13, 16, 21, 3, 7], [5, 33, 6, 14, 17, 2, 0], [11, 16, 21, 19, 15, 1, 12], [6, 1, 3, 9]]
[]
[[15, 0, 10, 9, 13], [11, 2, 17, 1], [8, 21, 14, 28, 5, 19, 24], [12, 14, 2, 0, 8], [13, 10, 6], [10, 5, 1, 6], [0, 8, 11, 1, 5], [13, 3, 8, 4, 9], [9, 17, 21, 29, 32, 13, 27, 30], [10, 12, 21], [11, 37, 49, 19, 14, 29, 5]]
[]
[[3, 8, 2, 0, 4, 9], [33, 24, 30, 22, 0, 6, 37], [3, 11, 5, 7, 2, 0, 8], [16, 7, 9, 2], [21, 25, 2], [9, 6, 5], [1, 7, 6], [12, 16], [5, 15, 4], [12, 7, 9, 4, 6]]
[]
[[7, 12, 15, 24, 13, 25, 11], [5, 19, 2, 18, 13, 0, 9], [8, 27, 28, 17, 31, 10, 18], [8, 2, 1], [15, 16, 7, 19, 10, 13], [8, 2, 1], [18, 19, 8, 22, 12, 16], [0], [4, 10], [9, 15, 10, 12, 14, 13, 17], [10, 1, 3], [19, 24, 3, 16, 12, 13, 22]]
[]
[[5, 11, 7, 3, 16], [10, 20, 24, 31, 27, 8, 2, 14], [8, 2, 0, 10], [2, 0, 18, 24], [25, 15, 10, 16, 28], [3, 2, 11, 6, 0, 18], [2, 1, 9], [8, 7, 17], [2, 0, 8, 3]]
[]
[[12, 10, 3, 2, 13, 11], [7, 4], [3, 2, 8, 18, 0], [2, 4, 13, 17, 16], [22, 2], [3], [18, 4, 15], [6, 4, 8], [11, 8, 0, 18, 7, 10, 19], [7, 2, 0, 11]]
[]
[[19, 3, 7], [27, 3, 17, 10, 11, 19], [12, 7], [4, 7], [4, 9, 12, 6], [8, 4], [6, 14, 12, 11, 4, 13], [14, 0, 6, 12, 3], [], [8, 11, 0, 5, 3, 12, 18]]
[]
[[20, 14, 7, 15], [1, 3, 6, 14, 12], [8, 11, 9], [9, 18, 13, 16], [21, 9, 8, 11, 0, 12], [12, 2, 7, 14, 13], [2, 5, 6, 0], [13, 7], [], [2, 1, 9, 12, 5, 7, 16], [16, 21, 23, 18, 12]]
[]
[[10, 5, 14, 3, 6, 9, 15], [16, 4, 36, 2, 35, 24, 0, 18, 33, 3, 5, 12], [11, 2, 17, 0, 13, 18, 21], [2, 9, 12, 6, 7, 18], [5, 9], [0, 10, 1, 13, 14]]
[]
[[3, 6, 4, 14, 2, 10], [8, 17, 27, 2, 30, 23, 0], [4, 8, 21], [19, 0, 15, 24, 3, 18], [15, 7, 18, 0, 4, 19, 11], [15, 6, 20, 4], [5, 12], [20, 6, 4], [10, 3, 11], [7, 18, 8, 17, 20], [12, 7, 19, 0, 5, 20], [10, 3], [8, 19, 3, 15, 2, 9]]
[]
[[5, 9, 3, 10, 2], [8, 3, 18], [3, 2, 13, 6], [16, 1, 2], [14, 6], [3, 2, 16, 19, 20], [10, 5, 4, 13]]
[]
[[14, 3, 11, 15], [2, 0, 4], [1, 18, 4, 7, 19, 2, 17, 5, 21], [19, 5], [14, 10, 18, 22, 7], [14, 17, 2, 12, 25, 6, 15], [3, 15, 5, 9, 19, 22]]
[]
[[13, 20, 0, 3, 16, 2, 10], [8, 9, 31], [13, 0, 7], [20, 6, 24], [1], [23, 26, 7, 11, 4, 2], [1, 4], [16, 20]]
[]
[[0, 14, 18, 21], [14, 6, 2], [5, 15], [12, 2, 11, 5, 18, 0, 9], [18, 4, 15, 5, 16, 21], [24, 20, 29, 4, 8, 30, 7, 25, 34, 28], [15, 25, 3, 22, 21, 17], [2, 18, 22, 8, 3], [9]]
[]
[[7, 11, 19, 30, 13, 25, 32, 3, 14, 23], [8, 15, 28, 17, 24], [19, 2, 5, 8, 16], [2, 1], [14, 16, 10, 0, 12, 29, 33], [16, 2], [6, 3, 2, 20, 15]]
[]
[[11, 5, 4, 12], [7, 12, 2, 5, 24, 28, 0, 21, 20, 14], [7, 20, 3, 24, 17, 18, 13], [15, 13], [18, 6, 15, 5, 16]]
[]
[[15, 8, 26, 6, 19, 24, 18, 13, 3], [6, 23], [10, 24, 3, 21, 14], [8, 14], [3], [19, 9], [7, 3, 2], [11, 9], [7, 20, 29], [9, 4, 2, 0, 10, 13], [4, 8]]
[]
[[3, 7, 14], [19, 9, 11], [6], [23, 3, 5], [7], [12, 2, 1], [32, 2], []]
[]
[[12, 3, 26, 13, 7, 19], [9, 12, 1, 19, 2, 0, 11], [9, 25, 7, 16, 23], [26, 1, 28, 37, 41, 43, 49, 5, 14], [11, 24, 42, 45, 43, 2, 18, 34, 39, 37, 48, 8, 44], [5, 3, 1, 0, 21, 14, 23]]
[]
[[11, 7, 15], [22, 2, 23], [25, 1, 8, 16, 3, 15, 5], [16, 9, 7], [6, 3, 14, 0, 15, 2, 12], [], [32, 21, 20], [12, 8, 2, 19]]
[]
[[22, 14, 19, 0, 4, 6], [3, 5], [5, 2, 6, 19], [12, 22, 35, 4, 7, 27, 1], [0, 4, 14], [7, 26, 1], [18, 4, 14], [0, 22, 6, 26, 3, 7], [19, 4]]
[]
[[26, 3], [11, 2, 13, 17, 0, 14, 20, 10, 24], [6, 9, 10, 3, 2, 22, 0, 4, 12, 21], [22, 27, 35, 6, 37], [28, 2, 8, 19, 23, 31, 6, 20, 39], [11, 5, 20]]
[]
[[11, 0, 4, 10, 3], [1, 8, 13], [27, 13, 16, 1, 6, 9, 17, 11, 21, 24, 7], [9, 16, 5, 12, 7, 14, 0], [1], [15, 13], [13, 20, 3, 10, 7, 21, 8, 19, 14], [29, 31, 9], [3, 9, 30, 19, 35, 40, 13]]
[]
[[27, 14, 16, 0, 11], [7, 2, 18, 19], [], [7, 18, 5, 20], [2, 0, 5, 12]]
[]
[[23, 13, 16, 19, 3, 17, 12, 2, 14, 22], [1, 4, 21, 30, 15, 31, 34], [10, 5, 13, 2], [31, 15, 18, 21, 2, 27, 1, 0, 14], [6, 4, 0], [20, 2, 14, 24, 27, 12, 25, 21], [4, 7, 2, 15, 0, 3, 16], [31, 6, 10, 28, 0, 7, 18, 30, 33]]
[]
[[20, 29, 5, 13], [40, 5, 0], [22, 33, 24, 28, 25], [32, 20, 43, 1, 19, 42, 52], [22, 30, 17, 27], [26, 24, 6, 28], [10, 6, 23, 28, 19]]
[]
[[10, 0, 4], [1, 5, 0], [6, 12, 0, 4], [9, 2, 0, 5], [31, 14, 16, 29], [9, 29, 34, 5, 3, 2, 28, 1, 0], [23, 28, 27, 21]]
[]
[[3, 24, 2, 13, 25], [11, 9, 28], [33, 8, 31, 35, 24], [5, 9, 29, 3], [10, 23, 9, 13, 6], [1, 13, 22, 10], [1, 8], [16, 18, 22, 1], [19, 17, 15, 4]]
[]
[[12, 15, 3, 11, 14], [16, 13, 2, 10], [2, 9, 15, 0], [9], [9, 6, 0, 12, 15, 2], [5], [4, 10], [13, 16, 17, 12, 2, 3], [12, 20, 3, 9], [8, 12, 0, 23, 29, 11]]
[]
[[0, 8, 11, 14, 10, 16], [4], [6, 1, 3, 2, 4, 10], [2, 1, 10, 5], [9, 21, 6, 13], [7, 1, 17], [1, 9, 4, 2, 17], [6, 12, 1]]
[]
[[12, 9], [11, 10, 5], [9, 7, 27, 3, 23, 10], [29, 2, 17, 25, 32, 18, 23, 4], [13, 28, 29, 20], [16, 28, 3, 19, 7, 18], [7, 10, 5, 1, 4, 0]]
[]
[[11, 3, 9], [2, 11, 20, 27, 15], [12, 18], [20, 5, 22, 9], [3, 12, 21, 28], [2, 0, 3, 7], [15, 1, 5, 3, 0]]
[]
[[9, 2, 10, 4, 16], [2, 14, 0, 7, 12], [12, 22, 5, 21, 13], [16, 2, 4, 8], [13, 10, 2, 9, 8], [19, 2, 1], [19, 1, 15, 11], [12, 21, 5, 15, 7, 22]]
[]
[[7, 20, 4, 8], [1, 3, 6, 26, 34, 35], [29, 4, 7, 10, 13, 8, 3, 17, 23], [1, 10, 13, 11, 2, 0], [15, 17, 2, 12, 9, 18]]
[]
[[16, 7, 10, 12, 24, 0, 5, 8, 22, 25, 4, 21, 20], [1, 3], [4], [20, 4, 11, 16, 0], [2, 20, 34], [34, 4, 9, 0, 10, 23]]
[]
[[18, 21, 7, 16, 10, 23], [18, 6, 23, 2, 1], [11, 22, 25, 32], [], [11, 6, 13, 20], [13, 6, 9, 11], [8, 17, 14], [6, 16, 2, 8, 18], [7, 29, 2, 27], [1, 10, 5, 2, 0, 14]]
[]
[[3, 12, 21], [5, 19, 16, 17, 2, 0], [3, 8, 11, 20, 30, 9, 19, 16], [2, 17, 5, 1, 0], [13, 11], [8, 19, 1], [7, 1], [13, 25, 15], [1], [10, 24, 13, 26]]
[]
[[3, 6], [11, 25, 2, 16], [17, 4, 6, 14, 2, 15, 19], [1, 13, 15, 7, 18], [7, 20, 1], [0, 4, 3, 17, 9], [0, 3, 9, 12], [14, 8, 18, 2, 16], [10, 13, 3]]
[]
[[17, 22, 24, 3, 18], [3, 8], [24, 29, 15, 31, 0, 5, 9], [8, 10, 34, 0, 4], [2, 10, 16, 0], [11, 14, 4, 16, 9], [13, 20, 11, 14, 18], [18, 2, 4, 3, 5, 10], [4, 7, 10], [14, 2, 1, 8, 11, 17, 20, 24, 25], [16, 1, 24, 21]]
[]
[[9, 19, 12, 0, 3, 13, 6, 7], [11, 2, 1], [8, 4], [27, 2, 14, 8, 16, 1, 13, 20], [20, 2, 1, 23], [9, 1], [5, 10, 18, 12], [16, 2, 19, 14, 23, 3]]
[]
[[3, 2, 6, 8], [14, 2, 4, 0, 11], [27, 2, 14, 0, 5], [13, 17, 8], [29, 33, 26, 6, 27, 15, 5, 19], [23, 17, 6, 18]]
[]
[[6, 7, 26, 28, 21], [2, 12, 6, 17], [25, 0, 18, 21, 13], [6, 10], [0, 2, 10], [19, 6, 21, 5], [22, 15, 3, 17]]
[]
[[23, 0, 5, 10, 29], [0, 4, 22], [13, 20, 25, 3, 8, 11, 18, 21], [29, 25], [14, 4], [2, 0]]
[]
[[16, 22, 0, 4, 15], [6, 9, 15, 0, 7, 10], [8, 16, 2, 18, 19], [9, 1, 4, 29, 5, 25, 3, 0, 10, 14], [8, 26, 31, 3, 15, 6, 0, 4], [20, 2, 17, 4, 10], [19, 24, 16, 15]]
[]
[[5, 7, 3, 8, 11], [1, 3, 14, 17, 8, 23, 37, 11], [1, 11, 43, 39, 2, 8, 9, 44, 41]]
[]
[[18, 21, 23, 3, 13, 24], [18, 1, 22], [8, 14, 3, 13], [1, 3, 14, 17, 18, 8], [5, 7, 0], [11, 8, 2, 12, 6], [], [7, 23, 13]]
[]
[[4, 6, 13], [5, 0, 13, 14]]
[]
[[20, 29, 9, 8, 3], [16, 2, 0, 23, 19], [13, 20, 2, 23, 9, 18, 8], [16, 20, 3, 5, 10, 1], [4, 9, 21, 29, 5, 30], [6, 9, 3, 2, 21, 1, 0, 4], [6, 17, 23, 1]]
[]
[[20, 5, 16, 25, 28, 31, 3, 6, 14, 29, 32], [4, 18, 6], [9], [11, 20, 29, 32], [18, 6, 15, 21, 12], [15, 21, 23, 3, 12, 18, 9, 10], [5, 11, 9, 12, 1], [24, 13, 30], [21, 14, 22], [28, 5, 19, 0, 15]]
[]
[[14, 22, 7, 11, 10, 9, 16], [8, 2, 5, 1, 14, 13, 0], [23, 1, 6, 10, 22], [13, 33, 9, 17, 35, 36, 8], [1, 3, 7, 11, 16, 23, 4, 17, 28, 2, 5, 8], [5, 3, 1], [5, 11, 18, 2, 12, 13], [5, 7, 11], [15, 4, 13, 26, 9, 14, 5]]
[]
[[11, 24, 14, 8, 5], [2, 19, 26], [24, 2, 11, 28, 0, 9, 26, 23], [], [22, 32, 17, 20, 4, 18], [13, 1]]
[]
[[18, 12, 3, 6, 15], [17, 20, 1, 3, 6, 2, 21, 19], [2, 7, 17], [15, 18, 4, 2, 23, 0, 6, 12], [13, 18, 1, 20], [13, 22, 32, 6, 18]]
[]
[[7, 13, 19, 26, 4, 8, 22], [4, 9, 8], [12, 0], [18, 1], [8, 12, 15], [2, 8, 9, 12, 10, 3, 11, 5], [17, 0, 11, 2, 5]]
[]
[[9, 4, 17, 16, 19, 6], [9, 20, 1, 3, 14], [13, 2, 5], [25, 6, 1, 16]]
[]
[[15, 10, 18, 0, 4, 8, 16, 3], [18, 0], [16, 13, 20, 0], [10, 5, 6], [1, 4, 7, 2, 0], [1, 14, 6], [11, 7, 14], [11, 6, 16, 19, 22, 4, 20], [15, 2, 19, 0, 6, 11], [6, 0, 4, 13]]
[]
[[8, 6, 9, 14, 19], [9, 7], [8, 14, 10], [14, 12, 15, 19]]
[]
[[25, 7, 4, 15, 26, 27, 18, 29, 5, 19], [5, 13], [10, 4, 1], [11, 13, 21, 14, 4, 20, 23], [16, 8, 14, 22, 0, 9], [25, 7, 15, 5, 4, 3, 16, 14, 9, 17, 8, 19], [13, 21, 9, 15, 6, 16, 5, 28, 20]]
[]
[[8, 10, 15, 3, 16], [6, 20], [10, 7], [6, 8, 15, 3, 14, 16], [15, 2, 9, 4, 16, 10], [5, 17, 2, 18, 13, 9], [10, 17, 1], [10, 13, 7, 2, 8], [1, 6, 20, 3]]
[]
[[13, 25, 21], [7, 32, 2, 1, 14], [], [15, 2, 0, 5, 16, 18], [3, 2, 11, 6, 1], [24, 14, 1], [34, 4, 16, 32, 14, 29, 8]]
[]
[[9, 3, 2, 7], [9, 18, 0, 3, 6, 2, 23, 22, 12], [18, 5, 12, 23, 3, 21, 24, 8], [9, 21, 37, 19, 35, 18, 25, 34, 43], [17, 4, 3, 10, 13, 7, 19, 8, 26], [13, 31, 35, 25, 42, 45, 54, 0, 23, 26, 40], [20, 23, 36, 3, 11, 28, 9, 12]]
[]
[[23, 0, 8, 26, 29, 20, 18, 21, 25], [30, 1, 26, 12, 5, 9], [19, 30, 1, 4, 17, 14, 8, 31], [15, 11, 1, 20], [25, 13, 3, 11, 20], [11, 1, 9, 12], [2, 7, 12, 29, 10, 21, 26, 30, 3], [28, 2, 19, 25, 0, 12, 26, 5, 11, 10], [2, 4, 3]]
[]
[[34, 12, 29], [27], [42, 8, 40, 37, 4, 33, 7, 41, 9, 16, 21], [1, 12, 16], [2, 28, 62, 0, 20, 41, 49, 58, 23, 6, 19, 48, 57, 38, 61, 22, 30, 3], [12, 20, 5, 32, 17, 8, 28]]
[]
[[11, 4, 10, 3], [18, 2, 5, 14, 22, 20, 1, 27, 0, 13], [11, 12, 8], [1, 23, 10, 22, 4], [5, 2, 12, 3, 15, 6], [18, 9, 0, 2, 3], [6, 0, 11], [11, 4, 17, 23], [1, 8, 0]]
[]
