0.9028898477554321
1.0000001192092896
0.9737260341644287
1.000000238418579
0.9670096635818481
1.0000001192092896
0.9296656250953674
1.0000003576278687
0.9560010433197021
1.0000001192092896
0.977410078048706
0.9999997615814209
0.9864214062690735
1.0
0.9858106970787048
0.9999998211860657
0.9621750116348267
1.000000238418579
0.9458772540092468
1.0
0.9216423034667969
0.9999997615814209
0.964129626750946
1.0
0.9659850597381592
1.0000001192092896
0.9451192021369934
1.0000001192092896
0.9160196185112
1.0
0.9322919845581055
0.9999993443489075
0.9709917902946472
1.0000001192092896
0.9642878770828247
1.0000001192092896
0.9301255941390991
1.0000003576278687
0.9149091243743896
0.9999999403953552
0.9754116535186768
1.000000238418579
0.8763207197189331
1.0000003576278687
0.9615932106971741
1.0
0.9719504714012146
1.0000001192092896
0.9662115573883057
0.9999997615814209
0.9664749503135681
0.9999998211860657
0.8476822376251221
1.0
0.9497713446617126
1.0000001192092896
0.975824236869812
1.0000001192092896
0.9839403629302979
1.000000238418579
0.9003205299377441
0.9999998807907104
0.9613737463951111
0.9999997019767761
0.9689637422561646
0.9999998807907104
0.8371243476867676
1.000000238418579
0.9575235247612
1.0000001192092896
0.9578146934509277
0.9999999403953552
0.9649801254272461
1.0
0.9418621063232422
0.9999998211860657
0.9264878034591675
0.9999998807907104
0.8162164092063904
1.0000003576278687
0.9419360756874084
1.0
0.8388583064079285
1.000000238418579
0.9543452858924866
1.0000003576278687
0.7796372175216675
0.9999999403953552
0.9723873138427734
1.0
0.9242751002311707
1.0000001192092896
0.9171998500823975
1.0000003576278687
0.9486525058746338
1.0
0.9893206357955933
1.000000238418579
0.9687740802764893
0.9999997615814209
0.9453483819961548
0.9999997615814209
0.9576355814933777
1.0000003576278687
0.9920434355735779
0.999999463558197
0.9276702404022217
1.000000238418579
0.9209123253822327
0.999999463558197
0.9555720686912537
1.0
0.9154488444328308
1.0
0.9387884736061096
0.9999999403953552
0.905514657497406
1.000000238418579
0.9698358178138733
0.9999997019767761
0.9797152280807495
1.0000003576278687
0.9883124232292175
1.0000003576278687
0.961624801158905
0.9999999403953552
0.9821745753288269
0.9999995231628418
0.9727547764778137
0.9999998807907104
0.9435214996337891
0.9999997615814209
0.9636435508728027
1.0000001192092896
0.9234206676483154
1.000000238418579
0.972565233707428
1.0000003576278687
0.9736656546592712
0.9999997615814209
0.9834251999855042
0.9999998211860657
0.8635921478271484
0.9999997615814209
0.9556680917739868
1.0000003576278687
0.9768571257591248
1.0
0.9591129422187805
0.9999993443489075
0.697579562664032
0.9999996423721313
0.9559831619262695
0.9999998807907104
0.9693668484687805
0.9999996423721313
0.9934114217758179
1.0
0.9222638010978699
0.9999998211860657
0.9662379622459412
1.0
0.9886142015457153
1.0000004768371582
0.9685105681419373
1.0000003576278687
0.9523844122886658
1.000000238418579
0.9551188945770264
0.9999998807907104
0.9578880667686462
1.0000005960464478
0.9408212900161743
1.000000238418579
0.9692265391349792
0.9999998807907104
0.9840941429138184
1.0000001192092896
0.8981860876083374
1.0
0.9485127329826355
0.9999998807907104
0.9746406674385071
1.0000001192092896
0.8269758820533752
1.000000238418579
0.9681589603424072
1.0000001192092896
0.959529459476471
1.0
0.8876132965087891
1.0000001192092896
0.9809689521789551
1.0000004768371582
0.952165424823761
0.9999998211860657
0.9530662298202515
1.0000001192092896
0.9723362326622009
1.0000001192092896
