0.7189272485095783
1
0.8098995773137433
1
0.7385502930475201
1
0.8655575525032118
1
0.7862109813547887
1
0.8948589555862411
1
0.8911240875912408
1
0.7587244431380233
1
0.8176076218819104
1
0.8019429419013187
1
0.8384145462444583
1
0.822971139327178
1
0.7856616931745782
1
0.8125936155461642
1
0.8381808785529715
1
0.6644422574955909
1
0.7637035630938955
1
0.8212053105168203
1
0.7562465716422871
1
0.818365268581854
1
0.7782256131502681
1
0.7886063054817924
1
0.7926435609921849
1
0.7263271909062282
1
0.7511292118368014
1
0.8344311494580293
1
0.7044137753272368
1
0.7422369494295913
1
0.8043828610800243
1
0.7680374468085106
1
0.8149530521771102
1
0.779332015880646
1
0.7832908369734638
1
0.8053905825727724
1
0.7716652882797732
1
0.8509702853143447
1
0.786898511417992
1
0.7387428639391056
1
0.7873436529786692
1
0.8001353294190761
1
0.7407488094717533
1
0.832943928986267
1
0.7510338124588739
1
0.818523599044861
1
0.7825746692638584
1
0.7804599609927074
1
0.8169642857142857
1
0.8313606680572383
1
0.7263641081439061
1
0.856363007318696
1
0.7876015434417639
1
0.8431908283772074
1
0.7836450357609211
1
0.7895819691634757
1
0.9337380910562468
1
0.7673913080679995
1
0.8466561531446649
1
0.8691051307562264
1
0.8160202275827596
1
0.7915399878324167
1
0.8771181819905932
1
0.7702264465987335
1
0.8558091286307052
1
0.8331537987843459
1
0.7987105048562175
1
0.798347876672484
1
0.7698369753728755
1
0.8206591262453546
1
0.8118834805553371
1
0.7892842241388432
1
0.7461733480594478
1
0.8253480632125724
1
0.7981299111356746
1
0.8264679756187574
1
0.7555038318199193
1
0.7990138067061144
1
0.8225422190408683
1
0.790161865569273
1
0.8806746053208419
1
0.9109535056595616
1
0.7937461038915352
1
0.7782913021478804
1
0.8550820121437005
1
0.678568891865291
1
0.8103286766298463
1
0.8383627474879127
1
0.7666628601189204
1
0.8577641498308098
1
0.7943499294421937
1
0.8391575808405555
1
0.7805799220272903
1
0.7910562521046058
1
0.864286359111922
1
0.6698502790944976
1
0.7909876543209877
1
0.8612403441011236
1
0.7809986065393977
1
0.7661649220955105
1
0.8392638677225891
1
0.7899605253653313
1
