-1.092958688735962
-0.641997218132019
-0.8289847373962402
-0.9735278487205505
-0.8334291577339172
-0.6768166422843933
-1.3072166442871094
-0.6544187664985657
-0.9892804622650146
-0.5167133808135986
-0.6868817210197449
-0.6386056542396545
-0.938010573387146
-1.3241970539093018
-0.9496426582336426
-0.7031189799308777
-0.7866804003715515
-0.8431581854820251
-0.6570975184440613
-0.7050905823707581
-0.8993145823478699
-0.6795895099639893
-0.7457387447357178
-0.59930020570755
-0.8283214569091797
-0.6373428106307983
-0.8891812562942505
-0.7009038329124451
-0.7371728420257568
-0.6738395094871521
-0.9613540172576904
-0.5678370594978333
-0.7900751233100891
-0.6868445873260498
-0.8424040675163269
-0.704682469367981
-1.0401593446731567
-0.6328862905502319
-0.9085515141487122
-0.6029441952705383
-0.8437259197235107
-0.6193656325340271
-0.8834872841835022
-0.6871916055679321
-0.7367530465126038
-0.661004364490509
-0.8442292213439941
-0.6085343956947327
-0.9763294458389282
-0.6500390768051147
-0.9207777380943298
-0.6776161789894104
-0.8196340203285217
-0.6812624335289001
-0.7693116664886475
-0.5989639759063721
-0.8177924752235413
-0.5837999582290649
-0.7684098482131958
-0.6336560845375061
-0.6351031064987183
-0.6380700469017029
-0.9518508315086365
-0.6936982870101929
-0.7758244276046753
-0.6543053388595581
-0.7906831502914429
-0.5912110805511475
-0.9437991976737976
-0.6217813491821289
-0.9487423896789551
-0.657075047492981
-0.859462559223175
-0.6328676342964172
-0.955949604511261
-0.6358214020729065
-0.7886455059051514
-0.612842321395874
-0.9345133304595947
-0.5293601155281067
-0.8042710423469543
-0.7657023072242737
-0.8888739943504333
-0.6960324048995972
-1.0051016807556152
-0.7298951745033264
-0.8766691088676453
-0.6718807220458984
-0.762407124042511
-0.671750009059906
-0.8455899357795715
-0.6242236495018005
-0.8546730279922485
-0.6374092102050781
-1.1468415260314941
-0.5436328053474426
-0.9507179856300354
-0.7398914098739624
-0.6953818798065186
-0.6485152840614319
-0.8811354637145996
-0.6840552091598511
-0.8983380794525146
-0.7553495168685913
-0.8339623212814331
-0.6591301560401917
-0.8739027976989746
-1.0697025060653687
-0.6503680944442749
-0.6607109904289246
-0.8506999015808105
-0.5234352350234985
-0.7867751717567444
-0.5541679263114929
-0.7153717875480652
-0.6790229678153992
-0.7657825946807861
-0.6959201693534851
-0.9463450908660889
-0.7264999747276306
-0.7991127371788025
-0.617896556854248
-2.1907365322113037
-0.6543739438056946
-0.6693381667137146
-0.7297191619873047
-0.8175495266914368
-0.8282110691070557
-0.7459468245506287
-0.866659939289093
-0.949329674243927
-0.6775814890861511
-0.8560018539428711
-0.7125311493873596
-0.8385751247406006
-0.6123006939888
-0.8881975412368774
-0.63002610206604
-0.7369662523269653
-0.6827519536018372
-0.9906793236732483
-0.6096747517585754
-0.7589300870895386
-0.6836760640144348
-0.7897852659225464
-0.681999683380127
-0.9080674052238464
-0.7174481153488159
-0.9988356232643127
-0.6563923954963684
-0.7666965126991272
-0.6212518215179443
-0.830668568611145
-0.60474693775177
-0.8619822263717651
-0.5892156958580017
-0.8912127017974854
-0.6794116497039795
-0.6496803164482117
-0.5963436365127563
-0.9353495240211487
-0.6655495166778564
-0.8943175673484802
-0.8374202251434326
-0.8215235471725464
-0.642103910446167
-1.401381015777588
-0.6883940100669861
-0.8465927243232727
-0.6304146647453308
-0.7051194310188293
-0.5960665941238403
-0.6646865606307983
-0.8133889436721802
-0.7576307058334351
-0.6631643772125244
-1.1334609985351562
-0.6025110483169556
-0.7851467132568359
-0.7464402318000793
-0.9077807068824768
-0.6226921677589417
-0.839728593826294
-0.6726465821266174
-0.9166198968887329
-0.5499361753463745
-1.0194861888885498
-0.6040506362915039
-1.3429150581359863
-0.6374703049659729
-0.8087947964668274
-0.6399375200271606
-0.8779119253158569
-0.6609265208244324
-1.1060824394226074
-0.6374503970146179
-0.8511886596679688
-0.6260124444961548
-1.0314427614212036
-0.6543456315994263
