0.9891946911811829
1.0000001192092896
0.9930023550987244
1.000000238418579
0.9758595824241638
1.0000001192092896
0.9959791898727417
1.0000003576278687
0.9677026271820068
1.0000001192092896
0.9994878172874451
0.9999997615814209
0.9987639784812927
1.0
0.9970170259475708
0.9999998211860657
0.9933526515960693
1.0000001192092896
0.9933107495307922
1.0
0.9886809587478638
0.9999997615814209
0.991626501083374
1.0
0.98206627368927
1.0000001192092896
0.9944753050804138
1.0000001192092896
0.9912662506103516
1.0
0.990398108959198
0.9999993443489075
0.9818298816680908
1.0000001192092896
0.9884364604949951
1.0000001192092896
0.98918616771698
1.0000003576278687
0.9878503084182739
0.9999999403953552
0.9877299666404724
1.000000238418579
0.9943026304244995
1.0000003576278687
0.993695080280304
1.0
0.9894866943359375
1.0000001192092896
0.9918486475944519
0.9999997615814209
0.9956218004226685
0.9999998211860657
0.9854954481124878
1.0
0.9944362044334412
1.0000001192092896
0.9920538067817688
1.0000001192092896
0.9931113123893738
1.000000238418579
0.9697972536087036
0.9999998807907104
0.9888551831245422
0.9999997019767761
0.9892509579658508
0.9999998807907104
0.9907832741737366
1.000000238418579
0.9922971725463867
1.0000001192092896
0.9923638701438904
0.9999999403953552
0.991314172744751
1.0
0.9930229187011719
0.9999998211860657
0.990394115447998
0.9999998807907104
0.9901020526885986
1.0000003576278687
0.9934242367744446
1.0
0.9943839907646179
1.0000001192092896
0.9901465177536011
1.0000003576278687
0.9900253415107727
0.9999999403953552
0.9908725023269653
1.0
0.9947930574417114
1.0000001192092896
0.9910723567008972
1.0000003576278687
0.9848106503486633
1.0
0.9945560693740845
1.000000238418579
0.9957010746002197
0.9999997615814209
0.9938293099403381
0.9999997615814209
0.9872187376022339
1.0000003576278687
0.99311763048172
0.999999463558197
0.9968724846839905
1.0000001192092896
0.9981011152267456
0.999999463558197
0.9843374490737915
1.0
0.9970876574516296
1.0
0.9904928207397461
0.9999999403953552
0.9968191981315613
1.000000238418579
0.994952917098999
0.9999997019767761
0.9899729490280151
1.0000003576278687
0.9899846911430359
1.0000003576278687
0.9964917302131653
0.9999999403953552
0.9967119097709656
0.9999995231628418
0.9933710694313049
0.9999998807907104
0.9910524487495422
0.9999997615814209
0.9880766868591309
1.0000001192092896
0.9969891309738159
1.000000238418579
0.9968149662017822
1.0000003576278687
0.9895637035369873
0.9999997615814209
0.9916782379150391
0.9999998211860657
0.9961662888526917
0.9999997615814209
0.9977887868881226
1.0000003576278687
0.9943302869796753
1.0
0.9874359369277954
0.9999993443489075
0.9898584485054016
0.9999996423721313
0.983530580997467
0.9999998807907104
0.9889650344848633
0.9999996423721313
0.9981458187103271
1.0
0.9864096641540527
0.9999998211860657
0.9845362901687622
1.0
0.9931008219718933
1.0000004768371582
0.9966220259666443
1.0000003576278687
0.9965667724609375
1.000000238418579
0.9962866306304932
0.9999998807907104
0.9945411682128906
1.0000005960464478
0.9956700205802917
1.000000238418579
0.9969388246536255
0.9999998807907104
0.9961867928504944
1.0000001192092896
0.9882184863090515
1.0
0.9899190068244934
0.9999998807907104
0.9959374666213989
1.0000001192092896
0.9950840473175049
1.000000238418579
0.9876761436462402
1.0000001192092896
0.9865912199020386
1.0
0.9967526197433472
1.0000001192092896
0.9933862686157227
1.0000004768371582
0.9928598999977112
0.9999998211860657
0.9923333525657654
1.0000001192092896
0.9824268817901611
1.0000001192092896
