27.90393829345703
6.009240627288818
29.938024520874023
8.257963180541992
30.220312118530273
8.451951026916504
36.512237548828125
7.807002067565918
60.246212005615234
5.89100456237793
15.185447692871094
7.115841388702393
23.798179626464844
6.043849468231201
42.80622863769531
8.258766174316406
31.4361629486084
10.886153221130371
19.881296157836914
7.761663913726807
32.88977813720703
7.061099529266357
29.82779884338379
8.274592399597168
19.075672149658203
6.4513702392578125
41.24755859375
6.524585723876953
23.905515670776367
8.21280574798584
15.186861038208008
4.855974197387695
20.796234130859375
6.686278343200684
22.768688201904297
6.511687278747559
41.93561553955078
6.216556549072266
38.11588668823242
9.481203079223633
22.427858352661133
8.096708297729492
25.213632583618164
5.83878755569458
24.73157501220703
4.432560443878174
37.2619743347168
5.848649978637695
44.76219177246094
8.93950080871582
20.77630615234375
6.685719013214111
39.859256744384766
7.059077262878418
28.79892921447754
6.124563694000244
29.613351821899414
7.639516353607178
23.185945510864258
6.344601631164551
13.607611656188965
6.270656108856201
32.465126037597656
7.306758880615234
24.664016723632812
7.840413570404053
31.61112403869629
5.959746360778809
39.1329231262207
6.122744083404541
22.75919532775879
4.7028422355651855
20.63222312927246
6.712172508239746
37.52509689331055
6.231795310974121
28.035873413085938
6.564035892486572
27.57563018798828
4.922730445861816
16.66680335998535
6.826627731323242
40.255462646484375
4.8322248458862305
24.3272647857666
10.420251846313477
35.535404205322266
10.047924995422363
37.86721420288086
10.247299194335938
38.63517379760742
5.18278694152832
30.203155517578125
5.216965675354004
23.449508666992188
5.289456844329834
32.285030364990234
7.980278015136719
21.703590393066406
6.929378986358643
37.731475830078125
5.9608893394470215
28.906970977783203
8.343963623046875
22.845712661743164
6.453220844268799
26.323240280151367
14.794145584106445
13.435624122619629
6.347158908843994
20.530550003051758
5.698217391967773
16.54149627685547
6.884890079498291
25.816238403320312
7.9804511070251465
37.16487503051758
8.215031623840332
33.24446487426758
6.3386383056640625
19.325145721435547
10.095837593078613
26.90625762939453
6.802376747131348
24.45221710205078
7.025599479675293
36.595306396484375
9.49012565612793
21.589658737182617
12.325348854064941
23.981393814086914
8.79379653930664
27.529857635498047
6.10260009765625
38.62493896484375
7.554561138153076
23.109268188476562
5.714095115661621
30.417390823364258
8.938239097595215
54.32944869995117
6.454928398132324
29.228422164916992
7.066961765289307
19.64995574951172
5.46801233291626
23.595190048217773
4.406427383422852
47.95303726196289
5.60203218460083
14.690170288085938
6.873280048370361
22.805212020874023
4.98524808883667
58.54491424560547
7.453275680541992
23.636783599853516
6.574638843536377
24.785018920898438
9.786388397216797
39.19931411743164
6.571813106536865
28.744211196899414
6.305637836456299
32.539493560791016
8.409603118896484
80.91661834716797
8.772866249084473
44.320556640625
7.947376728057861
21.241880416870117
6.243895530700684
23.096731185913086
6.527649879455566
28.129085540771484
6.864447116851807
45.90922546386719
6.408421516418457
18.320968627929688
8.676225662231445
25.614078521728516
6.663191318511963
43.02774429321289
5.708519458770752
29.417516708374023
6.860477924346924
36.67639923095703
7.947704792022705
25.95456314086914
6.122264385223389
22.046674728393555
7.677376747131348
36.9687385559082
8.117027282714844
42.74637222290039
7.070626258850098
22.245838165283203
8.222301483154297
29.887189865112305
6.565037727355957
