-1.0179460048675537
-0.641997218132019
-0.7712851762771606
-0.9735278487205505
-0.8024320006370544
-0.6768166422843933
-0.9545757174491882
-0.6544187664985657
-0.8702269196510315
-0.5167133808135986
-0.6407065391540527
-0.6386056542396545
-0.8695444464683533
-1.3241970539093018
-0.8968518972396851
-0.7031189799308777
-0.7693488597869873
-0.8431581854820251
-0.6045629382133484
-0.7050905823707581
-0.7316786646842957
-0.6795895099639893
-0.7172325849533081
-0.59930020570755
-0.7530065774917603
-0.6373428106307983
-0.7814862132072449
-0.7009038329124451
-0.7027437090873718
-0.6738395094871521
-0.7891371846199036
-0.5678370594978333
-0.7285093665122986
-0.6868445873260498
-0.7863932847976685
-0.704682469367981
-0.9519018530845642
-0.6328862905502319
-0.8582902550697327
-0.6029441952705383
-0.7754284739494324
-0.6193656325340271
-0.8049577474594116
-0.6871916055679321
-0.6940492391586304
-0.661004364490509
-0.7645724415779114
-0.6085343956947327
-0.9156435132026672
-0.6500390768051147
-0.8505930304527283
-0.6776161193847656
-0.7221049666404724
-0.6812624335289001
-0.6686413288116455
-0.5989639759063721
-0.756088376045227
-0.5837999582290649
-0.7045767307281494
-0.6336560845375061
-0.612338125705719
-0.6380700469017029
-0.8999559879302979
-0.6936982870101929
-0.699870765209198
-0.6543053388595581
-0.7231873869895935
-0.5912110805511475
-0.8627595901489258
-0.6217813491821289
-0.915912926197052
-0.657075047492981
-0.8043821454048157
-0.6328676342964172
-0.8677694201469421
-0.6358214020729065
-0.6532899141311646
-0.612842321395874
-0.831759512424469
-0.5293601155281067
-0.7106359601020813
-0.7657023072242737
-0.8419902324676514
-0.6960324048995972
-0.9131050705909729
-0.7298951745033264
-0.7990163564682007
-0.6718807220458984
-0.9350714087486267
-0.671750009059906
-0.7471203207969666
-0.6242236495018005
-0.7946555614471436
-0.6374092102050781
-1.0904567241668701
-0.5436328053474426
-0.8293035626411438
-0.7398914098739624
-0.6582745909690857
-0.6485152840614319
-0.7866200804710388
-0.6840552091598511
-0.8224337697029114
-0.7553495168685913
-0.7808499336242676
-0.6591301560401917
-0.75284343957901
-1.0697025060653687
-0.6130306124687195
-0.6607109904289246
-0.7920889854431152
-0.5234352350234985
-0.6986362934112549
-0.5541679263114929
-0.6423786282539368
-0.6790229678153992
-0.6955313682556152
-0.6959201693534851
-0.8504714369773865
-0.7264999747276306
-0.8041101694107056
-0.6178964376449585
-0.6902344822883606
-0.6543737649917603
-0.6238469481468201
-0.7297191619873047
-0.772416889667511
-0.8282110691070557
-0.6985148787498474
-0.8666598200798035
-0.8261831402778625
-0.6775814890861511
-0.7536394596099854
-0.7125311493873596
-0.797275960445404
-0.6123006939888
-0.834999680519104
-0.63002610206604
-0.6911910772323608
-0.6827519536018372
-0.8589651584625244
-0.6096747517585754
-0.6842193603515625
-0.6836760640144348
-0.7128684520721436
-0.681999683380127
-0.8235911130905151
-0.7174481153488159
-0.9316146969795227
-0.6563923954963684
-0.7192564010620117
-0.6212518215179443
-1.0357131958007812
-0.60474693775177
-0.8523727655410767
-0.5892156958580017
-0.8490614891052246
-0.6794116497039795
-0.6241484880447388
-0.5963436365127563
-0.8655456900596619
-0.6655495166778564
-0.7382274866104126
-0.8374202251434326
-0.809349000453949
-0.642103910446167
-1.323969841003418
-0.6883940100669861
-0.7538957595825195
-0.6304146647453308
-0.610141396522522
-0.5960665941238403
-0.6135836839675903
-0.8133889436721802
-0.7426024675369263
-0.6631643772125244
-0.9975524544715881
-0.6025110483169556
-0.6805997490882874
-0.7464402318000793
-0.9141733646392822
-0.6226921677589417
-0.7930257320404053
-0.6726465821266174
-0.8310098648071289
-0.5499361753463745
-0.9351205229759216
-0.6040506362915039
-1.4128597974777222
-0.6374703049659729
-0.7668129205703735
-0.6399375200271606
-0.7669246792793274
-0.6609265208244324
-0.8941612243652344
-0.6374503970146179
-0.7719606161117554
-0.6260124444961548
-0.9166103601455688
-0.6543456315994263
