[[3, 4, 2, 8, 7, 5], [0, 3, 34, 28, 27, 6, 25], [7, 0, 2], [10, 7, 14, 0, 3, 8, 17, 2], [3, 14, 11, 0, 9, 12, 18, 15], [3, 20, 0, 9, 12, 4], [15, 0, 4, 11, 3, 8, 7, 1], [4, 0], [28, 33, 9, 2, 31, 3, 6, 11, 10, 27, 30], [15, 2, 4]]
[]
[[13, 37, 10, 32, 8, 15, 22], [15, 28, 33, 2, 30, 7, 21, 24, 4, 36], [35, 0, 1, 17, 16, 29, 20, 32, 9], [9, 5], [9], [4, 1, 3, 13, 20], [0, 1, 6, 14, 22], [22, 27, 2, 1, 4, 10, 5, 17, 21, 3, 24, 23, 29]]
[]
[[10, 6, 0, 4, 16, 3, 11], [7, 22, 3, 10, 26, 34, 40, 0, 4, 31], [7, 2, 14, 4, 33, 8, 18], [17, 1, 4], [2, 0, 18, 5, 4], [10, 0, 4, 11, 31, 19], [20, 6, 5, 0, 7, 14]]
[]
[[10, 17, 35, 0, 15, 4, 9], [1, 8, 13, 17, 19, 11, 20], [8, 20, 12, 17, 2, 4], [10, 20, 11, 15, 4, 3, 7], [27, 4, 8, 19, 1], [14, 19, 10], [15, 4, 8, 18, 22]]
[]
[[9, 6, 14, 4, 3, 19, 20, 18, 7, 23], [18, 23, 1, 21], [16, 14, 21], [24, 15, 29, 14], [8, 12, 6, 10, 11], [21, 4, 7, 19, 0, 17], [17, 4, 3, 16], [4, 3, 6, 10, 13, 7, 26, 5, 23, 8, 18], [13, 11, 3, 20, 21, 15, 1, 9]]
[]
[[8, 16, 0, 4, 12, 9, 11, 7, 5, 18], [1, 3, 11, 14, 9, 2, 8, 7, 0, 16, 12], [11, 14, 18, 8, 25], [22, 25, 0, 4, 28, 14, 18], [114, 123, 94, 96, 122, 30, 32, 47, 71, 81, 85, 103, 106, 134, 0, 4, 28, 41, 53, 58, 69, 72, 88, 100], [4, 18, 26, 19, 7, 25, 1]]
[]
[[3, 11, 4, 12], [1, 3], [25, 2, 13, 3, 11, 14], [7, 13], [20, 6, 23, 14, 19], [9, 20, 3, 13, 16, 1]]
[]
[[29, 32, 9, 26, 42, 18, 35, 39, 43, 30, 15, 27], [24, 27, 0, 28, 3, 21, 26, 6, 9, 25], [10, 4], [13, 2, 21, 26, 20, 24, 0, 10, 29, 7, 3, 8, 6], [33, 2, 13, 3, 11, 28, 14, 17, 31, 36], [11, 30, 2, 25, 19, 21, 6, 28]]
[]
[[13, 22, 17, 3, 8, 5, 2, 7], [5, 8, 0, 3], [16, 3, 2, 14, 6, 4, 29], [8, 5, 3, 2, 21, 0], [9, 6, 4, 12, 10], [1, 9, 4, 2, 17, 0], [12, 1, 4, 3]]
[]
[[11, 18, 0, 6, 5, 12, 15, 19], [1, 5, 11, 0, 9, 4], [22, 3, 0, 4, 23, 34, 16, 30, 9, 27, 13], [3, 17, 8, 24, 0], [13, 27, 36, 6, 18, 33, 1, 7, 24, 34], [10, 24, 33, 15, 30, 1, 21, 31, 34], [13, 0, 2, 21, 14, 16], [6, 18, 24, 0, 26, 31, 9]]
[]
[[8, 10, 4, 11, 13, 1, 18], [7, 2, 17, 16], [6, 2, 11, 14, 18, 21, 3, 5, 7, 12, 16, 13], [1, 14, 19, 3, 13], [8, 22, 3, 11], [11, 18, 29, 4, 23, 2], [7, 13, 6, 9, 15, 23]]
[]
[[14, 0, 4, 7, 10, 18, 21, 27], [17, 10, 5, 12, 2, 6, 13, 20, 1, 0, 11], [21, 2, 12, 3, 17], [15, 1, 6, 2], [10, 2, 7, 13, 27, 14, 22, 28, 3], [1, 16, 15, 24, 3, 17, 0], [20, 2], [10, 22, 14], [31, 14, 11, 28]]
[]
[[17, 5, 16, 10, 9], [17, 31, 15, 2], [11, 16, 6], [18, 0, 3, 25, 5, 8, 10, 26], [5, 17, 7, 11, 21, 9, 22, 19, 15], [8, 1], [11, 16, 3, 12], [6, 5, 22, 25, 15], [10, 15, 2, 1, 11], [5, 7, 20, 22, 27], [12, 26, 6, 10, 8], [2, 1, 4, 10, 19, 5, 3, 26, 0, 11, 27]]
[]
[[11, 19, 14, 17, 6, 20], [9, 2, 10, 1, 0, 7], [15, 5, 13, 7, 17], [3, 6, 12, 0, 18, 2, 15], [7, 0, 3, 6, 8], [5, 9, 3, 10, 19], [5, 19, 0, 9, 20, 16, 8], [3, 5, 6, 9], [10, 1]]
[]
[[23, 18, 4, 7, 11, 28, 25, 27, 6, 31], [28, 22, 26, 5, 24], [22, 15, 20, 3, 12, 5], [23, 3, 21, 14, 26, 11, 18, 17, 1], [17, 7, 8], [6, 32, 20, 13, 18], [16, 0, 12, 1, 13, 29]]
[]
[[9, 11, 6, 15, 0, 4], [29, 32, 15, 18, 25, 33, 3, 14, 5, 34], [14, 16, 10, 4, 8, 15], [6, 0, 4, 9, 12], [2, 0, 3, 12, 18, 21, 6, 17], [13, 15, 9, 3, 7, 14], [22, 6, 14, 0, 4, 15, 9, 12, 1], [2, 18, 29, 0, 3, 9, 14, 27, 6, 8, 19], [13, 15, 9, 3, 7, 14], [20, 6, 14, 15, 18, 0, 4, 9, 12], [14, 3, 5, 10], [15, 11, 17, 22, 2, 6, 19], [22, 1, 19, 5, 20, 2, 4]]
[]
[[8, 10, 5, 9], [11, 21, 13, 6, 17, 0, 22], [11, 5, 3, 6], [16, 1, 6, 2, 12, 0], [9, 14], [12, 3, 15, 10], [8, 16, 24, 3, 29], [14, 3, 12, 6, 4, 26], [18, 16, 0, 13, 12, 2, 32, 14, 21]]
[]
[[2, 20, 23, 28, 40, 8, 25, 33, 38, 13], [1, 7, 15, 3, 0, 18], [2, 1], [8, 11], [8, 11, 16, 6], [11, 14, 18, 23], [9, 18, 19, 1, 6, 11, 16], [8, 11, 6, 15, 24], [2, 1, 4, 11, 3, 5, 8, 15, 20], [3, 23, 26, 29, 16]]
[]
[[13, 4, 3, 12, 8], [8, 18, 3, 22, 21, 2, 6], [9, 4, 0, 18, 27, 2, 21, 16, 17, 22, 19], [3, 2, 9, 14, 7], [20, 29, 3, 5, 31, 0, 32, 17], [7, 12, 4], [16, 19, 2, 20, 15, 1, 5, 6, 12], [4, 10, 13, 24, 5, 21, 8, 17]]
[]
[[17, 12, 16, 0, 4, 18, 3], [8, 20, 4, 17, 12, 0, 10, 13], [6, 9, 0, 4, 8, 16], [9, 1, 6, 12, 15, 4, 14], [10, 14, 0, 3, 24, 27, 2, 22], [12, 0, 3, 15, 29, 1, 4, 7], [7, 4, 19, 17, 29, 10, 16, 25], [36, 7, 12, 21, 33, 41, 44, 19, 31, 42, 45]]
[]
[[21, 3, 10, 13, 11, 22, 27], [1, 6, 0, 15], [9, 15, 3, 7], [7, 4, 8, 15, 10], [8, 24, 3, 9, 16, 25, 21, 6], [20, 3, 2, 26, 15, 16, 13, 21, 30], [6, 10], [1, 3, 8, 0, 4], [21, 0, 8, 18, 6, 19]]
[]
[[6, 11, 14, 16, 9, 10], [6, 9, 1, 20, 4, 0], [2, 9, 1, 11, 14, 10, 0, 8, 15], [11, 0, 22, 26, 2, 7, 13, 16, 27, 12], [11, 5], [4, 7, 21, 24, 31], [9, 14, 17, 30, 34, 37, 7], [14, 22, 1, 11, 0, 2], [16, 24, 1, 10, 9, 14, 19], [15, 21, 33, 6, 5, 12, 26, 10, 13, 28, 23, 18, 1]]
[]
[[9, 11, 14, 0, 4, 3, 13], [28, 6, 22, 5, 21, 14], [2, 1, 8, 19, 23, 3, 9], [25, 3, 11, 17, 26, 13, 1], [21, 0, 8, 14, 24, 10, 17], [17, 1, 5, 6, 12], [19, 37, 13, 30, 45, 15, 32, 47, 0, 5, 11, 22, 28, 48], [23, 28, 17, 26, 20, 12, 18]]
[]
[[11, 5, 3, 15, 20, 8, 14, 7, 6], [6, 22, 2, 18, 0, 7, 13, 25], [20, 37, 6, 9, 14, 32, 4, 33], [6, 10, 24, 29, 22, 26, 30, 2, 25, 7, 40]]
[]
[[19, 9, 14, 3, 2], [11, 26, 1, 15, 4, 8, 20], [15, 11, 18, 6, 19, 22], [8, 1, 11, 19, 17, 10, 2, 6, 0], [10, 2, 13], [6, 12, 7, 9, 2, 0], [5, 8, 2, 11, 0, 9], [2, 20, 16, 24, 0, 7, 25, 4]]
[]
[[10, 0, 4, 8, 3], [14, 4, 8, 11, 9, 20, 7, 2, 23], [2, 15, 21, 26, 0, 3, 22, 23, 9, 19, 27], [33, 6, 22, 0, 13, 7, 42, 9, 23, 45, 14, 26], [16, 35, 5, 13, 21, 32, 10, 33, 7, 11, 30, 4], [5, 11, 1, 3, 2, 0, 12, 18, 21], [15, 7, 13], [13, 22, 17, 2, 1]]
[]
[[21, 11, 17, 27, 42, 0, 4, 18, 24, 43, 12, 30, 35, 2, 10], [10, 2, 5, 21, 29, 0, 22, 4, 17, 11, 27], [3, 14, 22, 0, 4, 15, 19, 27, 25, 6], [6, 11, 15, 2, 1], [11, 7, 6, 15, 25, 3, 13, 10, 12, 5], [2, 8, 11, 5, 3, 19, 23, 6, 15, 22, 26], [6, 25, 1, 18, 12, 23, 30, 3]]
[]
[[5, 9, 20, 3, 10, 13, 2, 21], [1, 27, 3, 6, 9, 16, 23, 30], [10, 9, 15, 18, 0, 16, 6], [25, 15, 31, 38, 13, 16, 29], [15, 10, 0, 21, 32, 1, 19], [16, 6, 14, 18, 19, 9, 11], [3, 0, 6], [6, 14, 17, 24, 12, 15, 3, 2], [8, 11, 5, 2, 6], [1, 21, 2, 4, 0]]
[]
[[14, 3, 7, 2, 25], [5, 8, 0, 3], [8, 6, 5, 21, 28, 31, 7], [15, 23, 18, 2, 12], [9, 0, 21, 6, 10], [1, 10, 11], [1, 14, 20, 22, 16, 0], [21, 1, 11, 14, 9, 19, 2, 7], [11, 21, 2, 24, 12, 22], [1, 18, 15, 19], [14, 10, 2, 17], [9, 15, 1, 3, 16, 6]]
[]
[[22, 5, 9, 3, 10, 13, 26, 29, 2], [5, 2, 0, 3, 8], [2, 5, 11, 13, 15, 8], [18, 14, 1, 19], [13, 10, 2, 5], [1], [8, 20, 2, 5, 17, 10], [15, 3, 6, 11, 2, 13, 16], [12, 15, 5, 20, 25, 1], [19, 11, 15, 23, 2, 14, 26, 9], [32, 37, 26, 7, 12, 9, 1, 11, 27, 0]]
[]
[[13, 19, 3, 7, 11, 20], [8, 6, 9], [6, 37, 8, 2, 10, 44], [4, 3, 0, 8, 7], [0, 7, 12], [0, 15, 7, 12, 26], [0, 15], [7, 14, 12, 4, 9, 17], [9, 1, 12, 13, 11]]
[]
[[28, 34, 8, 12, 21, 0, 4, 16], [8, 6, 11, 0, 9], [1, 4, 8, 11, 5, 9], [1, 3, 8], [14, 23, 18, 8, 11, 0], [17, 26, 0, 18, 30, 13], [10, 6, 18, 2, 4, 12, 17, 0, 3, 11], [8, 17, 21, 13, 19, 22, 1, 12, 0, 10]]
[]
[[8, 17, 14, 0, 4, 21, 9, 20, 11], [15, 17, 0, 7], [17, 2, 14, 3, 15], [15, 16], [0, 12, 17, 22, 9, 7], [13, 19, 11, 15, 18], [0, 10, 4, 6], [5, 15, 12, 14, 3, 11], [27, 14, 29, 0, 4, 9], [6, 8], [2, 11, 5, 3, 20, 6], [7, 13, 1, 3, 22, 17, 12]]
[]
[[12, 8, 18, 21, 3, 19, 2, 7], [9, 12, 1], [22, 24, 2, 0, 3, 16, 5, 11, 7, 10], [23, 27, 16, 20, 17, 29, 4], [16, 18, 30, 3, 7, 19, 23, 31, 10, 11, 24], [4, 9, 3, 8, 1], [3], [26, 3, 18, 27, 2, 17, 20, 19], [9, 10, 5, 3, 11, 19], [2, 17, 16, 0, 6, 10, 11]]
[]
[[22, 29, 14, 30, 18, 27], [1, 14, 19, 11], [23, 9, 18, 4, 16, 12], [18, 14, 22, 0, 9, 23], [1, 12, 7, 5, 26], [23, 3, 14, 31, 12, 27], [31, 26, 29, 21, 20, 4, 19, 0, 6, 9, 11], [2, 1, 10, 5, 0, 14, 19]]
[]
[[24, 0, 4, 3, 8, 7, 26, 1, 5, 9], [9, 3], [19, 16], [1, 7, 10, 0, 5], [15, 20, 10, 13, 25, 4, 3, 12, 11], [16], [12, 5, 9, 2, 13]]
[]
[[5, 12, 4], [23, 8, 1, 4, 13], [11, 8, 2, 9, 12], [2, 15, 0, 8, 16, 9], [2, 3], [2, 15, 8, 11], [15, 2, 11, 18, 0, 17], [2, 3, 9], [11, 0, 6, 2, 7, 15], [11, 16, 6, 13, 17], [15, 0, 8, 24, 25, 3, 10, 7]]
[]
[[13, 3, 14, 2, 9, 4, 17], [14, 2, 0], [16, 9, 8, 13, 7], [11, 1, 9, 10, 12], [18, 16, 3, 6, 10], [9, 7, 13, 16, 30, 3, 37], [6, 13, 16, 21, 3, 7, 24], [5, 33, 6, 14, 17, 2, 0, 20, 3, 9], [11, 16, 21, 19, 15, 1, 12, 2, 8], [6, 1, 3, 9]]
[]
[[15, 0, 10, 9, 13], [11, 2, 17, 1, 13], [8, 21, 14, 28, 5, 19, 24, 9, 26, 22, 20, 15], [12, 14, 2, 0, 8], [13, 10, 6], [10, 5, 1, 6, 0, 3], [0, 8, 11, 1, 5], [13, 3, 8, 4, 9, 0, 14], [9, 17, 21, 29, 32, 13, 27, 30, 6, 10], [10, 12, 21, 0, 3], [11, 37, 49, 19, 14, 29, 5, 8, 12, 21, 51]]
[]
[[3, 8, 2, 0, 4, 9, 11], [33, 24, 30, 22, 0, 6, 37], [3, 11, 5, 7, 2, 0, 8], [16, 7, 9, 2, 8, 1, 3], [21, 25, 2, 10, 0, 15], [9, 6, 5], [1, 7, 6, 5], [12, 16, 10], [5, 15, 4], [12, 7, 9, 4, 6, 2]]
[]
[[7, 12, 15, 24, 13, 25, 11, 3, 28, 14], [5, 19, 2, 18, 13, 0, 9, 14], [8, 27, 28, 17, 31, 10, 18, 25], [8, 2, 1, 0, 10, 3], [15, 16, 7, 19, 10, 13], [8, 2, 1, 0, 10, 3], [18, 19, 8, 22, 12, 16], [0, 9, 14], [4, 10], [9, 15, 10, 12, 14, 13, 17], [10, 1, 3, 0, 7], [19, 24, 3, 16, 12, 13, 22]]
[]
[[5, 11, 7, 3, 16, 0, 17], [10, 20, 24, 31, 27, 8, 2, 14, 1, 7], [8, 2, 0, 10, 7], [2, 0, 18, 24], [25, 15, 10, 16, 28, 35, 2], [3, 2, 11, 6, 0, 18], [2, 1, 9, 24], [8, 7, 17], [2, 0, 8, 3, 5, 6]]
[]
[[12, 10, 3, 2, 13, 11, 28, 32], [7, 4, 5], [3, 2, 8, 18, 0, 15], [2, 4, 13, 17, 16], [22, 2, 7, 17], [3, 8, 4], [18, 4, 15, 14], [6, 4, 8], [11, 8, 0, 18, 7, 10, 19], [7, 2, 0, 11, 3, 10]]
[]
[[19, 3, 7, 9, 8], [27, 3, 17, 10, 11, 19, 25, 1, 18], [12, 7, 13], [4, 7], [4, 9, 12, 6], [8, 4], [6, 14, 12, 11, 4, 13, 23, 15], [14, 0, 6, 12, 3, 19, 15], [], [8, 11, 0, 5, 3, 12, 18, 23, 6, 13]]
[]
[[20, 14, 7, 15], [1, 3, 6, 14, 12, 0], [8, 11, 9], [9, 18, 13, 16, 19, 6, 10], [21, 9, 8, 11, 0, 12, 18, 10], [12, 2, 7, 14, 13], [2, 5, 6, 0], [13, 7, 0, 16, 6], [], [2, 1, 9, 12, 5, 7, 16], [16, 21, 23, 18, 12, 11, 13]]
[]
[[10, 5, 14, 3, 6, 9, 15, 18, 25], [16, 4, 36, 2, 35, 24, 0, 18, 33, 3, 5, 12, 17], [11, 2, 17, 0, 13, 18, 21, 24, 10, 26], [2, 9, 12, 6, 7, 18, 23], [5, 9, 31], [0, 10, 1, 13, 14]]
[]
[[3, 6, 4, 14, 2, 10, 5], [8, 17, 27, 2, 30, 23, 0, 25], [4, 8, 21, 10, 11], [19, 0, 15, 24, 3, 18, 7, 13], [15, 7, 18, 0, 4, 19, 11, 3], [15, 6, 20, 4], [5, 12, 7, 15, 0], [20, 6, 4, 0, 14, 17], [10, 3, 11, 4], [7, 18, 8, 17, 20], [12, 7, 19, 0, 5, 20, 11], [10, 3, 2], [8, 19, 3, 15, 2, 9, 17, 22, 10]]
[]
[[5, 9, 3, 10, 2], [8, 3, 18, 27, 9], [3, 2, 13, 6], [16, 1, 2, 0], [14, 6], [3, 2, 16, 19, 20, 0, 21], [10, 5, 4, 13]]
[]
[[14, 3, 11, 15], [2, 0, 4], [1, 18, 4, 7, 19, 2, 17, 5, 21], [19, 5, 2], [14, 10, 18, 22, 7, 6, 9, 17], [14, 17, 2, 12, 25, 6, 15], [3, 15, 5, 9, 19, 22, 16, 23]]
[]
[[13, 20, 0, 3, 16, 2, 10], [8, 9, 31, 1, 32], [13, 0, 7, 19], [20, 6, 24, 17, 8, 15], [1, 10], [23, 26, 7, 11, 4, 2, 22, 19], [1, 4, 9], [16, 20, 5]]
[]
[[0, 14, 18, 21, 11], [14, 6, 2, 10, 1], [5, 15, 13, 17], [12, 2, 11, 5, 18, 0, 9, 16, 3], [18, 4, 15, 5, 16, 21, 14], [24, 20, 29, 4, 8, 30, 7, 25, 34, 28, 11, 12, 22, 31], [15, 25, 3, 22, 21, 17, 6, 7], [2, 18, 22, 8, 3, 21, 17], [9, 5]]
[]
[[7, 11, 19, 30, 13, 25, 32, 3, 14, 23, 29], [8, 15, 28, 17, 24, 0, 10, 13, 26], [19, 2, 5, 8, 16], [2, 1, 9, 14], [14, 16, 10, 0, 12, 29, 33, 6, 5], [16, 2], [6, 3, 2, 20, 15, 7]]
[]
[[11, 5, 4, 12], [7, 12, 2, 5, 24, 28, 0, 21, 20, 14, 15, 16, 23], [7, 20, 3, 24, 17, 18, 13, 14], [15, 13, 16], [18, 6, 15, 5, 16]]
[]
[[15, 8, 26, 6, 19, 24, 18, 13, 3], [6, 23, 28, 2], [10, 24, 3, 21, 14, 6, 20, 13], [8, 14, 18, 10, 17], [3, 2, 8], [19, 9, 12], [7, 3, 2], [11, 9, 14], [7, 20, 29, 19, 1], [9, 4, 2, 0, 10, 13], [4, 8, 1]]
[]
[[3, 7, 14, 6], [19, 9, 11, 16, 0], [6], [23, 3, 5, 0], [7], [12, 2, 1], [32, 2, 23, 0], [8]]
[]
[[12, 3, 26, 13, 7, 19], [9, 12, 1, 19, 2, 0, 11], [9, 25, 7, 16, 23, 29], [26, 1, 28, 37, 41, 43, 49, 5, 14, 34, 44, 2, 20, 21], [11, 24, 42, 45, 43, 2, 18, 34, 39, 37, 48, 8, 44], [5, 3, 1, 0, 21, 14, 23]]
[]
[[11, 7, 15, 0], [22, 2, 23], [25, 1, 8, 16, 3, 15, 5, 30], [16, 9, 7], [6, 3, 14, 0, 15, 2, 12, 7, 9], [], [32, 21, 20], [12, 8, 2, 19, 1, 6]]
[]
[[22, 14, 19, 0, 4, 6, 23, 9], [3, 5, 8], [5, 2, 6, 19, 13, 22], [12, 22, 35, 4, 7, 27, 1, 20, 18], [0, 4, 14], [7, 26, 1, 16], [18, 4, 14, 6, 13, 1], [0, 22, 6, 26, 3, 7, 27], [19, 4, 17, 1]]
[]
[[26, 3, 14, 11], [11, 2, 13, 17, 0, 14, 20, 10, 24, 15, 33], [6, 9, 10, 3, 2, 22, 0, 4, 12, 21], [22, 27, 35, 6, 37, 16, 20, 38], [28, 2, 8, 19, 23, 31, 6, 20, 39, 5, 27], [11, 5, 20, 8]]
[]
[[11, 0, 4, 10, 3], [1, 8, 13, 16, 5], [27, 13, 16, 1, 6, 9, 17, 11, 21, 24, 7], [9, 16, 5, 12, 7, 14, 0, 3, 6], [1, 17, 2], [15, 13, 7, 23], [13, 20, 3, 10, 7, 21, 8, 19, 14, 15, 23], [29, 31, 9, 13], [3, 9, 30, 19, 35, 40, 13, 20, 25]]
[]
[[27, 14, 16, 0, 11, 15, 4], [7, 2, 18, 19, 3], [0, 4], [7, 18, 5, 20, 4, 19], [2, 0, 5, 12]]
[]
[[23, 13, 16, 19, 3, 17, 12, 2, 14, 22], [1, 4, 21, 30, 15, 31, 34, 14, 2, 27, 0, 5], [10, 5, 13, 2], [31, 15, 18, 21, 2, 27, 1, 0, 14, 32], [6, 4, 0], [20, 2, 14, 24, 27, 12, 25, 21], [4, 7, 2, 15, 0, 3, 16], [31, 6, 10, 28, 0, 7, 18, 30, 33]]
[]
[[20, 29, 5, 13, 25, 4, 16], [40, 5, 0, 21, 30], [22, 33, 24, 28, 25, 29, 6, 17], [32, 20, 43, 1, 19, 42, 52, 29, 51], [22, 30, 17, 27, 2, 10], [26, 24, 6, 28, 17, 1], [10, 6, 23, 28, 19, 31, 18]]
[]
[[10, 0, 4, 11, 8], [1, 5, 0], [6, 12, 0, 4, 20, 21], [9, 2, 0, 5, 13], [31, 14, 16, 29, 3], [9, 29, 34, 5, 3, 2, 28, 1, 0, 30, 4, 31], [23, 28, 27, 21, 19, 24, 29]]
[]
[[3, 24, 2, 13, 25], [11, 9, 28, 25, 6], [33, 8, 31, 35, 24, 36, 15, 21], [5, 9, 29, 3, 19], [10, 23, 9, 13, 6, 7], [1, 13, 22, 10, 11], [1, 8, 18, 20], [16, 18, 22, 1, 6, 23], [19, 17, 15, 4, 26]]
[]
[[12, 15, 3, 11, 14, 0], [16, 13, 2, 10, 1, 0], [2, 9, 15, 0, 17], [9, 3], [9, 6, 0, 12, 15, 2, 13], [5], [4, 10], [13, 16, 17, 12, 2, 3, 7, 4], [12, 20, 3, 9], [8, 12, 0, 23, 29, 11, 2, 17]]
[]
[[0, 8, 11, 14, 10, 16, 17], [4, 1], [6, 1, 3, 2, 4, 10], [2, 1, 10, 5, 18, 0], [9, 21, 6, 13, 18], [7, 1, 17, 15], [1, 9, 4, 2, 17], [6, 12, 1]]
[]
[[12, 9, 3, 16], [11, 10, 5], [9, 7, 27, 3, 23, 10, 1], [29, 2, 17, 25, 32, 18, 23, 4, 21, 30], [13, 28, 29, 20, 24, 21, 23], [16, 28, 3, 19, 7, 18, 13, 11], [7, 10, 5, 1, 4, 0]]
[]
[[11, 3, 9, 15], [2, 11, 20, 27, 15, 21, 30, 3], [12, 18, 3], [20, 5, 22, 9, 16], [3, 12, 21, 28, 16, 22, 31], [2, 0, 3, 7], [15, 1, 5, 3, 0, 6, 11, 16]]
[]
[[9, 2, 10, 4, 16], [2, 14, 0, 7, 12, 6], [12, 22, 5, 21, 13, 16], [16, 2, 4, 8], [13, 10, 2, 9, 8], [19, 2, 1], [19, 1, 15, 11], [12, 21, 5, 15, 7, 22]]
[]
[[7, 20, 4, 8], [1, 3, 6, 26, 34, 35, 33, 20, 0, 4, 21], [29, 4, 7, 10, 13, 8, 3, 17, 23], [1, 10, 13, 11, 2, 0, 19], [15, 17, 2, 12, 9, 18, 10]]
[]
[[16, 7, 10, 12, 24, 0, 5, 8, 22, 25, 4, 21, 20, 2, 17, 26], [1, 3, 6], [4], [20, 4, 11, 16, 0, 5, 9], [2, 20, 34, 23], [34, 4, 9, 0, 10, 23, 32, 6]]
[]
[[18, 21, 7, 16, 10, 23, 20], [18, 6, 23, 2, 1, 3], [11, 22, 25, 32, 14, 5], [], [11, 6, 13, 20, 2, 19], [13, 6, 9, 11], [8, 17, 14, 6, 12], [6, 16, 2, 8, 18, 0, 3], [7, 29, 2, 27, 1, 10, 16], [1, 10, 5, 2, 0, 14]]
[]
[[3, 12, 21, 9, 6], [5, 19, 16, 17, 2, 0], [3, 8, 11, 20, 30, 9, 19, 16, 22], [2, 17, 5, 1, 0, 20, 8], [13, 11, 3], [8, 19, 1], [7, 1, 4], [13, 25, 15, 8], [1], [10, 24, 13, 26, 31, 7, 12]]
[]
[[3, 6, 7], [11, 25, 2, 16, 1], [17, 4, 6, 14, 2, 15, 19, 13, 18], [1, 13, 15, 7, 18, 19], [7, 20, 1, 12], [0, 4, 3, 17, 9], [0, 3, 9, 12], [14, 8, 18, 2, 16], [10, 13, 3, 2, 6]]
[]
[[17, 22, 24, 3, 18], [3, 8, 11], [24, 29, 15, 31, 0, 5, 9, 25, 4], [8, 10, 34, 0, 4, 32, 35, 41], [2, 10, 16, 0, 3], [11, 14, 4, 16, 9, 19, 0], [13, 20, 11, 14, 18, 21, 1], [18, 2, 4, 3, 5, 10, 12, 19], [4, 7, 10], [14, 2, 1, 8, 11, 17, 20, 24, 25, 28], [16, 1, 24, 21, 27, 2, 26]]
[]
[[9, 19, 12, 0, 3, 13, 6, 7], [11, 2, 1], [8, 4], [27, 2, 14, 8, 16, 1, 13, 20, 29], [20, 2, 1, 23, 25], [9, 1], [5, 10, 18, 12, 13, 20], [16, 2, 19, 14, 23, 3, 12, 27]]
[]
[[3, 2, 6, 8], [14, 2, 4, 0, 11, 17, 23], [27, 2, 14, 0, 5, 29, 9], [13, 17, 8, 12, 22, 3], [29, 33, 26, 6, 27, 15, 5, 19, 14, 34], [23, 17, 6, 18, 21, 8, 1]]
[]
[[6, 7, 26, 28, 21], [2, 12, 6, 17], [25, 0, 18, 21, 13, 16, 14], [6, 10], [0, 2, 10], [19, 6, 21, 5], [22, 15, 3, 17, 25, 12]]
[]
[[23, 0, 5, 10, 29, 8, 17], [0, 4, 22], [13, 20, 25, 3, 8, 11, 18, 21, 26, 1], [29, 25, 23, 26], [14, 4], [2, 0]]
[]
[[16, 22, 0, 4, 15, 13, 20], [6, 9, 15, 0, 7, 10], [8, 16, 2, 18, 19], [9, 1, 4, 29, 5, 25, 3, 0, 10, 14, 27], [8, 26, 31, 3, 15, 6, 0, 4, 14, 21, 7], [20, 2, 17, 4, 10, 14, 21], [19, 24, 16, 15, 6]]
[]
[[5, 7, 3, 8, 11], [1, 3, 14, 17, 8, 23, 37, 11, 0, 4, 12, 39], [1, 11, 43, 39, 2, 8, 9, 44, 41]]
[]
[[18, 21, 23, 3, 13, 24, 2], [18, 1, 22, 17, 0, 25], [8, 14, 3, 13, 12], [1, 3, 14, 17, 18, 8, 7, 12], [5, 7, 0, 16, 22, 29], [11, 8, 2, 12, 6], [], [7, 23, 13, 12]]
[]
[[4, 6, 13, 12], [5, 0, 13, 14, 1, 12, 6]]
[]
[[20, 29, 9, 8, 3, 1, 21], [16, 2, 0, 23, 19, 4, 10], [13, 20, 2, 23, 9, 18, 8, 17, 3, 11, 19], [16, 20, 3, 5, 10, 1, 15, 8], [4, 9, 21, 29, 5, 30, 14, 32, 38, 2], [6, 9, 3, 2, 21, 1, 0, 4], [6, 17, 23, 1, 27, 16, 24, 0]]
[]
[[20, 5, 16, 25, 28, 31, 3, 6, 14, 29, 32, 13], [4, 18, 6, 8, 22], [9, 5], [11, 20, 29, 32, 30, 33, 23], [18, 6, 15, 21, 12, 13, 14, 1], [15, 21, 23, 3, 12, 18, 9, 10, 11], [5, 11, 9, 12, 1, 0], [24, 13, 30, 10], [21, 14, 22, 20], [28, 5, 19, 0, 15, 2, 3]]
[]
[[14, 22, 7, 11, 10, 9, 16], [8, 2, 5, 1, 14, 13, 0, 18, 15], [23, 1, 6, 10, 22, 21], [13, 33, 9, 17, 35, 36, 8, 0], [1, 3, 7, 11, 16, 23, 4, 17, 28, 2, 5, 8], [5, 3, 1, 0, 6], [5, 11, 18, 2, 12, 13, 6], [5, 7, 11, 1, 25], [15, 4, 13, 26, 9, 14, 5, 8, 21, 2, 16]]
[]
[[11, 24, 14, 8, 5, 19, 25], [2, 19, 26, 6], [24, 2, 11, 28, 0, 9, 26, 23, 18, 29], [23], [22, 32, 17, 20, 4, 18, 26, 14], [13, 1]]
[]
[[18, 12, 3, 6, 15, 20, 5, 13], [17, 20, 1, 3, 6, 2, 21, 19, 10], [2, 7, 17, 19], [15, 18, 4, 2, 23, 0, 6, 12, 5, 11], [13, 18, 1, 20, 16, 21, 9], [13, 22, 32, 6, 18, 4, 10]]
[]
[[7, 13, 19, 26, 4, 8, 22, 30], [4, 9, 8, 12, 7], [12, 0], [18, 1, 9, 12, 23], [8, 12, 15, 7], [2, 8, 9, 12, 10, 3, 11, 5], [17, 0, 11, 2, 5, 21]]
[]
[[9, 4, 17, 16, 19, 6], [9, 20, 1, 3, 14, 0, 4], [13, 2, 5, 4], [25, 6, 1, 16, 0, 21]]
[]
[[15, 10, 18, 0, 4, 8, 16, 3, 21, 11, 6], [18, 0, 6, 12, 19], [16, 13, 20, 0, 21, 24, 29], [10, 5, 6, 9], [1, 4, 7, 2, 0], [1, 14, 6, 0], [11, 7, 14, 6], [11, 6, 16, 19, 22, 4, 20, 15, 13, 12], [15, 2, 19, 0, 6, 11, 20, 14], [6, 0, 4, 13]]
[]
[[8, 6, 9, 14, 19, 33, 0, 20], [9, 7, 31], [8, 14, 10, 1], [14, 12, 15, 19, 4]]
[]
[[25, 7, 4, 15, 26, 27, 18, 29, 5, 19], [5, 13], [10, 4, 1, 5], [11, 13, 21, 14, 4, 20, 23], [16, 8, 14, 22, 0, 9, 17, 23, 24], [25, 7, 15, 5, 4, 3, 16, 14, 9, 17, 8, 19], [13, 21, 9, 15, 6, 16, 5, 28, 20]]
[]
[[8, 10, 15, 3, 16, 9, 7], [6, 20, 18, 7], [10, 7], [6, 8, 15, 3, 14, 16, 9], [15, 2, 9, 4, 16, 10, 17], [5, 17, 2, 18, 13, 9], [10, 17, 1, 4], [10, 13, 7, 2, 8], [1, 6, 20, 3, 15, 2]]
[]
[[13, 25, 21, 18], [7, 32, 2, 1, 14, 10, 0], [9, 23], [15, 2, 0, 5, 16, 18, 14, 4], [3, 2, 11, 6, 1, 0], [24, 14, 1, 17], [34, 4, 16, 32, 14, 29, 8, 7, 6, 5, 9]]
[]
[[9, 3, 2, 7], [9, 18, 0, 3, 6, 2, 23, 22, 12, 19], [18, 5, 12, 23, 3, 21, 24, 8, 10, 20, 4], [9, 21, 37, 19, 35, 18, 25, 34, 43, 31, 20, 36, 44], [17, 4, 3, 10, 13, 7, 19, 8, 26], [13, 31, 35, 25, 42, 45, 54, 0, 23, 26, 40, 51, 6, 10], [20, 23, 36, 3, 11, 28, 9, 12, 8, 34]]
[]
[[23, 0, 8, 26, 29, 20, 18, 21, 25, 9, 22], [30, 1, 26, 12, 5, 9, 18, 23], [19, 30, 1, 4, 17, 14, 8, 31, 20], [15, 11, 1, 20, 17, 7, 21], [25, 13, 3, 11, 20, 18], [11, 1, 9, 12, 0, 15], [2, 7, 12, 29, 10, 21, 26, 30, 3, 19, 22], [28, 2, 19, 25, 0, 12, 26, 5, 11, 10], [2, 4, 3]]
[]
[[34, 12, 29, 27, 11], [27, 0, 18], [42, 8, 40, 37, 4, 33, 7, 41, 9, 16, 21], [1, 12, 16, 17, 9], [2, 28, 62, 0, 20, 41, 49, 58, 23, 6, 19, 48, 57, 38, 61, 22, 30, 3, 33, 50, 55], [12, 20, 5, 32, 17, 8, 28, 13, 22, 11]]
[]
[[11, 4, 10, 3], [18, 2, 5, 14, 22, 20, 1, 27, 0, 13, 29], [11, 12, 8], [1, 23, 10, 22, 4, 2, 24], [5, 2, 12, 3, 15, 6, 11], [18, 9, 0, 2, 3, 16], [6, 0, 11], [11, 4, 17, 23, 15], [1, 8, 0]]
[]
