0.9579735398292542
0.9999999403953552
0.9721623659133911
1.0
0.9670144319534302
0.9999999403953552
0.9806894063949585
1.0
0.9601508975028992
1.0
0.9884271621704102
0.9999999403953552
0.9872889518737793
1.0
0.963030993938446
0.9999999403953552
0.9695547819137573
1.0
0.9661864042282104
0.9999999403953552
0.978040874004364
1.0
0.9697393178939819
1.0
0.9747632145881653
0.9999998807907104
0.9681481719017029
1.0
0.9813491106033325
0.9999999403953552
0.9605482220649719
1.0
0.9725300669670105
0.9999999403953552
0.9671623706817627
1.0
0.9658353924751282
1.0
0.960810661315918
1.0
0.9730536937713623
0.9999999403953552
0.9762828350067139
0.9999999403953552
0.97355717420578
0.9999999403953552
0.9643186926841736
1.0
0.9642623662948608
1.0
0.978103518486023
0.9999998807907104
0.9656122326850891
1.0
0.9643862843513489
0.9999998807907104
0.9735974073410034
1.0
0.9689114689826965
1.0
0.9821428656578064
1.0
0.9730554819107056
1.0
0.9668123126029968
0.9999999403953552
0.9704095125198364
1.0
0.9697085022926331
1.0
0.9693355560302734
0.9999999403953552
0.9733149409294128
1.0
0.9651721119880676
1.0
0.9707400798797607
0.9999998807907104
0.9770756959915161
1.0
0.9640125036239624
0.9999999403953552
0.9692522883415222
1.0
0.9606464505195618
0.9999999403953552
0.9755055904388428
1.0
0.9688600301742554
1.0
0.9767345190048218
1.0
0.967710018157959
1.0
0.966526210308075
0.9999999403953552
0.9689378142356873
1.0
0.9812050461769104
0.9999998807907104
0.9715177416801453
1.0
0.9654620885848999
1.0
0.9658470153808594
1.0
0.9760003089904785
0.9999998807907104
0.9810963869094849
0.9999999403953552
0.9689756035804749
1.0
0.9771362543106079
0.9999998807907104
0.984109103679657
1.0
0.9696579575538635
1.0
0.9644810557365417
0.9999999403953552
0.9820566773414612
0.9999999403953552
0.9556188583374023
1.0
0.9866034984588623
1.0
0.9752651453018188
1.0
0.9753192067146301
1.0
0.9836437106132507
1.0
0.96745365858078
0.9999999403953552
0.9658995866775513
1.0
0.9793862700462341
1.0
0.9708810448646545
1.0
0.95872962474823
1.0
0.9821144938468933
0.9999999403953552
0.9741077423095703
0.9999998807907104
0.977308452129364
0.9999999403953552
0.959963321685791
0.9999999403953552
0.9792972803115845
0.9999999403953552
0.9709667563438416
0.9999998807907104
0.9715026617050171
1.0
0.9786814451217651
1.0
0.9849259853363037
1.0
0.9737071990966797
1.0
0.9680949449539185
0.9999999403953552
0.9780609011650085
0.9999999403953552
0.9725554585456848
1.0
0.9737030267715454
0.9999999403953552
0.9679983854293823
0.9999999403953552
0.9611346125602722
1.0
0.9659548401832581
1.0
0.9621868133544922
0.9999999403953552
0.9779720306396484
0.9999999403953552
0.9744648933410645
1.0
0.9724804162979126
0.9999999403953552
0.9851444363594055
0.9999999403953552
0.9548979997634888
1.0
0.9728577136993408
0.9999998807907104
0.9787979125976562
0.9999999403953552
0.9631884098052979
0.9999999403953552
0.9683621525764465
1.0
0.9747592210769653
0.9999999403953552
0.9638445973396301
1.0
