[[3, 4], [0, 3, 34, 28, 27, 6, 25], [7, 0, 2], [10, 7, 14, 0, 3, 8], [3, 14, 11, 0, 9, 12], [3, 20, 0, 9], [15, 0, 4, 11], [4, 0], [28, 33, 9, 2, 31, 3, 6, 11], [15, 2]]
[]
[[13, 37, 10, 32, 8], [15, 28, 33, 2, 30], [35, 0, 1, 17], [9], [], [4, 1], [0, 1, 6], [22, 27, 2, 1, 4, 10]]
[]
[[10, 6, 0, 4, 16], [7, 22, 3, 10], [7, 2, 14, 4, 33, 8, 18], [17], [2, 0, 18, 5, 4], [10, 0, 4, 11], [20, 6, 5]]
[]
[[10, 17, 35, 0], [1, 8, 13, 17], [8, 20, 12], [10, 20], [27, 4, 8], [14, 19], [15]]
[]
[[9, 6, 14, 4, 3], [18, 23], [16, 14], [24, 15], [8, 12, 6, 10, 11], [21, 4, 7, 19, 0], [17, 4, 3, 16], [4, 3, 6, 10, 13, 7, 26], [13, 11, 3, 20]]
[]
[[8, 16, 0, 4, 12], [1, 3, 11, 14, 9], [11, 14, 18], [22, 25, 0, 4], [114, 123, 94, 96, 122, 30, 32, 47, 71, 81], [4, 18, 26]]
[]
[[3, 11, 4], [1], [25, 2, 13], [7], [20, 6], [9, 20]]
[]
[[29, 32, 9, 26, 42, 18, 35, 39], [24, 27, 0, 28, 3, 21], [10, 4], [13, 2, 21, 26, 20, 24], [33, 2, 13, 3, 11], [11, 30, 2, 25, 19, 21]]
[]
[[13, 22, 17, 3, 8, 5], [5, 8, 0], [16, 3, 2, 14, 6, 4, 29], [8, 5, 3, 2], [9, 6], [1, 9], [12, 1]]
[]
[[11, 18, 0, 6, 5, 12], [1, 5, 11, 0], [22, 3, 0, 4, 23], [3, 17, 8], [13, 27, 36, 6, 18, 33], [10, 24, 33, 15, 30], [13, 0, 2], [6, 18, 24]]
[]
[[8, 10, 4, 11], [7, 2, 17], [6, 2, 11, 14, 18, 21], [1], [8, 22, 3], [11, 18, 29, 4], []]
[]
[[14, 0, 4, 7], [17, 10, 5, 12, 2], [21, 2, 12, 3], [15, 1, 6], [10, 2, 7], [1, 16, 15], [], [10], [31, 14]]
[]
[[17, 5], [17, 31, 15], [11], [18, 0], [5, 17, 7, 11, 21], [8], [11, 16], [6, 5], [10, 15, 2], [5, 7], [12, 26, 6], [2, 1, 4, 10, 19]]
[]
[[11, 19, 14, 17, 6], [9, 2, 10, 1], [15, 5, 13, 7], [3, 6, 12], [7, 0], [5, 9], [5, 19, 0, 9], [3, 5, 6, 9], [10]]
[]
[[23, 18, 4, 7, 11], [28, 22], [22, 15, 20], [23, 3, 21, 14], [17, 7], [6, 32], [16, 0, 12]]
[]
[[9, 11, 6, 15], [29, 32, 15, 18, 25], [14, 16, 10, 4], [6, 0, 4], [2, 0, 3], [13, 15, 9], [22, 6, 14, 0, 4, 15], [2, 18, 29, 0, 3, 9], [13, 15, 9], [20, 6, 14, 15, 18, 0], [14], [15, 11, 17], [22, 1]]
[]
[[8, 10, 5], [11, 21, 13, 6], [11, 5, 3, 6], [16, 1, 6, 2, 12], [9], [12], [8, 16, 24, 3], [14, 3, 12, 6, 4, 26], [18, 16, 0, 13, 12, 2, 32, 14]]
[]
[[2, 20, 23, 28], [1, 7, 15, 3], [2], [8, 11], [8], [11], [9, 18, 19, 1], [8, 11], [2, 1, 4, 11, 3, 5, 8], [3, 23]]
[]
[[13, 4, 3], [8, 18, 3, 22, 21], [9, 4, 0, 18], [3, 2, 9], [20, 29, 3, 5, 31], [7, 12, 4], [16, 19, 2, 20], [4, 10, 13, 24, 5]]
[]
[[17, 12, 16, 0, 4], [8, 20, 4, 17, 12], [6, 9, 0, 4], [9, 1, 6, 12, 15], [10, 14, 0, 3], [12, 0, 3, 15, 29], [7, 4, 19], [36, 7, 12, 21, 33]]
[]
[[21, 3], [1, 6, 0, 15], [9, 15, 3], [7, 4, 8], [8, 24, 3, 9, 16], [20, 3, 2, 26], [6], [1, 3, 8], [21, 0, 8]]
[]
[[6, 11, 14], [6, 9], [2, 9, 1, 11, 14], [11, 0, 22, 26], [11], [], [9, 14, 17], [14, 22, 1, 11], [16, 24, 1, 10, 9], [15, 21, 33, 6, 5, 12, 26]]
[]
[[9, 11, 14, 0, 4], [28, 6, 22, 5], [2, 1, 8], [25, 3, 11, 17], [21, 0, 8, 14], [17, 1], [19, 37, 13, 30, 45, 15, 32, 47, 0, 5], [23, 28, 17]]
[]
[[11, 5, 3, 15, 20], [6, 22, 2, 18], [20, 37, 6, 9, 14], [6, 10, 24, 29, 22, 26, 30]]
[]
[[19, 9, 14], [11, 26, 1, 15], [15, 11, 18], [8, 1, 11, 19], [10, 2], [6, 12, 7, 9], [5, 8, 2, 11, 0, 9], [2, 20, 16]]
[]
[[10, 0], [14, 4, 8, 11], [2, 15, 21, 26, 0, 3], [33, 6, 22, 0], [16, 35, 5, 13, 21, 32, 10, 33], [5, 11, 1], [15, 7], [13, 22]]
[]
[[21, 11, 17, 27, 42, 0, 4], [10, 2, 5, 21, 29, 0], [3, 14, 22, 0, 4], [6, 11, 15], [11, 7, 6, 15, 25], [2, 8, 11, 5, 3, 19, 23], [6, 25, 1, 18, 12]]
[]
[[5, 9, 20, 3, 10, 13], [1, 27, 3, 6, 9, 16], [10, 9, 15], [25, 15, 31], [15, 10, 0], [16, 6, 14, 18], [3, 0], [6, 14, 17, 24], [8, 11, 5, 2, 6], [1, 21]]
[]
[[14, 3, 7, 2], [5, 8, 0, 3], [8, 6], [15, 23, 18, 2], [9, 0], [1, 10], [1, 14, 20, 22, 16], [21, 1, 11, 14], [11, 21], [1], [14, 10], [9, 15, 1, 3]]
[]
[[22, 5, 9], [5, 2, 0], [2, 5, 11], [18, 14], [13, 10, 2, 5], [1], [8, 20, 2, 5], [15, 3, 6], [12, 15], [19, 11, 15, 23], [32, 37, 26, 7]]
[]
[[13, 19], [8], [6, 37, 8, 2], [4, 3, 0], [0], [0, 15], [0], [7, 14, 12, 4], [9, 1]]
[]
[[28, 34, 8, 12, 21], [8, 6, 11, 0], [1, 4, 8], [1], [14, 23, 18, 8], [17, 26, 0], [10, 6, 18, 2], [8, 17, 21]]
[]
[[8, 17, 14, 0, 4, 21], [15], [17, 2, 14, 3], [15], [0, 12], [13, 19], [0], [5, 15, 12], [27, 14], [6, 8], [2, 11, 5, 3, 20, 6], [7, 13, 1, 3]]
[]
[[12, 8, 18, 21, 3], [9, 12], [22, 24, 2, 0, 3], [23, 27, 16, 20], [16, 18, 30, 3, 7, 19, 23], [4, 9, 3], [], [26, 3, 18, 27], [9, 10], [2, 17, 16, 0]]
[]
[[22, 29, 14], [1, 14, 19], [23, 9, 18], [18, 14, 22], [1, 12], [23, 3, 14], [31, 26, 29, 21, 20], [2, 1, 10, 5]]
[]
[[24, 0, 4, 3], [9], [19], [1, 7, 10], [15, 20, 10, 13], [], [12, 5, 9, 2]]
[]
[[5, 12, 4], [23, 8], [11, 8, 2], [2, 15, 0, 8, 16], [2], [2, 15, 8, 11], [15, 2, 11, 18, 0], [2], [11, 0, 6], [11, 16], [15, 0, 8, 24]]
[]
[[13, 3, 14, 2, 9], [], [16, 9], [11, 1, 9], [18, 16, 3], [9, 7, 13, 16, 30, 3], [6, 13, 16, 21], [5, 33, 6, 14, 17, 2], [11, 16, 21, 19], [6, 1, 3]]
[]
[[15, 0, 10, 9, 13], [11, 2], [8, 21, 14, 28], [12, 14, 2], [13], [10, 5, 1], [0, 8, 11, 1], [13, 3, 8], [9, 17, 21, 29, 32], [10, 12], [11, 37, 49, 19]]
[]
[[3, 8, 2], [33, 24, 30, 22], [3, 11, 5, 7, 2], [16, 7, 9], [21, 25], [9, 6], [1, 7], [12, 16], [5, 15], [12, 7, 9]]
[]
[[7, 12, 15, 24, 13], [5, 19, 2, 18], [8, 27, 28, 17, 31], [8, 2, 1], [15, 16, 7, 19], [8, 2, 1], [18, 19, 8, 22, 12, 16], [], [4, 10], [9, 15, 10, 12, 14, 13], [10, 1, 3], [19, 24, 3, 16, 12]]
[]
[[5, 11, 7, 3], [10, 20, 24, 31, 27, 8], [8, 2, 0], [2, 0], [25, 15, 10], [3, 2, 11, 6], [2, 1], [8, 7], [2, 0, 8, 3]]
[]
[[12, 10, 3, 2, 13], [7, 4], [3, 2, 8], [2, 4, 13, 17], [22, 2], [3], [18, 4], [6, 4], [11, 8, 0, 18, 7], [7, 2]]
[]
[[19, 3, 7], [27, 3, 17, 10], [12, 7], [4], [4, 9, 12], [8, 4], [6, 14, 12, 11, 4], [14, 0, 6], [], [8, 11, 0, 5]]
[]
[[20, 14, 7, 15], [1, 3, 6, 14], [8], [9, 18], [21, 9, 8, 11], [12, 2, 7], [2, 5, 6, 0], [13, 7], [], [2, 1, 9, 12, 5, 7], [16, 21, 23]]
[]
[[10, 5, 14, 3, 6], [16, 4, 36, 2, 35, 24], [11, 2, 17, 0, 13], [2, 9, 12, 6], [5, 9], [0, 10, 1]]
[]
[[3, 6, 4, 14], [8, 17, 27, 2, 30], [4, 8], [19, 0, 15], [15, 7, 18, 0, 4], [15, 6], [5, 12], [20, 6, 4], [10, 3, 11], [7, 18, 8], [12, 7, 19], [10], [8, 19, 3, 15]]
[]
[[5, 9, 3, 10], [8, 3], [3, 2, 13, 6], [16, 1], [14, 6], [3, 2, 16], [10, 5, 4]]
[]
[[14, 3, 11], [2], [1, 18, 4, 7, 19, 2, 17], [19, 5], [14, 10], [14, 17, 2, 12, 25], [3, 15, 5, 9]]
[]
[[13, 20, 0, 3], [8, 9, 31], [13, 0], [20], [1], [23, 26, 7, 11], [1, 4], [16, 20]]
[]
[[0, 14], [14, 6], [5, 15], [12, 2, 11, 5], [18, 4, 15, 5], [24, 20, 29, 4, 8, 30, 7, 25], [15, 25, 3, 22, 21], [2, 18, 22], [9]]
[]
[[7, 11, 19, 30, 13, 25, 32, 3], [8, 15, 28, 17], [19, 2, 5], [2], [14, 16, 10, 0], [16], [6, 3]]
[]
[[11, 5, 4, 12], [7, 12, 2, 5, 24, 28, 0, 21, 20], [7, 20, 3, 24, 17], [15], [18, 6, 15, 5]]
[]
[[15, 8, 26, 6, 19, 24], [], [10, 24, 3], [8, 14], [], [19, 9], [7, 3, 2], [11], [7], [9, 4, 2], [4, 8]]
[]
[[3, 7], [19, 9], [6], [23, 3], [7], [12, 2], [32], []]
[]
[[12, 3, 26], [9, 12, 1, 19, 2, 0, 11], [9, 25], [26, 1, 28, 37, 41], [11, 24, 42, 45, 43, 2, 18, 34, 39, 37, 48], [5, 3, 1, 0, 21, 14, 23]]
[]
[[11, 7, 15], [22, 2], [25, 1, 8, 16], [16, 9], [6, 3, 14, 0, 15], [], [32, 21, 20], [12, 8, 2]]
[]
[[22, 14, 19, 0, 4], [3], [5, 2, 6], [12, 22, 35, 4], [0, 4, 14], [7], [18, 4], [0, 22, 6, 26], [19, 4]]
[]
[[26, 3], [11, 2, 13, 17, 0, 14, 20], [6, 9, 10, 3, 2, 22], [22, 27, 35, 6], [28, 2, 8, 19, 23, 31], [11, 5]]
[]
[[11, 0, 4, 10, 3], [1, 8], [27, 13, 16, 1, 6, 9, 17], [9, 16, 5, 12, 7], [1], [15], [13, 20, 3, 10, 7], [29, 31, 9], [3, 9, 30, 19, 35]]
[]
[[27, 14, 16, 0], [7, 2, 18], [], [7, 18, 5], [2, 0, 5, 12]]
[]
[[23, 13, 16, 19, 3, 17, 12, 2, 14, 22], [1, 4, 21, 30], [10, 5, 13, 2], [31, 15, 18, 21], [6, 4, 0], [20, 2, 14, 24, 27, 12, 25], [4, 7, 2, 15, 0, 3, 16], [31, 6, 10, 28, 0, 7, 18, 30, 33]]
[]
[[20, 29], [40, 5], [22, 33], [32, 20, 43, 1, 19, 42], [22, 30], [26, 24, 6], [10, 6, 23]]
[]
[[10, 0], [1, 5], [6, 12, 0, 4], [9, 2], [31, 14], [9, 29, 34, 5, 3, 2], [23, 28, 27]]
[]
[[3, 24, 2], [11], [33, 8, 31], [5, 9], [10, 23, 9], [1, 13, 22, 10], [1, 8], [16, 18, 22], [19, 17, 15]]
[]
[[12, 15, 3], [16, 13], [2, 9, 15, 0], [9], [9, 6, 0, 12], [], [4, 10], [13, 16, 17], [12, 20], [8, 12, 0]]
[]
[[0, 8, 11, 14], [], [6, 1, 3, 2, 4, 10], [2, 1], [9, 21], [7, 1, 17], [1, 9, 4], [6, 12, 1]]
[]
[[12, 9], [11, 10, 5], [9, 7, 27, 3], [29, 2, 17, 25, 32], [13, 28, 29], [16, 28, 3, 19, 7], [7, 10, 5]]
[]
[[11, 3, 9], [2, 11, 20], [12], [20, 5, 22], [3, 12, 21], [2, 0, 3, 7], [15, 1, 5]]
[]
[[9, 2, 10, 4], [2, 14, 0, 7], [12, 22], [16, 2, 4], [13, 10, 2], [19, 2, 1], [19, 1, 15, 11], [12, 21, 5, 15, 7]]
[]
[[7, 20, 4, 8], [1, 3, 6, 26, 34], [29, 4, 7, 10, 13, 8], [1, 10, 13, 11], [15, 17, 2, 12, 9]]
[]
[[16, 7, 10, 12, 24, 0, 5, 8], [1], [], [20, 4, 11], [2], [34, 4, 9]]
[]
[[18, 21, 7, 16, 10], [18, 6, 23], [11], [], [11, 6, 13], [13, 6, 9], [8, 17], [6, 16, 2, 8], [7, 29, 2], [1, 10, 5]]
[]
[[3, 12], [5, 19, 16, 17, 2], [3, 8, 11, 20, 30], [2, 17], [13, 11], [8, 19], [7, 1], [13, 25, 15], [1], [10, 24]]
[]
[[3, 6], [11, 25], [17, 4, 6, 14, 2], [1, 13, 15], [7], [0, 4, 3, 17], [0, 3, 9], [14, 8, 18], [10, 13]]
[]
[[17, 22, 24, 3], [3, 8], [24, 29, 15, 31, 0], [8, 10, 34], [2, 10, 16], [11, 14, 4], [13, 20, 11], [18, 2, 4, 3], [4, 7], [14, 2, 1, 8, 11, 17], [16, 1, 24]]
[]
[[9, 19, 12, 0, 3, 13, 6], [11, 2, 1], [8], [27, 2, 14, 8, 16], [20, 2, 1], [9], [5, 10, 18], [16, 2, 19]]
[]
[[3, 2, 6, 8], [14, 2, 4], [27, 2, 14, 0], [13, 17, 8], [29, 33, 26, 6, 27, 15], [23, 17]]
[]
[[6, 7, 26, 28], [2, 12, 6], [25, 0], [6, 10], [0, 2, 10], [19, 6, 21], [22, 15, 3]]
[]
[[23, 0, 5, 10, 29], [0, 4, 22], [13, 20, 25, 3], [29], [14], [2, 0]]
[]
[[16, 22, 0, 4], [6, 9, 15, 0, 7, 10], [8, 16, 2, 18], [9, 1, 4, 29, 5], [8, 26, 31, 3, 15, 6], [20, 2, 17, 4], [19, 24]]
[]
[[5, 7, 3, 8], [1, 3, 14, 17, 8, 23, 37], [1, 11, 43, 39, 2, 8, 9, 44]]
[]
[[18, 21, 23], [18, 1, 22], [8, 14, 3], [1, 3, 14, 17, 18], [5, 7], [11, 8, 2, 12], [], [7, 23]]
[]
[[4, 6], [5, 0, 13]]
[]
[[20, 29, 9], [16, 2], [13, 20, 2, 23, 9], [16, 20, 3, 5, 10], [4, 9, 21, 29], [6, 9, 3, 2, 21], [6, 17, 23]]
[]
[[20, 5, 16, 25, 28, 31, 3, 6], [4], [9], [11, 20, 29, 32], [18, 6], [15, 21, 23, 3, 12], [5, 11, 9, 12], [24], [21, 14], [28, 5, 19, 0]]
[]
[[14, 22, 7, 11, 10, 9, 16], [8, 2, 5, 1, 14], [23, 1, 6, 10], [13, 33, 9, 17, 35], [1, 3, 7, 11, 16, 23, 4, 17], [5, 3], [5, 11], [5, 7, 11], [15, 4, 13, 26, 9, 14]]
[]
[[11, 24, 14, 8], [2], [24, 2, 11, 28, 0, 9, 26], [], [22, 32, 17, 20, 4, 18], [13, 1]]
[]
[[18, 12], [17, 20, 1, 3, 6], [2], [15, 18, 4, 2, 23], [13, 18, 1, 20], [13, 22, 32]]
[]
[[7, 13, 19, 26, 4], [4, 9], [12], [18], [8], [2, 8, 9, 12, 10], [17, 0, 11]]
[]
[[9, 4, 17, 16, 19, 6], [9, 20, 1, 3, 14], [13, 2, 5], [25, 6]]
[]
[[15, 10, 18, 0, 4, 8], [18, 0], [16, 13, 20], [10, 5, 6], [1, 4, 7], [1], [11, 7], [11, 6, 16, 19, 22, 4], [15, 2, 19, 0], [6, 0, 4]]
[]
[[8, 6, 9, 14], [9], [8, 14], [14, 12]]
[]
[[25, 7, 4, 15, 26, 27, 18, 29], [5, 13], [10, 4], [11, 13, 21, 14, 4], [16, 8, 14, 22], [25, 7, 15, 5, 4, 3, 16, 14, 9], [13, 21, 9, 15, 6, 16, 5]]
[]
[[8, 10, 15, 3], [6, 20], [], [6, 8, 15, 3, 14], [15, 2, 9, 4], [5, 17, 2], [10, 17], [10, 13, 7, 2, 8], [1, 6]]
[]
[[13, 25, 21], [7, 32, 2], [], [15, 2, 0, 5], [3, 2, 11], [24, 14], [34, 4, 16, 32, 14]]
[]
[[9, 3, 2, 7], [9, 18, 0, 3, 6, 2], [18, 5, 12, 23, 3, 21], [9, 21, 37, 19, 35], [17, 4, 3, 10, 13, 7, 19, 8], [13, 31, 35, 25, 42, 45, 54], [20, 23, 36, 3, 11, 28]]
[]
[[23, 0, 8, 26, 29, 20, 18], [30, 1, 26, 12], [19, 30, 1, 4, 17], [15, 11, 1], [25, 13, 3], [11, 1, 9], [2, 7, 12, 29, 10], [28, 2, 19, 25, 0, 12], [2]]
[]
[[34, 12], [27], [42, 8, 40, 37, 4, 33], [1, 12], [2, 28, 62, 0, 20, 41, 49, 58, 23, 6, 19, 48, 57], [12, 20, 5, 32, 17]]
[]
[[11, 4, 10, 3], [18, 2, 5, 14, 22, 20, 1], [11], [1, 23, 10, 22, 4], [5, 2, 12], [18, 9, 0, 2], [6], [11, 4], [1, 8, 0]]
[]
