0.9475144743919373
1.0
0.9751384258270264
1.0
0.9782111048698425
0.9999998807907104
0.9224413633346558
1.000000238418579
0.940624475479126
1.0000001192092896
0.9573361277580261
1.0000001192092896
0.9855585098266602
1.000000238418579
0.9938527345657349
1.0000001192092896
0.9810957908630371
1.000000238418579
0.957127571105957
1.0
0.9462490081787109
1.0
0.983414888381958
1.0000003576278687
0.9321069717407227
1.0000001192092896
0.9389846324920654
1.000000238418579
0.9788331985473633
0.9999998807907104
0.9400471448898315
1.0000001192092896
0.9772104620933533
1.0
0.9614081382751465
1.000000238418579
0.9446198344230652
0.9999998807907104
0.9535022974014282
1.0
0.9906368255615234
1.0
0.9404044151306152
0.9999998807907104
0.979062557220459
0.9999995231628418
0.9710501432418823
0.9999996423721313
0.9720611572265625
1.0000001192092896
0.9639756679534912
1.0000001192092896
0.863418698310852
1.0
0.9692320823669434
0.9999998807907104
0.9842443466186523
1.000000238418579
0.9624770879745483
1.000000238418579
0.9551976323127747
0.9999997019767761
0.9636762142181396
1.0000001192092896
0.9559429883956909
0.9999998807907104
0.8344734907150269
1.0000001192092896
0.9480469226837158
1.000000238418579
0.9075052738189697
1.0
0.9388735294342041
1.0
0.9344196319580078
1.0000001192092896
0.9496400356292725
0.9999997615814209
0.7748639583587646
0.9999998807907104
0.9775139093399048
1.0000001192092896
0.8503872156143188
0.9999998807907104
0.9732587933540344
1.0000001192092896
0.8376220464706421
0.9999998807907104
0.981941282749176
1.0000001192092896
0.9064944982528687
0.9999998807907104
0.9561166763305664
1.000000238418579
0.9320720434188843
1.000000238418579
0.9868966341018677
1.0
0.9433934688568115
0.9999999403953552
0.9480383992195129
1.000000238418579
0.9399818181991577
0.9999998807907104
0.9702670574188232
1.000000238418579
0.9555578827857971
0.9999997615814209
0.8826112747192383
0.9999994039535522
0.9076701998710632
1.000000238418579
0.9102678894996643
0.9999997615814209
0.975480854511261
1.000000238418579
0.8976266384124756
1.0000001192092896
0.9594659209251404
1.000000238418579
0.9818663597106934
1.000000238418579
0.9845858812332153
0.9999997615814209
0.9676174521446228
1.0000004768371582
0.9410406351089478
0.9999998807907104
0.9570969343185425
1.000000238418579
0.9726520776748657
1.000000238418579
0.915784478187561
1.0000001192092896
0.9659122228622437
1.0
0.9715973734855652
1.0
0.9775145053863525
1.0
0.9749443531036377
0.9999998211860657
0.8581682443618774
0.9999996423721313
0.9724007248878479
0.9999998807907104
0.972847580909729
1.0000001192092896
0.9442216157913208
0.9999997615814209
0.7009504437446594
0.9999998807907104
0.9379708766937256
1.0000001192092896
0.9642881155014038
1.0000001192092896
0.9870303869247437
1.0000003576278687
0.9328983426094055
1.000000238418579
0.9833641052246094
1.0
0.9487354755401611
1.0
0.9640732407569885
1.000000238418579
0.9408060312271118
0.9999998807907104
0.9677882194519043
1.000000238418579
0.9576650857925415
1.0000001192092896
0.9796218872070312
1.0
0.9756566286087036
1.0
0.9723933935165405
0.9999997615814209
0.9255331158638
0.9999995827674866
0.9071232676506042
0.9999997615814209
0.9463214874267578
0.9999998211860657
0.9052754044532776
0.9999998211860657
0.989122211933136
1.0000003576278687
0.9680370092391968
1.0
0.9246824979782104
0.9999998807907104
0.9639748334884644
0.9999998211860657
0.9405677318572998
1.000000238418579
0.96269690990448
1.000000238418579
0.9258972406387329
1.0000001192092896
