-1.9393763542175293
-0.641997218132019
-1.3974279165267944
-0.9735278487205505
-1.418789267539978
-0.6768166422843933
-1.4369994401931763
-0.6544187664985657
-1.824385166168213
-0.5167133808135986
-0.8838602900505066
-0.6386056542396545
-1.36760675907135
-1.3241970539093018
-1.7314985990524292
-0.7031189799308777
-1.5790683031082153
-0.8431581854820251
-1.3484547138214111
-0.7050905823707581
-1.1814137697219849
-0.6795895099639893
-1.2306009531021118
-0.59930020570755
-1.141938328742981
-0.6373427510261536
-1.5166314840316772
-0.7009038329124451
-1.0671143531799316
-0.6738395094871521
-1.3598644733428955
-0.5678370594978333
-1.3848515748977661
-0.6868445873260498
-1.4309616088867188
-0.704682469367981
-1.684570074081421
-0.6328862905502319
-1.7522289752960205
-0.6029441952705383
-1.2218608856201172
-0.6193656325340271
-1.2872604131698608
-0.6871916055679321
-1.16837477684021
-0.661004364490509
-1.701492190361023
-0.6085343956947327
-1.6756229400634766
-0.6500390768051147
-1.2551915645599365
-0.6776161193847656
-1.5832176208496094
-0.6812624335289001
-1.5016034841537476
-0.5989639163017273
-1.409576654434204
-0.5837999582290649
-1.3877825736999512
-0.6336560845375061
-1.0514039993286133
-0.6380700469017029
-1.5716133117675781
-0.6936982870101929
-1.2964606285095215
-0.6543053388595581
-1.3201417922973633
-0.5912110805511475
-1.5416373014450073
-0.6217813491821289
-1.465484619140625
-0.657075047492981
-1.2759556770324707
-0.6328676342964172
-1.603238821029663
-0.6358214020729065
-1.2338889837265015
-0.612842321395874
-1.391203761100769
-0.5293601155281067
-1.477815866470337
-0.7657026052474976
-1.4425048828125
-0.6960322260856628
-1.7445955276489258
-0.7298951745033264
-1.3354299068450928
-0.6718807220458984
-1.7242757081985474
-0.671750009059906
-1.49261474609375
-0.6242236495018005
-1.5873130559921265
-0.6374092102050781
-1.7115874290466309
-0.5436328053474426
-1.5412547588348389
-0.7398914098739624
-0.9988405704498291
-0.6485152840614319
-1.3489437103271484
-0.6840552091598511
-2.261458158493042
-0.7553495168685913
-1.8039401769638062
-0.6591301560401917
-1.1866072416305542
-1.0697025060653687
-0.8764395117759705
-0.6607109904289246
-1.4212669134140015
-0.5234352350234985
-1.2059738636016846
-0.5541679263114929
-0.9858754277229309
-0.6790229678153992
-1.3990733623504639
-0.6959201693534851
-1.6892483234405518
-0.7264999747276306
-1.2206934690475464
-0.6178964972496033
-3.4391613006591797
-0.6543737649917603
-1.0829813480377197
-0.7297191619873047
-1.2342180013656616
-0.8282110691070557
-1.2924538850784302
-0.866659939289093
-1.23866868019104
-0.6775815486907959
-1.4835164546966553
-0.7125311493873596
-1.417738676071167
-0.6123006939888
-1.276832103729248
-0.63002610206604
-1.3678604364395142
-0.6827519536018372
-1.9548715353012085
-0.6096747517585754
-1.096729040145874
-0.6836760640144348
-1.1933645009994507
-0.681999683380127
-1.3950170278549194
-0.7174480557441711
-1.5644357204437256
-0.6563923954963684
-1.1369645595550537
-0.6212518215179443
-1.4571080207824707
-0.60474693775177
-1.7166738510131836
-0.5892156958580017
-1.3882431983947754
-0.6794116497039795
-0.9632201194763184
-0.5963436365127563
-1.5833467245101929
-0.6655495166778564
-1.4383373260498047
-0.8374202251434326
-1.2119343280792236
-0.642103910446167
-2.247026205062866
-0.6883940100669861
-1.36477530002594
-0.6304146647453308
-1.4252469539642334
-0.5960665941238403
-1.4429296255111694
-0.8133889436721802
-1.4265340566635132
-0.6631643772125244
-1.6581707000732422
-0.6025110483169556
-1.2024807929992676
-0.7464402318000793
-1.4719840288162231
-0.6226921677589417
-1.4693808555603027
-0.6726465821266174
-1.158538818359375
-0.5499361753463745
-1.8701844215393066
-0.6040506362915039
-2.3057940006256104
-0.6374703049659729
-1.2073270082473755
-0.6399375200271606
-1.6116474866867065
-0.6609265208244324
-1.5362284183502197
-0.6374503970146179
-1.1610517501831055
-0.6260124444961548
-1.7057011127471924
-0.6543456315994263
