0.6840837770769788
1
0.706401502835095
1
0.7113452967393854
1
0.7775035206363453
1
0.715326388204235
1
0.8435663914012322
1
0.8231714553618542
1
0.7011029127713823
1
0.7760729642569203
1
0.7336933313664139
1
0.7607749044699192
1
0.7613420807491481
1
0.7186258311012836
1
0.7488339326388181
1
0.7978951727179107
1
0.5471470836855452
1
0.7540168969935478
1
0.7419353309134689
1
0.7036082786376376
1
0.7303201925752095
1
0.6961846658167911
1
0.7367408610452888
1
0.7062929501376483
1
0.6598040352291256
1
0.6776997041420119
1
0.7701853251695684
1
0.6059941682955032
1
0.6777035889108461
1
0.7228620197077956
1
0.6771017204668729
1
0.7801372563514946
1
0.6755309325946446
1
0.7412839586880995
1
0.7321412281387651
1
0.7070646179182529
1
0.7990714740930204
1
0.7242939087833495
1
0.6822261623361778
1
0.7093250754572425
1
0.7405061255221511
1
0.6965830661088576
1
0.7854256389537573
1
0.6548766579699731
1
0.7444159212032296
1
0.7370591302070914
1
0.7282984142731166
1
0.7462695133149678
1
0.7852789661203881
1
0.6795132627425594
1
0.7836504032750824
1
0.7016910745284447
1
0.7939483432659612
1
0.7402278609354571
1
0.718911716257585
1
0.89960756694096
1
0.7487885652940316
1
0.8068801629851236
1
0.8009283950617284
1
0.7551721858682001
1
0.6850985638154148
1
0.809128675017888
1
0.7448154617934247
1
0.7781168190202313
1
0.7793855824658754
1
0.7332682251839997
1
0.7379551226414058
1
0.744142476606789
1
0.7758746689634831
1
0.726267515923567
1
0.7850800694010116
1
0.7140569767585077
1
0.7696663569289908
1
0.7158105314147033
1
0.7891572384362289
1
0.715397910853137
1
0.7466590564177059
1
0.7504194049202311
1
0.6609096258064516
1
0.8447645754783097
1
0.8873615506329113
1
0.7142663393026923
1
0.7533816425120775
1
0.7966927165442999
1
0.5215303215303215
1
0.7225980116959064
1
0.7380285130022862
1
0.6791173043470148
1
0.8020242892905192
1
0.693284951077953
1
0.7550932065655831
1
0.7314425628113493
1
0.7241304420461758
1
0.7912097288944132
1
0.638827334216252
1
0.747887597522291
1
0.7682329070263705
1
0.7181794756168266
1
0.7151487744468175
1
0.7796629215255376
1
0.7545786766197896
1
