0.9697696268558502
0.9999999701976776
0.9810492023825645
0.9999999761581421
0.9747498801776341
0.9999999602635702
0.9839668784822736
0.9999999602635702
0.971768769952986
0.9999999925494194
0.9825634658336639
0.9999999523162841
0.9896482427914938
0.9999999165534973
0.9744252860546112
1.0000000066227384
0.9772214889526367
0.9999999105930328
0.9738899692893028
1.0000000099341075
0.9856854251452855
0.9999999880790711
0.9768167601691352
0.9999999536408318
0.9820368786652883
0.9999999850988388
0.9740695489777459
0.9999999744551522
0.9846933313778469
0.9999999403953552
0.9707575532106253
0.9999999891627919
0.9801131288210551
0.9999999602635702
0.9741302311420441
0.9999999668863084
0.9749405607581139
0.999999980131785
0.9689929261803627
0.9999999642372132
0.9792915715111626
0.999999980131785
0.9793165147304534
0.9999999523162841
0.9807033538818359
0.9999999744551522
0.9665835499763489
0.9999999744551522
0.9729866087436676
1.0
0.9834451377391815
0.9999999900658926
0.9719838925770351
1.0000000216744163
0.971415662765503
0.9999999701976776
0.9821636229753494
0.9999999950329462
0.9759881713173606
0.9999999867545234
0.9878074195649889
0.9999999503294627
0.9765788689255714
0.9999999536408318
0.9761142780383428
0.9999999668863084
0.9805785894393921
0.9999999821186065
0.976861946284771
0.9999999620697715
0.9800055878502982
0.9999999701976776
0.980324696410786
0.999999980131785
0.9748634397983551
0.9999999318804059
0.9731715267354791
0.9999999925494194
0.9818862318992615
0.9999999761581421
0.9734764893849691
0.9999999403953552
0.9739115039507548
0.9999998807907104
0.9700111508369446
0.9999999271498786
0.9815390050411225
0.9999999776482582
0.9785105748610063
1.0000000066227384
0.9779564241568247
0.9999999602635702
0.9763851211621211
1.0000000149011612
0.9786490627697536
0.9999999701976776
0.977171071938106
0.9999999900658926
0.9874320328235626
0.999999925494194
0.9784547554122077
0.9999999552965164
0.9774029340062823
1.0
0.9741225719451905
0.9999999701976776
0.9806816415353254
0.9999999602635702
0.9873267039656639
0.999999980131785
0.9724847475687662
0.999999980131785
0.9827145710587502
0.9999999950329462
0.9884443481763204
0.9999999850988388
0.97625000278155
0.9999999503294627
0.974483052889506
0.9999999503294627
0.9838304281234741
0.9999999925494194
0.9658139944076538
0.9999999503294627
0.986839268888746
0.999999962747097
0.9786375505583627
0.9999999602635702
0.9814847972657945
0.9999999602635702
0.9856568515300751
0.9999999642372132
0.9774072915315628
0.9999999701976776
0.9729315297944205
0.9999999403953552
0.9819582104682922
0.9999999403953552
0.9769474416971207
0.9999999744551522
0.9650809407234192
0.9999999503294627
0.9874024788538615
1.0000000536441802
0.9830908179283142
0.9999999821186065
0.9822780847549438
1.0000000529819064
0.9691325227419535
1.0000000149011612
0.9845204732634805
0.9999999478459358
0.9766103029251099
0.9999999536408318
0.9773849745591482
0.9999999914850507
0.9824234076908657
1.0
0.9849727551142374
0.9999999867545234
0.9755619934626988
0.9999999403953552
0.975169837474823
0.9999999701976776
0.9818397909402847
0.9999999821186065
0.9718360304832458
0.9999999925494194
0.9777525578226361
0.9999999744551522
0.9761728048324585
0.9999999403953552
0.9719028472900391
1.0
0.9739269018173218
0.9999999900658926
0.9700381060441335
1.0000000223517418
0.9835394365446908
0.9999999642372132
0.9767694473266602
1.0000000596046448
0.9800558805465698
0.9999999523162841
0.9826416969299316
0.9999999744551522
0.9686406425067356
0.9999999701976776
0.9816435840394762
0.999999965940203
0.9836619666644505
0.9999999403953552
0.9672124300684247
1.0
0.9773252473937141
1.0000000223517418
0.9827326635519663
1.0000000085149492
0.9735299017694261
0.9999999850988388
