0.9936810493469238
1
0.9938221871852875
1
0.98959367615836
1
0.9934592247009277
1
0.8910252236657672
1
0.9920601348082224
1
0.9930160244305929
1
0.9012032548586527
1
0.9942048532622201
1
0.938868835568428
1
0.9902389134679522
1
0.9933670891655816
1
0.9893235862255096
1
0.9932004345787896
1
0.9927929299218314
1
0.9911596958453839
1
0.9938187665409512
1
0.8982847731560468
1
0.982964038848877
1
0.9896806627511978
1
0.9923029806878831
1
0.979465538263321
1
0.9936721622943878
1
0.9942649900913239
1
0.8712072626221925
1
0.9938477799296379
1
0.9942352856908526
1
0.9919364094734192
1
0.9937064945697784
1
0.9936645464463667
1
0.8246912774112489
1
0.9904931262135506
1
0.9908927331368128
1
0.992860597372055
1
0.9923718497157097
1
0.992051328931536
1
0.9881767142902721
1
0.9933634877204895
1
0.9880299513990228
1
0.992760282754898
1
0.975451742609342
1
0.9934211240874397
1
0.9883195996284485
1
0.9699104785919189
1
0.9917793111367659
1
0.99433300892512
1
0.9936845027483426
1
0.8060151594025748
1
0.9129720159939357
1
0.782225807197392
1
0.9907329877217611
1
0.9934465885162354
1
0.993228530883789
1
0.9922827590595592
1
0.9937094077467918
1
0.965121199687322
1
0.9938464388251305
1
0.9929376443227133
1
0.9937093257904053
1
0.9376640021800995
1
0.9930446743965149
1
0.9174138642847538
1
0.9922698395592826
1
0.9932364906583514
1
0.9897602266735501
1
0.8575120538473129
1
0.9938661828637123
1
0.9918584908757891
1
0.9937677894319806
1
0.9938445091247559
1
0.9898897051811218
1
0.9846554696559906
1
0.9935085535049438
1
0.9895502626895905
1
0.9082594513893127
1
0.9930246526544745
1
0.994120717048645
1
0.9437930683294932
1
0.9943446431841169
1
0.9931742747624716
1
0.9936046855790275
1
0.9927300810813904
1
0.9938989579677582
1
0.9834949970245361
1
0.9941380109105792
1
0.9894344091415406
1
0.9937619037098355
1
0.9941167632738749
1
0.994093249241511
1
0.99237231697355
1
0.9930401295423508
1
0.9940222859382629
1
0.9938275367021561
1
0.9371357900755746
1
0.9940649072329203
1
0.9942621503557477
1
0.9893031886645726
1
0.9869752923647562
1
0.9612368245919546
1
0.9892819126447042
1
