-1.1525121927261353
-0.641997218132019
-0.9097615480422974
-0.9735278487205505
-0.8400892019271851
-0.6768166422843933
-1.7866102457046509
-0.6544187664985657
-1.038284182548523
-0.5167133808135986
-0.792332112789154
-0.6386056542396545
-1.0135550498962402
-1.3241970539093018
-1.0467902421951294
-0.7031189799308777
-0.8837543725967407
-0.8431581854820251
-0.776305615901947
-0.7050905823707581
-1.0447152853012085
-0.6795895099639893
-0.8461769819259644
-0.59930020570755
-0.8635097742080688
-0.6373429298400879
-0.9714691042900085
-0.7009039521217346
-0.8089931011199951
-0.6738395094871521
-1.1324840784072876
-0.5678370594978333
-0.8021689653396606
-0.6868445873260498
-0.8516456484794617
-0.704682469367981
-1.1123031377792358
-0.6328862905502319
-0.9946732521057129
-0.6029441952705383
-1.0058298110961914
-0.6193656325340271
-0.9947400689125061
-0.6871916055679321
-0.7968994379043579
-0.661004364490509
-0.9879003167152405
-0.6085345149040222
-1.0875500440597534
-0.6500390768051147
-1.0171602964401245
-0.6776161193847656
-0.9782233834266663
-0.6812624335289001
-0.8039959669113159
-0.5989639759063721
-0.9173170328140259
-0.5837999582290649
-0.9090301394462585
-0.6336560845375061
-0.6743561029434204
-0.6380700469017029
-1.0519026517868042
-0.6936982870101929
-0.8693702816963196
-0.6543053388595581
-0.892666757106781
-0.5912110805511475
-1.0502924919128418
-0.6217813491821289
-1.038815975189209
-0.657075047492981
-0.9085903167724609
-0.6328676342964172
-1.0259240865707397
-0.6358214020729065
-0.8997657299041748
-0.612842321395874
-1.0112900733947754
-0.5293601155281067
-0.8704517483711243
-0.7657023072242737
-0.9487820863723755
-0.6960324048995972
-1.0405129194259644
-0.7298951745033264
-0.9988346099853516
-0.6718807220458984
-0.8054277300834656
-0.671750009059906
-0.8876407146453857
-0.6242236495018005
-0.9500985145568848
-0.6374092102050781
-1.2083675861358643
-0.5436328053474426
-1.0040793418884277
-0.7398914098739624
-0.8618900775909424
-0.6485152840614319
-1.1536641120910645
-0.6840552091598511
-0.9952244758605957
-0.7553495168685913
-0.8701114654541016
-0.6591301560401917
-0.9659395217895508
-1.0697025060653687
-0.6716669797897339
-0.6607109904289246
-0.8848186731338501
-0.5234352350234985
-0.7973065376281738
-0.5541679263114929
-0.8029266595840454
-0.6790229678153992
-0.818872332572937
-0.6959201693534851
-1.00014066696167
-0.7264999747276306
-0.9091227650642395
-0.617896556854248
-2.2489917278289795
-0.6543739438056946
-0.725108802318573
-0.7297190427780151
-0.8797858953475952
-0.8282110095024109
-0.8067193627357483
-0.866659939289093
-1.0290052890777588
-0.6775814890861511
-0.900199294090271
-0.7125311493873596
-0.9206520915031433
-0.6123006939888
-0.9573757648468018
-0.63002610206604
-0.7485396265983582
-0.6827519536018372
-1.0414273738861084
-0.6096747517585754
-0.8392576575279236
-0.6836760640144348
-0.9842936396598816
-0.681999683380127
-0.9904560446739197
-0.7174481153488159
-1.1191492080688477
-0.6563926935195923
-0.8776397705078125
-0.6212517023086548
-0.9241387248039246
-0.60474693775177
-0.9768065214157104
-0.5892156958580017
-0.9635897278785706
-0.6794116497039795
-0.7061936259269714
-0.5963436365127563
-0.9704825282096863
-0.6655495166778564
-0.9438353776931763
-0.8374202251434326
-0.914071261882782
-0.642103910446167
-1.6390200853347778
-0.6883940100669861
-0.9575093388557434
-0.6304149031639099
-0.753494918346405
-0.5960664749145508
-0.7443872094154358
-0.8133889436721802
-0.7876889109611511
-0.6631643772125244
-1.20815110206604
-0.6025110483169556
-0.9045196175575256
-0.7464402318000793
-1.0117077827453613
-0.6226921677589417
-0.9448893070220947
-0.6726465821266174
-0.9707157611846924
-0.5499361753463745
-1.0286884307861328
-0.6040506362915039
-1.3570696115493774
-0.6374703049659729
-0.8942568302154541
-0.6399375200271606
-0.9382225275039673
-0.6609265208244324
-1.2405221462249756
-0.6374503970146179
-0.9856197834014893
-0.6260124444961548
-1.0969241857528687
-0.6543456315994263
