0.9708013713359833
1
0.9854959696531296
1
0.9896268248558044
1
0.9925058909824916
1
0.8002775725391176
1
0.8817864656448364
1
0.9924564063549042
1
0.9278537929058075
1
0.8508697159621599
1
0.9174087271094322
1
0.9897015690803528
1
0.9937691026263766
1
0.9174215346574783
1
0.9087628043360181
1
0.9931334938321795
1
0.9739393912828885
1
0.9938453502125211
1
0.9924417853355407
1
0.9885885939002037
1
0.9819426909089088
1
0.9847530590163337
1
0.8945184051990509
1
0.9917325899004936
1
0.8352253660559654
1
0.8697205812204629
1
0.9872966408729553
1
0.9697194184575763
1
0.9910374283790588
1
0.9889963020881017
1
0.9932838190685619
1
0.9079453415340848
1
0.9653693437576294
1
0.9902998606363932
1
0.9824697613716126
1
0.9909726455807686
1
0.9754928691046578
1
0.986094209280881
1
0.8846928214654326
1
0.9869210720062256
1
0.9255480706691742
1
0.819700558980306
1
0.9330063098006778
1
0.8638360598124564
1
0.9660130679607392
1
0.9878430745818398
1
0.9329967002073923
1
0.9936728706726661
1
0.8375089083399091
1
0.793905896799905
1
0.8135608094744384
1
0.930520216623942
1
0.9932465297835213
1
0.9930214285850525
1
0.8932639021765102
1
0.9936079010367393
1
0.9648095369338989
1
0.9935580790042877
1
0.8972919285297394
1
0.9651401937007904
1
0.9337783290280236
1
0.9885484457015992
1
0.8976718224585056
1
0.9923934766224453
1
0.9910438145909991
1
0.9857216874758402
1
0.935584670305252
1
0.9826282635331154
1
0.9931649310248238
1
0.9858207106590271
1
0.9926565811038017
1
0.9858457088470459
1
0.8508377000689507
1
0.9937262237071991
1
0.9920328438282013
1
0.797777367134889
1
0.9684063683856617
1
0.9906817749142647
1
0.8285519554434965
1
0.9745005454335894
1
0.992894838253657
1
0.9935798474720546
1
0.9906289577484131
1
0.9942213296890259
1
0.9878948628902435
1
0.9927341852869306
1
0.9894498527050019
1
0.9711108869976468
1
0.9936559398969015
1
0.8284174599005686
1
0.8469111869677103
1
0.9924906939268112
1
0.9927177727222443
1
0.767529895529151
1
0.91768935748509
1
0.9929069214397006
1
0.7207293984081063
1
0.9881434270313808
1
0.9262103239695231
1
0.837348693360885
1
0.8790993120314347
1
