0.9935125410556793
1
0.9933808371424675
1
0.9896579725401742
1
0.9938058597700936
1
0.7909090121587118
1
0.990821381409963
1
0.9928220013777415
1
0.928400069475174
1
0.8525599304120988
1
0.9180320873856544
1
0.9889149836131504
1
0.9938188129001193
1
0.9892754356066386
1
0.9931687050395541
1
0.9929535984992981
1
0.9912956127753625
1
0.9938420322206285
1
0.8979372907429933
1
0.9846519455313683
1
0.9825795292854309
1
0.9925432867474027
1
0.9029836535453797
1
0.9900859594345093
1
0.9943808764219284
1
0.8730292946565896
1
0.987317830324173
1
0.9937633872032166
1
0.9907703042030335
1
0.9935237566630045
1
0.9936560717496005
1
0.9080489410294427
1
0.9907512962818146
1
0.9897637913624445
1
0.9924479901790619
1
0.992261491715908
1
0.9925872342927116
1
0.9879071766679938
1
0.9823642373085022
1
0.986935322934931
1
0.9223397433757782
1
0.9208729316790899
1
0.993526922331916
1
0.8570709147490561
1
0.9672999501228332
1
0.989666759967804
1
0.993594616651535
1
0.9934927454361548
1
0.8180744988577706
1
0.7960067646844047
1
0.785087475553155
1
0.9827945695983039
1
0.9931495530264718
1
0.9932186603546143
1
0.8829896219752051
1
0.9934214130043983
1
0.9641090532143911
1
0.9936192855238914
1
0.8924204541577233
1
0.9651000201702118
1
0.9337628781795502
1
0.9896093726158142
1
0.9174834303557873
1
0.9922363587788173
1
0.993147475378854
1
0.9843342635366652
1
0.8604890972375869
1
0.9914550334215164
1
0.9909558551652091
1
0.9933715036937169
1
0.9916892051696777
1
0.9831083297729493
1
0.9754713674386343
1
0.9937538206577301
1
0.9916982471942901
1
0.829488587876161
1
0.9925203052434054
1
0.994183711707592
1
0.9437885185082754
1
0.9941153611455645
1
0.9932045837243398
1
0.9937643834522792
1
0.9907320141792297
1
0.9940417781472206
1
0.9815132021903992
1
0.9935768076351711
1
0.9898071944713592
1
0.9712959064377679
1
0.9941204488277435
1
0.9938439329465231
1
0.9730657679694039
1
0.9930581599473953
1
0.9935924351215363
1
0.9940042346715927
1
0.9179823994636536
1
0.9939639965693156
1
0.9930003540856498
1
0.9892176645142692
1
0.9865148862202963
1
0.8346459995955229
1
0.8793906511014534
1
