0.7964552651470292
1
0.8505154639175257
1
0.7863724137931034
1
0.8955009646177089
1
0.836646525185257
1
0.9380272589246531
1
0.9337242857650417
1
0.8276998754317423
1
0.856787289008022
1
0.8754683656317299
1
0.8994976121685084
1
0.891427026002197
1
0.8886903558655589
1
0.8679998669328011
1
0.9151397933392161
1
0.7910516129938674
1
0.7908195368645197
1
0.8704618722486664
1
0.8178216931719496
1
0.8824331426464478
1
0.8556283624831033
1
0.881722917029784
1
0.8563073028849013
1
0.7926829268292686
1
0.8181540272006624
1
0.9010689540879769
1
0.7597074699942247
1
0.8167091209125199
1
0.844349281918302
1
0.8343038414578622
1
0.8764066029274623
1
0.899341442073515
1
0.8456797806254841
1
0.8613942273756767
1
0.8492567898065729
1
0.8905142486543965
1
0.8315384129579955
1
0.8161993194714965
1
0.8860876642408173
1
0.8747291292058121
1
0.7835384280962833
1
0.8921232406266695
1
0.8098123063158029
1
0.8691368628544608
1
0.8419024174648486
1
0.8654489522715048
1
0.886589693270609
1
0.8536294201730095
1
0.8084113607990012
1
0.8960280131777966
1
0.8504247371675944
1
0.9000254313254445
1
0.8103320512820513
1
0.8501135806337358
1
0.961543539497603
1
0.8388398460264949
1
0.8953634891794893
1
0.9152980095742
1
0.8733807441790964
1
0.8524699074796748
1
0.8998591300102349
1
0.7919339925105161
1
0.9366375854437798
1
0.8887489212536228
1
0.8816109518466284
1
0.8948565445026178
1
0.8392218790668764
1
0.8706031433635737
1
0.8580344450755882
1
0.8567033455750248
1
0.8069665299593841
1
0.9180437373677746
1
0.8295794628240173
1
0.8901127853881278
1
0.8543068680029825
1
0.8640634920634921
1
0.8843117185527117
1
0.8270992133666687
1
0.9177394231766653
1
0.9299682850828934
1
0.8681740575584638
1
0.826551460597826
1
0.8970140734424141
1
0.7602601480152501
1
0.8673499362593335
1
0.8650519462704465
1
0.8260042268831332
1
0.8638272025321075
1
0.848369145156447
1
0.8795410518635923
1
0.8110678481919084
1
0.8497996491065894
1
0.9191931796788856
1
0.7507006233683201
1
0.8499547125638699
1
0.9094464020968129
1
0.8252740604505965
1
0.8423004133467589
1
0.8922304175562267
1
0.8514923878576713
1
