4.545395851135254
6.009240627288818
5.336142539978027
8.257963180541992
7.6285223960876465
8.451951026916504
7.6116557121276855
7.807002067565918
9.330238342285156
5.89100456237793
6.7273149490356445
7.115841388702393
7.623379230499268
6.043849468231201
8.126995086669922
8.258766174316406
6.602944374084473
10.886153221130371
4.667719841003418
7.761663913726807
6.634525299072266
7.061099529266357
8.058032989501953
8.274592399597168
5.054771423339844
6.4513702392578125
8.218744277954102
6.524585723876953
6.277062892913818
8.21280574798584
4.4341607093811035
4.855974197387695
5.8463826179504395
6.686278343200684
5.970474720001221
6.511687278747559
6.672425270080566
6.216556549072266
6.956526279449463
9.481203079223633
4.730809211730957
8.096708297729492
7.086636543273926
5.83878755569458
5.716178894042969
4.432560443878174
6.640763282775879
5.848649978637695
7.801323413848877
8.93950080871582
5.632695198059082
6.685719013214111
6.410711288452148
7.059077262878418
5.157594680786133
6.124563694000244
6.657614707946777
7.639516353607178
4.293675422668457
6.344601631164551
4.51639461517334
6.270656108856201
6.1307477951049805
7.306758880615234
5.818951606750488
7.840413570404053
6.226704120635986
5.959746360778809
7.784822463989258
6.122744083404541
6.17445182800293
4.7028422355651855
6.276456356048584
6.712172508239746
6.523698329925537
6.231795310974121
7.200261116027832
6.564035892486572
5.58274507522583
4.922730445861816
3.925133466720581
6.826627731323242
7.119612216949463
4.8322248458862305
5.86196231842041
10.420251846313477
9.236599922180176
10.047924995422363
11.254894256591797
10.247299194335938
5.602195739746094
5.18278694152832
6.632523059844971
5.216965675354004
6.034274101257324
5.289456844329834
7.7986063957214355
7.980278015136719
5.607906818389893
6.929378986358643
7.320827960968018
5.9608893394470215
6.6278533935546875
8.343963623046875
4.818903923034668
6.453220844268799
8.131109237670898
14.794145584106445
7.131488800048828
6.347158908843994
4.562320232391357
5.698217391967773
5.308780193328857
6.884890079498291
9.09858226776123
7.9804511070251465
5.852020263671875
8.215031623840332
6.691730499267578
6.3386383056640625
6.208322525024414
10.095837593078613
6.414653301239014
6.802376747131348
5.758211135864258
7.025599479675293
8.91041088104248
9.49012565612793
5.724109172821045
12.325348854064941
6.60078763961792
8.79379653930664
6.559831619262695
6.10260009765625
8.113492965698242
7.554561138153076
7.396437644958496
5.714095115661621
7.3381571769714355
8.938239097595215
6.327847480773926
6.454928398132324
5.702037811279297
7.066961765289307
6.098443031311035
5.46801233291626
5.876961708068848
4.406427383422852
8.974181175231934
5.60203218460083
4.882890224456787
6.873280048370361
5.850803852081299
4.98524808883667
8.446105003356934
7.453275680541992
6.733813285827637
6.574638843536377
9.536983489990234
9.786388397216797
7.785537242889404
6.571813106536865
6.117770195007324
6.305637836456299
10.995684623718262
8.409603118896484
19.670635223388672
8.772866249084473
10.014755249023438
7.947376728057861
4.6917338371276855
6.243895530700684
4.4239044189453125
6.527649879455566
6.994436264038086
6.864447116851807
7.18560791015625
6.408421516418457
5.710668563842773
8.676225662231445
6.686303615570068
6.663191318511963
9.836041450500488
5.708519458770752
7.083669662475586
6.860477924346924
5.500931739807129
7.947704792022705
6.331997871398926
6.122264385223389
6.885158061981201
7.677376747131348
6.091457843780518
8.117027282714844
8.980884552001953
7.070626258850098
6.6288652420043945
8.222301483154297
5.79641580581665
6.565037727355957
