0.8141705890496572
0.9944094479084015
0.9930578895977565
0.8510719100013375
0.7964726239442825
0.9777444345610482
0.9465244582721165
0.9940502444903055
0.8240871919052941
0.9941271424293519
0.07654234170913696
0.9914407134056091
0.9930638790130615
0.9940667688846588
0.975525506905147
0.9932575225830078
0.9891202300786972
0.9900186790360345
0.8947908282279968
0.9931696802377701
0.8766336381435395
0.8799354066564278
0.9868450462818146
0.9842080341445075
0.9164217561483383
0.9935277029871941
0.9936289429664612
0.9943065898759025
0.9875533779462179
0.9919311895089991
0.982835054397583
0.993262767791748
0.767168128490448
0.9710276126861572
0.9921338905890783
0.9938134295599801
0.6297634358384779
0.8868763335049152
0.9917360345522562
0.9941144841057914
0.9069051096836726
0.9942397177219391
0.9494789520899455
0.9942348301410675
0.9541077464818954
0.9728064835071564
0.8879190172467913
0.19763153791427612
0.8354947566986084
0.9939618280955723
0.9188203471047538
0.16488478581110635
0.9935419162114462
0.9940858085950216
0.7609035465866327
0.9934286607636346
0.9872134387493133
0.993506711262923
0.9919694747243609
0.9923818707466125
0.9787521702902657
0.9820996671915054
0.9915492236614227
0.8770595211535692
0.863927885890007
0.9479600787162781
0.9021410048007965
0.9895246744155883
0.9915328962462289
0.9942409098148346
0.8402194355924925
0.9874884401048932
0.9892825484275818
0.9910996622509427
0.9250098864237467
0.9919161966868809
0.9101851152049171
0.863694832793304
0.9802926580111185
0.9920311624353583
0.9916510581970215
0.8230062540154904
0.7996944881975651
0.9924608848311685
0.9606754996559836
0.9938982129096985
0.914923444079856
0.9946941137313843
0.9680050412813822
0.8260226702883041
0.9062467647923363
0.9703707098960876
0.9608410852296012
0.9915191292762756
0.9810250355647161
0.9940963685512543
0.7759417941172918
0.9926617091352289
0.8876288715749979
0.8898189953631825
0.874512106180191
0.9853948891162873
0.854924009492
0.10847872495651245
0.8149683442380693
0.9938575848937035
0.9798357486724854
0.9937308260372707
0.8638459990986369
0.9921083317862617
0.92915478348732
0.9314093987147013
0.853457231872848
0.9940745532512665
0.8969061136245727
0.9028229415416718
0.941317617893219
0.878398594531146
0.7333476544336008
0.8894714057445526
0.9882315918803215
0.9866799414157867
0.9516578912734985
0.993559654802084
0.9914508581161499
0.9938227355480194
0.9934670158794948
0.918678899606069
0.7513225727016106
0.992749834060669
0.9923273060056899
0.12322000414133072
0.954112046957016
0.9945791761080424
0.9932790398597717
0.9939138114452362
0.9853597581386566
0.840822111401293
0.8856295901868079
0.9905407130718231
0.9637699392106798
0.9819895029067993
0.8304679064701
0.994246883051736
0.9191075176000595
0.9939366976420084
0.9805625081062317
0.9538427988688151
0.9471437599923875
0.9881453037261962
0.9271345045417547
0.1367986031941005
0.9491207500298818
0.9925686915715536
0.9876529648900032
0.9471429586410522
0.8547642379999161
0.9482200741767883
0.9833897948265076
0.9932912967421792
0.7856515221711662
0.9944001585245132
0.9552661511633131
0.9167950780381664
0.987211094962226
0.9055926842348916
0.8539526700973511
0.9943363308906555
0.7445892244577408
0.9938771384102958
0.8605176558097204
0.9943843960762024
0.923959490771477
0.8879655729979277
0.8083550706505775
0.9940471564020429
0.8629351370036602
0.8096385588869452
0.7906732177361846
0.9939198238509042
0.9915293057759603
0.9928911179304123
0.9935664176940918
0.9132605691750845
0.9928402304649353
0.9931403795878092
0.9522024631500244
0.9942430513245719
0.985726609826088
0.9941326379776001
0.8214275208301842
0.9915474131703377
0.9873299717903137
0.9945276379585266
0.9766075313091278
0.9940062582492828
0.8245034421173235
0.830135824624449
0.9903246536850929
0.9933485786120096
