0.757090112386903
0.9193684445216482
0.7623108452803619
0.8720178906884033
0.7557803439713138
0.8268548992086732
0.8023136375409103
0.9049829306943337
0.6295144642131344
0.9093913043478261
0.7719899436840809
0.8768994706229291
0.7518593455505863
0.9282531378669401
0.7001120283018868
0.8841866440130121
0.7663870341029124
0.9038482301966326
0.7763416087279724
0.8751745507504559
0.7559907486327152
0.890707913513106
0.8330962350910505
0.9163821785724384
0.8044475196803487
0.9178833542169413
0.7471577764558134
0.898872706218653
0.6997570433741513
0.8378600667066946
0.7433642936968262
0.9010193292110961
0.8119313841238976
0.9179533373085853
0.7618884316415182
0.8795408769928899
0.8602787130564907
0.8472607613935469
0.7776651263989902
0.8753773698828644
0.8406434878350236
0.9171896731075366
0.6973919823407242
0.8891324899419353
0.6993829621984529
0.9087212645032376
0.7331795166236678
0.8631980332610267
0.7752743032696949
0.9151671783692477
0.7077341769193202
0.9126604620434591
0.7935921487603306
0.8380041085735914
0.768590025905674
0.8995067998705674
0.8058554193966381
0.9208971493138443
0.7540571256901223
0.9073332325009863
0.737569526627219
0.9095368539572692
0.7374254315519093
0.9094882477001264
0.7560854324247183
0.8734421793913117
0.8301532952089498
0.826132904153472
0.8528476819310922
0.9339398461298276
0.8319322702331962
0.902000777132045
0.6539679521837553
0.9093137254901962
0.7279180058499927
0.9058210387316254
0.7576998570449998
0.8835502398631593
0.7766979671566442
0.8730651380865118
0.8138724901493662
0.8694990499752046
0.8574479737130339
0.8930326352312483
0.7783335531549377
0.9122523251630564
0.7535124828634195
0.9229551727967945
0.8172090197137456
0.834278298537018
0.7278602271448151
0.8858566265060241
0.804605604811626
0.9029224511424967
0.7353081185941066
0.914223299564783
0.7818837382610648
0.9215369977286247
0.706006854798581
0.8865331662357677
0.7136455786082344
0.862747246930506
0.7830549540224683
0.9110404411764705
0.7736721764274462
0.9017297552153263
0.785144982922681
0.8630546389125329
0.7672536079086453
0.9331646036075627
0.8036849110254123
0.9265445151951055
0.8166476724102759
0.8962962962962963
0.8215777702759727
0.8690000147057791
0.7326794842363024
0.8814786722658823
0.7937918196132888
0.9079278444013853
0.7724245989304813
0.8960227291453582
0.8731666146828393
0.8947444034297545
0.7954296380032366
0.8604535550938565
0.885545349840355
0.8804732760937259
0.719479787676261
0.9041621293921189
0.7964649136577708
0.8646890533469526
0.7363768324633294
0.900577401459854
0.7204402737111884
0.9033517782575877
0.7394045656162188
0.8741166536663063
0.8381993816690125
0.9032637489735411
0.7795015972435657
0.9182495901563853
0.7424735087112746
0.9111392965696916
0.7950540383497967
0.8780324200409376
0.7966238871545842
0.9107057002616228
0.7515924121680602
0.9260434147133654
0.7546336129791958
0.8771565988836493
0.7781207451219262
0.9011847129244024
0.7914758884206593
0.9099904193176322
0.8492961362116725
0.8868314304977462
0.7914535323173199
0.9005050557896745
0.7393985788475136
0.8938970279353078
0.6960044501132194
0.8910801618107622
0.8225828204710396
0.9187896843152844
0.7155492483199746
0.8980531022273399
0.7996551352516436
0.8202827550667062
0.8065669626332472
0.912891538810606
0.8094940432949743
0.8988682233086212
0.8217373326296661
0.9244768237662708
0.7636034078703251
0.9194102989208613
0.7774403526861796
0.8996377840909091
0.8088107449340554
0.876983589406642
0.8127399474641341
0.9017361111111111
0.7443683532395288
0.8899755701692164
0.7746376910858146
0.9178821462359779
0.7878802090050376
0.9194019354197476
0.688634412790044
0.9106564038804873
0.7327381655639572
0.8811827145710526
0.796789332471891
0.9116607332694545
0.7608832351299896
0.8888093261221575
0.7913639224626773
0.9051680981595093
