0.8420306940231834
0.9826094601723229
0.8069365468200768
0.9447189733448926
0.8167873797288212
0.976641189421505
0.8635777336155408
0.9743083112141295
0.6898267177331011
0.9825995021911081
0.7932758077832986
0.9700698453114093
0.8246424631677003
0.9857856183669049
0.8036340261064377
0.9751463988354354
0.8251320833333335
0.9800550505759025
0.8262487852283772
0.9677522795557669
0.8399364909781577
0.9822474810857328
0.9086666228255109
0.9880063483726824
0.8692060022707685
0.9935351731805676
0.816962761903426
0.9818248789462511
0.7911488987366689
0.9680972795735446
0.7929443896406134
0.9584065495207669
0.9046812140494057
0.979708345245277
0.8857082162864904
0.9807863523353739
0.9262371245454675
0.9525627133262736
0.8700560147977422
0.9819539081684978
0.8833545802221817
0.9874336894208536
0.8201402141777481
0.980755268953753
0.7652730888350262
0.9815092604505677
0.8396780031182448
0.9604855516214573
0.8454959251147515
0.9811850886445698
0.7988663625630118
0.968895630450458
0.8660155818581724
0.8966701108235221
0.83347919731362
0.9840225096966955
0.8620225987135399
0.9835128346057387
0.8315933731112616
0.9842097355769232
0.8497213200662492
0.982096738488784
0.8171925906638893
0.9689052089642641
0.809812074111877
0.9466299926035503
0.8892392605016545
0.9340927164209735
0.8882412734395921
0.9814299770578695
0.8903953127292289
0.9800550505759025
0.7458371712163763
0.980310600490196
0.7811352697682284
0.9768850441643881
0.8492756304361783
0.970524560532548
0.8509879306500562
0.9451797512882498
0.8898135216221809
0.9700972893183039
0.9085113862329852
0.9702435401200502
0.8381308780728343
0.9829484704710238
0.8722747714999834
0.9876041353006122
0.8920857142857144
0.9742395474862545
0.8054039929133254
0.9758642480300718
0.8963124027305317
0.9809087864240259
0.8302959730672026
0.9783176918672675
0.8564624595064553
0.9823034780799407
0.7741916006253706
0.9675491544421396
0.8058941149738695
0.9739921381918913
0.8808424073383249
0.9668304711726061
0.8073600169383626
0.9768791512548224
0.8757583440505782
0.9766381064167434
0.8409858962586236
0.9837838196807434
0.8016786570743406
0.985653976770677
0.8671072021557674
0.9830698842145252
0.8215777702759727
0.9508573156946688
0.8325503045578659
0.9549043018042961
0.874117226301317
0.9757888254592164
0.8447198779838453
0.9752078172637195
0.9329475759282051
0.9773485120992587
0.8838360688772252
0.9734658351818266
0.9219308184762287
0.9792291480911081
0.8177246445933999
0.9828896188959875
0.8909510099054769
0.9701560135306078
0.8208451375043628
0.9780582868422893
0.8076580149958802
0.9648026307961165
0.8438859977978188
0.9713169065247201
0.8931318510566747
0.9783176918672675
0.8818381519274375
0.9797334443981675
0.8226976726416811
0.9832151127550782
0.9068169424298547
0.9798125678715698
0.8704667697810999
0.9638538814834823
0.8615318752716976
0.9821777050908836
0.8311387330854029
0.9548229383455616
0.845414201183432
0.9763270167787442
0.8378678139472482
0.9834028313582024
0.9170761494252874
0.9782116582195823
0.8412015503875969
0.9814089440858187
0.8404867876373371
0.9796138663712264
0.761974172288606
0.981259646717847
0.8637378160987753
0.9855875542519791
0.7876973654940839
0.9831549100025722
0.8226167813466685
0.9486291529487637
0.8593032801355837
0.984223056913889
0.9080628038912991
0.9701450870602123
0.901909150757077
0.978503751574566
0.822879301794919
0.9688720841612887
0.8483014417968452
0.9771946524921107
0.8707887510768267
0.9627005163647576
0.8985414541937229
0.9812418860805712
0.8518383485208068
0.9626951604814696
0.8441382468606513
0.9857319534857777
0.8637099636234584
0.9827171623098885
0.748960610687023
0.9795681008405966
0.7924190491373507
0.9804038959878473
0.8811399286978888
0.981703669669097
0.8477940267802624
0.9832757735086822
0.8480193613147079
0.9806365030674847
