0.8201266262266371
0.9942573368549347
0.99332708971841
0.8448068317291992
0.7553684790101316
0.9292767133031573
0.9448486566543579
0.887725700934728
0.8363290578126907
0.723803199827671
0.07770779728889465
0.992111494143804
0.9929757714271545
0.9581163942813873
0.8400765902229718
0.9933247963587443
0.991352766752243
0.990012612607744
0.7099497392773628
0.9931466529766718
0.7787624294403941
0.8796303013170307
0.8902365490794182
0.8280709485212961
0.9300689250230789
0.9933014586567879
0.9937587380409241
0.994103729724884
0.9872104061974419
0.9411795774803442
0.9842994570732116
0.6059024652466178
0.7675328612327575
0.974493145942688
0.9921651830275854
0.7670966642243522
0.4914402078304972
0.8888915199786425
0.9740654081106186
0.9941008772168841
0.9113962153593699
0.9941177219152451
0.9009471060087283
0.968549927075704
0.9604345262050629
0.9588628262281418
0.7523204508636679
0.19775378704071045
0.8509753420948982
0.9939809782164437
0.9151173319135394
0.16472374399503073
0.9935610791047415
0.994001309076945
0.7635210104700592
0.9919445713361105
0.9871377110481262
0.8975187379490728
0.9920024446078709
0.9918281137943268
0.9790652905191694
0.9822690933942795
0.9915027320384979
0.7710836511105299
0.8626167227824529
0.9479144662618637
0.9020586796104908
0.9059021726250649
0.8528584036976099
0.9941605031490326
0.8405591323971748
0.8626506977847644
0.9894102982112339
0.9788522521654764
0.9228289392259386
0.9252662743840899
0.9100583758619096
0.8649412744811603
0.9803963750600815
0.9918064745989713
0.9915291145443916
0.8210848506074399
0.799702475219965
0.992282981222326
0.9607394283468073
0.9930181900660197
0.8361698997905478
0.994706412156423
0.9680196841557821
0.8003878535736086
0.9055807557370927
0.865254257288244
0.9600221685000828
0.9916796326637268
0.9798911076325637
0.9668473899364471
0.6360043399035931
0.9926456863229925
0.8879711177200079
0.8897181641724374
0.8601403449262891
0.9831255495548248
0.7765010247627894
0.10817932420306736
0.8327601816919115
0.9938860163092613
0.9903566986322403
0.993469272341047
0.8798256421631033
0.8848043108979861
0.9248640437920889
0.9313511451085409
0.8576956939484391
0.9267412647604942
0.8989334464073181
0.6610375745221972
0.8538892800729214
0.8683799234303561
0.6570152268723177
0.8894767940044404
0.9854202643036842
0.986601434648037
0.8710897664229075
0.9935434199869633
0.9932613730430603
0.9935409009456635
0.8611170638884816
0.8546803692976633
0.7551081493729725
0.8936048777075485
0.9928445153766208
0.12322297692298889
0.9495721161365509
0.994583527247111
0.99326291680336
0.9939282894134521
0.9558585385481516
0.7368298508226871
0.8838474982314639
0.9906152710318565
0.9185432725482516
0.900250717997551
0.8328499001347356
0.9938783815928868
0.9189835915962855
0.9298998465140661
0.9798749834299088
0.9537667102283902
0.8394661117345095
0.9262070417404175
0.8915139269083738
0.13431634221758162
0.9493837853272756
0.7927354863948293
0.9873114675283432
0.9880033816610064
0.8536648452281952
0.9312923470368752
0.9852151274681091
0.9926264990459789
0.7847310620256596
0.9942689687013626
0.9824916256798638
0.8352940342783068
0.9876131746504042
0.7650854547641107
0.8447158575057984
0.9942961096763611
0.7447262555360794
0.9937841892242432
0.8437114432454109
0.9941691756248474
0.9176068168420058
0.8869364317506552
0.8082901611924171
0.9939728719847543
0.850204598158598
0.8105898192152381
0.8196753423491662
0.9938480513436454
0.888887345790863
0.8689726176380645
0.9935804724693298
0.911283810933431
0.992921769618988
0.9929112195968628
0.9514488021532694
0.9927785652024406
0.9850223138928413
0.994205430150032
0.8323183537993047
0.9930639117956161
0.985114860534668
0.9940628608067831
0.8457521672050158
0.9590913712978363
0.7576544438488781
0.829629224880288
0.9894386976957321
0.9931688772307502
