0.6891675590414229
0.7752973141125278
0.7051929583961115
0.7935680789472735
0.6439819162624231
0.7019764962193732
0.7069319235438511
0.8149844038452252
0.5314816790143352
0.7906302311903362
0.7332554400564774
0.7540350593292667
0.6736521655855936
0.7794880578507454
0.6815628762554311
0.7695074909596914
0.6734171810699588
0.8091395185672027
0.7008572388390982
0.7031749331601443
0.6188389235276444
0.7923720508611608
0.6867082719560739
0.7518916939916216
0.6996334972416287
0.7918941399526443
0.719746171258898
0.7995940791545648
0.6688075163068334
0.6950170230893459
0.6433635625182373
0.7797178493648915
0.6643726547556278
0.8175991873259372
0.6712691432754871
0.7527928810189953
0.7517191856187178
0.7493577075775442
0.6475378982776142
0.7790196508145226
0.7314593301435407
0.7744258224705153
0.5762229393962047
0.7487140076618882
0.6022582380602342
0.8159893433523131
0.6556422035748696
0.7368238561417306
0.6827178689312536
0.7921788408779149
0.6367098779324315
0.81418321108496
0.708873810472524
0.7748874942668623
0.6467690794332672
0.762109760178557
0.7211919825619194
0.8206956572858807
0.6350653720850479
0.798076923076923
0.6099297337278107
0.8057154882865244
0.6859603716746574
0.7554898871189293
0.640694945193215
0.7517202724679445
0.702051431441222
0.687190825285251
0.7235826296240315
0.8242731017456292
0.7066004
0.8045973588306752
0.5875074563037868
0.7941123240034095
0.6018471677559913
0.7562547212494852
0.6648470660483525
0.7768779147235175
0.6678808081487535
0.7554334134673835
0.6264350119861773
0.754775065506967
0.762630521745797
0.7534488253505736
0.6539843079161778
0.7830551856750625
0.6510214321053519
0.7994964165142596
0.7361111111111112
0.7014618367796238
0.5922824585635359
0.7743746822204713
0.6919219961918079
0.8177142759487995
0.5917378934441934
0.8170481115107914
0.693886710754788
0.7769628264243974
0.6418381379751886
0.7495366079703427
0.594630885700841
0.7655949188668867
0.6553821368609823
0.8139240829088739
0.7018183607036603
0.7991585004168548
0.6886316451231059
0.7701030678771568
0.6357559749920861
0.8415958869903328
0.7007884100295574
0.7975303567894553
0.733615576674463
0.7774499603904333
0.7205875364099585
0.7268831776933629
0.6066676005348359
0.7811189897938532
0.6787824529991048
0.8111747494696805
0.6812686714412668
0.7737470165419048
0.7969270421989102
0.7767828489592902
0.6877974306837916
0.7650371426591014
0.7967936715273364
0.730841205479452
0.6207687325516471
0.80798091650973
0.6329964678178964
0.6706870814508329
0.6383941293815902
0.7855720061264195
0.5714845945985697
0.7803341445025531
0.6620930168062567
0.7248135839726346
0.7176559752684888
0.7924383442116698
0.6453327968566612
0.7882809166404032
0.6641123882503194
0.771632285602396
0.677497554376489
0.7577441177886326
0.7335849231124986
0.8215485387000507
0.6239493379389752
0.8260084374969411
0.6718118965084084
0.7225700901509398
0.703888519309548
0.7699657327151784
0.6336141105867353
0.7821537895979583
0.7046868402533427
0.7912927302053756
0.7141612403100775
0.7444677120130119
0.6458384954725563
0.7521322969864123
0.5926802394009967
0.748509248589233
0.7374882588447303
0.7958633093525179
0.5985517487320372
0.8293089438774357
0.7450855516778968
0.729800009626492
0.72854963582667
0.8118333884652177
0.7071744422761113
0.7406271584126459
0.7488996332802336
0.8090594944661931
0.645139966080711
0.7949591209114564
0.6844222146654574
0.813298271975958
0.7909067110983758
0.7632955536903441
0.7343136680531959
0.8014259839965397
0.6231079928531853
0.7831940432785641
0.6705215615897936
0.8019979231161095
0.6718025294765253
0.8475039634383378
0.5457775399085888
0.8152060961951706
0.6561886202492625
0.7740019926505618
0.6354632209396338
0.7962108055988326
0.6152621634438399
0.7574881321601653
0.7635713791869948
0.7901940653562038
