[55, 38, 203, 139, 103, 73, 59, 151, 194]
[52, 34, 189, 128, 96, 68, 56, 139, 179, 140, 263]
[53, 35, 190, 129, 97, 70, 58, 142]
[52, 36, 188, 128, 98, 68, 56, 140, 176]
[50, 32, 185, 123, 92, 67, 54, 137, 175, 138]
[49, 32, 186, 125, 92, 65, 53, 137, 176]
[53, 35, 127, 94, 68, 57, 140, 141]
[49, 33, 186, 124, 90, 64, 53, 138]
[50, 34, 248, 147, 91, 65, 54, 170, 234, 177]
[23, 15, 91, 63, 46]
[51, 34, 188, 129, 95, 67, 55, 140, 179, 141, 264, 137]
[50, 33, 184, 126, 92, 66, 54, 137, 175, 138]
[24, 15, 88, 59, 43]
[51, 33, 185, 126, 95, 68, 55, 137, 175, 139, 249]
[51, 35, 124, 93, 68, 55, 136, 137]
[51, 32, 127, 93, 66, 55, 141, 142]
[23, 15, 88, 59, 43, 31]
[53, 36, 128, 96, 69, 57, 140]
[25, 16, 61, 46]
[51, 35, 186, 127, 94, 68, 56, 138, 176, 139, 254]
[50, 35, 195, 131, 94, 67, 55, 144, 186, 145]
[52, 36, 126, 93, 68, 57, 141, 180]
[104, 67, 264, 199, 141, 115, 286, 184, 145, 48, 294, 81, 133]
[53, 34, 192, 126, 95, 69, 57, 139]
[49, 33, 189, 126, 94, 67, 53, 138]
[51, 33, 126, 93, 67, 56, 138]
[25, 16, 91, 63, 47]
[48, 32, 183, 121, 90, 64, 52, 133, 173]
[49, 32, 189, 126, 94, 66, 54, 138, 179, 139]
[102, 67, 255, 188, 135, 111, 277, 280, 103, 271, 167, 260, 149, 110]
[56, 37, 199, 134, 99, 73, 61, 146, 190, 147]
[29, 17, 96, 68, 51, 38]
[24, 15, 90, 60, 44, 31]
[54, 35, 128, 98, 70, 58, 139]
[49, 33, 187, 124, 92, 66, 55, 137, 176, 138]
[52, 36, 184, 126, 95, 69, 58, 137]
[50, 34, 126, 94, 67, 55, 138, 139]
[53, 34, 184, 126, 94, 68, 57, 137, 175]
[50, 34, 190, 126, 94, 67, 55, 141, 180, 142]
[53, 36, 128, 96, 70, 57, 141, 180]
[49, 32, 124, 91, 65, 53, 136]
[48, 32, 182, 122, 90, 64, 53, 134, 173]
[107, 71, 253, 192, 139, 116, 276, 278, 108, 270, 171, 259, 153, 115]
[50, 34, 126, 94, 68, 55, 137, 138]
[50, 33, 186, 125, 93, 66, 54, 137, 175]
[50, 34, 126, 91, 65, 54, 138, 176]
[50, 34, 186, 126, 92, 67, 54, 138, 176, 139]
[48, 32, 121, 89, 64, 53, 133]
[51, 34, 126, 93, 67, 55, 138]
[49, 33, 123, 92, 67, 55, 135, 136]
[49, 32, 125, 93, 66, 53, 138]
[53, 37, 129, 96, 69, 57]
[25, 16, 92, 63, 46, 32]
[14, 9]
[49, 33, 183, 125, 92, 65, 53, 136, 173, 137, 236]
[53, 35, 130, 99, 70, 57]
[50, 33, 124, 91, 66, 54, 135, 137]
[55, 36, 188, 127, 97, 71, 59, 139, 178, 140, 268, 136]
[50, 33, 124, 92, 66, 54, 136, 137]
[53, 35, 185, 124, 94, 69, 57, 137, 175]
[52, 34, 127, 96, 69, 57, 139, 140]
[24, 15, 89, 60, 44]
[25, 16, 90, 62]
[52, 36, 126, 94, 68, 56, 139, 140]
[53, 34, 128, 96, 70, 57]
[27, 19, 95, 65, 47]
[50, 34, 184, 124, 94, 68, 56, 136]
[54, 34, 136, 101, 72, 59, 149]
[49, 32, 128, 96, 68, 54]
[24, 16, 93, 62, 47]
[50, 32, 123, 92, 65, 54, 135, 136]
[50, 33, 127, 93, 67, 55, 138]
[49, 33, 124, 93, 66, 53, 138]
[51, 34, 185, 126, 94, 67, 55, 137, 176, 139]
[57, 39, 192, 130, 100, 74, 62, 145, 182, 146]
[52, 35, 188, 128, 98, 69, 56, 140, 178, 141, 244]
[50, 34, 189, 127, 94, 67, 55, 139, 179, 140, 243]
[48, 32, 121, 90, 63, 52, 132]
[51, 35, 195, 131, 99, 69, 56, 144, 185, 145]
[50, 34, 189, 128, 95, 66, 54, 140, 180]
[48, 32, 123, 92, 65, 53, 135, 136]
[101, 67, 255, 190, 136, 110, 278, 281, 102, 272, 169, 260, 150]
[25, 15, 92, 61]
[53, 35, 194, 130, 99, 69, 57, 143, 182, 144, 275, 140]
[50, 34, 190, 125, 94, 67, 54, 139, 180, 140, 277, 136]
[50, 32, 185, 124, 92, 66, 54, 136]
[51, 34, 186, 126, 94, 67, 55, 138, 176, 139, 245]
[25, 17, 62, 46]
[5]
[51, 35, 133, 96, 71, 56, 147]
[52, 36, 194, 131, 97, 68, 57, 144, 184]
[50, 34, 126, 93, 66, 55, 138, 177]
[52, 34, 188, 128, 97, 69, 56, 141, 179]
[51, 35, 135, 100, 71, 57, 148]
[52, 36, 182, 123, 93, 68, 56, 135, 172, 136, 254]
[50, 33, 124, 93, 67, 55]
[54, 38, 130, 99, 72, 60, 143]
[49, 33, 185, 124, 92, 66, 53, 136]
[26, 15, 111, 72, 48]
[48, 32, 184, 125, 91, 65, 52, 138, 175]
[52, 34, 127, 94, 68, 57, 139, 177]
[52, 36, 188, 129, 96, 69, 56, 140, 179, 141]
[54, 37, 191, 127, 96, 70, 58, 140, 181]
[50, 35, 124, 93, 66, 55, 136, 137]
[50, 33, 188, 126, 95, 66, 55, 138, 177, 139]
[48, 33, 185, 124, 92, 66, 53, 136]
[52, 35, 202, 136, 103, 75, 58, 152, 191, 153, 265]
[50, 34, 182, 122, 92, 67, 54, 134, 173, 136, 237]
[55, 36, 200, 138, 106, 74, 61, 150, 190]
[49, 32, 183, 122, 92, 66, 54, 136, 174]
[26, 16, 95, 66, 46]
[50, 34, 186, 124, 92, 67, 54, 137, 176, 138]
[50, 34, 124, 92, 65, 54, 138]
[52, 35, 191, 129, 97, 68, 57, 141, 179]
[24, 15, 91, 61, 44, 32]
[52, 35, 127, 96, 69, 56, 139, 179]
[101, 68, 258, 190, 134, 54, 272, 137, 177, 138, 50, 284, 81]
[51, 32, 194, 132, 96, 67, 56, 144, 182, 145]
[52, 33, 189, 127, 95, 68, 56, 140, 177, 141, 256]
[25, 16, 92, 63, 48, 34]
[49, 32, 185, 125, 93, 65, 53, 138, 176]
[52, 35, 130, 97, 68, 56, 142, 143]
[27, 18, 89, 62, 47, 35]
[99, 67, 254, 190, 133, 110, 277, 279, 100, 271, 166, 259, 148]
[25, 16, 91, 62, 46, 33]
[50, 33, 185, 124, 94, 66, 55, 136, 174, 137]
[26, 16, 95, 66, 49]
[48, 33, 121, 89, 64, 52, 132]
[52, 36, 188, 130, 96, 69, 56, 141, 179, 142]
[56, 38, 193, 132, 101, 73, 61, 145]
[52, 35, 189, 129, 96, 68, 57, 141, 179, 142]
[50, 33, 184, 123, 92, 67, 55, 136, 174]
[102, 70, 257, 192, 135, 111, 281, 284, 51, 290, 84, 129, 254]
[52, 35, 124, 93, 68, 56, 135]
[49, 32, 122, 91, 66, 54, 134]
[49, 34, 185, 124, 92, 66, 55, 136, 175, 137, 264, 133]
[51, 33, 123, 91, 66, 55, 135]
[59, 42, 194, 133, 100, 74, 63, 145, 185, 146]
[50, 34, 183, 124, 91, 66, 54, 136, 174, 137, 248]
[51, 33, 127, 95, 68, 55, 139]
[110, 75, 260, 199, 146, 122, 283, 285, 111, 278, 176, 265, 159, 121]
[50, 33, 189, 130, 94, 67, 55, 269, 142, 180, 143, 280]
[48, 32, 186, 124, 91, 65, 52, 137, 176, 140]
[50, 34, 183, 123, 92, 66, 54, 135, 173]
[51, 34, 191, 127, 94, 68, 56, 141]
[51, 35, 191, 128, 94, 68, 55, 139, 182, 140, 257]
[24, 16, 90, 62]
[52, 35, 189, 129, 95, 69, 56, 142]
[50, 34, 190, 127, 96, 68, 55, 139, 181]
[24, 15, 92, 61, 45]
[100, 68, 252, 187, 133, 110, 276, 278, 101, 270, 166, 257, 149, 109, 142, 65]
[51, 35, 184, 124, 93, 67, 56, 136, 175]
[49, 34, 123, 92, 66, 53, 136, 173]
[49, 32, 185, 124, 93, 66, 54, 136, 175, 137]
[51, 33, 190, 130, 95, 67, 55, 141, 181]
[49, 33, 186, 125, 92, 66, 54, 137, 175]
[24, 16, 93, 61]
[99, 67, 250, 188, 133, 110, 275, 277, 100, 268, 166, 256, 147]
[55, 36, 132, 100, 35, 29]
[50, 34, 190, 127, 95, 66, 54, 139, 179, 140]
[52, 36, 188, 127, 96, 68, 57, 139, 179]
[24, 15, 90, 61]
[105, 71, 255, 195, 136, 114, 278, 280, 106, 272, 169, 261, 150, 113]
[51, 34, 188, 126, 94, 67, 56, 139, 179, 141, 250]
[52, 33, 191, 133, 100, 70, 57, 144, 181, 145, 248]
[49, 34, 124, 92, 66, 55, 136]
[24, 16, 95, 64, 46, 32]
[24, 15, 90, 62, 47]
[28, 18, 96, 67, 51]
[53, 34, 190, 128, 98, 69, 57, 142]
[51, 34, 183, 123, 92, 67, 55, 135, 174]
[50, 34, 122, 91, 65, 54]
[111, 70, 281, 209, 150, 122, 302, 305, 112, 297, 186, 286, 164]
[52, 35, 126, 93, 67, 56, 137]
[28, 16, 96, 64]
[48, 31, 185, 123, 93, 65, 53, 136, 176]
[49, 33, 181, 122, 91, 65, 54, 133, 170, 135]
[50, 33, 188, 127, 94, 67, 54, 140, 179, 141]
[52, 36, 188, 127, 95, 68, 56, 141, 178, 142]
[51, 35, 129, 94, 67, 56]
[51, 35, 127, 93, 67, 55]
[52, 35, 127, 95, 68, 56, 139]
[25, 16, 93, 63, 46]
[48, 33, 123, 90, 65, 53, 135]
[51, 36, 183, 125, 93, 68, 56, 136, 174]
[26, 16, 93, 62]
[102, 69, 265, 196, 139, 113, 289, 292, 103, 282, 172, 270, 155, 112, 148]
[49, 32, 123, 92, 66, 53, 134]
[49, 33, 181, 121, 90, 64, 53, 132, 170]
[24, 16, 91, 63, 46]
[51, 35, 128, 94, 68, 55, 140, 142]
[48, 32, 181, 121, 90, 64, 52, 134, 171]
[25, 16, 90, 60, 45, 32]
[50, 33, 126, 93, 67, 54, 138]
[57, 39, 197, 133, 100, 74, 61, 145, 187]
[49, 33, 186, 124, 92, 66, 53, 136, 175]
[52, 33, 192, 129, 97, 69, 56, 143, 182, 144, 267]
[25, 17, 94, 62, 46, 34]
[54, 36, 128, 96, 70, 58]
[50, 35, 127, 95, 69, 57, 139, 140]
