[55, 38, 203, 139, 103, 73, 59, 151, 194, 152, 230, 147, 90, 142, 81, 223, 78, 36, 101, 160, 53, 72, 52, 204, 60, 113, 176, 156, 201, 220, 67, 92, 214, 1, 105, 125, 68, 186, 164, 106, 181, 175, 161, 84, 177, 93, 169, 35, 87, 217, 155, 45, 196, 49, 57, 62, 136, 41, 126, 158, 171, 31, 197, 80, 104, 123, 184, 130, 128, 102, 199, 202, 13, 75, 20, 224, 21, 143, 11, 228, 100, 144, 146, 54, 32, 122, 98, 213, 166, 89, 83, 187, 117, 191, 0, 19]
[52, 34, 189, 128, 96, 68, 56, 139, 179, 140, 265, 136, 85, 131, 76, 258, 73, 197, 33, 94, 149, 192, 218, 225, 50, 233, 67, 48, 236, 57, 211, 106, 164, 144, 237, 193, 216, 255, 61, 205, 86, 249, 1, 98, 117, 62, 208, 215, 153, 100, 170, 163, 150, 79, 220, 172, 87, 158, 32, 82, 252, 162, 143, 41, 223, 180, 46, 54, 58, 185, 125, 36, 118, 147, 196, 207, 27, 226, 169, 75, 152, 97, 155, 134, 24, 257, 239, 181, 42, 213, 22, 71, 25, 173, 103, 188, 113, 175, 206, 217, 37, 171, 167, 116, 212, 253, 111, 120, 187, 204, 159, 248, 224, 102, 183, 20, 47, 235]
[53, 35, 190, 129, 97, 70, 58, 142, 180, 143, 201, 138, 86, 132, 77, 194, 73, 33, 95, 150, 51, 69, 50, 178, 59, 107, 165, 146, 175, 191, 64, 88, 185, 1, 100, 118, 65, 162, 155, 101, 151, 79, 156, 89, 32, 82, 189, 145, 42, 168, 48, 56, 61, 94, 163, 160, 167, 18, 144, 75, 195, 83, 14, 131, 103, 28, 188, 38, 78, 123, 177, 116, 140, 121, 120, 96, 159, 176, 13, 71, 20, 134, 21, 115, 12, 199, 147, 125, 122, 52]
[52, 36, 188, 128, 98, 68, 56, 140, 176, 141, 215, 137, 85, 131, 74, 208, 71, 196, 35, 96, 148, 191, 50, 67, 49, 190, 57, 106, 163, 144, 187, 205, 61, 86, 199, 1, 100, 116, 62, 173, 152, 101, 167, 162, 149, 77, 165, 87, 156, 34, 82, 203, 143, 42, 179, 46, 54, 58, 125, 38, 117, 146, 158, 27, 180, 73, 99, 135, 12, 69, 19, 209, 20, 207, 11, 213, 95, 155, 164, 51, 28, 113, 91, 198, 114, 84, 166, 75, 174, 110, 206, 0, 18, 111, 169, 200, 138]
[50, 32, 185, 123, 92, 67, 54, 137, 175, 138, 232, 134, 81, 126, 73, 225, 70, 193, 31, 90, 146, 188, 48, 66, 47, 208, 56, 101, 160, 141, 205, 189, 222, 60, 82, 217, 1, 94, 111, 62, 191, 150, 95, 165, 159, 147, 75, 182, 167, 84, 154, 30, 78, 220, 158, 140, 39, 197, 44, 52, 57, 120, 34, 112, 143, 223, 229, 26, 201, 72, 149, 93, 152, 132, 23, 224, 171, 161, 41, 151, 21, 69, 24, 98, 180, 108, 214, 170, 17, 106, 187, 117, 122, 11, 226, 173, 164, 128, 162, 53, 58, 16, 35, 142, 216, 192, 96]
[49, 32, 186, 125, 92, 65, 53, 137, 176, 138, 205, 134, 81, 128, 73, 198, 68, 31, 89, 148, 47, 64, 46, 180, 55, 100, 163, 141, 196, 194, 59, 82, 187, 1, 94, 111, 60, 165, 153, 95, 150, 75, 159, 83, 30, 78, 190, 140, 40, 171, 44, 51, 56, 122, 35, 112, 154, 26, 127, 97, 139, 189, 143, 74, 118, 179, 108, 174, 114, 113, 91, 158, 177, 11, 66, 18, 199, 19, 121, 10, 203, 88, 144, 124, 48, 27, 86, 202, 80, 133, 166, 168]
[53, 35, 127, 94, 68, 57, 140, 141, 178, 137, 84, 130, 74, 172, 71, 34, 92, 149, 51, 67, 50, 157, 58, 103, 144, 154, 170, 62, 85, 164, 1, 96, 116, 63, 110, 153, 151, 75, 158, 167, 81, 146, 38, 118, 131, 147, 100, 44, 77, 16, 41, 173, 80, 162, 20, 70, 152, 113, 89, 143, 22, 28, 30, 91, 117, 159, 18, 59, 72, 122, 134, 14, 29, 136, 37, 138, 156, 76, 155, 13]
[49, 33, 186, 124, 90, 64, 53, 138, 176, 139, 194, 134, 79, 128, 71, 187, 68, 32, 88, 147, 47, 63, 46, 171, 54, 98, 163, 142, 168, 184, 58, 80, 179, 2, 92, 111, 59, 155, 151, 93, 148, 73, 149, 81, 31, 76, 182, 141, 39, 166, 157, 108, 85, 191, 21, 25, 28, 87, 140, 153, 162, 17, 55, 69, 188, 77, 13, 95, 27, 181, 35, 72, 170, 135, 89, 150, 169, 12, 65, 19, 122, 20, 105, 11, 192, 131, 106, 180]
[50, 34, 248, 147, 91, 65, 54, 170, 234, 177, 305, 164, 80, 153, 71, 298, 68, 259, 33, 89, 193, 252, 48, 64, 46, 280, 55, 275, 102, 215, 180, 276, 253, 295, 59, 81, 289, 1, 93, 121, 60, 258, 197, 94, 221, 214, 194, 73, 244, 224, 83, 205, 32, 76, 292, 213, 179, 40, 264, 44, 52, 56, 138, 36, 122, 185, 235, 249, 27, 267, 70, 196, 92, 203, 162, 24, 297, 230, 219, 41, 209, 22, 67, 25, 96, 225, 115, 260, 37, 113, 282, 132, 146, 11, 299, 218, 250, 240, 186, 53, 57, 17, 178, 220, 288, 286, 95, 294]
[23, 15, 91, 63, 46, 33, 27, 68, 87, 69, 131, 67, 41, 64, 36, 124, 35, 96, 129, 45, 72, 94, 107, 22, 125, 21, 104, 114, 51, 80, 70, 100, 108, 121, 29, 42, 115, 0, 48, 56, 30, 122, 74, 49, 82, 98, 73, 37, 79, 128, 14, 40, 119, 97, 18, 95, 20, 12, 13, 110]
[51, 34, 188, 129, 95, 67, 55, 140, 179, 141, 266, 137, 83, 132, 250, 74, 259, 70, 196, 33, 93, 148, 191, 215, 221, 48, 229, 66, 47, 237, 56, 208, 104, 164, 144, 234, 192, 213, 256, 60, 203, 84, 251, 1, 97, 115, 62, 206, 217, 152, 98, 168, 163, 149, 76, 233, 171, 201, 85, 158, 32, 79, 254, 162, 143, 41, 224, 194, 180, 45, 53, 57, 184, 124, 36, 116, 146, 200, 210, 27, 238, 167, 73, 151, 96, 156, 135, 24, 258, 247, 189, 42, 172, 21, 69, 25, 176, 101, 190, 111, 178, 209, 219, 37, 174, 169, 114, 214, 255, 109, 118, 187, 207, 113, 103, 40, 46, 236, 232, 120, 88]
[50, 33, 184, 126, 92, 66, 54, 137, 175, 138, 221, 134, 82, 129, 72, 214, 69, 196, 32, 90, 146, 188, 48, 65, 47, 203, 55, 101, 160, 141, 191, 211, 59, 83, 206, 1, 94, 111, 60, 178, 150, 95, 164, 159, 147, 75, 169, 167, 84, 154, 31, 79, 209, 158, 140, 41, 218, 45, 52, 56, 122, 35, 113, 143, 161, 27, 186, 71, 93, 132, 24, 213, 198, 149, 21, 67, 12, 219, 89, 13, 168, 49, 28, 128, 108, 87, 205, 109, 81, 151, 73, 179, 105, 181, 0, 19, 106, 174, 133, 215]
[24, 15, 88, 59, 43, 31, 26, 65, 84, 66, 121, 63, 38, 60, 34, 114, 33, 94, 119, 42, 69, 91, 23, 115, 22, 96, 104, 47, 77, 67, 93, 111, 28, 39, 106, 0, 44, 53, 29, 80, 71, 45, 70, 35, 74, 112, 14, 37, 109, 118, 19, 32, 81, 52, 41, 62, 10]
[51, 33, 185, 126, 95, 68, 55, 137, 175, 139, 251, 134, 83, 129, 74, 244, 71, 194, 32, 93, 146, 188, 213, 220, 48, 67, 47, 224, 56, 205, 103, 161, 142, 221, 189, 211, 241, 61, 200, 84, 236, 1, 97, 114, 62, 204, 150, 98, 166, 159, 147, 77, 196, 168, 86, 154, 31, 80, 239, 158, 141, 40, 212, 176, 45, 53, 57, 123, 35, 115, 144, 228, 198, 26, 215, 165, 73, 149, 96, 152, 132, 23, 243, 248, 174, 41, 162, 21, 70, 24, 199, 100, 180, 111, 232, 197, 206, 36, 163, 173, 113, 202, 240, 109, 58, 16, 229, 153, 235, 226, 99, 186, 18, 46, 223]
[51, 35, 124, 93, 68, 55, 136, 137, 179, 133, 82, 128, 74, 172, 71, 33, 91, 146, 49, 67, 48, 156, 56, 102, 141, 153, 169, 61, 84, 164, 1, 95, 113, 63, 143, 96, 166, 80, 158, 38, 115, 134, 147, 99, 42, 77, 15, 40, 173, 79, 161, 19, 70, 144, 111, 88, 118, 22, 26, 29, 90, 119, 148, 17, 57, 72, 176, 170, 13, 130, 27, 149, 37, 75, 155, 92, 76, 154, 11, 69, 121]
[51, 32, 127, 93, 66, 55, 141, 180, 142, 188, 138, 81, 132, 72, 182, 69, 31, 91, 149, 48, 65, 47, 166, 56, 102, 145, 161, 179, 60, 82, 174, 1, 95, 114, 61, 151, 96, 75, 146, 83, 30, 37, 183, 78, 133, 172, 18, 68, 152, 111, 88, 139, 21, 25, 27, 90, 134, 148, 156, 16, 57, 70, 181, 79, 12, 99, 26, 176, 34, 73, 165, 92, 159, 163, 11, 67, 137, 116, 20, 101, 10, 186, 125, 160]
[23, 15, 88, 59, 43, 31, 25, 65, 84, 66, 126, 64, 38, 60, 34, 119, 33, 92, 124, 42, 69, 90, 102, 22, 120, 21, 101, 110, 48, 76, 67, 98, 104, 116, 28, 39, 111, 0, 44, 53, 29, 85, 71, 45, 78, 95, 70, 35, 79, 89, 73, 14, 37, 114, 94, 18, 91, 20, 12, 13]
[53, 36, 128, 96, 69, 57, 140, 141, 169, 137, 84, 131, 75, 163, 72, 34, 94, 148, 51, 68, 50, 151, 58, 105, 145, 161, 30, 103, 44, 38, 0, 147, 143, 32, 110, 144, 135, 76, 149, 158, 82, 156, 39, 117, 123, 85, 102, 139, 79, 15, 42, 164, 81, 154, 20, 71, 98, 90, 22, 27, 29, 93, 108, 62, 18, 59, 73, 113, 126, 13, 28, 127, 138, 129, 136, 78]
[25, 16, 61, 46, 33, 27, 66, 67, 90, 65, 40, 62, 36, 84, 35, 88, 45, 71, 24, 85, 23, 70, 13, 51, 81, 39, 75, 83, 55, 47, 52, 57, 34, 14, 49, 21, 17, 0, 68, 76, 15, 54]
[51, 35, 186, 127, 94, 68, 56, 138, 176, 139, 256, 135, 83, 130, 75, 249, 72, 194, 33, 91, 147, 189, 214, 220, 49, 226, 66, 48, 227, 57, 206, 103, 162, 143, 224, 190, 211, 246, 61, 200, 84, 240, 1, 96, 114, 62, 204, 208, 151, 97, 166, 161, 148, 77, 198, 168, 85, 155, 32, 80, 244, 160, 142, 41, 216, 177, 45, 53, 58, 181, 123, 37, 115, 145, 191, 231, 28, 219, 165, 74, 150, 95, 153, 133, 25, 248, 188, 247, 42, 164, 23, 71, 26, 167, 100, 182, 110, 169, 199, 210, 38, 172, 221, 113, 205, 245, 108, 117, 18, 223, 154, 239, 209, 99, 230, 21, 47]
[50, 35, 195, 131, 94, 67, 55, 144, 186, 145, 242, 140, 83, 134, 73, 235, 70, 205, 34, 91, 152, 199, 48, 66, 47, 215, 56, 105, 170, 148, 212, 201, 231, 60, 84, 226, 1, 97, 117, 61, 217, 157, 98, 174, 169, 153, 75, 190, 176, 85, 162, 33, 79, 229, 168, 147, 41, 206, 45, 52, 57, 128, 37, 118, 150, 181, 28, 208, 72, 155, 95, 160, 137, 25, 234, 177, 180, 42, 233, 23, 69, 26, 101, 173, 136, 133, 114, 88, 225, 115, 81, 210, 74, 207, 111, 203, 0, 19, 112, 194, 123, 13, 236, 166, 188]
[52, 36, 126, 93, 68, 57, 141, 180, 142, 190, 137, 83, 131, 74, 184, 71, 35, 91, 150, 50, 67, 49, 167, 58, 103, 145, 164, 181, 62, 84, 175, 2, 96, 115, 63, 153, 97, 76, 149, 85, 34, 80, 178, 144, 132, 173, 22, 70, 154, 113, 88, 135, 24, 28, 30, 90, 136, 151, 158, 20, 59, 72, 185, 81, 15, 100, 29, 177, 38, 75, 166, 92, 147, 165, 13, 69, 138, 119, 23, 104, 12, 188, 187, 105, 107]
[104, 67, 264, 199, 141, 115, 286, 288, 48, 295, 81, 133, 262, 73, 53, 69, 265, 207, 31, 91, 153, 200, 227, 234, 46, 255, 241, 65, 45, 270, 54, 220, 105, 169, 149, 267, 271, 203, 257, 225, 247, 145, 60, 214, 82, 285, 1, 99, 117, 61, 229, 217, 248, 158, 100, 175, 167, 154, 75, 238, 177, 212, 84, 162, 30, 78, 290, 166, 148, 39, 272, 205, 185, 43, 51, 55, 192, 223, 127, 34, 118, 151, 228, 240, 25, 293, 174, 72, 157, 98, 196, 160, 139, 22, 144, 258, 210, 40, 276, 20, 68, 23, 296, 102, 218, 114, 170, 204, 239, 250, 36, 197, 193, 116, 244, 291, 111, 122, 253, 237, 294, 300, 38, 95, 260, 233, 33, 215, 4, 124, 194]
[53, 34, 192, 126, 95, 69, 57, 139, 183, 140, 196, 135, 84, 129, 76, 189, 73, 33, 92, 148, 51, 68, 50, 168, 58, 103, 143, 165, 186, 63, 85, 181, 1, 97, 113, 64, 154, 98, 150, 78, 170, 86, 32, 81, 184, 42, 72, 156, 111, 89, 138, 23, 27, 29, 91, 188, 152, 160, 18, 60, 74, 190, 82, 12, 100, 28, 187, 36, 77, 167, 142, 93, 146, 166, 11, 70, 21, 122, 22, 107, 10, 194, 130, 108, 110, 52]
[49, 33, 189, 126, 94, 67, 53, 138, 178, 139, 195, 135, 83, 130, 75, 188, 70, 32, 92, 147, 47, 66, 46, 170, 55, 103, 164, 142, 167, 184, 60, 84, 185, 1, 96, 114, 61, 155, 97, 149, 77, 150, 85, 31, 80, 182, 141, 39, 69, 156, 112, 88, 137, 21, 25, 28, 91, 187, 152, 160, 17, 56, 72, 192, 81, 12, 100, 26, 181, 35, 76, 169, 165, 93, 173, 168, 11, 68, 19, 122, 20, 107, 10, 193, 131, 109, 111]
[51, 33, 126, 93, 67, 56, 138, 139, 174, 135, 82, 129, 73, 167, 70, 31, 90, 147, 49, 66, 48, 152, 57, 102, 142, 149, 165, 61, 83, 159, 1, 151, 137, 145, 29, 108, 148, 166, 75, 153, 162, 80, 141, 36, 115, 171, 154, 99, 43, 77, 15, 40, 169, 79, 157, 19, 69, 95, 87, 21, 25, 27, 89, 110, 143, 17, 58, 71, 125, 128, 13, 26, 160, 35, 131, 144, 76, 150, 12]
[25, 16, 91, 63, 47, 34, 28, 68, 87, 69, 118, 67, 41, 64, 37, 111, 36, 96, 116, 46, 72, 93, 24, 112, 23, 100, 102, 51, 80, 70, 90, 108, 30, 42, 103, 0, 48, 56, 31, 79, 74, 49, 73, 38, 97, 83, 15, 19, 115, 40, 65, 101, 9, 35, 88]
[48, 32, 183, 121, 90, 64, 52, 133, 173, 135, 202, 130, 79, 124, 70, 195, 67, 31, 88, 143, 46, 63, 45, 179, 53, 98, 158, 138, 176, 192, 57, 80, 187, 1, 92, 109, 58, 164, 147, 93, 157, 144, 72, 156, 81, 152, 30, 75, 190, 137, 39, 171, 43, 50, 54, 118, 34, 110, 150, 25, 172, 189, 141, 71, 115, 178, 107, 161, 112, 111, 89, 155, 177, 11, 65, 18, 196, 19, 120, 10, 200, 87, 198, 123, 47, 27, 106, 85, 186, 78, 132, 166, 168, 0]
[49, 32, 189, 126, 94, 66, 54, 138, 179, 139, 233, 135, 81, 129, 73, 226, 69, 198, 31, 92, 146, 192, 46, 65, 45, 205, 55, 102, 162, 142, 202, 193, 223, 60, 82, 218, 1, 96, 115, 61, 230, 151, 97, 167, 161, 148, 75, 180, 169, 83, 156, 30, 78, 221, 160, 141, 39, 196, 43, 51, 56, 123, 35, 116, 144, 171, 26, 215, 71, 150, 95, 132, 23, 225, 184, 157, 40, 181, 20, 68, 24, 224, 47, 27, 131, 128, 111, 87, 217, 112, 80, 159, 74, 190, 107, 210, 0, 17, 109, 185, 11, 227, 155, 145]
[102, 67, 255, 188, 135, 111, 277, 280, 103, 271, 167, 260, 149, 110, 142, 65, 183, 99, 133, 95, 134, 112, 206, 288, 113, 304, 121, 169, 73, 1, 96, 275, 287, 61, 218, 205, 305, 151, 98, 301, 161, 148, 75, 233, 266, 284, 199, 86, 156, 31, 79, 307, 160, 141, 39, 139, 192, 224, 177, 250, 43, 52, 57, 182, 251, 227, 122, 35, 115, 144, 257, 268, 26, 198, 55, 166, 72, 150, 292, 223, 185, 153, 293, 23, 138, 253, 234, 40, 219, 21, 68, 241, 24, 222, 100, 243, 248, 298, 163, 226, 191, 267, 282, 36, 194, 220, 217, 290, 272, 50, 108, 117, 237, 264, 306, 312, 38, 94, 225, 172, 261, 34, 238, 152, 4, 265, 119, 274, 245, 120, 230, 235, 157, 158, 129, 155, 232, 2, 71, 179, 200]
[56, 37, 199, 134, 99, 73, 61, 146, 190, 147, 235, 143, 88, 138, 80, 227, 77, 207, 36, 97, 156, 202, 54, 72, 53, 208, 62, 108, 173, 151, 205, 224, 66, 89, 218, 2, 101, 122, 67, 194, 160, 103, 177, 171, 157, 82, 184, 179, 90, 165, 34, 85, 222, 170, 150, 45, 200, 50, 59, 63, 131, 40, 123, 154, 175, 29, 201, 79, 100, 141, 26, 226, 188, 191, 46, 74, 13, 233, 96, 14, 182, 55, 30, 136, 116, 94, 217, 117, 87, 163, 81, 195, 113, 197, 0, 20, 114, 225, 203, 228, 158]
[55, 17, 96, 68, 51, 38, 32, 73, 92, 74, 29, 72, 46, 69, 127, 41, 136, 40, 100, 141, 50, 77, 98, 109, 113, 28, 137, 27, 115, 125, 106, 143, 85, 75, 110, 119, 133, 34, 47, 126, 0, 52, 61, 35, 97, 79, 53, 87, 107, 78, 42, 89, 101, 81, 16, 45, 131, 118, 21, 103, 24, 31, 33, 65]
[24, 15, 90, 60, 44, 31, 26, 65, 86, 67, 131, 64, 39, 61, 35, 124, 34, 95, 129, 43, 70, 92, 104, 23, 125, 22, 103, 114, 49, 77, 68, 100, 106, 121, 28, 40, 115, 0, 46, 54, 29, 87, 72, 47, 79, 98, 71, 36, 80, 91, 74, 14, 38, 118, 97, 19, 94, 21, 12, 13]
[54, 35, 128, 98, 70, 58, 139, 140, 163, 136, 86, 131, 76, 157, 73, 34, 95, 52, 69, 51, 145, 29, 107, 154, 84, 147, 156, 116, 99, 160, 125, 109, 119, 72, 31, 104, 44, 39, 0, 141, 59, 32, 111, 106, 150, 77, 143, 151, 153, 149, 40, 129, 87, 103, 123, 80, 16, 42, 158, 83, 135, 20, 127, 91, 24, 28, 30, 64, 18, 60, 74, 101, 117]
[49, 33, 187, 124, 92, 66, 55, 137, 176, 138, 239, 134, 82, 127, 73, 232, 70, 195, 32, 90, 145, 190, 215, 47, 65, 46, 212, 56, 206, 102, 162, 141, 208, 191, 229, 60, 83, 224, 1, 95, 113, 61, 220, 150, 96, 166, 161, 147, 76, 236, 168, 84, 155, 31, 79, 227, 160, 140, 40, 201, 44, 52, 57, 121, 35, 114, 143, 179, 189, 27, 203, 72, 149, 93, 152, 131, 24, 231, 175, 165, 41, 153, 22, 68, 25, 98, 171, 110, 197, 36, 182, 233, 205, 167, 177, 217, 53, 58, 18, 230, 144, 222, 196, 97, 228, 20, 45, 211, 207]
[52, 36, 184, 126, 95, 69, 58, 137, 175, 138, 188, 134, 84, 129, 75, 181, 72, 35, 93, 146, 50, 68, 49, 166, 59, 103, 142, 162, 178, 63, 85, 173, 1, 97, 115, 64, 151, 98, 147, 78, 168, 87, 34, 81, 176, 43, 71, 152, 112, 90, 136, 25, 29, 31, 92, 180, 149, 156, 21, 60, 73, 182, 82, 17, 100, 30, 179, 38, 77, 164, 141, 94, 145, 163, 16, 70, 23, 123, 24, 108, 15, 186, 130, 109, 111, 51]
[50, 34, 126, 94, 67, 55, 138, 175, 139, 183, 135, 82, 129, 74, 177, 70, 33, 92, 147, 48, 66, 47, 161, 56, 103, 142, 158, 174, 60, 83, 169, 1, 96, 114, 61, 148, 97, 76, 144, 85, 31, 39, 178, 79, 130, 167, 20, 69, 149, 112, 88, 136, 22, 26, 28, 91, 131, 146, 153, 17, 57, 71, 176, 80, 13, 99, 27, 171, 36, 75, 160, 93, 156, 159, 12, 68, 134, 116, 21, 102, 11, 181, 123, 157]
[53, 34, 184, 126, 94, 68, 57, 137, 175, 139, 205, 134, 83, 129, 74, 198, 71, 33, 91, 147, 51, 67, 50, 182, 58, 103, 161, 143, 179, 195, 62, 84, 190, 1, 96, 113, 63, 168, 151, 97, 160, 148, 77, 162, 85, 155, 32, 80, 193, 141, 42, 174, 47, 55, 59, 122, 37, 114, 154, 28, 196, 73, 75, 118, 181, 111, 166, 116, 115, 92, 159, 180, 14, 69, 21, 199, 22, 127, 13, 203, 90, 128, 130, 52, 29, 110, 88, 189, 82, 164, 169, 107, 171, 0]
[50, 34, 190, 126, 94, 67, 55, 141, 180, 142, 246, 137, 83, 131, 74, 239, 70, 199, 33, 92, 149, 193, 219, 48, 66, 47, 221, 56, 211, 103, 165, 145, 215, 194, 235, 60, 206, 84, 230, 1, 96, 114, 61, 200, 154, 97, 169, 164, 150, 76, 191, 171, 86, 158, 32, 80, 233, 163, 144, 40, 208, 45, 52, 57, 123, 36, 115, 147, 183, 222, 28, 210, 72, 153, 95, 156, 134, 24, 238, 236, 209, 41, 186, 22, 69, 25, 99, 175, 111, 202, 37, 160, 162, 166, 189, 179, 192, 54, 58, 17, 214, 223, 229, 201, 98, 234, 19, 46, 217, 213]
[53, 36, 128, 96, 70, 57, 141, 180, 142, 190, 138, 85, 131, 76, 184, 73, 35, 94, 149, 51, 69, 50, 168, 58, 105, 145, 165, 181, 62, 87, 176, 1, 98, 116, 64, 152, 99, 78, 148, 88, 34, 81, 179, 144, 132, 174, 22, 72, 153, 114, 91, 136, 25, 29, 31, 93, 137, 150, 160, 19, 59, 74, 185, 82, 13, 101, 30, 178, 38, 77, 167, 95, 147, 166, 12, 71, 139, 121, 24, 106, 11, 188, 187, 107, 109]
[49, 32, 124, 91, 65, 53, 136, 137, 164, 132, 80, 127, 72, 158, 68, 31, 89, 145, 47, 64, 46, 144, 54, 102, 141, 113, 92, 161, 121, 105, 116, 67, 28, 99, 40, 35, 0, 143, 138, 29, 108, 139, 123, 73, 146, 153, 78, 151, 36, 156, 81, 96, 152, 75, 14, 38, 159, 77, 149, 18, 130, 93, 85, 20, 25, 27, 87, 58, 16, 55, 69, 104, 115, 12, 26, 131]
[48, 32, 182, 122, 90, 64, 53, 134, 173, 135, 194, 131, 79, 125, 71, 187, 67, 31, 88, 142, 46, 63, 45, 172, 54, 99, 158, 138, 167, 184, 58, 81, 179, 1, 92, 110, 59, 156, 146, 94, 143, 73, 149, 82, 30, 76, 191, 137, 39, 162, 43, 50, 55, 118, 16, 174, 68, 188, 77, 12, 124, 96, 26, 181, 34, 72, 115, 170, 108, 153, 113, 112, 89, 148, 168, 11, 65, 19, 132, 20, 111, 10, 192, 87, 116, 114, 47, 27, 85, 178]
[107, 71, 253, 192, 139, 116, 276, 278, 108, 270, 171, 259, 153, 115, 147, 68, 187, 293, 103, 137, 98, 138, 117, 209, 285, 118, 309, 126, 174, 304, 3, 197, 230, 128, 283, 155, 102, 306, 165, 152, 79, 234, 275, 287, 203, 89, 159, 32, 82, 312, 164, 261, 146, 41, 144, 284, 226, 182, 258, 45, 52, 56, 186, 305, 229, 127, 36, 120, 149, 265, 277, 28, 202, 55, 170, 76, 154, 295, 225, 281, 189, 157, 296, 25, 142, 263, 244, 42, 228, 23, 73, 251, 26, 231, 104, 252, 257, 303, 168, 236, 196, 310, 1, 37, 198, 249, 255, 298, 290, 50, 113, 122, 247, 272, 311, 211, 317, 39, 97, 235, 177, 269, 35, 248, 156, 4, 243, 124, 227, 254, 178, 125, 292, 245, 160, 161, 133, 158, 242, 2, 75, 183, 307, 205, 176]
[50, 34, 126, 94, 68, 55, 137, 138, 175, 134, 82, 129, 74, 169, 71, 33, 92, 145, 48, 67, 47, 155, 56, 102, 141, 152, 167, 61, 84, 162, 1, 96, 114, 62, 150, 75, 156, 164, 80, 144, 37, 116, 133, 157, 99, 42, 77, 15, 39, 170, 79, 160, 19, 70, 142, 111, 89, 117, 21, 26, 29, 91, 118, 146, 17, 58, 72, 123, 135, 12, 163, 28, 136, 36, 147, 154, 93, 76, 153, 11, 69]
[50, 33, 186, 125, 93, 66, 54, 137, 175, 138, 199, 134, 81, 129, 72, 192, 69, 31, 91, 146, 48, 65, 46, 190, 55, 101, 160, 142, 171, 189, 60, 83, 183, 1, 95, 114, 61, 159, 150, 96, 147, 74, 153, 84, 30, 78, 187, 141, 39, 166, 43, 52, 56, 122, 35, 168, 70, 193, 79, 13, 128, 98, 26, 196, 139, 73, 119, 174, 112, 157, 117, 116, 92, 152, 173, 12, 67, 19, 136, 20, 121, 10, 197, 90, 154, 126, 49, 27, 88, 182, 80]
[50, 34, 185, 126, 91, 65, 54, 138, 176, 139, 188, 135, 81, 129, 71, 181, 68, 33, 89, 146, 47, 64, 46, 166, 55, 100, 142, 163, 178, 59, 82, 173, 1, 93, 112, 60, 152, 95, 73, 168, 83, 32, 78, 179, 40, 67, 153, 110, 86, 137, 21, 26, 29, 88, 180, 149, 157, 17, 56, 69, 182, 79, 13, 97, 27, 175, 36, 72, 165, 141, 90, 145, 164, 12, 66, 19, 123, 20, 104, 11, 186, 130, 105, 108, 48, 131]
[50, 34, 186, 126, 92, 67, 54, 138, 176, 139, 240, 135, 82, 129, 73, 233, 70, 194, 33, 90, 146, 189, 214, 48, 66, 47, 216, 56, 205, 100, 161, 142, 210, 190, 230, 61, 200, 83, 225, 1, 94, 113, 62, 195, 150, 95, 165, 160, 147, 75, 187, 167, 84, 155, 32, 79, 228, 159, 141, 40, 202, 45, 52, 58, 122, 36, 114, 144, 180, 217, 28, 204, 72, 149, 93, 152, 132, 24, 232, 231, 203, 42, 183, 22, 69, 25, 97, 171, 108, 197, 37, 156, 158, 162, 185, 174, 188, 53, 59, 17, 208, 218, 224, 196, 96, 229, 19, 46, 213, 207]
[48, 32, 121, 89, 64, 53, 133, 134, 156, 130, 79, 124, 70, 150, 67, 31, 87, 46, 63, 45, 139, 26, 99, 147, 77, 140, 149, 109, 90, 153, 118, 102, 113, 66, 28, 96, 40, 34, 0, 135, 54, 29, 104, 98, 143, 72, 137, 145, 146, 142, 35, 122, 80, 95, 117, 74, 14, 38, 151, 76, 128, 19, 120, 84, 21, 25, 27, 58, 16, 55, 68, 92, 111]
[51, 34, 126, 93, 67, 55, 138, 139, 170, 135, 81, 130, 73, 164, 70, 33, 90, 146, 49, 66, 48, 150, 56, 101, 142, 152, 162, 61, 82, 36, 0, 148, 143, 31, 107, 145, 136, 74, 151, 159, 79, 157, 37, 115, 125, 140, 98, 42, 76, 15, 40, 165, 78, 155, 19, 69, 95, 86, 21, 26, 28, 89, 108, 141, 17, 57, 71, 113, 127, 12, 27, 128, 144, 131, 137, 75, 147, 11]
[49, 33, 123, 92, 67, 55, 135, 136, 172, 132, 81, 126, 73, 166, 70, 32, 90, 143, 46, 66, 45, 152, 56, 100, 139, 149, 164, 61, 82, 159, 1, 94, 110, 62, 105, 148, 145, 74, 153, 161, 79, 141, 36, 113, 127, 142, 97, 40, 76, 14, 38, 167, 78, 157, 18, 69, 147, 108, 86, 138, 20, 25, 28, 89, 112, 154, 16, 58, 71, 117, 129, 12, 27, 130, 35, 133, 151, 75, 150, 11]
[49, 32, 125, 93, 66, 53, 138, 139, 156, 134, 82, 128, 73, 150, 69, 31, 44, 71, 94, 106, 110, 23, 121, 113, 140, 22, 129, 26, 102, 147, 80, 141, 126, 130, 137, 104, 116, 68, 28, 99, 41, 35, 0, 46, 55, 29, 101, 107, 74, 47, 145, 123, 143, 36, 97, 83, 112, 76, 15, 38, 151, 79, 122, 19, 115, 21, 25, 27, 60, 17, 57]
[53, 37, 129, 96, 69, 57, 140, 141, 26, 145, 43, 66, 128, 39, 29, 38, 130, 99, 17, 47, 74, 97, 109, 112, 25, 116, 36, 24, 123, 135, 106, 150, 82, 72, 120, 137, 108, 71, 32, 103, 44, 136, 0, 49, 58, 33, 101, 77, 50, 84, 114, 75, 40, 93, 85, 118, 79, 16, 42, 143, 81, 113, 20, 127, 23, 28, 31]
[25, 16, 92, 63, 46, 32, 27, 69, 87, 70, 132, 67, 41, 64, 35, 125, 34, 96, 130, 45, 73, 94, 106, 24, 126, 23, 108, 116, 50, 80, 71, 102, 109, 122, 29, 42, 117, 0, 47, 55, 30, 89, 75, 48, 82, 100, 74, 36, 81, 97, 77, 15, 40, 120, 99, 19, 114, 22, 26, 14, 111]
[14, 9, 51, 33, 25, 18, 15, 37, 49, 54, 62, 36, 22, 35, 19, 55, 47, 60, 24, 40, 59, 56, 5, 42, 8, 28]
[49, 33, 183, 125, 92, 65, 53, 136, 173, 137, 238, 133, 81, 128, 72, 231, 68, 191, 32, 89, 144, 186, 210, 47, 64, 46, 212, 54, 203, 102, 159, 140, 209, 187, 228, 59, 198, 82, 223, 1, 95, 113, 60, 195, 149, 96, 164, 158, 146, 74, 216, 166, 83, 153, 31, 78, 226, 157, 139, 40, 202, 44, 51, 55, 121, 35, 114, 142, 178, 188, 27, 204, 71, 148, 93, 151, 131, 22, 230, 175, 184, 41, 155, 20, 67, 24, 98, 171, 110, 197, 36, 156, 181, 112, 193, 160, 52, 57, 16, 167, 147, 222, 196, 97, 227, 18, 45, 211, 207, 118, 84]
[53, 35, 130, 99, 70, 57, 143, 144, 158, 140, 41, 66, 129, 37, 29, 36, 131, 102, 17, 47, 75, 100, 112, 116, 25, 126, 119, 34, 24, 125, 145, 109, 146, 83, 73, 122, 138, 111, 72, 31, 106, 43, 141, 0, 49, 58, 32, 114, 77, 50, 85, 127, 76, 38, 97, 86, 110, 79, 16, 40, 151, 82, 118, 21, 113, 23, 28, 30]
[50, 33, 124, 91, 66, 54, 135, 137, 182, 132, 81, 127, 72, 176, 69, 32, 89, 145, 47, 64, 46, 160, 55, 101, 141, 157, 174, 59, 82, 168, 1, 93, 111, 60, 162, 95, 74, 154, 83, 75, 15, 39, 177, 77, 128, 165, 19, 68, 147, 109, 86, 126, 22, 26, 28, 88, 169, 143, 151, 17, 56, 70, 133, 79, 13, 97, 27, 170, 35, 73, 159, 90, 140, 158, 12, 67, 129, 117, 21, 108, 11, 180, 120]
[55, 36, 188, 127, 97, 71, 59, 139, 178, 140, 270, 136, 86, 131, 252, 77, 263, 74, 196, 35, 94, 148, 191, 216, 224, 52, 230, 69, 51, 241, 60, 208, 105, 164, 144, 237, 242, 192, 214, 260, 64, 203, 87, 254, 1, 99, 116, 65, 206, 220, 153, 100, 169, 163, 149, 80, 210, 171, 201, 88, 158, 34, 83, 258, 162, 142, 43, 228, 194, 179, 48, 57, 61, 183, 124, 38, 117, 146, 217, 212, 28, 232, 168, 76, 151, 98, 156, 134, 25, 262, 197, 185, 44, 173, 22, 73, 26, 176, 102, 246, 112, 261, 211, 223, 39, 174, 207, 115, 245, 259, 110, 119, 267, 236, 114, 104, 41, 265, 240, 235, 121, 89]
[50, 33, 124, 92, 66, 54, 136, 137, 179, 133, 81, 127, 72, 173, 69, 32, 90, 144, 47, 65, 45, 158, 55, 100, 140, 154, 171, 59, 83, 166, 1, 94, 113, 60, 161, 95, 74, 152, 84, 75, 14, 38, 174, 77, 128, 164, 18, 68, 145, 110, 87, 126, 20, 25, 27, 89, 167, 142, 149, 16, 56, 70, 134, 78, 12, 97, 26, 168, 35, 73, 156, 91, 139, 155, 11, 67, 129, 118, 19, 109, 10, 177, 120]
[53, 35, 185, 124, 94, 69, 57, 137, 175, 138, 214, 133, 84, 127, 75, 207, 72, 195, 34, 92, 146, 190, 51, 68, 50, 192, 58, 102, 161, 141, 211, 204, 62, 85, 199, 1, 96, 113, 63, 173, 150, 97, 166, 160, 147, 77, 165, 86, 154, 33, 81, 202, 140, 41, 180, 47, 55, 59, 121, 37, 114, 144, 158, 28, 181, 74, 95, 130, 25, 70, 20, 208, 21, 183, 10, 212, 91, 12, 163, 52, 29, 109, 89, 198, 110, 83, 148, 76, 174, 106, 176, 0, 19, 107, 169, 128, 136, 168]
[52, 34, 127, 96, 69, 57, 139, 140, 178, 136, 84, 131, 75, 172, 72, 33, 94, 148, 50, 68, 49, 158, 58, 105, 143, 154, 170, 62, 85, 165, 2, 98, 115, 63, 152, 76, 159, 167, 82, 147, 37, 117, 135, 160, 101, 42, 78, 15, 40, 173, 81, 163, 20, 71, 145, 113, 91, 118, 22, 27, 29, 93, 119, 149, 18, 59, 73, 125, 137, 13, 166, 28, 138, 36, 150, 157, 95, 77, 155, 12, 70]
[24, 15, 89, 60, 44, 31, 26, 65, 85, 66, 119, 64, 39, 61, 35, 112, 34, 93, 117, 43, 69, 91, 23, 113, 22, 95, 103, 49, 77, 67, 97, 109, 28, 40, 104, 0, 45, 54, 29, 80, 71, 46, 70, 36, 72, 84, 14, 38, 107, 18, 33, 81, 53, 42, 63, 10]
[25, 16, 90, 62, 45, 33, 28, 67, 86, 68, 106, 66, 40, 63, 36, 99, 35, 104, 44, 71, 23, 100, 22, 84, 103, 50, 79, 69, 81, 96, 30, 41, 91, 0, 47, 55, 31, 53, 80, 77, 37, 85, 93, 39, 72, 18, 56, 58, 73, 49]
[52, 36, 126, 94, 68, 56, 139, 179, 140, 187, 135, 84, 129, 75, 181, 72, 35, 92, 149, 50, 67, 49, 165, 57, 102, 143, 162, 178, 61, 85, 173, 1, 96, 114, 63, 150, 97, 77, 144, 86, 34, 41, 182, 80, 130, 171, 21, 71, 151, 112, 89, 136, 23, 28, 30, 91, 131, 147, 156, 19, 58, 73, 180, 81, 14, 99, 29, 175, 38, 76, 164, 93, 159, 163, 12, 69, 134, 116, 22, 101, 11, 185, 124, 160]
[53, 34, 128, 96, 70, 57, 139, 140, 155, 136, 85, 131, 76, 28, 36, 129, 99, 16, 47, 75, 97, 109, 112, 23, 123, 116, 33, 22, 127, 147, 106, 146, 83, 73, 138, 152, 133, 108, 72, 30, 102, 43, 38, 0, 49, 58, 31, 122, 77, 51, 144, 120, 141, 39, 117, 86, 110, 80, 15, 41, 150, 82, 119, 19, 113, 21, 27, 29, 62, 17]
[27, 19, 95, 65, 47, 34, 29, 70, 90, 71, 121, 69, 42, 66, 37, 114, 36, 100, 119, 46, 74, 98, 26, 115, 25, 118, 104, 52, 82, 72, 92, 110, 31, 43, 105, 0, 49, 57, 32, 78, 50, 39, 99, 83, 18, 22, 93, 41, 67, 103, 11, 35, 79, 56]
[50, 34, 184, 124, 94, 68, 56, 136, 175, 138, 188, 133, 83, 127, 74, 181, 71, 33, 92, 145, 47, 67, 46, 165, 57, 102, 141, 162, 178, 62, 84, 172, 1, 96, 112, 63, 150, 97, 146, 77, 167, 85, 32, 80, 176, 40, 70, 151, 110, 88, 135, 21, 25, 28, 91, 180, 148, 155, 17, 58, 72, 182, 81, 13, 99, 26, 179, 36, 76, 164, 140, 93, 144, 163, 12, 69, 19, 121, 20, 106, 11, 186, 128, 107, 109, 48]
[54, 34, 136, 101, 72, 59, 149, 151, 168, 145, 90, 139, 80, 162, 35, 137, 104, 18, 47, 78, 102, 116, 119, 25, 131, 122, 33, 24, 165, 28, 113, 159, 88, 76, 132, 161, 142, 115, 75, 30, 110, 43, 36, 0, 50, 60, 31, 112, 114, 81, 51, 157, 128, 154, 38, 123, 91, 118, 84, 17, 41, 163, 87, 127, 21, 121, 23, 27, 29, 66]
[49, 32, 128, 96, 68, 54, 140, 141, 152, 137, 39, 63, 127, 35, 26, 34, 129, 99, 15, 44, 73, 97, 109, 112, 23, 123, 116, 31, 22, 122, 142, 106, 143, 81, 71, 119, 135, 108, 70, 28, 103, 40, 138, 0, 46, 55, 29, 111, 76, 47, 85, 124, 74, 36, 94, 87, 107, 78, 14, 38, 147, 80, 115, 19, 110, 21, 25, 27]
[24, 16, 93, 62, 47, 33, 26, 68, 87, 69, 119, 67, 41, 63, 36, 112, 35, 97, 117, 46, 72, 95, 23, 113, 22, 94, 102, 51, 79, 70, 89, 109, 29, 42, 103, 0, 48, 56, 31, 77, 74, 49, 37, 100, 81, 15, 19, 91, 39, 64, 101, 9, 34, 78]
[50, 32, 123, 92, 65, 54, 135, 136, 177, 132, 81, 127, 73, 171, 69, 31, 89, 144, 48, 64, 47, 154, 55, 101, 139, 151, 169, 59, 82, 163, 1, 94, 111, 60, 149, 74, 155, 165, 79, 143, 36, 113, 131, 157, 97, 40, 76, 15, 38, 172, 78, 161, 19, 67, 140, 109, 86, 114, 21, 25, 27, 88, 115, 145, 17, 56, 71, 120, 133, 13, 164, 26, 134, 35, 146, 153, 91, 75, 152, 12, 66]
[50, 33, 127, 93, 67, 55, 138, 139, 171, 135, 83, 130, 74, 165, 71, 32, 91, 148, 48, 65, 47, 151, 56, 102, 143, 147, 163, 60, 100, 41, 36, 0, 150, 145, 30, 107, 146, 134, 75, 152, 160, 80, 158, 37, 116, 123, 84, 99, 164, 77, 15, 39, 166, 79, 156, 19, 70, 96, 88, 21, 25, 27, 90, 106, 140, 17, 57, 72, 113, 125, 13, 26, 168, 137, 129, 161, 76]
[49, 33, 124, 93, 66, 53, 138, 139, 155, 135, 81, 128, 73, 149, 34, 125, 97, 16, 43, 72, 94, 106, 110, 23, 120, 113, 32, 22, 152, 26, 103, 146, 79, 70, 121, 148, 133, 105, 69, 29, 100, 40, 35, 0, 45, 54, 30, 102, 104, 74, 46, 144, 118, 142, 36, 114, 82, 109, 76, 15, 38, 150, 78, 117, 19, 112, 21, 25, 27, 59]
[51, 34, 185, 126, 94, 67, 55, 137, 176, 139, 223, 134, 83, 129, 74, 216, 70, 193, 33, 92, 146, 188, 49, 66, 47, 199, 57, 102, 162, 142, 196, 189, 213, 61, 84, 208, 1, 96, 114, 62, 183, 150, 97, 166, 161, 147, 76, 175, 168, 85, 155, 31, 79, 211, 160, 141, 40, 190, 45, 53, 58, 122, 36, 115, 144, 167, 27, 191, 72, 149, 95, 132, 24, 215, 164, 153, 42, 145, 22, 221, 90, 12, 174, 50, 28, 131, 128, 111, 88, 207, 112, 82, 156, 75, 184, 107, 186, 0, 19, 109, 179, 136, 217]
[57, 39, 192, 130, 100, 74, 62, 145, 182, 146, 235, 139, 89, 134, 80, 228, 77, 204, 38, 98, 153, 199, 55, 73, 53, 210, 63, 108, 168, 149, 206, 200, 224, 68, 90, 219, 1, 102, 119, 69, 189, 158, 103, 173, 167, 154, 82, 181, 175, 91, 162, 37, 86, 222, 166, 148, 47, 201, 51, 59, 64, 127, 42, 120, 151, 174, 28, 202, 79, 157, 101, 137, 24, 227, 170, 161, 48, 152, 22, 233, 97, 12, 180, 56, 33, 136, 132, 116, 94, 218, 117, 88, 163, 81, 190, 112, 194, 0, 18, 113, 185, 143, 229]
[52, 35, 188, 128, 98, 69, 56, 140, 178, 141, 246, 137, 86, 132, 77, 239, 73, 196, 34, 95, 148, 191, 215, 49, 68, 48, 219, 57, 207, 107, 165, 144, 216, 192, 235, 63, 202, 88, 230, 1, 101, 117, 64, 201, 154, 102, 169, 164, 149, 80, 193, 171, 89, 159, 33, 83, 233, 163, 143, 42, 208, 179, 46, 54, 59, 125, 37, 118, 146, 185, 195, 29, 210, 168, 75, 152, 100, 156, 135, 26, 237, 182, 172, 43, 161, 24, 72, 27, 104, 177, 114, 203, 38, 162, 189, 116, 199, 166, 55, 61, 19, 173, 151, 229, 206, 103, 234, 22, 47, 218, 214, 122]
[50, 34, 189, 127, 94, 67, 55, 139, 179, 140, 245, 136, 83, 130, 73, 238, 70, 199, 33, 92, 148, 192, 218, 48, 66, 47, 219, 56, 211, 102, 166, 143, 216, 193, 235, 60, 205, 84, 230, 1, 96, 115, 61, 201, 153, 97, 170, 165, 150, 75, 191, 172, 85, 160, 32, 80, 233, 164, 142, 40, 209, 45, 52, 57, 123, 36, 116, 145, 184, 210, 27, 215, 72, 152, 95, 157, 134, 24, 237, 180, 171, 41, 161, 22, 69, 25, 99, 176, 112, 203, 37, 162, 158, 114, 173, 168, 151, 53, 58, 17, 144, 222, 229, 202, 98, 234, 20, 46, 221, 214]
[48, 32, 121, 90, 63, 52, 132, 133, 161, 129, 79, 124, 69, 155, 66, 31, 88, 142, 46, 62, 45, 141, 53, 99, 137, 109, 91, 158, 118, 102, 112, 65, 28, 96, 39, 34, 0, 140, 134, 29, 104, 135, 120, 71, 143, 150, 77, 148, 35, 153, 80, 95, 149, 74, 14, 37, 156, 76, 146, 18, 127, 92, 85, 20, 25, 27, 87, 57, 16, 54, 67, 101, 111, 12, 26, 128]
[51, 35, 195, 131, 99, 69, 56, 144, 185, 145, 244, 140, 87, 134, 78, 237, 72, 205, 34, 97, 152, 199, 49, 68, 48, 218, 57, 108, 170, 148, 214, 200, 234, 62, 89, 227, 1, 102, 119, 64, 201, 157, 103, 175, 169, 153, 80, 192, 177, 90, 161, 33, 84, 231, 168, 147, 41, 208, 46, 54, 59, 128, 37, 120, 150, 184, 194, 28, 210, 77, 155, 101, 159, 137, 25, 236, 181, 212, 43, 198, 23, 71, 26, 105, 176, 116, 117, 86, 172, 79, 202, 112, 224, 0, 20, 114, 196, 125, 130, 12, 238, 167, 142, 241, 149, 55]
[50, 34, 189, 128, 95, 66, 54, 140, 180, 141, 212, 136, 82, 131, 72, 205, 69, 33, 93, 149, 48, 65, 46, 188, 55, 103, 164, 144, 185, 201, 60, 85, 195, 2, 97, 115, 61, 172, 153, 98, 163, 150, 75, 183, 86, 157, 32, 78, 199, 143, 40, 203, 44, 52, 57, 124, 36, 116, 147, 160, 28, 181, 71, 73, 121, 187, 112, 169, 118, 117, 94, 166, 186, 13, 67, 20, 206, 21, 129, 12, 210, 92, 130, 132, 49, 29, 111, 90, 194, 81, 154, 173, 108, 177, 0]
[48, 32, 123, 92, 65, 53, 135, 136, 178, 132, 81, 127, 72, 172, 69, 31, 90, 144, 46, 64, 45, 157, 54, 100, 139, 154, 169, 58, 82, 164, 1, 94, 112, 60, 143, 95, 74, 138, 148, 97, 39, 75, 14, 37, 173, 77, 128, 162, 18, 68, 159, 109, 86, 122, 20, 24, 26, 89, 175, 141, 149, 16, 55, 70, 130, 78, 12, 171, 25, 166, 34, 73, 156, 91, 137, 155, 11, 66, 125, 108, 19, 115]
[101, 67, 255, 190, 136, 110, 278, 281, 102, 272, 169, 260, 150, 109, 143, 65, 185, 97, 133, 94, 134, 111, 208, 113, 230, 192, 253, 247, 214, 237, 140, 59, 203, 83, 73, 1, 95, 284, 60, 219, 207, 268, 152, 96, 298, 162, 149, 75, 234, 257, 171, 201, 84, 156, 30, 79, 304, 161, 142, 39, 275, 194, 226, 179, 240, 44, 51, 56, 184, 241, 229, 123, 35, 114, 145, 246, 259, 26, 200, 55, 168, 72, 151, 289, 187, 154, 290, 23, 139, 243, 238, 41, 211, 21, 68, 233, 24, 302, 98, 256, 239, 295, 165, 217, 193, 258, 270, 36, 212, 209, 286, 264, 49, 107, 117, 231, 306, 303, 309, 38, 93, 216, 174, 251, 34, 283, 153, 4, 224, 119, 210, 276, 121, 191, 227, 157, 130, 155, 223]
[25, 15, 92, 61, 45, 33, 27, 66, 87, 67, 104, 65, 40, 62, 36, 96, 35, 102, 44, 71, 24, 97, 23, 80, 86, 50, 69, 77, 93, 29, 41, 94, 0, 79, 72, 14, 53, 76, 64, 37, 81, 90, 39, 82, 17, 54, 75]
[53, 35, 194, 130, 99, 69, 57, 143, 182, 144, 277, 140, 86, 134, 77, 270, 74, 206, 34, 94, 154, 197, 226, 233, 51, 240, 68, 50, 248, 58, 217, 107, 168, 147, 245, 199, 224, 267, 63, 212, 87, 262, 1, 101, 118, 64, 215, 227, 158, 102, 173, 167, 155, 79, 216, 175, 210, 88, 162, 32, 83, 265, 166, 146, 41, 235, 184, 46, 55, 59, 189, 127, 37, 119, 149, 208, 218, 28, 239, 172, 76, 157, 100, 160, 137, 25, 269, 205, 195, 42, 176, 23, 72, 26, 179, 104, 196, 115, 181, 244, 230, 38, 177, 174, 117, 236, 266, 113, 122, 193, 225, 116, 106, 40, 49, 247, 243, 124, 89, 220]
[50, 34, 190, 125, 94, 67, 54, 139, 180, 140, 279, 136, 83, 128, 256, 74, 272, 71, 260, 198, 33, 92, 148, 193, 220, 227, 48, 249, 233, 66, 47, 247, 55, 212, 102, 165, 143, 244, 248, 194, 218, 269, 59, 205, 84, 263, 1, 96, 113, 61, 223, 209, 226, 152, 97, 169, 164, 149, 77, 215, 173, 202, 85, 158, 32, 80, 267, 163, 142, 40, 236, 196, 181, 45, 52, 56, 185, 121, 36, 114, 145, 203, 217, 27, 238, 168, 73, 151, 95, 155, 132, 24, 271, 200, 187, 41, 176, 21, 70, 25, 179, 99, 235, 110, 197, 216, 228, 37, 177, 174, 112, 221, 268, 108, 116, 191, 214, 111, 101, 39, 274, 270, 242, 118]
[50, 32, 185, 124, 92, 66, 54, 136, 175, 137, 195, 132, 81, 127, 73, 188, 70, 31, 90, 144, 48, 65, 47, 171, 55, 101, 161, 140, 168, 192, 59, 82, 180, 1, 94, 111, 60, 156, 149, 95, 145, 75, 152, 83, 30, 78, 183, 139, 40, 163, 44, 52, 27, 88, 157, 153, 162, 16, 56, 71, 189, 79, 12, 98, 26, 182, 35, 74, 118, 170, 109, 133, 114, 113, 91, 147, 169, 11, 67, 18, 128, 19, 108, 10, 193, 187, 120, 116, 49]
[51, 34, 186, 126, 94, 67, 55, 138, 176, 139, 247, 134, 83, 129, 74, 240, 70, 195, 33, 92, 147, 189, 214, 220, 48, 66, 47, 218, 56, 207, 103, 161, 142, 215, 190, 237, 61, 201, 84, 231, 1, 96, 113, 62, 200, 151, 97, 165, 160, 148, 77, 192, 167, 85, 155, 32, 80, 235, 159, 141, 41, 208, 177, 45, 53, 57, 123, 37, 114, 145, 184, 194, 28, 210, 164, 73, 150, 95, 153, 132, 24, 239, 180, 168, 42, 157, 22, 69, 25, 99, 174, 110, 202, 38, 158, 187, 112, 198, 162, 54, 58, 18, 169, 149, 230, 206, 98, 236, 20, 46, 217, 213]
[25, 17, 62, 46, 33, 28, 67, 68, 89, 66, 41, 63, 36, 83, 35, 87, 45, 24, 84, 23, 73, 14, 51, 80, 40, 74, 79, 55, 47, 52, 34, 15, 49, 21, 18, 0, 81, 75, 16, 54, 38]
[5, 3, 24, 15, 11, 8, 7, 16, 22, 29, 31, 21, 10, 28]
[51, 35, 133, 96, 71, 56, 147, 148, 184, 144, 86, 136, 77, 178, 74, 34, 94, 155, 49, 70, 48, 163, 58, 105, 151, 160, 176, 65, 87, 170, 4, 98, 117, 32, 110, 158, 156, 78, 164, 173, 84, 152, 39, 119, 172, 153, 101, 43, 80, 17, 41, 179, 82, 168, 21, 73, 150, 115, 91, 23, 28, 30, 93, 149, 154, 19, 62, 75, 125, 141, 15, 29, 142, 38, 174, 162, 79, 161, 14, 72]
[52, 36, 194, 131, 97, 68, 57, 144, 184, 145, 212, 141, 86, 135, 77, 205, 73, 35, 95, 153, 50, 67, 49, 189, 58, 106, 170, 148, 186, 202, 62, 87, 197, 1, 99, 118, 63, 175, 157, 101, 169, 154, 79, 167, 89, 163, 34, 82, 200, 147, 42, 181, 46, 55, 59, 128, 38, 119, 158, 29, 134, 103, 146, 199, 149, 78, 124, 188, 115, 172, 121, 120, 96, 166, 187, 12, 70, 20, 206, 21, 127, 11, 210, 94, 150, 130, 51, 30, 92, 196, 85, 139, 176]
[50, 34, 126, 93, 66, 55, 138, 177, 139, 186, 135, 82, 130, 74, 180, 71, 33, 91, 147, 48, 65, 47, 164, 56, 103, 142, 161, 178, 60, 83, 172, 1, 95, 115, 61, 149, 96, 76, 144, 84, 32, 79, 181, 140, 131, 170, 19, 70, 150, 113, 88, 132, 21, 26, 29, 90, 133, 166, 154, 17, 57, 72, 155, 80, 12, 98, 28, 174, 36, 75, 163, 92, 143, 162, 11, 68, 175, 118, 20, 159, 10, 184, 125, 104]
[52, 34, 188, 128, 97, 69, 56, 141, 179, 142, 200, 137, 87, 131, 78, 193, 74, 33, 95, 149, 50, 68, 49, 178, 57, 106, 164, 145, 175, 190, 61, 88, 185, 1, 100, 116, 62, 162, 153, 101, 150, 80, 155, 89, 32, 83, 197, 144, 42, 169, 47, 54, 58, 125, 18, 180, 75, 194, 84, 14, 130, 103, 27, 187, 36, 79, 122, 177, 114, 160, 119, 118, 96, 154, 176, 13, 70, 20, 139, 21, 117, 12, 198, 94, 123, 120, 51, 29, 92, 184]
[51, 35, 135, 100, 71, 57, 148, 149, 180, 145, 88, 138, 78, 174, 74, 34, 98, 157, 49, 70, 48, 159, 58, 110, 153, 156, 172, 62, 107, 43, 37, 0, 158, 154, 32, 116, 155, 144, 79, 160, 169, 86, 167, 38, 125, 132, 89, 105, 173, 82, 16, 40, 175, 85, 164, 20, 73, 102, 93, 23, 27, 29, 96, 115, 150, 18, 59, 75, 121, 134, 14, 28, 177, 147, 137, 170, 81]
[52, 36, 182, 123, 93, 68, 56, 135, 172, 136, 256, 132, 82, 126, 74, 249, 71, 190, 35, 91, 143, 185, 209, 217, 50, 223, 66, 49, 226, 57, 202, 101, 158, 139, 227, 186, 207, 246, 61, 197, 83, 240, 1, 95, 112, 62, 200, 206, 147, 96, 162, 157, 144, 76, 212, 164, 84, 151, 33, 79, 244, 156, 138, 42, 214, 174, 46, 54, 58, 178, 120, 38, 113, 141, 189, 199, 29, 218, 161, 73, 146, 94, 149, 130, 25, 248, 230, 175, 43, 204, 23, 70, 27, 165, 98, 181, 109, 167, 198, 208, 39, 163, 160, 111, 203, 245, 107, 115, 180, 196, 152, 239, 216, 97, 176, 21, 47, 225]
[50, 33, 124, 93, 67, 55, 137, 138, 152, 134, 83, 128, 74, 27, 35, 126, 97, 17, 45, 73, 94, 106, 109, 24, 120, 112, 32, 23, 123, 144, 103, 143, 80, 70, 136, 149, 131, 105, 69, 29, 100, 42, 36, 0, 47, 56, 30, 119, 75, 48, 141, 117, 139, 38, 114, 84, 107, 77, 15, 40, 147, 79, 116, 20, 110, 22, 26, 28, 61, 18]
[54, 38, 130, 99, 72, 60, 143, 144, 182, 140, 87, 133, 79, 176, 75, 36, 96, 153, 52, 71, 51, 160, 61, 108, 148, 157, 174, 66, 88, 168, 1, 101, 118, 34, 113, 156, 154, 80, 161, 171, 85, 150, 41, 120, 169, 151, 104, 45, 82, 14, 43, 177, 84, 166, 18, 74, 146, 116, 93, 20, 26, 30, 95, 145, 152, 16, 62, 77, 124, 136, 12, 27, 138, 40, 172, 159, 81, 158, 11, 73]
[49, 33, 185, 124, 92, 66, 53, 136, 176, 137, 194, 132, 81, 127, 72, 186, 69, 32, 90, 146, 47, 65, 46, 170, 54, 101, 160, 141, 165, 183, 59, 82, 178, 1, 94, 112, 60, 154, 150, 95, 147, 74, 148, 83, 31, 77, 181, 140, 39, 163, 155, 109, 87, 191, 21, 25, 27, 89, 138, 152, 159, 16, 55, 70, 187, 78, 12, 98, 26, 180, 35, 73, 168, 134, 91, 149, 166, 11, 67, 19, 122, 20, 106, 10, 192, 129, 107, 179]
[26, 15, 111, 72, 48, 33, 28, 81, 107, 83, 147, 79, 41, 74, 36, 140, 35, 116, 145, 47, 89, 113, 25, 141, 24, 121, 130, 56, 100, 87, 118, 137, 30, 43, 131, 0, 51, 62, 31, 106, 92, 52, 128, 90, 37, 98, 110, 14, 40, 134, 115, 19, 112, 23, 12, 13, 126, 138]
[48, 32, 184, 125, 91, 65, 52, 138, 175, 139, 217, 135, 80, 128, 71, 210, 68, 193, 31, 89, 146, 188, 46, 64, 45, 192, 53, 99, 161, 142, 189, 207, 57, 81, 201, 1, 93, 111, 58, 177, 150, 94, 165, 160, 147, 74, 168, 82, 155, 30, 77, 204, 159, 141, 39, 183, 43, 50, 54, 122, 34, 112, 144, 162, 26, 214, 70, 92, 132, 23, 209, 187, 149, 20, 66, 10, 215, 88, 11, 167, 47, 27, 127, 108, 86, 200, 109, 79, 151, 73, 178, 103, 180, 0, 17, 105, 173, 134, 211, 169]
[52, 34, 127, 94, 68, 57, 139, 177, 140, 186, 136, 83, 130, 75, 180, 71, 33, 92, 148, 49, 67, 48, 164, 58, 103, 144, 161, 178, 62, 84, 172, 2, 97, 114, 63, 150, 98, 77, 146, 85, 32, 80, 181, 141, 131, 170, 20, 70, 151, 111, 89, 132, 23, 27, 29, 91, 133, 166, 156, 18, 59, 73, 157, 81, 14, 100, 28, 174, 37, 76, 163, 93, 145, 162, 12, 69, 175, 117, 21, 160, 11, 184, 126, 104]
[52, 36, 188, 129, 96, 69, 56, 140, 179, 141, 225, 137, 85, 132, 76, 218, 72, 197, 35, 94, 149, 192, 50, 68, 49, 199, 57, 105, 164, 144, 196, 215, 61, 86, 209, 1, 98, 116, 63, 184, 153, 99, 168, 162, 150, 79, 175, 171, 87, 157, 34, 82, 212, 161, 143, 42, 191, 47, 54, 58, 125, 38, 117, 147, 167, 29, 201, 74, 97, 135, 26, 217, 194, 154, 43, 155, 10, 223, 93, 12, 174, 51, 30, 134, 131, 113, 90, 208, 114, 84, 156, 77, 185, 110, 187, 0, 20, 111, 180, 138, 219]
[54, 37, 191, 127, 96, 70, 58, 140, 181, 141, 221, 135, 85, 130, 76, 214, 73, 199, 36, 93, 148, 194, 52, 69, 51, 196, 59, 105, 167, 144, 193, 211, 63, 86, 206, 3, 98, 116, 65, 212, 153, 99, 171, 166, 150, 78, 172, 87, 158, 35, 82, 209, 165, 143, 44, 188, 49, 56, 60, 124, 40, 117, 146, 174, 30, 189, 75, 97, 133, 27, 213, 23, 215, 24, 71, 14, 219, 92, 15, 175, 53, 31, 112, 90, 205, 113, 84, 152, 77, 182, 109, 184, 0, 22, 110, 176, 132, 142, 147]
[50, 35, 124, 93, 66, 55, 136, 137, 182, 132, 82, 127, 73, 176, 70, 34, 91, 145, 48, 65, 47, 160, 56, 101, 141, 157, 174, 60, 83, 168, 1, 95, 112, 61, 162, 96, 75, 154, 84, 77, 14, 40, 177, 79, 128, 166, 20, 69, 146, 110, 87, 126, 22, 26, 28, 89, 169, 143, 151, 17, 57, 71, 134, 80, 12, 98, 27, 170, 37, 74, 159, 92, 140, 158, 11, 68, 129, 118, 21, 109, 10, 180, 120]
[50, 33, 188, 126, 95, 66, 55, 138, 177, 139, 242, 135, 85, 129, 75, 235, 70, 197, 32, 93, 147, 191, 215, 47, 65, 46, 219, 56, 208, 104, 163, 142, 212, 192, 232, 60, 203, 86, 227, 1, 97, 114, 61, 198, 151, 99, 167, 162, 148, 77, 189, 169, 87, 157, 31, 81, 230, 161, 141, 39, 205, 44, 53, 57, 122, 35, 115, 144, 180, 220, 27, 207, 73, 150, 96, 153, 133, 24, 234, 233, 206, 40, 183, 22, 69, 25, 101, 173, 111, 200, 36, 158, 160, 164, 186, 176, 190, 54, 58, 18, 211, 221, 226, 199, 100, 231, 20, 45, 214, 210]
[48, 33, 185, 124, 92, 66, 53, 136, 175, 137, 192, 133, 82, 128, 72, 189, 69, 32, 90, 146, 46, 65, 45, 169, 55, 101, 161, 140, 165, 182, 59, 83, 176, 1, 94, 111, 61, 153, 150, 95, 147, 74, 148, 84, 31, 77, 180, 139, 39, 68, 154, 109, 87, 135, 20, 25, 27, 89, 184, 151, 158, 16, 56, 70, 186, 79, 12, 97, 26, 179, 35, 73, 168, 162, 91, 171, 167, 11, 67, 18, 120, 19, 105, 10, 190, 129, 106, 108]
[52, 35, 202, 136, 103, 75, 58, 152, 191, 153, 267, 148, 91, 140, 82, 260, 78, 212, 34, 100, 161, 206, 231, 238, 49, 74, 48, 240, 59, 223, 111, 177, 156, 237, 207, 229, 257, 66, 218, 93, 252, 1, 105, 121, 68, 220, 165, 106, 182, 176, 162, 84, 248, 184, 94, 169, 33, 87, 255, 175, 155, 42, 227, 192, 46, 56, 60, 132, 37, 122, 159, 204, 214, 29, 243, 181, 81, 164, 104, 167, 146, 25, 259, 199, 188, 43, 187, 23, 77, 27, 108, 193, 118, 213, 222, 38, 234, 173, 120, 225, 256, 116, 62, 18, 245, 166, 250, 221, 107, 200, 20, 47, 239, 235]
[50, 34, 182, 122, 92, 67, 54, 134, 173, 136, 239, 130, 82, 125, 73, 232, 70, 191, 32, 90, 144, 185, 213, 48, 66, 47, 214, 55, 203, 100, 159, 139, 211, 186, 229, 60, 197, 83, 224, 1, 94, 110, 62, 193, 149, 95, 163, 158, 145, 76, 184, 165, 84, 153, 31, 79, 227, 157, 138, 40, 201, 45, 52, 57, 119, 36, 111, 141, 177, 202, 27, 210, 72, 147, 93, 151, 128, 24, 231, 174, 164, 41, 154, 22, 69, 25, 97, 169, 107, 195, 37, 155, 152, 109, 166, 161, 146, 53, 58, 18, 140, 217, 223, 194, 96, 228, 20, 46, 216, 209]
[55, 36, 200, 138, 106, 74, 61, 150, 190, 151, 235, 147, 93, 142, 82, 228, 79, 210, 35, 104, 159, 203, 52, 73, 51, 205, 62, 115, 175, 154, 202, 222, 66, 95, 216, 1, 108, 126, 68, 224, 164, 109, 180, 174, 161, 84, 181, 96, 168, 33, 88, 220, 173, 153, 42, 197, 47, 57, 63, 135, 38, 127, 156, 183, 28, 198, 81, 107, 145, 25, 226, 21, 229, 22, 75, 10, 233, 103, 12, 184, 54, 29, 123, 99, 215, 124, 92, 163, 83, 191, 120, 193, 0, 19, 121, 185, 144, 152, 157]
[49, 32, 183, 122, 92, 66, 54, 136, 174, 137, 212, 132, 81, 126, 72, 205, 69, 192, 31, 90, 144, 187, 46, 65, 45, 186, 55, 100, 159, 140, 182, 201, 60, 83, 196, 1, 94, 111, 61, 171, 148, 95, 163, 158, 145, 75, 161, 84, 153, 30, 78, 199, 139, 39, 177, 43, 51, 56, 119, 34, 112, 142, 155, 26, 178, 71, 93, 129, 11, 67, 18, 206, 20, 204, 10, 210, 89, 152, 160, 47, 27, 107, 87, 195, 108, 80, 162, 73, 172, 104, 202, 0, 17, 105, 165, 197, 133]
[26, 16, 95, 66, 46, 33, 28, 72, 90, 73, 131, 71, 41, 68, 36, 124, 35, 99, 129, 45, 76, 97, 25, 125, 24, 103, 114, 51, 83, 74, 100, 120, 30, 42, 115, 0, 47, 58, 31, 88, 78, 48, 98, 77, 37, 81, 93, 15, 40, 118, 105, 19, 128, 89, 56, 44, 106, 10]
[50, 34, 186, 124, 92, 67, 54, 137, 176, 138, 233, 134, 82, 127, 73, 226, 70, 194, 33, 90, 145, 189, 48, 66, 47, 208, 56, 101, 161, 141, 204, 190, 223, 60, 83, 218, 1, 95, 112, 61, 192, 149, 96, 166, 159, 146, 75, 183, 169, 84, 153, 32, 79, 221, 158, 140, 41, 198, 45, 52, 57, 120, 36, 113, 143, 224, 230, 28, 200, 72, 148, 93, 151, 130, 22, 225, 173, 162, 42, 150, 20, 69, 23, 98, 181, 108, 214, 172, 17, 106, 188, 117, 123, 11, 227, 175, 165, 128, 164, 53, 58, 16, 37, 142, 217, 193, 97]
[50, 34, 124, 92, 65, 54, 138, 139, 160, 135, 80, 129, 72, 154, 68, 33, 89, 48, 119, 136, 132, 112, 142, 24, 148, 28, 102, 149, 78, 143, 131, 152, 93, 120, 104, 115, 67, 30, 99, 41, 36, 0, 46, 55, 31, 106, 101, 110, 73, 140, 147, 127, 145, 37, 118, 82, 114, 75, 15, 39, 155, 77, 125, 21, 117, 23, 27, 29, 59, 17, 56, 70]
[52, 35, 191, 129, 97, 68, 57, 141, 179, 142, 213, 138, 84, 132, 75, 206, 72, 34, 95, 149, 50, 67, 49, 189, 58, 106, 166, 145, 185, 203, 62, 86, 198, 1, 99, 117, 63, 173, 153, 100, 165, 150, 77, 182, 87, 158, 33, 80, 201, 144, 42, 204, 46, 55, 59, 126, 37, 118, 147, 163, 28, 180, 74, 76, 123, 187, 115, 171, 121, 119, 96, 168, 186, 11, 69, 19, 207, 20, 130, 10, 211, 94, 131, 133, 51, 29, 113, 92, 196, 83, 154, 174, 110, 176, 0]
[24, 15, 91, 61, 44, 32, 27, 67, 87, 68, 135, 66, 39, 62, 35, 128, 34, 95, 133, 43, 71, 93, 105, 109, 23, 129, 22, 107, 118, 102, 49, 79, 69, 104, 112, 125, 29, 40, 120, 0, 45, 55, 30, 90, 73, 46, 81, 101, 72, 36, 84, 94, 75, 14, 38, 123, 100, 18, 96, 20, 26, 28]
[52, 35, 127, 96, 69, 56, 139, 179, 140, 189, 136, 86, 130, 77, 183, 74, 34, 94, 148, 50, 68, 49, 167, 57, 105, 144, 164, 180, 61, 87, 175, 1, 99, 115, 63, 151, 100, 79, 147, 88, 33, 83, 178, 143, 132, 173, 19, 73, 153, 113, 91, 134, 21, 25, 29, 93, 135, 149, 159, 17, 58, 75, 184, 84, 12, 102, 27, 177, 37, 78, 166, 95, 146, 165, 11, 70, 137, 120, 20, 106, 10, 187, 186, 107, 109]
[101, 68, 258, 190, 134, 110, 272, 137, 177, 138, 50, 285, 81, 127, 256, 73, 54, 70, 259, 197, 31, 92, 146, 191, 220, 226, 48, 249, 232, 66, 47, 260, 55, 211, 102, 163, 141, 257, 261, 193, 216, 240, 280, 60, 206, 82, 274, 1, 96, 112, 61, 222, 209, 238, 151, 97, 168, 162, 147, 75, 264, 170, 204, 84, 157, 30, 78, 278, 161, 140, 39, 246, 195, 178, 44, 52, 56, 184, 275, 121, 35, 113, 144, 248, 228, 26, 251, 166, 72, 150, 95, 187, 153, 131, 22, 282, 213, 270, 40, 243, 20, 69, 23, 188, 99, 207, 109, 164, 286, 227, 247, 36, 185, 181, 111, 250, 279, 107, 115, 202, 225, 284, 290, 38, 94, 189, 236, 34, 223, 4]
[51, 32, 194, 132, 96, 67, 56, 144, 182, 145, 244, 140, 85, 135, 75, 237, 70, 202, 31, 94, 153, 197, 47, 66, 46, 218, 57, 109, 168, 148, 214, 198, 234, 61, 86, 227, 1, 100, 120, 62, 201, 157, 103, 172, 167, 154, 77, 193, 174, 88, 161, 30, 82, 231, 166, 147, 39, 208, 43, 54, 58, 128, 34, 121, 150, 183, 195, 25, 210, 73, 156, 98, 159, 138, 22, 236, 180, 170, 40, 163, 20, 69, 23, 105, 175, 117, 203, 35, 115, 220, 125, 131, 11, 238, 169, 196, 187, 151, 55, 59, 16, 146, 171, 226, 224, 104, 232]
[52, 33, 189, 127, 95, 68, 56, 140, 177, 141, 258, 137, 84, 132, 75, 251, 72, 197, 32, 93, 148, 192, 217, 223, 50, 230, 67, 48, 231, 57, 210, 104, 163, 144, 227, 193, 215, 248, 61, 203, 85, 243, 1, 97, 114, 63, 208, 211, 152, 98, 167, 162, 149, 78, 200, 170, 86, 156, 31, 81, 246, 161, 143, 40, 218, 178, 46, 54, 58, 124, 35, 115, 146, 220, 202, 26, 221, 166, 74, 151, 96, 154, 135, 23, 250, 190, 249, 43, 165, 21, 70, 24, 169, 100, 182, 111, 171, 201, 213, 36, 173, 233, 113, 209, 247, 109, 118, 16, 207, 155, 242, 212, 99, 222, 19, 47, 229]
[25, 16, 92, 63, 48, 34, 27, 68, 88, 69, 135, 67, 41, 64, 37, 128, 36, 97, 133, 46, 72, 94, 106, 109, 24, 129, 23, 108, 119, 103, 52, 80, 70, 105, 112, 125, 31, 42, 120, 0, 49, 57, 32, 91, 75, 50, 82, 102, 74, 38, 86, 95, 77, 15, 40, 123, 101, 19, 98, 22, 26, 28]
[49, 32, 185, 125, 93, 65, 53, 138, 176, 139, 206, 134, 83, 129, 72, 199, 68, 31, 91, 147, 46, 64, 45, 183, 54, 102, 161, 142, 180, 196, 58, 84, 190, 1, 96, 113, 59, 168, 151, 97, 160, 148, 74, 162, 85, 155, 30, 78, 194, 141, 39, 175, 43, 51, 55, 122, 35, 114, 154, 26, 197, 71, 73, 119, 182, 111, 166, 117, 116, 92, 159, 181, 11, 66, 18, 200, 19, 126, 10, 204, 90, 127, 130, 47, 27, 110, 88, 189, 81, 164, 169, 107, 171, 0]
[52, 35, 130, 97, 68, 56, 142, 143, 186, 138, 84, 133, 75, 180, 71, 34, 94, 151, 50, 67, 49, 165, 58, 105, 146, 162, 178, 62, 85, 172, 2, 99, 117, 63, 167, 100, 77, 159, 86, 78, 16, 41, 181, 80, 134, 170, 21, 70, 152, 115, 90, 132, 23, 28, 30, 92, 174, 148, 156, 19, 59, 72, 139, 82, 14, 102, 29, 175, 38, 76, 164, 96, 145, 163, 13, 69, 135, 123, 22, 113, 12, 184, 125]
[27, 18, 89, 62, 47, 35, 29, 67, 85, 68, 127, 66, 42, 63, 38, 120, 37, 93, 126, 46, 71, 91, 102, 26, 121, 25, 101, 111, 51, 78, 69, 98, 104, 117, 32, 43, 112, 0, 48, 56, 33, 86, 73, 49, 80, 96, 72, 39, 81, 90, 75, 17, 41, 115, 95, 21, 92, 24, 15, 16]
[99, 67, 254, 190, 133, 110, 277, 279, 100, 271, 166, 259, 148, 108, 141, 65, 183, 96, 131, 92, 132, 111, 207, 296, 162, 290, 54, 230, 192, 252, 247, 213, 236, 137, 58, 202, 82, 72, 1, 94, 112, 60, 218, 205, 261, 151, 95, 294, 161, 146, 74, 234, 250, 169, 200, 83, 155, 31, 77, 300, 160, 140, 40, 269, 194, 225, 178, 249, 44, 51, 55, 182, 235, 121, 35, 113, 143, 241, 274, 26, 199, 298, 165, 71, 149, 284, 186, 153, 286, 23, 136, 237, 220, 41, 258, 21, 68, 228, 24, 208, 97, 229, 233, 291, 163, 212, 251, 263, 36, 206, 203, 282, 257, 49, 105, 116, 224, 248, 299, 305, 39, 91, 211, 245, 34, 232, 152, 4, 219, 118, 204, 231, 119, 187, 221, 128, 154, 293]
[25, 16, 91, 62, 46, 33, 27, 67, 87, 68, 136, 66, 40, 63, 36, 129, 35, 95, 134, 44, 71, 93, 104, 108, 24, 130, 23, 109, 119, 101, 50, 79, 69, 105, 113, 126, 29, 41, 120, 0, 47, 55, 30, 92, 74, 48, 81, 102, 73, 37, 84, 96, 76, 15, 39, 123, 112, 20, 98, 22, 26, 28, 60]
[50, 33, 185, 124, 94, 66, 55, 136, 174, 137, 228, 133, 84, 127, 75, 221, 70, 195, 32, 92, 145, 188, 48, 65, 47, 203, 56, 102, 160, 141, 200, 189, 218, 60, 85, 213, 1, 96, 112, 61, 186, 149, 97, 164, 159, 146, 77, 177, 166, 86, 154, 31, 81, 216, 158, 140, 41, 194, 45, 52, 57, 121, 36, 113, 143, 168, 27, 196, 73, 148, 95, 130, 24, 220, 165, 156, 42, 147, 22, 69, 25, 99, 28, 129, 126, 109, 89, 212, 110, 83, 167, 76, 187, 106, 210, 0, 18, 107, 181, 118, 12, 222, 172, 128]
[26, 16, 95, 66, 49, 34, 28, 71, 90, 72, 118, 70, 44, 67, 39, 111, 38, 116, 48, 76, 25, 112, 24, 94, 101, 53, 83, 73, 109, 107, 30, 45, 102, 0, 50, 58, 31, 79, 51, 40, 74, 88, 41, 8, 20, 92, 42, 100, 10, 37, 80, 57]
[48, 33, 121, 89, 64, 52, 132, 133, 155, 129, 79, 124, 70, 149, 67, 32, 87, 46, 63, 45, 139, 26, 99, 146, 77, 140, 148, 109, 91, 152, 118, 102, 112, 66, 28, 96, 40, 35, 0, 134, 54, 29, 104, 98, 143, 71, 137, 144, 145, 142, 36, 122, 80, 95, 117, 74, 14, 38, 150, 76, 128, 18, 120, 84, 21, 25, 27, 58, 16, 55, 68, 93, 110]
[52, 36, 188, 130, 96, 69, 56, 141, 179, 142, 223, 138, 85, 133, 76, 216, 72, 197, 35, 94, 150, 191, 50, 68, 49, 205, 57, 105, 164, 146, 193, 213, 62, 87, 208, 1, 98, 116, 63, 182, 154, 99, 170, 163, 151, 78, 174, 172, 88, 158, 34, 81, 211, 162, 144, 42, 220, 47, 54, 59, 126, 38, 118, 148, 166, 30, 189, 75, 97, 136, 27, 215, 201, 153, 23, 70, 13, 221, 93, 14, 173, 51, 31, 132, 113, 91, 207, 114, 84, 155, 77, 183, 109, 185, 0, 21, 111, 178, 137, 217]
[56, 38, 193, 132, 101, 73, 61, 145, 182, 146, 202, 142, 90, 135, 79, 195, 76, 37, 98, 154, 53, 72, 51, 178, 62, 109, 169, 150, 175, 191, 66, 91, 185, 1, 103, 120, 67, 164, 158, 104, 155, 81, 157, 92, 36, 85, 189, 148, 45, 170, 49, 30, 32, 97, 165, 161, 173, 21, 63, 77, 196, 87, 14, 106, 31, 188, 40, 80, 125, 177, 118, 152, 122, 99, 156, 176, 13, 74, 24, 186, 25, 117, 12, 200, 144, 124, 123, 54, 194]
[52, 35, 189, 129, 96, 68, 57, 141, 179, 142, 231, 138, 84, 132, 76, 224, 72, 197, 34, 93, 150, 192, 50, 67, 49, 206, 58, 105, 164, 146, 202, 193, 221, 62, 86, 216, 1, 99, 116, 63, 190, 154, 100, 169, 163, 151, 78, 181, 171, 87, 158, 33, 81, 219, 162, 145, 42, 196, 47, 54, 59, 126, 37, 117, 148, 174, 29, 198, 75, 153, 98, 135, 25, 223, 170, 160, 43, 152, 23, 70, 26, 102, 30, 134, 131, 112, 90, 215, 114, 83, 173, 77, 191, 109, 212, 0, 20, 110, 186, 122, 14, 225, 177, 133]
[50, 33, 184, 123, 92, 67, 55, 136, 174, 137, 202, 132, 82, 127, 74, 195, 70, 32, 90, 144, 48, 66, 47, 179, 56, 101, 160, 140, 176, 192, 60, 83, 187, 1, 94, 112, 62, 164, 148, 95, 159, 145, 76, 157, 84, 153, 31, 79, 190, 139, 40, 171, 45, 53, 57, 120, 36, 113, 149, 27, 125, 97, 138, 189, 141, 75, 117, 178, 110, 162, 115, 114, 91, 156, 177, 12, 68, 19, 196, 20, 119, 11, 200, 89, 142, 122, 49, 28, 87, 186, 81, 131, 165]
[102, 70, 257, 192, 135, 111, 281, 284, 103, 291, 84, 129, 254, 75, 56, 72, 258, 198, 34, 92, 146, 193, 218, 226, 49, 248, 232, 67, 48, 266, 57, 210, 287, 164, 142, 262, 267, 194, 250, 215, 239, 139, 61, 204, 85, 289, 1, 97, 113, 62, 221, 207, 241, 150, 98, 168, 163, 147, 77, 230, 170, 202, 86, 156, 33, 81, 286, 162, 141, 42, 249, 196, 179, 46, 54, 58, 183, 214, 122, 37, 114, 144, 252, 282, 29, 255, 167, 74, 149, 95, 187, 153, 132, 26, 138, 216, 227, 43, 189, 23, 71, 27, 272, 100, 261, 110, 165, 238, 231, 243, 38, 190, 185, 112, 237, 51, 108, 116, 205, 229, 290, 296, 41, 94, 195, 270, 36, 206, 6, 118, 253, 212]
[52, 35, 124, 93, 68, 56, 135, 137, 152, 132, 83, 127, 74, 146, 36, 125, 96, 16, 46, 73, 94, 106, 109, 25, 119, 112, 33, 23, 149, 28, 103, 143, 81, 71, 121, 145, 130, 105, 70, 30, 100, 42, 37, 0, 49, 57, 31, 102, 104, 75, 50, 141, 117, 139, 38, 113, 84, 108, 77, 15, 40, 147, 80, 116, 20, 111, 22, 27, 29, 61]
[49, 32, 122, 91, 66, 54, 134, 135, 169, 131, 80, 125, 72, 163, 69, 31, 89, 142, 46, 65, 45, 149, 55, 99, 138, 144, 161, 59, 81, 156, 1, 147, 133, 141, 29, 104, 143, 162, 73, 150, 158, 78, 137, 36, 111, 166, 151, 96, 40, 75, 14, 38, 164, 77, 154, 18, 68, 93, 85, 21, 25, 27, 88, 106, 139, 16, 56, 70, 121, 124, 12, 26, 157, 34, 127, 140, 74, 145, 11]
[49, 34, 185, 124, 92, 66, 55, 136, 175, 137, 266, 133, 82, 127, 251, 73, 259, 69, 193, 33, 90, 145, 188, 212, 220, 47, 226, 65, 46, 233, 56, 205, 101, 160, 140, 230, 189, 210, 256, 60, 199, 83, 249, 1, 94, 111, 61, 202, 214, 149, 95, 164, 159, 146, 75, 203, 168, 197, 84, 153, 32, 79, 254, 158, 139, 40, 222, 176, 44, 53, 57, 181, 121, 36, 112, 143, 195, 206, 26, 225, 163, 72, 148, 93, 151, 131, 23, 258, 192, 186, 41, 169, 21, 68, 24, 172, 97, 187, 108, 174, 229, 217, 37, 170, 166, 110, 223, 255, 106, 114, 184, 211, 109, 99, 39, 45, 232, 228, 118, 85, 207]
[51, 33, 123, 91, 66, 55, 135, 137, 163, 132, 81, 126, 72, 156, 69, 32, 89, 49, 65, 48, 141, 56, 100, 152, 78, 146, 27, 110, 92, 160, 120, 102, 113, 68, 29, 97, 42, 35, 0, 140, 138, 30, 104, 99, 116, 73, 142, 150, 134, 148, 37, 125, 82, 96, 121, 75, 15, 40, 158, 77, 133, 19, 124, 86, 21, 25, 28, 60, 17, 57, 70, 101, 107, 13]
[59, 42, 194, 133, 100, 74, 63, 145, 185, 146, 239, 141, 89, 136, 81, 232, 77, 202, 41, 98, 153, 197, 57, 73, 56, 213, 64, 109, 168, 149, 210, 198, 229, 68, 90, 224, 1, 102, 121, 69, 215, 157, 103, 174, 167, 154, 83, 189, 177, 91, 162, 40, 86, 227, 166, 148, 49, 203, 53, 61, 65, 130, 44, 122, 151, 181, 35, 206, 80, 156, 101, 160, 139, 27, 231, 178, 180, 50, 230, 24, 76, 29, 106, 173, 138, 135, 117, 94, 223, 119, 88, 208, 82, 205, 113, 200, 0, 21, 115, 193, 126, 15, 233, 164, 187]
[50, 34, 183, 124, 91, 66, 54, 136, 174, 137, 250, 132, 81, 127, 73, 243, 69, 192, 33, 89, 145, 187, 212, 218, 48, 65, 47, 223, 55, 204, 100, 161, 140, 220, 188, 210, 240, 60, 199, 82, 234, 2, 93, 111, 61, 202, 219, 149, 94, 165, 159, 146, 75, 195, 167, 83, 153, 32, 78, 238, 158, 139, 40, 226, 175, 45, 52, 57, 120, 36, 112, 142, 227, 197, 27, 215, 164, 72, 148, 92, 151, 130, 24, 242, 247, 173, 42, 162, 22, 68, 25, 198, 96, 178, 108, 231, 196, 206, 37, 163, 172, 110, 201, 239, 105, 58, 18, 228, 152, 233, 205, 95, 185, 20, 46, 222]
[51, 33, 127, 95, 68, 55, 139, 140, 158, 135, 84, 130, 75, 152, 72, 128, 98, 16, 44, 74, 96, 108, 112, 23, 122, 115, 32, 22, 150, 26, 105, 148, 82, 141, 125, 129, 134, 107, 71, 28, 101, 40, 35, 0, 47, 56, 29, 103, 116, 76, 49, 146, 121, 144, 36, 97, 85, 132, 79, 15, 38, 153, 81, 120, 19, 118, 21, 25, 27, 61, 17]
[110, 75, 260, 199, 146, 122, 283, 285, 111, 278, 176, 265, 159, 121, 153, 72, 192, 107, 144, 104, 145, 123, 216, 124, 309, 134, 178, 82, 1, 105, 282, 291, 68, 227, 215, 310, 161, 106, 306, 171, 158, 84, 242, 272, 288, 210, 92, 166, 36, 87, 313, 170, 152, 46, 150, 203, 233, 187, 256, 51, 58, 64, 191, 257, 236, 135, 40, 125, 155, 262, 275, 31, 209, 63, 175, 81, 160, 296, 232, 195, 164, 297, 28, 149, 259, 243, 47, 228, 25, 76, 250, 29, 231, 108, 251, 255, 302, 173, 235, 202, 274, 286, 42, 204, 229, 226, 294, 279, 56, 117, 128, 246, 269, 312, 318, 45, 103, 234, 181, 266, 39, 247, 162, 5, 270, 130, 281, 253, 132, 239, 244, 167, 168, 141, 165, 241, 2, 80, 189, 211, 207]
[104, 33, 189, 130, 94, 67, 55, 269, 142, 180, 143, 50, 139, 83, 133, 250, 74, 275, 71, 253, 198, 32, 92, 151, 192, 216, 224, 48, 244, 230, 66, 46, 248, 56, 209, 106, 166, 147, 245, 249, 193, 214, 236, 271, 60, 204, 84, 265, 1, 97, 119, 61, 218, 207, 228, 155, 99, 170, 165, 152, 76, 260, 172, 202, 85, 159, 31, 80, 274, 164, 145, 40, 235, 196, 181, 44, 52, 57, 185, 203, 127, 35, 120, 149, 208, 226, 26, 240, 169, 73, 154, 95, 157, 137, 22, 273, 205, 191, 41, 272, 20, 70, 23, 183, 102, 199, 115, 167, 259, 217, 239, 37, 213, 178, 118, 252, 270, 113, 122, 194, 215, 117, 282, 39, 277, 184, 212, 34]
[48, 32, 186, 124, 91, 65, 52, 137, 176, 140, 220, 134, 80, 127, 72, 213, 68, 194, 31, 89, 147, 189, 46, 64, 45, 195, 53, 100, 163, 143, 192, 210, 57, 81, 205, 1, 93, 111, 59, 181, 151, 94, 167, 161, 148, 74, 172, 169, 82, 155, 30, 77, 208, 159, 142, 39, 187, 43, 50, 54, 121, 35, 113, 145, 165, 26, 188, 70, 92, 132, 22, 212, 174, 177, 40, 66, 10, 218, 88, 11, 171, 47, 27, 126, 108, 85, 204, 109, 79, 153, 73, 182, 105, 184, 0, 17, 106, 211, 190, 214, 149]
[50, 34, 183, 123, 92, 66, 54, 135, 173, 136, 208, 132, 81, 126, 73, 201, 70, 33, 90, 143, 186, 48, 65, 47, 184, 55, 101, 160, 139, 181, 197, 60, 82, 192, 1, 94, 111, 61, 169, 148, 96, 164, 159, 145, 75, 161, 83, 152, 32, 78, 195, 138, 41, 175, 45, 52, 56, 120, 36, 113, 141, 153, 28, 176, 72, 93, 109, 167, 115, 114, 91, 179, 182, 12, 67, 19, 202, 20, 128, 10, 206, 89, 129, 131, 49, 29, 108, 87, 191, 150, 80, 74, 170, 105, 172, 0]
[51, 34, 191, 127, 94, 68, 56, 141, 181, 142, 201, 137, 83, 131, 75, 194, 71, 33, 92, 150, 48, 67, 47, 177, 57, 103, 166, 145, 174, 198, 62, 84, 186, 1, 96, 113, 63, 162, 154, 97, 151, 77, 158, 85, 32, 80, 189, 144, 41, 168, 45, 54, 28, 91, 163, 159, 167, 17, 59, 73, 195, 81, 13, 99, 27, 188, 36, 76, 120, 176, 111, 139, 118, 116, 93, 153, 175, 12, 69, 19, 132, 20, 110, 11, 199, 193, 122, 119, 50]
[51, 35, 191, 128, 94, 68, 55, 139, 182, 140, 259, 136, 83, 131, 75, 251, 71, 199, 34, 92, 149, 194, 220, 226, 49, 67, 48, 229, 56, 212, 102, 165, 144, 231, 195, 217, 248, 61, 207, 84, 242, 1, 96, 114, 62, 210, 153, 97, 170, 164, 150, 77, 200, 172, 85, 157, 33, 80, 245, 163, 143, 41, 219, 183, 46, 53, 57, 123, 37, 115, 147, 193, 202, 28, 221, 169, 73, 152, 95, 155, 134, 25, 250, 190, 179, 42, 223, 23, 70, 26, 174, 99, 185, 111, 201, 225, 38, 167, 192, 113, 208, 247, 109, 58, 19, 235, 154, 241, 211, 98, 256, 21, 47, 228, 224]
[24, 16, 90, 62, 46, 31, 26, 67, 86, 68, 104, 66, 40, 63, 35, 97, 34, 102, 45, 71, 23, 98, 22, 82, 88, 50, 69, 79, 94, 28, 41, 89, 0, 47, 55, 15, 53, 78, 75, 36, 83, 91, 39, 84, 18, 56, 57, 72, 49]
[52, 35, 189, 129, 95, 69, 56, 142, 179, 143, 194, 138, 84, 132, 75, 187, 72, 34, 93, 150, 50, 68, 49, 170, 57, 105, 165, 146, 167, 184, 62, 85, 178, 1, 97, 116, 63, 155, 99, 151, 78, 172, 86, 33, 81, 181, 42, 71, 156, 114, 90, 140, 23, 27, 30, 92, 186, 153, 161, 19, 58, 73, 188, 82, 14, 102, 29, 180, 37, 77, 169, 145, 94, 149, 168, 13, 70, 21, 125, 22, 110, 12, 192, 133, 111, 113, 51]
[50, 34, 190, 127, 96, 68, 55, 139, 181, 140, 216, 135, 85, 130, 76, 209, 71, 33, 94, 147, 48, 67, 47, 192, 56, 105, 164, 143, 188, 205, 62, 86, 199, 1, 99, 115, 63, 176, 152, 100, 170, 163, 148, 79, 165, 88, 157, 32, 82, 202, 142, 41, 183, 45, 52, 57, 123, 37, 116, 145, 158, 27, 184, 75, 98, 113, 173, 118, 117, 95, 186, 189, 12, 69, 20, 210, 21, 131, 11, 214, 93, 132, 134, 49, 28, 112, 91, 198, 155, 84, 78, 177, 109, 179, 0, 19]
[24, 15, 92, 61, 45, 31, 26, 67, 88, 68, 128, 66, 38, 62, 34, 121, 33, 96, 126, 44, 71, 94, 23, 122, 22, 103, 111, 49, 80, 69, 99, 105, 117, 28, 39, 112, 0, 46, 54, 29, 87, 73, 47, 97, 72, 35, 79, 91, 14, 37, 115, 109, 19, 93, 21, 12, 13, 107, 119]
[100, 68, 252, 187, 133, 110, 276, 278, 101, 270, 166, 257, 149, 109, 142, 65, 182, 299, 97, 131, 94, 132, 111, 206, 328, 285, 112, 350, 120, 168, 345, 3, 192, 227, 122, 323, 308, 195, 301, 154, 152, 170, 63, 159, 267, 282, 80, 279, 90, 106, 114, 246, 73, 228, 288, 348, 56, 330, 145, 190, 263, 48, 277, 81, 311, 83, 351, 42, 69, 181, 23, 316, 98, 57, 261, 256, 220, 177, 344, 222, 163, 229, 150, 191, 214, 147, 1, 35, 217, 193, 237, 249, 22, 353, 335, 264, 294, 50, 107, 115, 34, 75, 199, 352, 262, 197, 358, 37, 93, 337, 205, 171, 283, 33, 121, 196, 315, 4, 161, 118, 38, 216, 44, 172, 208, 341, 119, 259, 144, 157, 158, 127, 155, 26, 2, 314, 71, 223, 254, 355, 232, 213, 338, 303, 40, 62, 47, 287, 102, 176, 82, 139, 14, 329, 310, 226, 324, 260, 321, 59, 302]
[51, 35, 184, 124, 93, 67, 56, 136, 175, 137, 205, 133, 81, 127, 73, 198, 70, 34, 90, 144, 49, 66, 48, 182, 57, 101, 160, 140, 179, 195, 61, 82, 190, 1, 95, 112, 62, 167, 150, 96, 159, 145, 75, 161, 84, 154, 33, 78, 193, 139, 41, 173, 45, 54, 58, 121, 37, 113, 153, 28, 196, 72, 74, 118, 181, 110, 164, 115, 114, 92, 158, 180, 11, 68, 19, 199, 22, 125, 10, 203, 89, 126, 128, 50, 29, 109, 87, 189, 80, 163, 168, 105, 170, 0]
[49, 34, 123, 92, 66, 53, 136, 173, 137, 185, 133, 81, 126, 72, 179, 69, 33, 90, 144, 47, 65, 46, 163, 55, 101, 140, 160, 176, 60, 82, 170, 1, 94, 112, 61, 148, 95, 74, 165, 83, 32, 78, 177, 40, 68, 149, 109, 87, 135, 21, 26, 29, 89, 178, 146, 154, 17, 56, 70, 180, 79, 13, 97, 28, 172, 36, 73, 162, 139, 91, 143, 161, 12, 67, 19, 120, 20, 105, 11, 183, 128, 106, 108, 48, 130]
[49, 32, 185, 124, 93, 66, 54, 136, 175, 137, 224, 133, 82, 127, 73, 217, 69, 194, 31, 90, 145, 188, 47, 65, 46, 199, 55, 102, 159, 140, 196, 189, 214, 59, 83, 209, 1, 95, 112, 60, 183, 149, 96, 164, 158, 146, 76, 173, 166, 84, 153, 30, 79, 212, 157, 139, 39, 190, 44, 51, 56, 121, 35, 114, 142, 165, 26, 191, 71, 148, 94, 131, 23, 216, 162, 152, 40, 143, 21, 222, 89, 12, 172, 48, 27, 130, 126, 109, 87, 208, 110, 81, 154, 75, 184, 106, 186, 0, 18, 107, 178, 135, 218]
[51, 33, 190, 130, 95, 67, 55, 141, 181, 142, 211, 138, 85, 133, 75, 204, 72, 32, 93, 150, 49, 66, 48, 187, 56, 104, 165, 145, 184, 201, 61, 86, 194, 1, 98, 117, 62, 170, 154, 99, 164, 151, 77, 163, 87, 158, 31, 82, 198, 144, 41, 179, 46, 53, 57, 126, 36, 119, 156, 27, 180, 197, 147, 76, 123, 186, 114, 168, 121, 120, 94, 162, 185, 11, 70, 19, 205, 20, 128, 10, 209, 92, 207, 132, 50, 28, 113, 90, 193, 84, 140, 172, 175, 0]
[49, 33, 186, 125, 92, 66, 54, 137, 175, 138, 207, 134, 81, 128, 73, 200, 69, 31, 90, 147, 47, 65, 46, 184, 55, 101, 161, 143, 181, 197, 60, 83, 192, 1, 94, 112, 61, 168, 151, 95, 160, 148, 75, 162, 84, 155, 30, 78, 195, 141, 39, 174, 43, 52, 56, 122, 35, 113, 154, 26, 198, 71, 74, 117, 183, 110, 166, 115, 114, 91, 159, 182, 11, 67, 19, 201, 20, 126, 10, 205, 89, 127, 130, 48, 27, 108, 87, 191, 80, 165, 169, 105, 171, 0]
[24, 16, 93, 61, 45, 32, 26, 67, 68, 97, 66, 40, 62, 35, 90, 34, 95, 44, 71, 23, 91, 22, 72, 80, 49, 38, 78, 12, 55, 46, 94, 59, 51, 57, 33, 13, 48, 20, 17, 0, 74, 69, 15, 88]
[99, 67, 250, 188, 133, 110, 275, 277, 100, 268, 166, 256, 147, 109, 141, 65, 183, 96, 131, 93, 132, 111, 206, 294, 161, 287, 55, 226, 190, 249, 244, 212, 233, 137, 60, 201, 83, 73, 1, 94, 112, 61, 216, 204, 259, 149, 95, 292, 160, 146, 76, 231, 247, 168, 199, 84, 154, 31, 79, 298, 159, 140, 40, 266, 192, 222, 177, 246, 44, 52, 56, 182, 232, 121, 35, 113, 143, 237, 272, 27, 198, 296, 164, 72, 148, 282, 185, 151, 283, 23, 136, 234, 218, 41, 254, 21, 68, 224, 24, 208, 97, 225, 230, 288, 162, 211, 248, 261, 37, 205, 202, 280, 253, 49, 107, 116, 221, 245, 297, 303, 39, 92, 210, 242, 34, 229, 150, 4, 217, 118, 203, 227, 119, 186, 219, 128, 153, 291]
[55, 36, 132, 100, 73, 29, 139, 75, 95, 76, 26, 146, 43, 69, 131, 38, 145, 37, 104, 16, 49, 80, 102, 114, 117, 25, 120, 35, 23, 121, 133, 111, 151, 87, 77, 118, 127, 140, 31, 108, 45, 134, 0, 52, 61, 32, 103, 82, 53, 89, 115, 81, 39, 94, 90, 109, 84, 15, 42, 138, 126, 20, 125, 22, 28, 30]
[50, 34, 190, 127, 95, 66, 54, 139, 179, 140, 244, 135, 84, 130, 73, 237, 70, 199, 33, 93, 148, 193, 219, 48, 65, 47, 218, 56, 211, 104, 164, 143, 214, 195, 234, 60, 85, 229, 1, 97, 115, 61, 200, 152, 99, 169, 162, 149, 75, 191, 171, 86, 156, 32, 81, 232, 161, 142, 41, 206, 45, 52, 57, 124, 36, 116, 145, 182, 221, 28, 208, 72, 151, 96, 154, 133, 24, 236, 235, 207, 42, 185, 21, 68, 25, 101, 175, 112, 202, 37, 158, 160, 166, 188, 178, 192, 53, 58, 17, 209, 222, 228, 201, 100, 233, 19, 46, 216, 212]
[52, 36, 188, 127, 96, 68, 57, 139, 179, 140, 201, 136, 84, 131, 75, 194, 71, 35, 93, 147, 50, 67, 49, 177, 58, 105, 163, 143, 174, 190, 62, 86, 185, 1, 98, 116, 63, 161, 153, 100, 148, 77, 155, 87, 34, 80, 198, 142, 42, 169, 47, 54, 59, 124, 19, 180, 72, 195, 81, 15, 130, 102, 29, 187, 38, 76, 121, 176, 114, 159, 119, 118, 95, 154, 175, 14, 69, 21, 137, 22, 117, 12, 199, 92, 122, 120, 51, 30, 90, 184]
[24, 15, 90, 61, 45, 32, 26, 66, 86, 67, 107, 65, 39, 62, 35, 100, 34, 105, 44, 71, 23, 101, 22, 84, 104, 49, 78, 69, 81, 97, 28, 40, 91, 0, 46, 55, 30, 53, 80, 76, 36, 85, 94, 38, 72, 17, 56, 58, 73, 48]
[105, 71, 255, 195, 136, 114, 278, 280, 106, 272, 169, 261, 150, 113, 144, 68, 188, 296, 102, 134, 98, 135, 115, 211, 287, 116, 318, 124, 171, 313, 3, 199, 232, 126, 293, 201, 156, 154, 173, 65, 161, 271, 162, 263, 143, 43, 141, 294, 228, 179, 276, 48, 55, 59, 186, 277, 231, 125, 38, 117, 146, 321, 163, 26, 204, 58, 168, 76, 152, 242, 305, 227, 291, 238, 235, 190, 288, 306, 22, 140, 279, 262, 44, 243, 20, 72, 269, 24, 246, 103, 270, 225, 275, 312, 251, 165, 254, 198, 219, 149, 1, 39, 200, 244, 241, 303, 300, 53, 111, 120, 265, 79, 205, 320, 224, 203, 326, 41, 97, 252, 174, 88, 36, 266, 301, 4, 314, 122, 253, 316, 175, 123, 221, 281, 159, 160, 131, 157, 260, 2, 286, 75, 192, 215, 217, 181, 245, 302]
[51, 34, 188, 126, 94, 67, 56, 139, 179, 141, 252, 135, 83, 129, 74, 245, 70, 197, 33, 92, 149, 191, 221, 49, 66, 48, 225, 57, 213, 103, 164, 144, 222, 192, 242, 61, 207, 84, 235, 1, 96, 115, 62, 205, 154, 97, 168, 163, 150, 77, 194, 170, 85, 158, 32, 80, 239, 162, 143, 41, 214, 180, 46, 54, 58, 123, 36, 116, 146, 186, 196, 27, 216, 167, 73, 153, 95, 156, 133, 24, 244, 183, 171, 42, 160, 22, 69, 25, 99, 177, 111, 208, 37, 161, 189, 113, 202, 165, 55, 59, 17, 172, 151, 234, 211, 98, 240, 20, 47, 224, 220, 120]
[52, 33, 191, 133, 100, 70, 57, 144, 181, 145, 250, 141, 86, 136, 76, 243, 73, 199, 32, 97, 153, 194, 218, 50, 69, 49, 223, 59, 210, 109, 168, 148, 219, 195, 240, 63, 205, 88, 235, 1, 103, 120, 64, 204, 157, 104, 172, 167, 154, 78, 196, 174, 90, 162, 31, 82, 238, 166, 147, 41, 211, 182, 47, 54, 60, 129, 36, 121, 151, 189, 198, 27, 214, 171, 75, 156, 101, 159, 139, 23, 242, 186, 175, 42, 164, 21, 72, 24, 106, 180, 117, 206, 37, 165, 192, 119, 202, 169, 55, 61, 17, 176, 155, 233, 209, 105, 239, 19, 48, 222, 217, 126]
[49, 34, 124, 92, 66, 55, 136, 137, 152, 132, 82, 127, 74, 146, 35, 125, 97, 17, 44, 73, 94, 106, 109, 24, 120, 112, 33, 23, 149, 27, 103, 143, 80, 69, 121, 145, 130, 105, 68, 30, 100, 41, 36, 0, 46, 56, 31, 102, 104, 75, 47, 141, 118, 139, 37, 113, 83, 108, 77, 16, 39, 147, 79, 117, 20, 111, 22, 26, 29, 60]
[24, 16, 95, 64, 46, 32, 26, 70, 91, 71, 136, 69, 39, 65, 35, 129, 34, 99, 134, 45, 74, 97, 109, 23, 130, 22, 112, 119, 52, 84, 72, 105, 113, 126, 29, 40, 120, 0, 48, 58, 30, 93, 77, 49, 86, 103, 76, 36, 85, 100, 81, 15, 38, 124, 102, 19, 117, 21, 25, 14, 115]
[24, 15, 90, 62, 47, 34, 26, 67, 86, 68, 129, 66, 41, 63, 37, 122, 36, 95, 127, 45, 72, 93, 105, 23, 123, 22, 103, 113, 51, 79, 69, 100, 106, 119, 29, 42, 114, 0, 48, 56, 31, 120, 74, 49, 81, 98, 73, 38, 78, 126, 14, 40, 117, 96, 19, 94, 21, 12, 13, 108]
[28, 18, 96, 67, 51, 36, 30, 72, 92, 73, 118, 71, 45, 68, 40, 112, 39, 100, 117, 50, 76, 26, 113, 25, 95, 102, 55, 85, 74, 110, 109, 33, 46, 103, 0, 52, 61, 34, 79, 53, 42, 75, 90, 43, 9, 22, 93, 44, 101, 11, 37, 80, 59]
[53, 34, 190, 128, 98, 69, 57, 142, 180, 143, 194, 139, 86, 131, 78, 187, 74, 33, 96, 152, 51, 68, 50, 171, 58, 107, 146, 168, 184, 62, 87, 178, 1, 100, 117, 63, 157, 101, 153, 80, 173, 88, 32, 83, 182, 41, 72, 158, 115, 92, 141, 23, 27, 29, 95, 186, 155, 163, 18, 59, 76, 188, 84, 14, 103, 28, 185, 36, 79, 170, 145, 97, 150, 169, 13, 71, 21, 125, 22, 111, 12, 192, 133, 112, 114, 52]
[51, 34, 183, 123, 92, 67, 55, 135, 174, 136, 213, 132, 82, 127, 73, 206, 70, 192, 33, 90, 144, 186, 48, 66, 47, 188, 56, 101, 160, 140, 185, 203, 60, 83, 198, 1, 94, 111, 61, 204, 149, 95, 164, 159, 145, 76, 165, 84, 153, 32, 79, 201, 158, 139, 41, 180, 45, 53, 57, 119, 36, 112, 142, 167, 28, 181, 72, 93, 130, 24, 205, 20, 207, 21, 68, 12, 211, 89, 13, 168, 49, 29, 108, 87, 197, 109, 81, 147, 75, 175, 105, 177, 0, 19, 106, 169, 129, 137, 143]
[50, 34, 122, 91, 65, 54, 134, 135, 146, 131, 40, 62, 121, 36, 26, 35, 123, 94, 15, 45, 70, 92, 104, 107, 22, 118, 110, 33, 21, 117, 136, 101, 137, 78, 68, 113, 129, 103, 67, 29, 98, 42, 132, 0, 47, 55, 30, 106, 73, 48, 81, 119, 72, 37, 89, 82, 102, 75, 14, 39, 141, 77, 109, 18, 105, 20, 25, 28]
[111, 70, 281, 209, 150, 122, 302, 305, 112, 297, 186, 286, 164, 121, 158, 67, 203, 108, 147, 105, 148, 55, 229, 321, 182, 315, 308, 254, 212, 280, 274, 238, 262, 155, 61, 223, 88, 77, 1, 106, 125, 62, 243, 226, 287, 168, 107, 319, 181, 163, 79, 260, 276, 189, 220, 90, 175, 31, 83, 325, 180, 157, 40, 294, 214, 250, 198, 258, 44, 51, 56, 202, 275, 137, 35, 127, 160, 267, 278, 26, 219, 301, 185, 76, 166, 310, 205, 172, 311, 23, 154, 295, 245, 41, 225, 21, 72, 251, 24, 307, 109, 252, 257, 316, 183, 235, 277, 289, 36, 284, 292, 123, 283, 49, 119, 130, 248, 320, 324, 330, 39, 104, 233, 271, 34, 249, 170, 4, 285, 132, 224, 300, 133, 231, 246, 144, 242, 2]
[52, 35, 126, 93, 67, 56, 137, 138, 158, 134, 82, 129, 73, 151, 70, 34, 91, 72, 94, 107, 110, 26, 121, 132, 113, 141, 25, 130, 29, 103, 148, 80, 142, 127, 131, 150, 105, 116, 69, 31, 100, 43, 38, 0, 48, 57, 32, 102, 108, 74, 49, 146, 124, 144, 39, 97, 83, 112, 77, 16, 41, 153, 79, 123, 21, 115, 24, 28, 30, 61, 19, 58]
[28, 16, 96, 64, 48, 35, 30, 70, 91, 71, 106, 69, 43, 65, 39, 99, 38, 104, 47, 74, 27, 100, 26, 83, 89, 52, 72, 79, 103, 32, 44, 18, 0, 81, 85, 15, 56, 78, 66, 40, 84, 92, 42, 90, 20, 102, 73]
[48, 31, 185, 123, 93, 65, 53, 136, 176, 137, 208, 131, 82, 126, 72, 201, 69, 30, 90, 144, 46, 64, 45, 205, 55, 101, 161, 140, 182, 198, 59, 83, 193, 1, 95, 112, 60, 171, 149, 96, 160, 145, 74, 163, 84, 153, 29, 77, 196, 139, 38, 177, 43, 50, 56, 120, 34, 113, 142, 155, 25, 178, 71, 94, 109, 169, 115, 114, 91, 180, 183, 11, 66, 18, 202, 19, 127, 10, 206, 89, 128, 130, 47, 26, 108, 87, 191, 151, 80, 73, 172, 105, 174, 0, 17]
[49, 33, 181, 122, 91, 65, 54, 133, 170, 135, 225, 130, 80, 125, 71, 218, 68, 189, 32, 89, 142, 184, 47, 64, 46, 201, 55, 100, 157, 138, 197, 185, 215, 59, 81, 210, 1, 93, 110, 60, 183, 147, 94, 161, 156, 143, 73, 173, 163, 82, 151, 31, 76, 213, 155, 137, 39, 207, 44, 51, 56, 118, 35, 111, 140, 166, 26, 192, 70, 145, 92, 128, 23, 217, 171, 154, 41, 150, 21, 67, 24, 96, 159, 127, 124, 107, 85, 209, 108, 79, 176, 72, 203, 104, 186, 0, 18, 105, 179, 115, 12, 219, 152, 162, 114]
[50, 33, 188, 127, 94, 67, 54, 140, 179, 141, 228, 137, 82, 132, 73, 221, 70, 197, 32, 92, 149, 191, 48, 65, 47, 202, 55, 103, 165, 144, 199, 192, 218, 59, 84, 212, 1, 96, 115, 60, 186, 154, 98, 169, 164, 150, 76, 178, 171, 85, 158, 31, 79, 216, 163, 143, 40, 194, 45, 52, 56, 124, 35, 116, 147, 170, 26, 195, 72, 152, 95, 135, 23, 220, 167, 157, 41, 148, 20, 226, 91, 11, 177, 49, 28, 134, 131, 112, 89, 211, 113, 81, 160, 74, 187, 108, 189, 0, 17, 110, 182, 139, 222]
[52, 36, 188, 127, 95, 68, 56, 141, 178, 142, 239, 137, 84, 131, 74, 232, 71, 198, 34, 93, 149, 191, 50, 67, 49, 214, 57, 209, 104, 164, 145, 210, 193, 229, 61, 85, 223, 1, 97, 116, 62, 196, 153, 99, 169, 163, 150, 76, 187, 171, 86, 158, 33, 80, 227, 162, 144, 42, 203, 46, 54, 58, 124, 38, 117, 147, 179, 189, 27, 205, 73, 152, 96, 156, 134, 22, 231, 176, 167, 43, 159, 20, 70, 24, 101, 172, 112, 199, 39, 110, 216, 121, 126, 11, 233, 166, 190, 182, 148, 55, 59, 16, 143, 168, 222, 220, 100, 228]
[51, 35, 129, 94, 67, 56, 142, 88, 69, 26, 146, 41, 64, 128, 37, 29, 36, 131, 98, 18, 46, 72, 95, 109, 114, 25, 117, 34, 24, 120, 135, 106, 151, 81, 70, 121, 125, 108, 144, 31, 102, 42, 136, 0, 48, 57, 32, 133, 75, 49, 83, 123, 73, 38, 143, 84, 103, 77, 17, 40, 140, 79, 111, 21, 107, 23, 28]
[51, 35, 127, 93, 67, 55, 139, 87, 69, 25, 143, 41, 64, 126, 37, 27, 36, 128, 98, 16, 45, 73, 95, 108, 111, 23, 114, 33, 22, 117, 131, 105, 148, 80, 70, 118, 123, 107, 141, 29, 102, 42, 132, 0, 48, 56, 30, 129, 75, 49, 82, 121, 74, 38, 140, 83, 103, 77, 15, 40, 137, 79, 110, 19, 106, 21, 26]
[52, 35, 127, 95, 68, 56, 139, 140, 171, 136, 84, 130, 74, 165, 71, 34, 93, 148, 50, 67, 49, 149, 57, 105, 143, 145, 163, 30, 102, 43, 37, 0, 151, 142, 32, 110, 144, 134, 75, 150, 159, 82, 157, 38, 118, 123, 85, 101, 138, 77, 16, 41, 166, 80, 154, 20, 70, 98, 90, 23, 27, 29, 92, 108, 61, 18, 58, 72, 113, 125, 14, 28, 126, 137, 128, 135, 76]
[25, 16, 93, 63, 46, 34, 27, 68, 89, 69, 114, 67, 41, 64, 37, 107, 36, 112, 45, 73, 23, 108, 22, 91, 97, 51, 80, 70, 87, 104, 29, 42, 98, 0, 47, 57, 30, 75, 49, 38, 84, 79, 50, 20, 39, 7, 19, 105, 40, 96, 9, 35]
[48, 33, 123, 90, 65, 53, 135, 136, 172, 131, 80, 126, 71, 166, 68, 32, 88, 145, 46, 64, 45, 152, 54, 99, 140, 149, 164, 58, 81, 159, 1, 93, 110, 30, 105, 148, 146, 72, 153, 161, 78, 141, 36, 112, 160, 142, 96, 40, 74, 15, 38, 167, 76, 157, 19, 67, 138, 108, 85, 21, 26, 28, 87, 137, 144, 17, 55, 69, 116, 128, 12, 27, 129, 35, 162, 151, 73, 150, 11, 66]
[51, 36, 183, 125, 93, 68, 56, 136, 174, 137, 208, 133, 83, 128, 74, 201, 71, 35, 91, 146, 49, 67, 48, 184, 57, 102, 161, 140, 181, 197, 61, 84, 192, 1, 95, 113, 62, 170, 151, 96, 165, 160, 148, 76, 162, 85, 155, 34, 79, 195, 139, 42, 176, 46, 54, 58, 122, 38, 114, 143, 156, 30, 177, 73, 94, 111, 168, 116, 115, 92, 179, 182, 14, 69, 22, 202, 23, 129, 13, 206, 90, 130, 132, 50, 31, 110, 88, 191, 153, 82, 75, 171, 106, 173, 0, 21]
[26, 16, 93, 62, 46, 33, 28, 68, 87, 69, 98, 67, 41, 64, 36, 89, 35, 96, 45, 72, 25, 91, 22, 73, 79, 50, 40, 78, 13, 56, 47, 94, 60, 52, 58, 34, 14, 49, 20, 17, 0, 75, 70, 15]
[102, 69, 265, 196, 139, 113, 289, 292, 103, 282, 172, 270, 155, 112, 148, 66, 190, 309, 99, 137, 96, 138, 115, 216, 299, 116, 347, 123, 175, 342, 3, 202, 239, 125, 320, 204, 311, 159, 158, 178, 64, 165, 281, 296, 82, 293, 92, 108, 118, 258, 74, 241, 345, 56, 327, 171, 73, 156, 250, 332, 234, 318, 246, 243, 192, 315, 334, 24, 142, 41, 350, 42, 278, 22, 70, 189, 25, 336, 100, 57, 230, 184, 341, 288, 169, 242, 326, 200, 224, 154, 1, 38, 227, 203, 279, 275, 330, 259, 295, 51, 109, 119, 37, 76, 208, 349, 256, 206, 355, 40, 95, 348, 215, 179, 85, 36, 124, 205, 314, 4, 167, 121, 276, 45, 180, 337, 122, 253, 150, 163, 164, 133, 160, 27, 2, 313, 72, 217, 244, 247, 226, 207, 280, 298, 274, 63, 49, 50, 104, 183, 84, 143, 16, 269, 267]
[49, 32, 123, 92, 66, 53, 134, 135, 163, 131, 81, 126, 72, 157, 69, 31, 90, 143, 46, 65, 45, 142, 54, 101, 139, 111, 93, 160, 120, 104, 115, 68, 28, 99, 40, 34, 0, 141, 137, 29, 106, 138, 122, 73, 144, 152, 79, 150, 35, 155, 82, 98, 151, 76, 15, 38, 158, 78, 148, 19, 129, 94, 87, 21, 25, 27, 89, 60, 17, 56, 70, 103, 114, 12, 26, 130]
[49, 33, 181, 121, 90, 64, 53, 132, 170, 133, 211, 129, 80, 124, 70, 204, 67, 189, 32, 88, 141, 184, 46, 63, 45, 185, 54, 98, 157, 137, 182, 201, 58, 81, 195, 1, 92, 108, 59, 169, 146, 93, 161, 156, 142, 73, 164, 82, 151, 31, 76, 198, 136, 39, 177, 43, 51, 55, 118, 35, 109, 139, 155, 26, 178, 69, 91, 127, 23, 203, 19, 205, 20, 65, 10, 209, 87, 11, 160, 47, 27, 105, 85, 194, 106, 79, 144, 72, 202, 102, 172, 0, 18, 103, 165, 126, 135, 140]
[24, 16, 91, 63, 46, 33, 27, 68, 87, 70, 127, 67, 40, 64, 36, 120, 35, 95, 125, 45, 73, 93, 23, 121, 22, 102, 111, 50, 80, 71, 98, 105, 117, 30, 41, 112, 0, 47, 56, 31, 86, 75, 48, 96, 74, 37, 79, 90, 14, 39, 115, 109, 19, 92, 21, 12, 13, 107, 118]
[51, 35, 128, 94, 68, 55, 140, 142, 183, 136, 83, 131, 74, 177, 71, 34, 92, 149, 49, 67, 48, 160, 57, 102, 145, 157, 175, 61, 84, 169, 1, 96, 114, 63, 147, 97, 77, 116, 39, 151, 99, 43, 78, 17, 41, 178, 80, 167, 21, 70, 148, 111, 89, 126, 23, 28, 30, 91, 127, 155, 152, 19, 58, 72, 132, 81, 14, 137, 29, 172, 38, 76, 159, 93, 143, 158, 13, 69, 129, 109, 22, 95]
[48, 32, 181, 121, 90, 64, 52, 134, 171, 135, 212, 131, 80, 125, 71, 205, 68, 190, 31, 88, 143, 185, 46, 63, 45, 187, 54, 100, 157, 139, 183, 202, 58, 81, 197, 1, 92, 110, 59, 203, 147, 93, 162, 156, 144, 73, 163, 82, 151, 30, 76, 200, 155, 138, 38, 178, 43, 50, 55, 118, 34, 111, 141, 165, 26, 179, 70, 91, 129, 23, 204, 18, 206, 19, 66, 10, 210, 87, 11, 166, 47, 27, 107, 85, 196, 108, 79, 146, 72, 173, 104, 175, 0, 17, 105, 167, 128, 136, 142]
[25, 16, 90, 60, 45, 32, 27, 67, 86, 68, 132, 66, 39, 62, 35, 123, 34, 94, 130, 44, 71, 92, 105, 24, 124, 23, 104, 113, 49, 78, 69, 99, 107, 120, 29, 40, 114, 0, 46, 54, 30, 87, 73, 47, 80, 97, 72, 36, 82, 91, 75, 15, 38, 118, 96, 19, 93, 22, 13, 14]
[50, 33, 126, 93, 67, 54, 138, 139, 176, 135, 81, 129, 73, 170, 70, 32, 91, 148, 48, 66, 47, 156, 55, 103, 144, 152, 168, 59, 82, 163, 1, 95, 114, 29, 108, 151, 149, 74, 157, 165, 79, 145, 37, 117, 164, 146, 99, 41, 76, 15, 39, 171, 78, 161, 19, 69, 142, 112, 88, 21, 25, 27, 90, 140, 147, 17, 56, 71, 120, 132, 12, 26, 133, 36, 166, 154, 75, 153, 11, 68]
[57, 39, 197, 133, 100, 74, 61, 145, 187, 146, 216, 142, 90, 137, 81, 209, 78, 38, 98, 156, 54, 72, 53, 193, 62, 109, 173, 149, 190, 206, 67, 91, 201, 1, 102, 121, 68, 178, 162, 104, 172, 157, 83, 171, 92, 166, 37, 87, 204, 148, 46, 185, 51, 59, 63, 130, 41, 122, 164, 32, 186, 203, 153, 82, 127, 192, 119, 176, 124, 123, 99, 170, 191, 15, 76, 24, 210, 26, 132, 13, 214, 97, 212, 136, 55, 33, 118, 95, 200, 89, 144, 179, 182, 0]
[49, 33, 186, 124, 92, 66, 53, 136, 175, 137, 208, 133, 82, 128, 73, 200, 69, 32, 90, 146, 46, 65, 45, 185, 55, 101, 161, 140, 181, 197, 60, 83, 192, 1, 95, 113, 61, 168, 150, 96, 160, 147, 76, 179, 84, 154, 31, 79, 195, 139, 39, 198, 43, 51, 56, 121, 35, 114, 143, 158, 27, 176, 71, 74, 118, 183, 110, 166, 116, 115, 91, 163, 182, 12, 67, 19, 201, 20, 125, 11, 206, 89, 126, 129, 48, 28, 108, 87, 191, 81, 151, 169, 105, 171, 0]
[52, 33, 192, 129, 97, 69, 56, 143, 182, 144, 269, 140, 85, 133, 75, 260, 72, 201, 32, 95, 152, 196, 220, 227, 49, 233, 67, 48, 239, 57, 213, 106, 167, 147, 235, 197, 218, 257, 62, 207, 86, 252, 1, 99, 117, 63, 210, 219, 157, 100, 172, 166, 153, 78, 209, 175, 205, 87, 161, 31, 82, 255, 165, 146, 40, 242, 183, 46, 54, 58, 188, 126, 36, 118, 150, 249, 211, 26, 230, 171, 74, 155, 98, 159, 136, 23, 259, 198, 186, 43, 174, 21, 71, 24, 177, 102, 266, 113, 179, 217, 222, 37, 225, 181, 116, 216, 256, 111, 120, 189, 208, 115, 243, 101, 151, 18, 47, 238, 240]
[51, 17, 94, 62, 46, 34, 28, 69, 90, 71, 25, 68, 41, 64, 124, 37, 133, 36, 98, 140, 45, 74, 96, 107, 111, 24, 134, 23, 112, 122, 104, 142, 82, 72, 109, 116, 130, 30, 42, 123, 0, 47, 56, 32, 95, 77, 48, 84, 105, 76, 38, 86, 99, 79, 16, 40, 128, 115, 20, 101, 22, 27, 29, 60]
[54, 36, 128, 96, 70, 58, 141, 142, 154, 137, 86, 67, 127, 39, 30, 37, 129, 100, 16, 47, 76, 98, 110, 113, 26, 124, 116, 35, 25, 126, 139, 106, 145, 84, 74, 121, 131, 108, 72, 32, 103, 44, 140, 0, 50, 59, 33, 104, 78, 52, 143, 117, 77, 40, 95, 87, 151, 80, 15, 42, 149, 82, 125, 20, 112, 23, 29, 31, 63]
[50, 35, 127, 95, 69, 57, 139, 140, 182, 136, 84, 130, 76, 176, 73, 34, 93, 150, 48, 68, 47, 161, 58, 104, 144, 158, 174, 62, 85, 169, 1, 97, 114, 63, 148, 98, 78, 116, 38, 152, 101, 42, 79, 15, 40, 177, 81, 167, 20, 71, 149, 112, 89, 125, 22, 26, 28, 91, 126, 156, 153, 17, 59, 74, 131, 82, 13, 137, 27, 171, 37, 77, 160, 94, 141, 159, 12, 70, 128, 110, 21, 96]
