0.5962327747709222
0.6957188686705195
0.9520275933401925
0.7855174301990441
0.7125722981161542
0.9648691926683698
0.8161239773035049
0.5631385755906295
0.5971185726313186
0.40451973453164103
0.04901059567928314
0.985402246316274
0.7311294198036193
0.8421617537736893
0.5884627863748132
0.9288648664951324
0.7832902036607265
0.9591398967636956
0.7097685486078262
0.9151019578178724
0.565930832689628
0.6584077502854846
0.7767986210528761
0.5914333778976774
0.8551010005176067
0.6670927559025586
0.9902950286865234
0.8478778125967698
0.7992537095107966
0.6877070433487568
0.7934026167262346
0.612515191361308
0.3801011458039284
0.9897715960230146
0.6245608142732332
0.7270597524475306
0.6302612451836467
0.8973078280687332
0.9694040914376577
0.915213188954762
0.8924888968467712
0.677824086509645
0.7654555742939313
0.9449809392293295
0.8461988296185154
0.810263792052865
0.8562529342515128
0.9031277060508728
0.9724027290940285
0.9724319577217102
0.7939918105091367
0.7310576289892197
0.9828170835971832
0.9921805461247762
0.44029699071931344
0.8192566703591082
0.987132054567337
0.7864858267936282
0.9855026176997593
0.9802604243159294
0.9645475404603141
0.7776187807321548
0.7750027254223824
0.7259378377348185
0.673635703821977
0.5099495188333094
0.8669145499152364
0.6061896314757178
0.709981143607625
0.6930849552154541
0.6858859329173962
0.9280214565140861
0.9899143746920994
0.754177271698912
0.9917445911301507
0.6070392977978502
0.8331148591888551
0.8975444223199572
0.9375937804579735
0.7989300505406308
0.7918622116558254
0.781190524995327
0.9163274884223938
0.9766559600830078
0.6396645031160336
0.9880628519588046
0.7380632368343262
0.9318132996559143
0.9265331029891968
0.5680298289683249
0.9702998465961881
0.8740019963847266
0.7502932952983039
0.8117510616779328
0.7695484495444151
0.9701965947945913
0.5944235672553381
0.7616974748247727
0.8974323630332947
0.7929023115171326
0.8358112147876194
0.8762654513120651
0.9098476308087508
0.785957501994239
0.6836670965163244
0.7528077961469535
0.629308831783419
0.9883380617414202
0.8077307716012001
0.8354463908407423
0.9931455055872599
0.6660397785922719
0.7196391804027371
0.8590522781014442
0.902449107170105
0.5452643226308282
0.8302662110125477
0.6760387385094707
0.5345731993766094
0.8422421514987946
0.9869589731097221
0.8624921469017863
0.8193058669567108
0.9219962723218487
0.9770233750343322
0.9239320874214172
0.7558031763349261
0.8329583356777827
0.7148189178551547
0.6422828113660216
0.7954399006234275
0.981179378926754
0.7630288273096084
0.809799758096536
0.9919926822185516
0.6935541699640453
0.7787663446118435
0.7184443059894774
0.8721515312790871
0.7382257436402142
0.6341935765619079
0.7420219834893942
0.7026631026270075
0.8377117178502625
0.9375993490219117
0.9104234715923667
0.877296045422554
0.9115673502286276
0.6680552429623074
0.6209365483373404
0.7987759415991604
0.7213047204672226
0.9020347197850546
0.6847011892952852
0.7972287208831403
0.9057979498590741
0.9912364035844803
0.7579132069188815
0.9253609946795872
0.8080281452699141
0.6335078560643725
0.5733880689367652
0.844805701325337
0.7758215986048946
0.8529363307687972
0.6452233471375491
0.6537808986322489
0.9850151300430298
0.5138249471783638
0.7081975491850504
0.8111543158690134
0.9941351652145386
0.7102679548261221
0.7291407259181142
0.8128905892372131
0.8484539680648595
0.9807392507791519
0.5140340151963756
0.7252079847438092
0.9889690790857587
0.7785598238309225
0.692141782521503
0.7901573079638183
0.9426994820435842
0.9910755753517151
0.9914238055547079
0.8517349812900648
0.8574930088860648
0.8465324398130178
0.9786661118268967
0.6318944576861603
0.8641595507506281
0.8116805791854859
0.8288319443042079
0.8203108111241212
0.7473685450851917
0.6585258446090544
0.368850517833683
0.7480316237779334
0.8677269932296541
