-1.3371905088424683
-1.2129671573638916
-1.6345144510269165
-1.2759491205215454
-1.426910638809204
-1.5787184238433838
-1.5735993385314941
-1.6066670417785645
-1.3826487064361572
-1.5973211526870728
-1.063562273979187
-1.186816930770874
-1.9387407302856445
-1.4007511138916016
-1.6814424991607666
-1.4160091876983643
-1.415354609489441
-1.4075148105621338
-1.481532096862793
-1.2995343208312988
-1.1682968139648438
-1.3395872116088867
-1.1584199666976929
-1.61343252658844
-1.314344048500061
-1.3198949098587036
-1.7789573669433594
-1.317493200302124
-1.3477444648742676
-1.4696085453033447
-1.374092698097229
-1.510578989982605
-1.3834658861160278
-1.321561574935913
-1.3996082544326782
-1.4193099737167358
-1.4818074703216553
-1.254445195198059
-1.3012783527374268
-1.3306108713150024
-1.4668543338775635
-1.4418165683746338
-1.2920081615447998
-1.1499741077423096
-1.1830264329910278
-1.4609228372573853
-1.1846692562103271
-1.47725510597229
-1.2833995819091797
-1.3004112243652344
-1.4384565353393555
-1.3879268169403076
-1.2991795539855957
-1.629933476448059
-1.4213343858718872
-1.3326481580734253
-1.398716926574707
-1.2122840881347656
-1.2262473106384277
-1.2130264043807983
-1.4580934047698975
-1.5358052253723145
-1.4387900829315186
-1.3044564723968506
-1.3927981853485107
-1.5595844984054565
-1.3335812091827393
-1.6986654996871948
-1.3876575231552124
-1.541418194770813
-1.4482111930847168
-1.352840781211853
-1.4313029050827026
-1.5482826232910156
-1.4165780544281006
-1.9249980449676514
-1.436125636100769
-1.4767522811889648
-1.2807884216308594
-1.3568713665008545
-1.360268473625183
-1.203292965888977
-1.2798547744750977
-1.2338005304336548
-1.530368685722351
-1.3080737590789795
-1.2981750965118408
-1.5676876306533813
-2.899345874786377
-1.2157363891601562
-1.3204387426376343
-1.2967344522476196
-1.4469430446624756
-1.0159811973571777
-1.4695712327957153
-1.648512840270996
-1.4448477029800415
-1.4656002521514893
-1.9204227924346924
-1.3968641757965088
-1.4378437995910645
-1.2985444068908691
-1.3168262243270874
-1.4520634412765503
-1.5152920484542847
-1.2723774909973145
-1.3991553783416748
-1.2596685886383057
-1.471463680267334
-1.4802991151809692
-1.3917738199234009
-1.2884557247161865
-1.4147132635116577
-1.213526725769043
-1.343246340751648
-1.601946473121643
-1.3258395195007324
-1.4010236263275146
-1.3980118036270142
-1.6964935064315796
-1.3591924905776978
-1.4493273496627808
-3.805009126663208
-1.37362539768219
-1.2836960554122925
-1.2185430526733398
-1.7918697595596313
-1.3064035177230835
-1.3597307205200195
-1.3731577396392822
-1.264060139656067
-1.4260411262512207
-1.4086326360702515
-1.343361735343933
-1.2241677045822144
-1.0742132663726807
-1.3811943531036377
-1.4510201215744019
-1.4015069007873535
-1.5839298963546753
-1.3178150653839111
-1.2935069799423218
-1.3493988513946533
-1.3721086978912354
-1.5458089113235474
-1.207553505897522
-1.4367191791534424
-1.3479059934616089
-1.325505018234253
-1.5547829866409302
-1.4237724542617798
-1.5110983848571777
-1.2207165956497192
-1.3819167613983154
-1.224321961402893
-1.266430139541626
-1.0323749780654907
-1.2260894775390625
-1.4644068479537964
-1.3934898376464844
-1.4871456623077393
-1.9167232513427734
-1.2871206998825073
-1.1896411180496216
-1.3980300426483154
-1.5828036069869995
-1.384487271308899
-1.128993272781372
-1.6077332496643066
-1.2995169162750244
-1.212837815284729
-1.1752763986587524
-1.269912838935852
-1.543460726737976
-1.4393683671951294
-1.6245564222335815
-1.3310637474060059
-1.3995118141174316
-1.225868582725525
-1.4081159830093384
-1.3491626977920532
-1.4742090702056885
-1.842239260673523
-1.2686549425125122
-1.16328763961792
-1.5777910947799683
-1.4672892093658447
-1.4754774570465088
-1.589904546737671
-1.2710906267166138
-1.264559030532837
-1.2399810552597046
-1.5532481670379639
-1.2311557531356812
-1.3236151933670044
-1.241064429283142
-1.559141993522644
-1.6838196516036987
-1.5142890214920044
-1.5420048236846924
