0.9822775721549988
0.999900221824646
0.9878485798835754
0.9945297241210938
0.9778081178665161
0.9971044063568115
0.9927282333374023
0.9911543726921082
0.9843451380729675
0.9993647933006287
0.9804584980010986
0.9992216229438782
0.9761098027229309
0.9997329711914062
0.9451640844345093
0.999720573425293
0.9837449789047241
0.9978689551353455
0.9910309910774231
0.9985821843147278
0.9729437232017517
0.9947091937065125
0.9905270934104919
0.999439537525177
0.9944056868553162
0.9995799660682678
0.9717047810554504
0.9985122084617615
0.9733439683914185
0.9996180534362793
0.9820597767829895
0.9340738654136658
0.9672428369522095
0.9997143149375916
0.9917336106300354
0.9951332807540894
0.9889748692512512
0.9982117414474487
0.9930967688560486
0.9986011385917664
0.9884353876113892
0.9992796182632446
0.9476582407951355
0.99957674741745
0.9777240753173828
0.9979435205459595
0.9847273826599121
0.9986487030982971
0.9526433348655701
0.9992344379425049
0.8730478286743164
0.9989198446273804
0.9787884950637817
0.999161422252655
0.9770448803901672
0.999804675579071
0.9497920870780945
0.9993818402290344
0.9673325419425964
0.9992784261703491
0.9887595772743225
0.998784601688385
0.9585114121437073
0.9959847927093506
0.9799035787582397
0.9660367369651794
0.9890874028205872
0.9991300702095032
0.9772558808326721
0.9997351765632629
0.9544611573219299
0.9990057349205017
0.9385989308357239
0.9557355642318726
0.9869651794433594
0.9953915476799011
0.9867153167724609
0.9982215762138367
0.9723943471908569
0.9986717700958252
0.9938468337059021
0.9876665472984314
0.9856884479522705
0.999130129814148
0.9943736791610718
0.9978376626968384
0.9789046049118042
0.9998589754104614
0.922102689743042
0.9992592334747314
0.9561710357666016
0.9933471083641052
0.9845083951950073
0.9992800354957581
0.9324014186859131
0.9983564019203186
0.9839041829109192
0.9970658421516418
0.9212018847465515
0.999701976776123
0.9688711166381836
0.9945310950279236
0.9808052778244019
0.9994555711746216
0.9678287506103516
0.9993718266487122
0.9856457114219666
0.9992272257804871
0.9785891771316528
0.9997941255569458
0.9875590801239014
0.9979384541511536
0.9817897081375122
0.9993274211883545
0.9548357725143433
0.9973467588424683
0.9708883166313171
0.9114301800727844
0.990845263004303
0.9483715891838074
0.988858699798584
0.9968159198760986
0.9830165505409241
0.9833178520202637
0.9815548658370972
0.9988751411437988
0.973529577255249
0.9986426830291748
0.9917052984237671
0.9958701729774475
0.9576907753944397
0.9972022771835327
0.9660232067108154
0.9985752105712891
0.938933789730072
0.9973275661468506
0.9814957976341248
0.9958992600440979
0.9932074546813965
0.9946998357772827
0.9679068922996521
0.9954870343208313
0.9819533824920654
0.9992830157279968
0.995684802532196
0.9905799031257629
0.9601278305053711
0.9975561499595642
0.9822505712509155
0.9795767068862915
0.9920960068702698
0.9995129108428955
0.965340793132782
0.9967487454414368
0.9151042103767395
0.9950844645500183
0.9730125665664673
0.9871652722358704
0.9768663048744202
0.9970054626464844
0.9624236822128296
0.9998020529747009
0.9900405406951904
0.9909261465072632
0.9427633285522461
0.9846469759941101
0.8594762086868286
0.997439980506897
0.9729068279266357
0.9992620944976807
0.9780243635177612
0.9996459484100342
0.9527295231819153
0.9972593784332275
0.9810342788696289
0.9995321035385132
0.9270426034927368
0.9581843018531799
0.9851803183555603
0.9982876181602478
0.9659660458564758
0.9975099563598633
0.9880886077880859
0.9977267384529114
0.990744411945343
0.9862020015716553
0.991584837436676
0.9996402859687805
0.9631369709968567
0.9996466040611267
0.9802414178848267
0.9995004534721375
0.9447845220565796
0.999586820602417
0.973950207233429
0.9993389248847961
0.962799072265625
0.9915610551834106
0.9844781756401062
0.9985612034797668
