0.9776284694671631
0.9981721043586731
0.9876304864883423
0.9561299085617065
0.9744965434074402
0.9721645712852478
0.9862762689590454
0.9927664399147034
0.9817100763320923
0.9932969212532043
0.9811877012252808
0.9974870085716248
0.9766448736190796
0.9979910254478455
0.9455488920211792
0.99924236536026
0.9834743738174438
0.9957630038261414
0.9862945675849915
0.9944289922714233
0.9690523147583008
0.9943515658378601
0.9906569123268127
0.977161705493927
0.992584228515625
0.9992655515670776
0.9690806269645691
0.9943506121635437
0.9740369915962219
0.9993153810501099
0.9516071081161499
0.9323826432228088
0.9677702784538269
0.9983766674995422
0.9910093545913696
0.8887458443641663
0.9824975728988647
0.9962011575698853
0.9846001863479614
0.996953010559082
0.9884880781173706
0.9938843846321106
0.9297353029251099
0.996757447719574
0.9776882529258728
0.9955281019210815
0.9845383167266846
0.9777639508247375
0.9559181332588196
0.9970215559005737
0.8140413165092468
0.9984424114227295
0.9783064126968384
0.9927423596382141
0.9773687720298767
0.9991562962532043
0.9190400242805481
0.999123752117157
0.9608786106109619
0.9987950921058655
0.9817920923233032
0.9982609748840332
0.9569866061210632
0.9817914962768555
0.9787580966949463
0.959778368473053
0.9881988763809204
0.9978761076927185
0.9765702486038208
0.988337516784668
0.9457951784133911
0.9987438917160034
0.9420723915100098
0.9261512160301208
0.9868714809417725
0.9951639175415039
0.9843234419822693
0.9981691837310791
0.9701665639877319
0.9945322275161743
0.9830230474472046
0.9785060286521912
0.9893268942832947
0.9958327412605286
0.9940061569213867
0.9817631244659424
0.9734776020050049
0.9989991784095764
0.9147080779075623
0.9807363748550415
0.9571806192398071
0.9926019310951233
0.9552041292190552
0.9975798726081848
0.939376711845398
0.9960764646530151
0.9474868178367615
0.996263861656189
0.915108859539032
0.9987853765487671
0.9678402543067932
0.9910125136375427
0.9790247678756714
0.9894731640815735
0.965816855430603
0.9993061423301697
0.9860007166862488
0.9969003796577454
0.9782800674438477
0.9991248846054077
0.9862697720527649
0.9979866743087769
0.9786859750747681
0.9904537796974182
0.9559171795845032
0.9916925430297852
0.970525860786438
0.9049359560012817
0.983828604221344
0.9490677118301392
0.9892652630805969
0.9954752922058105
0.9755123257637024
0.9828215837478638
0.9678618907928467
0.9946030378341675
0.9772710204124451
0.9981881380081177
0.9912053346633911
0.9960301518440247
0.9609097838401794
0.9970042705535889
0.9659385085105896
0.9876205325126648
0.9359328150749207
0.9969475865364075
0.979550838470459
0.9907371997833252
0.9925922155380249
0.9920697212219238
0.9742649793624878
0.9921215772628784
0.9816020131111145
0.9985536336898804
0.9942824840545654
0.9901218414306641
0.9593899846076965
0.9967045187950134
0.9652479290962219
0.9667064547538757
0.9834057688713074
0.9970908164978027
0.9546265006065369
0.9874386787414551
0.9080478549003601
0.9949579238891602
0.9733309745788574
0.9851086139678955
0.9767299294471741
0.9951111674308777
0.9602411985397339
0.9995360374450684
0.9880213737487793
0.9786787033081055
0.9435089826583862
0.9721552133560181
0.8605542182922363
0.9955962896347046
0.973954439163208
0.9970815181732178
0.9186908602714539
0.997458279132843
0.9506582617759705
0.9965859055519104
0.979823112487793
0.9981846213340759
0.9261162877082825
0.9571124911308289
0.9825855493545532
0.9975075125694275
0.9633132219314575
0.9970299005508423
0.9829438924789429
0.9962739944458008
0.9902811050415039
0.9858085513114929
0.9852768182754517
0.9984563589096069
0.9622649550437927
0.9922093152999878
0.9731131792068481
0.9984233379364014
0.948165774345398
0.9984772801399231
0.9759079813957214
0.9974255561828613
0.9588978886604309
0.990220844745636
0.9832600951194763
0.9876498579978943
