[55, 38, 203, 139, 103, 73, 59, 151, 194, 152, 228, 147, 90, 142, 81, 222, 78, 36, 101, 160, 53, 72, 52, 226, 60, 113, 176, 156, 200, 218, 67, 92, 213, 1, 105, 125, 68, 185, 164, 106, 175, 161, 84, 177, 93, 169, 35, 87, 216, 155, 45, 195, 49, 57, 62, 136, 41, 126, 158, 171, 31, 196, 80, 104, 123, 183, 130, 128, 102, 198, 201, 13, 75, 20, 223, 21]
[52, 34, 189, 128, 96, 68, 56, 139, 179, 140, 263, 136, 85, 131, 76, 257, 73, 197, 33, 94, 149, 192, 218, 225, 50, 233, 67, 48, 235, 57, 211, 106, 164, 144, 231, 193, 216, 253, 61, 205, 86, 248, 1, 98, 117, 62, 208, 214, 153, 100, 170, 163, 150, 79, 204, 172, 87, 158, 32, 82, 251, 162, 143, 41, 222, 180, 46, 54, 58, 185, 125, 36, 118, 147, 195, 206, 27, 238, 169, 75, 152, 97, 155, 134, 24, 256, 240, 190, 42, 176, 22, 71, 25, 201]
[53, 35, 190, 129, 97, 70, 58, 142, 180, 143, 199, 138, 86, 132, 77, 193, 73, 33, 95, 150, 51, 69, 50, 177, 59, 107, 165, 146, 174, 197, 64, 88, 184, 1, 100, 118, 65, 161, 155, 101, 151, 79, 158, 89, 32, 82, 188, 145, 42, 167, 48, 56, 29, 94, 162, 159, 166, 18, 61, 75, 194, 83, 14, 103, 28, 186, 38, 78, 123, 176, 116]
[52, 36, 188, 128, 98, 68, 56, 140, 176, 141, 213, 137, 85, 131, 74, 207, 71, 35, 96, 148, 191, 50, 67, 49, 190, 57, 106, 163, 144, 187, 204, 61, 86, 198, 1, 100, 116, 62, 173, 152, 101, 167, 162, 149, 77, 165, 87, 156, 34, 82, 201, 143, 42, 179, 46, 54, 58, 125, 38, 117, 146, 158, 27, 180, 73, 99, 135, 12, 69, 19, 208, 20, 206, 11, 212, 95, 155]
[50, 32, 185, 123, 92, 67, 54, 137, 175, 138, 230, 134, 81, 126, 73, 224, 70, 193, 31, 90, 146, 188, 48, 66, 47, 207, 56, 101, 160, 141, 204, 189, 221, 60, 82, 216, 1, 94, 111, 62, 190, 150, 95, 165, 159, 147, 75, 181, 167, 84, 154, 30, 78, 219, 158, 140, 39, 196, 44, 52, 57, 120, 34, 112, 143, 173, 184, 26, 199, 72, 149, 93, 152, 132, 23, 223, 170, 202, 41, 187, 21, 69, 24, 98, 166]
[49, 32, 186, 125, 92, 65, 53, 137, 176, 138, 203, 134, 81, 128, 73, 197, 68, 31, 89, 148, 47, 64, 46, 179, 55, 100, 163, 141, 175, 192, 59, 82, 201, 1, 94, 111, 60, 164, 153, 95, 150, 75, 158, 83, 30, 78, 189, 140, 40, 170, 44, 51, 56, 122, 35, 112, 161, 79, 12, 127, 97, 26, 188, 172, 74, 118, 177, 108, 162, 114, 113, 91, 157]
[53, 35, 127, 94, 68, 57, 140, 141, 176, 137, 84, 130, 74, 171, 71, 34, 92, 149, 51, 67, 50, 156, 58, 103, 144, 153, 169, 62, 85, 163, 1, 96, 116, 32, 110, 152, 150, 75, 157, 166, 81, 145, 38, 118, 164, 146, 100, 44, 77, 16, 41, 172, 80, 161, 20, 70, 143, 113, 89, 22, 28, 30, 91, 142]
[49, 33, 186, 124, 90, 64, 53, 138, 176, 139, 192, 134, 79, 128, 71, 190, 68, 32, 88, 147, 47, 63, 46, 170, 54, 98, 163, 142, 167, 183, 58, 80, 178, 2, 92, 111, 59, 154, 151, 93, 148, 73, 149, 81, 31, 76, 181, 141, 39, 67, 155, 108, 85, 137, 21, 25, 28, 87, 185, 152, 161, 17, 55, 69, 187, 77, 13, 95, 27, 180]
[50, 34, 248, 147, 91, 65, 54, 170, 234, 177, 303, 164, 80, 153, 71, 297, 68, 259, 33, 89, 193, 252, 48, 64, 46, 279, 55, 102, 215, 180, 275, 253, 294, 59, 81, 288, 1, 93, 121, 60, 258, 197, 94, 221, 214, 194, 73, 244, 224, 83, 205, 32, 76, 291, 213, 179, 40, 264, 44, 52, 56, 138, 36, 122, 185, 235, 249, 27, 267, 70, 196, 92, 203, 162, 24, 296, 230, 219, 41, 209, 22, 67, 25, 96, 225, 115]
[23, 15, 91, 63, 46, 33, 27, 68, 87, 69, 129, 67, 41, 64, 36, 123, 35, 96, 128, 45, 72, 94, 22, 124, 21, 104, 113, 51, 80, 70, 100, 107, 120, 29, 42, 114, 0, 48, 56, 30, 121, 74, 49, 82, 98, 73, 37]
[51, 34, 188, 129, 95, 67, 55, 140, 179, 141, 264, 137, 83, 132, 250, 74, 258, 70, 196, 33, 93, 148, 191, 215, 221, 48, 229, 66, 47, 236, 56, 208, 104, 164, 144, 233, 192, 213, 255, 60, 203, 84, 249, 1, 97, 115, 62, 206, 216, 152, 98, 168, 163, 149, 76, 207, 171, 201, 85, 158, 32, 79, 253, 162, 143, 41, 223, 180, 45, 53, 57, 184, 124, 36, 116, 146, 199, 209, 27, 227, 167, 73, 151, 96, 156, 135, 24, 257, 195, 189, 42, 172, 21, 69, 25, 176]
[50, 33, 184, 126, 92, 66, 54, 137, 175, 138, 219, 134, 82, 129, 72, 213, 69, 196, 32, 90, 146, 188, 48, 65, 47, 195, 55, 101, 160, 141, 190, 210, 59, 83, 205, 1, 94, 111, 60, 177, 150, 95, 164, 159, 147, 75, 168, 84, 154, 31, 79, 208, 158, 140, 41, 183, 45, 52, 56, 122, 35, 113, 143, 161, 27, 217, 71, 93, 132, 24, 212, 187, 149, 21, 67, 12, 218, 89, 13, 167]
[24, 15, 88, 59, 43, 31, 26, 65, 84, 66, 119, 63, 38, 60, 34, 113, 33, 94, 118, 42, 69, 91, 23, 114, 22, 95, 103, 47, 77, 67, 97, 110, 28, 39, 104, 0, 44, 53, 29, 79, 71, 45, 70, 35, 72]
[51, 33, 185, 126, 95, 68, 55, 137, 175, 139, 249, 134, 83, 129, 74, 243, 71, 194, 32, 93, 146, 188, 213, 220, 48, 67, 47, 223, 56, 205, 103, 161, 142, 225, 189, 211, 240, 61, 200, 84, 235, 1, 97, 114, 62, 203, 150, 98, 166, 159, 147, 77, 195, 168, 86, 154, 31, 80, 238, 158, 141, 40, 212, 176, 45, 53, 57, 123, 35, 115, 144, 187, 197, 26, 214, 165, 73, 149, 96, 152, 132, 23, 242, 184, 173, 41, 216, 21, 70, 24, 169, 100]
[51, 35, 124, 93, 68, 55, 136, 137, 177, 133, 82, 128, 74, 170, 71, 33, 91, 146, 49, 67, 48, 155, 56, 102, 141, 152, 168, 61, 84, 162, 1, 95, 113, 63, 150, 75, 156, 165, 80, 145, 38, 115, 132, 157, 99, 42, 77, 15, 40, 172, 79, 160, 19, 70, 143, 111, 88, 116, 22, 26, 29, 90, 117, 147]
[51, 32, 127, 93, 66, 55, 141, 142, 186, 138, 81, 132, 72, 181, 69, 31, 91, 149, 48, 65, 47, 166, 56, 102, 145, 161, 179, 60, 82, 174, 1, 95, 114, 61, 151, 96, 75, 146, 83, 30, 37, 182, 78, 133, 172, 18, 68, 152, 111, 88, 139, 21, 25, 27, 90, 134, 148, 156, 16, 57, 70, 180, 79, 12, 99, 26]
[23, 15, 88, 59, 43, 31, 25, 65, 84, 66, 124, 64, 38, 60, 34, 118, 33, 92, 123, 42, 69, 90, 102, 22, 119, 21, 100, 109, 48, 76, 67, 96, 103, 115, 28, 39, 110, 0, 44, 53, 29, 116, 71, 45, 78, 94, 70, 35]
[53, 36, 128, 96, 69, 57, 140, 141, 167, 137, 84, 131, 75, 162, 72, 34, 94, 148, 51, 68, 50, 147, 58, 105, 144, 115, 97, 165, 124, 108, 118, 71, 30, 103, 44, 38, 0, 146, 142, 32, 110, 143, 127, 76, 149, 157, 82, 155, 39, 160, 85, 102, 156, 79, 15, 42, 163, 81, 153, 20]
[25, 16, 61, 46, 33, 27, 66, 67, 88, 65, 40, 62, 36, 83, 35, 87, 45, 71, 24, 84, 23, 73, 13, 51, 80, 39, 74, 79, 55, 47, 52, 34, 14]
[51, 35, 186, 127, 94, 68, 56, 138, 176, 139, 254, 135, 83, 130, 75, 248, 72, 194, 33, 91, 147, 189, 214, 220, 49, 226, 66, 48, 227, 57, 206, 103, 162, 143, 223, 190, 211, 245, 61, 200, 84, 239, 1, 96, 114, 62, 204, 207, 151, 97, 166, 161, 148, 77, 197, 168, 85, 155, 32, 80, 243, 160, 142, 41, 215, 177, 45, 53, 58, 123, 37, 115, 145, 217, 199, 28, 218, 165, 74, 150, 95, 153, 133, 25, 247, 187, 246, 42, 164, 23, 71, 26, 167]
[50, 35, 195, 131, 94, 67, 55, 144, 186, 145, 240, 140, 83, 134, 73, 234, 70, 205, 34, 91, 152, 199, 48, 66, 47, 214, 56, 105, 170, 148, 211, 201, 230, 60, 84, 225, 1, 97, 117, 61, 197, 157, 98, 174, 169, 153, 75, 189, 176, 85, 162, 33, 79, 228, 168, 147, 41, 222, 45, 52, 57, 128, 37, 118, 150, 180, 28, 207, 72, 155, 95, 137, 25, 233, 187, 167, 42, 161, 23, 69, 26, 101, 172, 136]
[52, 36, 126, 93, 68, 57, 141, 180, 142, 188, 137, 83, 131, 74, 183, 71, 35, 91, 150, 50, 67, 49, 166, 58, 103, 145, 163, 181, 62, 84, 174, 2, 96, 115, 63, 152, 97, 76, 147, 85, 34, 80, 184, 143, 132, 172, 22, 70, 153, 113, 88, 133, 24, 28, 30, 90, 135, 168, 157, 20, 59, 72, 158, 81, 15, 100, 29]
[104, 67, 264, 199, 141, 115, 286, 184, 145, 48, 294, 81, 133, 262, 73, 53, 69, 265, 207, 31, 91, 153, 200, 227, 234, 46, 255, 241, 65, 45, 268, 54, 220, 105, 169, 149, 280, 269, 203, 225, 247, 290, 60, 214, 82, 283, 1, 99, 117, 61, 229, 217, 270, 158, 100, 175, 167, 154, 75, 237, 177, 212, 84, 162, 30, 78, 287, 166, 148, 39, 254, 205, 185, 43, 51, 55, 192, 222, 127, 34, 118, 151, 273, 239, 25, 260, 174, 72, 157, 98, 196, 160, 139, 22, 144, 224, 209, 40, 194, 20, 68, 23, 198, 102]
[53, 34, 192, 126, 95, 69, 57, 139, 183, 140, 194, 135, 84, 129, 76, 188, 73, 33, 92, 148, 51, 68, 50, 167, 58, 103, 143, 164, 185, 63, 85, 178, 1, 97, 113, 64, 153, 98, 78, 169, 86, 32, 81, 186, 42, 72, 154, 111, 89, 138, 23, 27, 29, 91, 187, 151, 159, 18, 60, 74, 189, 82, 12, 100, 28, 182, 36, 77]
[49, 33, 189, 126, 94, 67, 53, 138, 178, 139, 193, 135, 83, 130, 75, 187, 70, 32, 92, 147, 47, 66, 46, 169, 55, 103, 164, 142, 166, 183, 60, 84, 177, 1, 96, 114, 61, 154, 97, 149, 77, 171, 85, 31, 80, 181, 39, 69, 155, 112, 88, 137, 21, 25, 28, 91, 185, 151, 159, 17, 56, 72, 188, 81, 12, 100, 26, 179, 35]
[51, 33, 126, 93, 67, 56, 138, 139, 172, 135, 82, 129, 73, 166, 70, 31, 90, 147, 49, 66, 48, 151, 57, 102, 142, 148, 164, 61, 83, 158, 0, 150, 137, 144, 29, 108, 153, 136, 75, 152, 160, 80, 140, 36, 115, 125, 141, 99, 43, 77, 15, 40, 167, 79, 156, 19, 69, 95, 87, 21, 25, 27]
[25, 16, 91, 63, 47, 34, 28, 68, 87, 69, 116, 67, 41, 64, 37, 110, 36, 96, 115, 46, 72, 93, 24, 111, 23, 92, 101, 51, 80, 70, 89, 107, 30, 42, 102, 0, 48, 56, 31, 77, 74, 49, 38]
[48, 32, 183, 121, 90, 64, 52, 133, 173, 135, 200, 130, 79, 124, 70, 194, 67, 31, 88, 143, 46, 63, 45, 178, 53, 98, 158, 138, 175, 191, 57, 80, 186, 1, 92, 109, 58, 162, 147, 93, 157, 144, 72, 155, 81, 152, 30, 75, 189, 137, 39, 170, 43, 50, 54, 118, 34, 110, 149, 25, 123, 95, 136, 188, 139, 71, 115, 177, 107, 160, 112, 111, 89, 154]
[49, 32, 189, 126, 94, 66, 54, 138, 179, 139, 231, 135, 81, 129, 73, 225, 69, 198, 31, 92, 146, 192, 46, 65, 45, 204, 55, 102, 162, 142, 201, 193, 222, 60, 82, 217, 1, 96, 115, 61, 188, 151, 97, 167, 161, 148, 75, 223, 169, 83, 156, 30, 78, 220, 160, 141, 39, 194, 43, 51, 56, 123, 35, 116, 144, 176, 26, 197, 71, 150, 95, 132, 23, 224, 166, 173, 40, 210, 20, 68, 89, 11]
[102, 67, 255, 188, 135, 111, 277, 280, 103, 271, 167, 260, 149, 110, 142, 65, 183, 99, 133, 95, 134, 112, 206, 113, 303, 121, 169, 73, 1, 96, 275, 287, 61, 218, 205, 304, 151, 98, 300, 161, 148, 75, 233, 266, 284, 199, 86, 156, 31, 79, 306, 160, 141, 39, 139, 192, 224, 177, 250, 43, 52, 57, 182, 251, 227, 122, 35, 115, 144, 257, 268, 26, 198, 55, 166, 72, 150, 291, 223, 185, 153, 292, 23, 138, 253, 234, 40, 219, 21, 68, 241, 24, 222, 100, 243, 248, 297, 163, 226, 191, 267, 282, 36, 194, 220, 217, 289, 272, 50, 108, 117, 237]
[56, 37, 199, 134, 99, 73, 61, 146, 190, 147, 233, 143, 88, 138, 80, 226, 77, 207, 36, 97, 156, 202, 54, 72, 53, 213, 62, 108, 173, 151, 204, 223, 66, 89, 217, 2, 101, 122, 67, 193, 160, 103, 177, 171, 157, 82, 182, 179, 90, 165, 34, 85, 221, 170, 150, 45, 230, 50, 59, 63, 131, 40, 123, 154, 174, 29, 200, 79, 100, 141, 26, 225, 209, 159, 22, 74, 13, 232, 96, 14]
[29, 17, 96, 68, 51, 38, 32, 73, 92, 74, 141, 72, 46, 69, 41, 135, 40, 100, 140, 50, 77, 98, 109, 113, 28, 136, 27, 115, 125, 106, 55, 85, 75, 110, 119, 132, 34, 47, 126, 0, 52, 61, 35, 97, 79, 53, 87, 107, 78, 42]
[24, 15, 90, 60, 44, 31, 26, 65, 86, 67, 129, 64, 39, 61, 35, 123, 34, 95, 128, 43, 70, 92, 104, 23, 124, 22, 102, 113, 49, 77, 68, 99, 105, 119, 28, 40, 114, 0, 46, 54, 29, 121, 72, 47, 79, 97, 71, 36]
[54, 35, 128, 98, 70, 58, 139, 140, 161, 136, 86, 131, 76, 156, 73, 34, 95, 52, 69, 25, 144, 29, 107, 153, 84, 145, 138, 116, 99, 159, 125, 109, 119, 72, 31, 104, 44, 39, 0, 51, 59, 32, 111, 106, 118, 77, 142, 150, 135, 148, 40, 108, 87, 103, 122, 80, 16, 42]
[49, 33, 187, 124, 92, 66, 55, 137, 176, 138, 237, 134, 82, 127, 73, 231, 70, 195, 32, 90, 145, 190, 47, 65, 46, 212, 56, 206, 102, 162, 141, 208, 191, 228, 60, 83, 222, 1, 95, 113, 61, 219, 150, 96, 166, 161, 147, 76, 235, 168, 84, 155, 31, 79, 226, 160, 140, 40, 201, 44, 52, 57, 121, 35, 114, 143, 179, 189, 27, 203, 72, 149, 93, 152, 131, 24, 230, 175, 165, 41, 153, 22, 68, 25, 98, 171]
[52, 36, 184, 126, 95, 69, 58, 137, 175, 138, 186, 134, 84, 129, 75, 180, 72, 35, 93, 146, 50, 68, 49, 164, 59, 103, 142, 161, 177, 63, 85, 172, 1, 97, 115, 64, 150, 98, 78, 167, 87, 34, 81, 178, 43, 71, 151, 112, 90, 136, 25, 29, 31, 92, 179, 148, 155, 21, 60, 73, 181, 82, 17, 100, 30, 174, 38, 77]
[50, 34, 126, 94, 67, 55, 138, 139, 181, 135, 82, 129, 74, 176, 70, 33, 92, 147, 48, 66, 47, 161, 56, 103, 142, 158, 174, 60, 83, 169, 1, 96, 114, 61, 148, 97, 76, 144, 85, 31, 39, 177, 79, 130, 167, 20, 69, 149, 112, 88, 136, 22, 26, 28, 91, 131, 146, 153, 17, 57, 71, 175, 80, 13, 99, 27]
[53, 34, 184, 126, 94, 68, 57, 137, 175, 139, 203, 134, 83, 129, 74, 197, 71, 33, 91, 147, 51, 67, 50, 181, 58, 103, 161, 143, 178, 194, 62, 84, 189, 1, 96, 113, 63, 167, 151, 97, 160, 148, 77, 159, 85, 155, 32, 80, 192, 141, 42, 173, 47, 55, 59, 122, 37, 114, 153, 28, 174, 191, 145, 75, 118, 180, 111, 164, 116, 115, 92, 158, 179, 14, 69]
[50, 34, 190, 126, 94, 67, 55, 141, 180, 142, 244, 137, 83, 131, 74, 238, 70, 199, 33, 92, 149, 193, 219, 48, 66, 47, 217, 56, 211, 103, 165, 145, 214, 194, 234, 60, 84, 229, 1, 96, 114, 61, 200, 154, 97, 169, 164, 150, 76, 191, 171, 86, 158, 32, 80, 232, 163, 144, 40, 207, 45, 52, 57, 123, 36, 115, 147, 183, 221, 28, 209, 72, 153, 95, 156, 134, 24, 236, 235, 208, 41, 186, 22, 69, 25, 99, 175]
[53, 36, 128, 96, 70, 57, 141, 180, 142, 188, 138, 85, 131, 76, 183, 73, 35, 94, 149, 51, 69, 50, 167, 58, 105, 145, 164, 181, 62, 87, 175, 1, 98, 116, 64, 151, 99, 78, 147, 88, 34, 81, 184, 143, 132, 172, 22, 72, 152, 114, 91, 134, 25, 29, 31, 93, 136, 169, 158, 19, 59, 74, 160, 82, 13, 101, 30]
[49, 32, 124, 91, 65, 53, 136, 137, 162, 132, 80, 127, 72, 157, 68, 31, 89, 145, 47, 64, 46, 143, 54, 102, 78, 148, 26, 113, 92, 160, 121, 105, 116, 67, 28, 99, 40, 35, 0, 142, 139, 29, 108, 138, 120, 73, 144, 152, 155, 150, 36, 110, 81, 96, 131, 75, 14, 38, 158, 77]
[48, 32, 182, 122, 90, 64, 53, 134, 173, 135, 192, 131, 79, 125, 71, 186, 67, 31, 88, 142, 46, 63, 45, 170, 54, 99, 158, 138, 166, 183, 58, 81, 178, 1, 92, 110, 59, 154, 146, 94, 143, 73, 148, 82, 30, 76, 181, 137, 39, 161, 43, 50, 55, 87, 156, 152, 160, 16, 136, 68, 187, 77, 12, 124, 96, 26, 180, 34, 72, 115, 168, 108]
[107, 71, 253, 192, 139, 116, 276, 278, 108, 270, 171, 259, 153, 115, 147, 68, 187, 293, 103, 137, 98, 138, 117, 209, 285, 118, 308, 126, 174, 303, 3, 197, 230, 128, 220, 208, 289, 155, 102, 305, 165, 152, 79, 234, 271, 286, 203, 89, 159, 32, 82, 311, 164, 146, 41, 144, 283, 226, 182, 255, 45, 52, 56, 186, 257, 229, 127, 36, 120, 149, 262, 273, 28, 202, 55, 170, 76, 154, 294, 225, 282, 189, 157, 295, 25, 142, 304, 242, 42, 313, 23, 73, 249, 26, 247, 104, 250, 254, 302, 168, 306, 196, 272, 1, 37, 198, 227, 224, 292, 288, 50, 113, 122, 245, 269]
[50, 34, 126, 94, 68, 55, 137, 138, 173, 134, 82, 129, 74, 168, 71, 33, 92, 145, 48, 67, 47, 154, 56, 102, 141, 151, 166, 61, 84, 161, 1, 96, 114, 62, 107, 150, 147, 75, 155, 163, 80, 143, 37, 116, 130, 144, 99, 42, 77, 15, 39, 169, 79, 159, 19, 70, 148, 111, 89, 140, 21, 26, 29, 91]
[50, 33, 186, 125, 93, 66, 54, 137, 175, 138, 197, 134, 81, 129, 72, 191, 69, 31, 91, 146, 48, 65, 46, 174, 55, 101, 160, 142, 170, 188, 60, 83, 182, 1, 95, 114, 61, 158, 150, 96, 147, 74, 152, 84, 30, 78, 195, 141, 39, 165, 43, 52, 56, 122, 17, 176, 70, 192, 79, 13, 128, 98, 26, 185, 35, 73, 119, 173, 112, 156, 117, 116]
[50, 34, 126, 91, 65, 54, 138, 176, 139, 186, 135, 81, 129, 71, 181, 68, 33, 89, 146, 47, 64, 46, 166, 55, 100, 142, 163, 178, 59, 82, 173, 1, 93, 112, 60, 152, 95, 73, 168, 83, 32, 78, 179, 40, 67, 153, 110, 86, 137, 21, 26, 29, 88, 180, 149, 157, 17, 56, 69, 182, 79, 13, 97, 27, 175, 36, 72, 165]
[50, 34, 186, 126, 92, 67, 54, 138, 176, 139, 238, 135, 82, 129, 73, 232, 70, 194, 33, 90, 146, 189, 214, 48, 66, 47, 213, 56, 205, 100, 161, 142, 208, 190, 229, 61, 83, 224, 1, 94, 113, 62, 195, 150, 95, 165, 160, 147, 75, 187, 167, 84, 155, 32, 79, 227, 159, 141, 40, 201, 45, 52, 58, 122, 36, 114, 144, 180, 216, 28, 203, 72, 149, 93, 152, 132, 24, 231, 230, 202, 42, 183, 22, 69, 25, 97, 171]
[48, 32, 121, 89, 64, 53, 133, 134, 154, 130, 79, 124, 70, 149, 67, 31, 87, 46, 63, 22, 138, 26, 99, 146, 77, 139, 132, 109, 90, 152, 118, 102, 113, 66, 28, 96, 40, 34, 0, 45, 54, 29, 104, 98, 112, 72, 136, 143, 128, 141, 35, 100, 80, 95, 116, 74, 14, 38]
[51, 34, 126, 93, 67, 55, 138, 139, 168, 135, 81, 130, 73, 163, 70, 33, 90, 146, 49, 66, 48, 148, 56, 101, 142, 145, 161, 61, 99, 42, 36, 0, 147, 143, 31, 107, 144, 134, 74, 150, 158, 79, 156, 37, 115, 123, 82, 98, 162, 76, 15, 40, 164, 78, 154, 19, 69, 95, 86, 21, 26, 28]
[49, 33, 123, 92, 67, 55, 135, 136, 170, 132, 81, 126, 73, 165, 70, 32, 90, 143, 46, 66, 45, 151, 56, 100, 139, 148, 163, 61, 82, 158, 1, 94, 110, 30, 105, 147, 144, 74, 152, 160, 79, 140, 36, 113, 159, 141, 97, 40, 76, 14, 38, 166, 78, 156, 18, 69, 138, 108, 86, 20, 25, 28, 89, 137]
[49, 32, 125, 93, 66, 53, 138, 139, 154, 134, 82, 128, 73, 149, 69, 126, 96, 16, 44, 71, 94, 106, 110, 23, 121, 113, 31, 22, 147, 26, 102, 146, 80, 140, 123, 127, 133, 104, 68, 28, 99, 41, 35, 0, 46, 55, 29, 101, 114, 74, 47, 144, 120, 142, 36, 95]
[53, 37, 129, 96, 69, 57, 140, 90, 71, 26, 144, 43, 66, 128, 39, 29, 38, 130, 99, 17, 47, 74, 97, 109, 112, 25, 116, 36, 24, 121, 133, 106, 148, 82, 72, 122, 126, 108, 142, 32, 103, 44, 134, 0, 49, 58, 33, 131, 77, 50, 84, 124, 75]
[25, 16, 92, 63, 46, 32, 27, 69, 87, 70, 130, 67, 41, 64, 35, 124, 34, 96, 129, 45, 73, 94, 106, 24, 125, 23, 105, 115, 50, 80, 71, 101, 108, 121, 29, 42, 116, 0, 47, 55, 30, 88, 75, 48, 82, 99, 74, 36]
[14, 9, 51, 33, 25, 18, 15, 37, 49, 53, 60, 36, 22, 35, 19, 54, 45, 59, 24, 50]
[49, 33, 183, 125, 92, 65, 53, 136, 173, 137, 236, 133, 81, 128, 72, 230, 68, 191, 32, 89, 144, 186, 210, 47, 64, 46, 211, 54, 203, 102, 159, 140, 208, 187, 227, 59, 198, 82, 222, 1, 95, 113, 60, 194, 149, 96, 164, 158, 146, 74, 185, 166, 83, 153, 31, 78, 225, 157, 139, 40, 201, 44, 51, 55, 121, 35, 114, 142, 177, 202, 27, 207, 71, 148, 93, 151, 131, 22, 229, 174, 165, 41, 154, 20, 67, 24, 98, 170]
[53, 35, 130, 99, 70, 57, 143, 144, 156, 149, 41, 66, 129, 37, 29, 36, 131, 102, 17, 47, 75, 100, 112, 116, 25, 126, 119, 34, 24, 124, 139, 109, 145, 83, 73, 121, 153, 111, 72, 31, 106, 43, 140, 0, 49, 58, 32, 105, 77, 50, 85, 118, 76, 38]
[50, 33, 124, 91, 66, 54, 135, 137, 180, 132, 81, 127, 72, 175, 69, 32, 89, 145, 47, 64, 46, 159, 55, 101, 141, 156, 173, 59, 82, 166, 1, 93, 111, 60, 144, 95, 74, 140, 149, 97, 41, 75, 15, 39, 176, 77, 128, 164, 19, 68, 161, 109, 86, 123, 22, 26, 28, 88, 178, 142, 150, 17, 56, 70, 130, 79]
[55, 36, 188, 127, 97, 71, 59, 139, 178, 140, 268, 136, 86, 131, 252, 77, 262, 74, 196, 35, 94, 148, 191, 216, 224, 52, 230, 69, 51, 240, 60, 208, 105, 164, 144, 236, 241, 192, 214, 259, 64, 203, 87, 253, 1, 99, 116, 65, 206, 219, 153, 100, 169, 163, 149, 80, 235, 171, 201, 88, 158, 34, 83, 257, 162, 142, 43, 227, 194, 179, 48, 57, 61, 183, 124, 38, 117, 146, 200, 211, 28, 231, 168, 76, 151, 98, 156, 134, 25, 261, 250, 189, 44, 172, 22, 73, 26]
[50, 33, 124, 92, 66, 54, 136, 137, 177, 133, 81, 127, 72, 172, 69, 32, 90, 144, 47, 65, 45, 156, 55, 100, 140, 153, 170, 59, 83, 165, 1, 94, 113, 60, 143, 95, 74, 139, 147, 97, 40, 75, 14, 38, 173, 77, 128, 163, 18, 68, 160, 110, 87, 123, 20, 25, 27, 89, 175, 141, 148, 16, 56, 70, 131, 78]
[53, 35, 185, 124, 94, 69, 57, 137, 175, 138, 212, 133, 84, 127, 75, 206, 72, 195, 34, 92, 146, 190, 51, 68, 50, 188, 58, 102, 161, 141, 184, 203, 62, 85, 198, 1, 96, 113, 63, 172, 150, 97, 166, 160, 147, 77, 163, 86, 154, 33, 81, 201, 140, 41, 178, 47, 55, 59, 121, 37, 114, 144, 156, 28, 180, 74, 95, 130, 12, 70, 20, 207, 21, 205, 10, 211, 91, 153]
[52, 34, 127, 96, 69, 57, 139, 140, 176, 136, 84, 131, 75, 171, 72, 33, 94, 148, 50, 68, 49, 157, 58, 105, 143, 153, 169, 62, 85, 164, 2, 98, 115, 63, 110, 152, 150, 76, 158, 166, 82, 146, 37, 117, 132, 147, 101, 42, 78, 15, 40, 172, 81, 162, 20, 71, 151, 113, 91, 142, 22, 27, 29, 93]
[24, 15, 89, 60, 44, 31, 26, 65, 85, 66, 117, 64, 39, 61, 35, 111, 34, 93, 116, 43, 69, 91, 23, 112, 22, 100, 102, 49, 77, 67, 90, 108, 28, 40, 103, 0, 45, 54, 29, 78, 71, 46, 70, 36]
[25, 16, 90, 62, 45, 33, 28, 67, 86, 68, 104, 66, 40, 63, 36, 98, 35, 103, 44, 71, 23, 99, 22, 83, 89, 50, 69, 80, 95, 30, 41, 102, 0, 47, 55, 31, 53, 79, 77]
[52, 36, 126, 94, 68, 56, 139, 140, 185, 135, 84, 129, 75, 180, 72, 35, 92, 149, 50, 67, 49, 165, 57, 102, 143, 162, 178, 61, 85, 173, 1, 96, 114, 63, 150, 97, 77, 144, 86, 34, 41, 181, 80, 130, 171, 21, 71, 151, 112, 89, 136, 23, 28, 30, 91, 131, 147, 156, 19, 58, 73, 179, 81, 14, 99, 29]
[53, 34, 128, 96, 70, 57, 139, 140, 153, 136, 85, 131, 127, 38, 28, 36, 129, 99, 16, 47, 75, 97, 109, 112, 23, 123, 116, 33, 22, 125, 138, 106, 145, 83, 73, 121, 141, 108, 72, 30, 102, 43, 147, 0, 49, 58, 31, 105, 77, 51, 142, 118, 76, 39, 150]
[27, 19, 95, 65, 47, 34, 29, 70, 90, 71, 119, 69, 42, 66, 37, 113, 36, 100, 118, 46, 74, 26, 114, 25, 117, 103, 52, 82, 72, 92, 109, 31, 43, 104, 0, 49, 57, 32, 78, 50, 39, 98]
[50, 34, 184, 124, 94, 68, 56, 136, 175, 138, 186, 133, 83, 127, 74, 180, 71, 33, 92, 145, 47, 67, 46, 164, 57, 102, 141, 161, 177, 62, 84, 171, 1, 96, 112, 63, 149, 97, 77, 166, 85, 32, 80, 178, 40, 70, 150, 110, 88, 135, 21, 25, 28, 91, 179, 147, 154, 17, 58, 72, 181, 81, 13, 99, 26, 174, 36, 76]
[54, 34, 136, 101, 72, 59, 149, 151, 166, 145, 90, 139, 80, 28, 35, 137, 104, 18, 47, 78, 102, 116, 119, 25, 131, 122, 33, 24, 135, 159, 113, 158, 88, 76, 148, 164, 141, 115, 75, 30, 110, 43, 36, 0, 50, 60, 31, 130, 81, 51, 155, 127, 153, 38, 123, 91]
[49, 32, 128, 96, 68, 54, 140, 141, 150, 146, 39, 63, 127, 35, 26, 34, 129, 99, 15, 44, 73, 97, 109, 112, 23, 123, 116, 31, 22, 121, 136, 106, 142, 81, 71, 118, 148, 108, 70, 28, 103, 40, 137, 0, 46, 55, 29, 102, 76, 47, 85, 115, 74, 36]
[24, 16, 93, 62, 47, 33, 26, 68, 87, 69, 117, 67, 41, 63, 36, 111, 35, 97, 116, 46, 72, 95, 23, 112, 22, 115, 101, 51, 79, 70, 88, 108, 29, 42, 102, 0, 48, 56, 31, 76, 49, 37, 96]
[50, 32, 123, 92, 65, 54, 135, 136, 175, 132, 81, 127, 73, 170, 69, 31, 89, 144, 48, 64, 47, 153, 55, 101, 139, 150, 168, 59, 82, 162, 1, 94, 111, 60, 106, 149, 146, 74, 154, 164, 79, 141, 36, 113, 128, 143, 97, 40, 76, 15, 38, 171, 78, 160, 19, 67, 147, 109, 86, 138, 21, 25, 27, 88]
[50, 33, 127, 93, 67, 55, 138, 139, 169, 135, 83, 130, 74, 164, 71, 32, 91, 148, 48, 65, 47, 150, 56, 102, 143, 146, 162, 29, 100, 41, 36, 0, 152, 141, 30, 107, 145, 133, 75, 151, 159, 80, 157, 37, 116, 122, 84, 99, 137, 77, 15, 39, 165, 79, 155, 19, 70, 96, 88, 21, 25]
[49, 33, 124, 93, 66, 53, 138, 139, 153, 135, 81, 128, 73, 26, 34, 125, 97, 16, 43, 72, 94, 106, 110, 23, 120, 113, 32, 22, 123, 146, 103, 145, 79, 70, 137, 151, 131, 105, 69, 29, 100, 40, 35, 0, 45, 54, 30, 119, 74, 46, 143, 117, 140, 36, 114, 82]
[51, 34, 185, 126, 94, 67, 55, 137, 176, 139, 221, 134, 83, 129, 74, 215, 70, 193, 33, 92, 146, 188, 49, 66, 47, 198, 57, 102, 162, 142, 194, 189, 212, 61, 84, 207, 1, 96, 114, 62, 182, 150, 97, 166, 161, 147, 76, 174, 168, 85, 155, 31, 79, 210, 160, 141, 40, 200, 45, 53, 58, 122, 36, 115, 144, 177, 27, 190, 72, 95, 132, 24, 214, 163, 152, 42, 145, 22, 220, 90, 12, 173]
[57, 39, 192, 130, 100, 74, 62, 145, 182, 146, 233, 139, 89, 134, 80, 227, 77, 204, 38, 98, 153, 199, 55, 73, 53, 208, 63, 108, 168, 149, 205, 200, 223, 68, 90, 218, 1, 102, 119, 69, 188, 158, 103, 173, 167, 154, 82, 180, 175, 91, 162, 37, 86, 221, 166, 148, 47, 211, 51, 59, 64, 127, 42, 120, 151, 183, 28, 201, 79, 101, 137, 24, 225, 169, 160, 48, 152, 22, 232, 97, 12, 179]
[52, 35, 188, 128, 98, 69, 56, 140, 178, 141, 244, 137, 86, 132, 77, 237, 73, 196, 34, 95, 148, 191, 215, 49, 68, 48, 218, 57, 207, 107, 165, 144, 220, 192, 234, 63, 202, 88, 229, 1, 101, 117, 64, 200, 154, 102, 169, 164, 149, 80, 208, 171, 89, 159, 33, 83, 232, 163, 143, 42, 214, 179, 46, 54, 59, 125, 37, 118, 146, 184, 194, 29, 209, 75, 152, 100, 156, 135, 26, 236, 181, 190, 43, 161, 24, 72, 27, 104, 176]
[50, 34, 189, 127, 94, 67, 55, 139, 179, 140, 243, 136, 83, 130, 73, 237, 70, 199, 33, 92, 148, 192, 218, 48, 66, 47, 220, 56, 211, 102, 166, 143, 215, 193, 234, 60, 205, 84, 229, 1, 96, 115, 61, 200, 153, 97, 170, 165, 150, 75, 190, 172, 85, 160, 32, 80, 232, 164, 142, 40, 207, 45, 52, 57, 123, 36, 116, 145, 183, 221, 27, 210, 72, 152, 95, 157, 134, 24, 236, 235, 209, 41, 186, 22, 69, 25, 99, 175]
[48, 32, 121, 90, 63, 52, 132, 133, 159, 129, 79, 124, 69, 154, 66, 31, 88, 142, 46, 62, 45, 140, 53, 99, 77, 145, 26, 109, 91, 157, 118, 102, 112, 65, 28, 96, 39, 34, 0, 138, 135, 29, 104, 134, 116, 71, 141, 149, 152, 147, 35, 106, 80, 95, 128, 74, 14, 37, 155, 76]
[51, 35, 195, 131, 99, 69, 56, 144, 185, 145, 242, 140, 87, 134, 78, 236, 72, 205, 34, 97, 152, 199, 49, 68, 48, 217, 57, 108, 170, 148, 213, 200, 232, 62, 89, 226, 1, 102, 119, 64, 208, 157, 103, 175, 169, 153, 80, 191, 177, 90, 161, 33, 84, 230, 168, 147, 41, 207, 46, 54, 59, 128, 37, 120, 150, 183, 28, 209, 77, 155, 101, 159, 137, 25, 235, 180, 193, 43, 196, 23, 71, 26, 105, 194]
[50, 34, 189, 128, 95, 66, 54, 140, 180, 141, 210, 136, 82, 131, 72, 204, 69, 33, 93, 149, 48, 65, 46, 187, 55, 103, 164, 144, 184, 200, 60, 85, 194, 2, 97, 115, 61, 171, 153, 98, 163, 150, 75, 165, 86, 157, 32, 78, 198, 143, 40, 179, 44, 52, 57, 124, 36, 116, 156, 28, 201, 71, 73, 121, 186, 112, 168, 118, 117, 94, 161, 185, 13, 67, 20]
[48, 32, 123, 92, 65, 53, 135, 136, 176, 132, 81, 127, 72, 171, 69, 31, 90, 144, 46, 64, 45, 156, 54, 100, 139, 153, 168, 58, 82, 163, 1, 94, 112, 60, 142, 95, 74, 114, 35, 147, 97, 39, 75, 14, 37, 172, 77, 161, 18, 68, 143, 109, 86, 121, 20, 24, 26, 89, 122, 151, 148, 16, 55, 70, 128]
[101, 67, 255, 190, 136, 110, 278, 281, 102, 272, 169, 260, 150, 109, 143, 65, 185, 97, 133, 94, 134, 111, 208, 163, 293, 55, 230, 192, 253, 247, 214, 237, 140, 59, 203, 83, 73, 1, 95, 113, 60, 219, 207, 265, 152, 96, 297, 162, 149, 75, 234, 276, 171, 201, 84, 156, 30, 79, 303, 161, 142, 39, 298, 194, 226, 179, 273, 44, 51, 56, 184, 238, 123, 35, 114, 145, 243, 256, 26, 200, 300, 168, 72, 151, 288, 187, 154, 289, 23, 139, 240, 223, 41, 209, 21, 68, 280, 24, 212, 98, 231, 236, 294, 165, 215, 305, 267, 36, 210, 261, 285]
[25, 15, 92, 61, 45, 33, 27, 66, 87, 67, 102, 65, 40, 62, 36, 95, 35, 101, 44, 71, 24, 96, 23, 79, 85, 50, 69, 76, 100, 29, 41, 16, 0, 78, 81, 14, 53]
[53, 35, 194, 130, 99, 69, 57, 143, 182, 144, 275, 140, 86, 134, 77, 269, 74, 206, 34, 94, 154, 197, 226, 233, 51, 240, 68, 50, 247, 58, 217, 107, 168, 147, 244, 199, 224, 266, 63, 212, 87, 261, 1, 101, 118, 64, 215, 252, 158, 102, 173, 167, 155, 79, 235, 175, 210, 88, 162, 32, 83, 264, 166, 146, 41, 234, 184, 46, 55, 59, 189, 127, 37, 119, 149, 207, 243, 28, 237, 172, 76, 157, 100, 160, 137, 25, 268, 204, 188, 42, 213, 23, 72, 26, 178, 104]
[50, 34, 190, 125, 94, 67, 54, 139, 180, 140, 277, 136, 83, 128, 256, 74, 271, 71, 198, 33, 92, 148, 193, 220, 227, 48, 249, 233, 66, 47, 247, 55, 212, 102, 165, 143, 244, 248, 194, 218, 268, 59, 205, 84, 262, 1, 96, 113, 61, 223, 209, 226, 152, 97, 169, 164, 149, 77, 215, 173, 202, 85, 158, 32, 80, 266, 163, 142, 40, 236, 196, 181, 45, 52, 56, 185, 121, 36, 114, 145, 203, 217, 27, 238, 168, 73, 151, 95, 155, 132, 24, 270, 200, 187, 41, 176, 21, 70, 25]
[50, 32, 185, 124, 92, 66, 54, 136, 175, 137, 193, 132, 81, 127, 73, 187, 70, 31, 90, 144, 48, 65, 47, 170, 55, 101, 161, 140, 167, 184, 59, 82, 179, 1, 94, 111, 60, 154, 149, 95, 145, 75, 147, 83, 30, 78, 182, 139, 40, 162, 44, 25, 27, 88, 156, 152, 165, 16, 56, 71, 188, 79, 12, 98, 26, 181, 35, 74, 118, 169, 109]
[51, 34, 186, 126, 94, 67, 55, 138, 176, 139, 245, 134, 83, 129, 74, 239, 70, 195, 33, 92, 147, 189, 214, 48, 66, 47, 218, 56, 207, 103, 161, 142, 215, 190, 236, 61, 201, 84, 230, 1, 96, 113, 62, 200, 151, 97, 165, 160, 148, 77, 192, 167, 85, 155, 32, 80, 234, 159, 141, 41, 208, 177, 45, 53, 57, 123, 37, 114, 145, 184, 194, 28, 210, 164, 73, 150, 95, 153, 132, 24, 238, 180, 168, 42, 157, 22, 69, 25, 99]
[25, 17, 62, 46, 33, 28, 67, 68, 87, 66, 41, 63, 36, 82, 35, 86, 45, 24, 83, 12, 72, 14, 51, 79, 40, 73, 65, 55, 47, 52, 34, 15]
[5, 3, 24, 15, 11, 8, 7, 16, 22, 30, 21]
[51, 35, 133, 96, 71, 56, 147, 148, 182, 144, 86, 136, 77, 177, 74, 34, 94, 155, 49, 70, 48, 162, 58, 105, 151, 158, 175, 65, 87, 169, 4, 98, 146, 164, 32, 110, 157, 176, 78, 163, 172, 84, 156, 39, 119, 134, 152, 101, 43, 80, 17, 41, 178, 82, 167, 21, 73, 149, 91, 23, 28, 30, 93]
[52, 36, 194, 131, 97, 68, 57, 144, 184, 145, 210, 141, 86, 135, 77, 204, 73, 35, 95, 153, 50, 67, 49, 188, 58, 106, 170, 148, 185, 201, 62, 87, 196, 1, 99, 118, 63, 173, 157, 101, 154, 79, 167, 89, 163, 34, 82, 199, 147, 42, 180, 46, 55, 59, 128, 38, 119, 158, 29, 134, 103, 146, 198, 149, 78, 124, 187, 115, 171, 121, 120, 96, 166, 186]
[50, 34, 126, 93, 66, 55, 138, 177, 139, 184, 135, 82, 130, 74, 179, 71, 33, 91, 147, 48, 65, 47, 163, 56, 103, 142, 159, 176, 60, 83, 171, 1, 95, 115, 61, 148, 96, 76, 143, 84, 32, 40, 180, 79, 131, 168, 19, 70, 149, 113, 88, 136, 21, 26, 29, 90, 132, 146, 153, 17, 57, 72, 178, 80, 12, 98, 28]
[52, 34, 188, 128, 97, 69, 56, 141, 179, 142, 198, 137, 87, 131, 78, 192, 74, 33, 95, 149, 50, 68, 49, 177, 57, 106, 164, 145, 174, 189, 61, 88, 184, 1, 100, 116, 62, 161, 153, 101, 150, 80, 154, 89, 32, 83, 187, 144, 42, 167, 47, 54, 58, 94, 162, 159, 166, 18, 143, 75, 193, 84, 14, 130, 103, 27, 186, 36, 79, 122, 176, 114]
[51, 35, 135, 100, 71, 57, 148, 149, 178, 145, 88, 138, 78, 173, 74, 34, 98, 157, 49, 70, 48, 158, 58, 110, 153, 155, 171, 31, 107, 43, 37, 0, 160, 152, 32, 116, 154, 143, 79, 159, 168, 86, 166, 38, 125, 131, 89, 105, 147, 82, 16, 40, 174, 85, 163, 20, 73, 102, 93, 23, 27]
[52, 36, 182, 123, 93, 68, 56, 135, 172, 136, 254, 132, 82, 126, 74, 248, 71, 190, 35, 91, 143, 185, 209, 217, 50, 223, 66, 49, 225, 57, 202, 101, 158, 139, 222, 186, 207, 245, 61, 197, 83, 239, 1, 95, 112, 62, 200, 205, 147, 96, 162, 157, 144, 76, 196, 164, 84, 151, 33, 79, 242, 156, 138, 42, 213, 174, 46, 54, 58, 178, 120, 38, 113, 141, 188, 198, 29, 228, 161, 73, 146, 94, 149, 130, 25, 247, 232, 183, 43, 168, 23, 70, 27, 194]
[50, 33, 124, 93, 67, 55, 137, 138, 150, 134, 83, 128, 123, 36, 27, 35, 126, 97, 17, 45, 73, 94, 106, 109, 24, 120, 112, 32, 23, 121, 136, 103, 142, 80, 70, 118, 139, 105, 69, 29, 100, 42, 144, 0, 47, 56, 30, 102, 75, 48, 140, 115, 74, 38, 147]
[54, 38, 130, 99, 72, 60, 143, 144, 180, 140, 87, 133, 79, 175, 75, 36, 96, 153, 52, 71, 51, 159, 61, 108, 148, 156, 173, 66, 88, 167, 1, 101, 142, 161, 34, 113, 155, 174, 80, 160, 169, 85, 154, 41, 120, 131, 150, 104, 45, 82, 14, 43, 176, 84, 165, 18, 74, 145, 93, 20, 26, 30, 95]
[49, 33, 185, 124, 92, 66, 53, 136, 176, 137, 192, 132, 81, 127, 72, 190, 69, 32, 90, 146, 47, 65, 46, 168, 54, 101, 160, 141, 164, 182, 59, 82, 177, 1, 94, 112, 60, 153, 150, 95, 147, 74, 148, 83, 31, 77, 180, 140, 39, 68, 154, 109, 87, 135, 21, 25, 27, 89, 184, 151, 158, 16, 55, 70, 186, 78, 12, 98, 26, 179]
[26, 15, 111, 72, 48, 33, 28, 81, 107, 83, 145, 79, 41, 74, 36, 139, 35, 116, 144, 47, 89, 113, 25, 140, 24, 120, 129, 56, 100, 87, 117, 136, 30, 43, 130, 0, 51, 62, 31, 105, 92, 52, 115, 90, 37, 97]
[48, 32, 184, 125, 91, 65, 52, 138, 175, 139, 215, 135, 80, 128, 71, 209, 68, 193, 31, 89, 146, 188, 46, 64, 45, 191, 53, 99, 161, 142, 197, 205, 57, 81, 200, 1, 93, 111, 58, 176, 150, 94, 165, 160, 147, 74, 167, 82, 155, 30, 77, 203, 159, 141, 39, 182, 43, 50, 54, 122, 34, 112, 144, 185, 26, 183, 70, 92, 132, 23, 208, 158, 210, 20, 66, 10, 214, 88, 11]
[52, 34, 127, 94, 68, 57, 139, 177, 140, 184, 136, 83, 130, 75, 179, 71, 33, 92, 148, 49, 67, 48, 163, 58, 103, 144, 160, 176, 62, 84, 171, 2, 97, 114, 63, 149, 98, 77, 145, 85, 32, 41, 180, 80, 131, 169, 20, 70, 150, 111, 89, 137, 23, 27, 29, 91, 132, 147, 154, 18, 59, 73, 178, 81, 14, 100, 28]
[52, 36, 188, 129, 96, 69, 56, 140, 179, 141, 223, 137, 85, 132, 76, 217, 72, 197, 35, 94, 149, 192, 50, 68, 49, 198, 57, 105, 164, 144, 195, 213, 61, 86, 208, 1, 98, 116, 63, 183, 153, 99, 168, 162, 150, 79, 174, 171, 87, 157, 34, 82, 211, 161, 143, 42, 190, 47, 54, 58, 125, 38, 117, 147, 166, 29, 191, 74, 97, 135, 26, 216, 176, 180, 43, 70, 10, 222, 93, 12]
[54, 37, 191, 127, 96, 70, 58, 140, 181, 141, 219, 135, 85, 130, 76, 213, 73, 199, 36, 93, 148, 194, 52, 69, 51, 195, 59, 105, 167, 144, 192, 210, 63, 86, 205, 3, 98, 116, 65, 180, 153, 99, 171, 166, 150, 78, 174, 87, 158, 35, 82, 208, 143, 44, 186, 49, 56, 60, 124, 40, 117, 146, 165, 30, 188, 75, 97, 133, 27, 212, 23, 214, 24, 71, 14, 218, 92, 15]
[50, 35, 124, 93, 66, 55, 136, 137, 180, 132, 82, 127, 73, 175, 70, 34, 91, 145, 48, 65, 47, 159, 56, 101, 141, 155, 173, 60, 83, 167, 1, 95, 112, 61, 144, 96, 75, 140, 149, 98, 42, 77, 14, 40, 176, 79, 128, 165, 20, 69, 161, 110, 87, 123, 22, 26, 28, 89, 178, 142, 150, 17, 57, 71, 130, 80]
[50, 33, 188, 126, 95, 66, 55, 138, 177, 139, 240, 135, 85, 129, 75, 234, 70, 197, 32, 93, 147, 191, 215, 47, 65, 46, 214, 56, 208, 104, 163, 142, 211, 192, 231, 60, 86, 226, 1, 97, 114, 61, 198, 151, 99, 167, 162, 148, 77, 189, 169, 87, 157, 31, 81, 229, 161, 141, 39, 204, 44, 53, 57, 122, 35, 115, 144, 180, 219, 27, 206, 73, 150, 96, 153, 133, 24, 233, 232, 205, 40, 183, 22, 69, 25, 101, 173]
[48, 33, 185, 124, 92, 66, 53, 136, 175, 137, 190, 133, 82, 128, 72, 184, 69, 32, 90, 146, 46, 65, 45, 168, 55, 101, 161, 140, 164, 181, 59, 83, 182, 1, 94, 111, 61, 152, 95, 147, 74, 148, 84, 31, 77, 179, 139, 39, 68, 153, 109, 87, 135, 20, 25, 27, 89, 183, 150, 157, 16, 56, 70, 188, 79, 12, 97, 26, 177, 35]
[52, 35, 202, 136, 103, 75, 58, 152, 191, 153, 265, 148, 91, 140, 82, 259, 78, 212, 34, 100, 161, 206, 231, 238, 49, 74, 48, 239, 59, 223, 111, 177, 156, 236, 207, 256, 66, 218, 93, 250, 1, 105, 121, 68, 220, 165, 106, 182, 176, 162, 84, 247, 184, 94, 169, 33, 87, 254, 175, 155, 42, 227, 192, 46, 56, 60, 132, 37, 122, 159, 204, 214, 29, 230, 181, 81, 164, 104, 167, 146, 25, 258, 199, 188, 43, 187, 23, 77, 27, 108, 193]
[50, 34, 182, 122, 92, 67, 54, 134, 173, 136, 237, 130, 82, 125, 73, 231, 70, 191, 32, 90, 144, 185, 213, 48, 66, 47, 215, 55, 203, 100, 159, 139, 210, 186, 228, 60, 197, 83, 223, 1, 94, 110, 62, 192, 149, 95, 163, 158, 145, 76, 183, 165, 84, 153, 31, 79, 226, 157, 138, 40, 200, 45, 52, 57, 119, 36, 111, 141, 176, 216, 27, 202, 72, 147, 93, 151, 128, 24, 230, 229, 201, 41, 179, 22, 69, 25, 97, 168]
[55, 36, 200, 138, 106, 74, 61, 150, 190, 151, 233, 147, 93, 142, 82, 226, 79, 210, 35, 104, 159, 203, 52, 73, 51, 204, 62, 115, 175, 154, 201, 221, 66, 95, 215, 1, 108, 126, 68, 188, 164, 109, 180, 174, 161, 84, 183, 96, 168, 33, 88, 218, 153, 42, 195, 47, 57, 63, 135, 38, 127, 156, 173, 28, 197, 81, 107, 145, 25, 224, 21, 228, 22, 75, 10, 232, 103, 12]
[49, 32, 183, 122, 92, 66, 54, 136, 174, 137, 210, 132, 81, 126, 72, 204, 69, 31, 90, 144, 187, 46, 65, 45, 186, 55, 100, 159, 140, 182, 200, 60, 83, 195, 1, 94, 111, 61, 171, 148, 95, 163, 158, 145, 75, 161, 84, 153, 30, 78, 198, 139, 39, 177, 43, 51, 56, 119, 34, 112, 142, 155, 26, 178, 71, 93, 129, 11, 67, 18, 205, 20, 202, 10, 209, 89, 152]
[26, 16, 95, 66, 46, 33, 28, 72, 90, 73, 129, 71, 41, 68, 36, 122, 35, 99, 128, 45, 76, 97, 25, 124, 24, 102, 111, 51, 83, 74, 109, 119, 30, 42, 114, 0, 47, 58, 31, 87, 78, 48, 77, 37, 81, 91]
[50, 34, 186, 124, 92, 67, 54, 137, 176, 138, 231, 134, 82, 127, 73, 225, 70, 194, 33, 90, 145, 189, 48, 66, 47, 207, 56, 101, 161, 141, 203, 190, 222, 60, 83, 217, 1, 95, 112, 61, 191, 149, 96, 166, 159, 146, 75, 182, 169, 84, 153, 32, 79, 220, 158, 140, 41, 197, 45, 52, 57, 120, 36, 113, 143, 175, 185, 28, 199, 72, 148, 93, 151, 130, 22, 224, 172, 201, 42, 188, 20, 69, 23, 98, 168]
[50, 34, 124, 92, 65, 54, 138, 139, 158, 135, 80, 129, 72, 152, 68, 33, 89, 71, 93, 105, 108, 25, 119, 132, 112, 141, 24, 130, 28, 102, 148, 78, 142, 125, 131, 150, 104, 115, 67, 30, 99, 41, 36, 0, 46, 55, 31, 101, 106, 73, 48, 146, 122, 144, 37, 97, 82]
[52, 35, 191, 129, 97, 68, 57, 141, 179, 142, 211, 138, 84, 132, 75, 205, 72, 34, 95, 149, 50, 67, 49, 187, 58, 106, 166, 145, 184, 202, 62, 86, 196, 1, 99, 117, 63, 172, 153, 100, 165, 150, 77, 167, 87, 158, 33, 80, 200, 144, 42, 178, 46, 55, 59, 126, 37, 118, 157, 28, 203, 74, 76, 123, 186, 115, 170, 121, 119, 96, 164, 185, 11, 69, 19]
[24, 15, 91, 61, 44, 32, 27, 67, 87, 68, 133, 66, 39, 62, 35, 127, 34, 95, 132, 43, 71, 93, 105, 109, 23, 128, 22, 106, 117, 102, 49, 79, 69, 103, 111, 124, 29, 40, 118, 0, 45, 55, 30, 89, 73, 46, 81, 100, 72]
[52, 35, 127, 96, 69, 56, 139, 179, 140, 187, 136, 86, 130, 77, 182, 74, 34, 94, 148, 50, 68, 49, 166, 57, 105, 144, 163, 180, 61, 87, 174, 1, 99, 115, 63, 150, 100, 79, 146, 88, 33, 83, 183, 142, 132, 172, 19, 73, 151, 113, 91, 133, 21, 25, 29, 93, 134, 168, 158, 17, 58, 75, 159, 84, 12, 102, 27]
[101, 68, 258, 190, 134, 54, 272, 137, 177, 138, 50, 284, 81, 127, 256, 73, 283, 70, 259, 197, 31, 92, 146, 191, 220, 226, 48, 249, 232, 66, 47, 270, 55, 211, 102, 163, 141, 274, 260, 193, 216, 240, 279, 60, 206, 82, 273, 1, 96, 112, 61, 222, 209, 237, 151, 97, 168, 162, 147, 75, 225, 170, 204, 84, 157, 30, 78, 277, 161, 140, 39, 244, 195, 178, 44, 52, 56, 184, 210, 121, 35, 113, 144, 215, 227, 26, 250, 166, 72, 150, 95, 187, 153, 131, 22, 281, 212, 196, 40, 183, 20, 69, 23, 186]
[51, 32, 194, 132, 96, 67, 56, 144, 182, 145, 242, 140, 85, 135, 75, 236, 70, 202, 31, 94, 153, 197, 47, 66, 46, 217, 57, 109, 168, 148, 213, 198, 232, 61, 86, 226, 1, 100, 120, 62, 200, 157, 103, 172, 167, 154, 77, 192, 174, 88, 161, 30, 82, 230, 166, 147, 39, 207, 43, 54, 58, 128, 34, 121, 150, 234, 240, 25, 209, 73, 156, 98, 159, 138, 22, 235, 179, 169, 40, 158, 20, 69, 23, 105, 190]
[52, 33, 189, 127, 95, 68, 56, 140, 177, 141, 256, 137, 84, 132, 75, 250, 72, 197, 32, 93, 148, 192, 217, 223, 50, 230, 67, 48, 229, 57, 210, 104, 163, 144, 226, 193, 215, 247, 61, 203, 85, 242, 1, 97, 114, 63, 208, 224, 152, 98, 167, 162, 149, 78, 199, 170, 86, 156, 31, 81, 245, 161, 143, 40, 233, 178, 46, 54, 58, 124, 35, 115, 146, 234, 201, 26, 220, 166, 74, 151, 96, 154, 135, 23, 249, 254, 176, 43, 164, 21, 70, 24, 202]
[25, 16, 92, 63, 48, 34, 27, 68, 88, 69, 133, 67, 41, 64, 37, 127, 36, 97, 132, 46, 72, 94, 106, 109, 24, 128, 23, 107, 117, 103, 52, 80, 70, 104, 111, 124, 31, 42, 119, 0, 49, 57, 32, 90, 75, 50, 82, 101, 74]
[49, 32, 185, 125, 93, 65, 53, 138, 176, 139, 204, 134, 83, 129, 72, 198, 68, 31, 91, 147, 46, 64, 45, 182, 54, 102, 161, 142, 179, 195, 58, 84, 189, 1, 96, 113, 59, 167, 151, 97, 160, 148, 74, 159, 85, 155, 30, 78, 193, 141, 39, 173, 43, 51, 55, 122, 35, 114, 153, 26, 175, 191, 144, 73, 119, 181, 111, 164, 117, 116, 92, 158, 180, 11, 66]
[52, 35, 130, 97, 68, 56, 142, 143, 184, 138, 84, 133, 75, 179, 71, 34, 94, 151, 50, 67, 49, 164, 58, 105, 146, 161, 177, 62, 85, 171, 2, 99, 117, 63, 149, 100, 77, 145, 154, 102, 43, 78, 16, 41, 180, 80, 134, 169, 21, 70, 166, 115, 90, 129, 23, 28, 30, 92, 182, 147, 155, 19, 59, 72, 136, 82]
[27, 18, 89, 62, 47, 35, 29, 67, 85, 68, 126, 66, 42, 63, 38, 119, 37, 93, 125, 46, 71, 91, 102, 26, 120, 25, 100, 110, 51, 78, 69, 97, 103, 116, 32, 43, 111, 0, 48, 56, 33, 117, 73, 49, 80, 95, 72, 39]
[99, 67, 254, 190, 133, 110, 277, 279, 100, 271, 166, 259, 148, 108, 141, 65, 183, 96, 131, 92, 132, 54, 207, 295, 162, 289, 281, 230, 192, 252, 247, 213, 236, 137, 58, 202, 82, 72, 1, 94, 112, 60, 218, 205, 260, 151, 95, 293, 161, 146, 74, 234, 249, 169, 200, 83, 155, 31, 77, 299, 160, 140, 40, 268, 194, 225, 178, 233, 44, 51, 55, 182, 248, 121, 35, 113, 143, 239, 251, 26, 199, 276, 165, 71, 149, 283, 186, 153, 284, 23, 136, 269, 219, 41, 204, 21, 68, 226, 24, 280, 97, 228, 232, 290, 163, 211, 250, 262, 36, 257]
[25, 16, 91, 62, 46, 33, 27, 67, 87, 68, 134, 66, 40, 63, 36, 128, 35, 95, 133, 44, 71, 93, 104, 108, 24, 129, 23, 110, 118, 101, 50, 79, 69, 111, 112, 125, 29, 41, 119, 0, 47, 55, 30, 132, 74, 48, 81, 103, 73, 37]
[50, 33, 185, 124, 94, 66, 55, 136, 174, 137, 226, 133, 84, 127, 75, 220, 70, 195, 32, 92, 145, 188, 48, 65, 47, 202, 56, 102, 160, 141, 199, 189, 217, 60, 85, 212, 1, 96, 112, 61, 224, 149, 97, 164, 159, 146, 77, 176, 166, 86, 154, 31, 81, 215, 158, 140, 41, 192, 45, 52, 57, 121, 36, 113, 143, 167, 27, 208, 73, 148, 95, 130, 24, 219, 179, 155, 42, 177, 22, 69, 25, 218, 49]
[26, 16, 95, 66, 49, 34, 28, 71, 90, 72, 116, 70, 44, 67, 39, 110, 38, 115, 48, 76, 25, 111, 24, 93, 100, 53, 83, 73, 89, 106, 30, 45, 101, 0, 50, 58, 31, 78, 51, 40, 86]
[48, 33, 121, 89, 64, 52, 132, 133, 153, 129, 79, 124, 70, 148, 67, 32, 87, 46, 63, 22, 138, 26, 99, 145, 77, 139, 131, 109, 91, 151, 118, 102, 112, 66, 28, 96, 40, 35, 0, 45, 54, 29, 104, 98, 111, 71, 135, 143, 128, 141, 36, 100, 80, 95, 116, 74, 14, 38]
[52, 36, 188, 130, 96, 69, 56, 141, 179, 142, 221, 138, 85, 133, 76, 215, 72, 197, 35, 94, 150, 191, 50, 68, 49, 196, 57, 105, 164, 146, 192, 212, 62, 87, 207, 1, 98, 116, 63, 181, 154, 99, 170, 163, 151, 78, 173, 88, 158, 34, 81, 210, 162, 144, 42, 187, 47, 54, 59, 126, 38, 118, 148, 166, 30, 219, 75, 97, 136, 27, 214, 190, 153, 23, 70, 13, 220, 93, 14, 172]
[56, 38, 193, 132, 101, 73, 61, 145, 182, 146, 200, 142, 90, 135, 79, 194, 76, 37, 98, 154, 53, 72, 51, 177, 62, 109, 169, 150, 174, 190, 66, 91, 184, 1, 103, 120, 67, 162, 158, 104, 155, 81, 156, 92, 36, 85, 188, 148, 45, 172, 164, 118, 95, 198, 26, 30, 32, 97, 147, 160, 168, 21, 63, 77, 195, 87, 14, 106, 31, 186]
[52, 35, 189, 129, 96, 68, 57, 141, 179, 142, 229, 138, 84, 132, 76, 223, 72, 197, 34, 93, 150, 192, 50, 67, 49, 205, 58, 105, 164, 146, 201, 193, 220, 62, 86, 215, 1, 99, 116, 63, 227, 154, 100, 169, 163, 151, 78, 180, 171, 87, 158, 33, 81, 218, 162, 145, 42, 195, 47, 54, 59, 126, 37, 117, 148, 173, 29, 211, 75, 153, 98, 135, 25, 222, 184, 159, 43, 181, 23, 70, 26, 221, 51]
[50, 33, 184, 123, 92, 67, 55, 136, 174, 137, 200, 132, 82, 127, 74, 194, 70, 32, 90, 144, 48, 66, 47, 178, 56, 101, 160, 140, 175, 191, 60, 83, 186, 1, 94, 112, 62, 163, 148, 95, 145, 76, 157, 84, 153, 31, 79, 189, 139, 40, 170, 45, 53, 57, 120, 36, 113, 149, 27, 125, 97, 138, 188, 141, 75, 117, 177, 110, 161, 115, 114, 91, 156, 176]
[102, 70, 257, 192, 135, 111, 281, 284, 51, 290, 84, 129, 254, 75, 56, 72, 258, 198, 34, 92, 146, 193, 218, 226, 49, 248, 232, 67, 48, 264, 57, 210, 103, 164, 142, 261, 266, 194, 250, 215, 239, 139, 61, 204, 85, 280, 1, 97, 113, 62, 221, 207, 240, 150, 98, 168, 163, 147, 77, 229, 170, 202, 86, 156, 33, 81, 285, 162, 141, 42, 267, 196, 179, 46, 54, 58, 183, 213, 122, 37, 114, 144, 220, 231, 29, 288, 167, 74, 149, 95, 187, 153, 132, 26, 138, 251, 201, 43, 271, 23, 71, 27, 291, 100, 209]
[52, 35, 124, 93, 68, 56, 135, 137, 150, 132, 83, 127, 74, 28, 36, 125, 96, 16, 46, 73, 94, 106, 109, 25, 119, 112, 33, 23, 123, 143, 103, 142, 81, 71, 134, 148, 129, 105, 70, 30, 100, 42, 37, 0, 49, 57, 31, 118, 75, 50, 140, 116, 138, 38, 113, 84]
[49, 32, 122, 91, 66, 54, 134, 135, 167, 131, 80, 125, 72, 162, 69, 31, 89, 142, 46, 65, 45, 147, 55, 99, 138, 143, 160, 59, 81, 155, 0, 145, 133, 140, 29, 104, 150, 132, 73, 149, 157, 78, 136, 36, 111, 121, 137, 96, 40, 75, 14, 38, 163, 77, 153, 18, 68, 93, 85, 21, 25, 27]
[49, 34, 185, 124, 92, 66, 55, 136, 175, 137, 264, 133, 82, 127, 73, 258, 69, 193, 33, 90, 145, 188, 212, 220, 47, 226, 65, 46, 233, 56, 205, 101, 160, 140, 230, 189, 210, 255, 60, 199, 83, 249, 1, 94, 111, 61, 202, 214, 149, 95, 164, 159, 146, 75, 203, 168, 197, 84, 153, 32, 79, 253, 158, 139, 40, 222, 176, 44, 53, 57, 181, 121, 36, 112, 143, 195, 206, 26, 225, 163, 72, 148, 93, 151, 131, 23, 257, 192, 186, 41, 169, 21, 68, 24, 172, 97]
[51, 33, 123, 91, 66, 55, 135, 137, 161, 132, 81, 126, 72, 155, 69, 32, 89, 49, 65, 48, 140, 27, 100, 151, 78, 145, 152, 110, 92, 159, 120, 102, 113, 68, 29, 97, 42, 35, 0, 139, 56, 30, 104, 99, 114, 73, 141, 149, 133, 147, 37, 103, 82, 96, 148, 75, 15, 40, 156]
[59, 42, 194, 133, 100, 74, 63, 145, 185, 146, 237, 141, 89, 136, 81, 231, 77, 202, 41, 98, 153, 197, 57, 73, 56, 212, 64, 109, 168, 149, 209, 198, 228, 68, 90, 223, 1, 102, 121, 69, 196, 157, 103, 174, 167, 154, 83, 188, 177, 91, 162, 40, 86, 226, 166, 148, 49, 219, 53, 61, 65, 130, 44, 122, 151, 180, 35, 205, 80, 156, 101, 139, 27, 230, 186, 165, 50, 161, 24, 76, 29, 106, 171, 138]
[50, 34, 183, 124, 91, 66, 54, 136, 174, 137, 248, 132, 81, 127, 73, 242, 69, 192, 33, 89, 145, 187, 212, 218, 48, 65, 47, 222, 55, 204, 100, 161, 140, 219, 188, 210, 239, 60, 199, 82, 233, 2, 93, 111, 61, 203, 149, 94, 165, 159, 146, 75, 195, 167, 83, 153, 32, 78, 237, 158, 139, 40, 211, 175, 45, 52, 57, 120, 36, 112, 142, 226, 197, 27, 214, 164, 72, 148, 92, 151, 130, 24, 241, 246, 173, 42, 162, 22, 68, 25, 198, 96]
[51, 33, 127, 95, 68, 55, 139, 140, 156, 135, 84, 130, 75, 151, 34, 128, 98, 16, 44, 74, 96, 108, 112, 23, 122, 115, 32, 22, 154, 26, 105, 147, 82, 72, 123, 150, 133, 107, 71, 28, 101, 40, 35, 0, 47, 56, 29, 103, 106, 76, 49, 145, 120, 142, 36, 116]
[110, 75, 260, 199, 146, 122, 283, 285, 111, 278, 176, 265, 159, 121, 153, 72, 192, 107, 144, 104, 145, 123, 216, 124, 308, 134, 212, 91, 82, 1, 105, 282, 290, 68, 227, 215, 281, 161, 106, 304, 171, 158, 84, 242, 269, 178, 210, 92, 166, 36, 87, 312, 170, 152, 46, 150, 203, 233, 187, 254, 51, 58, 64, 191, 255, 236, 135, 40, 125, 155, 314, 272, 31, 209, 63, 175, 81, 160, 295, 195, 164, 296, 28, 149, 257, 241, 47, 279, 25, 76, 248, 29, 230, 108, 249, 253, 301, 173, 252, 202, 270, 284, 42, 204, 228, 225, 292, 277, 56, 117, 128, 244]
[50, 33, 189, 130, 94, 67, 55, 269, 142, 180, 143, 280, 139, 83, 133, 250, 74, 274, 71, 253, 198, 32, 92, 151, 192, 216, 224, 48, 244, 230, 66, 46, 247, 56, 209, 106, 166, 147, 249, 248, 193, 214, 270, 60, 204, 84, 263, 1, 97, 119, 61, 218, 207, 228, 155, 99, 170, 165, 152, 76, 252, 172, 202, 85, 159, 31, 80, 268, 164, 145, 40, 235, 196, 181, 44, 52, 57, 185, 203, 127, 35, 120, 149, 208, 226, 26, 239, 169, 73, 154, 95, 157, 137, 22, 272, 205, 191, 41, 271, 20, 70, 23]
[48, 32, 186, 124, 91, 65, 52, 137, 176, 140, 218, 134, 80, 127, 72, 212, 68, 194, 31, 89, 147, 189, 46, 64, 45, 201, 53, 100, 163, 143, 191, 209, 57, 81, 204, 1, 93, 111, 59, 180, 151, 94, 167, 161, 148, 74, 171, 169, 82, 155, 30, 77, 207, 159, 142, 39, 216, 43, 50, 54, 121, 35, 113, 145, 164, 26, 187, 70, 92, 132, 22, 211, 196, 150, 19, 66, 10, 217, 88, 11]
[50, 34, 183, 123, 92, 66, 54, 135, 173, 136, 206, 132, 81, 126, 73, 200, 70, 33, 90, 143, 48, 65, 47, 184, 55, 101, 160, 139, 181, 196, 60, 82, 191, 1, 94, 111, 61, 169, 148, 96, 164, 159, 145, 75, 161, 83, 152, 32, 78, 194, 138, 41, 175, 45, 52, 56, 120, 36, 113, 141, 153, 28, 176, 72, 93, 109, 167, 115, 114, 91, 179, 182, 12, 67, 19, 201]
[51, 34, 191, 127, 94, 68, 56, 141, 181, 142, 199, 137, 83, 131, 75, 193, 71, 33, 92, 150, 48, 67, 47, 176, 57, 103, 166, 145, 173, 190, 62, 84, 184, 1, 96, 113, 63, 160, 154, 97, 151, 77, 153, 85, 32, 80, 188, 144, 41, 167, 45, 25, 28, 91, 162, 158, 170, 17, 59, 73, 194, 81, 13, 99, 27, 187, 36, 76, 120, 175, 111]
[51, 35, 191, 128, 94, 68, 55, 139, 182, 140, 257, 136, 83, 131, 75, 250, 71, 199, 34, 92, 149, 194, 220, 226, 49, 67, 48, 228, 56, 212, 102, 165, 144, 225, 195, 217, 247, 61, 207, 84, 241, 1, 96, 114, 62, 209, 153, 97, 170, 164, 150, 77, 238, 172, 85, 157, 33, 80, 244, 163, 143, 41, 216, 183, 46, 53, 57, 123, 37, 115, 147, 192, 201, 28, 231, 169, 73, 152, 95, 155, 134, 25, 249, 189, 177, 42, 176, 23, 70, 26, 99]
[24, 16, 90, 62, 46, 31, 26, 67, 86, 68, 102, 66, 40, 63, 35, 96, 34, 101, 45, 71, 23, 97, 22, 81, 87, 50, 69, 78, 93, 28, 41, 88, 0, 47, 95, 74, 15, 53]
[52, 35, 189, 129, 95, 69, 56, 142, 179, 143, 192, 138, 84, 132, 75, 186, 72, 34, 93, 150, 50, 68, 49, 169, 57, 105, 146, 166, 182, 62, 85, 177, 1, 97, 116, 63, 155, 99, 151, 78, 171, 86, 33, 81, 180, 42, 71, 156, 114, 90, 140, 23, 27, 30, 92, 185, 153, 161, 19, 58, 73, 187, 82, 14, 102, 29, 184, 37, 77]
[50, 34, 190, 127, 96, 68, 55, 139, 181, 140, 214, 135, 85, 130, 76, 208, 71, 33, 94, 147, 48, 67, 47, 212, 56, 105, 164, 143, 187, 204, 62, 86, 198, 1, 99, 115, 63, 175, 152, 100, 163, 148, 79, 165, 88, 157, 32, 82, 201, 142, 41, 182, 45, 52, 57, 123, 37, 116, 145, 158, 27, 183, 75, 98, 113, 172, 118, 117, 95, 185, 188, 12, 69, 20, 209, 21]
[24, 15, 92, 61, 45, 31, 26, 67, 88, 68, 126, 66, 38, 62, 34, 120, 33, 96, 125, 44, 71, 94, 23, 121, 22, 102, 110, 49, 80, 69, 98, 116, 28, 39, 111, 0, 46, 54, 29, 87, 73, 47, 108, 72, 35, 79]
[100, 68, 252, 187, 133, 110, 276, 278, 101, 270, 166, 257, 149, 109, 142, 65, 182, 299, 97, 131, 94, 132, 111, 206, 328, 285, 112, 349, 120, 168, 344, 3, 192, 227, 122, 322, 308, 195, 301, 154, 152, 170, 63, 159, 267, 282, 80, 279, 90, 106, 114, 246, 73, 228, 288, 347, 56, 329, 145, 190, 263, 48, 277, 81, 310, 83, 350, 20, 69, 181, 23, 315, 98, 57, 261, 256, 220, 177, 343, 222, 163, 229, 150, 191, 214, 147, 1, 35, 217, 193, 237, 249, 22, 352, 333, 287, 292, 50, 107, 115, 34, 75, 199, 351, 272, 197, 356, 37, 93, 336, 205, 171, 309, 33, 121, 196, 314, 4, 161, 118, 38, 216, 44, 172, 208, 340, 119, 258]
[51, 35, 184, 124, 93, 67, 56, 136, 175, 137, 203, 133, 81, 127, 73, 197, 70, 34, 90, 144, 49, 66, 48, 181, 57, 101, 160, 140, 178, 194, 61, 82, 189, 1, 95, 112, 62, 166, 150, 96, 159, 145, 75, 158, 84, 154, 33, 78, 192, 139, 41, 172, 45, 54, 58, 121, 37, 113, 152, 28, 173, 191, 142, 74, 118, 180, 110, 163, 115, 114, 92, 157, 179, 11, 68]
[49, 34, 123, 92, 66, 53, 136, 173, 137, 183, 133, 81, 126, 72, 178, 69, 33, 90, 144, 47, 65, 46, 162, 55, 101, 140, 159, 174, 60, 82, 169, 1, 94, 112, 61, 147, 95, 74, 143, 83, 32, 78, 172, 139, 128, 167, 19, 68, 148, 109, 87, 131, 21, 26, 29, 89, 132, 145, 152, 17, 56, 70, 179, 79, 13, 97, 28, 171]
[49, 32, 185, 124, 93, 66, 54, 136, 175, 137, 222, 133, 82, 127, 73, 216, 69, 194, 31, 90, 145, 188, 47, 65, 46, 198, 55, 102, 159, 140, 195, 189, 213, 59, 83, 208, 1, 95, 112, 60, 181, 149, 96, 164, 158, 146, 76, 172, 166, 84, 153, 30, 79, 211, 157, 139, 39, 200, 44, 51, 56, 121, 35, 114, 142, 176, 26, 190, 71, 94, 131, 23, 215, 160, 151, 40, 143, 21, 221, 89, 12, 170]
[51, 33, 190, 130, 95, 67, 55, 141, 181, 142, 209, 138, 85, 133, 75, 203, 72, 32, 93, 150, 49, 66, 48, 186, 56, 104, 165, 145, 183, 199, 61, 86, 193, 1, 98, 117, 62, 169, 154, 99, 164, 151, 77, 162, 87, 158, 31, 82, 197, 144, 41, 178, 46, 53, 57, 126, 36, 119, 155, 27, 132, 101, 143, 196, 146, 76, 123, 185, 114, 167, 121, 120, 94, 161]
[49, 33, 186, 125, 92, 66, 54, 137, 175, 138, 205, 134, 81, 128, 73, 199, 69, 31, 90, 147, 47, 65, 46, 183, 55, 101, 161, 143, 180, 196, 60, 83, 191, 1, 94, 112, 61, 167, 151, 95, 160, 148, 75, 159, 84, 155, 30, 78, 194, 141, 39, 173, 43, 52, 56, 122, 35, 113, 153, 26, 174, 193, 145, 74, 117, 182, 110, 165, 115, 114, 91, 158, 181, 11, 67]
[24, 16, 93, 61, 45, 32, 26, 67, 68, 95, 66, 40, 62, 35, 89, 34, 94, 44, 71, 23, 90, 22, 73, 78, 50, 86, 38, 77, 12, 55, 46, 59, 51, 57]
[99, 67, 250, 188, 133, 110, 275, 277, 100, 268, 166, 256, 147, 109, 141, 65, 183, 96, 131, 93, 132, 55, 206, 293, 161, 286, 279, 226, 190, 249, 244, 212, 233, 137, 60, 201, 83, 73, 1, 94, 112, 61, 216, 204, 257, 149, 95, 291, 160, 146, 76, 231, 246, 168, 199, 84, 154, 31, 79, 297, 159, 140, 40, 265, 192, 222, 177, 230, 44, 52, 56, 182, 245, 121, 35, 113, 143, 236, 248, 27, 198, 274, 164, 72, 148, 281, 185, 151, 282, 23, 136, 266, 217, 41, 203, 21, 68, 223, 24, 278, 97, 224, 229, 287, 162, 210, 247, 260, 37, 253]
[55, 36, 132, 100, 35, 29, 139, 75, 95, 76, 26, 73, 43, 69, 131, 38, 144, 37, 104, 16, 49, 80, 102, 114, 117, 25, 120, 145, 23, 121, 147, 111, 149, 87, 77, 124, 126, 143, 31, 108, 45, 133, 0, 52, 61, 32, 116, 82, 53, 89, 125, 81]
[50, 34, 190, 127, 95, 66, 54, 139, 179, 140, 242, 135, 84, 130, 73, 236, 70, 199, 33, 93, 148, 193, 219, 48, 65, 47, 216, 56, 211, 104, 164, 143, 213, 195, 233, 60, 85, 228, 1, 97, 115, 61, 224, 152, 99, 169, 162, 149, 75, 240, 171, 86, 156, 32, 81, 231, 161, 142, 41, 205, 45, 52, 57, 124, 36, 116, 145, 181, 192, 28, 207, 72, 151, 96, 154, 133, 24, 235, 178, 168, 42, 155, 21, 68, 25, 101, 174]
[52, 36, 188, 127, 96, 68, 57, 139, 179, 140, 199, 136, 84, 131, 75, 192, 71, 35, 93, 147, 50, 67, 49, 176, 58, 105, 163, 143, 173, 189, 62, 86, 184, 1, 98, 116, 63, 160, 153, 100, 148, 77, 154, 87, 34, 80, 187, 142, 42, 168, 47, 54, 59, 92, 161, 158, 167, 19, 141, 72, 194, 81, 15, 130, 102, 29, 186, 38, 76, 121, 175, 114]
[24, 15, 90, 61, 45, 32, 26, 66, 86, 67, 105, 65, 39, 62, 35, 99, 34, 104, 44, 71, 23, 100, 22, 83, 89, 49, 69, 80, 96, 28, 40, 103, 0, 46, 55, 30, 53, 78, 76]
[105, 71, 255, 195, 136, 114, 278, 280, 106, 272, 169, 261, 150, 113, 144, 68, 188, 296, 102, 134, 98, 135, 115, 211, 287, 116, 317, 124, 171, 312, 3, 199, 232, 126, 292, 201, 156, 154, 173, 65, 161, 320, 162, 263, 143, 43, 141, 293, 228, 179, 275, 48, 55, 59, 186, 276, 231, 125, 38, 117, 146, 282, 163, 26, 204, 58, 168, 76, 152, 242, 304, 227, 290, 238, 235, 190, 300, 305, 22, 140, 318, 313, 44, 252, 20, 72, 268, 24, 245, 103, 269, 225, 273, 311, 165, 253, 198, 219, 149, 1, 39, 200, 243, 239, 302, 299, 53, 111, 120, 264, 79, 205, 319, 224, 203, 324, 41, 97]
[51, 34, 188, 126, 94, 67, 56, 139, 179, 141, 250, 135, 83, 129, 74, 244, 70, 197, 33, 92, 149, 191, 221, 49, 66, 48, 224, 57, 213, 103, 164, 144, 226, 192, 240, 61, 207, 84, 234, 1, 96, 115, 62, 203, 154, 97, 168, 163, 150, 77, 214, 170, 85, 158, 32, 80, 238, 162, 143, 41, 220, 180, 46, 54, 58, 123, 36, 116, 146, 185, 195, 27, 215, 73, 153, 95, 156, 133, 24, 243, 182, 190, 42, 160, 22, 69, 25, 99, 176]
[52, 33, 191, 133, 100, 70, 57, 144, 181, 145, 248, 141, 86, 136, 76, 242, 73, 199, 32, 97, 153, 194, 218, 50, 69, 49, 222, 59, 210, 109, 168, 148, 224, 195, 239, 63, 205, 88, 233, 1, 103, 120, 64, 203, 157, 104, 172, 167, 154, 78, 211, 174, 90, 162, 31, 82, 237, 166, 147, 41, 217, 182, 47, 54, 60, 129, 36, 121, 151, 188, 197, 27, 212, 75, 156, 101, 159, 139, 23, 241, 185, 193, 42, 164, 21, 72, 24, 106, 179]
[49, 34, 124, 92, 66, 55, 136, 137, 150, 132, 82, 127, 74, 27, 35, 125, 97, 17, 44, 73, 94, 106, 109, 24, 120, 112, 33, 23, 123, 143, 103, 142, 80, 69, 134, 148, 129, 105, 68, 30, 100, 41, 36, 0, 46, 56, 31, 119, 75, 47, 140, 117, 138, 37, 113, 83]
[24, 16, 95, 64, 46, 32, 26, 70, 91, 71, 134, 69, 39, 65, 35, 128, 34, 99, 133, 45, 74, 97, 109, 23, 129, 22, 107, 118, 52, 84, 72, 104, 112, 125, 29, 40, 119, 0, 48, 58, 30, 92, 77, 49, 86, 102, 76, 36]
[24, 15, 90, 62, 47, 34, 26, 67, 86, 68, 127, 66, 41, 63, 37, 121, 36, 95, 126, 45, 72, 93, 23, 122, 22, 103, 112, 51, 79, 69, 100, 105, 118, 29, 42, 113, 0, 48, 56, 31, 119, 74, 49, 81, 98, 73, 38]
[28, 18, 96, 67, 51, 36, 30, 72, 92, 73, 117, 71, 45, 68, 40, 111, 39, 116, 50, 76, 26, 112, 25, 95, 101, 55, 85, 74, 109, 108, 33, 46, 102, 0, 52, 61, 34, 79, 53, 42, 75, 90]
[53, 34, 190, 128, 98, 69, 57, 142, 180, 143, 192, 139, 86, 131, 78, 186, 74, 33, 96, 152, 51, 68, 50, 170, 58, 107, 146, 167, 183, 62, 87, 177, 1, 100, 117, 63, 156, 101, 80, 172, 88, 32, 83, 184, 41, 72, 157, 115, 92, 141, 23, 27, 29, 95, 185, 154, 162, 18, 59, 76, 187, 84, 14, 103, 28, 179, 36, 79]
[51, 34, 183, 123, 92, 67, 55, 135, 174, 136, 211, 132, 82, 127, 73, 205, 70, 192, 33, 90, 144, 186, 48, 66, 47, 187, 56, 101, 160, 140, 184, 202, 60, 83, 197, 1, 94, 111, 61, 173, 149, 95, 164, 159, 145, 76, 167, 84, 153, 32, 79, 200, 139, 41, 179, 45, 53, 57, 119, 36, 112, 142, 158, 28, 180, 72, 93, 130, 24, 204, 20, 206, 21, 68, 12, 210, 89, 13]
[50, 34, 122, 91, 65, 54, 134, 135, 144, 140, 40, 62, 121, 36, 26, 35, 123, 94, 15, 45, 70, 92, 104, 107, 22, 118, 110, 33, 21, 116, 130, 101, 136, 78, 68, 112, 142, 103, 67, 29, 98, 42, 131, 0, 47, 55, 30, 97, 73, 48, 81, 109, 72, 37]
[111, 70, 281, 209, 150, 122, 302, 305, 112, 297, 186, 286, 164, 121, 158, 67, 203, 108, 147, 105, 313, 55, 229, 320, 182, 314, 307, 254, 212, 280, 274, 238, 262, 155, 61, 223, 88, 77, 1, 106, 125, 62, 243, 226, 317, 168, 107, 318, 181, 163, 79, 260, 275, 189, 220, 90, 175, 31, 83, 324, 180, 157, 40, 293, 214, 250, 198, 257, 44, 51, 56, 202, 258, 137, 35, 127, 160, 265, 277, 26, 219, 300, 185, 76, 166, 309, 205, 172, 310, 23, 154, 261, 284, 41, 224, 21, 72, 299, 24, 227, 109, 251, 255, 315, 183, 233, 276, 288, 36, 225]
[52, 35, 126, 93, 67, 56, 137, 138, 156, 134, 82, 129, 73, 150, 70, 34, 46, 72, 94, 107, 110, 26, 121, 113, 139, 25, 130, 29, 103, 147, 80, 141, 127, 131, 136, 105, 116, 69, 31, 100, 43, 38, 0, 48, 57, 32, 102, 108, 74, 49, 145, 124, 143, 39, 97, 83, 112]
[28, 16, 96, 64, 48, 35, 30, 70, 91, 71, 104, 69, 43, 65, 39, 98, 38, 103, 47, 74, 27, 99, 26, 81, 88, 52, 72, 78, 95, 32, 51, 23, 18, 0, 80, 73, 15]
[48, 31, 185, 123, 93, 65, 53, 136, 176, 137, 206, 131, 82, 126, 72, 200, 69, 30, 90, 144, 46, 64, 45, 184, 55, 101, 161, 140, 181, 197, 59, 83, 191, 1, 95, 112, 60, 170, 149, 96, 160, 145, 74, 179, 84, 153, 29, 77, 195, 139, 38, 198, 43, 50, 56, 120, 34, 113, 142, 158, 25, 177, 71, 73, 117, 183, 109, 168, 115, 114, 91, 165, 182, 11, 66, 18]
[49, 33, 181, 122, 91, 65, 54, 133, 170, 135, 223, 130, 80, 125, 71, 217, 68, 189, 32, 89, 142, 184, 47, 64, 46, 200, 55, 100, 157, 138, 195, 185, 214, 59, 81, 209, 1, 93, 110, 60, 182, 147, 94, 161, 156, 143, 73, 172, 163, 82, 151, 31, 76, 212, 155, 137, 39, 188, 44, 51, 56, 118, 35, 111, 140, 165, 26, 190, 70, 145, 92, 128, 23, 216, 162, 153, 41, 144, 21, 67, 24, 96, 27]
[50, 33, 188, 127, 94, 67, 54, 140, 179, 141, 226, 137, 82, 132, 73, 220, 70, 197, 32, 92, 149, 191, 48, 65, 47, 201, 55, 103, 165, 144, 198, 192, 217, 59, 84, 211, 1, 96, 115, 60, 185, 154, 98, 169, 164, 150, 76, 177, 171, 85, 158, 31, 79, 215, 163, 143, 40, 204, 45, 52, 56, 124, 35, 116, 147, 180, 26, 194, 72, 95, 135, 23, 219, 166, 156, 41, 148, 20, 225, 91, 11, 175]
[52, 36, 188, 127, 95, 68, 56, 141, 178, 142, 237, 137, 84, 131, 74, 231, 71, 198, 34, 93, 149, 191, 50, 67, 49, 213, 57, 104, 164, 145, 209, 193, 228, 61, 85, 222, 1, 97, 116, 62, 196, 153, 99, 169, 163, 150, 76, 187, 171, 86, 158, 33, 80, 226, 162, 144, 42, 203, 46, 54, 58, 124, 38, 117, 147, 179, 189, 27, 205, 73, 152, 96, 156, 134, 22, 230, 176, 167, 43, 159, 20, 70, 24, 101, 172, 112]
[51, 35, 129, 94, 67, 56, 138, 68, 88, 69, 26, 145, 41, 64, 128, 37, 29, 36, 98, 18, 46, 72, 95, 109, 114, 25, 117, 34, 24, 119, 133, 106, 149, 81, 70, 116, 124, 140, 31, 102, 42, 134, 0, 48, 57, 32, 147, 75, 49, 83, 111, 73, 38]
[51, 35, 127, 93, 67, 55, 135, 68, 87, 69, 25, 142, 41, 64, 126, 37, 27, 36, 98, 16, 45, 73, 95, 108, 111, 23, 114, 33, 22, 116, 129, 105, 146, 80, 70, 113, 122, 137, 29, 102, 42, 130, 0, 48, 56, 30, 144, 75, 49, 82, 110, 74, 38]
[52, 35, 127, 95, 68, 56, 139, 140, 169, 136, 84, 130, 74, 164, 71, 34, 93, 148, 50, 67, 49, 150, 57, 105, 144, 162, 30, 102, 43, 37, 0, 147, 142, 32, 110, 143, 134, 75, 149, 158, 82, 156, 38, 118, 123, 85, 101, 138, 77, 16, 41, 165, 80, 153, 20, 70, 98, 90, 23, 27, 29]
[25, 16, 93, 63, 46, 34, 27, 68, 89, 69, 112, 67, 41, 64, 37, 106, 36, 111, 45, 73, 23, 107, 22, 90, 96, 51, 80, 70, 86, 102, 29, 42, 97, 0, 47, 57, 30, 74, 49, 38, 58]
[48, 33, 123, 90, 65, 53, 135, 136, 170, 131, 80, 126, 71, 165, 68, 32, 88, 145, 46, 64, 45, 151, 54, 99, 140, 148, 163, 58, 81, 158, 1, 93, 134, 153, 30, 105, 147, 164, 72, 152, 160, 78, 146, 36, 112, 124, 141, 96, 40, 74, 15, 38, 166, 76, 156, 19, 67, 137, 85, 21, 26, 28, 87]
[51, 36, 183, 125, 93, 68, 56, 136, 174, 137, 206, 133, 83, 128, 74, 200, 71, 35, 91, 146, 49, 67, 48, 204, 57, 102, 161, 140, 180, 196, 61, 84, 191, 1, 95, 113, 62, 169, 151, 96, 160, 148, 76, 162, 85, 155, 34, 79, 194, 139, 42, 175, 46, 54, 58, 122, 38, 114, 143, 156, 30, 176, 73, 94, 111, 167, 116, 115, 92, 178, 181, 14, 69, 22, 201, 23]
[26, 16, 93, 62, 46, 33, 28, 68, 69, 96, 67, 41, 64, 36, 88, 35, 95, 45, 72, 25, 89, 22, 73, 79, 50, 40, 78, 13, 56, 47, 94, 60, 52, 58, 34]
[102, 69, 265, 196, 139, 113, 289, 292, 103, 282, 172, 270, 155, 112, 148, 66, 190, 309, 99, 137, 96, 138, 115, 216, 299, 116, 346, 123, 175, 341, 3, 202, 239, 125, 319, 204, 311, 159, 158, 178, 64, 165, 281, 296, 82, 293, 92, 108, 118, 258, 74, 241, 344, 56, 269, 207, 295, 171, 73, 156, 250, 331, 234, 317, 246, 243, 192, 314, 332, 24, 142, 41, 349, 42, 274, 22, 70, 189, 25, 278, 100, 57, 230, 184, 340, 283, 169, 242, 288, 200, 224, 154, 1, 38, 227, 203, 275, 272, 329, 255, 326, 51, 109, 119, 37, 76, 208, 348, 253, 206, 353, 40, 95, 285, 215, 179, 85, 36, 124, 205, 313, 4, 167]
[49, 32, 123, 92, 66, 53, 134, 135, 161, 131, 81, 126, 72, 156, 69, 31, 90, 143, 46, 65, 45, 141, 54, 101, 79, 146, 26, 111, 93, 159, 120, 104, 115, 68, 28, 99, 40, 34, 0, 140, 138, 29, 106, 137, 119, 73, 142, 151, 154, 149, 35, 108, 82, 98, 130, 76, 15, 38, 157, 78]
[49, 33, 181, 121, 90, 64, 53, 132, 170, 133, 209, 129, 80, 124, 70, 203, 67, 189, 32, 88, 141, 184, 46, 63, 45, 186, 54, 98, 157, 137, 207, 200, 58, 81, 194, 1, 92, 108, 59, 168, 146, 93, 161, 156, 142, 73, 160, 82, 151, 31, 76, 197, 136, 39, 175, 43, 51, 55, 118, 35, 109, 139, 154, 26, 177, 69, 91, 127, 23, 65, 19, 204, 20, 179, 10, 208, 87, 11]
[24, 16, 91, 63, 46, 33, 27, 68, 87, 70, 125, 67, 40, 64, 36, 119, 35, 95, 124, 45, 73, 93, 23, 120, 22, 101, 110, 50, 80, 71, 97, 116, 30, 41, 111, 0, 47, 56, 31, 86, 75, 48, 108, 74, 37, 79]
[51, 35, 128, 94, 68, 55, 140, 142, 181, 136, 83, 131, 74, 176, 71, 34, 92, 149, 49, 67, 48, 159, 57, 102, 145, 156, 174, 61, 84, 168, 1, 96, 114, 63, 146, 97, 171, 81, 161, 39, 116, 137, 150, 99, 43, 78, 17, 41, 177, 80, 166, 21, 70, 147, 111, 89, 120, 23, 28, 30, 91, 122, 151, 19, 58]
[48, 32, 181, 121, 90, 64, 52, 134, 171, 135, 210, 131, 80, 125, 71, 204, 68, 190, 31, 88, 143, 185, 46, 63, 45, 186, 54, 100, 157, 139, 182, 201, 58, 81, 196, 1, 92, 110, 59, 170, 147, 93, 162, 156, 144, 73, 165, 82, 151, 30, 76, 199, 138, 38, 177, 43, 50, 55, 118, 34, 111, 141, 155, 26, 178, 70, 91, 129, 23, 203, 18, 205, 19, 66, 10, 209, 87, 11]
[25, 16, 90, 60, 45, 32, 27, 67, 86, 68, 130, 66, 39, 62, 35, 122, 34, 94, 129, 44, 71, 92, 105, 24, 123, 23, 102, 112, 49, 78, 69, 98, 106, 119, 29, 40, 113, 0, 46, 54, 30, 120, 73, 47, 80, 96, 72, 36]
[50, 33, 126, 93, 67, 54, 138, 139, 174, 135, 81, 129, 73, 169, 70, 32, 91, 148, 48, 66, 47, 154, 55, 103, 144, 151, 167, 59, 82, 162, 1, 95, 137, 157, 29, 108, 150, 168, 74, 156, 164, 79, 149, 37, 117, 127, 145, 99, 41, 76, 15, 39, 170, 78, 160, 19, 69, 140, 88, 21, 25, 27, 90]
[57, 39, 197, 133, 100, 74, 61, 145, 187, 146, 214, 142, 90, 137, 81, 208, 78, 38, 98, 156, 54, 72, 53, 192, 62, 109, 173, 149, 189, 205, 67, 91, 200, 1, 102, 121, 68, 177, 162, 104, 172, 157, 83, 170, 92, 166, 37, 87, 203, 148, 46, 184, 51, 59, 63, 130, 41, 122, 163, 32, 136, 106, 147, 202, 151, 82, 127, 191, 119, 175, 124, 123, 99, 169]
[49, 33, 186, 124, 92, 66, 53, 136, 175, 137, 206, 133, 82, 128, 73, 199, 69, 32, 90, 146, 46, 65, 45, 183, 55, 101, 161, 140, 180, 196, 60, 83, 191, 1, 95, 113, 61, 167, 150, 96, 160, 147, 76, 162, 84, 154, 31, 79, 194, 139, 39, 173, 43, 51, 56, 121, 35, 114, 153, 27, 197, 71, 74, 118, 182, 110, 165, 116, 115, 91, 159, 181, 12, 67, 19]
[52, 33, 192, 129, 97, 69, 56, 143, 182, 144, 267, 140, 85, 133, 75, 259, 72, 201, 32, 95, 152, 196, 220, 227, 49, 233, 67, 48, 238, 57, 213, 106, 167, 147, 234, 197, 218, 256, 62, 207, 86, 251, 1, 99, 117, 63, 210, 241, 157, 100, 172, 166, 153, 78, 208, 175, 205, 87, 161, 31, 82, 254, 165, 146, 40, 226, 183, 46, 54, 58, 188, 126, 36, 118, 150, 200, 216, 26, 229, 171, 74, 155, 98, 159, 136, 23, 258, 228, 184, 43, 211, 21, 71, 24, 176]
[25, 17, 94, 62, 46, 34, 28, 69, 90, 71, 140, 68, 41, 64, 37, 132, 36, 98, 139, 45, 74, 96, 107, 111, 24, 133, 23, 112, 122, 104, 51, 82, 72, 109, 116, 129, 30, 42, 123, 0, 47, 56, 32, 95, 77, 48, 84, 105, 76, 38]
[54, 36, 128, 96, 70, 58, 141, 142, 152, 137, 43, 67, 127, 39, 30, 37, 129, 100, 16, 47, 76, 98, 110, 113, 26, 124, 116, 35, 25, 123, 143, 106, 144, 84, 74, 120, 135, 108, 72, 32, 103, 44, 139, 0, 50, 59, 33, 112, 78, 52, 86, 125, 77, 40]
[50, 35, 127, 95, 69, 57, 139, 140, 180, 136, 84, 130, 76, 175, 73, 34, 93, 150, 48, 68, 47, 160, 58, 104, 144, 157, 173, 62, 85, 168, 1, 97, 114, 63, 147, 98, 170, 82, 162, 38, 116, 137, 151, 101, 42, 79, 15, 40, 176, 81, 166, 20, 71, 148, 112, 89, 120, 22, 26, 28, 91, 121, 152, 17, 59]
