0.8183881806002723
0.9942573368549347
0.9938098107065473
0.8448068317291992
0.6878502513799403
0.9292767133031573
0.9511465856007167
0.887725700934728
0.829806598169463
0.723803199827671
0.9431921905941434
0.992111494143804
0.99223552942276
0.9581163942813873
0.8353314906624811
0.9933247963587443
0.9939989298582077
0.990012612607744
0.7129666358232498
0.9931466529766718
0.8006634241435677
0.8796303013170307
0.8789249189430848
0.8280709485212961
0.8804516661912203
0.9933014586567879
0.9939733505249023
0.994103729724884
0.9852209157413907
0.9411795774803442
0.9852176368236542
0.6059024652466178
0.7357557002920657
0.974493145942688
0.9124827920459211
0.7670966642243522
0.7099927879337754
0.8888915199786425
0.957562193274498
0.9941008772168841
0.9941392739613851
0.9941177219152451
0.9252149463941653
0.968549927075704
0.9826453179121017
0.9588628262281418
0.9227857760020665
0.9904068589210511
0.9739488735795021
0.9939809782164437
0.9269374523844037
0.9113579094409943
0.993718276421229
0.994001309076945
0.7532445351696677
0.9919445713361105
0.9887122809886932
0.8975187379490728
0.9926333768027169
0.9918281137943268
0.9798298563276019
0.9822690933942795
0.9913191497325897
0.7710836511105299
0.8516994292537371
0.9479144662618637
0.9938448369503021
0.905937947332859
0.8518115093133279
0.9941605031490326
0.7097322841485342
0.8626506977847644
0.9901806712150574
0.9788522521654764
0.9927084843317667
0.9252662743840899
0.947206715742747
0.8649412744811603
0.9791079709927241
0.9918064745989713
0.9931600093841553
0.8210848506074399
0.9908160448074341
0.992282981222326
0.9919507611881603
0.9930181900660197
0.8357982196030207
0.994706412156423
0.9680196841557821
0.8003878535736086
0.9865891734759012
0.865254257288244
0.9704023514475141
0.9916796326637268
0.9806056022644043
0.9668473899364471
0.61457617705067
0.9926456863229925
0.8879758086055517
0.8897181641724374
0.8023703396320343
0.9831255495548248
0.8737753964960575
0.9455741908815172
0.8512926896413168
0.9938860163092613
0.9779876992106438
0.993469272341047
0.9895593794909391
0.8848043108979861
0.9914756615956625
0.9313511451085409
0.8588760191840785
0.9267412647604942
0.9078748345375061
0.6610375745221972
0.8322873979658735
0.8683799234303561
0.7441064995691704
0.8894767940044404
0.990235447883606
0.986601434648037
0.8737545510133108
0.9935434199869633
0.9932613730430603
0.9935409009456635
0.8613747017724174
0.8546803692976633
0.8670140072354116
0.8936048777075485
0.9931407239702013
0.9929583668708801
0.9607149660587311
0.994583527247111
0.9938795069853464
0.9939282894134521
0.9544201691945394
0.7368298508226871
0.8857138852278391
0.9906152710318565
0.8934927980105082
0.900250717997551
0.8285759908871518
0.9938783815928868
0.9897730429967244
0.9298998465140661
0.993367999792099
0.9537667102283902
0.8826112258765433
0.9262070417404175
0.8744803927838802
0.9861986211368016
0.929512600104014
0.7927354863948293
0.8642318948113825
0.9880033816610064
0.9936148673295975
0.9312923470368752
0.9876376645905631
0.9926264990459789
0.8826475222077634
0.9942689687013626
0.9799432555834452
0.8352940342783068
0.9876438313060336
0.7650854547641107
0.866598641872406
0.9942961096763611
0.8588936403393745
0.9937841892242432
0.9942875405152639
0.9941691756248474
0.9098192224135766
0.8869364317506552
0.7044253945350647
0.9939728719847543
0.9738629311323166
0.8105898192152381
0.8945285218175162
0.9938480513436454
0.8876438637574514
0.8689726176380645
0.9932074069976806
0.911283810933431
0.9941789763314384
0.9929112195968628
0.9909079670906067
0.9927785652024406
0.9855070486664772
0.994205430150032
0.8537100722481098
0.9930639117956161
0.9903235673904419
0.9940628608067831
0.8458333785335223
0.9590913712978363
0.8341658551556369
0.829629224880288
0.9884377643465996
0.9931688772307502
