-0.9681233167648315
-0.7412761449813843
-0.9651557207107544
-0.9858009815216064
-0.9774450659751892
-0.917018473148346
-1.2389367818832397
-0.9580308198928833
-1.1040257215499878
-1.1019567251205444
-0.9278407692909241
-0.7821354269981384
-1.2820076942443848
-0.8702243566513062
-1.3471112251281738
-0.9633305668830872
-1.008954405784607
-0.9279434680938721
-1.0778734683990479
-0.8995852470397949
-0.8068004250526428
-0.9828059077262878
-0.9019284844398499
-0.9633171558380127
-0.8689203858375549
-0.9416112899780273
-1.1651439666748047
-0.9588904976844788
-0.9354464411735535
-0.8549517393112183
-0.9704434871673584
-1.0486786365509033
-0.9731060266494751
-0.8800352215766907
-1.022721290588379
-0.9025831818580627
-1.001609206199646
-0.849407970905304
-0.8972156643867493
-0.8685036897659302
-1.0676089525222778
-0.9051181077957153
-0.8715808391571045
-0.7545301914215088
-0.9550572633743286
-0.9559303522109985
-0.8687437772750854
-0.9151479601860046
-0.973115861415863
-0.9170181155204773
-1.1718908548355103
-1.0016553401947021
-0.8604683876037598
-1.2785449028015137
-1.0209763050079346
-1.000828742980957
-0.9464786648750305
-0.8270740509033203
-0.8996255993843079
-0.7318817973136902
-1.0299021005630493
-1.0090594291687012
-1.0887179374694824
-0.9065902829170227
-1.02897047996521
-1.1017266511917114
-0.9396923184394836
-0.902887225151062
-1.0035663843154907
-1.0130752325057983
-1.0176684856414795
-0.9307985305786133
-1.0094220638275146
-0.9314834475517273
-0.9881241917610168
-0.8730979561805725
-1.0064575672149658
-0.9217816591262817
-0.8714160323143005
-0.8783718347549438
-0.9036765694618225
-0.838038980960846
-0.9608259797096252
-0.6949379444122314
-0.9472973942756653
-0.8902216553688049
-0.9935752153396606
-1.1043932437896729
-1.8775451183319092
-0.7795572280883789
-1.0019261837005615
-0.797914981842041
-0.9775270819664001
-0.7489164471626282
-1.179793357849121
-1.0878236293792725
-1.001440167427063
-0.8840699791908264
-1.5552351474761963
-0.9257371425628662
-1.0640140771865845
-0.8716525435447693
-0.9308436512947083
-0.9961221814155579
-1.1209816932678223
-0.9125396609306335
-0.8532642126083374
-0.8598042130470276
-1.0152114629745483
-1.0667531490325928
-0.9656792283058167
-0.7866615653038025
-0.9975557923316956
-0.7308977842330933
-1.020277738571167
-0.9346340894699097
-0.8676037788391113
-0.8599071502685547
-1.0063527822494507
-1.4170498847961426
-1.0669151544570923
-0.9710648655891418
-1.26398766040802
-0.8928054571151733
-1.0268285274505615
-0.7896105647087097
-1.2839986085891724
-0.9409307837486267
-0.948138952255249
-0.7832306623458862
-0.9482682943344116
-0.9801660180091858
-0.965620756149292
-0.9060529470443726
-0.8278547525405884
-0.7666269540786743
-0.9399572014808655
-0.9823094606399536
-0.9386928677558899
-0.9339146614074707
-0.9058569073677063
-0.7513649463653564
-0.919524610042572
-1.0571250915527344
-1.054213285446167
-0.8656169176101685
-1.1735310554504395
-0.8027895092964172
-0.8730746507644653
-1.0578930377960205
-1.0194064378738403
-1.0074255466461182
-0.9564927816390991
-0.8185887336730957
-0.8779835104942322
-0.775325357913971
-0.7894976735115051
-0.898590087890625
-1.1041572093963623
-0.8943720459938049
-1.1521525382995605
-1.0448744297027588
-0.8380181193351746
-0.7971620559692383
-0.9341391324996948
-1.0332965850830078
-0.8923280239105225
-0.7418671250343323
-0.9850135445594788
-0.8756099939346313
-0.9378235340118408
-0.8914743661880493
-0.837786853313446
-1.01498544216156
-1.0612781047821045
-1.1805201768875122
-0.9224866628646851
-0.871839702129364
-0.8457636833190918
-0.8199113011360168
-1.0229833126068115
-1.0661582946777344
-1.3063249588012695
-0.8973594307899475
-1.0456602573394775
-0.8975553512573242
-1.0273256301879883
-0.9656577706336975
-0.9701824188232422
-0.8529722690582275
-0.9457501769065857
-0.9491145014762878
-1.0260396003723145
-0.7371199131011963
-0.9793221950531006
-0.7623295783996582
-1.115923285484314
-1.119842290878296
-1.056311011314392
-1.0234971046447754
