0.9501689672470093
0.9518047571182251
0.8972463607788086
0.9722316265106201
0.8860030174255371
0.9193142056465149
0.9562121629714966
0.9712973833084106
0.900450587272644
0.9884262084960938
0.9836711883544922
0.9609792232513428
0.9231448173522949
0.9218041896820068
0.8974238038063049
0.9359484910964966
0.9661964178085327
0.8455483913421631
0.8405486345291138
0.8634029626846313
0.9598008394241333
0.8316066265106201
0.7578436136245728
0.869420051574707
0.9165739417076111
0.87657630443573
0.9277119636535645
0.9755402207374573
0.9070287942886353
0.9208530187606812
0.8910585045814514
0.9444910287857056
0.9486552476882935
0.7067604660987854
0.8793281316757202
0.7380893230438232
0.9208295345306396
0.9192719459533691
0.9478670954704285
0.9355805516242981
0.8847771883010864
0.9003700613975525
0.7376276850700378
0.9091955423355103
0.9530623555183411
0.9127565622329712
0.9008629322052002
0.5774964094161987
0.9238709211349487
0.8958717584609985
0.8886316418647766
0.7930755615234375
0.8915482759475708
0.9647201895713806
0.9238875508308411
0.9329320192337036
0.8243502378463745
0.9559276103973389
0.7803821563720703
0.9663554430007935
0.94846510887146
0.9319536089897156
0.8990784883499146
0.9409342408180237
0.9187344312667847
0.8752058148384094
0.9568235874176025
0.9631015062332153
0.6978806257247925
0.95951908826828
0.8877795934677124
0.949228823184967
0.9511363506317139
0.7830469608306885
0.8976573944091797
0.9401460886001587
0.9560483694076538
0.9049099683761597
0.8735195398330688
0.9652297496795654
0.810512900352478
0.9040223360061646
0.8808653354644775
0.8498965501785278
0.9479118585586548
0.9709830284118652
0.9479876756668091
0.9691860675811768
0.6375370621681213
0.9593420028686523
0.7707605361938477
0.9037946462631226
0.8626298904418945
0.9329346418380737
0.95061194896698
0.9549311995506287
0.9218775033950806
0.832936704158783
0.9273761510848999
0.9293345212936401
0.9088661670684814
0.9408218860626221
0.9218392372131348
0.9131200313568115
0.8751925230026245
0.9138776659965515
0.9474614858627319
0.9702068567276001
0.9203128814697266
0.8476556539535522
0.955233097076416
0.9226770401000977
0.8568708300590515
0.9392857551574707
0.9253729581832886
0.7353569865226746
0.9664154052734375
0.8975686430931091
0.9653704166412354
0.785000205039978
0.9328133463859558
0.960944652557373
0.8670226335525513
0.8608379364013672
0.7951816916465759
0.9753434658050537
0.9015418291091919
0.9530817270278931
0.9559842944145203
0.9324581027030945
0.9111120700836182
0.9801700115203857
0.7668869495391846
0.8742367029190063
0.9383061528205872
0.9235100150108337
0.9020695686340332
0.9513841867446899
0.8963669538497925
0.9096585512161255
0.9277548789978027
0.9551104307174683
0.964909017086029
0.9616789221763611
0.9535096883773804
0.9311951398849487
0.9450891017913818
0.9270992875099182
0.892907440662384
0.7576282024383545
0.8917354941368103
0.7986169457435608
0.8800692558288574
0.930785059928894
0.8734814524650574
0.9477541446685791
0.7955712676048279
0.8430241346359253
0.7643915414810181
0.9391531944274902
0.9426403045654297
0.951610803604126
0.9550290107727051
0.8963675498962402
0.9432566165924072
0.8790900707244873
0.8364197015762329
0.9174178838729858
0.9040390253067017
0.9651161432266235
0.9481388330459595
0.8905320167541504
0.921898603439331
0.9238500595092773
0.8797396421432495
0.8804401159286499
0.9391539096832275
0.8203099966049194
0.9443110227584839
0.8635082244873047
0.7751843929290771
0.9418059587478638
0.9166051149368286
0.8993105292320251
0.8823500275611877
0.8042746186256409
0.958057701587677
0.812522828578949
0.8702400326728821
0.8852673768997192
0.898436427116394
0.9062439799308777
0.9271364212036133
0.9522247314453125
0.925694465637207
0.9520512819290161
0.8509001731872559
0.9601573348045349
0.9250549674034119
0.9324876666069031
