0.992551863193512
0.9999233484268188
0.987330436706543
0.9963550567626953
0.9589768648147583
0.9987936019897461
0.9960623979568481
0.9990909099578857
0.985011875629425
0.9989428520202637
0.9932726621627808
0.9987215995788574
0.9806773662567139
0.9989668130874634
0.9486055374145508
0.9998381733894348
0.9913389086723328
0.9996317028999329
0.9945571422576904
0.9972771406173706
0.9859409332275391
0.998041033744812
0.9991196393966675
0.9997349977493286
0.997772753238678
0.9996908903121948
0.9748744964599609
0.9994150400161743
0.9853073954582214
0.989014744758606
0.9885765314102173
0.9472861289978027
0.980762779712677
0.9994140863418579
0.9947278499603271
0.999872624874115
0.9883331060409546
0.9986310601234436
0.9869853258132935
0.9996644258499146
0.9938443899154663
0.9995620846748352
0.9949794411659241
0.9997469186782837
0.9785741567611694
0.9980093240737915
0.9931954145431519
0.9995915293693542
0.9668624401092529
0.9993354082107544
0.9414330720901489
0.9990975856781006
0.9888306856155396
0.9994844794273376
0.9855010509490967
0.9996045827865601
0.8559224605560303
0.999138355255127
0.9692127704620361
0.9992104768753052
0.9910558462142944
0.9986510276794434
0.982107937335968
0.9976636171340942
0.9793082475662231
0.900072455406189
0.9951654672622681
0.999477744102478
0.9951794147491455
0.9990112781524658
0.9338328838348389
0.9994691610336304
0.9623309373855591
0.9327818751335144
0.9930243492126465
0.9984262585639954
0.9933306574821472
0.9993094801902771
0.985287606716156
0.9996749758720398
0.9965054988861084
0.9993433952331543
0.9953083992004395
0.9998476505279541
0.9956260323524475
0.9974791407585144
0.9963597059249878
0.9998245239257812
0.9146777391433716
0.9989941716194153
0.9239726066589355
0.9964131116867065
0.9919272661209106
0.9994445443153381
0.9779343008995056
0.9993370771408081
0.9927321672439575
0.9991148710250854
0.9714779853820801
0.9996746778488159
0.9811105728149414
0.9935951232910156
0.9856321215629578
0.9983882904052734
0.9707187414169312
0.9976701736450195
0.9847106337547302
0.9998060464859009
0.9850140810012817
0.9993626475334167
0.9954797029495239
0.9967623949050903
0.9673187732696533
0.9998465776443481
0.977379560470581
0.9986311197280884
0.9572941660881042
0.9756914973258972
0.9915298223495483
0.9425513744354248
0.9946212768554688
0.9967979192733765
0.9483112096786499
0.9980430603027344
0.9859613180160522
0.9855756759643555
0.9741851091384888
0.9997812509536743
0.9948071837425232
0.9988797903060913
0.9812440872192383
0.9984362125396729
0.941132664680481
0.99864661693573
0.9752498269081116
0.9993188381195068
0.9902852773666382
0.9994823932647705
0.995764434337616
0.9990841150283813
0.9700056910514832
0.9991565346717834
0.9953286647796631
0.9996613264083862
0.9989434480667114
0.9879072904586792
0.9852031469345093
0.997094988822937
0.9886910915374756
0.9456033706665039
0.9909878969192505
0.9996833205223083
0.9748829007148743
0.9960630536079407
0.9365350604057312
0.9958687424659729
0.9786356687545776
0.9755489230155945
0.9910787343978882
0.9990484714508057
0.9814209938049316
0.9984664916992188
0.9900574088096619
0.9989458322525024
0.9922240972518921
0.9945837259292603
0.8592893481254578
0.9981386661529541
0.9833751916885376
0.9997433423995972
0.9849177598953247
0.9991908073425293
0.9738326072692871
0.9969033002853394
0.965557336807251
0.9991910457611084
0.9742556810379028
0.9117224216461182
0.9882554411888123
0.9997968673706055
0.9896271824836731
0.9972274303436279
0.9962326884269714
0.9992819428443909
0.9897291660308838
0.9869413375854492
0.9909504652023315
0.9996494650840759
0.9854475855827332
0.9998606443405151
0.9877978563308716
0.9987658262252808
0.9626685380935669
0.9998199343681335
0.9714212417602539
0.9986633062362671
0.9741522073745728
0.9965278506278992
0.9959691166877747
0.9986211061477661
