0.9651391506195068
0.9969620704650879
0.9769203662872314
0.9532344341278076
0.9731748700141907
0.9716789722442627
0.970802903175354
0.9870128631591797
0.9664530754089355
0.9890297055244446
0.9793559908866882
0.9957195520401001
0.9642554521560669
0.9968714714050293
0.9261804223060608
0.9955390691757202
0.9832860827445984
0.9949881434440613
0.9822885990142822
0.9753870964050293
0.9621196985244751
0.9920032024383545
0.9894275069236755
0.9785898327827454
0.9888564944267273
0.9975003004074097
0.9677742123603821
0.9896577596664429
0.9679100513458252
0.9307047724723816
0.8997312188148499
0.9303203821182251
0.9614545702934265
0.9972633719444275
0.9880887269973755
0.8637486696243286
0.9754272699356079
0.9920073747634888
0.9846624732017517
0.9826258420944214
0.9820913672447205
0.9922055602073669
0.9198916554450989
0.9935174584388733
0.9783841967582703
0.9903123378753662
0.9842939376831055
0.9769623875617981
0.9561831951141357
0.9502764344215393
0.8059622049331665
0.9873441457748413
0.9770122170448303
0.9895842671394348
0.9809982180595398
0.9971486926078796
0.9060183763504028
0.9933875799179077
0.9531890749931335
0.9948419332504272
0.9770427346229553
0.9961768388748169
0.9148765206336975
0.9804505109786987
0.885543167591095
0.9509137868881226
0.9764940738677979
0.9871132969856262
0.9772313833236694
0.9880397915840149
0.9284639954566956
0.9981805682182312
0.937764585018158
0.9248496294021606
0.9852278828620911
0.9894225597381592
0.9755991697311401
0.9905464053153992
0.9670583605766296
0.9818609952926636
0.9760153293609619
0.9557719826698303
0.9906986951828003
0.9942890405654907
0.9889469742774963
0.9839381575584412
0.96958327293396
0.9968756437301636
0.9137092232704163
0.9701606035232544
0.9289727807044983
0.9883286952972412
0.9497110247612
0.965501606464386
0.9367007613182068
0.9931557774543762
0.9473759531974792
0.9047853350639343
0.889675498008728
0.9861587882041931
0.9540982842445374
0.9759986996650696
0.9584243893623352
0.9817299842834473
0.9632281064987183
0.9864304065704346
0.9744501113891602
0.9948153495788574
0.98145991563797
0.998254656791687
0.9835828542709351
0.9851183891296387
0.9704934358596802
0.9883119463920593
0.9663829207420349
0.9909098744392395
0.9679185152053833
0.8965579867362976
0.9673108458518982
0.9469997882843018
0.9778099656105042
0.989916980266571
0.9744763970375061
0.9844658374786377
0.9580751061439514
0.994788408279419
0.9663017988204956
0.9955565929412842
0.9858788251876831
0.9647910594940186
0.9566359519958496
0.9952592253684998
0.9560990929603577
0.9814981818199158
0.9422261714935303
0.993076741695404
0.9803805947303772
0.9870703816413879
0.9695054292678833
0.9877763390541077
0.9742860198020935
0.9894509315490723
0.9854400157928467
0.9950765371322632
0.9829503297805786
0.9894506335258484
0.9507302045822144
0.9534188508987427
0.9218244552612305
0.9633732438087463
0.9793790578842163
0.9900577068328857
0.9348231554031372
0.9802608489990234
0.9192443490028381
0.9923620820045471
0.9723120331764221
0.964145839214325
0.9742710590362549
0.9903247952461243
0.9443347454071045
0.9931424856185913
0.986770510673523
0.9722201228141785
0.9461690187454224
0.9706931710243225
0.8413161635398865
0.9967738389968872
0.9640440940856934
0.9909968376159668
0.932231605052948
0.9897367358207703
0.9450170397758484
0.9777849316596985
0.9773106575012207
0.9933586120605469
0.9248643517494202
0.9451180696487427
0.9766920804977417
0.9959844350814819
0.9543077349662781
0.9401847720146179
0.9658387303352356
0.9896335005760193
0.9917899370193481
0.977000892162323
0.973683774471283
0.9908642172813416
0.9614159464836121
0.9842304587364197
0.9687981605529785
0.9891695380210876
0.9412694573402405
0.9891372919082642
0.9747267961502075
0.9790229201316833
0.9304044246673584
0.9846539497375488
0.9799050092697144
0.9804372787475586
