0.9247063398361206
0.9555742144584656
0.9607959985733032
0.9480215907096863
0.9090543985366821
0.8913558721542358
0.962688684463501
0.9633321166038513
0.8853928446769714
0.9586946964263916
0.9648759961128235
0.9607176780700684
0.8969184756278992
0.9379793405532837
0.9107701182365417
0.9695704579353333
0.9507541060447693
0.860421359539032
0.7526581883430481
0.8538445830345154
0.9247807264328003
0.7781088352203369
0.8171206712722778
0.8564937114715576
0.9342750310897827
0.9152538776397705
0.92325758934021
0.9569408893585205
0.8997515439987183
0.9131355881690979
0.8430140614509583
0.9260458946228027
0.925196647644043
0.8893948793411255
0.8211035132408142
0.7190897464752197
0.8896831274032593
0.9424216151237488
0.9386929869651794
0.9627690315246582
0.8115367293357849
0.9303492903709412
0.8135223984718323
0.917509913444519
0.9562865495681763
0.8201000690460205
0.8945261240005493
0.48727962374687195
0.9152395725250244
0.8560737371444702
0.7913891673088074
0.8665162324905396
0.9184402227401733
0.9701000452041626
0.9368466734886169
0.8617807626724243
0.8977827429771423
0.9331632852554321
0.8211878538131714
0.9699426293373108
0.9235647916793823
0.944412887096405
0.9026460647583008
0.8882731795310974
0.8256218433380127
0.8957876563072205
0.9379536509513855
0.9109017252922058
0.8397331833839417
0.9260955452919006
0.8759053945541382
0.9486669301986694
0.924895167350769
0.8613426089286804
0.8868552446365356
0.9081307053565979
0.9332915544509888
0.9346466660499573
0.9270730018615723
0.9566382169723511
0.8103433847427368
0.8465129137039185
0.8387486338615417
0.904925525188446
0.8965961337089539
0.9682766795158386
0.9383792877197266
0.9532487392425537
0.754275381565094
0.9407417178153992
0.738990068435669
0.9349200129508972
0.8532185554504395
0.9004333019256592
0.9407736659049988
0.9531298279762268
0.9084615111351013
0.7621493339538574
0.8146913051605225
0.9564279913902283
0.9300905466079712
0.9306729435920715
0.9069803357124329
0.9557998776435852
0.8498689532279968
0.8819586038589478
0.9548677802085876
0.9666693210601807
0.8644654154777527
0.9442881345748901
0.9052640199661255
0.8684020638465881
0.8266279697418213
0.9460896849632263
0.9275672435760498
0.6963076591491699
0.9366211295127869
0.8395543098449707
0.9222956299781799
0.7921142578125
0.8998215198516846
0.957126796245575
0.7709246873855591
0.8818328380584717
0.7903727889060974
0.9551887512207031
0.8653498888015747
0.9152458906173706
0.9605797529220581
0.8694173693656921
0.929551362991333
0.9699023962020874
0.8647760152816772
0.9003058075904846
0.910994291305542
0.9258248805999756
0.9514826536178589
0.9433249235153198
0.922086775302887
0.916070282459259
0.9632502794265747
0.9478455185890198
0.9522829651832581
0.9560674428939819
0.9243337512016296
0.9619362950325012
0.934937596321106
0.9119232296943665
0.8666258454322815
0.7865405082702637
0.8718591332435608
0.905090868473053
0.901668906211853
0.9349167943000793
0.8214112520217896
0.7689951658248901
0.9249890446662903
0.8750559687614441
0.6825422048568726
0.8908100724220276
0.9145689010620117
0.8709485530853271
0.954849123954773
0.9052982926368713
0.8098828792572021
0.8900793194770813
0.6931062936782837
0.7858235836029053
0.9104334712028503
0.963009774684906
0.8616101145744324
0.8757653832435608
0.9298111796379089
0.9467865824699402
0.9262205958366394
0.9453798532485962
0.914480984210968
0.8659971356391907
0.9298745393753052
0.83089280128479
0.812084436416626
0.9176647663116455
0.841141939163208
0.9396144151687622
0.8332779407501221
0.8343820571899414
0.9519788026809692
0.787606954574585
0.8683250546455383
0.896537721157074
0.935606837272644
0.8821478486061096
0.9114970564842224
0.9629198312759399
0.9156967401504517
0.9431957006454468
0.815453052520752
0.9158393144607544
0.9177624583244324
0.8801459074020386
