-1.3443394899368286
-0.9287818074226379
-1.4580574035644531
-1.3606929779052734
-1.6644384860992432
-1.4195291996002197
-1.5219463109970093
-1.0135016441345215
-1.681631088256836
-1.1283150911331177
-1.2900370359420776
-0.9149705767631531
-1.715312123298645
-0.9540223479270935
-1.5209680795669556
-1.1336612701416016
-1.583599328994751
-0.9871894121170044
-1.569320559501648
-1.077059268951416
-1.1663988828659058
-1.0994948148727417
-1.1496233940124512
-1.1325445175170898
-1.0811498165130615
-0.9476245641708374
-1.5125088691711426
-1.0230599641799927
-1.483262538909912
-1.8164294958114624
-1.5719889402389526
-1.1928369998931885
-1.1022971868515015
-1.0420774221420288
-1.313925862312317
-0.9499651193618774
-1.2511358261108398
-1.1262779235839844
-1.7092093229293823
-1.0037569999694824
-1.450886845588684
-1.0721750259399414
-1.3527178764343262
-0.8486638069152832
-1.2063416242599487
-0.9347550272941589
-1.209712266921997
-1.1853021383285522
-1.5046515464782715
-1.1284676790237427
-1.7737882137298584
-1.078606367111206
-1.499089002609253
-1.4809677600860596
-1.5321495532989502
-0.9429098963737488
-1.3267582654953003
-0.8942972421646118
-1.250206708908081
-0.8110997676849365
-1.1712596416473389
-0.9743673205375671
-1.7033159732818604
-0.9303001761436462
-1.6309521198272705
-1.427604079246521
-1.4104958772659302
-1.121659517288208
-1.2071335315704346
-1.0988013744354248
-1.3171387910842896
-0.9980491399765015
-1.5139778852462769
-0.9670683145523071
-1.310434341430664
-0.9303262829780579
-1.9242794513702393
-1.05157470703125
-1.5632765293121338
-1.0729568004608154
-1.3818410634994507
-0.9087725281715393
-1.4193533658981323
-0.8385164737701416
-1.2561960220336914
-0.8786070942878723
-1.4279005527496338
-1.2165110111236572
-2.351346969604492
-0.816880464553833
-1.523084282875061
-0.889953076839447
-1.3526335954666138
-0.9322705864906311
-1.5167746543884277
-1.071289300918579
-1.1863195896148682
-0.9112735986709595
-1.9110110998153687
-1.0699248313903809
-1.3849806785583496
-1.0536832809448242
-1.3871980905532837
-1.0848139524459839
-1.5334776639938354
-0.9967381358146667
-1.0128161907196045
-0.9286392331123352
-1.2902148962020874
-1.120147466659546
-1.3625729084014893
-1.0041582584381104
-1.4724607467651367
-0.9833964705467224
-1.466435194015503
-1.2280884981155396
-1.307700276374817
-1.2524306774139404
-1.366646409034729
-1.5477135181427002
-1.2860480546951294
-1.0375365018844604
-1.1977726221084595
-1.039407730102539
-1.5505439043045044
-0.9294448494911194
-1.57240891456604
-1.0787701606750488
-1.399391770362854
-0.8869049549102783
-1.2864952087402344
-1.2317192554473877
-1.3938896656036377
-1.0751386880874634
-1.4651994705200195
-1.0398634672164917
-1.66221284866333
-0.9999264478683472
-1.2339640855789185
-1.054349422454834
-1.188018560409546
-1.0295013189315796
-1.7706598043441772
-1.1379019021987915
-1.1749980449676514
-1.0297117233276367
-1.755406141281128
-0.948009192943573
-1.0632903575897217
-1.0140385627746582
-1.4899245500564575
-1.084002137184143
-1.3287349939346313
-0.9381080865859985
-1.3859267234802246
-0.844028651714325
-1.2659943103790283
-1.0084015130996704
-1.4517360925674438
-1.0474735498428345
-1.519950270652771
-0.9970734119415283
-1.4768656492233276
-1.0100481510162354
-1.102168083190918
-1.200846552848816
-1.408133625984192
-0.9193389415740967
-1.4703022241592407
-1.0671480894088745
-1.309746265411377
-0.9117785692214966
-1.2741209268569946
-1.2001150846481323
-1.321286678314209
-1.1953840255737305
-1.6583058834075928
-1.19398033618927
-1.501164436340332
-0.8647381067276001
-1.5225915908813477
-1.1232627630233765
-1.392493486404419
-0.9846857190132141
-1.3705413341522217
-1.1359378099441528
-1.423978567123413
-1.0561727285385132
-1.4440743923187256
-0.9197213649749756
-1.640767216682434
-1.0614975690841675
-1.573716640472412
-0.8216708898544312
-1.3538124561309814
-0.8856640458106995
-1.2792130708694458
-1.1161476373672485
-1.38997220993042
-1.2864620685577393
