0.9915295839309692
0.9975234866142273
0.9882005453109741
0.9929074645042419
0.9570074081420898
0.9932413697242737
0.9931846857070923
0.998144805431366
0.9843139052391052
0.996429443359375
0.9932953119277954
0.9962126016616821
0.9799989461898804
0.9966723322868347
0.9474869966506958
0.9997826814651489
0.9924628138542175
0.9992387294769287
0.9865065813064575
0.9972915649414062
0.9795518517494202
0.9976179599761963
0.9017779231071472
0.9921430349349976
0.9970104694366455
0.99950110912323
0.9653670787811279
0.998772919178009
0.9860957860946655
0.9300092458724976
0.9877758026123047
0.9483758807182312
0.9793574810028076
0.9982032775878906
0.9943718314170837
0.8636577129364014
0.9570845365524292
0.9969372749328613
0.9862878322601318
0.9983221888542175
0.9931645393371582
0.9988260269165039
0.9823498129844666
0.9993473887443542
0.9788938760757446
0.9970499873161316
0.9920375347137451
0.9903888702392578
0.9684098958969116
0.996193528175354
0.9388364553451538
0.9989924430847168
0.9882151484489441
0.9915859699249268
0.9848237037658691
0.998941957950592
0.8483729958534241
0.9985171556472778
0.9635446071624756
0.9990444183349609
0.9874988794326782
0.9976407289505005
0.9799013733863831
0.9893032312393188
0.9796104431152344
0.898306131362915
0.9946622848510742
0.9990942478179932
0.9925742149353027
0.9912326335906982
0.9303420782089233
0.999260663986206
0.9624168872833252
0.8882418870925903
0.9914036989212036
0.9975072145462036
0.9757263660430908
0.9990526437759399
0.9841352105140686
0.9981088638305664
0.9962758421897888
0.9985567927360535
0.9958914518356323
0.9981729984283447
0.9954857230186462
0.992129921913147
0.9940392971038818
0.9994248747825623
0.9016405344009399
0.9903552532196045
0.9229545593261719
0.9956569671630859
0.9427566528320312
0.9989294409751892
0.9771901369094849
0.9963573217391968
0.9760618805885315
0.9983463883399963
0.9660732746124268
0.9993900060653687
0.9777319431304932
0.9933251142501831
0.9838243722915649
0.9978982210159302
0.9703972339630127
0.9946689605712891
0.9839315414428711
0.9964630007743835
0.9856641292572021
0.9970090389251709
0.9948314428329468
0.9938501119613647
0.9647786021232605
0.9960049390792847
0.9778779745101929
0.9717791080474854
0.9566233158111572
0.9715926647186279
0.9890649318695068
0.9390960931777954
0.9942729473114014
0.9964396953582764
0.943981409072876
0.9913479089736938
0.9677692651748657
0.9851043224334717
0.9732450246810913
0.9995458126068115
0.9936329126358032
0.9986950159072876
0.9764837026596069
0.9951194524765015
0.9383687973022461
0.9947254657745361
0.9789795875549316
0.9990369081497192
0.9837428331375122
0.9988317489624023
0.9952088594436646
0.9983762502670288
0.9714624285697937
0.9933277368545532
0.9949415326118469
0.9992703795433044
0.9981669783592224
0.9848569631576538
0.984210193157196
0.9961060285568237
0.9821200370788574
0.9135265350341797
0.9871827363967896
0.9948800802230835
0.9700870513916016
0.9951679706573486
0.9329694509506226
0.9942556619644165
0.9756675362586975
0.9777621030807495
0.9924041628837585
0.9986931085586548
0.9699982404708862
0.997503399848938
0.9894523620605469
0.9965330362319946
0.992478609085083
0.9741144180297852
0.8564739227294922
0.9918420314788818
0.9811385273933411
0.996414065361023
0.9771960377693176
0.9945100545883179
0.9692667722702026
0.9962129592895508
0.9650752544403076
0.9957855939865112
0.9725604057312012
0.9048482775688171
0.985907793045044
0.9996947050094604
0.9891088008880615
0.9971131086349487
0.9938045740127563
0.9969778060913086
0.988685131072998
0.9862890243530273
0.9917421340942383
0.9979954957962036
0.985288143157959
0.9966897964477539
0.982092559337616
0.9979211091995239
0.9595110416412354
0.9985216856002808
0.9670613408088684
0.9978384375572205
0.9672243595123291
0.9953339695930481
0.9944729804992676
0.9949911832809448
