0.9407566785812378
0.9822308421134949
0.9720849394798279
0.9504683017730713
0.939932644367218
0.9709991812705994
0.9619738459587097
0.9823560118675232
0.9305405616760254
0.9808831810951233
0.963604211807251
0.9931274056434631
0.9353998899459839
0.9374515414237976
0.9207600951194763
0.9839604496955872
0.9500689506530762
0.9495329856872559
0.8196431398391724
0.9494693875312805
0.9534400105476379
0.819994330406189
0.8502197861671448
0.9010846614837646
0.9694516062736511
0.9404783844947815
0.9623841047286987
0.9804524183273315
0.9256585240364075
0.9352256655693054
0.8885160088539124
0.9310477375984192
0.9576034545898438
0.994049608707428
0.8682738542556763
0.8313972353935242
0.9531179070472717
0.9832790493965149
0.9553576707839966
0.9825997948646545
0.9774141311645508
0.9506312012672424
0.9010285139083862
0.9803765416145325
0.9642748832702637
0.8919199109077454
0.924932599067688
0.9557826519012451
0.9252976775169373
0.8781655430793762
0.8125600814819336
0.974030613899231
0.9194604158401489
0.9877828359603882
0.9566195011138916
0.9917480945587158
0.9134924411773682
0.9780185222625732
0.8639927506446838
0.9824727773666382
0.9730516672134399
0.9772723913192749
0.8970041871070862
0.8914680480957031
0.8815889954566956
0.906157910823822
0.9674801826477051
0.9703920483589172
0.9704582095146179
0.9569467902183533
0.9021711945533752
0.9833175539970398
0.9309682250022888
0.8890637159347534
0.9787566661834717
0.9199273586273193
0.9648318886756897
0.9870823621749878
0.9518399238586426
0.9786245822906494
0.8535901308059692
0.9346871376037598
0.9486798048019409
0.9608197808265686
0.9067496061325073
0.9763413667678833
0.947691798210144
0.9889606833457947
0.8916784524917603
0.9682075381278992
0.892210066318512
0.9660931825637817
0.9064815044403076
0.949937641620636
0.9253127574920654
0.971207320690155
0.939277172088623
0.7796578407287598
0.8747881650924683
0.9800388813018799
0.9316582083702087
0.9689651727676392
0.9336013197898865
0.9748284220695496
0.8970488905906677
0.9046599864959717
0.9642009139060974
0.9887235164642334
0.965010404586792
0.9614364504814148
0.970505952835083
0.953498125076294
0.9664732813835144
0.9764098525047302
0.9623817205429077
0.9173017740249634
0.9736132025718689
0.8565186262130737
0.9389912486076355
0.9487675428390503
0.9213210940361023
0.982333242893219
0.9360871911048889
0.895628035068512
0.8470926284790039
0.988193929195404
0.9557239413261414
0.9693414568901062
0.9787070155143738
0.8749679923057556
0.9264549612998962
0.9913516640663147
0.9281215667724609
0.9219930768013
0.9353998303413391
0.9789794087409973
0.970831036567688
0.973712146282196
0.9634777903556824
0.9842982292175293
0.9711880087852478
0.9759226441383362
0.9719411134719849
0.9656908512115479
0.9425933957099915
0.9734954833984375
0.9463561773300171
0.9374527335166931
0.9087345004081726
0.8837602734565735
0.964034378528595
0.9677250385284424
0.9413933753967285
0.9680480360984802
0.8907115459442139
0.9461556673049927
0.9670279026031494
0.9041947722434998
0.9481454491615295
0.9206608533859253
0.9327557682991028
0.9771459102630615
0.9776262044906616
0.9538506865501404
0.9422551989555359
0.9155092239379883
0.8291647434234619
0.9924039840698242
0.9397631883621216
0.9790241718292236
0.8992317318916321
0.9805440902709961
0.9260526299476624
0.9695215225219727
0.9726730585098267
0.9834740161895752
0.9251039028167725
0.9104761481285095
0.9672518372535706
0.9887100458145142
0.8873807787895203
0.9186608791351318
0.9661492705345154
0.9582844972610474
0.9807766079902649
0.967777669429779
0.9685947895050049
0.9857361316680908
0.9492690563201904
0.9506765007972717
0.9658290147781372
0.9787678718566895
0.923978865146637
0.9844710826873779
0.9592006206512451
0.9462788105010986
0.8505396246910095
0.9764858484268188
0.9673832654953003
0.9745503067970276
