0.5256481556857782
0.5275952850449989
0.4828120151269264
0.5146793291331617
0.5115348275705706
0.49892167265230014
0.5519973455745604
0.5633946034562368
0.4550888066802968
0.5889317668581882
0.8413410566709546
0.47977777364928686
0.5993553379530233
0.6076256584161903
0.541371815466665
0.594473650355539
0.5005950566478687
0.5556301421644818
0.5090235440581461
0.4939254355526384
0.5625296771130104
0.5907136578979039
0.6000082082692828
0.5281105410498516
0.5414552671884316
0.5533596324591791
0.60899341563786
0.5780070003511315
0.5878699668193262
0.5009352605379299
0.5202083747694508
0.6215256972926364
0.5472401631681821
0.6346656920501913
0.5305735097978865
0.5099177532102581
0.6074894128774504
0.5575067122865354
0.5287796943154562
0.5404761317899847
0.6130648785342955
0.5636074189944135
0.47329727720345605
0.5592417399869031
0.5178692592908114
0.5769315368710684
0.5104027666608261
0.5007297347001285
0.5830486303477992
0.48947329867674855
0.5092190907033134
0.589480691481709
0.516585464181592
0.6508256737809628
0.5016742081447964
0.5548098434004475
0.552880114719499
0.6131405868389885
0.5362806314573525
0.578325196858183
0.4989133857454793
0.6217557198660715
0.6242326152472374
0.5780819293192747
0.48048273056583307
0.5892860588349825
0.4914735124074425
0.4872414826636488
0.5408475980544041
0.5967131113235009
0.5756798341734238
0.5008022093357212
0.5362384259673599
0.5811221892052826
0.4753579471860159
0.5604095857677248
0.49818733047771596
0.49338050876190315
0.5300544421110299
0.5098284932019403
0.48465445147552527
0.5026534457440537
0.5129894578313253
0.5367535425101214
0.5498199968891484
0.5735377626348664
0.6020912607200803
0.6192135390741663
0.6291056588840523
0.5271314400520551
0.5070247241037605
0.6223170614408514
0.5408519578199871
0.5519592964821889
0.5571087928087968
0.506221582733813
0.5906873011618807
0.4936724097008154
0.5019643099983379
0.5367053230758946
0.5508668184593919
0.5323060825774746
0.5740303754302135
0.597970327184128
0.6289873559537382
0.5637652206351051
0.550285018940903
0.6058113409608871
0.55855451366815
0.6108836336984678
0.5796680442416866
0.5848392647023727
0.6144525043552677
0.5632828090386482
0.5319027339933264
0.4549081513961432
0.5918703258792306
0.5946019667914394
0.5330920327930746
0.5871744098815402
0.5899277810415511
0.5657744596836549
0.6657449692714926
0.5923259406600804
0.5394993939411232
0.5624933324685478
0.5808308633477552
0.4964802130898021
0.5822461893295253
0.6168279432393263
0.5527412343588168
0.5085053817959636
0.5416091954022988
0.5015237129991544
0.501734556344868
0.5487687995731079
0.5094256452025693
0.5373588844591891
0.5991749215537907
0.5688650630741944
0.5323828490329033
0.58940558550992
0.5345504543646544
0.5339712918660287
0.4983422049721001
0.5559938886896171
0.6034859521331947
0.5914606928406467
0.5301796058195982
0.6090026478375994
0.5531388216465967
0.5480369251085658
0.5181568041505266
0.5246867706533165
0.4866242608212397
0.5501326017375401
0.4955736725145039
0.6537756825573283
0.520402478080215
0.5208297866240719
0.5396951124746647
0.5503390304428366
0.4699952417324599
0.5243963604154177
0.5998303167420814
0.5272952816422414
0.4985762819960137
0.5406873014762781
0.5400392066126544
0.4772536687631027
0.580187812369846
0.607383623531259
0.5725695738289456
0.502184599156118
0.5702060089061503
0.5806605613771714
0.575187969924812
0.6211062522616162
0.5832628134072314
0.6147498531016538
0.6272547677599463
0.5393093655084962
0.5548665593202919
0.550585891612499
0.4744570773567955
0.5696102341447872
0.5683305399068913
0.5604167806907121
0.5245401807740631
0.6325194838347992
0.48792116973935157
0.6191549048813926
0.4997395833333333
0.5720732466620191
0.5591630848897198
0.5975889951229348
0.5880265104913414
0.5811082628892329
0.5498677248677251
0.5066572860565107
