0.8912364382005992
0.9595920888854823
0.895701570538007
0.9179888224731622
0.9003462417899917
0.9339978747745011
0.8947845614677593
0.9691732895778142
0.7387360334622549
0.9644421154409403
0.924747015442285
0.920372719327297
0.9303018584385839
0.9716081657760178
0.9124406504813463
0.9470181507164855
0.8521966412165771
0.9137132657284768
0.8492672049529689
0.9360113252172476
0.9067717332106371
0.9629972311649229
0.9185042927441405
0.9642579696959093
0.9157500134543628
0.9829174758246784
0.905432921467907
0.9594408997133183
0.906189228111373
0.9426665138638372
0.865994393843311
0.934000667964787
0.9122007527023939
0.9628904631701054
0.9043980507449852
0.9627568346520652
0.9352608709362092
0.9149992749952053
0.9216629298327138
0.9565984763832183
0.9430852521929823
0.9585301601126391
0.8445138891154178
0.9561852625047668
0.8502195210377648
0.9617533331000455
0.9047841462600921
0.9055980917771719
0.8923119132788553
0.9661897762747138
0.88786251516165
0.953383732462431
0.9017078279977544
0.8966701108235221
0.9147712657570236
0.9577643600996281
0.9022007408701915
0.9607338820301784
0.9018359396433471
0.9549508685715041
0.8941745637080127
0.9549672148534495
0.9112861570247933
0.9447154094363114
0.8833530534193936
0.9264636421024625
0.940025708667711
0.9085188849123917
0.9121680489903286
0.9622233179925488
0.93250875
0.9523648924863053
0.8251790215851691
0.9487539157674905
0.9003369426660365
0.9448051435258257
0.8929582939275608
0.9524728177614101
0.9022130556277124
0.9178536515208388
0.9121522506507681
0.9373889068454071
0.9528120770474252
0.9526957256399025
0.9096155776372579
0.9557747237594079
0.8887482144607672
0.9612681285441279
0.9640897511267882
0.927630554592053
0.8691450636284624
0.950979651662249
0.89546106457366
0.9604071003170044
0.9365634323220938
0.9560015959192621
0.9419990999380603
0.9632549543881724
0.8149476832568631
0.9440387589137715
0.8968411237883549
0.9239109083664682
0.9082243873608659
0.954541847146485
0.8954247384378146
0.9529126059702041
0.8947018200493937
0.947697559509335
0.9032994895101952
0.9685719998553247
0.87899479458499
0.9659218388851347
0.9092793221557666
0.9456499040913438
0.883441691078808
0.9222241955495077
0.9455386806925269
0.9350239461358314
0.9252916883884008
0.9506355353022398
0.8953169698203283
0.9515462953526043
0.9577289432677665
0.9585560861779836
0.8896836612342779
0.9459737204152968
0.941442668119053
0.9498981872942565
0.8896953479359596
0.9639809979679875
0.9256286942943336
0.9439818656914771
0.8893888182714311
0.9536168200090428
0.9164143256538623
0.9451182520271192
0.9111214729700302
0.9468291700036808
0.9362727876038269
0.9608986234937201
0.9274415328118519
0.9579403125
0.8553344698227919
0.9445212765957449
0.9399781068854365
0.9457343414920794
0.9347618864094758
0.9389699024988489
0.910782840655096
0.9642293451357227
0.8880584094206662
0.9268726042191126
0.8791584483892175
0.9355085474892987
0.9194766825381269
0.9554980431763667
0.9517338151943044
0.9381976207646292
0.9020001914058761
0.9502981651376147
0.9213047739911888
0.9577072665715325
0.8380785175398284
0.9475813765605571
0.9416907788756528
0.955439729848774
0.8679352217494724
0.954540634351617
0.9186407766990291
0.9148086540691688
0.9111926020408163
0.959614230277843
0.9176758841106456
0.9473127552723323
0.9234750548102142
0.9661054403790668
0.9167768673279948
0.9532337407377066
0.8912743699476937
0.9543068630370218
0.93658447265625
0.9381014586905012
0.9028055924685097
0.9561165043359392
0.8633209723597008
0.9509802128608124
0.8867730777626328
0.9571649959445945
0.8900139217289461
0.9710117580022738
0.8110687022900764
0.9536561829398751
0.8251320833333335
0.9512469367798488
0.9382967936360213
0.950243618773018
0.9376098653747214
0.9580167930549831
0.8889428867190222
0.9616760420599698
