0.7113639558425389
0.7752973141125278
0.7347612021263896
0.7935680789472735
0.7124405353578195
0.7019764962193732
0.7456681366227066
0.8149844038452252
0.5852368208118027
0.7906302311903362
0.8656327874688501
0.7540350593292667
0.7768289085545722
0.7794880578507454
0.7675827314268868
0.7695074909596914
0.7110952133194589
0.8091395185672027
0.7357706396167935
0.7031749331601443
0.7118873190301762
0.7923720508611608
0.7092934828555866
0.7518916939916216
0.7571056270827333
0.7918941399526443
0.8108687700045726
0.7995940791545648
0.7521773638095197
0.6950170230893459
0.7004539538427351
0.7797178493648915
0.7373274343689489
0.8175991873259372
0.7214308425329761
0.7527928810189953
0.7749248034718758
0.7493577075775442
0.7066523321142002
0.7790196508145226
0.7808824273591858
0.7744258224705153
0.653987037957215
0.7487140076618882
0.7014603648529302
0.8159893433523131
0.725034467232204
0.7368238561417306
0.7703930139339569
0.7921788408779149
0.7067739608660811
0.81418321108496
0.7433954126917343
0.7748874942668623
0.7067737213456264
0.762109760178557
0.7420033054311691
0.8206956572858807
0.7017736869018921
0.798076923076923
0.6948348999023439
0.8057154882865244
0.7861778664428146
0.7554898871189293
0.7390891656819636
0.7517202724679445
0.7720613452481585
0.6919612992619975
0.7607062359128475
0.8242731017456292
0.7625249095483069
0.8045973588306752
0.7193482573155473
0.7941123240034095
0.6884243137536128
0.7562547212494852
0.708675619953617
0.7768779147235175
0.739643614569874
0.7554334134673835
0.6585685479739506
0.754775065506967
0.804174580467425
0.7534488253505736
0.7630714302483849
0.7830551856750625
0.7045277444432849
0.7994964165142596
0.8532676091269842
0.7014618367796238
0.6707351448866838
0.7743746822204713
0.7425559887486128
0.8177142759487995
0.7138111206288124
0.8170481115107914
0.7820447387176127
0.7769628264243974
0.6883126076441296
0.7495366079703427
0.7483481027039309
0.7655949188668867
0.7217848154936757
0.8139240829088739
0.7749890555863072
0.7991585004168548
0.7168819692110482
0.7701030678771568
0.7231907146108331
0.8415958869903328
0.7338125511130807
0.7975303567894553
0.8003490698565408
0.7774499603904333
0.7560822149390761
0.7268831776933629
0.7406018141273913
0.7811189897938532
0.7383463452495092
0.8111747494696805
0.7269886433832687
0.7737470165419048
0.831245313541337
0.7767828489592902
0.7251733335553778
0.7650371426591014
0.8064208518753975
0.730841205479452
0.7310776520618602
0.80798091650973
0.7242042587725873
0.6706870814508329
0.7050911645313094
0.7855720061264195
0.676510756738343
0.7803341445025531
0.7625735213560889
0.7248135839726346
0.7668846887950217
0.7924383442116698
0.7273296210106382
0.7882809166404032
0.7260758570242521
0.771632285602396
0.7444610388824328
0.7577441177886326
0.7882172285036243
0.8215485387000507
0.6665993875041304
0.8260084374969411
0.7567043470269277
0.7225700901509398
0.7450297905448291
0.7699657327151784
0.6999449043176067
0.7821537895979583
0.7431270478626983
0.7912927302053756
0.7554668735993499
0.7444677120130119
0.7431874703319021
0.7521322969864123
0.6667195880397084
0.748509248589233
0.8102081909637879
0.7958633093525179
0.7062556106480932
0.8293089438774357
0.7912097288944132
0.729800009626492
0.7877986736114897
0.8118333884652177
0.7556832192628012
0.7406271584126459
0.7920724987341017
0.8090594944661931
0.7581649146828444
0.7949591209114564
0.7285440802149507
0.813298271975958
0.8342786129140639
0.7632955536903441
0.7829439100959472
0.8014259839965397
0.6576680640671817
0.7831940432785641
0.718813407050868
0.8019979231161095
0.7301063197839605
0.8475039634383378
0.658540076335878
0.8152060961951706
0.6759131843622438
0.7740019926505618
0.7283226101704041
0.7962108055988326
0.7591006254733275
0.7574881321601653
0.8082857158585458
0.7901940653562038
