0.819503903388977
0.9056411385536194
0.9622741341590881
0.9754943251609802
0.8583162426948547
0.8891393542289734
0.8761675357818604
0.9367128014564514
0.7967444658279419
0.913453221321106
0.924332320690155
0.939611554145813
0.9295787811279297
0.9419293999671936
0.8707751035690308
0.9571936726570129
0.9345742464065552
0.8605755567550659
0.9411302804946899
0.8473830223083496
0.85005784034729
0.7789794206619263
0.9294880628585815
0.9713592529296875
0.8825282454490662
0.9329891800880432
0.934524416923523
0.9122533798217773
0.8836774826049805
0.9412748217582703
0.8837598562240601
0.9175001978874207
0.8174088597297668
0.9796517491340637
0.9471839070320129
0.8828631043434143
0.831023097038269
0.9427943825721741
0.7923181056976318
0.9588128328323364
0.8653729557991028
0.9416858553886414
0.7539005279541016
0.9011400938034058
0.9530872702598572
0.8196224570274353
0.8704879283905029
0.9682556986808777
0.947074830532074
0.8579620122909546
0.9295744299888611
0.9732364416122437
0.9451303482055664
0.9601881504058838
0.8696107268333435
0.8546866178512573
0.7866604328155518
0.9648022651672363
0.882932186126709
0.9616426825523376
0.910248875617981
0.964543879032135
0.8416147232055664
0.9239083528518677
0.9023000001907349
0.8974773287773132
0.8852096796035767
0.9574042558670044
0.7389744520187378
0.8856155872344971
0.8877123594284058
0.9193828701972961
0.869427502155304
0.8565731644630432
0.9399821758270264
0.8878419995307922
0.9146358966827393
0.962489664554596
0.7188825011253357
0.9494768381118774
0.7207900285720825
0.8759073615074158
0.8725166916847229
0.919964611530304
0.960930347442627
0.9563103318214417
0.9052265882492065
0.8476390838623047
0.8637226819992065
0.9446362257003784
0.7680259346961975
0.9305626153945923
0.9029465317726135
0.92848801612854
0.9204404354095459
0.9558196663856506
0.8557902574539185
0.7569525837898254
0.7694924473762512
0.9538364410400391
0.946502685546875
0.9081220626831055
0.8584286570549011
0.9492926597595215
0.9161033034324646
0.9416198134422302
0.9237765073776245
0.9052591323852539
0.8892695307731628
0.8512049317359924
0.8714295625686646
0.8278185725212097
0.8282009959220886
0.9685015678405762
0.8733953237533569
0.8320026993751526
0.9150671362876892
0.9071646928787231
0.9204697608947754
0.9317431449890137
0.7936164140701294
0.9369831681251526
0.8783058524131775
0.861086905002594
0.8350986838340759
0.9743890166282654
0.7458855509757996
0.9244751930236816
0.946587085723877
0.8719808459281921
0.8619112372398376
0.9575861692428589
0.8943644165992737
0.9527857899665833
0.8937726616859436
0.832734227180481
0.9413246512413025
0.959627628326416
0.8658798336982727
0.9707395434379578
0.9127007126808167
0.936273455619812
0.7651069164276123
0.9242657423019409
0.8217383027076721
0.9722633361816406
0.9139052033424377
0.8946572542190552
0.8510146737098694
0.6583578586578369
0.8923008441925049
0.843410313129425
0.9116658568382263
0.9031094312667847
0.6985010504722595
0.855756402015686
0.8222643733024597
0.8496765494346619
0.8440477252006531
0.8850532174110413
0.9269883632659912
0.9293448328971863
0.9259971976280212
0.8656126260757446
0.8041209578514099
0.9130966663360596
0.7839187979698181
0.7694307565689087
0.8643622994422913
0.9400086402893066
0.8217649459838867
0.8942841291427612
0.949033796787262
0.9481613636016846
0.9528366327285767
0.8968955874443054
0.9433735013008118
0.911130964756012
0.877730131149292
0.7569073438644409
0.6452280282974243
0.9038832783699036
0.7385742664337158
0.900114119052887
0.904219388961792
0.7728774547576904
0.8761371374130249
0.8017501831054688
0.8726019859313965
0.8446586728096008
0.9332634806632996
0.8521806001663208
0.8560628890991211
0.8990439176559448
0.8540941476821899
0.961136519908905
0.8495469093322754
0.926212728023529
0.8816736340522766
0.9260613918304443
