-1.5237210988998413
-0.791171133518219
-1.6439032554626465
-1.0692986249923706
-1.6896899938583374
-1.3073651790618896
-1.6715197563171387
-0.8943689465522766
-2.0469298362731934
-0.9682305455207825
-1.1872671842575073
-0.8297967910766602
-1.5233412981033325
-0.8314300179481506
-1.4947288036346436
-0.9410001039505005
-1.387523889541626
-0.8844035863876343
-1.2010680437088013
-0.9539695978164673
-0.9788298010826111
-0.9354168772697449
-1.2955392599105835
-0.8556450009346008
-1.3165111541748047
-0.8743900060653687
-1.5110150575637817
-0.932064950466156
-1.517115831375122
-1.635106086730957
-1.3141933679580688
-1.0133413076400757
-1.221131443977356
-0.8136314749717712
-1.6051923036575317
-0.8296604752540588
-1.2961574792861938
-0.8905839920043945
-1.6718101501464844
-0.8724722266197205
-1.408294439315796
-0.9268897771835327
-1.6773688793182373
-0.6998791098594666
-1.3010250329971313
-0.8070059418678284
-1.3662997484207153
-0.993831992149353
-1.313805341720581
-0.9961302876472473
-1.5245164632797241
-0.8941521048545837
-1.4388781785964966
-1.419782042503357
-1.4083667993545532
-0.8586527109146118
-1.3060227632522583
-0.7947429418563843
-1.4751365184783936
-0.6954205632209778
-1.4826411008834839
-0.90634685754776
-1.5811456441879272
-0.8641847372055054
-1.3090651035308838
-1.2651954889297485
-1.2593075037002563
-0.9645910263061523
-1.1148549318313599
-0.9107926487922668
-1.1036888360977173
-0.8510851860046387
-1.4787561893463135
-0.8399160504341125
-1.4208570718765259
-0.7579317092895508
-1.874461054801941
-0.8658865094184875
-1.4796065092086792
-0.9715871214866638
-1.4937500953674316
-0.7893429398536682
-1.4402004480361938
-0.7038902640342712
-1.3326029777526855
-0.804771900177002
-1.974704384803772
-1.05867600440979
-2.108084201812744
-0.7274893522262573
-1.390690803527832
-0.7611964344978333
-1.6170594692230225
-0.7128661274909973
-1.576589822769165
-1.006772756576538
-1.3159846067428589
-0.7716926336288452
-1.6822435855865479
-0.9234263300895691
-1.4476593732833862
-0.9504354000091553
-1.437949776649475
-0.9422113299369812
-1.4424562454223633
-0.848192572593689
-1.5919249057769775
-0.8197547197341919
-1.284679651260376
-1.0035344362258911
-1.4565942287445068
-0.8765988945960999
-1.427713394165039
-0.8208343386650085
-1.4560635089874268
-1.0723179578781128
-1.471015453338623
-1.1036336421966553
-1.4370715618133545
-1.351851463317871
-1.3128197193145752
-0.9369927644729614
-2.0423202514648438
-0.9326980113983154
-1.4211095571517944
-0.8451138734817505
-1.7793725728988647
-0.8808147311210632
-1.7505866289138794
-0.8098843097686768
-1.5613653659820557
-1.1026358604431152
-1.8445967435836792
-0.91912841796875
-1.2265148162841797
-0.9669327139854431
-1.7393659353256226
-0.8765439391136169
-1.5672792196273804
-0.9052495956420898
-1.3859643936157227
-0.8149111866950989
-1.4477542638778687
-1.0064892768859863
-1.5329853296279907
-0.883747398853302
-2.0265769958496094
-0.865639328956604
-1.236572265625
-0.944819450378418
-1.31695556640625
-0.9567855000495911
-1.6119858026504517
-0.7494813799858093
-1.338523507118225
-0.7753304243087769
-1.4217748641967773
-0.8751946687698364
-1.2831765413284302
-0.9264439344406128
-1.6593841314315796
-0.8579049706459045
-1.6226580142974854
-0.89242023229599
-1.431502342224121
-1.0386873483657837
-1.7036200761795044
-0.7385438680648804
-1.3054180145263672
-0.99905925989151
-1.5168768167495728
-0.7662062644958496
-1.4311730861663818
-1.0701754093170166
-1.5468201637268066
-1.133204460144043
-1.25226628780365
-1.0143600702285767
-1.5201748609542847
-0.7662944197654724
-1.5287266969680786
-0.9836089611053467
-1.5692061185836792
-0.892350971698761
-1.4172885417938232
-1.0287370681762695
-1.4643657207489014
-0.8423502445220947
-1.81749427318573
-0.8165760636329651
-1.2745112180709839
-0.9520391821861267
-1.2048444747924805
-0.6908696889877319
-1.4180805683135986
-0.7504094243049622
-1.3717310428619385
-1.0805988311767578
-1.4068470001220703
-1.0611881017684937
