-1.2853116989135742
-1.2129671573638916
-1.9013665914535522
-1.2759491205215454
-1.5389255285263062
-1.5787184238433838
-1.7183125019073486
-1.6066670417785645
-1.7743555307388306
-1.5973213911056519
-0.9440680742263794
-1.1868171691894531
-2.191599130630493
-1.4007511138916016
-1.763094425201416
-1.4160091876983643
-1.2893121242523193
-1.4075148105621338
-1.5424199104309082
-1.2995343208312988
-1.1265474557876587
-1.3395872116088867
-1.3959084749221802
-1.61343252658844
-1.4202252626419067
-1.3198949098587036
-1.7935266494750977
-1.317493200302124
-1.473803997039795
-1.4696085453033447
-1.4678162336349487
-1.510578989982605
-1.5405176877975464
-1.321561574935913
-1.6404906511306763
-1.4193099737167358
-1.6340537071228027
-1.254445195198059
-1.5088564157485962
-1.3306108713150024
-1.6132978200912476
-1.4418165683746338
-1.61102294921875
-1.1499741077423096
-1.136212706565857
-1.4609228372573853
-1.2541581392288208
-1.47725510597229
-1.498307466506958
-1.3004112243652344
-1.5692713260650635
-1.3879268169403076
-1.2490932941436768
-1.629933476448059
-1.3884391784667969
-1.3326481580734253
-1.5239089727401733
-1.2122840881347656
-1.2714899778366089
-1.2130264043807983
-1.6479179859161377
-1.5358052253723145
-1.5552725791931152
-1.3044564723968506
-1.3402010202407837
-1.5595844984054565
-1.3146830797195435
-1.6986654996871948
-1.6740597486495972
-1.541418194770813
-1.5848380327224731
-1.352840781211853
-1.4654340744018555
-1.5482826232910156
-1.4846655130386353
-1.9249980449676514
-1.3978358507156372
-1.4767522811889648
-1.2944358587265015
-1.3568713665008545
-1.4825090169906616
-1.203292965888977
-1.3228706121444702
-1.2338005304336548
-1.942293405532837
-1.3080737590789795
-1.5161457061767578
-1.5676876306533813
-2.4784951210021973
-1.2157363891601562
-1.466204047203064
-1.2967344522476196
-1.6559280157089233
-1.0159811973571777
-1.5407295227050781
-1.648512840270996
-1.5215630531311035
-1.4656002521514893
-1.955471396446228
-1.3968641757965088
-1.552635669708252
-1.2985444068908691
-1.2934038639068604
-1.4520634412765503
-1.5475196838378906
-1.2723774909973145
-1.6937388181686401
-1.2596685886383057
-1.6159789562225342
-1.4802991151809692
-1.6049214601516724
-1.2884557247161865
-1.5897886753082275
-1.213526725769043
-1.3733582496643066
-1.601946473121643
-1.3918033838272095
-1.4010236263275146
-1.4613949060440063
-1.6964935064315796
-1.4753211736679077
-1.4493273496627808
-4.320506572723389
-1.37362539768219
-1.4290930032730103
-1.2185430526733398
-1.6537195444107056
-1.3064035177230835
-1.4997388124465942
-1.3731577396392822
-1.3276619911193848
-1.4260411262512207
-1.4232069253921509
-1.343361735343933
-1.361183762550354
-1.0742132663726807
-1.5041323900222778
-1.4510201215744019
-1.5704147815704346
-1.5839298963546753
-1.3457911014556885
-1.2935068607330322
-1.4894829988479614
-1.3721086978912354
-1.7118250131607056
-1.207553505897522
-1.575985074043274
-1.3479059934616089
-1.464087724685669
-1.5547829866409302
-1.535628318786621
-1.5110983848571777
-1.3544617891311646
-1.3819167613983154
-1.1725244522094727
-1.266430139541626
-1.204766869544983
-1.2260894775390625
-1.5115858316421509
-1.3934898376464844
-1.5710853338241577
-1.9167232513427734
-1.520671010017395
-1.1896411180496216
-1.5279998779296875
-1.5828036069869995
-1.400498390197754
-1.128993272781372
-1.401919960975647
-1.2995169162750244
-1.2788710594177246
-1.1752763986587524
-1.3460853099822998
-1.543460726737976
-1.4452060461044312
-1.6245564222335815
-1.4556304216384888
-1.3995118141174316
-1.3115155696868896
-1.4081159830093384
-1.4388225078582764
-1.4742090702056885
-1.9051144123077393
-1.2686549425125122
-1.283275842666626
-1.5777910947799683
-1.6987046003341675
-1.4754774570465088
-1.7094980478286743
-1.2710906267166138
-1.4353148937225342
-1.2399810552597046
-1.6096949577331543
-1.2311557531356812
-1.6400716304779053
-1.241064429283142
-1.6267391443252563
-1.6838196516036987
-1.4112377166748047
-1.5420048236846924
