[55, 38, 203, 139, 103, 73, 59, 151, 194, 152, 230, 147, 90, 142, 81, 223, 78, 36, 101, 160, 53, 72, 52, 204, 60, 113, 176, 156, 201, 220, 67, 92, 214, 1, 105, 125, 68, 186, 164, 106, 181, 175, 161, 84, 177, 93, 169, 35, 87, 217, 155, 45, 196, 49, 57, 62, 136]
[52, 34, 189, 128, 96, 68, 56, 139, 179, 140, 265, 136, 85, 131, 76, 258, 73, 197, 33, 94, 149, 192, 218, 225, 50, 233, 67, 48, 236, 57, 211, 106, 164, 144, 237, 193, 216, 255, 61, 205, 86, 249, 1, 98, 117, 62, 208, 215, 153, 100, 170, 163, 150, 79, 220, 172, 87, 158, 32, 82, 252, 162, 143, 41, 223, 180, 46, 54, 58, 185, 125]
[53, 35, 190, 129, 97, 70, 58, 142, 180, 143, 201, 138, 86, 132, 77, 194, 73, 33, 95, 150, 51, 69, 50, 178, 59, 107, 165, 146, 175, 191, 64, 88, 185, 1, 100, 118, 65, 162, 155, 101, 151, 79, 156, 89, 32, 82, 189, 145, 42, 168, 48, 56, 61, 94]
[52, 36, 188, 128, 98, 68, 56, 140, 176, 141, 215, 137, 85, 131, 74, 208, 71, 196, 35, 96, 148, 191, 50, 67, 49, 190, 57, 106, 163, 144, 187, 205, 61, 86, 199, 1, 100, 116, 62, 173, 152, 101, 167, 162, 149, 77, 165, 87, 156, 34, 82, 203, 143, 42, 179, 46, 54, 58]
[51, 33, 186, 124, 93, 68, 55, 138, 175, 139, 234, 135, 82, 127, 74, 227, 71, 194, 32, 91, 147, 189, 49, 67, 47, 210, 56, 102, 161, 142, 207, 190, 224, 61, 83, 219, 1, 95, 112, 62, 193, 151, 96, 166, 160, 148, 76, 184, 168, 84, 155, 31, 79, 222, 159, 141, 40, 199, 45, 53, 58, 121, 35, 113]
[49, 32, 186, 125, 92, 65, 53, 137, 176, 138, 205, 134, 81, 128, 73, 198, 68, 31, 89, 148, 47, 64, 46, 180, 55, 100, 163, 141, 196, 194, 59, 82, 187, 1, 94, 111, 60, 165, 153, 95, 150, 75, 159, 83, 30, 78, 190, 140, 40, 171, 44, 51, 56, 122, 35]
[53, 35, 127, 94, 68, 57, 140, 141, 180, 137, 84, 130, 74, 174, 71, 34, 92, 149, 51, 67, 50, 158, 58, 103, 144, 155, 172, 62, 85, 166, 1, 96, 116, 63, 153, 75, 159, 169, 81, 147, 38, 118, 136, 160, 100, 44, 77, 16]
[49, 33, 186, 124, 90, 64, 53, 138, 176, 139, 194, 134, 79, 128, 71, 187, 68, 32, 88, 147, 47, 63, 46, 171, 54, 98, 163, 142, 168, 184, 58, 80, 179, 2, 92, 111, 59, 155, 151, 93, 148, 73, 149, 81, 31, 76, 182, 141, 39, 166, 157, 108, 85]
[50, 34, 220, 137, 91, 65, 54, 154, 208, 159, 277, 150, 80, 141, 71, 270, 68, 231, 33, 89, 171, 224, 48, 64, 46, 252, 55, 247, 102, 189, 162, 248, 225, 267, 59, 81, 261, 1, 93, 117, 60, 230, 175, 94, 195, 188, 172, 73, 218, 198, 83, 181, 32, 76, 264, 187, 161, 40, 236, 44, 52, 56, 130, 36]
[23, 15, 91, 63, 46, 33, 27, 68, 87, 69, 131, 67, 41, 64, 36, 124, 35, 96, 129, 45, 72, 94, 107, 22, 125, 21, 104, 114, 51, 80, 70, 100, 108, 121, 29, 42]
[51, 34, 188, 128, 95, 67, 55, 140, 179, 141, 267, 137, 83, 132, 250, 74, 260, 70, 196, 33, 93, 148, 191, 215, 221, 48, 228, 66, 47, 238, 56, 208, 104, 164, 144, 235, 239, 192, 213, 257, 60, 203, 84, 251, 1, 97, 115, 62, 206, 217, 152, 98, 168, 163, 149, 76, 234, 170, 201, 85, 158, 32, 79, 255, 162, 143, 41, 224, 194, 180, 45, 53, 57]
[50, 33, 184, 126, 92, 66, 54, 137, 175, 138, 221, 134, 82, 129, 72, 214, 69, 196, 32, 90, 146, 188, 48, 65, 47, 203, 55, 101, 160, 141, 191, 211, 59, 83, 206, 1, 94, 111, 60, 178, 150, 95, 164, 159, 147, 75, 169, 167, 84, 154, 31, 79, 209, 158, 140, 41, 218, 45, 52, 56]
[24, 15, 88, 59, 43, 31, 26, 65, 84, 66, 121, 63, 38, 60, 34, 114, 33, 94, 119, 42, 69, 91, 23, 115, 22, 96, 104, 47, 77, 67, 93, 111, 28, 39]
[51, 33, 185, 126, 95, 68, 55, 137, 175, 139, 251, 134, 83, 129, 74, 244, 71, 194, 32, 93, 146, 188, 213, 220, 48, 67, 47, 224, 56, 205, 103, 161, 142, 221, 189, 211, 241, 61, 200, 84, 236, 1, 97, 114, 62, 204, 150, 98, 166, 159, 147, 77, 196, 168, 86, 154, 31, 80, 239, 158, 141, 40, 212, 176, 45, 53, 57, 123, 35]
[51, 35, 124, 93, 68, 55, 136, 137, 180, 133, 82, 128, 74, 173, 71, 33, 91, 147, 49, 67, 48, 157, 56, 102, 141, 154, 170, 61, 84, 165, 1, 95, 113, 63, 144, 96, 167, 80, 159, 38, 115, 134, 148, 99, 42, 77, 15, 40]
[51, 32, 127, 93, 66, 55, 141, 180, 142, 188, 138, 81, 132, 72, 182, 69, 31, 91, 149, 48, 65, 47, 166, 56, 102, 145, 161, 179, 60, 82, 174, 1, 95, 114, 61, 151, 96, 75, 146, 83, 30, 37, 183, 78, 133, 172, 18, 68, 152, 111]
[23, 15, 88, 59, 43, 31, 25, 65, 84, 66, 126, 64, 38, 60, 34, 119, 33, 92, 124, 42, 69, 90, 102, 22, 120, 21, 101, 110, 48, 76, 67, 98, 104, 116, 28, 39]
[53, 36, 128, 96, 69, 57, 140, 141, 169, 137, 84, 131, 75, 163, 72, 34, 94, 148, 51, 68, 50, 151, 58, 105, 145, 161, 30, 103, 44, 38, 0, 147, 143, 32, 110, 144, 135, 76, 149, 158, 82, 156, 39, 117, 123]
[25, 16, 61, 46, 33, 27, 66, 67, 90, 65, 40, 62, 36, 84, 35, 88, 45, 71, 24, 85, 23, 70, 13, 51, 81]
[51, 35, 186, 127, 94, 68, 56, 138, 176, 139, 256, 135, 83, 130, 75, 249, 72, 194, 33, 91, 147, 189, 214, 220, 49, 226, 66, 48, 227, 57, 206, 103, 162, 143, 224, 190, 211, 246, 61, 200, 84, 240, 1, 96, 114, 62, 204, 208, 151, 97, 166, 161, 148, 77, 198, 168, 85, 155, 32, 80, 244, 160, 142, 41, 216, 177, 45, 53, 58, 181]
[50, 35, 195, 131, 94, 67, 55, 144, 186, 145, 242, 140, 83, 134, 73, 235, 70, 205, 34, 91, 152, 199, 48, 66, 47, 215, 56, 105, 170, 148, 212, 201, 231, 60, 84, 226, 1, 97, 117, 61, 217, 157, 98, 174, 169, 153, 75, 190, 176, 85, 162, 33, 79, 229, 168, 147, 41, 206, 45, 52, 57, 128, 37]
[52, 36, 126, 93, 68, 57, 141, 180, 142, 190, 137, 83, 131, 74, 184, 71, 35, 91, 150, 50, 67, 49, 167, 58, 103, 145, 164, 181, 62, 84, 175, 2, 96, 115, 63, 153, 97, 76, 149, 85, 34, 80, 178, 144, 132, 173, 22, 70, 154, 113, 88]
[104, 67, 264, 199, 141, 115, 286, 288, 48, 295, 81, 133, 262, 73, 53, 69, 265, 207, 31, 91, 153, 200, 227, 234, 46, 255, 241, 65, 45, 270, 54, 220, 105, 169, 149, 267, 271, 203, 257, 225, 247, 145, 60, 214, 82, 285, 1, 99, 117, 61, 229, 217, 248, 158, 100, 175, 167, 154, 75, 238, 177, 212, 84, 162, 30, 78, 290, 166, 148, 39, 272, 205, 185, 43, 51, 55, 192, 223]
[53, 34, 192, 126, 95, 69, 57, 139, 183, 140, 196, 135, 84, 129, 76, 189, 73, 33, 92, 148, 51, 68, 50, 168, 58, 103, 143, 165, 186, 63, 85, 181, 1, 97, 113, 64, 154, 98, 150, 78, 170, 86, 32, 81, 184, 42, 72, 156, 111, 89, 138]
[49, 33, 189, 126, 94, 67, 53, 138, 178, 139, 195, 135, 83, 130, 75, 188, 70, 32, 92, 147, 47, 66, 46, 170, 55, 103, 164, 142, 167, 184, 60, 84, 185, 1, 96, 114, 61, 155, 97, 149, 77, 150, 85, 31, 80, 182, 141, 39, 69, 156, 112, 88]
[51, 33, 126, 93, 67, 56, 138, 139, 174, 135, 82, 129, 73, 167, 70, 31, 90, 147, 49, 66, 48, 152, 57, 102, 142, 149, 165, 61, 83, 159, 1, 151, 137, 145, 29, 108, 148, 166, 75, 153, 162, 80, 141, 36, 115, 171, 154]
[25, 16, 91, 63, 47, 34, 28, 68, 87, 69, 118, 67, 41, 64, 37, 111, 36, 96, 116, 46, 72, 93, 24, 112, 23, 100, 102, 51, 80, 70, 90, 108, 30]
[48, 32, 183, 121, 90, 64, 52, 133, 173, 135, 202, 130, 79, 124, 70, 195, 67, 31, 88, 143, 46, 63, 45, 179, 53, 98, 158, 138, 176, 192, 57, 80, 187, 1, 92, 109, 58, 164, 147, 93, 157, 144, 72, 156, 81, 152, 30, 75, 190, 137, 39, 171, 43, 50, 54, 118]
[49, 32, 189, 126, 94, 66, 54, 138, 179, 139, 233, 135, 81, 129, 73, 226, 69, 198, 31, 92, 146, 192, 46, 65, 45, 205, 55, 102, 162, 142, 202, 193, 223, 60, 82, 218, 1, 96, 115, 61, 230, 151, 97, 167, 161, 148, 75, 180, 169, 83, 156, 30, 78, 221, 160, 141, 39, 196, 43, 51, 56, 123]
[102, 67, 255, 188, 135, 111, 277, 280, 103, 271, 167, 260, 149, 110, 142, 65, 183, 99, 133, 95, 134, 112, 206, 288, 113, 304, 121, 169, 73, 1, 96, 275, 287, 61, 218, 205, 305, 151, 98, 301, 161, 148, 75, 233, 266, 284, 199, 86, 156, 31, 79, 307, 160, 141, 39, 139, 192, 224, 177, 250, 43, 52, 57, 182, 251, 227, 122, 35, 115, 144, 257, 268, 26, 198, 55, 166, 72, 150, 292, 223, 185, 153, 293, 23]
[56, 37, 199, 134, 99, 73, 61, 146, 190, 147, 235, 143, 88, 138, 80, 227, 77, 207, 36, 97, 156, 202, 54, 72, 53, 208, 62, 108, 173, 151, 205, 224, 66, 89, 218, 2, 101, 122, 67, 194, 160, 103, 177, 171, 157, 82, 184, 179, 90, 165, 34, 85, 222, 170, 150, 45, 200, 50, 59, 63]
[55, 17, 96, 68, 51, 38, 32, 73, 92, 74, 29, 72, 46, 69, 127, 41, 136, 40, 100, 141, 50, 77, 98, 109, 113, 28, 137, 27, 115, 125, 106, 143, 85, 75, 110, 119, 133, 34]
[24, 15, 90, 60, 44, 31, 26, 65, 86, 67, 131, 64, 39, 61, 35, 124, 34, 95, 129, 43, 70, 92, 104, 23, 125, 22, 103, 114, 49, 77, 68, 100, 106, 121, 28, 40]
[54, 35, 128, 98, 70, 58, 139, 140, 163, 136, 86, 131, 76, 157, 73, 34, 95, 52, 69, 51, 145, 29, 107, 154, 84, 147, 156, 116, 99, 160, 125, 109, 119, 72, 31, 104, 44, 39, 0, 141, 59, 32, 111, 106]
[49, 33, 187, 124, 92, 66, 55, 137, 176, 138, 239, 134, 82, 127, 73, 232, 70, 195, 32, 90, 145, 190, 215, 47, 65, 46, 212, 56, 206, 102, 162, 141, 208, 191, 229, 60, 83, 224, 1, 95, 113, 61, 220, 150, 96, 166, 161, 147, 76, 236, 168, 84, 155, 31, 79, 227, 160, 140, 40, 201, 44, 52, 57, 121, 35]
[52, 36, 184, 126, 95, 69, 58, 137, 175, 138, 188, 134, 84, 129, 75, 181, 72, 35, 93, 146, 50, 68, 49, 166, 59, 103, 142, 162, 178, 63, 85, 173, 1, 97, 115, 64, 151, 98, 147, 78, 168, 87, 34, 81, 176, 43, 71, 152, 112, 90, 136]
[50, 34, 126, 94, 67, 55, 138, 175, 139, 183, 135, 82, 129, 74, 177, 70, 33, 92, 147, 48, 66, 47, 161, 56, 103, 142, 158, 174, 60, 83, 169, 1, 96, 114, 61, 148, 97, 76, 144, 85, 31, 39, 178, 79, 130, 167, 20, 69, 149, 112]
[53, 34, 184, 126, 94, 68, 57, 137, 175, 139, 205, 134, 83, 129, 74, 198, 71, 33, 91, 147, 51, 67, 50, 182, 58, 103, 161, 143, 179, 195, 62, 84, 190, 1, 96, 113, 63, 168, 151, 97, 160, 148, 77, 162, 85, 155, 32, 80, 193, 141, 42, 174, 47, 55, 59, 122]
[50, 34, 191, 127, 94, 67, 55, 142, 181, 143, 247, 138, 83, 132, 74, 240, 70, 200, 33, 92, 150, 194, 220, 48, 66, 47, 222, 56, 212, 104, 166, 146, 216, 195, 236, 60, 207, 84, 231, 1, 96, 115, 61, 201, 155, 97, 170, 165, 151, 76, 192, 172, 86, 159, 32, 80, 234, 164, 145, 40, 209, 45, 52, 57, 124, 36]
[53, 36, 128, 96, 70, 57, 141, 180, 142, 190, 138, 85, 131, 76, 184, 73, 35, 94, 149, 51, 69, 50, 168, 58, 105, 145, 165, 181, 62, 87, 176, 1, 98, 116, 64, 152, 99, 78, 148, 88, 34, 81, 179, 144, 132, 174, 22, 72, 153, 114, 91]
[49, 32, 124, 91, 65, 53, 136, 137, 164, 132, 80, 127, 72, 158, 68, 31, 89, 145, 47, 64, 46, 144, 54, 102, 141, 113, 92, 161, 121, 105, 116, 67, 28, 99, 40, 35, 0, 143, 138, 29, 108, 139, 123, 73, 146]
[48, 32, 182, 122, 90, 64, 53, 134, 173, 135, 194, 131, 79, 125, 71, 187, 67, 31, 88, 142, 46, 63, 45, 172, 54, 99, 158, 138, 167, 184, 58, 81, 179, 1, 92, 110, 59, 156, 146, 94, 143, 73, 149, 82, 30, 76, 191, 137, 39, 162, 43, 50, 55, 118]
[107, 71, 253, 193, 139, 116, 276, 278, 108, 270, 171, 259, 153, 115, 147, 68, 187, 293, 103, 137, 98, 138, 117, 209, 285, 118, 307, 126, 174, 302, 3, 197, 230, 63, 220, 208, 288, 155, 102, 304, 166, 152, 79, 234, 305, 289, 203, 89, 159, 32, 82, 310, 164, 146, 41, 144, 282, 226, 182, 255, 45, 52, 56, 186, 256, 229, 127, 36, 120, 149, 261, 273, 28, 202, 55, 170, 76, 154, 296, 225, 281, 189, 157, 294, 25, 142]
[50, 34, 126, 94, 68, 55, 137, 138, 175, 134, 82, 129, 74, 169, 71, 33, 92, 145, 48, 67, 47, 155, 56, 102, 141, 152, 167, 61, 84, 162, 1, 96, 114, 62, 150, 75, 156, 164, 80, 144, 37, 116, 133, 157, 99, 42, 77, 15]
[50, 33, 186, 125, 93, 66, 54, 137, 175, 138, 199, 134, 81, 129, 72, 192, 69, 31, 91, 146, 48, 65, 46, 190, 55, 101, 160, 142, 171, 189, 60, 83, 183, 1, 95, 114, 61, 159, 150, 96, 147, 74, 153, 84, 30, 78, 187, 141, 39, 166, 43, 52, 56, 122]
[50, 34, 185, 126, 91, 65, 54, 138, 176, 139, 188, 135, 81, 129, 71, 181, 68, 33, 89, 146, 47, 64, 46, 166, 55, 100, 142, 163, 178, 59, 82, 173, 1, 93, 112, 60, 152, 95, 73, 168, 83, 32, 78, 179, 40, 67, 153, 110, 86, 137, 21]
[50, 34, 186, 126, 92, 67, 54, 138, 176, 139, 240, 135, 82, 129, 73, 233, 70, 194, 33, 90, 146, 189, 214, 48, 66, 47, 216, 56, 205, 100, 161, 142, 210, 190, 230, 61, 200, 83, 225, 1, 94, 113, 62, 195, 150, 95, 165, 160, 147, 75, 187, 167, 84, 155, 32, 79, 228, 159, 141, 40, 202, 45, 52, 58, 122, 36]
[48, 32, 121, 89, 64, 53, 133, 134, 156, 130, 79, 124, 70, 150, 67, 31, 87, 46, 63, 45, 139, 26, 99, 147, 77, 140, 149, 109, 90, 153, 118, 102, 113, 66, 28, 96, 40, 34, 0, 135, 54, 29, 104, 98]
[51, 34, 126, 93, 67, 55, 138, 139, 170, 135, 81, 130, 73, 164, 70, 33, 90, 146, 49, 66, 48, 150, 56, 101, 142, 152, 162, 61, 82, 36, 0, 148, 143, 31, 107, 145, 136, 74, 151, 159, 79, 157, 37, 115, 125, 140]
[49, 33, 123, 92, 67, 55, 135, 136, 172, 132, 81, 126, 73, 166, 70, 32, 90, 143, 46, 66, 45, 152, 56, 100, 139, 149, 164, 61, 82, 159, 1, 94, 110, 62, 105, 148, 145, 74, 153, 161, 79, 141, 36, 113, 127, 142, 97, 40]
[49, 32, 125, 93, 66, 53, 138, 139, 156, 134, 82, 128, 73, 150, 69, 31, 44, 71, 94, 106, 110, 23, 121, 113, 140, 22, 129, 26, 102, 147, 80, 141, 126, 130, 137, 104, 116, 68, 28, 99, 41, 35]
[53, 37, 129, 96, 69, 57, 140, 141, 26, 145, 43, 66, 128, 39, 29, 38, 130, 99, 17, 47, 74, 97, 109, 112, 25, 116, 36, 24, 123, 135, 106, 150, 82, 72, 120, 137, 108, 71, 32, 103]
[26, 17, 95, 66, 48, 33, 28, 72, 90, 73, 135, 70, 43, 67, 36, 128, 35, 99, 133, 47, 76, 97, 109, 25, 129, 24, 111, 119, 52, 83, 74, 105, 112, 125, 30, 44]
[14, 9, 51, 33, 25, 18, 15, 37, 49, 54, 62, 36, 22, 35, 19]
[49, 33, 183, 125, 92, 65, 53, 136, 173, 137, 240, 133, 81, 128, 72, 233, 68, 191, 32, 89, 144, 186, 211, 47, 64, 46, 214, 54, 203, 102, 159, 140, 217, 187, 230, 59, 198, 82, 225, 1, 95, 113, 60, 196, 149, 96, 164, 158, 146, 74, 204, 166, 83, 153, 31, 78, 228, 157, 139, 40, 210, 174, 44, 51, 55, 121]
[53, 35, 130, 99, 70, 57, 143, 144, 158, 140, 41, 66, 129, 37, 29, 36, 131, 102, 17, 47, 75, 100, 112, 116, 25, 126, 119, 34, 24, 125, 145, 109, 146, 83, 73, 122, 138, 111, 72, 31, 106]
[50, 33, 124, 91, 66, 54, 135, 137, 182, 132, 81, 127, 72, 176, 69, 32, 89, 145, 47, 64, 46, 160, 55, 101, 141, 157, 174, 59, 82, 168, 1, 93, 111, 60, 162, 95, 74, 154, 83, 75, 15, 39, 177, 77, 128, 165, 19, 68, 147]
[55, 36, 188, 127, 97, 71, 59, 139, 178, 140, 270, 136, 86, 131, 252, 77, 263, 74, 196, 35, 94, 148, 191, 216, 224, 52, 230, 69, 51, 241, 60, 208, 105, 164, 144, 237, 242, 192, 214, 260, 64, 203, 87, 254, 1, 99, 116, 65, 206, 220, 153, 100, 169, 163, 149, 80, 210, 171, 201, 88, 158, 34, 83, 258, 162, 142, 43, 228, 194, 179, 48, 57, 61]
[50, 33, 124, 92, 66, 54, 136, 137, 179, 133, 81, 127, 72, 173, 69, 32, 90, 144, 47, 65, 45, 158, 55, 100, 140, 154, 171, 59, 83, 166, 1, 94, 113, 60, 161, 95, 74, 152, 84, 75, 14, 38, 174, 77, 128, 164, 18, 68, 145]
[53, 35, 185, 124, 94, 69, 57, 137, 175, 138, 214, 133, 84, 127, 75, 207, 72, 195, 34, 92, 146, 190, 51, 68, 50, 192, 58, 102, 161, 141, 211, 204, 62, 85, 199, 1, 96, 113, 63, 173, 150, 97, 166, 160, 147, 77, 165, 86, 154, 33, 81, 202, 140, 41, 180, 47, 55, 59]
[52, 34, 127, 96, 69, 57, 139, 140, 178, 136, 84, 131, 75, 172, 72, 33, 94, 148, 50, 68, 49, 158, 58, 105, 143, 154, 170, 62, 85, 165, 2, 98, 115, 63, 152, 76, 159, 167, 82, 147, 37, 117, 135, 160, 101, 42, 78, 15]
[24, 15, 89, 60, 44, 31, 26, 65, 85, 66, 119, 64, 39, 61, 35, 112, 34, 93, 117, 43, 69, 91, 23, 113, 22, 95, 103, 49, 77, 67, 97, 109, 28]
[25, 16, 90, 62, 45, 33, 28, 67, 86, 68, 106, 66, 40, 63, 36, 99, 35, 104, 44, 71, 23, 100, 22, 84, 103, 50, 79, 69, 81, 96]
[52, 36, 126, 94, 68, 56, 139, 179, 140, 187, 135, 84, 129, 75, 181, 72, 35, 92, 149, 50, 67, 49, 165, 57, 102, 143, 162, 178, 61, 85, 173, 1, 96, 114, 63, 150, 97, 77, 144, 86, 34, 41, 182, 80, 130, 171, 21, 71, 151, 112]
[53, 34, 128, 96, 70, 57, 139, 140, 155, 136, 85, 131, 76, 28, 36, 129, 99, 16, 47, 75, 97, 109, 112, 23, 123, 116, 33, 22, 127, 147, 106, 146, 83, 73, 138, 152, 133, 108, 72, 30, 102, 43]
[27, 19, 95, 65, 47, 34, 29, 70, 90, 71, 121, 69, 42, 66, 37, 114, 36, 100, 119, 46, 74, 98, 26, 115, 25, 118, 104, 52, 82, 72, 92, 110]
[50, 34, 184, 124, 94, 68, 56, 136, 175, 138, 188, 133, 83, 127, 74, 181, 71, 33, 92, 145, 47, 67, 46, 165, 57, 102, 141, 162, 178, 62, 84, 172, 1, 96, 112, 63, 150, 97, 146, 77, 167, 85, 32, 80, 176, 40, 70, 151, 110, 88, 135]
[54, 34, 136, 101, 72, 59, 149, 151, 168, 145, 90, 139, 80, 162, 35, 137, 104, 18, 47, 78, 102, 116, 119, 25, 131, 122, 33, 24, 165, 28, 113, 159, 88, 76, 132, 161, 142, 115, 75, 30, 110, 43]
[49, 32, 128, 96, 68, 54, 140, 141, 152, 137, 39, 63, 127, 35, 26, 34, 129, 99, 15, 44, 73, 97, 109, 112, 23, 123, 116, 31, 22, 122, 142, 106, 143, 81, 71, 119, 135, 108, 70, 28, 103]
[24, 16, 93, 62, 47, 33, 26, 68, 87, 69, 119, 67, 41, 63, 36, 112, 35, 97, 117, 46, 72, 95, 23, 113, 22, 94, 102, 51, 79, 70, 89, 109]
[50, 32, 123, 92, 65, 54, 135, 136, 177, 132, 81, 127, 73, 171, 69, 31, 89, 144, 48, 64, 47, 154, 55, 101, 139, 151, 169, 59, 82, 163, 1, 94, 111, 60, 149, 74, 155, 165, 79, 143, 36, 113, 131, 157, 97, 40, 76, 15]
[50, 33, 127, 93, 67, 55, 138, 139, 171, 135, 83, 130, 74, 165, 71, 32, 91, 148, 48, 65, 47, 151, 56, 102, 143, 147, 163, 60, 100, 41, 36, 0, 150, 145, 30, 107, 146, 134, 75, 152, 160, 80, 158, 37, 116, 123]
[49, 33, 124, 93, 66, 53, 138, 139, 155, 135, 81, 128, 73, 149, 34, 125, 97, 16, 43, 72, 94, 106, 110, 23, 120, 113, 32, 22, 152, 26, 103, 146, 79, 70, 121, 148, 133, 105, 69, 29, 100, 40]
[51, 34, 185, 126, 94, 67, 55, 137, 176, 139, 223, 134, 83, 129, 74, 216, 70, 193, 33, 92, 146, 188, 49, 66, 47, 199, 57, 102, 162, 142, 196, 189, 213, 61, 84, 208, 1, 96, 114, 62, 183, 150, 97, 166, 161, 147, 76, 175, 168, 85, 155, 31, 79, 211, 160, 141, 40, 190, 45, 53, 58]
[57, 39, 192, 130, 100, 74, 62, 145, 182, 146, 235, 139, 89, 134, 80, 228, 77, 204, 38, 98, 153, 199, 55, 73, 53, 210, 63, 108, 168, 149, 206, 200, 224, 68, 90, 219, 1, 102, 119, 69, 189, 158, 103, 173, 167, 154, 82, 181, 175, 91, 162, 37, 86, 222, 166, 148, 47, 201, 51, 59, 64]
[52, 35, 188, 128, 98, 69, 56, 140, 178, 141, 246, 137, 86, 132, 77, 239, 73, 196, 34, 95, 148, 191, 215, 49, 68, 48, 219, 57, 207, 107, 165, 144, 216, 192, 235, 63, 202, 88, 230, 1, 101, 117, 64, 201, 154, 102, 169, 164, 149, 80, 193, 171, 89, 159, 33, 83, 233, 163, 143, 42, 208, 179, 46, 54, 59, 125, 37]
[50, 34, 189, 127, 94, 67, 55, 139, 179, 140, 245, 136, 83, 130, 73, 238, 70, 199, 33, 92, 148, 192, 218, 48, 66, 47, 219, 56, 211, 102, 166, 143, 216, 193, 235, 60, 205, 84, 230, 1, 96, 115, 61, 201, 153, 97, 170, 165, 150, 75, 191, 172, 85, 160, 32, 80, 233, 164, 142, 40, 209, 45, 52, 57, 123, 36]
[48, 32, 121, 90, 63, 52, 132, 133, 161, 129, 79, 124, 69, 155, 66, 31, 88, 142, 46, 62, 45, 141, 53, 99, 137, 109, 91, 158, 118, 102, 112, 65, 28, 96, 39, 34, 0, 140, 134, 29, 104, 135, 120, 71, 143]
[51, 35, 193, 130, 99, 69, 56, 143, 183, 144, 242, 139, 87, 133, 78, 235, 72, 203, 34, 97, 151, 197, 49, 68, 48, 216, 57, 107, 169, 147, 212, 198, 232, 62, 89, 225, 1, 101, 118, 64, 199, 156, 102, 173, 168, 152, 80, 190, 175, 90, 160, 33, 84, 229, 167, 146, 41, 206, 46, 54, 59, 127, 37]
[50, 34, 189, 128, 95, 66, 54, 140, 180, 141, 212, 136, 82, 131, 72, 205, 69, 33, 93, 149, 48, 65, 46, 188, 55, 103, 164, 144, 185, 201, 60, 85, 195, 2, 97, 115, 61, 172, 153, 98, 163, 150, 75, 183, 86, 157, 32, 78, 199, 143, 40, 203, 44, 52, 57, 124, 36]
[48, 32, 123, 92, 65, 53, 135, 136, 178, 132, 81, 127, 72, 172, 69, 31, 90, 144, 46, 64, 45, 157, 54, 100, 139, 154, 169, 58, 82, 164, 1, 94, 112, 60, 143, 95, 74, 138, 148, 97, 39, 75, 14, 37, 173, 77, 128, 162, 18]
[101, 67, 255, 190, 136, 110, 278, 281, 102, 272, 169, 260, 150, 109, 143, 65, 185, 97, 133, 94, 134, 111, 208, 113, 230, 192, 253, 247, 214, 237, 140, 59, 203, 83, 73, 1, 95, 284, 60, 219, 207, 268, 152, 96, 298, 162, 149, 75, 234, 257, 171, 201, 84, 156, 30, 79, 304, 161, 142, 39, 275, 194, 226, 179, 240, 44, 51, 56, 184, 241, 229, 123, 35, 114, 145, 246, 259, 26, 200, 55, 168, 72, 151]
[25, 15, 92, 61, 45, 33, 27, 66, 87, 67, 104, 65, 40, 62, 36, 96, 35, 102, 44, 71, 24, 97, 23, 80, 86, 50, 69, 77]
[53, 35, 194, 130, 99, 69, 57, 143, 182, 144, 277, 140, 86, 134, 77, 270, 74, 206, 34, 94, 154, 197, 226, 233, 51, 240, 68, 50, 248, 58, 217, 107, 168, 147, 245, 199, 224, 267, 63, 212, 87, 262, 1, 101, 118, 64, 215, 227, 158, 102, 173, 167, 155, 79, 216, 175, 210, 88, 162, 32, 83, 265, 166, 146, 41, 235, 184, 46, 55, 59, 189, 127]
[50, 34, 190, 125, 94, 67, 54, 139, 180, 140, 279, 136, 83, 128, 256, 74, 272, 71, 260, 198, 33, 92, 148, 193, 220, 227, 48, 249, 233, 66, 47, 247, 55, 212, 102, 165, 143, 244, 248, 194, 218, 269, 59, 205, 84, 263, 1, 96, 113, 61, 223, 209, 226, 152, 97, 169, 164, 149, 77, 215, 173, 202, 85, 158, 32, 80, 267, 163, 142, 40, 236, 196, 181, 45]
[50, 32, 185, 124, 92, 66, 54, 136, 175, 137, 195, 132, 81, 127, 73, 188, 70, 31, 90, 144, 48, 65, 47, 171, 55, 101, 161, 140, 168, 192, 59, 82, 180, 1, 94, 111, 60, 156, 149, 95, 145, 75, 152, 83, 30, 78, 183, 139, 40, 163, 44, 52, 27]
[52, 35, 188, 128, 96, 69, 57, 140, 177, 141, 251, 136, 85, 131, 76, 244, 72, 197, 34, 94, 149, 191, 216, 222, 50, 68, 49, 221, 58, 209, 105, 163, 144, 218, 192, 241, 63, 203, 86, 235, 1, 98, 115, 64, 217, 153, 99, 167, 162, 150, 78, 195, 169, 87, 157, 33, 82, 239, 161, 143, 43, 211, 179, 47, 55, 59, 124]
[25, 17, 62, 46, 33, 28, 67, 68, 89, 66, 41, 63, 36, 83, 35, 87, 45, 24, 84, 23, 73, 14, 51, 80]
[5, 3, 24, 15, 11, 8, 7, 16]
[51, 35, 133, 96, 71, 56, 147, 148, 184, 144, 86, 136, 77, 178, 74, 34, 94, 155, 49, 70, 48, 163, 58, 105, 151, 160, 176, 65, 87, 170, 4, 98, 117, 32, 110, 158, 156, 78, 164, 173, 84, 152, 39, 119, 172, 153, 101, 43]
[52, 36, 194, 131, 97, 68, 57, 144, 184, 145, 212, 141, 86, 135, 77, 205, 73, 35, 95, 153, 50, 67, 49, 189, 58, 106, 170, 148, 186, 202, 62, 87, 197, 1, 99, 118, 63, 175, 157, 101, 169, 154, 79, 167, 89, 163, 34, 82, 200, 147, 42, 181, 46, 55, 59, 128]
[50, 34, 126, 93, 66, 55, 138, 177, 139, 186, 135, 82, 130, 74, 180, 71, 33, 91, 147, 48, 65, 47, 164, 56, 103, 142, 161, 178, 60, 83, 172, 1, 95, 115, 61, 149, 96, 76, 144, 84, 32, 79, 181, 140, 131, 170, 19, 70, 150, 113]
[52, 34, 188, 128, 97, 69, 56, 141, 179, 142, 200, 137, 87, 131, 78, 193, 74, 33, 95, 149, 50, 68, 49, 178, 57, 106, 164, 145, 175, 190, 61, 88, 185, 1, 100, 116, 62, 162, 153, 101, 150, 80, 155, 89, 32, 83, 197, 144, 42, 169, 47, 54, 58, 125]
[51, 35, 135, 100, 71, 57, 148, 149, 180, 145, 88, 138, 78, 174, 74, 34, 98, 157, 49, 70, 48, 159, 58, 110, 153, 156, 172, 62, 107, 43, 37, 0, 158, 154, 32, 116, 155, 144, 79, 160, 169, 86, 167, 38, 125, 132]
[52, 36, 182, 123, 93, 68, 56, 135, 172, 136, 256, 132, 82, 126, 74, 249, 71, 190, 35, 91, 143, 185, 209, 217, 50, 223, 66, 49, 226, 57, 202, 101, 158, 139, 227, 186, 207, 246, 61, 197, 83, 240, 1, 95, 112, 62, 200, 206, 147, 96, 162, 157, 144, 76, 212, 164, 84, 151, 33, 79, 244, 156, 138, 42, 214, 174, 46, 54, 58, 178, 120]
[50, 33, 124, 93, 67, 55, 137, 138, 152, 134, 83, 128, 74, 27, 35, 126, 97, 17, 45, 73, 94, 106, 109, 24, 120, 112, 32, 23, 123, 144, 103, 143, 80, 70, 136, 149, 131, 105, 69, 29, 100, 42]
[54, 38, 130, 99, 72, 60, 143, 144, 182, 140, 87, 133, 79, 176, 75, 36, 96, 153, 52, 71, 51, 160, 61, 108, 148, 157, 174, 66, 88, 168, 1, 101, 118, 34, 113, 156, 154, 80, 161, 171, 85, 150, 41, 120, 169, 151, 104, 45]
[49, 33, 185, 124, 92, 66, 53, 136, 176, 137, 194, 132, 81, 127, 72, 186, 69, 32, 90, 146, 47, 65, 46, 170, 54, 101, 160, 141, 165, 183, 59, 82, 178, 1, 94, 112, 60, 154, 150, 95, 147, 74, 148, 83, 31, 77, 181, 140, 39, 163, 155, 109, 87]
[26, 15, 107, 72, 48, 33, 28, 79, 103, 80, 143, 78, 41, 74, 36, 136, 35, 112, 141, 47, 85, 109, 25, 137, 24, 117, 126, 56, 96, 83, 114, 133, 30, 43, 127]
[48, 32, 184, 125, 91, 65, 52, 138, 175, 139, 217, 135, 80, 128, 71, 210, 68, 193, 31, 89, 146, 188, 46, 64, 45, 192, 53, 99, 161, 142, 189, 207, 57, 81, 201, 1, 93, 111, 58, 177, 150, 94, 165, 160, 147, 74, 168, 82, 155, 30, 77, 204, 159, 141, 39, 183, 43, 50, 54, 122]
[52, 34, 127, 94, 68, 57, 139, 177, 140, 186, 136, 83, 130, 75, 180, 71, 33, 92, 148, 49, 67, 48, 164, 58, 103, 144, 161, 178, 62, 84, 172, 2, 97, 114, 63, 150, 98, 77, 146, 85, 32, 80, 181, 141, 131, 170, 20, 70, 151, 111]
[52, 36, 188, 129, 96, 69, 56, 140, 179, 141, 225, 137, 85, 132, 76, 218, 72, 197, 35, 94, 149, 192, 50, 68, 49, 199, 57, 105, 164, 144, 196, 215, 61, 86, 209, 1, 98, 116, 63, 184, 153, 99, 168, 162, 150, 79, 175, 171, 87, 157, 34, 82, 212, 161, 143, 42, 191, 47, 54, 58]
[54, 37, 191, 127, 96, 70, 58, 140, 181, 141, 220, 135, 85, 130, 76, 213, 73, 200, 36, 93, 148, 194, 52, 69, 51, 195, 59, 105, 167, 144, 192, 210, 63, 86, 205, 3, 98, 116, 65, 180, 153, 99, 171, 166, 150, 78, 174, 87, 158, 35, 82, 208, 143, 44, 187, 49, 56, 60, 124]
[50, 35, 124, 93, 66, 55, 136, 137, 182, 132, 82, 127, 73, 176, 70, 34, 91, 145, 48, 65, 47, 160, 56, 101, 141, 157, 174, 60, 83, 168, 1, 95, 112, 61, 162, 96, 75, 154, 84, 77, 14, 40, 177, 79, 128, 166, 20, 69, 146]
[50, 33, 188, 126, 95, 66, 55, 138, 177, 139, 242, 135, 85, 129, 75, 235, 70, 197, 32, 93, 147, 191, 215, 47, 65, 46, 219, 56, 208, 104, 163, 142, 212, 192, 232, 60, 203, 86, 227, 1, 97, 114, 61, 198, 151, 99, 167, 162, 148, 77, 189, 169, 87, 157, 31, 81, 230, 161, 141, 39, 205, 44, 53, 57, 122, 35]
[48, 33, 185, 124, 92, 66, 53, 136, 175, 137, 192, 133, 82, 128, 72, 189, 69, 32, 90, 146, 46, 65, 45, 169, 55, 101, 161, 140, 165, 182, 59, 83, 176, 1, 94, 111, 61, 153, 150, 95, 147, 74, 148, 84, 31, 77, 180, 139, 39, 68, 154, 109]
[52, 35, 203, 137, 104, 75, 58, 153, 192, 154, 268, 149, 91, 141, 82, 261, 78, 213, 34, 101, 162, 207, 232, 239, 49, 74, 48, 241, 59, 224, 112, 178, 157, 238, 208, 230, 258, 66, 219, 94, 253, 1, 106, 122, 68, 221, 166, 107, 183, 177, 163, 84, 249, 185, 95, 170, 33, 87, 256, 176, 156, 42, 228, 193, 46, 56, 60, 133]
[50, 34, 182, 122, 92, 67, 54, 134, 173, 136, 239, 130, 82, 125, 73, 232, 70, 191, 32, 90, 144, 185, 213, 48, 66, 47, 214, 55, 203, 100, 159, 139, 211, 186, 229, 60, 197, 83, 224, 1, 94, 110, 62, 193, 149, 95, 163, 158, 145, 76, 184, 165, 84, 153, 31, 79, 227, 157, 138, 40, 201, 45, 52, 57, 119, 36]
[55, 36, 200, 138, 106, 74, 61, 150, 190, 151, 235, 147, 93, 142, 82, 228, 79, 210, 35, 104, 159, 203, 52, 73, 51, 205, 62, 115, 175, 154, 202, 222, 66, 95, 216, 1, 108, 126, 68, 224, 164, 109, 180, 174, 161, 84, 181, 96, 168, 33, 88, 220, 173, 153, 42, 197, 47, 57, 63]
[49, 32, 183, 122, 92, 66, 54, 136, 174, 137, 212, 132, 81, 126, 72, 205, 69, 192, 31, 90, 144, 187, 46, 65, 45, 186, 55, 100, 159, 140, 182, 201, 60, 83, 196, 1, 94, 111, 61, 171, 148, 95, 163, 158, 145, 75, 161, 84, 153, 30, 78, 199, 139, 39, 177, 43, 51, 56]
[26, 16, 95, 66, 46, 33, 28, 72, 90, 73, 131, 71, 41, 68, 36, 124, 35, 99, 129, 45, 76, 97, 25, 125, 24, 103, 114, 51, 83, 74, 100, 120, 30, 42]
[50, 34, 186, 124, 92, 67, 54, 137, 176, 138, 233, 134, 82, 127, 73, 226, 70, 194, 33, 90, 145, 189, 48, 66, 47, 208, 56, 101, 161, 141, 204, 190, 223, 60, 83, 218, 1, 95, 112, 61, 192, 149, 96, 166, 159, 146, 75, 183, 169, 84, 153, 32, 79, 221, 158, 140, 41, 198, 45, 52, 57, 120, 36, 113]
[50, 34, 124, 92, 65, 54, 138, 139, 160, 135, 80, 129, 72, 154, 68, 33, 89, 48, 119, 136, 132, 112, 142, 24, 148, 28, 102, 149, 78, 143, 131, 152, 93, 120, 104, 115, 67, 30, 99, 41, 36, 0, 46]
[52, 35, 191, 129, 97, 68, 57, 141, 179, 142, 213, 138, 84, 132, 75, 206, 72, 34, 95, 149, 50, 67, 49, 189, 58, 106, 166, 145, 185, 203, 62, 86, 198, 1, 99, 117, 63, 173, 153, 100, 165, 150, 77, 182, 87, 158, 33, 80, 201, 144, 42, 204, 46, 55, 59, 126, 37]
[24, 15, 92, 62, 44, 32, 27, 68, 88, 69, 139, 67, 39, 63, 35, 132, 34, 96, 137, 43, 72, 94, 106, 109, 23, 133, 22, 111, 122, 103, 50, 80, 70, 107, 115, 129, 29, 40]
[52, 35, 127, 96, 69, 56, 139, 179, 140, 189, 136, 86, 130, 77, 183, 74, 34, 94, 148, 50, 68, 49, 167, 57, 105, 144, 164, 180, 61, 87, 175, 1, 99, 115, 63, 151, 100, 79, 147, 88, 33, 83, 178, 143, 132, 173, 19, 73, 153, 113, 91]
[101, 68, 259, 191, 134, 110, 280, 178, 138, 50, 288, 81, 127, 257, 73, 54, 70, 260, 198, 31, 92, 146, 192, 221, 227, 48, 250, 233, 66, 47, 263, 55, 212, 102, 164, 141, 274, 264, 194, 217, 241, 284, 60, 207, 82, 277, 1, 96, 112, 61, 223, 210, 265, 152, 97, 169, 163, 147, 75, 229, 171, 205, 84, 158, 30, 78, 282, 162, 140, 39, 249, 196, 179, 44, 52, 56, 185, 214]
[51, 32, 194, 132, 96, 67, 56, 144, 182, 145, 244, 140, 85, 135, 75, 237, 70, 202, 31, 94, 153, 197, 47, 66, 46, 218, 57, 109, 168, 148, 214, 198, 234, 61, 86, 227, 1, 100, 120, 62, 201, 157, 103, 172, 167, 154, 77, 193, 174, 88, 161, 30, 82, 231, 166, 147, 39, 208, 43, 54, 58, 128, 34, 121]
[52, 33, 189, 127, 95, 68, 56, 140, 177, 141, 258, 137, 84, 132, 75, 251, 72, 197, 32, 93, 148, 192, 217, 223, 50, 230, 67, 48, 231, 57, 210, 104, 163, 144, 227, 193, 215, 248, 61, 203, 85, 243, 1, 97, 114, 63, 208, 211, 152, 98, 167, 162, 149, 78, 200, 170, 86, 156, 31, 81, 246, 161, 143, 40, 218, 178, 46, 54, 58, 124]
[25, 16, 92, 63, 48, 34, 27, 68, 88, 69, 135, 67, 41, 64, 37, 128, 36, 97, 133, 46, 72, 94, 106, 109, 24, 129, 23, 108, 119, 103, 52, 80, 70, 105, 112, 125, 31]
[49, 32, 186, 125, 93, 65, 53, 138, 177, 139, 207, 134, 83, 129, 72, 200, 68, 31, 91, 147, 46, 64, 45, 184, 54, 102, 161, 142, 181, 197, 58, 84, 191, 1, 96, 113, 59, 168, 151, 97, 160, 148, 74, 162, 85, 155, 30, 78, 195, 141, 39, 176, 43, 51, 55, 122]
[52, 35, 130, 97, 68, 56, 142, 143, 186, 138, 84, 133, 75, 180, 71, 34, 94, 151, 50, 67, 49, 165, 58, 105, 146, 162, 178, 62, 85, 172, 2, 99, 117, 63, 167, 100, 77, 159, 86, 78, 16, 41, 181, 80, 134, 170, 21, 70, 152]
[27, 18, 89, 62, 47, 35, 29, 67, 85, 68, 127, 66, 42, 63, 38, 120, 37, 93, 126, 46, 71, 91, 102, 26, 121, 25, 101, 111, 51, 78, 69, 98, 104, 117, 32, 43]
[99, 67, 254, 190, 133, 110, 277, 279, 100, 271, 166, 259, 148, 108, 141, 65, 183, 96, 131, 92, 132, 111, 207, 296, 162, 290, 54, 230, 192, 252, 247, 213, 236, 137, 58, 202, 82, 72, 1, 94, 112, 60, 218, 205, 261, 151, 95, 294, 161, 146, 74, 234, 250, 169, 200, 83, 155, 31, 77, 300, 160, 140, 40, 269, 194, 225, 178, 249, 44, 51, 55, 182, 235, 121, 35, 113, 143, 241, 274, 26, 199, 298, 165]
[25, 16, 91, 62, 46, 33, 27, 67, 87, 68, 136, 66, 40, 63, 36, 129, 35, 95, 134, 44, 71, 93, 104, 108, 24, 130, 23, 109, 119, 101, 50, 79, 69, 105, 113, 126, 29, 41]
[50, 33, 185, 124, 94, 66, 55, 136, 174, 137, 228, 133, 84, 127, 75, 221, 70, 195, 32, 92, 145, 188, 48, 65, 47, 203, 56, 102, 160, 141, 200, 189, 218, 60, 85, 213, 1, 96, 112, 61, 186, 149, 97, 164, 159, 146, 77, 177, 166, 86, 154, 31, 81, 216, 158, 140, 41, 194, 45, 52, 57, 121]
[26, 16, 95, 66, 49, 34, 28, 71, 90, 72, 118, 70, 44, 67, 39, 111, 38, 116, 48, 76, 25, 112, 24, 94, 101, 53, 83, 73, 109, 107, 30]
[48, 33, 121, 89, 64, 52, 132, 133, 155, 129, 79, 124, 70, 149, 67, 32, 87, 46, 63, 45, 139, 26, 99, 146, 77, 140, 148, 109, 91, 152, 118, 102, 112, 66, 28, 96, 40, 35, 0, 134, 54, 29, 104, 98]
[52, 36, 188, 130, 96, 69, 56, 141, 179, 142, 223, 138, 85, 133, 76, 216, 72, 197, 35, 94, 150, 191, 50, 68, 49, 205, 57, 105, 164, 146, 193, 213, 62, 87, 208, 1, 98, 116, 63, 182, 154, 99, 170, 163, 151, 78, 174, 172, 88, 158, 34, 81, 211, 162, 144, 42, 220, 47, 54, 59]
[56, 38, 193, 132, 101, 73, 61, 145, 182, 146, 202, 142, 90, 135, 79, 195, 76, 37, 98, 154, 53, 72, 51, 178, 62, 109, 169, 150, 175, 191, 66, 91, 185, 1, 103, 120, 67, 164, 158, 104, 155, 81, 157, 92, 36, 85, 189, 148, 45, 170, 49, 30, 32]
[52, 35, 191, 131, 97, 68, 57, 143, 181, 144, 233, 140, 85, 134, 77, 226, 72, 199, 34, 94, 152, 194, 50, 67, 49, 208, 58, 107, 166, 148, 204, 195, 223, 62, 87, 218, 1, 101, 118, 63, 192, 156, 102, 171, 165, 153, 79, 183, 173, 88, 160, 33, 82, 221, 164, 147, 42, 198, 47, 54, 59, 128]
[50, 33, 184, 123, 92, 67, 55, 136, 174, 137, 202, 132, 82, 127, 74, 195, 70, 32, 90, 144, 48, 66, 47, 179, 56, 101, 160, 140, 176, 192, 60, 83, 187, 1, 94, 112, 62, 164, 148, 95, 159, 145, 76, 157, 84, 153, 31, 79, 190, 139, 40, 171, 45, 53, 57, 120]
[102, 70, 257, 192, 135, 111, 281, 284, 103, 291, 84, 129, 254, 75, 56, 72, 258, 198, 34, 92, 146, 193, 218, 226, 49, 248, 232, 67, 48, 266, 57, 210, 287, 164, 142, 262, 267, 194, 250, 215, 239, 139, 61, 204, 85, 289, 1, 97, 113, 62, 221, 207, 241, 150, 98, 168, 163, 147, 77, 230, 170, 202, 86, 156, 33, 81, 286, 162, 141, 42, 249, 196, 179, 46, 54, 58, 183, 214, 122]
[52, 35, 124, 93, 68, 56, 135, 137, 152, 132, 83, 127, 74, 146, 36, 125, 96, 16, 46, 73, 94, 106, 109, 25, 119, 112, 33, 23, 149, 28, 103, 143, 81, 71, 121, 145, 130, 105, 70, 30, 100, 42]
[49, 32, 122, 91, 66, 54, 134, 135, 171, 131, 80, 125, 72, 165, 69, 31, 89, 143, 46, 65, 45, 151, 55, 99, 138, 146, 163, 59, 81, 158, 1, 93, 133, 153, 29, 104, 145, 164, 73, 152, 160, 78, 144, 36, 111, 123, 139]
[49, 34, 185, 124, 92, 66, 55, 136, 175, 137, 266, 133, 82, 127, 251, 73, 259, 69, 193, 33, 90, 145, 188, 212, 220, 47, 226, 65, 46, 233, 56, 205, 101, 160, 140, 230, 189, 210, 256, 60, 199, 83, 249, 1, 94, 111, 61, 202, 214, 149, 95, 164, 159, 146, 75, 203, 168, 197, 84, 153, 32, 79, 254, 158, 139, 40, 222, 176, 44, 53, 57, 181]
[51, 33, 123, 91, 66, 55, 135, 138, 164, 132, 81, 126, 72, 157, 69, 32, 89, 49, 65, 48, 142, 56, 100, 153, 78, 147, 27, 110, 92, 161, 120, 102, 113, 68, 29, 97, 42, 35, 0, 141, 139, 30, 104, 99]
[59, 42, 194, 133, 100, 74, 63, 145, 185, 146, 239, 141, 89, 136, 81, 232, 77, 202, 41, 98, 153, 197, 57, 73, 56, 213, 64, 109, 168, 149, 210, 198, 229, 68, 90, 224, 1, 102, 121, 69, 215, 157, 103, 174, 167, 154, 83, 189, 177, 91, 162, 40, 86, 227, 166, 148, 49, 203, 53, 61, 65, 130, 44]
[50, 34, 183, 124, 91, 66, 54, 136, 174, 137, 250, 132, 81, 127, 73, 243, 69, 192, 33, 89, 145, 187, 212, 218, 48, 65, 47, 223, 55, 204, 100, 161, 140, 220, 188, 210, 240, 60, 199, 82, 234, 2, 93, 111, 61, 202, 219, 149, 94, 165, 159, 146, 75, 195, 167, 83, 153, 32, 78, 238, 158, 139, 40, 226, 175, 45, 52, 57, 120]
[51, 33, 127, 95, 68, 55, 139, 140, 158, 135, 84, 130, 75, 152, 72, 128, 98, 16, 44, 74, 96, 108, 112, 23, 122, 115, 32, 22, 150, 26, 105, 148, 82, 141, 125, 129, 134, 107, 71, 28, 101, 40]
[110, 75, 260, 199, 146, 122, 283, 285, 111, 278, 176, 265, 159, 121, 153, 72, 192, 107, 144, 104, 145, 123, 216, 124, 308, 134, 212, 91, 82, 1, 105, 282, 290, 68, 227, 215, 281, 161, 106, 305, 171, 158, 84, 242, 269, 178, 210, 92, 166, 36, 87, 312, 170, 152, 46, 150, 203, 233, 187, 254, 51, 58, 64, 191, 255, 236, 135, 40, 125, 155, 314, 273, 31, 209, 63, 175, 81, 160, 295, 195, 164, 296, 28, 149]
[104, 33, 189, 130, 94, 67, 55, 269, 142, 180, 143, 50, 139, 83, 133, 250, 74, 275, 71, 253, 198, 32, 92, 151, 192, 216, 224, 48, 244, 230, 66, 46, 248, 56, 209, 106, 166, 147, 245, 249, 193, 214, 236, 271, 60, 204, 84, 265, 1, 97, 119, 61, 218, 207, 228, 155, 99, 170, 165, 152, 76, 260, 172, 202, 85, 159, 31, 80, 274, 164, 145, 40, 235, 196, 181, 44]
[49, 33, 187, 125, 92, 66, 53, 138, 177, 141, 221, 135, 81, 128, 73, 214, 69, 195, 32, 90, 148, 190, 47, 65, 46, 196, 54, 101, 164, 144, 193, 211, 58, 82, 206, 1, 94, 112, 60, 182, 152, 95, 168, 162, 149, 75, 173, 170, 83, 156, 31, 78, 209, 160, 143, 40, 188, 44, 51, 55]
[50, 34, 183, 123, 92, 66, 54, 135, 173, 136, 208, 132, 81, 126, 73, 201, 70, 33, 90, 143, 186, 48, 65, 47, 184, 55, 101, 160, 139, 181, 197, 60, 82, 192, 1, 94, 111, 61, 169, 148, 96, 164, 159, 145, 75, 161, 83, 152, 32, 78, 195, 138, 41, 175, 45, 52, 56]
[51, 34, 191, 127, 94, 68, 56, 141, 181, 142, 201, 137, 83, 131, 75, 194, 71, 33, 92, 150, 48, 67, 47, 177, 57, 103, 166, 145, 174, 198, 62, 84, 186, 1, 96, 113, 63, 162, 154, 97, 151, 77, 158, 85, 32, 80, 189, 144, 41, 168, 45, 54, 28]
[51, 35, 191, 128, 94, 68, 55, 139, 182, 140, 259, 136, 83, 131, 75, 251, 71, 199, 34, 92, 149, 194, 220, 226, 49, 67, 48, 229, 56, 212, 102, 165, 144, 231, 195, 217, 248, 61, 207, 84, 242, 1, 96, 114, 62, 210, 153, 97, 170, 164, 150, 77, 200, 172, 85, 157, 33, 80, 245, 163, 143, 41, 219, 183, 46, 53, 57, 123, 37]
[24, 16, 90, 62, 46, 31, 26, 67, 86, 68, 104, 66, 40, 63, 35, 97, 34, 102, 45, 71, 23, 98, 22, 82, 88, 50, 69, 79, 94]
[52, 35, 189, 129, 95, 69, 56, 142, 179, 143, 194, 138, 84, 132, 75, 187, 72, 34, 93, 150, 50, 68, 49, 170, 57, 105, 165, 146, 167, 184, 62, 85, 178, 1, 97, 116, 63, 155, 99, 151, 78, 172, 86, 33, 81, 181, 42, 71, 156, 114, 90, 140]
[50, 34, 190, 127, 96, 68, 55, 139, 181, 140, 216, 135, 85, 130, 76, 209, 71, 33, 94, 147, 48, 67, 47, 192, 56, 105, 164, 143, 188, 205, 62, 86, 199, 1, 99, 115, 63, 176, 152, 100, 170, 163, 148, 79, 165, 88, 157, 32, 82, 202, 142, 41, 183, 45, 52, 57, 123]
[24, 15, 92, 61, 45, 31, 26, 67, 88, 68, 128, 66, 38, 62, 34, 121, 33, 96, 126, 44, 71, 94, 23, 122, 22, 103, 111, 49, 80, 69, 99, 105, 117, 28, 39]
[100, 68, 252, 187, 133, 110, 275, 277, 101, 268, 166, 257, 149, 109, 142, 65, 182, 296, 97, 131, 94, 132, 111, 206, 327, 284, 112, 350, 120, 168, 345, 3, 192, 227, 122, 323, 307, 195, 300, 154, 152, 170, 63, 159, 267, 281, 80, 278, 90, 106, 114, 246, 73, 228, 287, 348, 56, 330, 145, 190, 263, 48, 276, 81, 311, 83, 351, 42, 140, 181, 23, 316, 98, 57, 261, 256, 220, 177, 344, 222, 163, 229, 150, 191, 214, 147, 1, 35, 217, 193, 237, 249, 22, 353, 335, 265, 294]
[51, 35, 184, 124, 93, 67, 56, 136, 175, 137, 205, 133, 81, 127, 73, 198, 70, 34, 90, 144, 49, 66, 48, 182, 57, 101, 160, 140, 179, 195, 61, 82, 190, 1, 95, 112, 62, 167, 150, 96, 159, 145, 75, 161, 84, 154, 33, 78, 193, 139, 41, 173, 45, 54, 58, 121]
[50, 34, 184, 124, 93, 67, 54, 137, 174, 138, 187, 134, 82, 127, 73, 180, 70, 33, 91, 145, 48, 66, 47, 164, 55, 102, 141, 161, 176, 61, 83, 171, 1, 95, 112, 62, 149, 96, 75, 166, 84, 32, 78, 178, 41, 69, 150, 110, 88, 136, 21]
[49, 32, 185, 124, 93, 66, 54, 136, 175, 137, 224, 133, 82, 127, 73, 217, 69, 194, 31, 90, 145, 188, 47, 65, 46, 199, 55, 102, 159, 140, 196, 189, 214, 59, 83, 209, 1, 95, 112, 60, 183, 149, 96, 164, 158, 146, 76, 173, 166, 84, 153, 30, 79, 212, 157, 139, 39, 190, 44, 51, 56]
[51, 33, 190, 130, 95, 67, 55, 141, 181, 142, 211, 138, 85, 133, 75, 204, 72, 32, 93, 150, 49, 66, 48, 187, 56, 104, 165, 145, 184, 201, 61, 86, 194, 1, 98, 117, 62, 170, 154, 99, 164, 151, 77, 163, 87, 158, 31, 82, 198, 144, 41, 179, 46, 53, 57, 126]
[49, 33, 186, 125, 92, 66, 54, 137, 175, 138, 207, 134, 81, 128, 73, 200, 69, 31, 90, 147, 47, 65, 46, 184, 55, 101, 161, 143, 181, 197, 60, 83, 192, 1, 94, 112, 61, 168, 151, 95, 160, 148, 75, 162, 84, 155, 30, 78, 195, 141, 39, 174, 43, 52, 56, 122]
[24, 16, 93, 61, 45, 32, 26, 67, 68, 97, 66, 40, 62, 35, 90, 34, 95, 44, 71, 23, 91, 22, 72, 80, 49, 38]
[99, 67, 250, 188, 133, 110, 275, 277, 100, 268, 166, 256, 147, 109, 141, 65, 183, 96, 131, 93, 132, 111, 206, 294, 161, 287, 55, 226, 190, 249, 244, 212, 233, 137, 60, 201, 83, 73, 1, 94, 112, 61, 216, 204, 259, 149, 95, 292, 160, 146, 76, 231, 247, 168, 199, 84, 154, 31, 79, 298, 159, 140, 40, 266, 192, 222, 177, 246, 44, 52, 56, 182, 232, 121, 35, 113, 143, 237, 272, 27, 198, 296, 164]
[55, 36, 132, 100, 73, 29, 139, 75, 95, 76, 26, 146, 43, 69, 131, 38, 145, 37, 104, 16, 49, 80, 102, 114, 117, 25, 120, 35, 23, 121, 133, 111, 151, 87, 77, 118, 127, 140, 31]
[50, 34, 190, 127, 95, 66, 54, 139, 179, 140, 244, 135, 84, 130, 73, 237, 70, 199, 33, 93, 148, 193, 219, 48, 65, 47, 218, 56, 211, 104, 164, 143, 214, 195, 234, 60, 85, 229, 1, 97, 115, 61, 200, 152, 99, 169, 162, 149, 75, 191, 171, 86, 156, 32, 81, 232, 161, 142, 41, 206, 45, 52, 57, 124, 36]
[52, 36, 190, 127, 96, 68, 57, 140, 180, 141, 204, 136, 84, 131, 75, 197, 71, 35, 93, 148, 50, 67, 49, 194, 58, 105, 165, 144, 177, 193, 62, 86, 188, 1, 98, 116, 63, 164, 155, 100, 149, 77, 158, 87, 34, 80, 191, 143, 42, 172, 47, 54, 59, 124]
[24, 15, 90, 61, 45, 32, 26, 66, 86, 67, 107, 65, 39, 62, 35, 100, 34, 105, 44, 71, 23, 101, 22, 84, 104, 49, 78, 69, 81, 97]
[105, 71, 255, 195, 136, 114, 278, 280, 106, 272, 169, 261, 150, 113, 144, 68, 188, 296, 102, 134, 98, 135, 115, 211, 287, 116, 318, 124, 171, 313, 3, 199, 232, 126, 293, 201, 156, 154, 173, 65, 161, 271, 162, 263, 143, 43, 141, 294, 228, 179, 276, 48, 55, 59, 186, 277, 231, 125, 38, 117, 146, 321, 163, 26, 204, 58, 168, 76, 152, 242, 305, 227, 291, 238, 235, 190, 288, 306, 22, 140, 279, 262, 44, 243, 20, 72, 269, 24, 246]
[51, 34, 188, 126, 94, 67, 56, 139, 179, 141, 252, 135, 83, 129, 74, 245, 70, 197, 33, 92, 149, 191, 221, 49, 66, 48, 225, 57, 213, 103, 164, 144, 222, 192, 242, 61, 207, 84, 235, 1, 96, 115, 62, 205, 154, 97, 168, 163, 150, 77, 194, 170, 85, 158, 32, 80, 239, 162, 143, 41, 214, 180, 46, 54, 58, 123, 36]
[52, 33, 191, 133, 100, 70, 57, 144, 181, 145, 250, 141, 86, 136, 76, 243, 73, 199, 32, 97, 153, 194, 218, 50, 69, 49, 223, 59, 210, 109, 168, 148, 219, 195, 240, 63, 205, 88, 235, 1, 103, 120, 64, 204, 157, 104, 172, 167, 154, 78, 196, 174, 90, 162, 31, 82, 238, 166, 147, 41, 211, 182, 47, 54, 60, 129, 36]
[49, 34, 124, 92, 66, 55, 136, 137, 152, 132, 82, 127, 74, 146, 35, 125, 97, 17, 44, 73, 94, 106, 109, 24, 120, 112, 33, 23, 149, 27, 103, 143, 80, 69, 121, 145, 130, 105, 68, 30, 100, 41]
[24, 16, 95, 64, 46, 32, 26, 70, 91, 71, 136, 69, 39, 65, 35, 129, 34, 99, 134, 45, 74, 97, 109, 23, 130, 22, 112, 119, 52, 84, 72, 105, 113, 126, 29, 40]
[24, 15, 90, 62, 47, 34, 26, 67, 86, 68, 129, 66, 41, 63, 37, 122, 36, 95, 127, 45, 72, 93, 105, 23, 123, 22, 103, 113, 51, 79, 69, 100, 106, 119, 29, 42]
[28, 18, 96, 67, 51, 36, 30, 72, 92, 73, 118, 71, 45, 68, 40, 111, 39, 116, 50, 76, 26, 112, 25, 95, 101, 55, 85, 74, 109, 108, 33]
[53, 34, 190, 128, 98, 69, 57, 142, 180, 143, 194, 139, 86, 131, 78, 187, 74, 33, 96, 152, 51, 68, 50, 171, 58, 107, 146, 168, 184, 62, 87, 178, 1, 100, 117, 63, 157, 101, 153, 80, 173, 88, 32, 83, 182, 41, 72, 158, 115, 92, 141]
[51, 34, 183, 123, 92, 67, 55, 135, 174, 136, 213, 132, 82, 127, 73, 206, 70, 192, 33, 90, 144, 186, 48, 66, 47, 188, 56, 101, 160, 140, 185, 203, 60, 83, 198, 1, 94, 111, 61, 204, 149, 95, 164, 159, 145, 76, 165, 84, 153, 32, 79, 201, 158, 139, 41, 180, 45, 53, 57]
[50, 34, 122, 91, 65, 54, 134, 135, 146, 131, 40, 62, 121, 36, 26, 35, 123, 94, 15, 45, 70, 92, 104, 107, 22, 118, 110, 33, 21, 117, 136, 101, 137, 78, 68, 113, 129, 103, 67, 29, 98]
[111, 70, 281, 209, 150, 122, 302, 305, 112, 297, 186, 286, 164, 121, 158, 67, 203, 108, 147, 105, 148, 55, 229, 321, 182, 315, 308, 254, 212, 280, 274, 238, 262, 155, 61, 223, 88, 77, 1, 106, 125, 62, 243, 226, 287, 168, 107, 319, 181, 163, 79, 260, 276, 189, 220, 90, 175, 31, 83, 325, 180, 157, 40, 294, 214, 250, 198, 258, 44, 51, 56, 202, 275, 137, 35, 127, 160, 267, 278, 26, 219, 301]
[52, 35, 126, 93, 67, 56, 137, 138, 158, 134, 82, 129, 73, 151, 70, 34, 91, 72, 94, 107, 110, 26, 121, 132, 113, 141, 25, 130, 29, 103, 148, 80, 142, 127, 131, 150, 105, 116, 69, 31, 100, 43, 38]
[28, 16, 96, 64, 48, 35, 30, 70, 91, 71, 106, 69, 43, 65, 39, 99, 38, 104, 47, 74, 27, 100, 26, 83, 89, 52, 72, 79]
[48, 31, 185, 123, 93, 65, 53, 136, 176, 137, 208, 131, 82, 126, 72, 201, 69, 30, 90, 144, 46, 64, 45, 205, 55, 101, 161, 140, 182, 198, 59, 83, 193, 1, 95, 112, 60, 171, 149, 96, 160, 145, 74, 163, 84, 153, 29, 77, 196, 139, 38, 177, 43, 50, 56, 120, 34]
[49, 33, 181, 122, 91, 65, 54, 133, 170, 135, 225, 130, 80, 125, 71, 218, 68, 189, 32, 89, 142, 184, 47, 64, 46, 201, 55, 100, 157, 138, 197, 185, 215, 59, 81, 210, 1, 93, 110, 60, 183, 147, 94, 161, 156, 143, 73, 173, 163, 82, 151, 31, 76, 213, 155, 137, 39, 207, 44, 51, 56, 118, 35]
[50, 33, 188, 127, 94, 67, 54, 140, 179, 141, 228, 137, 82, 132, 73, 221, 70, 197, 32, 92, 149, 191, 48, 65, 47, 202, 55, 103, 165, 144, 199, 192, 218, 59, 84, 212, 1, 96, 115, 60, 186, 154, 98, 169, 164, 150, 76, 178, 171, 85, 158, 31, 79, 216, 163, 143, 40, 194, 45, 52, 56]
[52, 36, 186, 126, 95, 68, 56, 139, 176, 140, 239, 135, 84, 130, 74, 232, 71, 196, 34, 93, 147, 189, 50, 67, 49, 213, 57, 207, 104, 162, 143, 210, 191, 228, 61, 85, 223, 1, 97, 115, 62, 219, 151, 99, 167, 161, 148, 76, 236, 169, 86, 156, 33, 80, 226, 160, 142, 42, 202, 46, 54, 58, 123, 38, 116]
[51, 35, 129, 94, 67, 56, 142, 88, 69, 26, 146, 41, 64, 128, 37, 29, 36, 131, 98, 18, 46, 72, 95, 109, 114, 25, 117, 34, 24, 120, 135, 106, 151, 81, 70, 121, 125, 108, 144, 31]
[51, 35, 127, 93, 67, 55, 139, 87, 69, 25, 143, 41, 64, 126, 37, 27, 36, 128, 98, 16, 45, 73, 95, 108, 111, 23, 114, 33, 22, 117, 131, 105, 148, 80, 70, 118, 123, 107, 141, 29]
[52, 35, 127, 95, 68, 56, 139, 140, 171, 136, 84, 130, 74, 165, 71, 34, 93, 148, 50, 67, 49, 149, 57, 105, 143, 145, 163, 30, 102, 43, 37, 0, 151, 142, 32, 110, 144, 134, 75, 150, 159, 82, 157, 38, 118, 123]
[25, 16, 93, 63, 46, 34, 27, 68, 89, 69, 114, 67, 41, 64, 37, 107, 36, 112, 45, 73, 23, 108, 22, 91, 97, 51, 80, 70, 87, 104, 29]
[48, 33, 123, 90, 65, 53, 135, 136, 172, 131, 80, 126, 71, 166, 68, 32, 88, 145, 46, 64, 45, 152, 54, 99, 140, 149, 164, 58, 81, 159, 1, 93, 110, 30, 105, 148, 146, 72, 153, 161, 78, 141, 36, 112, 160, 142, 96, 40]
[51, 36, 183, 125, 93, 68, 56, 136, 174, 137, 208, 133, 83, 128, 74, 201, 71, 35, 91, 146, 49, 67, 48, 184, 57, 102, 161, 140, 181, 197, 61, 84, 192, 1, 95, 113, 62, 170, 151, 96, 165, 160, 148, 76, 162, 85, 155, 34, 79, 195, 139, 42, 176, 46, 54, 58, 122]
[26, 16, 93, 62, 46, 33, 28, 68, 87, 69, 98, 67, 41, 64, 36, 89, 35, 96, 45, 72, 25, 91, 22, 73, 79, 50]
[102, 69, 265, 196, 139, 113, 289, 292, 103, 282, 172, 270, 155, 112, 148, 66, 190, 309, 99, 137, 96, 138, 115, 216, 299, 116, 347, 123, 175, 342, 3, 202, 239, 125, 320, 204, 311, 159, 158, 178, 64, 165, 281, 296, 82, 293, 92, 108, 118, 258, 74, 241, 345, 56, 327, 171, 73, 156, 250, 332, 234, 318, 246, 243, 192, 315, 334, 24, 142, 41, 350, 42, 278, 22, 70, 189, 25, 336, 100, 57, 230, 184, 341, 288, 169, 242, 326, 200, 224, 154, 1, 38, 227]
[49, 32, 123, 92, 66, 53, 134, 135, 163, 131, 81, 126, 72, 157, 69, 31, 90, 143, 46, 65, 45, 142, 54, 101, 139, 111, 93, 160, 120, 104, 115, 68, 28, 99, 40, 34, 0, 141, 137, 29, 106, 138, 122, 73, 144]
[49, 33, 181, 121, 90, 64, 53, 132, 170, 133, 211, 129, 80, 124, 70, 204, 67, 189, 32, 88, 141, 184, 46, 63, 45, 185, 54, 98, 157, 137, 182, 201, 58, 81, 195, 1, 92, 108, 59, 169, 146, 93, 161, 156, 142, 73, 164, 82, 151, 31, 76, 198, 136, 39, 177, 43, 51, 55, 118]
[24, 16, 91, 63, 46, 33, 27, 68, 87, 70, 127, 67, 40, 64, 36, 120, 35, 95, 125, 45, 73, 93, 23, 121, 22, 102, 111, 50, 80, 71, 98, 105, 117, 30, 41]
[51, 35, 128, 94, 68, 55, 140, 142, 183, 136, 83, 131, 74, 177, 71, 34, 92, 149, 49, 67, 48, 160, 57, 102, 145, 157, 175, 61, 84, 169, 1, 96, 114, 63, 147, 97, 77, 116, 39, 151, 99, 43, 78, 17, 41, 178, 80, 167, 21]
[48, 32, 181, 121, 90, 64, 52, 134, 171, 135, 212, 131, 80, 125, 71, 205, 68, 190, 31, 88, 143, 185, 46, 63, 45, 187, 54, 100, 157, 139, 183, 202, 58, 81, 197, 1, 92, 110, 59, 203, 147, 93, 162, 156, 144, 73, 163, 82, 151, 30, 76, 200, 155, 138, 38, 178, 43, 50, 55]
[25, 16, 91, 61, 46, 32, 27, 68, 87, 69, 134, 67, 39, 62, 35, 125, 34, 95, 132, 45, 72, 93, 106, 24, 126, 23, 108, 115, 50, 79, 70, 101, 109, 122, 29, 41]
[50, 33, 126, 93, 67, 54, 138, 139, 176, 135, 81, 129, 73, 170, 70, 32, 91, 148, 48, 66, 47, 156, 55, 103, 144, 152, 168, 59, 82, 163, 1, 95, 114, 29, 108, 151, 149, 74, 157, 165, 79, 145, 37, 117, 164, 146, 99, 41]
[57, 39, 197, 133, 100, 74, 61, 145, 187, 146, 216, 142, 90, 137, 81, 209, 78, 38, 98, 156, 54, 72, 53, 193, 62, 109, 173, 149, 190, 206, 67, 91, 201, 1, 102, 121, 68, 178, 162, 104, 172, 157, 83, 171, 92, 166, 37, 87, 204, 148, 46, 185, 51, 59, 63, 130]
[49, 33, 186, 124, 92, 66, 53, 136, 175, 137, 208, 133, 82, 128, 73, 200, 69, 32, 90, 146, 46, 65, 45, 185, 55, 101, 161, 140, 181, 197, 60, 83, 192, 1, 95, 113, 61, 168, 150, 96, 160, 147, 76, 179, 84, 154, 31, 79, 195, 139, 39, 198, 43, 51, 56, 121, 35]
[52, 33, 192, 129, 97, 69, 56, 143, 182, 144, 269, 140, 85, 133, 75, 260, 72, 201, 32, 95, 152, 196, 220, 227, 49, 233, 67, 48, 239, 57, 213, 106, 167, 147, 235, 197, 218, 257, 62, 207, 86, 252, 1, 99, 117, 63, 210, 219, 157, 100, 172, 166, 153, 78, 209, 175, 205, 87, 161, 31, 82, 255, 165, 146, 40, 242, 183, 46, 54, 58, 188]
[51, 17, 94, 62, 46, 34, 28, 69, 90, 71, 25, 68, 41, 64, 124, 37, 133, 36, 98, 140, 45, 74, 96, 107, 111, 24, 134, 23, 112, 122, 104, 142, 82, 72, 109, 116, 130, 30]
[54, 36, 128, 96, 70, 58, 141, 142, 154, 137, 86, 67, 127, 39, 30, 37, 129, 100, 16, 47, 76, 98, 110, 113, 26, 124, 116, 35, 25, 126, 139, 106, 145, 84, 74, 121, 131, 108, 72, 32, 103]
[50, 35, 127, 95, 69, 57, 139, 140, 182, 136, 84, 130, 76, 176, 73, 34, 93, 150, 48, 68, 47, 161, 58, 104, 144, 158, 174, 62, 85, 169, 1, 97, 114, 63, 148, 98, 78, 116, 38, 152, 101, 42, 79, 15, 40, 177, 81, 167, 20]
