[55, 38, 203, 139, 103, 73, 59, 151, 194, 152, 232, 147, 90, 142, 81, 225, 78, 36, 101, 160, 207, 53, 72, 52, 204, 60, 113, 176, 156, 201, 222, 67, 92, 216, 1, 105, 125, 68]
[52, 34, 189, 128, 96, 68, 56, 139, 179, 140, 265, 136, 85, 131, 76, 258, 73, 197, 33, 94, 149, 192, 218, 225, 50, 233, 67, 48, 236, 57, 211, 106, 164, 144, 237, 193, 216, 255, 61, 205, 86, 249, 1, 98, 117, 62, 208]
[53, 35, 190, 129, 97, 70, 58, 142, 180, 143, 201, 138, 86, 132, 77, 194, 73, 33, 95, 150, 51, 69, 50, 178, 59, 107, 165, 146, 175, 191, 64, 88, 185, 1, 100, 118]
[52, 36, 188, 128, 98, 68, 56, 140, 176, 141, 215, 137, 85, 131, 74, 208, 71, 196, 35, 96, 148, 191, 50, 67, 49, 190, 57, 106, 163, 144, 187, 205, 61, 86, 199, 1, 100, 116, 62]
[51, 33, 186, 124, 93, 68, 55, 138, 175, 139, 234, 135, 82, 127, 74, 227, 71, 194, 32, 91, 147, 189, 49, 67, 47, 210, 56, 102, 161, 142, 207, 190, 224, 61, 83, 219, 1, 95, 112, 62, 193, 151, 96]
[49, 32, 186, 125, 92, 65, 53, 137, 176, 138, 205, 134, 81, 128, 73, 198, 68, 31, 89, 148, 47, 64, 46, 180, 55, 100, 163, 141, 196, 194, 59, 82, 187, 1, 94, 111, 60]
[53, 35, 127, 94, 68, 57, 140, 141, 178, 137, 84, 130, 74, 172, 71, 34, 92, 149, 51, 67, 50, 157, 58, 103, 144, 154, 170, 62, 85, 164, 1, 96]
[49, 33, 186, 124, 90, 64, 53, 138, 176, 139, 194, 134, 79, 128, 71, 187, 68, 32, 88, 147, 47, 63, 46, 171, 54, 98, 163, 142, 168, 184, 58, 80, 179, 2, 92]
[50, 34, 220, 137, 91, 65, 54, 154, 208, 159, 277, 150, 80, 141, 71, 270, 68, 231, 33, 89, 171, 224, 48, 64, 46, 252, 55, 247, 102, 189, 162, 248, 225, 267, 59, 81, 261, 1, 93, 117, 60, 230, 175]
[23, 15, 91, 63, 46, 33, 27, 68, 87, 69, 131, 67, 41, 64, 36, 124, 35, 96, 129, 45, 72, 94, 107, 22]
[51, 34, 188, 128, 95, 67, 55, 140, 179, 141, 267, 137, 83, 132, 250, 74, 260, 70, 196, 33, 93, 148, 191, 215, 221, 48, 228, 66, 47, 238, 56, 208, 104, 164, 144, 235, 239, 192, 213, 257, 60, 203, 84, 251, 1, 97, 115, 62]
[50, 33, 184, 126, 92, 66, 54, 137, 175, 138, 221, 134, 82, 129, 72, 214, 69, 196, 32, 90, 146, 188, 48, 65, 47, 203, 55, 101, 160, 141, 191, 211, 59, 83, 206, 1, 94, 111, 60, 178]
[24, 15, 88, 59, 43, 31, 26, 65, 84, 66, 121, 63, 38, 60, 34, 114, 33, 94, 119, 42, 69, 91]
[51, 33, 185, 126, 95, 68, 55, 137, 175, 139, 251, 134, 83, 129, 74, 244, 71, 194, 32, 93, 146, 188, 213, 220, 48, 67, 47, 224, 56, 205, 103, 161, 142, 221, 189, 211, 241, 61, 200, 84, 236, 1, 97, 114, 62, 204]
[51, 35, 124, 93, 68, 55, 136, 137, 180, 133, 82, 128, 74, 173, 71, 33, 91, 147, 49, 67, 48, 157, 56, 102, 141, 154, 170, 61, 84, 165, 1, 95]
[51, 32, 127, 93, 66, 55, 141, 180, 142, 188, 138, 81, 132, 72, 182, 69, 31, 91, 149, 48, 65, 47, 166, 56, 102, 145, 161, 179, 60, 82, 174, 1, 95]
[23, 15, 88, 59, 43, 31, 25, 65, 84, 66, 126, 64, 38, 60, 34, 119, 33, 92, 124, 42, 69, 90, 102, 22]
[53, 36, 128, 96, 69, 57, 140, 141, 169, 137, 84, 131, 75, 163, 72, 34, 94, 148, 51, 68, 50, 151, 58, 105, 145, 161, 30, 103, 44, 38]
[25, 16, 61, 46, 33, 27, 66, 67, 90, 65, 40, 62, 36, 84, 35, 88, 45]
[51, 35, 186, 127, 94, 68, 56, 138, 176, 139, 256, 135, 83, 130, 75, 249, 72, 194, 33, 91, 147, 189, 214, 220, 49, 226, 66, 48, 227, 57, 206, 103, 162, 143, 224, 190, 211, 246, 61, 200, 84, 240, 1, 96, 114, 62, 204]
[50, 35, 195, 131, 94, 67, 55, 144, 186, 145, 242, 140, 83, 134, 73, 235, 70, 205, 34, 91, 152, 199, 48, 66, 47, 215, 56, 105, 170, 148, 212, 201, 231, 60, 84, 226, 1, 97, 117, 61, 217, 157]
[52, 36, 126, 93, 68, 57, 141, 180, 142, 190, 137, 83, 131, 74, 184, 71, 35, 91, 150, 50, 67, 49, 167, 58, 103, 145, 164, 181, 62, 84, 175, 2, 96, 115]
[104, 67, 264, 198, 140, 115, 287, 289, 105, 297, 81, 133, 262, 73, 53, 69, 265, 206, 31, 91, 152, 199, 227, 234, 46, 255, 241, 65, 45, 271, 54, 220, 293, 167, 148, 268, 272, 200, 257, 225, 247, 144, 60, 214, 82, 295, 1, 99, 117, 61, 229, 217]
[53, 34, 192, 126, 95, 69, 57, 139, 183, 140, 196, 135, 84, 129, 76, 189, 73, 33, 92, 148, 51, 68, 50, 168, 58, 103, 143, 165, 186, 63, 85, 181, 1, 97]
[49, 33, 189, 126, 94, 67, 53, 138, 178, 139, 195, 135, 83, 130, 75, 188, 70, 32, 92, 147, 47, 66, 46, 170, 55, 103, 164, 142, 167, 184, 60, 84, 185, 1, 96]
[51, 33, 126, 93, 67, 56, 138, 139, 174, 135, 82, 129, 73, 167, 70, 31, 90, 147, 49, 66, 48, 152, 57, 102, 142, 149, 165, 61, 83, 159, 1]
[25, 16, 91, 63, 47, 34, 28, 68, 87, 69, 118, 67, 41, 64, 37, 111, 36, 96, 116, 46, 72, 93]
[48, 32, 183, 121, 90, 64, 52, 133, 173, 135, 202, 130, 79, 124, 70, 195, 67, 31, 88, 143, 46, 63, 45, 179, 53, 98, 158, 138, 176, 192, 57, 80, 187, 1, 92, 109, 58]
[49, 32, 189, 126, 94, 66, 54, 138, 179, 139, 233, 135, 81, 129, 73, 226, 69, 198, 31, 92, 146, 192, 46, 65, 45, 205, 55, 102, 162, 142, 202, 193, 223, 60, 82, 218, 1, 96, 115, 61, 230]
[102, 67, 255, 188, 135, 111, 277, 280, 103, 271, 167, 260, 149, 110, 142, 65, 183, 99, 133, 95, 134, 112, 206, 288, 113, 304, 121, 169, 73, 1, 96, 275, 287, 61, 218, 205, 305, 151, 98, 301, 161, 148, 75, 233, 266, 284, 199, 86, 156, 31, 79, 307, 160, 141, 39, 139]
[57, 38, 200, 135, 100, 74, 62, 147, 191, 148, 237, 144, 89, 138, 81, 229, 77, 208, 36, 98, 157, 203, 55, 72, 54, 210, 63, 109, 173, 152, 207, 226, 67, 90, 220, 2, 102, 122, 68, 196]
[55, 17, 96, 68, 51, 38, 32, 73, 92, 74, 29, 72, 46, 69, 127, 41, 136, 40, 100, 141, 50, 77, 98, 109, 113]
[24, 15, 90, 60, 44, 31, 26, 65, 86, 67, 131, 64, 39, 61, 35, 124, 34, 95, 129, 43, 70, 92, 104, 23]
[54, 35, 128, 98, 70, 58, 139, 140, 163, 136, 86, 131, 76, 157, 73, 34, 95, 52, 69, 51, 145, 29, 107, 154, 84, 147, 156, 116, 99]
[51, 33, 188, 125, 93, 67, 56, 138, 177, 139, 239, 135, 83, 129, 75, 232, 71, 196, 32, 91, 147, 191, 48, 66, 47, 214, 57, 207, 103, 163, 142, 209, 192, 229, 61, 84, 224, 1, 96, 114, 62, 220, 151]
[52, 36, 184, 126, 95, 69, 58, 137, 175, 138, 188, 134, 84, 129, 75, 181, 72, 35, 93, 146, 50, 68, 49, 166, 59, 103, 142, 162, 178, 63, 85, 173, 1, 97]
[50, 34, 126, 94, 67, 55, 138, 175, 139, 183, 135, 82, 129, 74, 177, 70, 33, 92, 147, 48, 66, 47, 161, 56, 103, 142, 158, 174, 60, 83, 169, 1, 96]
[53, 34, 184, 126, 94, 68, 57, 137, 175, 139, 205, 134, 83, 129, 74, 198, 71, 33, 91, 147, 51, 67, 50, 182, 58, 103, 161, 143, 179, 195, 62, 84, 190, 1, 96, 113, 63]
[50, 34, 193, 128, 94, 67, 55, 142, 183, 144, 253, 139, 83, 132, 74, 246, 70, 202, 33, 92, 153, 197, 222, 48, 66, 47, 226, 56, 215, 104, 169, 149, 228, 198, 242, 60, 209, 84, 237, 1, 96, 116, 61, 207]
[53, 36, 128, 96, 70, 57, 141, 180, 142, 190, 138, 85, 131, 76, 184, 73, 35, 94, 149, 51, 69, 50, 168, 58, 105, 145, 165, 181, 62, 87, 176, 1, 98, 116]
[49, 32, 124, 91, 65, 53, 136, 137, 164, 132, 80, 127, 72, 158, 68, 31, 89, 145, 47, 64, 46, 144, 54, 102, 141, 113, 92, 161, 121, 105]
[48, 32, 182, 122, 90, 64, 53, 134, 173, 135, 194, 131, 79, 125, 71, 187, 67, 31, 88, 142, 46, 63, 45, 172, 54, 99, 158, 138, 167, 184, 58, 81, 179, 1, 92, 110]
[107, 71, 255, 193, 139, 116, 277, 280, 108, 272, 172, 261, 153, 115, 147, 68, 188, 295, 103, 137, 98, 138, 117, 210, 287, 118, 313, 126, 174, 308, 3, 198, 231, 128, 302, 200, 157, 235, 79, 291, 204, 89, 160, 32, 82, 316, 165, 263, 146, 41, 144, 288, 227, 183, 266, 45, 52, 56]
[50, 34, 126, 94, 68, 55, 137, 138, 175, 134, 82, 129, 74, 169, 71, 33, 92, 145, 48, 67, 47, 155, 56, 102, 141, 152, 167, 61, 84, 162, 1, 96]
[50, 33, 186, 125, 93, 66, 54, 137, 175, 138, 199, 134, 81, 129, 72, 192, 69, 31, 91, 146, 48, 65, 46, 190, 55, 101, 160, 142, 171, 189, 60, 83, 183, 1, 95, 114]
[50, 34, 185, 126, 91, 65, 54, 138, 176, 139, 188, 135, 81, 129, 71, 181, 68, 33, 89, 146, 47, 64, 46, 166, 55, 100, 142, 163, 178, 59, 82, 173, 1, 93]
[50, 34, 186, 126, 92, 67, 54, 138, 176, 139, 240, 135, 82, 129, 73, 233, 70, 194, 33, 90, 146, 189, 214, 48, 66, 47, 216, 56, 205, 100, 161, 142, 210, 190, 230, 61, 200, 83, 225, 1, 94, 113, 62, 195]
[48, 32, 121, 89, 64, 53, 133, 134, 156, 130, 79, 124, 70, 150, 67, 31, 87, 46, 63, 45, 139, 26, 99, 147, 77, 140, 149, 109, 90]
[51, 34, 126, 93, 67, 55, 138, 139, 170, 135, 81, 130, 73, 164, 70, 33, 90, 146, 49, 66, 48, 150, 56, 101, 142, 152, 162, 61, 82, 36, 0]
[49, 33, 123, 92, 67, 55, 135, 136, 172, 132, 81, 126, 73, 166, 70, 32, 90, 143, 46, 66, 45, 152, 56, 100, 139, 149, 164, 61, 82, 159, 1, 94]
[49, 32, 126, 94, 66, 53, 139, 140, 158, 135, 82, 129, 73, 152, 69, 31, 91, 71, 95, 106, 111, 23, 122, 132, 114, 142, 22, 130]
[53, 37, 129, 96, 69, 57, 140, 141, 26, 145, 43, 66, 128, 39, 29, 38, 130, 99, 17, 47, 74, 97, 109, 112, 25, 116, 36]
[25, 16, 95, 65, 47, 32, 27, 71, 89, 72, 135, 69, 42, 66, 35, 128, 34, 99, 133, 46, 75, 97, 109, 24]
[14, 9, 51, 33, 25, 18, 15, 37, 49, 54]
[49, 33, 183, 125, 92, 65, 53, 136, 173, 137, 238, 133, 81, 128, 72, 231, 68, 191, 32, 89, 144, 186, 210, 47, 64, 46, 212, 54, 203, 102, 159, 140, 209, 187, 228, 59, 198, 82, 223, 1, 95, 113, 60, 195]
[53, 35, 130, 99, 70, 57, 143, 144, 158, 140, 41, 66, 129, 37, 29, 36, 131, 102, 17, 47, 75, 100, 112, 116, 25, 126, 119]
[50, 33, 125, 92, 66, 55, 136, 137, 184, 133, 82, 128, 73, 178, 70, 32, 90, 146, 48, 65, 47, 162, 56, 101, 142, 159, 176, 60, 83, 170, 1, 94, 112]
[55, 36, 188, 127, 97, 71, 59, 139, 178, 140, 270, 136, 86, 131, 252, 77, 263, 74, 196, 35, 94, 148, 191, 216, 224, 52, 230, 69, 51, 241, 60, 208, 105, 164, 144, 237, 242, 192, 214, 260, 64, 203, 87, 254, 1, 99, 116, 65, 206]
[50, 33, 124, 92, 66, 54, 136, 137, 179, 133, 81, 127, 72, 173, 69, 32, 90, 144, 47, 65, 45, 158, 55, 100, 140, 154, 171, 59, 83, 166, 1, 94, 113]
[53, 35, 185, 124, 94, 69, 57, 137, 175, 138, 214, 133, 84, 127, 75, 207, 72, 195, 34, 92, 146, 190, 51, 68, 50, 192, 58, 102, 161, 141, 211, 204, 62, 85, 199, 1, 96, 113, 63]
[52, 34, 127, 96, 69, 57, 139, 140, 180, 136, 84, 131, 75, 174, 72, 33, 94, 148, 50, 68, 49, 160, 58, 105, 143, 156, 172, 62, 85, 167, 2, 98]
[24, 15, 89, 60, 44, 31, 26, 65, 85, 66, 119, 64, 39, 61, 35, 112, 34, 93, 117, 43, 69, 91]
[25, 16, 90, 62, 45, 33, 28, 67, 86, 68, 106, 66, 40, 63, 36, 99, 35, 104, 44, 71]
[52, 36, 126, 94, 68, 56, 139, 179, 140, 187, 135, 84, 129, 75, 181, 72, 35, 92, 149, 50, 67, 49, 165, 57, 102, 143, 162, 178, 61, 85, 173, 1, 96]
[53, 34, 127, 96, 70, 57, 138, 139, 155, 135, 85, 130, 76, 149, 36, 128, 99, 16, 47, 75, 97, 108, 111, 23, 122, 115, 33, 22]
[27, 19, 95, 65, 47, 34, 29, 70, 90, 71, 121, 69, 42, 66, 37, 114, 36, 100, 119, 46, 74]
[50, 34, 184, 124, 94, 68, 56, 136, 175, 138, 188, 133, 83, 127, 74, 181, 71, 33, 92, 145, 47, 67, 46, 165, 57, 102, 141, 162, 178, 62, 84, 172, 1, 96]
[54, 34, 136, 101, 72, 59, 149, 151, 168, 145, 90, 139, 80, 162, 35, 137, 104, 18, 47, 78, 102, 116, 119, 25, 131, 122, 33, 24]
[49, 32, 128, 96, 68, 54, 140, 141, 152, 137, 39, 63, 127, 35, 26, 34, 129, 99, 15, 44, 73, 97, 109, 112, 23, 123, 116]
[24, 16, 93, 62, 47, 33, 26, 68, 87, 69, 119, 67, 41, 63, 36, 112, 35, 97, 117, 46, 72]
[50, 32, 123, 92, 65, 54, 135, 136, 179, 132, 81, 127, 73, 172, 69, 31, 89, 144, 48, 64, 47, 155, 55, 101, 139, 152, 170, 59, 82, 164, 1, 94]
[50, 33, 127, 93, 67, 55, 138, 139, 171, 135, 83, 130, 74, 165, 71, 32, 91, 148, 48, 65, 47, 151, 56, 102, 143, 147, 163, 60, 100, 41, 36]
[49, 33, 125, 94, 66, 53, 139, 140, 157, 136, 81, 128, 73, 151, 70, 126, 98, 16, 43, 72, 95, 107, 111, 23, 121, 114, 32, 22]
[51, 34, 185, 126, 94, 67, 55, 137, 176, 139, 223, 134, 83, 129, 74, 216, 70, 193, 33, 92, 146, 188, 49, 66, 47, 199, 57, 102, 162, 142, 196, 189, 213, 61, 84, 208, 1, 96, 114, 62, 183]
[57, 39, 192, 131, 101, 74, 62, 145, 183, 147, 237, 140, 90, 134, 81, 230, 78, 205, 38, 99, 154, 197, 55, 73, 53, 212, 63, 109, 169, 150, 208, 201, 226, 68, 91, 221, 1, 103, 120, 69, 191]
[52, 35, 188, 128, 98, 69, 56, 140, 178, 141, 246, 137, 86, 132, 77, 239, 73, 196, 34, 95, 148, 191, 215, 49, 68, 48, 219, 57, 207, 107, 165, 144, 216, 192, 235, 63, 202, 88, 230, 1, 101, 117, 64, 201]
[50, 34, 189, 127, 94, 67, 55, 139, 179, 140, 245, 136, 83, 130, 73, 238, 70, 199, 33, 92, 148, 192, 218, 48, 66, 47, 219, 56, 211, 102, 166, 143, 216, 193, 235, 60, 205, 84, 230, 1, 96, 115, 61, 201]
[48, 32, 121, 90, 63, 52, 132, 133, 161, 129, 79, 124, 69, 155, 66, 31, 88, 142, 46, 62, 45, 141, 53, 99, 137, 109, 91, 158, 118, 102]
[51, 35, 193, 130, 99, 69, 56, 143, 183, 144, 242, 139, 87, 133, 78, 235, 72, 203, 34, 97, 151, 197, 49, 68, 48, 216, 57, 107, 169, 147, 212, 198, 232, 62, 89, 225, 1, 101, 118, 64, 199, 156]
[50, 34, 189, 128, 95, 66, 54, 140, 180, 141, 212, 136, 82, 131, 72, 205, 69, 33, 93, 149, 48, 65, 46, 188, 55, 103, 164, 144, 185, 201, 60, 85, 195, 2, 97, 115, 61, 172]
[48, 32, 124, 92, 65, 53, 136, 137, 178, 133, 81, 128, 72, 172, 69, 31, 90, 145, 46, 64, 45, 157, 54, 100, 141, 154, 169, 58, 82, 164, 1, 94]
[101, 67, 255, 190, 136, 110, 278, 281, 102, 272, 169, 260, 150, 109, 143, 65, 185, 97, 133, 94, 134, 111, 208, 113, 230, 192, 253, 247, 214, 237, 140, 59, 203, 83, 73, 1, 95, 284, 60, 219, 207, 268, 152, 96, 298, 162, 149, 75, 234, 257, 171, 201, 84, 156, 30]
[25, 15, 92, 61, 45, 33, 27, 66, 87, 67, 104, 65, 40, 62, 36, 96, 35, 102, 44]
[53, 35, 194, 130, 99, 69, 57, 143, 182, 144, 277, 140, 86, 134, 77, 270, 74, 206, 34, 94, 154, 197, 226, 233, 51, 240, 68, 50, 248, 58, 217, 107, 168, 147, 245, 199, 224, 267, 63, 212, 87, 262, 1, 101, 118, 64, 215, 227]
[50, 34, 190, 125, 94, 67, 54, 139, 180, 140, 281, 136, 83, 128, 256, 74, 274, 71, 261, 198, 33, 92, 148, 193, 220, 227, 48, 249, 233, 66, 47, 248, 55, 212, 102, 165, 143, 245, 250, 194, 218, 271, 59, 205, 84, 265, 1, 96, 113, 61]
[50, 32, 185, 124, 92, 66, 54, 136, 175, 137, 195, 132, 81, 127, 73, 188, 70, 31, 90, 144, 48, 65, 47, 171, 55, 101, 161, 140, 168, 192, 59, 82, 180, 1, 94]
[51, 34, 186, 126, 94, 67, 55, 138, 176, 139, 247, 134, 83, 129, 74, 240, 70, 195, 33, 92, 147, 189, 214, 220, 48, 66, 47, 218, 56, 207, 103, 161, 142, 215, 190, 237, 61, 201, 84, 231, 1, 96, 113, 62, 200]
[25, 17, 62, 46, 33, 28, 67, 68, 89, 66, 41, 63, 36, 83, 35, 87]
[5, 3, 24, 15, 11]
[51, 35, 133, 96, 71, 56, 147, 148, 184, 144, 86, 136, 77, 178, 74, 34, 94, 155, 49, 70, 48, 163, 58, 105, 151, 160, 176, 65, 87, 170, 4, 98]
[52, 36, 194, 131, 97, 68, 57, 144, 184, 145, 212, 141, 86, 135, 77, 205, 73, 35, 95, 153, 50, 67, 49, 189, 58, 106, 170, 148, 186, 202, 62, 87, 197, 1, 99, 118, 63]
[50, 34, 126, 93, 66, 55, 138, 177, 139, 186, 135, 82, 130, 74, 180, 71, 33, 91, 147, 48, 65, 47, 164, 56, 103, 142, 161, 178, 60, 83, 172, 1, 95]
[52, 34, 189, 128, 97, 69, 56, 141, 179, 142, 204, 137, 87, 131, 78, 197, 74, 33, 95, 149, 50, 68, 49, 180, 57, 106, 164, 145, 177, 193, 61, 88, 187, 1, 100, 116]
[51, 35, 135, 100, 71, 57, 148, 149, 180, 145, 88, 138, 78, 174, 74, 34, 98, 157, 49, 70, 48, 159, 58, 110, 153, 156, 172, 62, 107, 43, 37]
[52, 36, 182, 123, 93, 68, 56, 135, 172, 136, 258, 132, 82, 126, 74, 251, 71, 190, 35, 91, 143, 185, 210, 218, 50, 224, 66, 49, 228, 57, 203, 101, 158, 139, 225, 186, 208, 248, 61, 198, 83, 242, 1, 95, 112, 62, 201]
[50, 33, 124, 93, 67, 55, 137, 138, 152, 134, 83, 128, 74, 27, 35, 126, 97, 17, 45, 73, 94, 106, 109, 24, 120, 112, 32, 23]
[54, 38, 130, 99, 72, 60, 143, 144, 182, 140, 87, 133, 79, 176, 75, 36, 96, 153, 52, 71, 51, 160, 61, 108, 148, 157, 174, 66, 88, 168, 1, 101]
[49, 33, 185, 124, 92, 66, 53, 136, 176, 137, 194, 132, 81, 127, 72, 186, 69, 32, 90, 146, 47, 65, 46, 170, 54, 101, 160, 141, 165, 183, 59, 82, 178, 1, 94]
[26, 15, 107, 72, 48, 33, 28, 79, 103, 80, 143, 78, 41, 74, 36, 136, 35, 112, 141, 47, 85, 109, 25]
[48, 32, 184, 125, 91, 65, 52, 138, 175, 139, 217, 135, 80, 128, 71, 210, 68, 193, 31, 89, 146, 188, 46, 64, 45, 192, 53, 99, 161, 142, 189, 207, 57, 81, 201, 1, 93, 111, 58, 177]
[52, 34, 127, 94, 68, 57, 139, 177, 140, 186, 136, 83, 130, 75, 180, 71, 33, 92, 148, 49, 67, 48, 164, 58, 103, 144, 161, 178, 62, 84, 172, 2, 97]
[52, 36, 188, 129, 96, 69, 56, 140, 179, 141, 225, 137, 85, 132, 76, 218, 72, 197, 35, 94, 149, 192, 50, 68, 49, 199, 57, 105, 164, 144, 196, 215, 61, 86, 209, 1, 98, 116, 63, 184]
[54, 37, 192, 128, 96, 70, 58, 141, 182, 142, 222, 136, 85, 131, 76, 215, 73, 200, 36, 93, 149, 195, 52, 69, 51, 197, 59, 105, 168, 145, 194, 212, 63, 86, 207, 3, 98, 117, 65]
[50, 35, 124, 93, 66, 55, 136, 137, 182, 132, 82, 127, 73, 176, 70, 34, 91, 145, 48, 65, 47, 160, 56, 101, 141, 157, 174, 60, 83, 168, 1, 95, 112]
[50, 33, 189, 127, 96, 66, 55, 139, 178, 140, 243, 136, 85, 130, 75, 236, 70, 198, 32, 94, 148, 192, 216, 47, 65, 46, 220, 56, 209, 105, 164, 143, 213, 193, 233, 60, 204, 87, 228, 1, 98, 115, 61, 199]
[48, 33, 185, 124, 92, 66, 53, 136, 175, 137, 192, 133, 82, 128, 72, 189, 69, 32, 90, 146, 46, 65, 45, 169, 55, 101, 161, 140, 165, 182, 59, 83, 176, 1, 94]
[52, 35, 203, 137, 104, 75, 58, 153, 192, 154, 268, 149, 91, 141, 82, 261, 78, 213, 34, 101, 162, 207, 232, 239, 49, 74, 48, 241, 59, 224, 112, 178, 157, 238, 208, 230, 258, 66, 219, 94, 253, 1, 106, 122, 68]
[50, 34, 182, 122, 92, 67, 54, 134, 173, 136, 239, 130, 82, 125, 73, 232, 70, 191, 32, 90, 144, 185, 213, 48, 66, 47, 214, 55, 203, 100, 159, 139, 211, 186, 229, 60, 197, 83, 224, 1, 94, 110, 62, 193]
[55, 36, 200, 138, 106, 74, 61, 150, 190, 151, 235, 147, 93, 142, 82, 228, 79, 210, 35, 104, 159, 203, 52, 73, 51, 205, 62, 115, 175, 154, 202, 222, 66, 95, 216, 1, 108, 126, 68]
[49, 32, 183, 122, 92, 66, 54, 136, 174, 137, 212, 132, 81, 126, 72, 205, 69, 192, 31, 90, 144, 187, 46, 65, 45, 186, 55, 100, 159, 140, 182, 201, 60, 83, 196, 1, 94, 111, 61]
[26, 16, 95, 66, 46, 33, 28, 72, 90, 73, 131, 71, 41, 68, 36, 124, 35, 99, 129, 45, 76, 97, 25]
[50, 34, 186, 124, 92, 67, 54, 137, 176, 138, 233, 134, 82, 127, 73, 226, 70, 194, 33, 90, 145, 189, 48, 66, 47, 208, 56, 101, 161, 141, 204, 190, 223, 60, 83, 218, 1, 95, 112, 61, 192, 149]
[50, 34, 124, 92, 65, 54, 138, 139, 160, 135, 80, 129, 72, 154, 68, 33, 89, 48, 119, 136, 132, 112, 142, 24, 148, 28, 102, 149, 78]
[52, 35, 191, 129, 97, 68, 57, 141, 179, 142, 213, 138, 84, 132, 75, 206, 72, 34, 95, 149, 50, 67, 49, 189, 58, 106, 166, 145, 185, 203, 62, 86, 198, 1, 99, 117, 63, 173]
[24, 15, 92, 62, 44, 32, 27, 68, 88, 69, 139, 67, 39, 63, 35, 132, 34, 96, 137, 43, 72, 94, 106, 109, 23]
[52, 35, 127, 96, 69, 56, 139, 179, 140, 189, 136, 86, 130, 77, 183, 74, 34, 94, 148, 50, 68, 49, 167, 57, 105, 144, 164, 180, 61, 87, 175, 1, 99, 115]
[103, 70, 261, 193, 135, 112, 282, 284, 104, 292, 83, 129, 258, 75, 56, 72, 262, 200, 33, 94, 148, 194, 221, 229, 50, 252, 235, 67, 48, 268, 57, 214, 288, 166, 143, 265, 269, 195, 254, 219, 243, 140, 62, 209, 84, 290, 1, 98, 114, 63, 225, 212]
[51, 32, 194, 132, 96, 67, 56, 144, 182, 145, 244, 140, 85, 135, 75, 237, 70, 202, 31, 94, 153, 197, 47, 66, 46, 218, 57, 109, 168, 148, 214, 198, 234, 61, 86, 227, 1, 100, 120, 62, 201, 157, 103]
[53, 33, 190, 129, 96, 69, 57, 142, 179, 143, 261, 139, 85, 133, 76, 254, 72, 199, 32, 93, 150, 194, 219, 225, 50, 232, 68, 49, 233, 58, 212, 104, 165, 146, 230, 195, 217, 251, 62, 205, 86, 246, 1, 98, 115, 63, 210]
[25, 16, 92, 63, 48, 34, 27, 68, 88, 69, 135, 67, 41, 64, 37, 128, 36, 97, 133, 46, 72, 94, 106, 109, 24]
[49, 32, 188, 126, 94, 66, 54, 139, 177, 140, 211, 135, 83, 129, 73, 204, 69, 31, 92, 148, 47, 65, 46, 208, 55, 103, 163, 144, 185, 201, 59, 85, 195, 1, 97, 114, 60, 172]
[52, 35, 130, 97, 68, 56, 142, 143, 186, 138, 84, 133, 75, 180, 71, 34, 94, 151, 50, 67, 49, 165, 58, 105, 146, 162, 178, 62, 85, 172, 2, 99, 117]
[27, 18, 89, 62, 47, 35, 29, 67, 85, 68, 127, 66, 42, 63, 38, 120, 37, 93, 126, 46, 71, 91, 102, 26]
[99, 67, 254, 190, 133, 110, 277, 279, 100, 271, 166, 259, 148, 108, 141, 65, 183, 96, 131, 92, 132, 111, 207, 296, 162, 290, 54, 230, 192, 252, 247, 213, 236, 137, 58, 202, 82, 72, 1, 94, 112, 60, 218, 205, 261, 151, 95, 294, 161, 146, 74, 234, 250, 169, 200]
[25, 16, 91, 62, 46, 33, 27, 67, 87, 68, 136, 66, 40, 63, 36, 129, 35, 95, 134, 44, 71, 93, 104, 108, 24]
[50, 33, 185, 124, 94, 66, 55, 136, 174, 137, 228, 133, 84, 127, 75, 221, 70, 195, 32, 92, 145, 188, 48, 65, 47, 203, 56, 102, 160, 141, 200, 189, 218, 60, 85, 213, 1, 96, 112, 61, 186]
[26, 16, 95, 66, 49, 34, 28, 71, 90, 72, 118, 70, 44, 67, 39, 111, 38, 116, 48, 76, 25]
[48, 33, 121, 89, 64, 52, 132, 133, 155, 129, 79, 124, 70, 149, 67, 32, 87, 46, 63, 45, 139, 26, 99, 146, 77, 140, 148, 109, 91]
[52, 36, 189, 131, 96, 69, 56, 142, 180, 143, 225, 139, 85, 134, 76, 218, 72, 198, 35, 94, 151, 192, 50, 68, 49, 199, 57, 105, 165, 146, 195, 215, 62, 87, 210, 1, 98, 117, 63, 184]
[56, 38, 193, 132, 101, 73, 61, 145, 182, 146, 202, 142, 90, 135, 79, 195, 76, 37, 98, 154, 53, 72, 51, 178, 62, 109, 169, 150, 175, 191, 66, 91, 185, 1, 103]
[52, 35, 190, 130, 96, 68, 57, 142, 180, 143, 232, 139, 84, 133, 76, 225, 72, 198, 34, 93, 151, 193, 50, 67, 49, 207, 58, 106, 165, 147, 203, 194, 222, 62, 86, 217, 1, 100, 117, 63, 191]
[50, 33, 184, 123, 92, 67, 55, 136, 174, 137, 202, 132, 82, 127, 74, 195, 70, 32, 90, 144, 48, 66, 47, 179, 56, 101, 160, 140, 176, 192, 60, 83, 187, 1, 94, 112, 62]
[102, 70, 257, 192, 135, 111, 282, 284, 103, 276, 84, 129, 255, 75, 56, 72, 259, 199, 34, 92, 146, 194, 218, 227, 49, 248, 233, 67, 48, 268, 57, 211, 289, 165, 142, 264, 269, 195, 251, 216, 240, 139, 61, 205, 85, 283, 1, 97, 113, 62, 222, 208, 243]
[52, 35, 124, 93, 68, 56, 135, 137, 152, 132, 83, 127, 74, 146, 36, 125, 96, 16, 46, 73, 94, 106, 109, 25, 119, 112, 33, 23]
[49, 32, 122, 91, 66, 54, 134, 135, 171, 131, 80, 125, 72, 165, 69, 31, 89, 143, 46, 65, 45, 151, 55, 99, 138, 146, 163, 59, 81, 158, 1]
[49, 34, 185, 124, 92, 66, 55, 136, 175, 137, 266, 133, 82, 127, 251, 73, 259, 69, 193, 33, 90, 145, 188, 212, 220, 47, 226, 65, 46, 233, 56, 205, 101, 160, 140, 230, 189, 210, 256, 60, 199, 83, 249, 1, 94, 111, 61, 202]
[51, 33, 123, 91, 66, 55, 135, 138, 164, 132, 81, 126, 72, 157, 69, 32, 89, 49, 65, 48, 142, 56, 100, 153, 78, 147, 27, 110, 92]
[59, 42, 194, 133, 100, 74, 63, 145, 185, 146, 239, 141, 89, 136, 81, 232, 77, 202, 41, 98, 153, 197, 57, 73, 56, 213, 64, 109, 168, 149, 210, 198, 229, 68, 90, 224, 1, 102, 121, 69, 215, 157]
[51, 35, 184, 124, 92, 67, 55, 137, 175, 138, 252, 133, 82, 128, 74, 245, 70, 193, 34, 90, 145, 188, 213, 219, 49, 225, 66, 48, 224, 56, 205, 101, 161, 141, 221, 189, 211, 242, 61, 200, 83, 236, 2, 94, 112, 62]
[51, 33, 127, 95, 68, 55, 139, 140, 158, 135, 84, 130, 75, 152, 72, 128, 98, 16, 44, 74, 96, 108, 112, 23, 122, 115, 32, 22]
[110, 75, 260, 199, 146, 122, 283, 285, 111, 278, 176, 265, 159, 121, 153, 72, 192, 107, 144, 104, 145, 123, 216, 124, 309, 134, 178, 82, 1, 105, 282, 291, 68, 227, 215, 310, 161, 106, 306, 171, 158, 84, 242, 272, 288, 210, 92, 166, 36, 87, 313, 170, 152, 46, 150, 203]
[104, 33, 189, 130, 94, 67, 55, 269, 142, 180, 143, 50, 139, 83, 133, 250, 74, 275, 71, 253, 198, 32, 92, 151, 192, 216, 224, 48, 244, 230, 66, 46, 248, 56, 209, 106, 166, 147, 245, 249, 193, 214, 236, 271, 60, 204, 84, 265, 1, 97, 119]
[48, 32, 186, 124, 91, 65, 52, 137, 176, 140, 220, 134, 80, 127, 72, 213, 68, 194, 31, 89, 147, 189, 46, 64, 45, 195, 53, 100, 163, 143, 192, 210, 57, 81, 205, 1, 93, 111, 59, 181]
[50, 34, 183, 123, 92, 66, 54, 135, 173, 136, 208, 132, 81, 126, 73, 201, 70, 33, 90, 143, 186, 48, 65, 47, 184, 55, 101, 160, 139, 181, 197, 60, 82, 192, 1, 94, 111, 61]
[51, 34, 191, 127, 94, 68, 56, 141, 181, 142, 201, 137, 83, 131, 75, 194, 71, 33, 92, 150, 48, 67, 47, 177, 57, 103, 166, 145, 174, 198, 62, 84, 186, 1, 96]
[51, 35, 191, 128, 94, 68, 55, 139, 182, 140, 259, 136, 83, 131, 75, 251, 71, 199, 34, 92, 149, 194, 220, 226, 49, 67, 48, 229, 56, 212, 102, 165, 144, 231, 195, 217, 248, 61, 207, 84, 242, 1, 96, 114, 62, 210]
[24, 16, 91, 62, 46, 31, 26, 68, 87, 69, 106, 67, 40, 64, 35, 99, 34, 104, 45]
[52, 35, 189, 129, 95, 69, 56, 142, 179, 143, 194, 138, 84, 132, 75, 187, 72, 34, 93, 150, 50, 68, 49, 170, 57, 105, 165, 146, 167, 184, 62, 85, 178, 1]
[50, 34, 190, 127, 96, 68, 55, 139, 181, 140, 216, 135, 85, 130, 76, 209, 71, 33, 94, 147, 48, 67, 47, 192, 56, 105, 164, 143, 188, 205, 62, 86, 199, 1, 99, 115, 63, 176]
[24, 15, 92, 61, 45, 31, 26, 67, 88, 68, 128, 66, 38, 62, 34, 121, 33, 96, 126, 44, 71, 94, 23]
[100, 68, 252, 187, 133, 110, 275, 277, 101, 269, 166, 257, 149, 109, 142, 65, 182, 298, 97, 131, 94, 132, 111, 206, 327, 284, 112, 349, 120, 168, 344, 3, 192, 227, 122, 322, 307, 195, 300, 154, 153, 170, 63, 159, 267, 281, 80, 278, 90, 106, 114, 246, 73, 228, 287, 347, 56, 329, 145, 190, 263, 48, 276, 81]
[51, 35, 184, 124, 93, 67, 56, 136, 175, 137, 205, 133, 81, 127, 73, 198, 70, 34, 90, 144, 49, 66, 48, 182, 57, 101, 160, 140, 179, 195, 61, 82, 190, 1, 95, 112, 62]
[50, 34, 184, 124, 93, 67, 54, 137, 174, 138, 187, 134, 82, 127, 73, 180, 70, 33, 91, 145, 48, 66, 47, 164, 55, 102, 141, 161, 176, 61, 83, 171, 1, 95]
[49, 32, 185, 124, 93, 66, 54, 136, 175, 137, 224, 133, 82, 127, 73, 217, 69, 194, 31, 90, 145, 188, 47, 65, 46, 199, 55, 102, 159, 140, 196, 189, 214, 59, 83, 209, 1, 95, 112, 60, 183]
[51, 33, 190, 130, 95, 67, 55, 141, 181, 142, 211, 138, 85, 133, 75, 204, 72, 32, 93, 150, 49, 66, 48, 187, 56, 104, 165, 145, 184, 201, 61, 86, 194, 1, 98, 117, 62]
[49, 33, 186, 125, 92, 66, 54, 137, 175, 138, 207, 134, 81, 128, 73, 200, 69, 31, 90, 147, 47, 65, 46, 184, 55, 101, 161, 143, 181, 197, 60, 83, 192, 1, 94, 112, 61]
[24, 16, 93, 61, 45, 32, 26, 67, 68, 97, 66, 40, 62, 35, 90, 34, 95]
[99, 67, 250, 188, 133, 110, 275, 277, 100, 268, 166, 256, 147, 109, 141, 65, 183, 96, 131, 93, 132, 111, 206, 294, 161, 287, 55, 226, 190, 249, 244, 212, 233, 137, 60, 201, 83, 73, 1, 94, 112, 61, 216, 204, 259, 149, 95, 292, 160, 146, 76, 231, 247, 168, 199]
[55, 36, 132, 100, 73, 29, 139, 75, 95, 76, 26, 146, 43, 69, 131, 38, 145, 37, 104, 16, 49, 80, 102, 114, 117, 25]
[50, 34, 190, 127, 95, 66, 54, 139, 179, 140, 244, 135, 84, 130, 73, 237, 70, 199, 33, 93, 148, 193, 219, 48, 65, 47, 218, 56, 211, 104, 164, 143, 214, 195, 234, 60, 85, 229, 1, 97, 115, 61, 200]
[52, 36, 190, 127, 96, 68, 57, 140, 180, 141, 204, 136, 84, 131, 75, 197, 71, 35, 93, 148, 50, 67, 49, 194, 58, 105, 165, 144, 177, 193, 62, 86, 188, 1, 98, 116]
[24, 15, 90, 61, 45, 32, 26, 66, 86, 67, 107, 65, 39, 62, 35, 100, 34, 105, 44, 71]
[105, 71, 255, 195, 136, 114, 278, 280, 106, 272, 169, 261, 150, 113, 144, 68, 188, 296, 102, 134, 98, 135, 115, 211, 287, 116, 318, 124, 171, 313, 3, 199, 232, 126, 293, 201, 156, 154, 173, 65, 161, 271, 162, 263, 143, 43, 141, 294, 228, 179, 276, 48, 55, 59, 186, 277, 231, 125, 38]
[51, 34, 188, 126, 94, 67, 56, 139, 179, 141, 252, 135, 83, 129, 74, 245, 70, 197, 33, 92, 149, 191, 221, 49, 66, 48, 225, 57, 213, 103, 164, 144, 222, 192, 242, 61, 207, 84, 235, 1, 96, 115, 62, 205]
[52, 33, 191, 133, 100, 70, 57, 144, 181, 145, 250, 141, 86, 136, 76, 243, 73, 199, 32, 97, 153, 194, 218, 50, 69, 49, 223, 59, 210, 109, 168, 148, 219, 195, 240, 63, 205, 88, 235, 1, 103, 120, 64, 204]
[49, 34, 124, 92, 66, 55, 136, 137, 152, 132, 82, 127, 74, 146, 35, 125, 97, 17, 44, 73, 94, 106, 109, 24, 120, 112, 33, 23]
[24, 16, 95, 64, 46, 32, 26, 70, 91, 71, 136, 69, 39, 65, 35, 129, 34, 99, 134, 45, 74, 97, 109, 23]
[24, 15, 90, 62, 47, 34, 26, 67, 86, 68, 129, 66, 41, 63, 37, 122, 36, 95, 127, 45, 72, 93, 105, 23]
[28, 18, 97, 68, 52, 36, 30, 73, 93, 74, 120, 72, 45, 69, 40, 113, 39, 101, 118, 50, 77]
[53, 34, 190, 128, 98, 69, 57, 142, 180, 143, 194, 139, 86, 131, 78, 187, 74, 33, 96, 152, 51, 68, 50, 171, 58, 107, 146, 168, 184, 62, 87, 178, 1, 100]
[51, 34, 183, 123, 92, 67, 55, 135, 174, 136, 215, 132, 82, 127, 73, 207, 70, 192, 33, 90, 144, 186, 48, 66, 47, 190, 56, 101, 160, 140, 196, 204, 60, 83, 199, 1, 94, 111, 61]
[50, 34, 122, 91, 65, 54, 134, 135, 146, 131, 40, 62, 121, 36, 26, 35, 123, 94, 15, 45, 70, 92, 104, 107, 22, 118, 110]
[111, 70, 281, 209, 150, 122, 302, 305, 112, 297, 186, 286, 164, 121, 158, 67, 203, 108, 147, 105, 148, 55, 229, 321, 182, 315, 308, 254, 212, 280, 274, 238, 262, 155, 61, 223, 88, 77, 1, 106, 125, 62, 243, 226, 287, 168, 107, 319, 181, 163, 79, 260, 276, 189, 220]
[52, 35, 126, 93, 67, 56, 137, 138, 158, 134, 82, 129, 73, 151, 70, 34, 91, 72, 94, 107, 110, 26, 121, 132, 113, 141, 25, 130]
[28, 16, 96, 64, 48, 35, 30, 70, 91, 71, 106, 69, 43, 65, 39, 99, 38, 104]
[48, 31, 185, 123, 93, 65, 53, 136, 176, 137, 208, 131, 82, 126, 72, 201, 69, 30, 90, 144, 46, 64, 45, 205, 55, 101, 161, 140, 182, 198, 59, 83, 193, 1, 95, 112, 60, 171]
[49, 33, 181, 122, 91, 65, 54, 133, 170, 135, 225, 130, 80, 125, 71, 218, 68, 189, 32, 89, 142, 184, 47, 64, 46, 201, 55, 100, 157, 138, 197, 185, 215, 59, 81, 210, 1, 93, 110, 60, 183, 147]
[50, 33, 188, 127, 94, 67, 54, 140, 179, 141, 228, 137, 82, 132, 73, 221, 70, 197, 32, 92, 149, 191, 48, 65, 47, 202, 55, 103, 165, 144, 199, 192, 218, 59, 84, 212, 1, 96, 115, 60, 186]
[52, 36, 186, 126, 95, 68, 56, 139, 176, 140, 237, 135, 84, 130, 74, 230, 71, 196, 34, 93, 147, 189, 50, 67, 49, 212, 57, 207, 104, 162, 143, 208, 191, 227, 61, 85, 221, 1, 97, 115, 62, 194, 151]
[51, 35, 129, 94, 67, 56, 142, 88, 69, 26, 146, 41, 64, 128, 37, 29, 36, 131, 98, 18, 46, 72, 95, 109, 114, 25]
[51, 35, 127, 93, 67, 55, 139, 87, 69, 25, 143, 41, 64, 126, 37, 27, 36, 128, 98, 16, 45, 73, 95, 108, 111, 23]
[52, 35, 127, 95, 68, 56, 139, 140, 171, 136, 84, 130, 74, 165, 71, 34, 93, 148, 50, 67, 49, 149, 57, 105, 143, 145, 163, 30, 102, 43]
[25, 16, 93, 63, 46, 34, 27, 68, 89, 69, 114, 67, 41, 64, 37, 107, 36, 112, 45, 73]
[48, 33, 123, 90, 65, 53, 135, 136, 172, 131, 80, 126, 71, 166, 68, 32, 88, 145, 46, 64, 45, 152, 54, 99, 140, 149, 164, 58, 81, 159, 1, 93]
[51, 36, 184, 126, 93, 68, 56, 137, 175, 138, 210, 134, 83, 129, 74, 203, 71, 35, 91, 147, 187, 49, 67, 48, 185, 57, 103, 162, 141, 182, 199, 61, 84, 194, 1, 95, 114, 62]
[26, 16, 93, 62, 46, 33, 28, 68, 87, 69, 98, 67, 41, 64, 36, 89, 35]
[103, 69, 266, 197, 140, 114, 290, 292, 104, 283, 173, 271, 156, 113, 149, 66, 191, 310, 100, 138, 97, 139, 115, 217, 300, 117, 349, 124, 175, 344, 3, 202, 240, 126, 322, 319, 205, 312, 160, 159, 178, 64, 166, 282, 297, 83, 294, 93, 108, 119, 258, 75, 241, 347, 56, 329, 172, 74, 157, 250, 334, 233]
[49, 32, 123, 92, 66, 53, 134, 135, 163, 131, 81, 126, 72, 157, 69, 31, 90, 143, 46, 65, 45, 142, 54, 101, 139, 111, 93, 160, 120, 104]
[49, 33, 183, 123, 90, 64, 53, 134, 172, 135, 215, 131, 80, 126, 70, 208, 67, 191, 32, 88, 143, 186, 46, 63, 45, 189, 54, 99, 159, 139, 196, 205, 58, 81, 199, 1, 92, 110, 59]
[24, 16, 91, 63, 46, 33, 27, 68, 87, 70, 127, 67, 40, 64, 36, 120, 35, 95, 125, 45, 73, 93, 23]
[51, 35, 128, 94, 68, 55, 140, 142, 183, 136, 83, 131, 74, 177, 71, 34, 92, 149, 49, 67, 48, 160, 57, 102, 145, 157, 175, 61, 84, 169, 1, 96]
[48, 32, 181, 121, 90, 64, 52, 134, 171, 135, 212, 131, 80, 125, 71, 205, 68, 190, 31, 88, 143, 185, 46, 63, 45, 187, 54, 100, 157, 139, 183, 202, 58, 81, 197, 1, 92, 110, 59]
[25, 16, 90, 60, 45, 32, 27, 67, 86, 68, 132, 66, 39, 62, 35, 123, 34, 94, 130, 44, 71, 92, 105, 24]
[50, 33, 126, 93, 67, 54, 138, 139, 176, 135, 81, 129, 73, 170, 70, 32, 91, 148, 48, 66, 47, 156, 55, 103, 144, 152, 168, 59, 82, 163, 1, 95]
[57, 39, 197, 133, 100, 74, 61, 145, 187, 146, 216, 142, 90, 137, 81, 209, 78, 38, 98, 156, 54, 72, 53, 193, 62, 109, 173, 149, 190, 206, 67, 91, 201, 1, 102, 121, 68]
[49, 33, 186, 124, 92, 66, 53, 136, 175, 137, 208, 133, 82, 128, 73, 200, 69, 32, 90, 146, 46, 65, 45, 185, 55, 101, 161, 140, 181, 197, 60, 83, 192, 1, 95, 113, 61, 168]
[50, 33, 192, 129, 97, 67, 55, 143, 182, 144, 271, 138, 85, 132, 75, 262, 72, 201, 32, 95, 152, 195, 220, 227, 48, 233, 66, 47, 241, 56, 212, 105, 167, 147, 237, 197, 218, 259, 61, 207, 86, 254, 1, 99, 117, 62, 210, 221]
[51, 17, 94, 62, 46, 34, 28, 69, 90, 71, 25, 68, 41, 64, 124, 37, 133, 36, 98, 140, 45, 74, 96, 107, 111]
[54, 36, 128, 96, 70, 58, 141, 142, 154, 137, 86, 67, 127, 39, 30, 37, 129, 100, 16, 47, 76, 98, 110, 113, 26, 124, 116]
[50, 35, 127, 95, 69, 57, 139, 140, 182, 136, 84, 130, 76, 176, 73, 34, 93, 150, 48, 68, 47, 161, 58, 104, 144, 158, 174, 62, 85, 169, 1, 97]
