0.9158918261528015
0.9822308421134949
0.9807028770446777
0.9504683017730713
0.9653728604316711
0.9709991812705994
0.965854823589325
0.9823560118675232
0.8747717142105103
0.9808831810951233
0.9793322086334229
0.9931274056434631
0.9314966201782227
0.9374515414237976
0.9594917893409729
0.9839604496955872
0.9660053253173828
0.9495329856872559
0.8205254673957825
0.9494693875312805
0.9376137256622314
0.819994330406189
0.8059723377227783
0.9010846614837646
0.9626876711845398
0.9404783844947815
0.9648019671440125
0.9804524183273315
0.9409269094467163
0.9352256655693054
0.9159265160560608
0.9310477375984192
0.9233555197715759
0.994049608707428
0.8693971633911133
0.8313972353935242
0.9687389135360718
0.9832790493965149
0.9594160318374634
0.9825997948646545
0.981315553188324
0.9506312012672424
0.9204376935958862
0.9803765416145325
0.988689124584198
0.8919199109077454
0.933831512928009
0.9557826519012451
0.9744277000427246
0.8781655430793762
0.9657716155052185
0.974030613899231
0.986863374710083
0.9877828359603882
0.9619274735450745
0.9917480945587158
0.8664102554321289
0.9780185222625732
0.932216227054596
0.9824727773666382
0.9528927803039551
0.9772723913192749
0.9733293652534485
0.8914680480957031
0.89158695936203
0.906157910823822
0.982905924320221
0.9703920483589172
0.9567434787750244
0.9569467902183533
0.9672363996505737
0.9833175539970398
0.9587466716766357
0.8890637159347534
0.9847797751426697
0.9199273586273193
0.9513803124427795
0.9870823621749878
0.9535631537437439
0.9786245822906494
0.8531879782676697
0.9346871376037598
0.9548519849777222
0.9608197808265686
0.8960942029953003
0.9763413667678833
0.950163722038269
0.9889606833457947
0.9528544545173645
0.9682075381278992
0.9579286575317383
0.9660931825637817
0.8749638199806213
0.949937641620636
0.9835407733917236
0.971207320690155
0.9637663960456848
0.7796578407287598
0.883726954460144
0.9800388813018799
0.9556636214256287
0.9689651727676392
0.9658076167106628
0.9748284220695496
0.9143937230110168
0.9046599864959717
0.9588165283203125
0.9887235164642334
0.959022581577301
0.9614364504814148
0.9691450595855713
0.953498125076294
0.9016658663749695
0.9764098525047302
0.9487082362174988
0.9173017740249634
0.9774395227432251
0.8565186262130737
0.9447342753410339
0.9487675428390503
0.9372832775115967
0.982333242893219
0.9385440945625305
0.895628035068512
0.9656794667243958
0.988193929195404
0.92402583360672
0.9693414568901062
0.9817790389060974
0.8749679923057556
0.9454400539398193
0.9913516640663147
0.8517974019050598
0.9219930768013
0.8984192609786987
0.9789794087409973
0.9502050280570984
0.973712146282196
0.9529687166213989
0.9842982292175293
0.9692965149879456
0.9759226441383362
0.8812951445579529
0.9656908512115479
0.8290545344352722
0.9734954833984375
0.9172866940498352
0.9374527335166931
0.9529843330383301
0.8837602734565735
0.9413506388664246
0.9677250385284424
0.9800039529800415
0.9680480360984802
0.9371193051338196
0.9461556673049927
0.9735127091407776
0.9041947722434998
0.9575274586677551
0.9206608533859253
0.9497092962265015
0.9771459102630615
0.9757465720176697
0.9538506865501404
0.9724400043487549
0.9155092239379883
0.943575382232666
0.9924039840698242
0.9195231199264526
0.9790241718292236
0.8666940927505493
0.9805440902709961
0.9568068981170654
0.9695215225219727
0.9807049632072449
0.9834740161895752
0.9670916199684143
0.9104761481285095
0.9382203221321106
0.9887100458145142
0.9338727593421936
0.9186608791351318
0.9366930723190308
0.9582844972610474
0.9797943234443665
0.967777669429779
0.9758898019790649
0.9857361316680908
0.9730563163757324
0.9506765007972717
0.9769033789634705
0.9787678718566895
0.9736940860748291
0.9844710826873779
0.9692426919937134
0.9462788105010986
0.7725433707237244
0.9764858484268188
0.9584019780158997
0.9745503067970276
