0.8658739924430847
0.9981721043586731
0.975104808807373
0.9964398741722107
0.9611571431159973
0.9738015532493591
0.8744376301765442
0.9927664399147034
0.8977614045143127
0.9964257478713989
0.900130033493042
0.9974870085716248
0.9531395435333252
0.9979910254478455
0.9364674687385559
0.9990683794021606
0.9630098342895508
0.9957630038261414
0.9635982513427734
0.9944289922714233
0.9555196762084961
0.9972603917121887
0.9671880006790161
0.9990392923355103
0.9167802333831787
0.9992655515670776
0.9487938284873962
0.9943506121635437
0.9642372727394104
0.9993153810501099
0.9401435852050781
0.9346804022789001
0.9032458066940308
0.9986215233802795
0.9756389260292053
0.9946855902671814
0.9010620713233948
0.9962011575698853
0.9107610583305359
0.996953010559082
0.972679615020752
0.9953624606132507
0.8351348042488098
0.9990656971931458
0.9546794891357422
0.9958012700080872
0.9001032710075378
0.9913615584373474
0.9667512774467468
0.9970215559005737
0.9468923807144165
0.9984424114227295
0.960602343082428
0.9927423596382141
0.9376991391181946
0.9991562962532043
0.9300784468650818
0.999123752117157
0.9604941606521606
0.9987950921058655
0.9594569206237793
0.9988800287246704
0.855207085609436
0.9832903146743774
0.9007232785224915
0.9959244132041931
0.9388623237609863
0.9978761076927185
0.9095110297203064
0.988337516784668
0.9302423596382141
0.9987438917160034
0.8974961638450623
0.9261512160301208
0.9665271639823914
0.9988082647323608
0.9102398157119751
0.9981691837310791
0.7478184103965759
0.9945322275161743
0.8502614498138428
0.9785060286521912
0.8660780191421509
0.9958327412605286
0.9606165289878845
0.9968273043632507
0.9721236824989319
0.9989991784095764
0.8713977932929993
0.9748880863189697
0.9304820895195007
0.9926019310951233
0.9358420372009277
0.997624397277832
0.9523839950561523
0.9962301254272461
0.9071153402328491
0.9987345337867737
0.8810476064682007
0.9984908699989319
0.9650895595550537
0.9912998080253601
0.9319440722465515
0.998658299446106
0.9426359534263611
0.9987594485282898
0.9544757604598999
0.9969061017036438
0.9490554928779602
0.9991248846054077
0.9321301579475403
0.9979866743087769
0.8720417022705078
0.9986045360565186
0.8518916368484497
0.9955610632896423
0.9443034529685974
0.9908267855644226
0.9683965444564819
0.9554117918014526
0.9453591108322144
0.9954752326011658
0.9400355219841003
0.9828215837478638
0.9243260025978088
0.9948133826255798
0.8310836553573608
0.9981882572174072
0.9742187857627869
0.9960301518440247
0.9126561284065247
0.9968112111091614
0.9312297701835632
0.9876205325126648
0.930992066860199
0.9969475865364075
0.9458125829696655
0.9986718893051147
0.9379896521568298
0.9920697212219238
0.9401662349700928
0.9910626411437988
0.8181366324424744
0.9985536336898804
0.9202588200569153
0.9988483786582947
0.9536733627319336
0.9971621632575989
0.9552775025367737
0.9651815295219421
0.8585005402565002
0.9970971345901489
0.9447451233863831
0.9965392351150513
0.8283733129501343
0.9949579238891602
0.9406291842460632
0.9851086139678955
0.8893101811408997
0.9951111674308777
0.9696640968322754
0.9995362162590027
0.9623642563819885
0.9786787033081055
0.8389345407485962
0.9907630085945129
0.939540684223175
0.9954493045806885
0.9139243364334106
0.9975467324256897
0.9716156721115112
0.997458279132843
0.9547653198242188
0.9969231486320496
0.9722067713737488
0.9981846213340759
0.9764723181724548
0.9612687230110168
0.9016284942626953
0.9975075125694275
0.7869167327880859
0.9970299005508423
0.954004168510437
0.9976121187210083
0.9371201992034912
0.9858085513114929
0.9082038402557373
0.9984563589096069
0.9674525260925293
0.9922093152999878
0.9695974588394165
0.9984233379364014
0.9137296676635742
0.9978315830230713
0.9555642008781433
0.9975590109825134
0.8937684297561646
0.9982091784477234
0.9141766428947449
0.9876498579978943
