-2.501408576965332
-2.499087333679199
-3.011443614959717
-2.622945547103882
-3.4034435749053955
-3.2700271606445312
-2.755960464477539
-2.5911524295806885
-3.343332529067993
-2.7657766342163086
-1.8704012632369995
-2.5323026180267334
-3.1353766918182373
-2.586726427078247
-3.2445359230041504
-2.425983428955078
-2.9437661170959473
-2.6365060806274414
-3.0727267265319824
-2.6024112701416016
-2.436692714691162
-2.82466721534729
-2.8572256565093994
-3.0295610427856445
-2.7373249530792236
-2.523954153060913
-3.21158766746521
-2.573517322540283
-2.80393648147583
-3.636427640914917
-2.5905954837799072
-2.695319652557373
-2.995461940765381
-2.670928478240967
-3.1403753757476807
-2.554445743560791
-2.97560715675354
-2.815857172012329
-3.613909959793091
-2.6545166969299316
-3.129878520965576
-2.81056809425354
-3.044478416442871
-2.4873709678649902
-2.551072835922241
-2.7308695316314697
-2.9096527099609375
-2.6720964908599854
-2.79543137550354
-3.012592315673828
-3.366356611251831
-2.6472115516662598
-2.867833375930786
-2.7903833389282227
-2.793891191482544
-2.5700771808624268
-2.877554178237915
-2.5257506370544434
-2.636131525039673
-2.2016587257385254
-3.108717918395996
-2.711627244949341
-3.197331428527832
-2.296743631362915
-2.8964035511016846
-3.0339694023132324
-2.6362192630767822
-2.8279638290405273
-2.777242422103882
-2.872474193572998
-2.655444383621216
-2.640746593475342
-2.653036117553711
-3.0110912322998047
-2.868333578109741
-2.7963786125183105
-3.2908968925476074
-2.6520302295684814
-2.676269292831421
-2.774658203125
-2.8657753467559814
-2.5042717456817627
-3.1827361583709717
-2.7781333923339844
-3.174812078475952
-2.7861156463623047
-3.493015766143799
-2.979038715362549
-3.3798623085021973
-2.1070940494537354
-3.071519613265991
-2.869398832321167
-3.532137393951416
-2.423435926437378
-3.039241313934326
-2.7213876247406006
-2.9846856594085693
-2.7530572414398193
-3.0989255905151367
-2.7762179374694824
-2.7486963272094727
-2.6937732696533203
-3.2401020526885986
-2.808469772338867
-2.5504820346832275
-2.666032552719116
-2.921764850616455
-2.7390973567962646
-2.847231864929199
-2.887000560760498
-2.9430809020996094
-3.0828752517700195
-3.5895798206329346
-2.555516004562378
-3.229109525680542
-3.1663482189178467
-2.76931095123291
-3.0426833629608154
-2.9636857509613037
-3.282353639602661
-2.6095285415649414
-2.7698516845703125
-4.4728264808654785
-2.7077834606170654
-3.7176690101623535
-2.5656332969665527
-3.4280848503112793
-2.642773389816284
-3.036067247390747
-2.3526129722595215
-2.8108327388763428
-3.0495986938476562
-3.2204363346099854
-2.932152032852173
-2.940150737762451
-2.624316453933716
-3.2018215656280518
-2.63216495513916
-3.0156784057617188
-3.1015985012054443
-2.826756477355957
-2.757611036300659
-3.007408380508423
-2.896713972091675
-3.024035930633545
-2.4157416820526123
-3.370734930038452
-2.5834312438964844
-2.4931814670562744
-2.8695905208587646
-2.8777573108673096
-2.9230997562408447
-3.047203540802002
-2.7252895832061768
-2.79522967338562
-2.799485921859741
-2.8343241214752197
-2.746680498123169
-2.83833646774292
-2.553544759750366
-3.3411598205566406
-3.0150585174560547
-3.0356078147888184
-2.723987340927124
-2.909562826156616
-2.650542736053467
-3.5580084323883057
-3.0877041816711426
-2.8216235637664795
-3.0932657718658447
-3.170825481414795
-2.7833924293518066
-2.8333537578582764
-2.9089958667755127
-2.9664058685302734
-3.0022659301757812
-2.671370029449463
-2.9977214336395264
-2.960181474685669
-2.7485809326171875
-3.103778600692749
-2.553619623184204
-3.165738582611084
-2.816896677017212
-2.4237382411956787
-3.0818536281585693
-3.225092887878418
-2.830308437347412
-3.326545000076294
-2.9789223670959473
-2.9279346466064453
-2.9754531383514404
-2.60681414604187
-2.5700082778930664
-3.0979936122894287
-2.578582286834717
-2.854379415512085
-2.6049492359161377
-2.9972727298736572
-2.94974946975708
