0.9365333318710327
0.9942573368549347
0.9935645971979413
0.8448068317291992
0.8824375987880759
0.9292767133031573
0.8157600691442245
0.887725700934728
0.7816407680511475
0.723803199827671
0.08411487936973572
0.992111494143804
0.9803168177604675
0.9581163942813873
0.9432455812181745
0.9933247963587443
0.9938373416662216
0.990012612607744
0.945477157831192
0.9931466529766718
0.7943235534243286
0.8796303013170307
0.9257631335640326
0.8280709485212961
0.8640831364318728
0.9933014586567879
0.9928728699684143
0.994103729724884
0.8314702411492666
0.9411795774803442
0.9882969558238983
0.6059024652466178
0.8053949236869812
0.974493145942688
0.9845041632652283
0.7670966642243522
0.7101576977542469
0.8888915199786425
0.9759123772382736
0.9941008772168841
0.9931517640749613
0.9941177219152451
0.8234372469286124
0.968549927075704
0.9622057229280472
0.9588628262281418
0.7167766559869051
0.9904068589210511
0.993890069425106
0.9939809782164437
0.8473147885607821
0.9113579094409943
0.9938225150108337
0.994001309076945
0.8974609225988388
0.9919445713361105
0.9905022382736206
0.8975187379490728
0.7626731204135078
0.9918281137943268
0.9919105427605766
0.9822690933942795
0.9919963032007217
0.7710836511105299
0.6669552512466908
0.9479144662618637
0.9936320558190346
0.905937947332859
0.8380679054451841
0.9941605031490326
0.8617167820533117
0.8626506977847644
0.9929323962756565
0.9788522521654764
0.98490528927909
0.9252662743840899
0.9937887390454611
0.8649412744811603
0.9485080391168594
0.9918064745989713
0.8703184954356402
0.8210848506074399
0.9916525959968567
0.992282981222326
0.9919473962350325
0.9930181900660197
0.861641346787413
0.994706412156423
0.857567032178243
0.8003878535736086
0.9931425849596659
0.865254257288244
0.8308466247149876
0.9916796326637268
0.9883020657759446
0.9668473899364471
0.6850158795714378
0.9926456863229925
0.9761575639247895
0.8897181641724374
0.8482620801244464
0.9831255495548248
0.9483261307080587
0.9455741908815172
0.8900562392340766
0.9938860163092613
0.9489757567644119
0.993469272341047
0.9892973574725065
0.8848043108979861
0.9940943618615469
0.9313511451085409
0.9881271975381034
0.9267412647604942
0.8971263647079468
0.6610375745221972
0.8085380187258124
0.8683799234303561
0.8550622880466108
0.8894767940044404
0.9927162230014801
0.986601434648037
0.7838267001012961
0.9935434199869633
0.9774558544158936
0.9935409009456635
0.8705867230892181
0.8546803692976633
0.8993809893727303
0.8936048777075485
0.8897600877616141
0.9929583668708801
0.7158211506903172
0.994583527247111
0.993775467077891
0.9939282894134521
0.9099814196427664
0.7368298508226871
0.8843283276591036
0.9906152710318565
0.9252184927463531
0.900250717997551
0.8064095949133238
0.9938783815928868
0.9848719875017802
0.9298998465140661
0.7615315653383732
0.9537667102283902
0.8872465375396941
0.9262070417404175
0.9055878752842546
0.9861986211368016
0.8438584581017494
0.7927354863948293
0.8609421498840675
0.9880033816610064
0.9787055850028992
0.9312923470368752
0.9842364702905927
0.9926264990459789
0.887891001171536
0.9942689687013626
0.9858352608150907
0.8352940342783068
0.9707620011435615
0.7650854547641107
0.801874277740717
0.9942961096763611
0.9922289699316025
0.9937841892242432
0.8559593607982
0.9941691756248474
0.8709536011402423
0.8869364317506552
0.993804931640625
0.9939728719847543
0.9361966773867607
0.8105898192152381
0.9919655052098361
0.9938480513436454
0.913413405418396
0.8689726176380645
0.9939160704612732
0.911283810933431
0.9888015644890922
0.9929112195968628
0.9302919328212738
0.9927785652024406
0.9937165752053261
0.994205430150032
0.708507653059704
0.9930639117956161
0.9915695309638977
0.9940628608067831
0.7636690150635937
0.9590913712978363
0.6377289065276273
0.829629224880288
0.9941156804561615
0.9931688772307502
