0.9664139747619629
0.9999233484268188
0.9842411279678345
0.9963550567626953
0.997841477394104
0.9987936019897461
0.9919593334197998
0.9990909099578857
0.9839481115341187
0.9989428520202637
0.9949309825897217
0.9987215995788574
0.9834171533584595
0.9989668130874634
0.9831907749176025
0.9998381733894348
0.9936618208885193
0.9996317028999329
0.9975345134735107
0.9972771406173706
0.9968222379684448
0.998041033744812
0.9918152093887329
0.9997349977493286
0.9861829280853271
0.9996908903121948
0.9725806713104248
0.9994150400161743
0.9852851629257202
0.989014744758606
0.9931811094284058
0.9472861289978027
0.9536621570587158
0.9994140863418579
0.9867994785308838
0.999872624874115
0.9920714497566223
0.9986310601234436
0.9935158491134644
0.9996644258499146
0.9972397089004517
0.9995620846748352
0.9773769974708557
0.9997469186782837
0.9925792217254639
0.9980093240737915
0.9935015439987183
0.9995915293693542
0.9917111396789551
0.9993354082107544
0.923356294631958
0.9990975856781006
0.989936113357544
0.9994844198226929
0.989233136177063
0.9996045827865601
0.9943487644195557
0.999138355255127
0.9973188638687134
0.9992104768753052
0.9705979824066162
0.9986510276794434
0.9864557981491089
0.9976636171340942
0.9798717498779297
0.900072455406189
0.9975947737693787
0.999477744102478
0.9812908172607422
0.9990112781524658
0.9965264797210693
0.9994691610336304
0.957056999206543
0.9327818751335144
0.9937039613723755
0.9984262585639954
0.9957776069641113
0.9993094801902771
0.9902679920196533
0.9996749758720398
0.9943596720695496
0.9993433952331543
0.9912518262863159
0.9998476505279541
0.983716607093811
0.9974791407585144
0.9895479083061218
0.9998242855072021
0.9736860990524292
0.9989941716194153
0.9835548996925354
0.9964131116867065
0.9931990504264832
0.9994445443153381
0.9792145490646362
0.9993370771408081
0.9923878312110901
0.9991148710250854
0.9901641607284546
0.9996746778488159
0.9929031133651733
0.9935951232910156
0.9814071655273438
0.9983882904052734
0.9580050110816956
0.9976701736450195
0.9794775247573853
0.9998060464859009
0.9905169606208801
0.9993626475334167
0.9908453226089478
0.9967623949050903
0.9849797487258911
0.9998465776443481
0.9703260064125061
0.9986311197280884
0.9890699982643127
0.9756914973258972
0.998361349105835
0.9425513744354248
0.9970986843109131
0.9967979192733765
0.958010196685791
0.9980430603027344
0.938300371170044
0.9855756759643555
0.9169127941131592
0.9997812509536743
0.9946346282958984
0.9988797903060913
0.9666996002197266
0.9984362125396729
0.9663006067276001
0.99864661693573
0.9858543872833252
0.9993188381195068
0.9714874029159546
0.9994823932647705
0.9962289929389954
0.9990841150283813
0.9833194017410278
0.9991565346717834
0.9924819469451904
0.9996613264083862
0.9928964376449585
0.9879072904586792
0.9716857671737671
0.997094988822937
0.9980733394622803
0.9456033706665039
0.990161657333374
0.9996833205223083
0.9954348206520081
0.9960630536079407
0.9959303140640259
0.9958687424659729
0.9753533601760864
0.9755489230155945
0.9863665103912354
0.9990484714508057
0.9789570569992065
0.9984664916992188
0.9848388433456421
0.9989458322525024
0.9953935742378235
0.9945837259292603
0.9817631244659424
0.9981386661529541
0.994720458984375
0.9997433423995972
0.9881927371025085
0.9991908073425293
0.9920883178710938
0.9969033002853394
0.9970303773880005
0.9991910457611084
0.9972847104072571
0.9117224216461182
0.9718888998031616
0.9997968673706055
0.9881691932678223
0.9972274303436279
0.9876230955123901
0.9992819428443909
0.9809141755104065
0.9869411587715149
0.9946929216384888
0.9996494650840759
0.9806075096130371
0.9998606443405151
0.982138991355896
0.9987658262252808
0.9925585389137268
0.9998199343681335
0.9902021884918213
0.9986633062362671
0.98653244972229
0.9965278506278992
0.9746353626251221
0.9986211061477661
