-1.2771252393722534
-1.2129671573638916
-1.3668326139450073
-1.2759491205215454
-1.457314133644104
-1.5787184238433838
-1.502704381942749
-1.6066670417785645
-1.7432507276535034
-1.5973213911056519
-0.9196747541427612
-1.1868171691894531
-2.165036916732788
-1.4007511138916016
-1.7297358512878418
-1.4160091876983643
-1.437159538269043
-1.4075148105621338
-1.4768123626708984
-1.2995343208312988
-1.1698534488677979
-1.3395872116088867
-1.268754243850708
-1.61343252658844
-1.39666748046875
-1.3198949098587036
-1.7006653547286987
-1.317493200302124
-1.3620773553848267
-1.4696085453033447
-1.4225294589996338
-1.510578989982605
-1.468518614768982
-1.321561574935913
-1.5404447317123413
-1.4193099737167358
-1.500345230102539
-1.254445195198059
-1.3000307083129883
-1.3306108713150024
-1.5443589687347412
-1.4418165683746338
-1.2508854866027832
-1.1499741077423096
-1.1188350915908813
-1.4609228372573853
-1.1373711824417114
-1.47725510597229
-1.4354444742202759
-1.3004112243652344
-1.5148582458496094
-1.3879268169403076
-1.2232279777526855
-1.629933476448059
-1.3392024040222168
-1.3326481580734253
-1.4832621812820435
-1.2122840881347656
-1.2080680131912231
-1.2130264043807983
-1.5602748394012451
-1.5358052253723145
-1.299083948135376
-1.3044564723968506
-1.3144224882125854
-1.5595844984054565
-1.2952587604522705
-1.6986654996871948
-1.5215476751327515
-1.541418194770813
-1.4146968126296997
-1.352840781211853
-1.330033540725708
-1.5482826232910156
-1.4601246118545532
-1.9249980449676514
-1.4306598901748657
-1.4767522811889648
-1.2490273714065552
-1.3568713665008545
-1.4544755220413208
-1.203292965888977
-1.3282679319381714
-1.2338005304336548
-1.4615728855133057
-1.3080737590789795
-1.4323464632034302
-1.5676876306533813
-2.440805196762085
-1.2157363891601562
-1.4285802841186523
-1.2967344522476196
-1.5503394603729248
-1.0159811973571777
-1.4446035623550415
-1.648512840270996
-1.4357601404190063
-1.4656002521514893
-1.9256035089492798
-1.3968641757965088
-1.443008303642273
-1.2985444068908691
-1.2952440977096558
-1.4520634412765503
-1.4684185981750488
-1.2723774909973145
-1.601825475692749
-1.2596685886383057
-1.5254842042922974
-1.4802991151809692
-1.398193120956421
-1.2884557247161865
-1.5755115747451782
-1.213526725769043
-1.3700062036514282
-1.601946473121643
-1.3377234935760498
-1.4010236263275146
-1.2914743423461914
-1.6964935064315796
-1.9939438104629517
-1.4493273496627808
-3.877938747406006
-1.37362539768219
-1.4267891645431519
-1.2185430526733398
-1.7609143257141113
-1.3064035177230835
-1.4565623998641968
-1.3731577396392822
-1.3300014734268188
-1.4260411262512207
-1.5228952169418335
-1.343361735343933
-1.2877388000488281
-1.0742132663726807
-1.4510445594787598
-1.4510201215744019
-1.509846568107605
-1.5839298963546753
-1.2567659616470337
-1.2935068607330322
-1.3351023197174072
-1.3721086978912354
-1.5518170595169067
-1.207553505897522
-1.5859781503677368
-1.3479059934616089
-1.3107212781906128
-1.5547829866409302
-1.4356625080108643
-1.5110983848571777
-1.439054012298584
-1.3819167613983154
-1.170374870300293
-1.266430139541626
-1.133288860321045
-1.2260894775390625
-1.3804900646209717
-1.3934898376464844
-1.5210001468658447
-1.9167231321334839
-1.46676766872406
-1.1896415948867798
-1.4341151714324951
-1.5828036069869995
-1.3421419858932495
-1.128993272781372
-1.3338741064071655
-1.2995169162750244
-1.3922165632247925
-1.1752763986587524
-1.2687804698944092
-1.543460726737976
-1.3464165925979614
-1.6245564222335815
-1.3405351638793945
-1.3995118141174316
-1.2936534881591797
-1.4081159830093384
-1.408776879310608
-1.4742090702056885
-1.812017798423767
-1.2686549425125122
-1.1374492645263672
-1.5777910947799683
-1.6084145307540894
-1.4754774570465088
-1.3437342643737793
-1.2710906267166138
-1.2917629480361938
-1.2399810552597046
-1.3023594617843628
-1.2311557531356812
-1.4391685724258423
-1.241064429283142
-1.5881648063659668
-1.6838196516036987
-1.4297099113464355
-1.5420048236846924
