0.8625779151916504
0.999900221824646
0.9774977564811707
0.9972096085548401
0.9640944600105286
0.9971044063568115
0.8672673106193542
0.9911543726921082
0.89237380027771
0.99897301197052
0.904997706413269
0.9992216229438782
0.9519271850585938
0.9997329711914062
0.9374964833259583
0.999720573425293
0.9605531692504883
0.9978689551353455
0.9602282643318176
0.9985821843147278
0.9626474976539612
0.9982416033744812
0.9668081998825073
0.9994176626205444
0.9163052439689636
0.9995799660682678
0.9538557529449463
0.9985122084617615
0.965682327747345
0.9996180534362793
0.9376957416534424
0.9363150000572205
0.8999541997909546
0.9998852610588074
0.9758946299552917
0.9953453540802002
0.9071469306945801
0.9982117414474487
0.9181694388389587
0.9986011385917664
0.9735768437385559
0.9992796182632446
0.8451231718063354
0.99957674741745
0.9532656669616699
0.9978017807006836
0.900099515914917
0.9986487030982971
0.9657933115959167
0.9992344379425049
0.9460837244987488
0.9989198446273804
0.9615947008132935
0.999161422252655
0.9384055137634277
0.999804675579071
0.9339072108268738
0.9993818402290344
0.9599165320396423
0.9992784261703491
0.963240385055542
0.9997876286506653
0.8620642423629761
0.9964052438735962
0.8988087177276611
0.9996739029884338
0.9403879642486572
0.9991300702095032
0.8985273241996765
0.9997351765632629
0.9316321015357971
0.9990057349205017
0.9151117205619812
0.9557355642318726
0.9727746844291687
0.9990581274032593
0.9328418970108032
0.9982215762138367
0.8199127316474915
0.9986717700958252
0.8528720736503601
0.9876665472984314
0.8657427430152893
0.999130129814148
0.9607395529747009
0.9978376626968384
0.9738888740539551
0.9998589754104614
0.93980473279953
0.9992543458938599
0.9296280145645142
0.9933471083641052
0.9676631689071655
0.9992800354957581
0.9522138833999634
0.9983564019203186
0.9037177562713623
0.9991931319236755
0.8858623504638672
0.9996111392974854
0.9653462767601013
0.9945310950279236
0.9267947673797607
0.9994556307792664
0.9447537660598755
0.9989867806434631
0.9549476504325867
0.9992272257804871
0.9482135772705078
0.9997941255569458
0.9267248511314392
0.9979384541511536
0.854209840297699
0.9993274211883545
0.8500096797943115
0.9997043609619141
0.9396928548812866
0.9914072751998901
0.9694268703460693
0.954812228679657
0.9484547972679138
0.9968158006668091
0.9412643313407898
0.9833178520202637
0.9295948147773743
0.9988773465156555
0.8309239149093628
0.9986426830291748
0.9744084477424622
0.9958701729774475
0.9144157767295837
0.9968850016593933
0.9301583170890808
0.9985752105712891
0.9291589260101318
0.9973275661468506
0.944938063621521
0.9990893602371216
0.9443473815917969
0.9946998357772827
0.9406169056892395
0.9981910586357117
0.8207074403762817
0.9992830157279968
0.9213675260543823
0.9996545314788818
0.9551697373390198
0.9977000951766968
0.9740772843360901
0.9772490859031677
0.8677223324775696
0.999483048915863
0.9357914328575134
0.9967487454414368
0.8124510049819946
0.9950844645500183
0.9430912733078003
0.9871652722358704
0.898922324180603
0.9970054626464844
0.9714431762695312
0.9998021125793457
0.962824821472168
0.9909261465072632
0.8374925851821899
0.9999436140060425
0.9403648972511292
0.9963476657867432
0.9492765069007874
0.9995919466018677
0.9744938015937805
0.9996459484100342
0.9515191912651062
0.9972548484802246
0.9744314551353455
0.9995321035385132
0.9775051474571228
0.9627693295478821
0.9073435664176941
0.9982876181602478
0.8071897029876709
0.9975099563598633
0.9563629627227783
0.999740719795227
0.9369314312934875
0.9862020015716553
0.9145370721817017
0.9996402859687805
0.9663606286048889
0.9996466040611267
0.9692716598510742
0.9995004534721375
0.9124143719673157
0.9995422959327698
0.9573658108711243
0.9993389248847961
0.9059412479400635
0.9996873736381531
0.9131550788879395
0.9985612034797668
