0.923568844795227
0.9969620704650879
0.9850955009460449
0.9532344341278076
0.9793096780776978
0.9716789722442627
0.9808608293533325
0.9870128631591797
0.9156622886657715
0.9890297055244446
0.9849672913551331
0.9957195520401001
0.9743942618370056
0.9968714714050293
0.9742165207862854
0.9955390691757202
0.9916685223579407
0.9949881434440613
0.9891514182090759
0.9753870964050293
0.9667003750801086
0.9920032024383545
0.9880123138427734
0.9785898327827454
0.9803388118743896
0.9975003004074097
0.9763320088386536
0.9896577596664429
0.9830688238143921
0.9307047724723816
0.902675986289978
0.9303203821182251
0.9261767864227295
0.9972633719444275
0.9903110265731812
0.8637486696243286
0.9844615459442139
0.9920073747634888
0.978150486946106
0.9826258420944214
0.9891753792762756
0.9922055602073669
0.9365487694740295
0.9935174584388733
0.995688796043396
0.9903123378753662
0.9867227077484131
0.9769623875617981
0.9868571758270264
0.9502764344215393
0.9794535040855408
0.9873441457748413
0.9922918677330017
0.9895844459533691
0.9780952334403992
0.9971486926078796
0.9264563322067261
0.9933875799179077
0.9821065664291382
0.9948419332504272
0.9734546542167664
0.9961768388748169
0.9772319793701172
0.9804505109786987
0.8927140235900879
0.9509137868881226
0.9885356426239014
0.9871132969856262
0.9803104996681213
0.9880397915840149
0.9627193808555603
0.9981805682182312
0.9698906540870667
0.9248496294021606
0.9863336086273193
0.9894225597381592
0.9445536732673645
0.9905464053153992
0.9611899256706238
0.9818609952926636
0.9739482402801514
0.9557719826698303
0.9894145131111145
0.9942890405654907
0.9839680194854736
0.9839381575584412
0.9706530570983887
0.9968758821487427
0.9724886417388916
0.9701606035232544
0.9858819842338562
0.9883286952972412
0.9412311911582947
0.965501606464386
0.9924144744873047
0.9931557774543762
0.9808256030082703
0.9047853350639343
0.9425752758979797
0.9861587882041931
0.9840514063835144
0.9759986996650696
0.9751260280609131
0.9817299842834473
0.9887491464614868
0.9864304065704346
0.9673742651939392
0.9948153495788574
0.9718095660209656
0.998254656791687
0.980219841003418
0.9851183891296387
0.9332144260406494
0.9883119463920593
0.9706375002861023
0.9909098744392395
0.9869999289512634
0.8965579867362976
0.9849584102630615
0.9469997882843018
0.9811753630638123
0.989916980266571
0.9604291915893555
0.9844658374786377
0.9669064283370972
0.994788408279419
0.9325768947601318
0.9955564737319946
0.9926296472549438
0.9647910594940186
0.9727656841278076
0.9952592253684998
0.8975934386253357
0.9814981818199158
0.9837476015090942
0.993076741695404
0.96570885181427
0.9870703816413879
0.9694796800613403
0.9877763390541077
0.9748902320861816
0.9894509315490723
0.9937436580657959
0.9950765371322632
0.859895646572113
0.9894506335258484
0.9682025909423828
0.9534188508987427
0.975000262260437
0.9633732438087463
0.9600536227226257
0.9900577068328857
0.9861185550689697
0.9802608489990234
0.9567728042602539
0.9923620820045471
0.9824835658073425
0.964145839214325
0.982837438583374
0.9903247952461243
0.9739493131637573
0.9931422472000122
0.9834559559822083
0.9722201228141785
0.9894598126411438
0.9706931710243225
0.9609701037406921
0.9967738389968872
0.9865633249282837
0.9909968376159668
0.9376274347305298
0.9897367358207703
0.9753820896148682
0.9777849316596985
0.9942867159843445
0.9933586120605469
0.991318941116333
0.9451180696487427
0.9757539629936218
0.9959844350814819
0.9808658957481384
0.9401847720146179
0.9456906914710999
0.9896335005760193
0.9863453507423401
0.9770008325576782
0.9726799726486206
0.9908642172813416
0.9781591892242432
0.9842304587364197
0.9827917218208313
0.9891695380210876
0.9819691777229309
0.9891372919082642
0.9801903963088989
0.9790229201316833
0.9689552187919617
0.9846539497375488
0.9817860126495361
0.9804372787475586
