-1.1440248489379883
-0.9034562706947327
-1.2172513008117676
-1.0292794704437256
-1.0709010362625122
-0.9264706969261169
-1.4246587753295898
-1.2028207778930664
-1.6157257556915283
-1.299108862876892
-0.8581936955451965
-0.8910742998123169
-1.58295476436615
-1.166974425315857
-1.511705756187439
-1.164907693862915
-1.2129826545715332
-1.0325467586517334
-1.2136887311935425
-1.0044522285461426
-0.9340682029724121
-1.116990566253662
-1.0958398580551147
-1.248779296875
-1.100303053855896
-1.089793086051941
-1.3796074390411377
-1.0924466848373413
-1.1178827285766602
-1.0955487489700317
-1.1037315130233765
-1.2309684753417969
-1.271865725517273
-0.9873330593109131
-1.2708567380905151
-1.0988507270812988
-1.237952470779419
-0.9587447643280029
-1.0939732789993286
-0.989214301109314
-1.289376139640808
-1.1808596849441528
-1.157698154449463
-0.850947916507721
-0.980659544467926
-1.1567806005477905
-0.9770041704177856
-1.1009119749069214
-1.059310793876648
-0.9590086936950684
-1.2856420278549194
-1.1089950799942017
-1.1773500442504883
-1.3497252464294434
-1.1149938106536865
-1.1014773845672607
-1.1882379055023193
-0.9385854601860046
-1.055967926979065
-0.8496056795120239
-1.1687347888946533
-1.2289789915084839
-1.3110765218734741
-1.0566718578338623
-1.1403629779815674
-1.3635854721069336
-1.1563783884048462
-1.1366262435913086
-1.2508999109268188
-1.2749805450439453
-1.121440052986145
-1.0853817462921143
-1.1562296152114868
-1.1699737310409546
-1.0689923763275146
-1.006980538368225
-1.132112741470337
-0.9855077266693115
-1.011711597442627
-1.0040251016616821
-1.1409951448440552
-0.9385499358177185
-1.165098786354065
-0.884607195854187
-1.203913927078247
-0.994486927986145
-1.3726074695587158
-1.423243761062622
-2.141706943511963
-0.9270737171173096
-1.1240602731704712
-0.9486169815063477
-1.2891945838928223
-0.8303841352462769
-1.2907358407974243
-1.2739022970199585
-1.1731221675872803
-1.0706424713134766
-1.6180369853973389
-1.0945065021514893
-1.219201683998108
-1.03803551197052
-1.0523478984832764
-1.1285351514816284
-1.209696888923645
-1.0225530862808228
-1.4409854412078857
-0.9287389516830444
-1.1685501337051392
-1.1960129737854004
-1.0921300649642944
-0.9603599905967712
-1.1789238452911377
-0.8600238561630249
-1.2865952253341675
-1.1979225873947144
-1.1080478429794312
-1.140710711479187
-1.1815094947814941
-1.3330353498458862
-1.4856160879135132
-1.1414512395858765
-2.607011079788208
-1.0120282173156738
-1.142378807067871
-0.8972554802894592
-1.4100909233093262
-1.032440423965454
-1.2206240892410278
-0.9705939292907715
-1.1147129535675049
-1.1994208097457886
-1.125921368598938
-1.1177024841308594
-1.064487338066101
-0.8975332975387573
-1.236327886581421
-1.1883841753005981
-1.168697714805603
-1.0614908933639526
-1.015084147453308
-0.9076704382896423
-1.0792149305343628
-1.2182414531707764
-1.3142485618591309
-0.9964008331298828
-1.3399319648742676
-0.9467323422431946
-1.0273935794830322
-1.2496477365493774
-1.2046054601669312
-1.194166660308838
-1.1102206707000732
-1.0043424367904663
-0.9987727999687195
-0.9041420817375183
-1.00967538356781
-0.9955645799636841
-1.1498782634735107
-1.0248692035675049
-1.3568350076675415
-1.3844033479690552
-1.1959329843521118
-0.885327935218811
-1.1683547496795654
-1.2306846380233765
-0.9197375774383545
-0.791306734085083
-1.2312310934066772
-0.9954413771629333
-1.1332777738571167
-1.0144082307815552
-1.0815974473953247
-1.1830317974090576
-1.0754903554916382
-1.22410249710083
-1.1268651485443115
-1.093716025352478
-0.9831528663635254
-0.9877752065658569
-1.1388740539550781
-1.2157304286956787
-1.2420144081115723
-1.0395094156265259
-1.2015846967697144
-1.0740875005722046
-1.2841718196868896
-1.088555932044983
-1.205122470855713
-1.0258183479309082
-1.2223904132843018
-1.0687893629074097
-1.181929349899292
-0.8530491590499878
-1.1870996952056885
-0.9435928463935852
-1.169782042503357
-1.3790194988250732
-1.132538914680481
-1.2074134349822998
