-0.9907216429710388
-0.693048357963562
-1.0428954362869263
-0.9244974255561829
-0.9771794676780701
-1.1834030151367188
-1.1539335250854492
-0.7814391255378723
-1.4682059288024902
-1.061860203742981
-0.8225289583206177
-0.7182459235191345
-1.3085436820983887
-0.8179681301116943
-1.1855816841125488
-0.8767645955085754
-0.9868271946907043
-0.8626574873924255
-1.0497812032699585
-0.837428867816925
-0.7858014106750488
-0.9518988728523254
-1.0171473026275635
-0.9141449928283691
-0.8776849508285522
-0.8551326990127563
-1.0028223991394043
-0.8605214357376099
-0.968215823173523
-0.8092762231826782
-0.9587202668190002
-0.9924024939537048
-0.9400848150253296
-0.8180913329124451
-1.0961177349090576
-0.8092872500419617
-1.0528713464736938
-0.7620997428894043
-1.0237034559249878
-0.8236548900604248
-1.1268852949142456
-0.853878915309906
-0.9613402485847473
-0.6786258220672607
-0.8167060017585754
-0.8213855624198914
-0.9256432056427002
-0.9008060693740845
-0.9030922651290894
-0.8924846649169922
-1.2890028953552246
-0.9400167465209961
-1.033456563949585
-1.1102322340011597
-0.9760914444923401
-0.8262069821357727
-1.0200858116149902
-0.7542076110839844
-0.935853898525238
-0.66749107837677
-1.0258136987686157
-0.948701798915863
-1.1962071657180786
-0.851706862449646
-0.8385396003723145
-1.0128084421157837
-1.0042965412139893
-0.8466235995292664
-1.0915029048919678
-0.8387792110443115
-0.8936491012573242
-0.8719225525856018
-0.9511665105819702
-0.8223276138305664
-0.9041529893875122
-0.7445539832115173
-0.9908930063247681
-0.7984220385551453
-0.9170674085617065
-0.788729190826416
-1.0398674011230469
-0.7469080686569214
-0.9527321457862854
-0.6225480437278748
-0.9550604224205017
-0.8190149664878845
-1.6520371437072754
-1.0683021545410156
-2.1807353496551514
-0.715451717376709
-0.9617992639541626
-0.7430849671363831
-1.1143431663513184
-0.679938554763794
-1.1752525568008423
-0.9760280847549438
-0.9994453191757202
-0.7522885203361511
-1.0065664052963257
-0.852087140083313
-1.1163588762283325
-0.8038080930709839
-0.9559763073921204
-0.8794713020324707
-1.0620967149734497
-0.7213172912597656
-1.0213370323181152
-0.8259442448616028
-1.0124560594558716
-0.9732144474983215
-1.0025602579116821
-0.7129433751106262
-0.975612998008728
-0.7240831851959229
-1.1155093908309937
-0.7975393533706665
-0.9153144359588623
-0.7909190654754639
-0.9908809065818787
-1.5703928470611572
-1.0728588104248047
-0.8370928168296814
-1.9791182279586792
-0.8322744369506836
-1.0485875606536865
-0.7249124646186829
-1.3379108905792236
-0.8862189054489136
-1.054421305656433
-0.6996132731437683
-0.9459086656570435
-0.9014959931373596
-0.9449043273925781
-0.8460338115692139
-0.8283262848854065
-0.707129955291748
-1.0930140018463135
-0.8962953090667725
-1.0254802703857422
-0.8639508485794067
-0.9066846370697021
-0.6952893137931824
-0.9788568615913391
-0.9453231692314148
-1.1984025239944458
-0.8091020584106445
-1.161637306213379
-0.7136678695678711
-0.884371817111969
-0.9872991442680359
-1.113427996635437
-0.9360427260398865
-1.0220160484313965
-0.7183651924133301
-0.874532163143158
-0.721432089805603
-0.9213463068008423
-0.8473889231681824
-1.0221673250198364
-0.8462814688682556
-0.9981806874275208
-0.8232825398445129
-1.0373605489730835
-0.7653606534004211
-1.0549299716949463
-0.9885929822921753
-0.8913766145706177
-0.6995776891708374
-0.9906598925590515
-0.7688201665878296
-0.9759699702262878
-0.8199244737625122
-0.916094183921814
-0.9205651879310608
-1.0192577838897705
-1.1418483257293701
-1.0763732194900513
-0.7925185561180115
-0.8933538794517517
-0.7496674060821533
-1.064162015914917
-0.9204822182655334
-1.0289801359176636
-0.8074978590011597
-1.1066553592681885
-0.8496187329292297
-1.1042289733886719
-0.9220823049545288
-0.9672724604606628
-0.8242866396903992
-1.071816086769104
-0.8621570467948914
-1.0909260511398315
-0.6705192923545837
-1.0518325567245483
-0.6976335644721985
-1.077862024307251
-0.9805303812026978
-1.0439281463623047
-0.9660788774490356
