0.9115711450576782
0.9555742144584656
0.954250156879425
0.9480215907096863
0.9400117993354797
0.8913558721542358
0.9520595073699951
0.9633321166038513
0.8025340437889099
0.9586946964263916
0.9788809418678284
0.9607176780700684
0.8750278949737549
0.9379793405532837
0.9388573169708252
0.9695704579353333
0.9534359574317932
0.860421359539032
0.7929456233978271
0.8538445830345154
0.8948598504066467
0.7781088352203369
0.8010724782943726
0.8564937114715576
0.9096814393997192
0.9152538776397705
0.9374713897705078
0.9569408893585205
0.9315608143806458
0.9131355881690979
0.888690710067749
0.9260458946228027
0.8887085318565369
0.8893948793411255
0.837925910949707
0.7190897464752197
0.9154708385467529
0.9424216151237488
0.921777606010437
0.9627690315246582
0.8259367346763611
0.9303492903709412
0.872959554195404
0.917509913444519
0.9801242351531982
0.8201000690460205
0.900553822517395
0.48727962374687195
0.9537128806114197
0.8560737371444702
0.9069129228591919
0.8665162324905396
0.9759446382522583
0.9701000452041626
0.9393330812454224
0.8617807626724243
0.8342115879058838
0.9331632852554321
0.904207170009613
0.9699426293373108
0.8518378138542175
0.944412887096405
0.9690423011779785
0.8882731795310974
0.8089149594306946
0.8957876563072205
0.9420230388641357
0.9109017252922058
0.7920907735824585
0.9260955452919006
0.9162660241127014
0.9486669301986694
0.9402734041213989
0.8613426089286804
0.9401467442512512
0.9081307053565979
0.9138991236686707
0.9346466660499573
0.934782087802887
0.9566382169723511
0.8103821277618408
0.8465129137039185
0.8981420397758484
0.904925525188446
0.8806584477424622
0.9682766795158386
0.941703200340271
0.9532487392425537
0.8841670155525208
0.9407417178153992
0.8246748447418213
0.9349200129508972
0.823710024356842
0.9004333019256592
0.977500319480896
0.9531298279762268
0.9313588738441467
0.7621493339538574
0.8520063161849976
0.9564279913902283
0.9227478504180908
0.9306729435920715
0.9483872652053833
0.9557998776435852
0.8752483129501343
0.8819586038589478
0.9435088038444519
0.9666693210601807
0.8674120903015137
0.9442881345748901
0.9064738750457764
0.8684020638465881
0.819068968296051
0.9460896849632263
0.9187242388725281
0.6963076591491699
0.9338347315788269
0.8395543098449707
0.9342004060745239
0.7921142578125
0.9357183575630188
0.957126796245575
0.8889710903167725
0.8818328380584717
0.8884130716323853
0.9551887512207031
0.8071146607398987
0.9152458906173706
0.9685678482055664
0.8694173693656921
0.9301431775093079
0.9699023962020874
0.8201153874397278
0.9003058075904846
0.8753366470336914
0.9258248805999756
0.9228214621543884
0.9433249235153198
0.8655081391334534
0.916070282459259
0.9568227529525757
0.9478455185890198
0.8045908212661743
0.9560674428939819
0.8128130435943604
0.9619362950325012
0.8797019720077515
0.9119232296943665
0.934059202671051
0.7865405082702637
0.8311043381690979
0.905090868473053
0.9585636854171753
0.9349167943000793
0.8385122418403625
0.7689951658248901
0.9296396374702454
0.8750559687614441
0.7229112386703491
0.8908100724220276
0.8983070850372314
0.8709485530853271
0.8803870677947998
0.9052982926368713
0.9255982041358948
0.8900793194770813
0.8539266586303711
0.7858235836029053
0.908545196056366
0.963009774684906
0.8141534328460693
0.8757653832435608
0.9428950548171997
0.9467865824699402
0.9650952816009521
0.9453798532485962
0.9550507068634033
0.8659971356391907
0.9382528066635132
0.83089280128479
0.8674752712249756
0.9176647663116455
0.7788360714912415
0.9396144151687622
0.865832507610321
0.8343820571899414
0.941950261592865
0.787606954574585
0.8877633213996887
0.896537721157074
0.9482648968696594
0.8821478486061096
0.9696300625801086
0.9629198312759399
0.9090595841407776
0.9431957006454468
0.7140936255455017
0.9158393144607544
0.9514749050140381
0.8801459074020386
