[55, 38, 203, 139, 103, 73, 59, 151, 194, 152, 228, 147, 90, 142, 81, 222, 78, 36, 101, 160, 53, 72, 52, 226, 60, 113, 176, 156, 200, 218, 67, 92, 213, 1, 105, 125, 68, 185]
[52, 34, 189, 128, 96, 68, 56, 139, 179, 140, 263, 136, 85, 131, 76, 257, 73, 197, 33, 94, 149, 192, 218, 225, 50, 233, 67, 48, 235, 57, 211, 106, 164, 144, 231, 193, 216, 253, 61, 205, 86, 248, 1, 98, 117, 62, 208]
[53, 35, 190, 129, 97, 70, 58, 142, 180, 143, 199, 138, 86, 132, 77, 193, 73, 33, 95, 150, 51, 69, 50, 177, 59, 107, 165, 146, 174, 197, 64, 88, 184, 1, 100]
[52, 36, 188, 128, 98, 68, 56, 140, 176, 141, 213, 137, 85, 131, 74, 207, 71, 35, 96, 148, 191, 50, 67, 49, 190, 57, 106, 163, 144, 187, 204, 61, 86, 198, 1, 100, 116, 62]
[51, 33, 186, 124, 93, 68, 55, 138, 175, 139, 232, 135, 82, 127, 74, 226, 71, 194, 32, 91, 147, 189, 49, 67, 47, 209, 56, 102, 161, 142, 206, 190, 223, 61, 83, 218, 1, 95, 112, 62, 192, 151]
[49, 32, 186, 125, 92, 65, 53, 137, 176, 138, 203, 134, 81, 128, 73, 197, 68, 31, 89, 148, 47, 64, 46, 179, 55, 100, 163, 141, 175, 192, 59, 82, 201, 1, 94, 111]
[53, 35, 127, 94, 68, 57, 140, 141, 176, 137, 84, 130, 74, 171, 71, 34, 92, 149, 51, 67, 50, 156, 58, 103, 144, 153, 169, 62, 85, 163, 1, 96]
[49, 33, 186, 124, 90, 64, 53, 138, 176, 139, 192, 134, 79, 128, 71, 190, 68, 32, 88, 147, 47, 63, 46, 170, 54, 98, 163, 142, 167, 183, 58, 80, 178, 2, 92]
[50, 34, 220, 137, 91, 65, 54, 154, 208, 159, 275, 150, 80, 141, 71, 269, 68, 231, 33, 89, 171, 224, 48, 64, 46, 251, 55, 102, 189, 162, 247, 225, 266, 59, 81, 260, 1, 93, 117, 60, 230, 175, 94]
[23, 15, 91, 63, 46, 33, 27, 68, 87, 69, 129, 67, 41, 64, 36, 123, 35, 96, 128, 45, 72, 94, 22]
[51, 34, 188, 128, 95, 67, 55, 140, 179, 141, 265, 137, 83, 132, 250, 74, 259, 70, 196, 33, 93, 148, 191, 215, 221, 48, 228, 66, 47, 237, 56, 208, 104, 164, 144, 234, 192, 213, 256, 60, 203, 84, 251, 1, 97, 115, 62, 206]
[50, 33, 184, 126, 92, 66, 54, 137, 175, 138, 219, 134, 82, 129, 72, 213, 69, 196, 32, 90, 146, 188, 48, 65, 47, 195, 55, 101, 160, 141, 190, 210, 59, 83, 205, 1, 94, 111, 60, 177]
[24, 15, 88, 59, 43, 31, 26, 65, 84, 66, 119, 63, 38, 60, 34, 113, 33, 94, 118, 42, 69, 91]
[51, 33, 185, 126, 95, 68, 55, 137, 175, 139, 249, 134, 83, 129, 74, 243, 71, 194, 32, 93, 146, 188, 213, 220, 48, 67, 47, 223, 56, 205, 103, 161, 142, 225, 189, 211, 240, 61, 200, 84, 235, 1, 97, 114, 62, 203]
[51, 35, 124, 93, 68, 55, 136, 137, 178, 133, 82, 128, 74, 171, 71, 33, 91, 147, 49, 67, 48, 156, 56, 102, 141, 153, 169, 61, 84, 163, 1, 95]
[51, 32, 127, 93, 66, 55, 141, 142, 186, 138, 81, 132, 72, 181, 69, 31, 91, 149, 48, 65, 47, 166, 56, 102, 145, 161, 179, 60, 82, 174, 1, 95, 114]
[23, 15, 88, 59, 43, 31, 25, 65, 84, 66, 124, 64, 38, 60, 34, 118, 33, 92, 123, 42, 69, 90, 102, 22]
[53, 36, 128, 96, 69, 57, 140, 141, 167, 137, 84, 131, 75, 162, 72, 34, 94, 148, 51, 68, 50, 147, 58, 105, 144, 115, 97, 165, 124, 108]
[25, 16, 61, 46, 33, 27, 66, 67, 88, 65, 40, 62, 36, 83, 35, 87]
[51, 35, 186, 127, 94, 68, 56, 138, 176, 139, 254, 135, 83, 130, 75, 248, 72, 194, 33, 91, 147, 189, 214, 220, 49, 226, 66, 48, 227, 57, 206, 103, 162, 143, 223, 190, 211, 245, 61, 200, 84, 239, 1, 96, 114, 62]
[50, 35, 195, 131, 94, 67, 55, 144, 186, 145, 240, 140, 83, 134, 73, 234, 70, 205, 34, 91, 152, 199, 48, 66, 47, 214, 56, 105, 170, 148, 211, 201, 230, 60, 84, 225, 1, 97, 117, 61, 197, 157]
[52, 36, 126, 93, 68, 57, 141, 180, 142, 188, 137, 83, 131, 74, 183, 71, 35, 91, 150, 50, 67, 49, 166, 58, 103, 145, 163, 181, 62, 84, 174, 2, 96]
[104, 67, 264, 199, 141, 115, 286, 184, 145, 48, 294, 81, 133, 262, 73, 53, 69, 265, 207, 31, 91, 153, 200, 227, 234, 46, 255, 241, 65, 45, 268, 54, 220, 105, 169, 149, 280, 269, 203, 225, 247, 290, 60, 214, 82, 283, 1, 99, 117, 61, 229, 217]
[53, 34, 192, 126, 95, 69, 57, 139, 183, 140, 194, 135, 84, 129, 76, 188, 73, 33, 92, 148, 51, 68, 50, 167, 58, 103, 143, 164, 185, 63, 85, 178, 1, 97]
[49, 33, 189, 126, 94, 67, 53, 138, 178, 139, 193, 135, 83, 130, 75, 187, 70, 32, 92, 147, 47, 66, 46, 169, 55, 103, 164, 142, 166, 183, 60, 84, 177, 1]
[51, 33, 126, 93, 67, 56, 138, 139, 172, 135, 82, 129, 73, 166, 70, 31, 90, 147, 49, 66, 48, 151, 57, 102, 142, 148, 164, 61, 83, 158, 0]
[25, 16, 91, 63, 47, 34, 28, 68, 87, 69, 116, 67, 41, 64, 37, 110, 36, 96, 115, 46, 72]
[48, 32, 183, 121, 90, 64, 52, 133, 173, 135, 200, 130, 79, 124, 70, 194, 67, 31, 88, 143, 46, 63, 45, 178, 53, 98, 158, 138, 175, 191, 57, 80, 186, 1, 92, 109, 58]
[49, 32, 189, 126, 94, 66, 54, 138, 179, 139, 231, 135, 81, 129, 73, 225, 69, 198, 31, 92, 146, 192, 46, 65, 45, 204, 55, 102, 162, 142, 201, 193, 222, 60, 82, 217, 1, 96, 115, 61, 188]
[102, 67, 255, 188, 135, 111, 277, 280, 103, 271, 167, 260, 149, 110, 142, 65, 183, 99, 133, 95, 134, 112, 206, 113, 303, 121, 169, 73, 1, 96, 275, 287, 61, 218, 205, 304, 151, 98, 300, 161, 148, 75, 233, 266, 284, 199, 86, 156, 31, 79, 306, 160, 141, 39, 139, 192]
[56, 37, 199, 134, 99, 73, 61, 146, 190, 147, 233, 143, 88, 138, 80, 226, 77, 207, 36, 97, 156, 202, 54, 72, 53, 213, 62, 108, 173, 151, 204, 223, 66, 89, 217, 2, 101, 122, 67, 193]
[29, 17, 96, 68, 51, 38, 32, 73, 92, 74, 141, 72, 46, 69, 41, 135, 40, 100, 140, 50, 77, 98, 109, 113, 28]
[24, 15, 90, 60, 44, 31, 26, 65, 86, 67, 129, 64, 39, 61, 35, 123, 34, 95, 128, 43, 70, 92, 104, 23]
[54, 35, 128, 98, 70, 58, 139, 140, 161, 136, 86, 131, 76, 156, 73, 34, 95, 52, 69, 25, 144, 29, 107, 153, 84, 145, 138, 116, 99]
[49, 33, 187, 124, 92, 66, 55, 137, 176, 138, 237, 134, 82, 127, 73, 231, 70, 195, 32, 90, 145, 190, 47, 65, 46, 212, 56, 206, 102, 162, 141, 208, 191, 228, 60, 83, 222, 1, 95, 113, 61, 219, 150]
[52, 36, 184, 126, 95, 69, 58, 137, 175, 138, 186, 134, 84, 129, 75, 180, 72, 35, 93, 146, 50, 68, 49, 164, 59, 103, 142, 161, 177, 63, 85, 172, 1, 97]
[50, 34, 126, 94, 67, 55, 138, 139, 181, 135, 82, 129, 74, 176, 70, 33, 92, 147, 48, 66, 47, 161, 56, 103, 142, 158, 174, 60, 83, 169, 1, 96, 114]
[53, 34, 184, 126, 94, 68, 57, 137, 175, 139, 203, 134, 83, 129, 74, 197, 71, 33, 91, 147, 51, 67, 50, 181, 58, 103, 161, 143, 178, 194, 62, 84, 189, 1, 96, 113, 63]
[50, 34, 192, 127, 94, 67, 55, 142, 183, 143, 249, 138, 83, 132, 74, 243, 70, 201, 33, 92, 152, 196, 221, 48, 66, 47, 222, 56, 214, 104, 168, 148, 219, 197, 239, 60, 208, 84, 234, 1, 96, 115, 61, 204]
[53, 36, 128, 96, 70, 57, 141, 180, 142, 188, 138, 85, 131, 76, 183, 73, 35, 94, 149, 51, 69, 50, 167, 58, 105, 145, 164, 181, 62, 87, 175, 1, 98]
[49, 32, 124, 91, 65, 53, 136, 137, 162, 132, 80, 127, 72, 157, 68, 31, 89, 145, 47, 64, 46, 143, 54, 102, 78, 148, 26, 113, 92, 160]
[48, 32, 182, 122, 90, 64, 53, 134, 173, 135, 192, 131, 79, 125, 71, 186, 67, 31, 88, 142, 46, 63, 45, 170, 54, 99, 158, 138, 166, 183, 58, 81, 178, 1, 92, 110]
[107, 71, 254, 193, 139, 116, 277, 279, 108, 271, 171, 260, 153, 115, 147, 68, 187, 294, 103, 137, 98, 138, 117, 209, 286, 118, 309, 126, 174, 304, 3, 197, 230, 128, 220, 208, 290, 155, 102, 306, 166, 152, 79, 235, 272, 287, 203, 89, 159, 32, 82, 312, 164, 146, 41, 144, 284]
[50, 34, 126, 94, 68, 55, 137, 138, 173, 134, 82, 129, 74, 168, 71, 33, 92, 145, 48, 67, 47, 154, 56, 102, 141, 151, 166, 61, 84, 161, 1, 96]
[50, 33, 186, 125, 93, 66, 54, 137, 175, 138, 197, 134, 81, 129, 72, 191, 69, 31, 91, 146, 48, 65, 46, 174, 55, 101, 160, 142, 170, 188, 60, 83, 182, 1, 95, 114]
[50, 34, 126, 91, 65, 54, 138, 176, 139, 186, 135, 81, 129, 71, 181, 68, 33, 89, 146, 47, 64, 46, 166, 55, 100, 142, 163, 178, 59, 82, 173, 1, 93, 112]
[50, 34, 186, 126, 92, 67, 54, 138, 176, 139, 238, 135, 82, 129, 73, 232, 70, 194, 33, 90, 146, 189, 214, 48, 66, 47, 213, 56, 205, 100, 161, 142, 208, 190, 229, 61, 83, 224, 1, 94, 113, 62, 195]
[48, 32, 121, 89, 64, 53, 133, 134, 154, 130, 79, 124, 70, 149, 67, 31, 87, 46, 63, 22, 138, 26, 99, 146, 77, 139, 132, 109, 90]
[51, 34, 126, 93, 67, 55, 138, 139, 168, 135, 81, 130, 73, 163, 70, 33, 90, 146, 49, 66, 48, 148, 56, 101, 142, 145, 161, 61, 99, 42, 36]
[49, 33, 123, 92, 67, 55, 135, 136, 170, 132, 81, 126, 73, 165, 70, 32, 90, 143, 46, 66, 45, 151, 56, 100, 139, 148, 163, 61, 82, 158, 1, 94]
[49, 32, 125, 93, 66, 53, 138, 139, 154, 134, 82, 128, 73, 149, 69, 126, 96, 16, 44, 71, 94, 106, 110, 23, 121, 113, 31, 22]
[53, 37, 129, 96, 69, 57, 140, 90, 71, 26, 144, 43, 66, 128, 39, 29, 38, 130, 99, 17, 47, 74, 97, 109, 112, 25]
[26, 17, 95, 66, 48, 33, 28, 72, 90, 73, 133, 70, 43, 67, 36, 127, 35, 99, 132, 47, 76, 97, 109, 25]
[14, 9, 51, 33, 25, 18, 15, 37, 49, 53]
[49, 33, 183, 125, 92, 65, 53, 136, 173, 137, 236, 133, 81, 128, 72, 230, 68, 191, 32, 89, 144, 186, 210, 47, 64, 46, 211, 54, 203, 102, 159, 140, 208, 187, 227, 59, 198, 82, 222, 1, 95, 113, 60, 194]
[53, 35, 130, 99, 70, 57, 143, 144, 156, 149, 41, 66, 129, 37, 29, 36, 131, 102, 17, 47, 75, 100, 112, 116, 25, 126, 119]
[50, 33, 124, 91, 66, 54, 135, 137, 180, 132, 81, 127, 72, 175, 69, 32, 89, 145, 47, 64, 46, 159, 55, 101, 141, 156, 173, 59, 82, 166, 1, 93, 111]
[55, 36, 188, 127, 97, 71, 59, 139, 178, 140, 268, 136, 86, 131, 252, 77, 262, 74, 196, 35, 94, 148, 191, 216, 224, 52, 230, 69, 51, 240, 60, 208, 105, 164, 144, 236, 241, 192, 214, 259, 64, 203, 87, 253, 1, 99, 116, 65]
[50, 33, 124, 92, 66, 54, 136, 137, 177, 133, 81, 127, 72, 172, 69, 32, 90, 144, 47, 65, 45, 156, 55, 100, 140, 153, 170, 59, 83, 165, 1, 94, 113]
[53, 35, 185, 124, 94, 69, 57, 137, 175, 138, 212, 133, 84, 127, 75, 206, 72, 195, 34, 92, 146, 190, 51, 68, 50, 188, 58, 102, 161, 141, 184, 203, 62, 85, 198, 1, 96, 113, 63]
[52, 34, 127, 96, 69, 57, 139, 140, 176, 136, 84, 131, 75, 171, 72, 33, 94, 148, 50, 68, 49, 157, 58, 105, 143, 153, 169, 62, 85, 164, 2, 98]
[24, 15, 89, 60, 44, 31, 26, 65, 85, 66, 117, 64, 39, 61, 35, 111, 34, 93, 116, 43, 69, 91]
[25, 16, 90, 62, 45, 33, 28, 67, 86, 68, 104, 66, 40, 63, 36, 98, 35, 103, 44]
[52, 36, 126, 94, 68, 56, 139, 140, 185, 135, 84, 129, 75, 180, 72, 35, 92, 149, 50, 67, 49, 165, 57, 102, 143, 162, 178, 61, 85, 173, 1, 96, 114]
[53, 34, 128, 96, 70, 57, 139, 140, 153, 136, 85, 131, 127, 38, 28, 36, 129, 99, 16, 47, 75, 97, 109, 112, 23, 123, 116]
[27, 19, 95, 65, 47, 34, 29, 70, 90, 71, 119, 69, 42, 66, 37, 113, 36, 100, 118, 46, 74]
[50, 34, 184, 124, 94, 68, 56, 136, 175, 138, 186, 133, 83, 127, 74, 180, 71, 33, 92, 145, 47, 67, 46, 164, 57, 102, 141, 161, 177, 62, 84, 171, 1, 96]
[54, 34, 136, 101, 72, 59, 149, 151, 166, 145, 90, 139, 80, 28, 35, 137, 104, 18, 47, 78, 102, 116, 119, 25, 131, 122, 33, 24]
[49, 32, 128, 96, 68, 54, 140, 141, 150, 146, 39, 63, 127, 35, 26, 34, 129, 99, 15, 44, 73, 97, 109, 112, 23, 123, 116]
[24, 16, 93, 62, 47, 33, 26, 68, 87, 69, 117, 67, 41, 63, 36, 111, 35, 97, 116, 46, 72]
[50, 32, 123, 92, 65, 54, 135, 136, 175, 132, 81, 127, 73, 170, 69, 31, 89, 144, 48, 64, 47, 153, 55, 101, 139, 150, 168, 59, 82, 162, 1, 94]
[50, 33, 127, 93, 67, 55, 138, 139, 169, 135, 83, 130, 74, 164, 71, 32, 91, 148, 48, 65, 47, 150, 56, 102, 143, 146, 162, 29, 100, 41]
[49, 33, 124, 93, 66, 53, 138, 139, 153, 135, 81, 128, 73, 26, 34, 125, 97, 16, 43, 72, 94, 106, 110, 23, 120, 113, 32, 22]
[51, 34, 185, 126, 94, 67, 55, 137, 176, 139, 221, 134, 83, 129, 74, 215, 70, 193, 33, 92, 146, 188, 49, 66, 47, 198, 57, 102, 162, 142, 194, 189, 212, 61, 84, 207, 1, 96, 114, 62, 182]
[57, 39, 192, 130, 100, 74, 62, 145, 182, 146, 233, 139, 89, 134, 80, 227, 77, 204, 38, 98, 153, 199, 55, 73, 53, 208, 63, 108, 168, 149, 205, 200, 223, 68, 90, 218, 1, 102, 119, 69, 188]
[52, 35, 188, 128, 98, 69, 56, 140, 178, 141, 244, 137, 86, 132, 77, 237, 73, 196, 34, 95, 148, 191, 215, 49, 68, 48, 218, 57, 207, 107, 165, 144, 220, 192, 234, 63, 202, 88, 229, 1, 101, 117, 64, 200]
[50, 34, 189, 127, 94, 67, 55, 139, 179, 140, 243, 136, 83, 130, 73, 237, 70, 199, 33, 92, 148, 192, 218, 48, 66, 47, 220, 56, 211, 102, 166, 143, 215, 193, 234, 60, 205, 84, 229, 1, 96, 115, 61, 200]
[48, 32, 121, 90, 63, 52, 132, 133, 159, 129, 79, 124, 69, 154, 66, 31, 88, 142, 46, 62, 45, 140, 53, 99, 77, 145, 26, 109, 91, 157]
[51, 35, 193, 130, 99, 69, 56, 143, 183, 144, 240, 139, 87, 133, 78, 234, 72, 203, 34, 97, 151, 197, 49, 68, 48, 215, 57, 107, 169, 147, 211, 198, 230, 62, 89, 224, 1, 101, 118, 64, 206, 156]
[50, 34, 189, 128, 95, 66, 54, 140, 180, 141, 210, 136, 82, 131, 72, 204, 69, 33, 93, 149, 48, 65, 46, 187, 55, 103, 164, 144, 184, 200, 60, 85, 194, 2, 97, 115, 61]
[48, 32, 123, 92, 65, 53, 135, 136, 176, 132, 81, 127, 72, 171, 69, 31, 90, 144, 46, 64, 45, 156, 54, 100, 139, 153, 168, 58, 82, 163, 1, 94]
[101, 67, 255, 190, 136, 110, 278, 281, 102, 272, 169, 260, 150, 109, 143, 65, 185, 97, 133, 94, 134, 111, 208, 163, 293, 55, 230, 192, 253, 247, 214, 237, 140, 59, 203, 83, 73, 1, 95, 113, 60, 219, 207, 265, 152, 96, 297, 162, 149, 75, 234, 276, 171, 201, 84]
[25, 15, 92, 61, 45, 33, 27, 66, 87, 67, 102, 65, 40, 62, 36, 95, 35, 101]
[53, 35, 194, 130, 99, 69, 57, 143, 182, 144, 275, 140, 86, 134, 77, 269, 74, 206, 34, 94, 154, 197, 226, 233, 51, 240, 68, 50, 247, 58, 217, 107, 168, 147, 244, 199, 224, 266, 63, 212, 87, 261, 1, 101, 118, 64, 215, 252]
[50, 34, 190, 125, 94, 67, 54, 139, 180, 140, 277, 136, 83, 128, 256, 74, 271, 71, 198, 33, 92, 148, 193, 220, 227, 48, 249, 233, 66, 47, 247, 55, 212, 102, 165, 143, 244, 248, 194, 218, 268, 59, 205, 84, 262, 1, 96, 113, 61]
[50, 32, 185, 124, 92, 66, 54, 136, 175, 137, 193, 132, 81, 127, 73, 187, 70, 31, 90, 144, 48, 65, 47, 170, 55, 101, 161, 140, 167, 184, 59, 82, 179, 1, 94]
[52, 34, 187, 127, 95, 68, 56, 139, 177, 140, 247, 135, 84, 130, 75, 241, 71, 196, 33, 93, 148, 190, 215, 49, 67, 48, 219, 57, 208, 104, 162, 143, 216, 191, 238, 62, 202, 85, 232, 1, 97, 114, 63, 201]
[25, 17, 62, 46, 33, 28, 67, 68, 87, 66, 41, 63, 36, 82, 35, 86]
[5, 3, 24, 15, 11]
[51, 35, 133, 96, 71, 56, 147, 148, 182, 144, 86, 136, 77, 177, 74, 34, 94, 155, 49, 70, 48, 162, 58, 105, 151, 158, 175, 65, 87, 169, 4]
[52, 36, 194, 131, 97, 68, 57, 144, 184, 145, 210, 141, 86, 135, 77, 204, 73, 35, 95, 153, 50, 67, 49, 188, 58, 106, 170, 148, 185, 201, 62, 87, 196, 1, 99, 118, 63]
[50, 34, 126, 93, 66, 55, 138, 177, 139, 184, 135, 82, 130, 74, 179, 71, 33, 91, 147, 48, 65, 47, 163, 56, 103, 142, 159, 176, 60, 83, 171, 1, 95]
[52, 34, 188, 128, 97, 69, 56, 141, 179, 142, 198, 137, 87, 131, 78, 192, 74, 33, 95, 149, 50, 68, 49, 177, 57, 106, 164, 145, 174, 189, 61, 88, 184, 1, 100, 116]
[51, 35, 135, 100, 71, 57, 148, 149, 178, 145, 88, 138, 78, 173, 74, 34, 98, 157, 49, 70, 48, 158, 58, 110, 153, 155, 171, 31, 107, 43]
[52, 36, 182, 123, 93, 68, 56, 135, 172, 136, 254, 132, 82, 126, 74, 248, 71, 190, 35, 91, 143, 185, 209, 217, 50, 223, 66, 49, 225, 57, 202, 101, 158, 139, 222, 186, 207, 245, 61, 197, 83, 239, 1, 95, 112, 62, 200]
[50, 33, 124, 93, 67, 55, 137, 138, 150, 134, 83, 128, 123, 36, 27, 35, 126, 97, 17, 45, 73, 94, 106, 109, 24, 120, 112]
[54, 38, 130, 99, 72, 60, 143, 144, 180, 140, 87, 133, 79, 175, 75, 36, 96, 153, 52, 71, 51, 159, 61, 108, 148, 156, 173, 66, 88, 167, 1]
[49, 33, 185, 124, 92, 66, 53, 136, 176, 137, 192, 132, 81, 127, 72, 190, 69, 32, 90, 146, 47, 65, 46, 168, 54, 101, 160, 141, 164, 182, 59, 82, 177, 1, 94]
[26, 15, 107, 72, 48, 33, 28, 79, 103, 80, 141, 78, 41, 74, 36, 135, 35, 112, 140, 47, 85, 109, 25]
[48, 32, 184, 125, 91, 65, 52, 138, 175, 139, 215, 135, 80, 128, 71, 209, 68, 193, 31, 89, 146, 188, 46, 64, 45, 191, 53, 99, 161, 142, 197, 205, 57, 81, 200, 1, 93, 111, 58]
[52, 34, 127, 94, 68, 57, 139, 177, 140, 184, 136, 83, 130, 75, 179, 71, 33, 92, 148, 49, 67, 48, 163, 58, 103, 144, 160, 176, 62, 84, 171, 2, 97]
[52, 36, 188, 129, 96, 69, 56, 140, 179, 141, 223, 137, 85, 132, 76, 217, 72, 197, 35, 94, 149, 192, 50, 68, 49, 198, 57, 105, 164, 144, 195, 213, 61, 86, 208, 1, 98, 116, 63, 183]
[54, 37, 191, 127, 96, 70, 58, 140, 181, 141, 218, 135, 85, 130, 76, 212, 73, 200, 36, 93, 148, 194, 52, 69, 51, 196, 59, 105, 167, 144, 216, 209, 63, 86, 204, 3, 98, 116, 65]
[50, 35, 124, 93, 66, 55, 136, 137, 180, 132, 82, 127, 73, 175, 70, 34, 91, 145, 48, 65, 47, 159, 56, 101, 141, 155, 173, 60, 83, 167, 1, 95, 112]
[50, 33, 188, 126, 95, 66, 55, 138, 177, 139, 240, 135, 85, 129, 75, 234, 70, 197, 32, 93, 147, 191, 215, 47, 65, 46, 214, 56, 208, 104, 163, 142, 211, 192, 231, 60, 86, 226, 1, 97, 114, 61, 198]
[48, 33, 185, 124, 92, 66, 53, 136, 175, 137, 190, 133, 82, 128, 72, 184, 69, 32, 90, 146, 46, 65, 45, 168, 55, 101, 161, 140, 164, 181, 59, 83, 182, 1, 94]
[52, 35, 203, 137, 104, 75, 58, 153, 192, 154, 266, 149, 91, 141, 82, 260, 78, 213, 34, 101, 162, 207, 232, 239, 49, 74, 48, 240, 59, 224, 112, 178, 157, 237, 208, 257, 66, 219, 94, 251, 1, 106, 122, 68, 221]
[50, 34, 182, 122, 92, 67, 54, 134, 173, 136, 237, 130, 82, 125, 73, 231, 70, 191, 32, 90, 144, 185, 213, 48, 66, 47, 215, 55, 203, 100, 159, 139, 210, 186, 228, 60, 197, 83, 223, 1, 94, 110, 62, 192]
[55, 36, 200, 138, 106, 74, 61, 150, 190, 151, 233, 147, 93, 142, 82, 226, 79, 210, 35, 104, 159, 203, 52, 73, 51, 204, 62, 115, 175, 154, 201, 221, 66, 95, 215, 1, 108, 126, 68]
[49, 32, 183, 122, 92, 66, 54, 136, 174, 137, 210, 132, 81, 126, 72, 204, 69, 31, 90, 144, 187, 46, 65, 45, 186, 55, 100, 159, 140, 182, 200, 60, 83, 195, 1, 94, 111, 61]
[26, 16, 95, 66, 46, 33, 28, 72, 90, 73, 129, 71, 41, 68, 36, 122, 35, 99, 128, 45, 76, 97, 25]
[50, 34, 186, 124, 92, 67, 54, 137, 176, 138, 231, 134, 82, 127, 73, 225, 70, 194, 33, 90, 145, 189, 48, 66, 47, 207, 56, 101, 161, 141, 203, 190, 222, 60, 83, 217, 1, 95, 112, 61, 191, 149]
[50, 34, 124, 92, 65, 54, 138, 139, 158, 135, 80, 129, 72, 152, 68, 33, 89, 71, 93, 105, 108, 25, 119, 132, 112, 141, 24, 130]
[52, 35, 191, 129, 97, 68, 57, 141, 179, 142, 211, 138, 84, 132, 75, 205, 72, 34, 95, 149, 50, 67, 49, 187, 58, 106, 166, 145, 184, 202, 62, 86, 196, 1, 99, 117, 63]
[24, 15, 92, 62, 44, 32, 27, 68, 88, 69, 137, 67, 39, 63, 35, 131, 34, 96, 136, 43, 72, 94, 106, 109, 23]
[52, 35, 127, 96, 69, 56, 139, 179, 140, 187, 136, 86, 130, 77, 182, 74, 34, 94, 148, 50, 68, 49, 166, 57, 105, 144, 163, 180, 61, 87, 174, 1, 99]
[101, 68, 259, 191, 134, 110, 273, 137, 178, 138, 50, 287, 81, 127, 257, 73, 54, 70, 260, 198, 31, 92, 146, 192, 221, 227, 48, 250, 233, 66, 47, 261, 55, 212, 102, 164, 141, 258, 262, 194, 217, 241, 282, 60, 207, 82, 275, 1, 96, 112, 61, 223]
[51, 32, 194, 132, 96, 67, 56, 144, 182, 145, 242, 140, 85, 135, 75, 236, 70, 202, 31, 94, 153, 197, 47, 66, 46, 217, 57, 109, 168, 148, 213, 198, 232, 61, 86, 226, 1, 100, 120, 62, 200, 157]
[52, 33, 189, 127, 95, 68, 56, 140, 177, 141, 256, 137, 84, 132, 75, 250, 72, 197, 32, 93, 148, 192, 217, 223, 50, 230, 67, 48, 229, 57, 210, 104, 163, 144, 226, 193, 215, 247, 61, 203, 85, 242, 1, 97, 114, 63]
[25, 16, 92, 63, 48, 34, 27, 68, 88, 69, 133, 67, 41, 64, 37, 127, 36, 97, 132, 46, 72, 94, 106, 109]
[49, 32, 186, 125, 93, 65, 53, 138, 177, 139, 205, 134, 83, 129, 72, 199, 68, 31, 91, 147, 46, 64, 45, 183, 54, 102, 161, 142, 180, 196, 58, 84, 190, 1, 96, 113, 59]
[52, 35, 130, 97, 68, 56, 142, 143, 184, 138, 84, 133, 75, 179, 71, 34, 94, 151, 50, 67, 49, 164, 58, 105, 146, 161, 177, 62, 85, 171, 2, 99, 117]
[27, 18, 89, 62, 47, 35, 29, 67, 85, 68, 126, 66, 42, 63, 38, 119, 37, 93, 125, 46, 71, 91, 102, 26]
[99, 67, 254, 190, 133, 110, 277, 279, 100, 271, 166, 259, 148, 108, 141, 65, 183, 96, 131, 92, 132, 54, 207, 295, 162, 289, 281, 230, 192, 252, 247, 213, 236, 137, 58, 202, 82, 72, 1, 94, 112, 60, 218, 205, 260, 151, 95, 293, 161, 146, 74, 234, 249, 169, 200]
[25, 16, 91, 62, 46, 33, 27, 67, 87, 68, 134, 66, 40, 63, 36, 128, 35, 95, 133, 44, 71, 93, 104, 108, 24]
[50, 33, 185, 124, 94, 66, 55, 136, 174, 137, 226, 133, 84, 127, 75, 220, 70, 195, 32, 92, 145, 188, 48, 65, 47, 202, 56, 102, 160, 141, 199, 189, 217, 60, 85, 212, 1, 96, 112, 61, 224]
[26, 16, 95, 66, 49, 34, 28, 71, 90, 72, 116, 70, 44, 67, 39, 110, 38, 115, 48, 76]
[48, 33, 121, 89, 64, 52, 132, 133, 153, 129, 79, 124, 70, 148, 67, 32, 87, 46, 63, 22, 138, 26, 99, 145, 77, 139, 131, 109, 91]
[52, 36, 188, 130, 96, 69, 56, 141, 179, 142, 221, 138, 85, 133, 76, 215, 72, 197, 35, 94, 150, 191, 50, 68, 49, 196, 57, 105, 164, 146, 192, 212, 62, 87, 207, 1, 98, 116, 63, 181]
[56, 38, 193, 132, 101, 73, 61, 145, 182, 146, 200, 142, 90, 135, 79, 194, 76, 37, 98, 154, 53, 72, 51, 177, 62, 109, 169, 150, 174, 190, 66, 91, 184, 1, 103]
[52, 35, 191, 131, 97, 68, 57, 143, 181, 144, 231, 140, 85, 134, 77, 225, 72, 199, 34, 94, 152, 194, 50, 67, 49, 207, 58, 107, 166, 148, 203, 195, 222, 62, 87, 217, 1, 101, 118, 63, 229]
[50, 33, 184, 123, 92, 67, 55, 136, 174, 137, 200, 132, 82, 127, 74, 194, 70, 32, 90, 144, 48, 66, 47, 178, 56, 101, 160, 140, 175, 191, 60, 83, 186, 1, 94, 112, 62]
[102, 70, 257, 192, 135, 111, 281, 284, 51, 290, 84, 129, 254, 75, 56, 72, 258, 198, 34, 92, 146, 193, 218, 226, 49, 248, 232, 67, 48, 264, 57, 210, 103, 164, 142, 261, 266, 194, 250, 215, 239, 139, 61, 204, 85, 280, 1, 97, 113, 62, 221, 207]
[52, 35, 124, 93, 68, 56, 135, 137, 150, 132, 83, 127, 74, 28, 36, 125, 96, 16, 46, 73, 94, 106, 109, 25, 119, 112, 33, 23]
[49, 32, 122, 91, 66, 54, 134, 135, 169, 131, 80, 125, 72, 164, 69, 31, 89, 143, 46, 65, 45, 149, 55, 99, 138, 145, 162, 59, 81, 157, 1]
[49, 34, 185, 124, 92, 66, 55, 136, 175, 137, 264, 133, 82, 127, 73, 258, 69, 193, 33, 90, 145, 188, 212, 220, 47, 226, 65, 46, 233, 56, 205, 101, 160, 140, 230, 189, 210, 255, 60, 199, 83, 249, 1, 94, 111, 61, 202, 214]
[51, 33, 123, 91, 66, 55, 135, 138, 162, 132, 81, 126, 72, 156, 69, 32, 89, 49, 65, 48, 141, 27, 100, 152, 78, 146, 153, 110, 92]
[59, 42, 194, 133, 100, 74, 63, 145, 185, 146, 237, 141, 89, 136, 81, 231, 77, 202, 41, 98, 153, 197, 57, 73, 56, 212, 64, 109, 168, 149, 209, 198, 228, 68, 90, 223, 1, 102, 121, 69, 196, 157]
[50, 34, 183, 124, 91, 66, 54, 136, 174, 137, 248, 132, 81, 127, 73, 242, 69, 192, 33, 89, 145, 187, 212, 218, 48, 65, 47, 222, 55, 204, 100, 161, 140, 219, 188, 210, 239, 60, 199, 82, 233, 2, 93, 111, 61, 203]
[51, 33, 127, 95, 68, 55, 139, 140, 156, 135, 84, 130, 75, 151, 34, 128, 98, 16, 44, 74, 96, 108, 112, 23, 122, 115, 32, 22]
[110, 75, 260, 199, 146, 122, 283, 285, 111, 278, 176, 265, 159, 121, 153, 72, 192, 107, 144, 104, 145, 123, 216, 124, 307, 67, 212, 91, 82, 1, 105, 289, 68, 227, 215, 281, 161, 106, 303, 171, 158, 84, 242, 269, 178, 210, 92, 166, 36, 87, 311, 170, 152, 46, 150, 203]
[50, 33, 189, 130, 94, 67, 55, 269, 142, 180, 143, 280, 139, 83, 133, 250, 74, 274, 71, 253, 198, 32, 92, 151, 192, 216, 224, 48, 244, 230, 66, 46, 247, 56, 209, 106, 166, 147, 249, 248, 193, 214, 270, 60, 204, 84, 263, 1, 97, 119, 61]
[49, 33, 187, 125, 92, 66, 53, 138, 177, 141, 219, 135, 81, 128, 73, 213, 69, 195, 32, 90, 148, 190, 47, 65, 46, 202, 54, 101, 164, 144, 192, 210, 58, 82, 205, 1, 94, 112, 60, 181]
[50, 34, 183, 123, 92, 66, 54, 135, 173, 136, 206, 132, 81, 126, 73, 200, 70, 33, 90, 143, 48, 65, 47, 184, 55, 101, 160, 139, 181, 196, 60, 82, 191, 1, 94, 111, 61, 169]
[51, 34, 191, 127, 94, 68, 56, 141, 181, 142, 199, 137, 83, 131, 75, 193, 71, 33, 92, 150, 48, 67, 47, 176, 57, 103, 166, 145, 173, 190, 62, 84, 184, 1, 96]
[51, 35, 191, 128, 94, 68, 55, 139, 182, 140, 257, 136, 83, 131, 75, 250, 71, 199, 34, 92, 149, 194, 220, 226, 49, 67, 48, 228, 56, 212, 102, 165, 144, 225, 195, 217, 247, 61, 207, 84, 241, 1, 96, 114, 62]
[24, 16, 90, 62, 46, 31, 26, 67, 86, 68, 102, 66, 40, 63, 35, 96, 34, 101, 45]
[52, 35, 189, 129, 95, 69, 56, 142, 179, 143, 192, 138, 84, 132, 75, 186, 72, 34, 93, 150, 50, 68, 49, 169, 57, 105, 146, 166, 182, 62, 85, 177, 1, 97]
[50, 34, 190, 127, 96, 68, 55, 139, 181, 140, 214, 135, 85, 130, 76, 208, 71, 33, 94, 147, 48, 67, 47, 212, 56, 105, 164, 143, 187, 204, 62, 86, 198, 1, 99, 115, 63, 175]
[24, 15, 92, 61, 45, 31, 26, 67, 88, 68, 126, 66, 38, 62, 34, 120, 33, 96, 125, 44, 71, 94, 23]
[100, 68, 252, 187, 133, 110, 275, 277, 101, 268, 166, 257, 149, 109, 142, 65, 182, 296, 97, 131, 94, 132, 111, 206, 327, 284, 112, 349, 120, 168, 344, 3, 192, 227, 122, 322, 307, 195, 300, 154, 152, 170, 63, 159, 267, 281, 80, 278, 90, 106, 114, 246, 73, 228, 287, 347, 56, 329, 145, 190, 263, 48, 276, 81]
[51, 35, 184, 124, 93, 67, 56, 136, 175, 137, 203, 133, 81, 127, 73, 197, 70, 34, 90, 144, 49, 66, 48, 181, 57, 101, 160, 140, 178, 194, 61, 82, 189, 1, 95, 112, 62]
[50, 34, 124, 93, 67, 54, 137, 174, 138, 185, 134, 82, 127, 73, 180, 70, 33, 91, 145, 48, 66, 47, 164, 55, 102, 141, 161, 176, 61, 83, 171, 1, 95, 112]
[49, 32, 185, 124, 93, 66, 54, 136, 175, 137, 222, 133, 82, 127, 73, 216, 69, 194, 31, 90, 145, 188, 47, 65, 46, 198, 55, 102, 159, 140, 195, 189, 213, 59, 83, 208, 1, 95, 112, 60, 181]
[51, 33, 190, 130, 95, 67, 55, 141, 181, 142, 209, 138, 85, 133, 75, 203, 72, 32, 93, 150, 49, 66, 48, 186, 56, 104, 165, 145, 183, 199, 61, 86, 193, 1, 98, 117, 62]
[49, 33, 186, 125, 92, 66, 54, 137, 175, 138, 205, 134, 81, 128, 73, 199, 69, 31, 90, 147, 47, 65, 46, 183, 55, 101, 161, 143, 180, 196, 60, 83, 191, 1, 94, 112, 61]
[24, 16, 93, 61, 45, 32, 26, 67, 68, 95, 66, 40, 62, 35, 89, 34, 94]
[99, 67, 250, 188, 133, 110, 275, 277, 100, 268, 166, 256, 147, 109, 141, 65, 183, 96, 131, 93, 132, 55, 206, 293, 161, 286, 279, 226, 190, 249, 244, 212, 233, 137, 60, 201, 83, 73, 1, 94, 112, 61, 216, 204, 257, 149, 95, 291, 160, 146, 76, 231, 246, 168, 199]
[55, 36, 132, 100, 35, 29, 139, 75, 95, 76, 26, 73, 43, 69, 131, 38, 144, 37, 104, 16, 49, 80, 102, 114, 117, 25]
[50, 34, 190, 127, 95, 66, 54, 139, 179, 140, 242, 135, 84, 130, 73, 236, 70, 199, 33, 93, 148, 193, 219, 48, 65, 47, 216, 56, 211, 104, 164, 143, 213, 195, 233, 60, 85, 228, 1, 97, 115, 61, 224]
[52, 36, 190, 127, 96, 68, 57, 140, 180, 141, 202, 136, 84, 131, 75, 195, 71, 35, 93, 148, 50, 67, 49, 179, 58, 105, 165, 144, 176, 192, 62, 86, 187, 1, 98, 116]
[24, 15, 90, 61, 45, 32, 26, 66, 86, 67, 105, 65, 39, 62, 35, 99, 34, 104, 44]
[105, 71, 255, 195, 136, 114, 278, 280, 106, 272, 169, 261, 150, 113, 144, 68, 188, 296, 102, 134, 98, 135, 115, 211, 287, 116, 317, 124, 171, 312, 3, 199, 232, 126, 292, 201, 156, 154, 173, 65, 161, 320, 162, 263, 143, 43, 141, 293, 228, 179, 275, 48, 55, 59, 186, 276, 231, 125, 38]
[51, 34, 188, 126, 94, 67, 56, 139, 179, 141, 250, 135, 83, 129, 74, 244, 70, 197, 33, 92, 149, 191, 221, 49, 66, 48, 224, 57, 213, 103, 164, 144, 226, 192, 240, 61, 207, 84, 234, 1, 96, 115, 62, 203]
[52, 33, 191, 133, 100, 70, 57, 144, 181, 145, 248, 141, 86, 136, 76, 242, 73, 199, 32, 97, 153, 194, 218, 50, 69, 49, 222, 59, 210, 109, 168, 148, 224, 195, 239, 63, 205, 88, 233, 1, 103, 120, 64, 203]
[49, 34, 124, 92, 66, 55, 136, 137, 150, 132, 82, 127, 74, 27, 35, 125, 97, 17, 44, 73, 94, 106, 109, 24, 120, 112, 33, 23]
[24, 16, 95, 64, 46, 32, 26, 70, 91, 71, 134, 69, 39, 65, 35, 128, 34, 99, 133, 45, 74, 97, 109, 23]
[24, 15, 90, 62, 47, 34, 26, 67, 86, 68, 127, 66, 41, 63, 37, 121, 36, 95, 126, 45, 72, 93, 23]
[28, 18, 96, 67, 51, 36, 30, 72, 92, 73, 116, 71, 45, 68, 40, 110, 39, 115, 50, 76]
[53, 34, 190, 128, 98, 69, 57, 142, 180, 143, 192, 139, 86, 131, 78, 186, 74, 33, 96, 152, 51, 68, 50, 170, 58, 107, 146, 167, 183, 62, 87, 177, 1, 100]
[51, 34, 183, 123, 92, 67, 55, 135, 174, 136, 211, 132, 82, 127, 73, 205, 70, 192, 33, 90, 144, 186, 48, 66, 47, 187, 56, 101, 160, 140, 184, 202, 60, 83, 197, 1, 94, 111, 61]
[50, 34, 122, 91, 65, 54, 134, 135, 144, 140, 40, 62, 121, 36, 26, 35, 123, 94, 15, 45, 70, 92, 104, 107, 22, 118, 110]
[111, 70, 281, 209, 150, 122, 302, 305, 112, 297, 186, 286, 164, 121, 158, 67, 203, 108, 147, 105, 313, 55, 229, 320, 182, 314, 307, 254, 212, 280, 274, 238, 262, 155, 61, 223, 88, 77, 1, 106, 125, 62, 243, 226, 317, 168, 107, 318, 181, 163, 79, 260, 275, 189, 220]
[52, 35, 126, 93, 67, 56, 137, 138, 156, 134, 82, 129, 73, 150, 70, 34, 46, 72, 94, 107, 110, 26, 121, 113, 139, 25, 130, 29]
[28, 16, 96, 64, 48, 35, 30, 70, 91, 71, 104, 69, 43, 65, 39, 98, 38, 103]
[48, 31, 185, 123, 93, 65, 53, 136, 176, 137, 206, 131, 82, 126, 72, 200, 69, 30, 90, 144, 46, 64, 45, 184, 55, 101, 161, 140, 181, 197, 59, 83, 191, 1, 95, 112, 60, 170]
[49, 33, 181, 122, 91, 65, 54, 133, 170, 135, 223, 130, 80, 125, 71, 217, 68, 189, 32, 89, 142, 184, 47, 64, 46, 200, 55, 100, 157, 138, 195, 185, 214, 59, 81, 209, 1, 93, 110, 60, 182]
[50, 33, 188, 127, 94, 67, 54, 140, 179, 141, 226, 137, 82, 132, 73, 220, 70, 197, 32, 92, 149, 191, 48, 65, 47, 201, 55, 103, 165, 144, 198, 192, 217, 59, 84, 211, 1, 96, 115, 60, 185]
[52, 36, 186, 126, 95, 68, 56, 139, 176, 140, 235, 135, 84, 130, 74, 229, 71, 196, 34, 93, 147, 189, 50, 67, 49, 211, 57, 104, 162, 143, 207, 191, 226, 61, 85, 220, 1, 97, 115, 62, 194, 151, 99]
[51, 35, 129, 94, 67, 56, 138, 68, 88, 69, 26, 145, 41, 64, 128, 37, 29, 36, 98, 18, 46, 72, 95, 109, 114, 25]
[51, 35, 127, 93, 67, 55, 135, 68, 87, 69, 25, 142, 41, 64, 126, 37, 27, 36, 98, 16, 45, 73, 95, 108, 111, 23]
[52, 35, 127, 95, 68, 56, 139, 140, 169, 136, 84, 130, 74, 164, 71, 34, 93, 148, 50, 67, 49, 150, 57, 105, 144, 162, 30, 102, 43, 37]
[25, 16, 93, 63, 46, 34, 27, 68, 89, 69, 112, 67, 41, 64, 37, 106, 36, 111, 45, 73]
[48, 33, 123, 90, 65, 53, 135, 136, 170, 131, 80, 126, 71, 165, 68, 32, 88, 145, 46, 64, 45, 151, 54, 99, 140, 148, 163, 58, 81, 158, 1]
[51, 36, 183, 125, 93, 68, 56, 136, 174, 137, 206, 133, 83, 128, 74, 200, 71, 35, 91, 146, 49, 67, 48, 204, 57, 102, 161, 140, 180, 196, 61, 84, 191, 1, 95, 113, 62, 169]
[26, 16, 93, 62, 46, 33, 28, 68, 69, 96, 67, 41, 64, 36, 88, 35, 95]
[102, 69, 265, 196, 139, 113, 289, 292, 103, 282, 172, 270, 155, 112, 148, 66, 190, 309, 99, 137, 96, 138, 115, 216, 299, 116, 346, 123, 175, 341, 3, 202, 239, 125, 319, 204, 311, 159, 158, 178, 64, 165, 281, 296, 82, 293, 92, 108, 118, 258, 74, 241, 344, 56, 269, 207, 295, 171, 73, 156, 250]
[49, 32, 123, 92, 66, 53, 134, 135, 161, 131, 81, 126, 72, 156, 69, 31, 90, 143, 46, 65, 45, 141, 54, 101, 79, 146, 26, 111, 93, 159]
[49, 33, 181, 121, 90, 64, 53, 132, 170, 133, 209, 129, 80, 124, 70, 203, 67, 189, 32, 88, 141, 184, 46, 63, 45, 186, 54, 98, 157, 137, 207, 200, 58, 81, 194, 1, 92, 108, 59]
[24, 16, 91, 63, 46, 33, 27, 68, 87, 70, 125, 67, 40, 64, 36, 119, 35, 95, 124, 45, 73, 93, 23]
[51, 35, 128, 94, 68, 55, 140, 142, 181, 136, 83, 131, 74, 176, 71, 34, 92, 149, 49, 67, 48, 159, 57, 102, 145, 156, 174, 61, 84, 168, 1, 96]
[48, 32, 181, 121, 90, 64, 52, 134, 171, 135, 210, 131, 80, 125, 71, 204, 68, 190, 31, 88, 143, 185, 46, 63, 45, 186, 54, 100, 157, 139, 182, 201, 58, 81, 196, 1, 92, 110, 59]
[25, 16, 90, 60, 45, 32, 27, 67, 86, 68, 130, 66, 39, 62, 35, 122, 34, 94, 129, 44, 71, 92, 105, 24]
[50, 33, 126, 93, 67, 54, 138, 139, 174, 135, 81, 129, 73, 169, 70, 32, 91, 148, 48, 66, 47, 154, 55, 103, 144, 151, 167, 59, 82, 162, 1]
[57, 39, 197, 133, 100, 74, 61, 145, 187, 146, 214, 142, 90, 137, 81, 208, 78, 38, 98, 156, 54, 72, 53, 192, 62, 109, 173, 149, 189, 205, 67, 91, 200, 1, 102, 121, 68]
[49, 33, 186, 124, 92, 66, 53, 136, 175, 137, 206, 133, 82, 128, 73, 199, 69, 32, 90, 146, 46, 65, 45, 183, 55, 101, 161, 140, 180, 196, 60, 83, 191, 1, 95, 113, 61]
[50, 33, 191, 128, 96, 67, 55, 142, 181, 143, 267, 139, 84, 132, 74, 259, 71, 200, 32, 94, 151, 195, 219, 226, 48, 232, 66, 47, 238, 56, 211, 105, 166, 146, 234, 196, 217, 256, 61, 206, 85, 251, 1, 98, 116, 62, 209]
[25, 17, 94, 62, 46, 34, 28, 69, 90, 71, 140, 68, 41, 64, 37, 132, 36, 98, 139, 45, 74, 96, 107, 111, 24]
[54, 36, 128, 96, 70, 58, 141, 142, 152, 137, 43, 67, 127, 39, 30, 37, 129, 100, 16, 47, 76, 98, 110, 113, 26, 124, 116]
[50, 35, 127, 95, 69, 57, 139, 140, 180, 136, 84, 130, 76, 175, 73, 34, 93, 150, 48, 68, 47, 160, 58, 104, 144, 157, 173, 62, 85, 168, 1, 97]
