-0.9804103970527649
-0.693048357963562
-0.9702137112617493
-0.9244974255561829
-0.9170887470245361
-1.1834030151367188
-1.1306955814361572
-0.7814391255378723
-1.4647094011306763
-1.061860203742981
-0.7717532515525818
-0.7182459235191345
-1.2032010555267334
-0.8179681301116943
-1.1148570775985718
-0.8767645955085754
-0.8981555700302124
-0.8626574873924255
-0.9948185682296753
-0.837428867816925
-0.7473883032798767
-0.9518988728523254
-0.916133463382721
-0.9141449928283691
-0.8444020748138428
-0.8551326990127563
-0.9928993582725525
-0.8605214357376099
-0.8907353281974792
-0.8092762231826782
-0.9690430760383606
-0.9924024939537048
-0.962146520614624
-0.8180913329124451
-1.0525521039962769
-0.8092872500419617
-1.005613923072815
-0.7620997428894043
-0.9397269487380981
-0.8236548900604248
-1.1025959253311157
-0.853878915309906
-0.9415619969367981
-0.6786258220672607
-0.7882559895515442
-0.8213855624198914
-0.8669431209564209
-0.9008060693740845
-0.8697447180747986
-0.8924846649169922
-1.1903836727142334
-0.9400167465209961
-0.8106594085693359
-1.1102322340011597
-0.919361412525177
-0.8262069821357727
-0.9522258043289185
-0.7542076110839844
-0.876837432384491
-0.66749107837677
-0.9986807107925415
-0.948701798915863
-1.1543093919754028
-0.851706862449646
-0.840183436870575
-1.0128084421157837
-0.9480210542678833
-0.8466235995292664
-1.0101549625396729
-0.8387792110443115
-0.8689792156219482
-0.8719225525856018
-0.9552028775215149
-0.8223276138305664
-0.8868818879127502
-0.7445539832115173
-0.948529839515686
-0.7984220385551453
-0.8579753637313843
-0.788729190826416
-0.9593890905380249
-0.7469080686569214
-0.9372686147689819
-0.6225480437278748
-0.8569306135177612
-0.8190149664878845
-1.1447030305862427
-1.0683021545410156
-2.160778045654297
-0.715451717376709
-0.9518145322799683
-0.7430849671363831
-1.0244156122207642
-0.679938554763794
-1.0171278715133667
-0.9760280847549438
-0.9354347586631775
-0.7522885203361511
-0.9614963531494141
-0.852087140083313
-1.0562113523483276
-0.8038080930709839
-0.916754961013794
-0.8794713020324707
-0.9661353826522827
-0.7213172912597656
-1.0236732959747314
-0.8259442448616028
-0.9373043775558472
-0.9732144474983215
-0.9326315522193909
-0.7129433751106262
-0.9460470080375671
-0.7240831851959229
-1.0730431079864502
-0.7975393533706665
-0.883106529712677
-0.7909190654754639
-0.8943524956703186
-1.5703928470611572
-1.0270452499389648
-0.8370928168296814
-1.760117530822754
-0.8322744369506836
-1.0392513275146484
-0.7249124646186829
-1.2883951663970947
-0.8862189054489136
-0.9588438272476196
-0.6996132731437683
-0.9237920045852661
-0.9014959931373596
-0.9216410517692566
-0.8460338115692139
-0.8126875162124634
-0.707129955291748
-1.0148614645004272
-0.8962953090667725
-0.9560624361038208
-0.8639508485794067
-0.8465797901153564
-0.6952893137931824
-0.902797520160675
-0.9453231692314148
-1.0813980102539062
-0.8091020584106445
-1.1175577640533447
-0.7136678695678711
-0.7883620262145996
-0.9872991442680359
-1.055092692375183
-0.9360427260398865
-0.9508234262466431
-0.7183651924133301
-0.7870514392852783
-0.721432089805603
-0.8498010039329529
-0.8473889231681824
-0.9265555143356323
-0.8462814688682556
-0.9422293305397034
-0.8232825398445129
-0.9805442094802856
-0.7653606534004211
-0.9071457386016846
-0.9885929822921753
-0.8670090436935425
-0.6995776891708374
-0.7909785509109497
-0.7688201665878296
-0.9056629538536072
-0.8199244737625122
-0.8816347122192383
-0.9205651879310608
-0.9836711287498474
-1.1418483257293701
-0.9877609014511108
-0.7925185561180115
-0.8384196162223816
-0.7496674060821533
-1.0284392833709717
-0.9204822182655334
-0.9526441693305969
-0.8074978590011597
-1.049627423286438
-0.8496187329292297
-1.0526717901229858
-0.9220823049545288
-0.9260112643241882
-0.8242866396903992
-1.006284475326538
-0.8621570467948914
-1.0286012887954712
-0.6705192923545837
-0.9966841340065002
-0.6976335644721985
-1.0268477201461792
-0.9805303812026978
-1.024097204208374
-0.9660788774490356
