0.6607736407054795
0.6957188686705195
0.7878826506369349
0.7855174301990441
0.8751163310888741
0.9648691926683698
0.7346536859071681
0.5631385755906295
0.5578958528515484
0.40451973453164103
0.08365890979766846
0.985402246316274
0.7680851697921753
0.8421617537736893
0.7869329686675753
0.9288648664951324
0.7487971102818847
0.9591398967636956
0.796680860221386
0.9151019578178724
0.6404741150327027
0.6584077502854846
0.7228085409878986
0.5914333778976774
0.6919326742645353
0.6670927559025586
0.9870568037033081
0.8478778125967698
0.612149324035272
0.6877070433487568
0.8811749458312989
0.612515191361308
0.29716473780572417
0.9897715960230146
0.7655134669815501
0.7270597524475306
0.6192232290548938
0.8973078280687332
0.9760298927625021
0.915213188954762
0.9878771007061005
0.677824086509645
0.6867959530403217
0.9449809392293295
0.8612347755988594
0.810263792052865
0.6456589600337403
0.9031277060508728
0.9526816308498383
0.9724319577217102
0.8014554535703999
0.7310576289892197
0.980905145406723
0.9921805461247762
0.4941345078404993
0.8192566703591082
0.9311079919338227
0.7864858267936282
0.7676542922854424
0.9802604243159294
0.8291059463684048
0.7776187807321548
0.7459097224927973
0.7259378377348185
0.4255532384850085
0.5099495188333094
0.8624410778575111
0.6061896314757178
0.711079133009272
0.6930849552154541
0.7777214994033178
0.9280214565140861
0.8643209976809365
0.754177271698912
0.9896645082367791
0.6070392977978502
0.9494796660211351
0.8975444223199572
0.9659244418144226
0.7989300505406308
0.6373050911352038
0.781190524995327
0.9563801884651184
0.9766559600830078
0.7517054425552487
0.9880628519588046
0.7902744189486839
0.9318132996559143
0.983708123366038
0.5680298289683249
0.8827880554729037
0.8740019963847266
0.7297938388905355
0.8117510616779328
0.6748124307218509
0.9701965947945913
0.6452180642324189
0.7616974748247727
0.906283700466156
0.7929023115171326
0.7788579847131457
0.8762654513120651
0.8838543260159591
0.785957501994239
0.6639166749599907
0.7528077961469535
0.6125381528327125
0.9883380617414202
0.790027922696688
0.8354463908407423
0.9935583571592966
0.6660397785922719
0.8402489914068221
0.8590522781014442
0.8849280655384064
0.5452643226308282
0.8538596028970047
0.6760387385094707
0.6640208324170089
0.8422421514987946
0.973989449441433
0.8624921469017863
0.7156726320584615
0.9219962723218487
0.9748098731040955
0.9239320874214172
0.7480527311563492
0.8329583356777827
0.7286809049546719
0.6422828113660216
0.8007278069853783
0.981179378926754
0.7495941016823053
0.809799758096536
0.8066746331751347
0.6935541699640453
0.8937282065550486
0.7184443059894774
0.8691072397761874
0.7382257436402142
0.7506539898717569
0.7420219834893942
0.6532515194784436
0.8377117178502625
0.9194805959860484
0.9104234715923667
0.5541163478046656
0.9115673502286276
0.7531288779444165
0.6209365483373404
0.7884629278269131
0.7213047204672226
0.19438090324401855
0.6847011892952852
0.7478549835504964
0.9057979498590741
0.7933704294264317
0.7579132069188815
0.875449674470084
0.8080281452699141
0.6326481799284617
0.5733880689367652
0.7120135658317142
0.7758215986048946
0.863910049200058
0.6452233471375491
0.5928916018572636
0.9850151300430298
0.6737396232783794
0.7081975491850504
0.5028908283760151
0.9941351652145386
0.7024068431391453
0.7291407259181142
0.9918290972709656
0.8484539680648595
0.9501325339078903
0.5140340151963756
0.9560865976593711
0.9889690790857587
0.8600690364837646
0.692141782521503
0.5839648201130331
0.9426994820435842
0.9882121171270098
0.9914238055547079
0.7313721969878922
0.8574930088860648
0.9919464439153671
0.9786661118268967
0.5374845792539418
0.8641595507506281
0.7537582723423839
0.8288319443042079
0.8062252606420467
0.7473685450851917
0.5802628890863465
0.368850517833683
0.7518999017775059
0.8677269932296541
