[[17, 13, 2, 9, 19, 21, 3, 10, 14, 8, 18, 7, 16], [16, 2, 4, 12, 20, 3, 19, 22, 0, 17, 18, 21], [3, 16, 5, 8, 13, 0, 6, 14, 18, 4, 17, 19], [18, 11, 0, 3, 15, 13, 12, 20, 1], [33, 8, 17, 26, 2, 3], [20, 23, 12, 8, 26, 30, 0, 13, 21, 27, 31, 11, 15, 5, 24, 7], [40, 7, 13, 14, 0, 18, 27, 34, 37, 3, 9, 19, 28, 35], [1, 3], [3, 6]]
[[7, 3, 10, 11, 4, 5, 8, 0], [13, 23, 8, 18, 0, 10, 21, 1, 9, 19, 17, 15, 20, 2], [18, 3, 10, 24, 0, 20, 26, 6, 11, 25, 12, 15, 23, 1, 7, 13], [2, 9, 21, 15, 5, 10, 25, 22, 0, 26], [5, 10, 11, 7, 0, 6, 2, 8], [9, 16, 6, 1, 13, 18, 20, 24, 2, 14, 21, 5, 11, 12, 0, 3], [7, 21, 9, 16, 18, 5, 3, 10, 17, 0, 12, 15, 22], [19, 16, 5, 21, 8, 11, 23, 26, 12, 22, 29, 7, 0, 6, 30, 2, 9, 13], [9, 25, 0, 11, 20, 22, 7, 15, 3, 12, 21, 4, 14, 19], [21, 2, 6, 13, 25, 18, 28, 8, 29, 7, 15, 27]]
[[20, 14, 21, 0, 18, 1, 7, 6, 15, 13], [2, 4, 25, 30, 31, 0, 5, 12, 22, 3, 15, 28, 14, 6, 9, 23, 26, 32], [20, 10, 11, 4, 1, 3], [7, 4, 10, 18, 2, 8, 17, 14, 16, 13], [10, 23, 25, 7, 17, 20, 18, 21, 26, 4, 14, 24, 11, 27, 28, 8, 15], [17, 19, 9, 2, 6, 13, 24, 26, 29, 3, 30, 5, 10, 12, 20, 21], [18, 7, 15, 22, 4, 12, 24, 2, 13, 27, 9, 16]]
[[20, 26, 7, 11, 0, 14, 17, 1, 4, 9, 15, 18, 28, 13], [22, 17, 15, 12, 6, 19, 28, 0, 7, 10], [4, 17, 19, 6, 0, 7, 10, 20, 23, 9, 22, 5], [10, 23, 5, 13, 20, 0, 7, 14, 18, 21, 24, 17], [17, 35, 20, 8, 12, 13, 26, 30, 32, 37, 0, 5, 9, 14, 21, 33, 29, 4, 23, 3, 25, 36, 6, 18], [13, 20, 2, 9, 16, 0, 5, 10, 17, 21, 4, 3], [10, 15, 26, 2, 5, 11, 23, 27, 19, 4, 22, 0]]
[[9, 7, 11, 13, 10, 16], [8, 10, 6, 2], [9, 0, 19, 4, 5, 10, 15, 16, 20, 13], [11, 8, 16, 19, 10, 13, 5, 2, 6, 14], [21, 2, 14, 4, 22, 9, 27, 10, 28, 16], [26, 3, 24, 11, 20, 0, 2, 6, 18, 25, 9, 17, 23, 27], [10, 25, 11, 14, 16, 0, 20, 3, 24, 8, 9, 12], [9, 13, 5, 11, 16, 1, 20, 2], [13, 18, 19, 23, 25, 10]]
[[15, 12, 17, 0, 4, 18, 3, 8, 9, 7, 10, 11, 13], [2, 9, 3, 1, 6, 10], [30, 11, 28, 7, 17, 24, 5, 22], [32, 12, 29, 8, 18, 25, 34, 37, 6, 23], [3, 14, 18, 1, 0, 12, 15, 4], [28, 39, 12, 33, 41, 7, 26, 36, 0, 21], [10, 2, 8, 7, 6, 20, 21, 0]]
[[19, 11, 0, 5, 16, 22, 14, 13, 12, 18, 23, 25], [5, 7, 11, 2, 6, 9, 10, 4], [18, 33, 10, 16, 22, 29, 31, 0, 3, 35, 7, 20, 26, 12, 25, 32, 11, 28], [9, 17, 14, 16, 2, 11], [11, 1, 6, 2, 3, 0], [5, 11, 3, 16, 9, 13, 8, 1], [27, 23, 37, 25, 19, 5, 12, 16, 33, 40, 8, 17, 41, 2]]
[[7, 12, 19, 21, 23, 3, 9, 14, 24, 2, 8, 17, 5, 13], [6, 1, 4, 11], [10, 1, 6, 14, 21, 4, 7, 15, 19, 22], [8, 2, 6, 11, 14, 4, 12, 15], [1, 9], [11, 3, 9, 14, 5, 16, 4, 0], [21, 3, 10, 19, 5, 1, 4, 11, 8, 12], [9, 27, 6, 15, 20, 22, 24, 0, 3, 7, 25, 28, 30, 2], [4, 8, 9, 13, 6, 2]]
[[9, 6, 0, 12, 11, 3, 5, 10], [16, 0, 26, 29, 5, 9, 23, 27, 8, 22, 15, 19, 14, 18, 6, 10, 20, 24], [3, 7, 18, 21, 26, 0, 14, 19, 27, 5, 4, 10], [37, 49, 61, 73, 85, 6, 15, 98, 108, 0, 10, 20], [1, 7, 12, 18], [4, 0, 5, 10], [21, 14, 11, 16, 26, 5, 9, 17, 22, 27, 3, 8, 15, 0]]
[[22, 3, 6, 11, 4, 7, 19, 17], [10, 8, 7, 14, 3, 17], [12, 2, 14, 22, 8, 25, 0, 9, 18, 26], [4, 21, 17, 5, 12, 22], [14, 18, 7, 4, 9, 11, 23, 2, 5, 21]]
[[18, 23, 26, 13, 19, 33, 2, 10, 30, 37, 0, 8, 11, 15, 27, 35], [3, 6, 17, 4, 7, 11, 18, 1, 16, 15], [4, 0, 7, 33, 35, 2, 8, 16, 19, 31, 18, 12, 30, 27, 15, 1, 11, 26], [3, 17, 20, 29, 6, 9, 22, 35, 38, 46, 1, 7, 33, 44, 47, 0], [13, 11, 3, 0, 5, 10], [15, 4, 12, 0, 8, 23], [17, 11, 9, 1, 6, 13, 25, 4, 19, 23], [31, 2, 4, 18, 13, 23, 26, 29, 34, 11]]
[[6, 16, 21, 32, 19, 26, 0, 3, 13, 29, 1, 14, 30, 34, 12, 36], [7, 12, 24, 29, 10, 17, 4, 19, 5, 20, 27, 31], [7, 12, 22, 26, 31, 10, 17, 4, 19, 28], [25, 32, 44, 47, 16, 39, 13, 14, 36, 37, 8, 18], [20, 11, 1, 4], [25, 3, 6, 11, 19, 22, 4, 0, 12, 17, 15, 2]]
[[9, 5, 12, 14, 3, 2, 11, 8], [24, 7, 15, 23, 18, 8, 26, 22, 2, 25, 16, 4], [10, 1, 6, 11, 9, 3], [21, 3, 0, 6, 11, 19, 23, 17, 22, 5, 10, 14], [15, 5, 17, 12, 21, 2]]
[[13, 7, 2, 12, 5, 0], [6, 19, 13, 20, 15, 4, 8, 11], [2, 13, 11, 21, 14, 16, 9, 5, 19, 8, 22], [6, 15], [6, 0, 3, 8, 13, 7, 16, 11], [16, 2, 19, 4, 6, 10, 28, 31, 0, 8, 11, 21], [14, 11, 17, 0, 5, 9, 18, 4, 8, 16, 15, 7], [25, 7, 6, 0, 14, 19, 22, 28, 1, 4, 12, 15, 20, 23, 26, 29], [17, 2, 12, 0, 4, 10, 13, 20, 24, 3], [6, 19, 26, 16, 10, 8, 14, 28, 3, 17, 0, 1, 24, 2, 7, 27, 4, 11]]
[[9, 13, 4, 15, 6, 18], [4, 0, 8, 10, 18, 16], [13, 5, 1, 11, 8, 2], [19, 4, 11, 8], [24, 15, 19, 1, 17, 22, 5, 8], [15, 10, 25, 12, 17, 21, 16, 19], [6, 11, 26, 32, 4, 8, 16, 13, 18, 22, 23, 1, 9, 17, 21, 15, 3, 2, 24]]
[[8, 0, 4, 3, 14, 9, 17, 18, 11, 7], [6, 27, 31, 51, 46, 4, 16, 21, 35, 39, 48, 2, 13, 17, 22, 36, 40, 44, 49, 1, 12, 47, 9, 43], [12, 16, 18, 1, 5, 8, 2, 6, 13, 0], [18, 29, 10, 16, 21, 26, 7, 11, 1, 4, 22, 6, 0, 3, 2, 12, 23], [13, 21, 7, 0, 9, 16, 25, 27, 2, 11, 17, 28], [20, 13, 7, 11, 5, 3, 10, 19, 16, 0, 15, 21, 4]]
[[2, 7, 19, 16, 23, 3, 9, 21], [7, 16, 21, 2, 4, 8, 26, 32, 14, 18, 24, 30, 11, 6], [6, 15, 2, 4, 12, 10, 3, 9, 13, 16], [17, 26, 6, 4, 30, 11, 13, 24, 41, 21]]
[[14, 9, 12, 15], [18, 1, 3, 6, 10, 21, 4, 11, 14, 19, 2, 0, 9], [7, 11, 16, 19, 1, 8, 12, 17], [4, 10, 0, 8, 7, 3, 2], [6, 2, 0, 3, 7], [6, 2], [12, 6, 8, 2, 15, 0, 3, 9, 13, 16, 11, 7], [8, 10, 2, 5, 11, 9], [29, 7, 16, 11, 18, 5, 13, 22]]
[[15, 8, 12, 3, 10, 16, 2, 9, 0, 1], [9, 1, 3, 2, 6, 0], [26, 32, 30, 34, 11, 15, 20, 27, 17, 7, 28, 35], [10, 15, 8, 17, 1, 2, 5, 13]]
[[11, 2, 8, 0], [10, 12, 7, 15, 18, 2, 8, 16], [17, 6, 8, 2, 9, 1], [5, 3, 9, 1], [16, 15, 7, 14], [8, 1], [9, 0, 4, 11, 1, 5], [21, 0, 16, 3, 18, 24, 27, 1, 4, 10], [14, 22, 2, 6, 9, 20, 0, 3, 7, 10, 17, 23], [2, 5, 8, 13, 0, 6, 10, 14], [21, 11, 23, 6, 18, 26], [0, 13, 2, 5, 10, 16, 19, 3, 6, 11]]
[[14, 5, 8, 17, 19, 16], [1, 4, 6, 7], [8, 2], [2, 6, 17, 19, 0, 13, 20, 5], [18, 6, 0, 8, 15, 1, 4, 9, 7, 5, 19], [10, 28, 20, 9, 27, 0, 35, 3, 13, 17, 21, 31, 36, 29], [6, 0, 8, 13, 9, 7, 5, 14], [10, 30, 22, 9, 29, 0, 12, 19, 32, 39, 3, 13, 17, 23, 33, 37, 31, 11, 16, 36, 15, 35], [13, 4, 16, 5, 9, 15, 8, 14], [20, 10, 15, 2]]
[[5, 8, 16, 6, 0, 4, 12, 13, 11, 17], [7, 9, 2, 10], [6, 8, 11, 2, 9, 1], [3, 13, 18, 5, 8, 23, 26, 29], [15, 22, 26, 2, 9, 10, 5, 3, 11, 7], [3, 8, 5, 11], [7, 2, 17, 3, 18, 14], [1, 3, 6, 8, 4, 9], [5, 1, 4, 9], [1, 3], [3, 6]]
[[16, 9, 6, 23, 0, 4, 13, 19, 21, 24, 3, 10, 12, 18], [20, 1, 4, 10, 15, 3, 9, 18, 0, 14], [17, 2], [9, 4, 17, 21, 23, 2, 6, 15], [6, 4, 7, 1], [5, 7, 1, 6], [4, 14, 16, 2, 11, 5], [3, 0], [11, 2, 8, 14, 17, 0, 5, 9], [19, 15, 18, 4, 13, 26, 2, 10], [3, 0], [11, 2, 8, 14, 20, 0], [16, 6, 2, 15, 8, 11, 18, 0], [11, 3, 8, 13, 0, 5, 14, 4, 12, 10], [7, 1, 3, 10], [3, 6]]
[[16, 5, 10, 3, 2, 9, 11, 8], [17, 8, 6, 15, 0, 4, 10, 3, 12, 2, 13], [8, 14, 16, 12, 3, 0, 11, 2, 9, 17], [2, 5, 10, 7], [13, 1, 4, 17, 19, 15, 20, 7, 2, 10], [26, 3, 5, 8, 11, 17, 24, 18, 22, 21, 4, 14, 16, 13], [11, 21, 3, 15, 5, 19, 17, 4, 16, 14, 6, 7, 9], [9, 13, 21, 2, 5, 19, 15, 12, 10, 0, 4, 18, 14, 30], [6, 12, 8, 1]]
[[10, 7, 12, 3, 5, 14], [7, 12, 20, 15, 1, 22, 18, 16, 10, 23, 2, 4, 5, 24], [9, 33, 3, 27, 20, 29, 0, 12, 24, 10], [1, 9, 4, 11, 14, 12], [8, 15, 10, 3, 12, 0], [13, 18, 15, 23, 4, 9, 11, 2, 6, 1, 16, 19], [11, 5, 14, 2, 4, 0, 6, 8, 15, 16], [0, 9, 15, 11, 18, 1, 19, 4]]
[[9, 2, 15, 24, 11, 19, 29, 12, 30, 3], [9, 13, 2, 11, 0, 18], [31, 2, 22, 9, 19, 20, 26, 5, 12, 15], [8, 0, 1, 2, 10, 3], [2, 8, 11, 0, 9, 3, 5, 10], [11, 15, 20, 6, 2, 18, 22, 7, 0, 12], [9, 1, 3, 11, 6, 5, 0, 2], [0, 3]]
[[7, 9, 0, 3, 8, 2, 4, 5], [0, 19, 27, 15, 9, 23, 5, 16, 7, 14, 1, 21, 4, 2, 20, 22], [9, 23, 31, 4, 16, 19, 27, 2, 21, 0], [12, 6, 7, 4, 1, 9], [10, 17, 5, 8, 14, 20, 1, 19]]
[[21, 2, 19, 7, 8, 10, 14, 23, 12, 15], [7, 19, 27, 3, 30, 0], [17, 2, 0, 3, 7, 12, 20, 14, 6, 10], [9, 4, 13, 5, 14, 10], [10, 14, 1, 17, 20, 24, 25, 8], [14, 25, 5, 12, 0, 31], [13, 35, 2, 8, 6, 10, 19, 24, 26, 31, 33, 3]]
[[16, 3, 13, 0, 6, 14, 18, 5, 10, 8], [12, 2, 5, 14, 7, 9, 16, 22], [17, 20, 2, 6, 11, 12, 5, 10, 14, 18, 19, 21, 22, 15], [2, 3, 5, 20, 14, 7, 11, 15, 26, 10], [2, 6, 11, 0, 12, 17, 22, 27, 5, 10, 19, 16, 21, 26, 28, 14, 13], [9, 2, 3, 5], [13, 23, 0, 25, 1, 26, 3, 16, 10, 5, 9, 6, 27, 11], [8, 12, 5, 15, 20, 6, 16, 21], [9, 17, 6, 13, 1, 4, 0, 16]]
[[8, 2, 10, 14, 13, 1, 5, 9], [22, 3, 16, 19, 0, 5, 8, 17, 20, 7], [4, 0, 1, 6, 9, 8], [6, 10, 0, 3, 7, 2, 4, 8], [3, 5, 1, 6], [5, 7, 2, 8, 11, 10], [2, 4, 6, 9, 12, 14, 0, 10], [12, 0, 5, 14, 1, 6], [3, 6, 0, 7, 10, 9], [9, 17, 2, 5, 14, 0, 10, 15, 4, 3], [2, 7, 0, 5, 8, 4, 12, 10, 11, 13], [0, 5, 8, 15, 18, 1, 6, 9, 16, 19, 13, 12, 2], [4, 2, 5, 1], [7, 2, 8, 12, 11, 5], [6, 11, 1, 3], [24, 31, 10, 19, 22, 7, 11, 16, 20, 26, 3, 13, 0, 15], [6, 15, 2, 9, 12, 26, 0, 4, 10, 13]]
[[8, 19, 17, 12, 22, 21, 11, 18, 16, 20, 0, 2], [12, 24, 15, 0, 16, 20, 25, 3, 6, 7], [13, 17, 3, 16], [0, 11, 7, 1, 16, 2], [5, 4], [21, 25, 3, 12, 1, 8, 31, 9, 32, 14, 7, 19, 4, 29], [13, 16, 21, 3, 1, 7, 19, 5, 4, 11, 14, 17], [0, 18, 4, 10, 12, 21, 13, 7, 1, 11, 16, 2], [13, 6, 14, 10], [9, 0, 7, 12, 14, 10, 1, 13]]
[[4, 11, 21, 18, 17, 14, 15, 16, 10, 0, 5, 2], [14, 0, 11, 9, 18, 17, 4, 8, 7, 19, 1, 15], [18, 2, 7, 5, 10, 14, 0, 11, 4, 6, 8], [5, 15, 35, 29, 6, 17, 9, 12, 39, 3, 10, 27, 32, 40, 31, 2, 1, 7, 33, 36, 41, 22], [12, 23, 3, 10, 17, 18, 21, 26, 4, 0, 6, 19, 13, 24, 14, 11, 16, 27]]
[[6, 1, 3, 12, 15, 4], [21, 3, 1, 18, 8, 11, 20, 4], [18, 27, 13, 11, 4, 28, 9, 16, 25, 32, 0, 33, 15, 6], [18, 5, 19, 0, 8, 16, 3, 13, 7, 12], [13, 6, 0, 8, 19, 1, 4, 9]]
[[2, 18, 16, 15, 20, 8, 10, 7, 12, 17, 19, 13], [9, 2, 5, 1, 7, 10, 11], [35, 20, 13, 26, 27, 19, 33, 39, 6, 8, 16, 14, 17, 37, 4, 22, 34, 12], [27, 38, 28, 3, 19, 31, 0, 7, 11, 13, 41, 4, 24, 36, 30, 9, 18, 32, 23, 20, 35, 17, 22, 29, 40, 14], [8, 16, 5, 13, 18, 6, 11, 14], [0, 2], [3, 6]]
[[10, 12, 0, 3, 2, 11, 9, 13], [13, 15, 8, 10, 0, 4], [2, 3, 9, 5], [0, 10, 1, 8, 11, 16, 15, 5], [13, 6, 0, 10, 21, 1, 11, 15, 19, 8], [2, 0, 3], [0, 6, 9, 16, 24, 1, 7, 10, 13, 23, 12, 5, 22, 4, 21, 20], [13, 0, 11, 8, 7, 6, 10, 5, 14, 1], [9, 0, 1, 4], [20, 2, 9, 5, 16, 17, 10, 4], [15, 18, 3, 6, 9, 7, 10, 16, 5, 4, 24, 14], [22, 13, 5, 15, 25, 0]]
[[27, 3, 15, 24, 32, 35, 0, 5, 13, 19, 33, 36, 12, 22, 18, 30], [2, 6, 12, 11], [11, 20, 3, 5, 17, 26, 0, 8], [9, 2, 16, 0, 5, 12], [18, 11, 0, 3, 23, 25, 28, 1, 4, 8, 14, 29, 13, 12, 27, 21, 24, 19], [5, 12, 10, 2, 14, 0, 7, 15, 4, 11], [13, 18, 22, 16, 19, 1, 6, 9, 23, 5, 15, 10, 20, 24]]
[[16, 3, 4, 7, 2, 9, 0, 13, 1, 14], [1, 9, 4, 0, 5, 8, 2, 6], [12, 27, 3, 16, 18, 8], [21, 1], [14, 6, 0, 1], [14, 19, 18, 5, 8, 11, 9, 2], [22, 43, 0, 4, 21, 12, 27, 28, 39, 33, 36, 46]]
[[19, 31, 0, 3, 24, 27, 1, 4, 21, 25, 28, 20, 14, 32, 18, 13, 33, 22, 29, 16], [27, 36, 0, 10, 24, 30, 33, 4, 11, 15, 25, 31, 34, 37, 29, 9], [7, 11, 1, 3], [13, 0, 8, 21, 2, 6, 11, 18, 22, 1, 10, 9, 17, 3], [10, 1, 7, 12], [8, 22, 7, 24, 0, 10, 14, 1, 4, 11], [13, 11, 9, 18], [8, 2, 12, 10, 13, 3, 5, 9]]
[[6, 5, 31, 12, 15, 34, 14, 28], [10, 12, 1, 3, 4, 13], [0, 13, 3, 2, 14, 6, 1, 5], [3, 9, 13, 18, 6, 0, 11, 1, 7, 14, 19, 12], [1, 14, 4, 16, 3, 9, 12, 2], [10, 1, 0, 2, 11, 12], [15, 8, 11, 1, 12, 0, 16, 6], [7, 12, 15, 17, 9, 0], [16, 5, 17, 8, 13, 20, 0, 3], [2, 3, 4, 0], [7, 10, 0, 5, 4, 2], [10, 15, 5, 6]]
[[9, 21, 0, 13, 16, 1, 5, 11, 8, 7, 10, 12], [14, 12, 2, 11, 7, 15, 3, 1], [7, 19, 29, 11, 24, 0], [12, 16, 19, 0, 9, 3, 6, 10, 23, 5, 20, 13, 21, 7, 14, 24], [0, 5, 10, 19, 13, 7, 15, 11, 16, 20, 1, 2, 18, 14, 3], [15, 4, 10, 18, 8, 12], [24, 5, 9, 20, 25, 2, 7, 29, 32, 22, 30, 15, 11, 21, 0, 26, 19, 27]]
[[11, 15, 13, 9, 21, 7, 16, 22, 6, 14, 1, 20, 19, 12], [10, 6, 8, 0, 4, 15], [7, 21, 3, 10, 0, 4], [8, 23, 10, 14, 6, 11, 15, 21, 0, 4, 24, 19, 13, 25], [27, 22, 28, 20, 4, 18, 25, 34, 5, 16, 23, 10], [6, 10, 12, 17, 23, 25, 9, 22]]
[[2, 9, 6, 16, 22, 25, 30, 23, 31, 33, 3, 14, 21, 29, 15, 5, 10, 20], [0, 10, 12, 3, 14, 8, 1, 11], [25, 12, 8, 3, 16, 21, 0, 10], [3, 0, 14, 18, 1, 16], [8, 13, 0, 9, 14, 6], [6, 10, 16, 22, 12, 24, 13, 19], [13, 11, 0, 16, 3, 17], [18, 4, 7, 11, 20, 2, 5, 15, 22, 14, 10, 17, 0, 19]]
[[6, 10, 12, 4, 3, 5, 11, 13], [17, 9, 2, 12, 22, 23, 0, 6, 13, 18], [4, 12, 2, 7, 5, 10, 11, 8], [0, 7, 12, 13, 1, 10], [16, 3, 6, 10, 20, 0, 18, 8, 5, 2, 23, 4, 17, 21, 24, 11], [7, 4, 11, 16, 2, 12, 5, 14], [20, 6, 3, 8, 11, 13, 0, 4, 9, 16, 2, 7, 18, 21], [10, 4, 12, 17, 0, 2, 7, 18, 11, 5, 13, 15, 8], [24, 20, 26, 0, 15, 4, 7, 13, 18, 6, 12, 22, 17, 23, 11, 27], [3, 15, 9, 0, 10, 21, 8, 20, 2, 17, 23, 12], [5, 18, 0, 3, 8, 13, 11, 6, 14, 16, 12, 1, 9, 19], [13, 3, 5, 0, 15, 2, 7, 10, 14, 8], [14, 8, 13, 0, 9, 4, 7, 5, 15, 2], [14, 3, 15, 21, 11, 18], [10, 7, 11, 4, 14, 0]]
[[15, 3, 10, 4, 19, 7, 1, 9, 0, 16, 17, 20, 2], [19, 18, 13, 7, 27, 0, 24, 5, 11, 21, 25, 16, 10, 9, 29, 14], [24, 6, 0, 13, 1, 4, 21, 7, 11, 12, 17, 9, 23, 20, 25, 26], [12, 16, 5, 22, 2, 20, 23, 11, 19, 7, 0, 17, 8, 9, 3], [3, 4, 0, 9, 11, 6, 5, 1, 7], [9, 24, 42, 32, 34, 29, 1, 31, 7, 12, 15, 19, 37, 39, 45, 4, 13, 35, 40, 43, 46, 18, 3, 33, 2, 0]]
[[4, 2, 6, 9, 0, 7, 5], [8, 3, 6, 14, 17, 18, 4, 10], [15, 1, 3, 4, 6, 9, 23, 7, 21, 24, 20, 2, 19, 0], [3, 9, 17, 6, 12, 0, 4, 7, 20, 19], [8, 21, 0, 5, 12, 15, 16, 3, 10, 17], [8, 19, 4, 6, 11, 14, 15, 22, 25, 28, 2, 23], [5, 8, 14, 17, 6, 15], [0, 11, 23, 34, 6, 33, 14, 19, 27, 8, 12, 17, 20, 24, 28, 31]]
[[0], [2, 10, 14, 19, 0, 5, 20, 13, 4, 9], [16, 4, 11, 20, 0, 6, 8, 13], [16, 1, 8, 10], [8, 21, 7, 20, 12, 14], [12, 0, 5, 4, 1, 6], [23, 2, 9, 14, 5, 1, 13, 17], [31, 13, 3, 21, 5, 35, 28, 18]]
[[22, 32, 12, 8, 36, 39, 6, 23, 30, 37, 29, 5, 14, 11, 35, 18, 10, 13, 33, 34, 24, 25, 16], [9, 16, 12, 18, 33, 3, 19, 26, 14, 32, 2, 25, 6, 22], [12, 9, 3, 11, 25, 18, 21, 29, 0, 5, 19, 27, 15, 4], [8, 7, 10, 0, 9, 12], [6, 29, 42, 0, 19, 21, 25, 34, 4, 17], [0, 26, 2, 17, 20, 34, 37, 15, 18, 22, 31, 35, 21, 1, 10, 27, 33, 14, 30, 9, 25, 24], [8, 20, 15, 2, 13, 24, 27, 6, 25, 5, 16, 0, 23, 18, 9, 21, 12, 7]]
[[16, 14, 7, 10, 3, 8], [13, 20, 10, 27, 6, 11], [22, 34, 41, 46, 4, 14, 2, 11], [22, 9, 16, 11, 24, 3], [6, 12, 16, 3, 5, 22, 23, 18]]
[[15, 14, 3, 10, 19, 0, 7, 11], [6, 2, 11, 0, 9, 3, 7, 8], [9, 12, 16, 0, 5, 14, 17, 11], [15, 26, 8, 22, 19, 5, 12, 20, 24, 16], [8, 0, 1, 4, 11, 10], [1, 14, 8, 3, 2, 11], [17, 11, 13, 0], [14, 11, 4, 8, 1, 2]]
[[13, 5, 11, 16, 3, 8, 17, 15, 2, 10, 20, 19, 7, 6], [32, 0, 12, 17, 22, 27, 5, 8, 23, 33, 7, 11, 20, 16, 10, 19, 26, 21], [17, 28, 6, 10, 13, 21, 4, 11, 15, 22, 0, 3], [10, 4, 15, 16, 0, 2, 5, 17, 14, 12, 21, 20, 6, 18], [7, 2, 9, 12, 0, 13, 16, 11, 15, 3], [8, 6, 3, 9, 2, 11, 1, 0], [2, 10, 3, 6, 11, 19, 5, 16]]
[[0, 11, 1, 5, 8, 2], [11, 3, 9, 16, 14, 7, 2, 6, 13, 0, 17], [15, 8, 0, 2, 17, 3, 11, 9, 13, 5], [7, 12, 14, 19, 20, 21, 10, 5, 0, 4, 18, 11], [11, 24, 2, 14, 19, 5, 21, 0], [14, 0, 11, 20, 22, 27, 17, 5, 8, 9, 7, 16], [10, 3, 15, 13, 7, 2, 6, 12, 0, 8]]
[[12, 10, 2, 1, 5, 18, 4, 16, 19, 6, 9, 13], [9, 2, 0, 3, 11], [1, 10, 17, 4, 19, 13, 23, 14, 21, 6, 5, 18], [18, 1, 6, 16, 23, 26, 9, 13, 21, 8, 20, 12, 2, 4], [13, 15, 4, 6, 17, 7, 11, 23, 16, 1], [0, 8, 13, 20, 25, 14, 27, 6, 10, 22, 28, 4, 23, 3, 15, 18]]
[[4, 10, 1, 8], [23, 1, 3, 11], [6, 13, 15, 3, 10, 11, 1, 16], [9, 28, 15, 0, 11, 24, 12, 20, 25, 2, 5, 23, 19, 4, 16, 6], [18, 3, 16, 1, 20, 15, 11, 8], [9, 7, 14, 5, 1, 11]]
[[18, 0, 3, 13, 1, 15, 12, 11, 14, 8, 16], [13, 1, 9, 7, 15, 2, 3, 6], [12, 1, 10, 7, 18, 14, 8, 15]]
[[8, 20, 13, 2, 10, 18, 0, 11], [15, 21, 7, 10, 27, 5, 8, 11, 19, 23, 4, 22], [13, 30, 2, 5, 9, 17, 25, 28, 6, 10, 18, 16], [15, 8, 3, 20, 22, 27, 0, 4, 10, 16, 28, 9], [4, 7, 12, 15, 19, 0, 2, 8, 13, 16, 20, 10, 5, 11], [12, 6, 0, 4, 7, 14, 3, 10, 9, 13], [6, 2, 10, 15, 0, 3, 8, 11], [21, 0, 18, 12, 20, 4, 15, 23, 27, 1, 5, 10], [9, 13, 15, 16, 20, 7]]
[[5, 2, 1, 6, 3], [6, 15, 4, 7, 12, 3, 11, 0, 2, 10], [12, 2, 7, 5, 8, 1, 4, 0], [4, 3, 0, 5, 6], [12, 3, 9, 21, 10, 22, 1, 19, 2, 25, 0, 18, 20, 4, 5, 8, 26], [10, 1, 4, 3, 2, 0, 5], [4, 3, 0, 7, 5], [9, 12, 17, 1, 3, 7, 24, 27, 4, 14, 18, 22, 28, 2, 21, 20], [20, 7, 12, 4, 10, 13, 9, 3, 0, 8, 5]]
[[15, 17, 2, 6, 9, 13, 18, 8, 12, 0, 11, 3], [6, 8, 16, 3, 12, 21, 25, 13], [9, 12, 0, 3, 13, 2, 6, 11, 5, 7], [9, 6, 2, 7], [11, 0, 4, 12, 3, 10, 7, 6], [6, 8, 2, 15, 18, 3], [11, 4, 7, 16, 5, 8, 13, 3, 0, 2], [19, 6, 15, 27, 2, 7, 10, 16, 20, 24, 12, 4, 0, 14, 23, 28], [0, 2], [3, 6]]
[[17, 12, 5, 20, 9, 21, 4, 8, 13, 3], [10, 5, 12, 15, 3, 13, 1, 2, 0, 11], [4, 15, 21, 22, 7, 24, 13, 25, 1, 18, 12, 19], [0, 4, 6, 1], [25, 16, 26, 13, 22, 30, 0, 5, 10, 23, 18, 2], [5, 7, 2, 12, 9, 4], [15, 1, 17, 7, 10, 20, 21, 2], [2, 6, 11, 7], [9, 3, 10, 5, 12, 14, 0, 2, 6, 4], [0, 10, 12, 7, 4, 5], [0, 10, 12, 4], [13, 4, 17, 2, 6, 19, 10, 0, 11, 21, 20, 3], [16, 15, 7, 14]]
[[7, 9, 3, 14, 17, 23, 26, 0, 11, 15, 18, 24, 6, 10], [14, 5, 2, 8, 11, 0, 3, 9, 12, 6], [15, 26, 3, 19, 0, 9, 13, 21, 24, 28, 6, 10, 29, 31, 5, 20, 4, 18, 1, 11], [12, 3, 14, 8, 5, 10, 18, 4], [13, 24, 6, 18, 0, 1, 4, 8, 22, 26, 7, 19], [16, 12, 18, 10, 23, 5, 7, 20], [4, 15, 12, 2, 9, 13, 16, 6, 0, 5]]
[[17, 1, 7, 4, 15, 19], [5, 12, 20, 1, 11, 9], [3, 29, 11, 23, 10, 0, 7, 27, 26, 4, 22, 13, 20, 12], [13, 24, 9, 16, 28, 11, 5, 26, 21, 6, 22, 1], [5, 1, 8, 13, 3, 9, 15, 17, 2, 14, 6, 10], [3, 7, 17, 21, 25, 28, 4, 11, 18, 22, 27, 10, 16, 15, 20, 23], [1, 20, 16, 10, 12, 8, 15, 7, 18, 6], [4, 19, 8, 15, 23, 12, 7, 11, 0, 16, 20, 2, 5, 13, 17, 21]]
[[2, 18, 8, 12, 20, 3, 9, 13, 21, 0, 5, 19], [15, 5, 13, 18, 9, 2, 6, 19, 8, 4, 10, 20], [15, 9, 4, 13, 1, 5, 11, 3], [18, 15, 0, 14], [15, 5, 2, 16, 33, 9, 19, 3, 10, 17, 20, 28], [0, 8, 2, 9], [8, 16, 5, 9, 17, 13, 11, 4, 15, 0]]
[[6, 14, 9, 4, 17, 3, 10, 2, 12, 13], [9, 4, 7, 2], [21, 38, 18, 35, 10, 16, 28, 2], [36, 21, 4, 28, 12, 19, 0, 7, 9, 33, 38, 5]]
[[0, 14, 17, 5, 20, 2, 6, 15], [5, 0, 13, 3, 6, 14, 18, 17, 10, 11, 19], [17, 4, 10, 22, 25, 5, 18, 1, 21, 14, 3, 7], [20, 6, 13, 17]]
[[7, 3, 9, 2, 8, 0], [8, 22, 27, 2, 17, 12, 24, 5, 13, 25, 28, 19], [26, 1, 7, 12, 19, 31, 2, 10, 17, 20, 6, 30, 9, 16], [12, 1, 16, 3, 9, 18, 4, 10, 19, 2], [10, 19, 7, 12, 14, 21, 24, 4, 8, 15, 22, 25], [8, 0, 3, 2, 11, 4], [9, 17, 5, 12, 18, 4], [11, 2, 4, 8, 15, 0, 5, 9, 16, 7]]
[[9, 3, 8, 6, 12, 19, 21, 24, 13, 22], [11, 2, 5, 17, 0, 3, 14, 13, 16], [0, 6, 13, 15, 11, 10, 5, 4, 1, 7], [5, 10, 19, 0, 13, 15, 1, 26, 18, 12, 6, 21], [16, 0, 4, 6, 9, 13, 28, 7], [3, 12, 15, 25, 0, 4, 27, 8, 13, 19, 20, 10, 22, 14]]
[[36, 7, 20, 28, 10, 14, 18, 24, 26, 32, 0, 11, 21, 33, 9, 29], [], [18, 10, 28, 0, 1, 12], [6, 17, 23, 15, 25, 0]]
[[14, 13, 9, 0, 3, 18, 20, 23, 1, 4], [9, 6, 7, 18, 10, 5, 14, 0], [20, 22, 0, 13, 19, 3, 23, 8, 16, 21], [4, 11, 1, 10, 8, 0], [6, 4, 9, 12, 19, 7, 10, 13, 16, 20], [17, 2, 5, 9, 12, 3, 10, 20], [9, 13, 6, 4, 7, 14], [22, 2, 11, 5, 8, 25, 3, 6, 9, 12]]
[[29, 7, 26, 32, 2, 8, 14, 18, 1, 17, 13, 23, 25, 22, 30, 4, 27, 33], [6, 3, 11, 4, 12, 2, 0, 7], [0, 6, 13, 17, 1, 14, 18, 5, 16, 19, 15], [13, 0, 7, 15, 22, 1, 8, 16, 23, 6, 21, 20, 14, 19, 24], [4, 1, 0, 5, 3], [3, 6, 8, 11, 0, 9, 5, 4, 12, 7], [], [4, 10, 2, 11, 1, 9, 5, 16], [], [4, 2, 6, 5, 3, 0, 7]]
[[5, 8, 2, 6, 13, 1, 12, 17], [4, 8, 5, 10, 3, 9, 0, 12], [14, 0, 3, 13, 11, 10, 12, 4, 5, 6], [1, 4, 8, 3, 2, 5], [0, 10, 21, 36, 12, 5, 7, 25, 28, 31, 44, 23, 26, 32], [11, 1, 3, 7, 2, 15], [4, 10, 3, 13]]
[[7, 11, 31, 22, 35, 0, 20, 15, 25, 37, 8, 38, 24, 2, 23, 17], [14, 11, 17, 22, 9, 12, 8, 2, 21, 7], [4, 7, 9, 12, 15, 22, 0, 10, 13, 20, 6, 8, 5, 19], [16, 9, 13, 23, 2, 4, 17, 25]]
[[18, 31, 6, 14, 20, 28, 12, 21, 24, 2], [23, 27, 31, 18, 13, 24, 4, 16, 2, 20], [26, 29, 13, 3, 15, 16, 18, 22], [8, 17, 1, 10], [14, 22, 0, 5, 12, 16], [10, 15, 18, 24, 1, 19, 12, 5, 2, 26]]
[[5, 7, 1, 6, 9, 8, 2], [20, 7, 17, 2, 12, 3, 8, 11, 18, 10, 16, 0, 13], [19, 2, 12, 21, 24, 27, 3, 9, 13, 28, 20, 1], [16, 10, 22, 0, 5, 12, 19, 24, 3, 6, 17, 25], [7, 1, 5, 9, 3, 10, 2, 0], [5, 17, 29, 25, 8, 3, 13, 27, 10, 9, 22, 21], [21, 19, 12, 14, 22, 5, 3, 8, 20, 0, 13, 23]]
[[23, 9, 12, 15, 13, 20, 4, 18, 11, 22, 0, 10], [2, 4, 6, 9, 14, 0, 10, 3, 13, 16, 12, 17], [16, 4], [12, 10, 5, 1], [6, 13, 9, 3, 4, 15, 16, 12, 11, 10, 14, 0], [13, 5, 2, 17, 0, 9, 7, 6, 15, 3], [14, 7, 11, 18, 9, 23, 2, 12, 21, 8]]
[[15, 18, 22, 4, 12, 20], [16, 4, 21, 6, 2, 3, 10, 13, 9, 5, 22, 17], [1, 0, 12, 7], [4, 3, 1], [11, 18, 13, 20, 6, 22, 15, 23, 21, 14], [11, 15, 3, 8, 6, 9], [11, 20, 3, 15, 5, 8, 18, 22, 0, 6, 9, 24, 27, 16, 26, 4, 14, 12], [32, 24, 38, 10, 31, 5, 12, 33, 0, 14, 20, 7, 15, 21], [10, 13, 3, 8, 15, 23, 20, 1, 22, 7]]
[[10, 15, 4, 2, 1, 14, 11, 16, 17, 18], [16, 12, 3, 14, 22, 0, 4, 13], [0, 5, 27, 30, 8, 11, 28, 34, 14, 33, 10, 1, 23, 18], [8, 6, 3, 1, 7, 0], [5, 11, 0, 15, 14, 2, 10, 8], [9, 3, 10, 15, 0, 4], [22, 28, 2, 13, 15, 4, 19, 30, 0, 5, 17, 35], [9, 13, 3, 10], [11, 29, 12, 2, 19, 14, 23, 26, 36, 39, 8, 15, 24, 40]]
[[31, 12, 14, 22, 25, 28, 34, 37, 7, 23, 32, 6, 11, 26, 10, 33, 27, 13, 24, 30, 36, 38, 29, 35], [5, 16, 6, 14, 0, 9, 2, 3], [21, 9, 30, 32, 29, 3, 11, 14, 24, 26, 35, 4, 22, 31, 10, 0, 2, 6, 13, 18, 33], [9, 21, 23, 37, 48, 20, 0, 6, 12, 14, 18, 25, 28, 31, 42, 10, 15, 26, 40, 44, 49, 24, 51, 22, 39, 36, 46, 35, 45, 50, 43, 16, 30, 47, 52], [33, 13, 25, 10, 20, 8, 12, 4, 15, 31, 16, 21, 27, 9, 14, 26, 19, 22, 28, 18], [21, 5, 14, 18, 8, 15, 1, 7, 12, 2, 4, 0], [31, 8, 10, 0, 21, 6, 7, 16, 3, 29, 1, 4, 24, 9]]
[[5, 7, 2, 9, 12, 1], [22, 3, 15, 17, 18, 0, 8, 25, 4, 9], [11, 4, 6, 15, 7, 1, 3, 13], [13, 31, 34, 23, 2, 16, 19, 36, 0, 3, 7, 17, 20, 24, 28, 37, 26, 6, 5, 27], [5, 21, 19, 10, 13, 23, 0, 14, 22, 8], [23, 5, 2, 8, 10, 17, 0, 3, 7, 6, 13, 16, 18, 11], [10, 15, 2, 11, 17, 3, 6, 18], [17, 24, 9, 2, 12, 22, 0, 3, 10, 5, 6, 7, 8, 21, 18, 19], [16, 30, 2, 28, 23, 9, 12, 33]]
[[15, 8, 11, 17, 20, 6, 12, 18], [7, 8, 1, 12, 17, 16, 4, 10], [2, 10, 21, 16, 18, 4, 0, 23, 19, 7], [3, 16, 18, 23], [8, 16, 2, 14, 0, 5, 11, 6, 10, 9], [12, 3, 7, 14], [14, 19, 0, 11, 17, 9, 12, 15, 20, 4]]
[[10, 6, 12, 2], [10, 31, 17, 20, 5, 23, 28, 2, 8, 19], [26, 16, 28, 15, 19, 8, 4, 13, 27, 0], [8, 18, 11, 20, 19, 1, 6, 13, 2, 26, 12, 22, 23, 21], [3, 14, 18, 19, 2, 11, 23, 0], [13, 2, 10, 9, 1, 6, 8, 5], [12, 14, 11, 19, 0, 4, 2, 13, 10, 15], [0, 12, 5, 9, 4, 3, 15, 1], [1, 4], [6, 19, 2, 16, 21, 0, 8, 15], [], [3, 6]]
[[3, 22, 10, 15, 16, 0, 8, 17, 25, 7], [11, 4, 9, 7, 13, 6], [12, 20, 28, 5, 2, 10, 13, 16], [5, 10, 14, 17, 2, 9, 0, 13, 1, 15], [3, 11, 0, 4, 2, 10, 9, 12], [0, 8, 14, 1, 4, 10, 15, 3, 9, 12], [0, 9, 10, 15, 1, 11, 16, 20, 19, 3], [9, 5, 2, 6, 0, 3], [16, 4, 10, 2], [], [0, 6]]
[[11, 24, 7, 15, 18, 21, 0, 3, 13, 16, 19, 22], [13, 5, 12, 2, 6, 10], [10, 19, 11, 17, 20, 9, 8, 16], [5, 2, 16, 9, 3, 10], [10, 3, 8, 5, 1, 7], [17, 14, 21, 3, 11, 15, 22, 2, 10, 6], [8, 2, 4, 10, 5, 11, 16, 1, 15, 9], [18, 24, 21, 28, 16, 3, 1, 4, 9, 14]]
[[2, 10, 14, 11, 15, 13, 5, 9], [6, 14, 1, 7], [21, 14, 17, 24, 3, 9, 15, 18, 25, 23], [9, 36, 33, 30, 32, 15, 25, 38, 0, 5, 13, 16, 26, 39], [23, 3, 16, 19, 31, 4, 9, 17, 20, 27, 32, 8], [19, 25, 3, 5, 2, 29, 8, 12, 22, 0, 6, 13, 16, 20, 23, 26], [23, 25, 10, 18, 2, 8, 11, 19], [0, 8, 27, 13, 19, 22, 4, 10, 14, 20], [7, 17, 0, 21, 24, 1, 5, 10, 22, 25], [24, 21, 18, 4, 20, 15, 26, 2]]
[[9, 11, 3, 0, 4, 13, 6, 7], [5, 7, 10, 16, 19, 25, 0, 8, 11, 17], [11, 3, 18, 22, 0, 8, 23, 19, 21, 5], [14, 1, 16, 7], [0, 2]]
[[2, 1, 0, 8], [12, 2, 13, 1], [33, 8, 23, 30, 5, 17, 26, 15, 19, 31, 1, 24], [2, 11, 4, 14], [17, 18, 19, 5, 14, 32, 3, 25, 30, 33, 23, 29, 7, 12, 28, 15], [7, 13, 9, 1], [37, 26, 21, 5, 14, 16, 23, 28, 34, 3, 24, 20], [14, 20, 13, 22, 3, 18, 23, 7], [5, 10, 3, 6, 2, 13, 14, 11, 12, 16], [15, 5, 9, 7, 10, 1, 6, 4], [12, 1, 9, 6, 10, 3, 2, 5, 0, 13, 14]]
[[2, 9, 5, 11, 7], [11, 7, 2, 3, 12, 5], [28, 18, 24, 8, 21, 26, 5, 12, 25, 20, 15, 11], [11, 3, 4, 1, 9, 8, 12, 5], [8, 25, 18, 3, 23, 5, 12, 15], [24, 5, 13, 8, 11, 17, 18, 6, 19, 4, 0, 14, 15, 9], [18, 27, 2, 5, 9, 15, 12, 21, 6, 1, 28, 30, 0, 26, 3, 7, 13, 22], [6, 5, 8, 11, 13, 15, 2, 9, 1, 7, 4], [21, 2, 4, 1, 9, 12, 8, 15, 3, 0, 5, 10], [3, 9, 1, 5, 12, 17, 20, 10, 21, 14], [17, 27, 33, 4, 30, 5, 32, 0, 15, 21, 22, 35, 7, 28, 36, 11, 34, 6]]
[[22, 11, 2, 5, 16, 0, 14, 20, 13, 9, 19, 12, 21, 10], [5, 11, 14, 17, 3, 19, 1, 2, 0, 9, 15, 6], [1, 11, 9, 4, 3, 6, 7, 12], [2, 16, 20, 10, 13, 18, 23, 0, 14, 8, 26, 4], [2, 17, 22, 10, 18, 12, 14, 15, 20, 8, 4, 11], [5, 14, 12, 11, 8, 0, 2, 7, 15, 16], [9, 5, 7, 1], [0, 15, 27, 7, 18, 22, 19, 1, 12, 11, 26, 2, 3, 5, 13, 20], [0, 5, 13, 1, 12, 2, 10, 3, 8]]
[[8, 11, 6, 15, 20, 22, 24, 25, 3, 16, 12, 14, 18, 13, 23], [0, 5], [3, 8, 10, 11, 2, 5, 6, 4], [11, 9, 23, 21, 4, 1, 17, 5, 10, 3, 16, 12, 7, 6], [3, 15, 11, 19, 22, 4, 8, 18, 16, 7, 14, 17, 0, 1], [3, 5, 9, 11, 0, 12, 8, 2, 6, 15], [17, 0, 8, 11, 1, 19, 21, 14, 5, 23, 18, 24, 7, 22], [24, 1, 15, 8, 11, 9, 7, 26, 3, 14, 21, 6], [3, 5, 0, 4], [6, 15, 17, 0, 4, 13, 3, 12, 10, 2], [13, 1, 14, 2], [12, 15, 5, 17, 7, 19, 20, 13]]
[[12, 20, 25, 22, 6, 16], [7, 10, 15, 21, 26, 23, 24, 0, 27, 2, 18, 20], [8, 13, 19, 26, 3, 10, 16, 21]]
[[3, 4], [12, 7, 2, 9, 0, 1], [0, 2, 5, 4]]
[[13, 18, 4, 9, 0, 5, 10, 12, 15, 21, 24, 8], [5, 19, 22, 3, 17, 20, 23, 2, 12, 0, 13, 16], [13, 17, 0, 9, 25, 1, 4, 10, 26, 12, 15, 20], [15, 6, 12, 0, 4, 3, 11, 13], [16, 2, 12, 23, 0, 3, 7, 13, 17, 24, 22, 6], [13, 20, 23, 18, 4, 9, 25, 2], [3, 6, 15, 18, 12, 8, 20, 0, 13, 16]]
[[11, 14, 8, 16, 20, 6, 5, 12, 15, 10, 0, 1], [9, 19, 1, 3, 13, 15, 11, 10, 2, 8, 0, 12, 14], [6, 10, 8, 16, 19, 0, 14, 2], [7, 11, 10, 0], [], [17, 10, 1, 8], [8, 23, 1, 10, 20, 5, 15, 3, 13, 24], [7, 13], [18, 20, 30, 1, 3, 14, 24, 27, 4, 10]]
[[15, 0, 21, 5, 8, 10, 2, 16, 22, 4, 24, 1, 20, 17], [19, 14, 15, 3, 18, 9, 10, 20, 4, 0], [10, 1, 4, 6], [11, 3, 15, 4, 0, 6, 2, 7, 16, 17], [1, 5, 14, 3, 2, 0, 15, 4, 17, 16], [13, 3, 9, 16], [10, 1, 5, 14, 13, 3, 2, 12], [15, 19, 3, 7, 2, 0, 8, 20, 4, 16, 17, 21], [9, 3, 1, 11, 6, 2]]
[[17, 7, 13, 20, 25, 0, 11, 22, 18, 10, 21, 16, 24, 15], [13, 2, 5, 0, 6, 3, 4, 14], [3, 6, 9, 12, 13, 16, 5, 4, 7, 10, 14], [35, 2, 3, 16, 29, 10, 25, 31, 11, 17, 23, 32, 42, 46, 7, 52, 15, 20, 30, 44, 0, 45, 48, 49, 40, 14, 36, 56, 41, 33, 18, 50, 53, 38], [11, 2, 13, 0, 8, 14, 3, 7, 12, 15], [18, 21, 14, 26, 19, 24, 27, 23, 7, 2, 8, 22, 4, 11], [26, 10, 14, 28, 5, 11, 16, 3]]
[[10, 12, 19, 0, 2, 3, 18, 5, 15, 20], [13, 20, 24, 10, 3, 5, 16, 6, 17, 25], [3, 21, 28, 18, 0, 6], [2, 21, 29, 18, 5, 35], [21, 3, 25, 12, 29, 32, 4, 30]]
[[9, 20, 14, 22, 6, 17, 5, 23], [0, 5], [3, 10, 2, 7, 8, 4, 11, 9], [7, 9, 14, 11, 3, 6], [11, 17, 19, 4, 8, 14, 15, 1], [11, 8, 3, 13, 4, 7, 10, 0], [11, 17, 0, 10, 13, 6, 2, 7], [10, 12, 15, 22, 16, 23, 13, 3, 19, 20, 6, 11], [2, 6, 10, 12, 13, 1, 7, 0, 3, 8], [10, 13, 16, 9, 5, 18], [10, 5, 12, 3, 16, 6, 11, 13, 0, 7], [5, 0, 13, 1, 10, 14], [14, 20, 10, 7, 11, 16, 22, 5]]
[[12, 9, 3, 7], [11, 2, 7, 15, 4, 9], [18, 29, 33, 3, 5, 12, 26, 35, 0, 14], [0, 18, 2, 11], [17, 22, 12, 25, 2, 10, 14, 20, 24, 1], [13, 6, 21, 2, 9, 15, 19, 22, 18, 1]]
[[4, 2, 9, 6, 12, 16, 20, 30, 7, 10, 13, 17, 5, 15, 1, 24], [0, 19, 1, 4, 16, 8, 15, 7], [1, 16, 30, 9, 4, 14, 25, 29, 38, 5, 23, 40, 36, 18, 11, 22], [6, 15, 2, 16, 18, 11, 1, 21], [22, 17, 7, 4, 5, 16], [23, 5, 2, 17, 25, 7, 10, 28]]
[[8, 4, 10, 14, 0, 12, 11, 6, 2, 5], [3, 5, 1, 8, 4, 6], [5, 13, 3, 1, 10, 12, 6, 14], [14, 7, 11, 2, 1, 4, 8, 15, 16], [1, 3, 6, 9, 7, 11, 2, 4], [11, 3, 14, 9, 2, 8, 0, 1], [13, 5, 9, 0, 3, 7, 14, 17, 6, 2], [9, 3, 7, 2, 6, 5, 0, 10], [21, 24, 15, 18, 26, 30, 3, 16, 28, 2, 27, 9], [18, 2, 14, 5, 12, 11], []]
[[3, 6, 13, 9, 10, 15, 14, 7], [0, 8, 5, 13], [7, 0, 3, 8, 6, 4], [], [0], [6, 9, 2, 7, 0, 10], [], [0], [15, 17, 4, 7], [11, 16, 7, 18, 5, 9, 8, 13]]
[[0, 8, 13, 16, 10, 1, 9, 5, 2, 15], [3, 9, 15, 6, 13, 12, 2, 5, 4, 7], [2, 14, 0, 7, 12, 19, 16, 18], [7, 4, 2, 5], [3, 13, 15, 9, 22, 29, 0, 10, 19, 25, 16, 2], [33, 37, 4, 20, 25, 29, 40, 44, 2, 6, 18, 21, 26, 30, 41, 45, 9, 5], [5, 18, 1, 7, 12, 21, 28, 9], [9, 14, 17, 11, 1, 3, 10, 6], [3, 6]]
[[16, 8, 19, 5, 4, 18, 9, 11, 7, 12], [17, 1, 3, 8, 10, 5, 11, 25, 2, 18, 24, 4], [8, 16, 18, 2, 5, 10, 19, 1, 13, 7, 14, 11], [2, 14, 7, 11, 17, 4, 8, 15, 18, 20], [3, 12, 6, 20, 0, 4, 7, 18, 17, 15], [5, 29, 17, 26, 31, 0, 24, 27, 9, 7, 11, 16, 30, 22], [5, 12, 27, 1, 14, 15, 21, 23, 3, 19]]
[[14, 9, 2, 7, 1, 6, 5, 3], [11, 9, 14, 1, 7, 12], [19, 22, 11, 2, 17, 0, 3, 15, 25, 13], [6, 5, 8, 2], [25, 3, 23, 18, 0, 10, 12, 8], [9, 15, 0, 6, 21, 11, 18, 1, 12, 16, 19, 7], [18, 6, 26, 2, 10, 11, 14, 22, 30, 0, 3, 12], [14, 26, 19, 8, 18, 21, 30, 34, 11, 15, 23, 27], [7, 1, 3, 9], [3, 6]]
[[7, 13, 18, 5, 15, 14], [11, 7, 4, 2, 1, 8, 6, 9], [11, 6], [5, 12], [10, 4, 11, 7], [10, 2, 4, 6, 8, 5, 1, 0], [7, 1, 9, 16], [6, 15, 18, 21], [11, 2, 7, 13, 9, 1, 8, 0], [0, 1, 17, 2, 13, 12], [5, 16, 12, 18, 7, 3], [11, 9, 17, 1]]
[[11, 6, 8, 13, 17, 2, 14, 1, 7, 9], [6, 3, 2, 11, 0, 5], [7, 5, 10, 9, 8, 1], [8, 2, 3, 9, 6, 11, 12, 13], [17, 19, 9, 15, 2, 12, 0, 5, 14, 1, 6, 20], [12, 15, 2, 0, 3, 10, 16, 21, 9, 7, 19, 22], [8, 14, 21, 3, 20, 11, 0, 6, 16, 23, 5, 22], [0, 8, 5, 12], [11, 2, 17, 15, 4, 8, 19, 21, 0, 18, 3, 9]]
[[14, 7, 4, 6, 0, 9], [10, 7, 18, 23, 2, 8, 12, 16, 1, 15], [9, 32, 2, 11, 13, 21, 26, 36, 0, 4, 14, 22, 27, 37, 3, 18, 10, 17, 12, 33], [3, 9, 0, 10, 5, 4, 6, 7], [16, 8, 26, 3, 20, 0, 5, 11, 17, 7], [17, 7, 11, 21, 9, 2, 18, 1, 4, 19], [26, 5, 17, 23, 28, 3, 7, 2, 6, 11], [17, 1, 9, 5, 14, 19, 23, 25, 26, 22, 2, 4, 10, 3], [17, 8, 14, 2, 5, 22, 4, 11, 0, 21]]
[[11, 19, 3, 2, 5, 8, 14, 17, 15, 6, 13, 4], [24, 0, 18, 2], [6, 17, 19, 11, 14, 18, 4, 21, 0, 22, 9, 25], [8, 10, 5, 0, 13, 12, 6, 16], [5, 6, 19, 16, 9, 13], [9, 3, 16, 6], [21, 24, 4, 11, 10, 0, 19, 28, 33, 29], [9, 2, 1, 4, 7, 3]]
[[22, 12, 14, 17, 6, 9, 0, 7, 15, 18, 13, 24, 11, 25], [14, 2, 4, 9, 15, 20, 21, 3, 7, 18, 5, 16, 0, 19], [27, 6, 22, 25, 0, 7, 23, 5, 15, 21], [39, 2, 15, 30, 18, 13, 5, 6, 27, 37, 7, 25, 34, 17, 4, 24, 31, 3, 33, 23, 14, 29, 0, 9], [23, 27, 31, 9, 16, 29, 0, 15, 3, 14, 20, 22, 28, 17, 30, 1], [17, 40, 2, 24, 32, 22, 5, 9, 28, 38, 26, 3, 23, 27, 35, 0, 18, 19, 33, 41, 37], [27, 16, 22, 13, 19, 7, 11, 20, 23, 5, 3, 10, 17, 0], [18, 26, 19, 3, 8, 11, 14, 28, 12, 15, 29, 10]]
[[19, 1, 15, 3, 8, 11, 27, 30, 4, 9], [23, 18, 4, 17, 35, 37, 0, 5, 11, 14, 24, 31, 38, 20, 2, 10, 16, 29, 34, 21, 30, 9], [22, 32, 13, 9, 16, 3, 6, 29, 34, 1], [1, 10, 13, 16, 7, 11, 14, 17], [20, 15, 5, 28, 3, 10, 23, 29, 2, 22, 34, 17, 26, 12, 0, 9, 16, 18], [20, 31, 1, 5, 13, 29, 3, 8, 2, 19, 24, 10], [6, 21, 14, 24, 11, 28, 12, 29, 16, 26]]
[[4, 14, 16, 2, 17, 12, 1, 10], [20, 30, 9, 6, 15, 17, 25, 2, 18, 16, 1, 7, 10, 0], [7, 1], [11, 15, 24, 3, 6, 13, 19, 4, 16, 0, 2], [8, 14, 1, 16, 17, 11, 3, 2], [7, 3, 14, 18, 15, 10, 22, 0, 4, 13], [1, 6, 9, 16, 12, 3, 14, 2], [2, 16, 10, 6, 14, 7, 3, 0], [6, 12, 15, 26, 16, 24, 27, 9, 2, 23], [6, 8, 1, 7, 2, 0], [8, 10, 0, 6, 9, 11, 12]]
[[13, 16, 11, 2, 8, 17, 15, 6, 12, 9], [11, 15, 14, 5, 0, 6], [11, 2, 0, 8, 3, 5, 12, 13], [6, 22, 0, 8, 16, 25, 11, 15, 24, 7, 21, 12, 23, 17, 26], [2, 9, 13, 23, 3, 18, 20, 0, 17, 22, 6, 8, 12, 5, 7, 11], [15, 9, 5, 12, 17, 3, 10, 0, 13, 6], [20, 8, 27, 4, 23, 0, 16, 9, 17, 21, 31, 12], [14, 20, 8, 6, 25, 11, 17, 23, 5, 13, 0, 19, 12], [0, 9, 11, 5, 14, 1, 12, 13, 2, 6]]
[[14, 17, 6, 10, 19, 11, 15, 4], [9, 7, 13, 12], [0, 21, 6, 8, 12, 16, 11, 1, 7, 5, 2, 3, 22], [25, 0, 12, 13, 21, 23, 9, 17], [9, 17, 5, 11], [5, 6, 11, 10]]
[[14, 8, 10, 19, 4, 16, 3, 9, 15, 7, 6, 18, 5], [13, 21, 3, 9, 19, 4, 10, 17, 25, 1, 5, 0, 16, 26, 2, 6], [7, 18, 1, 12, 15, 3, 13, 2, 0, 10], [0, 14, 1, 6, 10, 3, 7, 5, 2, 16, 8], [18, 23, 3, 28, 6, 8, 21, 30, 33, 0, 4, 9, 19, 31, 11, 2, 29, 16, 17, 7, 24, 25], [8, 7, 14, 5, 22, 10, 20, 3, 9, 19, 13, 0, 6, 2, 18, 4], [14, 22, 10, 0, 6, 18, 7, 13, 11, 15, 25, 3, 23, 24], [21, 29, 23, 6, 17, 26, 10, 18, 3, 9, 14, 2, 16, 5], [12, 2, 7, 1]]
[[12, 3, 8, 13, 6, 0, 15, 9, 16, 2], [7, 15, 13, 21, 24, 10], [6, 13, 9, 18, 7, 19], [12, 4, 14, 1, 8, 17, 19, 0], [12, 6, 0, 10, 14, 3], [19, 5], [9, 20, 6, 22, 0, 7, 14, 23, 2, 5, 12, 4]]
[[24, 11, 13, 4, 1, 18, 26, 7, 19, 6, 2, 12], [3, 10, 2, 17], [34, 3, 5, 8, 19, 23, 28, 0, 6, 9, 12, 24, 11, 4, 17, 16, 25, 20, 21, 27, 18], [18, 4, 6, 11, 24, 15, 26, 1, 13, 16, 5, 12, 21, 25], [0, 8, 10, 11, 5, 1, 9, 2], [7, 15, 2, 4, 8, 12, 21, 0, 5, 10, 13, 20], [16, 31, 11, 18, 13, 20, 17, 0, 25, 33, 3, 7, 14, 26, 6, 12, 35, 19], [5, 7]]
[[8, 14, 23, 17, 2, 0, 6, 11, 10, 4], [19, 21, 2, 14, 7, 10, 5, 8, 11, 1], [16, 27, 18, 3, 31, 0, 7, 12, 24, 35, 4, 8, 22, 25], [5, 2, 9, 16, 10, 13, 19, 6], [5, 7, 20, 25, 13, 15, 10, 22, 18, 23, 17, 1]]
[[5, 10, 3, 2, 8, 9, 7, 6], [15, 1, 6, 8, 4, 2, 3, 0], [17, 21, 5, 14, 26, 0, 3, 24, 12, 22, 2, 9], [3, 24, 11, 27, 0, 19], [5, 14, 0, 3, 12, 2, 9, 11, 8, 15, 7], [10, 2, 3, 12], [10, 2, 5, 16, 0, 6, 14, 4, 3, 13], [17, 27, 2, 13, 20, 8, 23, 25, 28, 22, 32, 7, 11, 0]]
[[7, 21, 5, 20, 9, 17, 10, 8, 2, 13, 22, 14, 23, 24], [20, 8, 29, 10, 13, 17, 22, 25, 3, 11, 23, 26, 2, 9], [17, 23, 0, 8, 18, 14], [2, 18, 26, 13, 25, 7, 10, 15, 21, 0], [2, 4, 7, 10, 15, 5, 9, 11], [2, 4, 10, 11], [12, 1, 11, 14, 5, 9], [6, 18, 0, 17, 20, 25], [23, 9, 5, 11, 16, 19, 27, 0], [13, 3, 14, 10, 17, 5, 4, 8], [16, 23, 25, 17, 1, 32, 4, 12, 18, 33, 29, 20, 2, 28, 9, 10, 0, 8]]
[[20, 22, 10, 11, 21, 17, 3, 7, 25, 14], [0, 10, 14, 7], [14, 0, 7, 9, 4, 10, 18, 6], [3, 18, 0, 12, 21, 26, 4, 10, 13, 16], [11, 12, 14, 8, 0, 4, 9, 16], [2, 8, 16, 6, 9, 17], [21, 2], [0, 14, 5, 17, 20, 3, 18, 21], [8, 1, 20, 16, 13, 4, 6, 3], [], [3, 6]]
[[6, 8, 19, 11, 14, 28, 4, 15, 21, 25, 7, 10, 3, 20, 24, 9], [15, 19, 2, 20, 4, 22, 0, 9, 24, 28, 3, 27, 23, 21, 29, 30], [7, 2, 21, 0, 14, 18, 23, 6, 11, 17, 24, 27], [16, 2], [0, 1], [5, 13, 19, 7, 10, 8, 21, 6, 0, 14, 22, 17], [11, 26, 31, 3, 2, 40, 5, 8, 36, 0, 6, 23, 4, 21, 42, 17, 32, 34], [17, 21, 35, 42, 10, 46, 28, 32, 39, 49, 6, 40, 50, 47, 5, 11, 0, 29]]
[[4, 17, 13, 15, 18, 10, 0, 5, 6, 11], [9, 18, 6, 16, 20, 5, 4, 3], [22, 6, 3, 15, 11, 17, 20, 24, 9, 18, 4, 8, 16, 0, 2, 14, 5, 25], [0, 8, 11, 17, 1, 13, 6, 15, 19, 20, 5, 2], [29, 35, 22, 15, 8, 11, 19, 25, 32, 9, 12, 17, 30, 24, 1, 16, 5, 4]]
[[8, 9, 19, 2, 11, 13, 16, 0], [2, 19, 16, 4, 5, 14, 21, 29, 32, 35, 0, 6, 22, 26, 30, 33, 36, 9, 20, 3], [4, 0, 1, 10], [10, 14, 18, 20, 7, 17, 25, 4], [2, 4, 6, 9, 0, 7], [7, 2, 9, 12, 14, 0], [24, 10, 7, 15, 21, 5, 8, 13, 25, 4, 12, 11, 20, 0, 16, 2], [11, 3, 1, 12, 5, 8, 27, 6, 15, 22, 28, 4]]
[[5, 0], [7, 2, 9, 3, 10, 1], [13, 20, 16, 18, 2, 10, 0, 8, 14, 5, 6, 7, 17, 3], [10, 9, 39, 14, 3, 6, 21, 27, 35, 4, 29, 17, 33, 1, 20, 15, 2, 28], [5, 10, 8, 2], [17, 15, 7, 14], [8, 12], [16, 24, 1, 20, 26, 3]]
[[3], [2], [9, 13, 2, 12, 4, 10, 0, 7], [2, 3], [38, 22, 31, 63, 71, 77, 4, 29, 41, 74, 13, 15, 35, 37, 3, 28, 40, 70, 75, 30, 1, 62, 32, 64, 73, 0, 2, 14, 34, 36, 76], [2, 16, 12, 15, 0, 5, 6]]
[[8, 0, 5, 4, 13, 11, 14, 10], [5, 9, 3, 0], [16, 0, 11, 5, 13, 20, 22, 26, 3, 6, 9, 14], [7, 11, 5, 8, 12, 16, 15, 2], [8, 0, 15, 5, 10, 3, 6, 11, 21, 25], [8, 14, 5, 9, 15, 2], [8, 15, 5, 10, 3, 6, 11, 2], [8, 4], [], [6, 13, 3, 7, 11, 14, 0, 2], [3, 11, 1, 5, 14, 8], [0, 4], [11, 1, 9, 14, 7, 15], [4, 7, 2, 8], [4, 7, 16, 2, 8, 14, 17, 6], [8, 12, 23, 6, 16, 3, 17, 1]]
[[13, 15, 9, 5, 0, 22, 11, 4, 28, 8, 20, 24], [5, 13, 2, 15, 9, 17, 22, 0, 16, 3], [1, 4, 6, 10, 21, 7], [2, 10, 1, 13], [11, 1, 4, 5, 15, 26]]
[[2, 4, 6, 7, 9, 5, 0], [11, 3, 13, 16, 19, 4, 7, 14, 17, 20], [12, 0, 8, 14, 2, 17], [21, 2, 8, 14, 0, 7, 6, 9, 4, 15, 18, 22], [18, 30, 8, 12, 24, 5, 15, 21, 27, 32, 13, 25, 11, 19], [13, 2, 18, 5, 11, 3, 1, 8, 21, 19, 22, 0], [24, 6, 3, 17, 13, 9, 0, 18, 22, 21, 2, 8], [7, 15, 0, 9, 1, 10], [2, 11, 14, 5, 3, 12], [8, 4, 12, 2, 10, 9, 16, 0]]
[[0, 2], [8, 2, 5, 12, 13, 0, 9, 4], [14, 7, 16, 4, 0, 5, 9, 8], [7, 2, 9, 15], [24, 7, 21, 8, 16, 18, 9, 14, 19, 23, 26, 22], [6, 12, 8, 0, 10, 2], [0, 4]]
[[10, 15, 3, 1], [29, 20, 16, 23, 6, 13, 27, 3, 7, 11], [12, 7, 1, 3], [11, 1, 4, 8, 14, 16], [17, 22, 2, 11, 12, 7, 3, 8, 13, 18], [21, 32, 10, 1, 12, 23, 6, 14, 18, 29, 34, 7, 15, 26]]
[[11, 23, 0, 14, 17, 4, 7, 3, 9, 12, 24, 16, 15, 21], [0, 12, 19, 26, 20, 30, 10, 29, 4, 14, 24, 2, 8, 15], [17, 10, 18, 3, 5, 8, 20, 24, 1, 11, 12, 13, 19, 21, 22, 16], [2, 25, 27, 10, 14, 31, 0, 32, 24, 3, 28, 21, 5, 20], [20, 8, 3, 12, 6, 10, 13, 17, 1, 9, 15, 7, 16, 18], [16, 14, 9, 11, 4, 5, 12, 10], [19, 4, 6, 13, 22, 25, 27, 2, 10, 14, 23, 9, 21, 0, 8, 20, 18, 11, 30], [16, 6, 11, 20, 14, 21, 18, 9, 3, 0, 4, 2, 12, 5]]
[[13, 24, 33, 0, 8, 14, 25, 30, 12, 23, 7, 29, 28, 32, 9, 10], [9, 13, 0, 3, 15, 5], [3, 11, 13, 0, 7, 14], [4, 9, 2, 6], [23, 3, 15, 0, 10, 4, 7, 25], [5, 8, 11, 13, 3, 14, 2, 6, 12, 15], [6, 14, 27, 3, 12, 15, 20, 25, 2, 11, 19, 23, 0, 24], [10, 3, 7, 0, 4, 8, 16, 21, 15, 2, 20, 12, 11, 17], [], [3, 6]]
[[4, 0, 6, 7, 5, 10], [27, 7, 10, 29, 9, 13, 19, 22, 31, 2, 5, 14], [21, 20, 4, 14, 17, 23, 0, 8], [17, 2, 0, 6, 14, 19, 4, 15], [8, 10, 12, 17, 13, 18, 1, 6], [5, 0, 9, 12, 1, 10, 8, 6], [20, 8, 18, 1, 10, 27, 22, 5], [16, 22, 25, 32, 8, 6, 10, 24, 28, 34], [0, 12, 6, 15, 20, 7, 24, 2]]
[[6, 14, 1, 8, 17, 18], [15, 2, 5, 7, 17, 3, 8, 11], [10, 2, 26, 12, 20, 24, 5, 0, 6, 14], [16, 7, 2, 14, 19, 21, 22, 0, 3, 12], [22, 3, 9, 18, 19, 4, 7, 16, 24, 2, 15, 0, 1, 23], [0, 9, 4, 14, 18, 22, 1, 5, 12, 15, 20, 23], [17, 5, 11, 14, 27, 2, 8, 12, 7, 24], [16, 4]]
[[12, 14, 19, 20, 7, 21, 16, 5, 6, 15, 13, 17, 8, 23], [10, 5, 3, 12, 2, 9], [8, 22, 2, 4, 16, 20, 1, 6, 15, 13], [5, 11, 21, 28, 7, 16, 0, 15, 25, 10, 18, 9, 14, 17, 12, 29, 26, 19], [17, 6, 13, 20, 0, 4, 12, 15, 7, 2, 16, 18], [4, 35, 1, 19, 25, 29, 16, 23, 14, 2, 22, 10, 11, 0, 13, 15], [12, 24, 10, 3, 7, 6, 23, 20, 0, 5, 15, 22, 25, 19, 21, 27], [17, 24, 4, 0, 7, 9, 11, 21, 14, 5, 3, 1, 15, 20], [24, 30, 35, 7, 14, 12, 26, 2, 9, 17, 20, 8, 0, 16], [17, 27, 35, 9, 14, 12, 4, 33, 1, 5, 23, 30]]
[[14, 6, 17, 2, 16, 7], [1, 7, 3, 9, 12, 10], [1, 19, 3, 15, 21, 11, 23, 24, 29, 4, 22, 17, 8, 0], [4, 25, 20, 27, 0, 22, 8, 18, 6, 9, 1, 23], [12, 7, 1, 10, 5, 17], [24, 16, 18, 12, 22, 27, 3, 20, 25, 28, 19, 7, 2, 9]]
[[13, 12, 5, 15, 3, 6, 10, 16, 2, 14], [20, 8, 18, 2], [32, 7, 22, 2, 6, 12, 19, 24, 28, 30], [6, 22, 2, 19, 4, 15, 25, 8], [26, 28, 18, 2, 6, 16, 11, 20], [8, 17]]
[[17, 5, 10, 19, 3, 20, 2, 18, 8, 14], [2, 10, 3, 13, 0, 7, 12, 17], [23, 14, 8, 11, 21, 5, 4, 16, 0, 15, 18, 13], [31, 2, 10, 25, 6, 7, 14, 18, 19, 35], [16, 7, 10, 23, 24, 21, 4, 17], [7, 1, 3, 10, 2, 6], [29, 31, 18, 8, 12, 27, 35, 9, 24, 32, 36, 4, 20, 16, 0, 6], [], [22, 34, 2, 16, 5, 18, 7, 29, 8, 6, 20, 23, 12, 27], [5, 8, 1, 2]]
[[12, 1, 16, 3, 22, 23, 17, 5, 20, 14, 0, 13, 11, 21, 24], [5, 7, 2, 0, 8, 6, 16, 1, 13, 3, 15], [27, 12, 21, 24, 30, 6, 13, 22, 18, 4, 11, 17, 33, 5, 7, 10, 16, 32, 28, 34, 26, 8, 19, 25], [16, 13, 18, 8, 22, 2, 6, 4, 19, 15, 0, 17, 23, 21], [9, 18, 12, 24, 4, 27, 13, 2, 21, 22, 26, 15, 1, 23, 28, 16], [22, 1, 9, 13, 16, 2, 23, 4, 10, 8, 5, 15]]
[[17, 5, 22, 27, 14, 4, 21, 13, 18, 3, 19, 26, 16, 20, 8, 6, 23], [8, 14, 0, 17, 1, 4, 18, 15, 6, 13], [8, 15, 19, 13, 10, 2, 1, 12], [9, 12, 7, 2, 15, 20, 32, 0, 13, 18, 27, 11, 8, 10], [9, 8, 0, 25, 4, 22, 6, 15, 20, 10], [8, 29, 1, 17, 19, 22, 24, 18, 2, 6, 7, 13, 0, 16], [4, 21, 0, 13, 18, 14, 3, 9, 27, 17, 20, 12], [4, 7, 9, 2, 0, 11, 10, 5], [9, 8, 0, 6, 16, 17, 10, 15, 12, 13]]
[[3, 10, 12, 0, 5, 4], [10, 15, 5, 19, 20, 16, 22, 3, 8, 11, 17, 7, 2, 21], [15, 16, 1, 18, 3, 6, 4, 12], [11, 13, 15, 2, 16, 22, 21, 10, 20, 7, 12, 5, 19, 8, 17, 23], [17, 36, 1, 26, 28, 37, 6, 11, 14, 22, 31, 42, 3, 7, 12, 18, 23, 40], [28, 18, 4, 7, 11, 33, 19, 30, 34, 2, 21, 37, 17, 22, 29, 16, 20, 23], [11, 5, 16, 21, 14, 2, 13, 10, 3, 19, 9, 4], [10, 23, 14, 17, 20, 25, 18, 1, 3, 9, 0, 6, 11, 5], [1, 5]]
[[3, 4], [4, 2, 9, 13, 16, 10, 17, 5, 12, 1, 6, 0], [18, 6, 8, 2, 12, 21, 24, 0, 4, 13, 19, 25, 7, 3, 9, 22], [16, 0, 11, 1, 4, 7, 6, 8], [11, 1, 6, 17, 19, 4, 20, 24], [25, 20, 7, 26], [4, 2], [6, 1]]
[[0, 6, 8, 29, 4, 9, 13, 25, 30, 12, 24, 16, 20, 21, 1, 26], [4, 6, 15, 0], [15, 18, 0, 12, 1, 6, 13, 19, 24, 17, 23, 3], [2, 10, 13, 3, 7, 14, 18, 9], [2, 9, 11, 0, 7, 15], [38, 8, 14, 22, 32, 4, 24, 26, 0, 41, 1, 20, 28, 36, 5, 27], [0, 26, 31, 1, 11, 13, 5, 20, 50, 52, 3, 9, 15, 21, 24, 28, 32, 35, 39, 48, 53, 8], [14, 20, 36, 4, 7, 8, 15, 23, 24, 28], [10, 26, 31, 40, 7, 14, 6, 16, 19, 28, 36, 2, 17, 23, 29, 34, 37, 41, 22, 15, 0, 9, 11, 12, 24, 42]]
[[11, 31, 21, 18, 20, 13, 26, 34], [14, 18, 2, 6, 12, 21, 24, 3, 22, 25, 20, 1], [14, 2, 18, 15, 26, 29, 10, 5], [11, 20, 14, 36, 6, 17, 30, 28, 33, 27], [7, 31, 10, 29, 15, 25, 13, 19, 11, 17, 35, 34, 21, 5], [14, 4, 16, 10, 5, 2, 8, 11], [5, 8, 20, 13, 15, 6, 16, 1, 12, 19], [14, 27, 34, 44, 24, 21, 23, 55, 0, 16, 29, 58, 17, 30]]
[[25, 15, 4, 7, 12, 17, 20, 0, 18, 21, 26, 28], [18, 6, 11, 8, 13, 3, 15, 21], [3, 6, 14, 0, 9, 19], [6, 1], [9, 0, 5, 12, 11, 10, 1, 2], [21, 4, 0, 10, 18, 6, 11, 12, 22, 1, 7, 8], [12, 5, 1, 9, 8, 2], [13, 12, 4, 7, 2, 14], [16, 19, 25, 8, 9, 22, 23, 30, 11, 13, 32, 35, 20, 26, 33, 36, 2, 31]]
[[3, 12, 17, 14, 7, 20, 13, 19, 18, 9, 15], [7, 29, 39, 27, 31, 40, 0, 12, 15, 21, 25, 34, 44, 5, 13, 16, 23, 32], [6, 16, 10, 2, 12, 21, 24, 0, 22, 11, 17, 18, 23, 13, 20], [12, 24, 5, 19, 27, 29, 0, 3, 6, 14, 25, 18, 2, 17, 9, 13, 10, 20], [14, 4, 6, 10, 12, 21, 24, 8, 22, 2, 18, 7, 17, 25, 26, 0, 19], [7, 10, 16, 18, 8, 11], [2, 18, 6, 12, 22, 23, 26, 0, 13, 16, 24, 9]]
[[7, 2, 8, 1, 5, 4], [10, 19, 7, 13, 25, 8, 16, 21, 23, 26, 20, 3, 5, 0], [5, 3], [], [2, 3], [2, 7, 10, 3, 8, 5], [5, 7, 0, 10], [5, 6], [0, 2, 9, 3, 6, 10], [10, 16, 4, 13], [10, 4, 5, 1, 11, 8], [0, 7, 4, 10], [1, 7, 2, 5, 4, 11, 0, 12], [5, 0], [7, 10, 2, 8, 5, 11]]
[[1, 4, 7, 5, 2, 3], [10, 13, 7, 11, 14, 17, 16, 1], [12, 17, 20, 1, 5, 9, 3, 7, 10, 18, 25, 22], [1, 9, 11, 4, 12, 7, 10, 5], [11, 18, 26, 25, 4, 21, 2, 6, 13, 19], [1, 10, 18, 7, 19, 6, 13, 17, 14, 4, 8, 20], [5, 7, 9, 12, 2, 10, 13, 8, 4], [1, 5, 8, 11, 14, 12, 15, 10], [11, 14, 7, 3, 8, 16, 15, 5], [14, 0, 7, 12, 23, 16, 10, 22], [23, 15, 26, 7, 21, 17], [19, 4, 0, 9, 21, 6, 14, 5]]
[[7, 11, 18, 14, 21, 29, 31, 4, 27, 3, 5, 8, 20, 22, 30, 6, 12], [17, 20, 11, 25, 0, 22, 1, 14, 7, 13, 26, 4], [12, 6, 0, 4, 7, 10, 3, 13], [4, 15, 6, 11, 2, 19, 21, 23, 0, 24, 7, 14, 8, 10]]
[[8, 2, 5, 14, 11, 1, 9, 10], [2, 20, 10, 15, 0, 7, 16, 6], [6, 14, 8, 16, 3, 11, 17, 1], [10, 4, 0, 12, 6, 3, 7, 1], [0, 6, 8, 14, 18, 2, 10, 15], [3, 7, 16, 5, 8, 13, 4, 12, 0, 2, 11, 14], [7, 18, 12, 16, 1, 10, 19, 0, 3, 8, 9, 13], [24, 7, 4, 6, 11, 16, 29, 0, 17, 20, 3, 8, 2, 25, 12, 21, 26, 9], [0, 10, 1, 13, 11, 5]]
[[20, 10, 15, 25, 28, 17, 22, 26, 3, 11], [16, 3, 18, 20, 17, 13, 1, 6, 9, 14, 4, 8, 12, 25], [15, 5, 2, 7, 10, 0, 3, 8, 6], [10, 4, 14, 12, 1, 6], [2, 17, 7, 4, 11, 0, 5, 9, 12, 20], [10, 5, 2, 8, 0, 3, 6, 11], [2, 5, 14, 25, 19, 26, 24, 12, 3, 17, 18, 23, 6, 16, 13, 15], [6, 15, 18, 0, 3, 7, 13, 16, 19, 2, 12, 11], [12, 3, 16, 9, 20, 0, 7, 13, 4, 6]]
[[16, 8, 10, 14, 3, 2, 9, 17, 7, 11, 12], [13, 3, 14, 9, 20, 0, 10, 2, 7, 6, 15, 16, 12, 21], [10, 14, 5, 4, 7, 19, 6, 0, 8, 16, 11, 15, 17, 20], [18, 21, 33, 5, 10, 24, 25, 6, 26, 31, 34, 14, 29, 4, 30, 0], [14, 23, 9, 12, 20, 3, 10, 2, 7, 21, 0, 18]]
[[11, 21, 13, 0, 4, 14, 18, 17, 3, 7, 8, 6, 22, 23, 9], [39, 5, 19, 8, 21, 27, 30, 32, 2, 9, 20, 1, 7, 38, 0, 6, 37, 18], [6, 1, 13, 4, 11, 10], [6, 8, 12, 0, 7, 17], [12, 19, 2, 5, 8, 14, 21, 0, 6, 17], [1, 9, 3, 10, 14, 2, 13, 0, 15], [19, 11, 1, 5, 9, 0, 21, 8, 17, 14, 23, 24, 20, 12], [4, 9, 1, 10, 6, 0, 5, 7, 11], [17, 13, 19, 11, 0, 7, 18, 5], [11, 9, 20, 13, 24, 6, 14, 22], [17, 20, 12, 10, 25, 15, 26, 5, 0, 13, 9, 14, 21, 1, 6, 22], [15, 9, 1, 5, 17, 14, 0, 13, 3, 8, 16, 26, 6], [1, 4], [9, 1, 6, 4, 2, 3, 0, 10], [3, 10, 1, 0], [12, 19, 2, 7, 13, 16, 10, 11]]
[[10, 7, 13, 15, 12, 1, 6, 4, 11, 8, 17, 2], [2, 12, 19, 8, 15, 20, 5, 1, 14, 3, 13, 22], [13, 17, 24, 6, 0, 21, 33, 1, 15, 22, 29, 25, 27, 8, 28, 31, 7, 32], [0, 2, 12, 15, 19, 20, 17, 10, 9, 18, 3, 13, 4], [34, 11, 24, 7, 14, 20, 30, 5, 15, 28], [23, 27, 37, 35, 7, 14, 19, 5, 12, 30, 4, 36, 0, 3, 28, 32, 11, 20], [1, 5, 2, 6, 14, 4, 12, 13, 0, 11]]
[[5, 10, 18, 2, 4, 16, 0, 13, 22, 6, 19, 12], [11, 13, 19, 24, 16, 21, 2, 9, 4, 7, 20, 27, 0, 26], [23, 5, 7, 3, 33, 36, 0, 9, 12, 19, 41, 13, 20, 24, 31, 42, 6, 34], [17, 22, 0, 4, 13, 24, 1, 5], [13, 20, 7, 10, 14, 16, 22, 8], [6, 13, 11, 0, 8, 27, 1, 24, 17, 14, 7, 26, 12, 22]]
[[1, 12, 22, 31, 4, 14, 23, 16, 19, 29, 6, 8, 26, 15], [1, 12, 9, 14, 13, 3, 2, 5, 15, 6], [12, 22, 33, 36, 6, 14, 28, 8, 25, 3, 1, 32, 7, 29, 2, 17], [7, 10, 1, 12, 19, 17], [5, 8, 10, 3, 2, 11, 9, 7, 12], [7, 9, 1, 4], [8, 17, 2, 19, 11, 13, 22, 6, 23, 5], [4, 14, 11, 0, 15, 5, 7, 17], [9, 12, 19, 28, 14, 20, 4, 16, 26, 0]]
[[28, 11, 20, 23, 32, 5, 9, 21], [8, 14, 33, 5, 10, 20, 23, 27, 37, 2, 11, 24], [0, 6, 11, 23, 28, 2, 14, 17], [27, 2, 18, 11, 21, 13], [12, 1, 5, 7, 15, 18, 3, 8], [4, 8, 11, 15, 18, 0, 9, 16], [], [3, 6]]
[[13, 16, 23, 5, 8, 10, 28, 3, 20, 29, 2, 27, 24, 18, 26, 17, 22, 25, 19, 7], [3, 14, 10, 2, 6, 21, 15, 7, 8, 20], [9, 16, 11, 21, 2, 20, 17, 3, 4, 5, 19, 8], [10, 3, 19, 14, 0, 2, 6, 23, 20, 22], [6, 20, 13, 16, 27, 24, 3, 14, 2, 25, 12, 23, 29, 4, 21, 28, 15, 26], [29, 13, 4, 15, 9, 17, 20, 10, 21, 16, 6, 26, 0, 7, 24, 27], [25, 4, 13, 17, 2, 14, 18, 5, 21, 0, 7, 19, 8, 11, 22, 9]]
[[4, 8, 15, 24, 11, 19, 26, 7, 17, 1], [19, 11, 1, 13, 20, 16, 22, 4, 8, 14], [7, 27, 0, 4, 16, 21, 5, 17, 22, 2, 12, 15], [7, 1]]
[[4, 6, 12, 3], [12, 2, 14, 5, 7, 0], [0, 10], [16, 14, 9, 10], [20, 13, 23, 9, 21, 7, 3, 15], [20, 12, 4, 16, 8, 13], [11, 20, 6, 14, 2, 18, 0, 3], [13, 6, 15, 0, 18, 3], [18, 28, 17, 14, 23, 25, 11, 19], [0, 14, 7, 16, 12, 10], [], [17, 1, 19, 10], [20, 3, 5, 16, 24, 27, 29, 13, 4, 0, 10, 6]]
[[3, 8, 5, 6, 1, 4, 9], [16, 4, 1, 9, 10, 18, 2, 21, 17, 0], [0, 12, 4, 7, 1, 8, 2], [2, 7, 0, 8, 12, 4, 11, 10], [0, 19, 10, 17], [21, 26, 3, 9, 10, 1, 18, 23, 12, 4, 2, 6], [0, 9, 11, 19, 21, 7]]
[[11, 6, 0, 4, 14, 13, 3, 12, 10], [18, 15, 0, 3, 8, 13, 16, 20, 2, 12], [2, 6, 0, 3, 7, 11, 5, 10], [11, 14, 17, 5, 19, 2, 8, 0, 3, 15], [10, 6, 0, 3, 7, 11, 14, 2, 13, 4], [14, 21, 0, 4, 7, 16, 18, 1, 5, 8, 19, 3], [2, 16, 8, 4, 18, 21, 0, 5, 9, 12, 19, 22], [3, 6, 0, 7], [5, 21, 16, 2, 12, 6], [2, 11, 19, 7, 13, 17, 20, 25], [13, 2, 10, 21, 4, 16, 23, 0]]
[[0], [17, 4, 14, 23, 0, 8, 12, 3, 11, 20, 19, 21, 1, 5, 15], [23, 0, 5, 8, 25, 3, 18, 21, 17, 7, 12, 10], [19, 2, 5, 12, 15, 25, 9, 4, 21, 7, 20, 11], [4, 17, 7, 12, 24, 5, 19, 0, 2, 18, 21, 16], [16, 6], [6, 8, 2, 14, 19, 0, 3, 12], [15, 20, 5, 9, 24, 7, 10, 23], [1, 15, 4, 11, 19, 9, 12, 17, 6, 5]]
[[27, 11, 5, 22, 2, 14, 18, 3], [19, 0, 4, 6, 9, 2, 7, 10, 13, 16], [17, 2, 11, 23, 0, 3, 9, 12, 21, 6, 18, 8], [23, 15, 2, 10, 19, 0, 8, 11, 17, 25]]
[[10, 24, 9, 21, 3, 6, 14, 29, 39, 43, 0, 4, 12, 15, 19, 25, 40, 2, 22, 27, 11, 36], [18, 2, 5, 9, 13, 3, 7, 10], [8, 17, 24, 0, 14, 22, 25, 16, 13, 3, 21, 30, 12, 18, 31, 26], [18, 0, 19, 3, 40, 8, 14, 22, 28, 34, 45, 48, 1, 6, 9, 20, 23, 29, 38, 46, 5, 25, 43, 12], [16, 6, 0, 12, 21, 27, 37, 40, 1, 4, 22, 19, 7, 25, 34, 10, 18, 24], [2, 5, 9, 13, 3, 7, 10, 12, 1, 6], [33, 12, 2, 0, 1, 6, 9, 16, 18, 30, 35, 3, 7, 22, 31, 36, 39, 5, 13, 24], [11, 28, 17, 2, 19, 8, 0, 4, 9, 13, 21, 25, 20, 3, 7, 24], [6, 21, 11, 16, 28, 31, 33, 3, 7, 12, 14, 17, 10, 1, 22, 2, 19, 24, 25, 0]]
[[10, 45, 0, 5, 27, 37, 43, 49, 6, 12, 21, 34], [9, 1, 11, 18, 7, 12], [15, 1, 4, 7, 0, 6], [0, 2], [7, 19, 15, 21], [9, 1, 12, 3, 6, 10], [13, 15, 5, 17, 11, 20, 22, 0, 18, 6], [4, 11, 13, 8, 5, 12], [8, 1, 3, 2, 0], [2, 0], [9, 13, 1, 5], [], [3, 6]]
[[18, 31, 11, 6, 14, 20, 23, 27, 35, 43, 1, 12, 28, 36, 42, 4, 10, 7], [12, 19, 18, 4, 14, 0, 5, 16, 2, 20], [6, 9, 2, 7, 10, 1, 0, 5], [8, 17, 30, 11, 35, 3, 13, 37, 0, 14, 18, 27, 32, 38, 12, 22], [19, 9, 10, 15, 16, 23, 5, 13, 17, 21], [23, 28, 30, 31, 3, 21, 26, 7, 12, 17, 18, 14, 32, 1], [16, 2, 25, 6, 12, 20, 0, 7, 23, 10, 11, 17, 5, 13], [7, 2], [0, 16, 10, 8, 17, 20]]
[[1, 4, 7, 10, 6, 8], [12, 5, 7, 8], [19, 1, 2, 8], [9, 11, 5, 17], [13, 8], [0, 16], [8, 21, 33, 5]]
[[4, 12, 14, 19, 17, 20, 24, 9, 0, 5, 13, 23], [13, 5, 10, 3, 2, 9, 11, 8, 17, 6], [1, 8, 24, 6, 12, 9, 2, 26, 21, 22], [10, 22, 2, 7, 12, 18, 24, 0, 3, 25, 8, 15, 14, 11, 13, 19], [2, 5, 12, 17, 23, 6]]
[[3, 6, 14, 4, 7, 11, 10, 1], [15, 1, 4, 7, 10, 18, 24, 5, 16, 25, 2, 27, 0, 21, 6, 22], [5, 2, 10, 13, 16, 19, 21, 0, 3, 7], [23, 14, 16, 4, 13, 7, 10, 21, 5, 8], [28, 0, 4, 7, 10, 21, 25, 5, 8, 16, 22, 2, 15, 20]]
[[23, 16, 3, 20, 4, 9, 21, 25, 8, 13], [14, 0, 8, 1, 15, 6], [2, 6, 13, 19, 15, 23, 28, 7], [10, 23, 25, 29, 27, 0, 8, 16, 18, 5, 19, 31, 34, 4, 13, 28]]
[[12, 15, 0, 7, 13, 6, 11, 10, 9, 14, 8], [10, 2, 7, 14, 16, 17, 0, 3, 8, 18, 11, 12], [17, 8, 7, 0, 10, 21, 1, 11, 15, 9, 14, 26, 18, 12, 19, 27], [18, 5, 8, 13, 0, 9], [9, 19, 28, 37, 14, 6, 23, 30, 34, 0, 4, 21], [17, 8], [10, 22, 2, 7, 14, 28, 0, 8, 26, 29, 5, 3]]
[[16, 27, 4, 19, 34, 9, 21, 35, 12, 8, 28, 20, 38, 31, 37, 17, 32, 5, 10, 24, 29, 18], [11, 13, 4, 21, 20, 7, 15, 19, 3, 17, 12, 16, 8], [22, 17, 32, 21, 28, 6, 8, 15, 26, 29, 1, 3, 20, 19, 23, 30], [7, 1, 8, 4, 11, 14, 16, 5], [33, 37, 0, 2, 11, 19, 25, 30, 39, 48, 21, 44, 49, 13, 43, 8, 24, 47, 12, 20, 23, 46, 28, 38, 14, 40, 10, 29], [33, 1, 24, 5, 10, 26, 30, 36, 21, 31, 34, 37, 12, 7, 11, 27, 18, 0, 6, 19]]
[[12, 28, 7, 15, 9, 17, 13, 21, 1, 0, 4, 8, 14, 16], [21, 32, 36, 16, 13, 23, 7, 29], [8, 18], [7, 0, 8, 12, 21, 15, 26, 27, 6, 5], [11, 1, 7, 5]]
[[4, 10, 16, 2, 11, 17, 1, 7, 15, 8, 6, 14], [0, 8, 10, 5, 14, 15], [0, 11, 7, 9, 12, 1], [18, 44, 21, 1, 12, 16, 30, 23, 31, 15, 22, 3, 26, 7, 29, 0, 25, 2, 11], [16, 7, 8, 18, 20, 3, 17, 4, 9, 13, 11, 5], [12, 18, 6, 15, 20, 22, 5, 19, 3, 14, 16, 2], [22, 6, 12, 8, 13, 2, 7, 3, 10, 16, 18, 5], [10, 19, 22, 8, 26, 29, 3, 16, 24, 23, 6, 14, 4, 5], [2, 7, 30, 9, 16, 18, 11, 19, 5, 0, 10, 13, 3, 8, 17, 1], [10, 1, 14, 12, 6, 11, 9, 2], [10, 16, 4, 13, 5, 14, 18, 20, 17, 0, 11], [5, 18, 14, 21, 10, 8, 11, 19], [11, 21, 17, 8, 9, 19, 22, 3, 18, 0]]
[[15, 5, 4, 2, 16, 12, 11, 3, 13], [16, 6, 8, 10, 4, 15, 2, 0, 3, 14], [8, 6, 0, 2], [12, 21, 6, 9, 0, 7, 10, 23, 17, 4, 22, 3], [0, 4, 7, 16, 3, 21, 12, 17, 6, 15, 11, 19], [13, 15, 17, 0, 3, 7, 10, 18], [20, 15, 8, 28, 2, 6, 23, 5, 16, 0, 12, 11, 26, 29, 21, 22, 17, 13], [0, 2]]
[[20, 2, 7, 8, 11, 9, 15, 4, 14, 0, 5], [7, 23, 17, 24, 0, 12, 26, 9, 27, 4], [1, 16, 3, 6, 11, 4, 2, 19], [11, 18, 20, 2, 15, 22, 23, 26, 3, 24, 21, 7]]
[[14, 24, 31, 4, 19, 1, 16, 8, 22, 28, 2, 11, 21, 0, 10, 20, 25, 29, 3], [12, 1, 14, 5, 17, 9], [2, 15, 17, 8, 11, 12], [3, 14, 24, 16, 18, 28, 0, 6, 22, 4, 9, 29, 17, 31], [12, 5, 7, 17, 2, 14], [4, 15, 2, 5, 0, 9, 11, 24, 16, 25, 6, 14, 17, 18], [32, 13, 27, 30, 18, 31, 3, 15, 38, 41, 42, 37, 21, 4, 10, 24, 0, 20]]
[[10, 3, 18, 15, 21, 24, 26, 13, 27, 4, 19, 7, 11, 6, 17, 12, 22, 8], [2, 11, 17, 13, 8, 0, 18, 6], [31, 15, 27, 10, 18, 1, 17, 21, 29, 2, 11, 20, 28, 9, 19, 8], [11, 24, 1, 13, 22, 3, 19, 15], [7, 10, 12, 0, 6, 11, 5], [12, 25, 26, 1, 14, 8, 17, 28, 34, 36, 6, 16, 5, 3], [17, 19, 4, 12, 2, 8, 0, 10], [10, 22, 12, 18, 24, 25, 23, 5, 9, 15]]
[[0, 9, 2, 4, 10, 1, 13, 3, 17, 5], [9, 7, 19, 2, 16, 11], [8, 1, 4, 12, 5, 13], [14, 6, 0, 12], [4, 0, 12, 16], [6, 4, 2, 11], [4, 3, 6, 10, 17, 0, 7, 11, 18, 16], [15, 12, 0, 1, 18, 6, 17, 13, 10, 11, 16, 7], [1, 9, 12, 10, 13, 17, 20, 0, 19, 4, 22, 2], [4, 1, 6, 17, 7, 13, 21, 2, 16, 11, 12, 22]]
[[1, 21, 29, 13, 14, 4, 10, 19, 24, 32, 5, 16, 8, 12], [4, 0, 6, 2], [6, 11, 8, 3, 2, 16, 17, 9], [2, 12, 7, 14, 4, 13], [5, 16, 0, 11, 18, 1, 19, 7], [13, 17, 10, 9, 19, 1, 4, 20, 3, 14, 5, 11], [2, 1, 3, 0], [1, 5, 0, 16, 8, 11, 19, 9], [9, 7, 11, 4, 15, 0, 5, 12], [14, 21, 25, 1, 2, 4, 18, 22], [7, 0, 5, 9, 3, 18, 20, 2, 23, 25, 17, 1]]
[[15, 21, 17, 23, 24, 6, 5, 10, 11, 12, 18, 9], [9, 25, 2, 12, 5, 1, 21, 18, 6, 23, 24, 0], [16, 6, 11, 14, 2, 9, 1, 0, 3, 12], [13, 0, 1, 9], [10, 19, 0, 16, 3, 15, 14, 18, 1, 17], [7, 11, 5, 0], [15, 5]]
[[2, 1, 9, 5], [12, 2, 5, 9], [3, 23, 16, 0, 6, 21, 28, 7], [17, 2, 3, 21, 27, 22, 28, 14], [14, 22, 11, 18, 15, 16, 9, 20, 7, 3], [0, 14, 20, 7, 1, 9, 18, 25, 10, 6, 8, 23, 15, 16]]
[[7, 18, 1, 5, 8, 11, 16, 10, 15, 0, 14, 17], [4, 0, 12, 21, 1, 7, 10, 13, 22, 6], [29, 2, 13, 20, 22, 0, 3, 7, 23, 12, 26, 6, 11, 19, 5, 18], [12, 19, 9, 14, 21, 3, 7, 10, 15, 22, 13, 20], [5, 24, 6, 17, 9, 0, 10, 22], [4, 18, 6, 9, 0, 7], [], [3, 6]]
[[11, 1, 2, 4, 8, 3], [4, 1, 6, 7, 11, 10, 2, 13, 14, 15], [19, 3, 1, 8, 11, 16, 12, 17, 4, 2, 6, 9], [9, 17, 3, 7, 21, 23, 4, 10, 19, 27, 6, 13, 26, 18], [3, 1, 16, 9, 7, 10, 6, 4]]
[[15, 3, 22, 1, 4, 10, 16, 0, 18, 7, 8, 14, 20, 11], [8, 13, 2, 18, 4, 9, 15, 22, 5, 20, 1, 10], [3, 12, 7, 17, 20, 24, 1, 8, 18, 22], [6, 20, 11, 16, 0, 1, 4, 9, 23, 27, 29, 34, 2, 7], [4, 15, 21, 11, 0, 13, 6, 9], [14, 26, 0, 28, 1, 12, 11, 21]]
[[9, 12, 15, 23, 25, 26, 20, 22, 0, 19, 18, 21, 24, 10], [6, 20, 14, 9, 0, 4, 7, 10, 18, 2, 15, 3, 17, 13], [10, 14, 21, 1, 16, 25, 5, 19], [18, 34, 9, 20, 2, 6, 11, 14, 23, 28, 31, 0], [14, 20, 17, 10, 0, 5, 18, 2, 7, 22, 23, 4, 16, 11], [18, 31, 34, 37, 25, 7, 11, 20, 42, 2, 5, 8, 12, 16, 21, 29, 40, 3, 14, 26, 0, 15], [9, 1, 3, 6, 12, 13]]
[[4, 25, 35, 15, 27, 12, 22, 31, 32, 21], [9, 22, 6, 14, 19, 1, 4, 0, 11, 12, 7, 15], [30, 18, 6, 10, 12, 14, 27, 7]]
[[5, 21, 25, 2, 6, 22, 27, 18], [16, 3, 9, 5, 0, 20, 22, 10], [10, 6, 0, 7, 14, 2], [12, 16, 15, 19, 4, 7, 5, 9, 3, 6], [20, 33, 3, 10, 32, 0, 15, 35, 30, 25], [2, 1, 0], [13, 6, 18, 0, 10, 15, 4, 14, 9, 19], [8, 11, 16, 7, 4, 10], [20, 30, 3, 31, 0, 15, 24, 34, 41, 5, 8, 11, 23, 10, 22, 28], [3, 0, 6, 13], [21, 11, 22, 15], [12, 3, 14, 0, 17, 10], [0, 1, 5, 17, 7, 10], [], [10, 3, 8, 6]]
[[7, 9, 12, 3, 10, 2, 8, 6, 5], [19, 14, 5, 7, 9, 2, 10, 1, 15, 17], [7, 10, 1, 12, 2, 13], [11, 24, 4, 0, 15, 20, 22, 16, 13, 5, 19, 9, 21, 3], [8, 13, 20, 1, 15, 22, 3, 25, 2, 16], [18, 30, 8, 2, 10, 23, 0, 12, 28, 27, 21, 11, 3, 16], [6, 1, 4, 11]]
[[0, 10, 12, 8, 6, 1, 11, 2, 5, 3], [3, 4, 2, 8, 9, 10], [4, 10, 13, 6, 17, 16, 1, 3, 5, 8, 11], [26, 7, 8, 6, 14, 15, 3, 10, 19, 24, 0, 4], [33, 3, 32, 7, 12, 16, 20, 25, 0, 4, 8, 13, 18, 21, 26, 2, 10, 24, 34, 28], [18, 21, 6, 23, 25, 5, 0, 15, 28, 3], [10, 11, 19, 8, 14, 23, 24, 4, 20, 0, 5, 15, 13, 22, 2, 21, 7], [25, 31, 33, 17, 10, 19, 14, 6, 12, 22, 29, 21, 5, 32, 11, 0, 20, 26, 28, 9, 18, 27]]
[[4, 16, 18, 9, 22, 24], [36, 33, 11, 0, 8, 13, 18, 21, 27, 3, 9, 19, 22, 25, 28, 31], [5, 26, 4, 6, 7, 8, 11, 16, 23, 12, 17, 21], [8, 0, 15, 12, 17, 20, 11, 5]]
[[13, 23, 19, 2, 20, 6, 1, 11, 10, 16, 21, 12, 14, 17, 24], [24, 2, 3, 5, 11, 7, 26, 16, 18, 22], [19, 9, 11, 14, 21, 24, 27, 6, 12, 25, 8, 4, 2, 0, 3, 23, 10], [2, 4, 9, 13, 10, 1, 6, 15], [0, 18, 6, 11, 1, 8, 4, 2, 15, 10], [2, 11, 0, 12, 4, 10, 9, 5], [36, 14, 4, 16, 21, 2, 17, 31, 10, 19, 35, 41, 0, 33, 37, 12, 15, 32, 34, 40]]
[[5, 8, 10, 16, 17, 11], [9, 11, 5, 15, 3, 12, 2, 10, 8, 6, 13, 16], [11, 14, 18, 16, 9, 2, 6, 23], [22, 10, 0, 8, 2, 15, 18, 27, 13, 19, 23, 3], [12, 20, 7, 6, 13, 0, 9, 1, 4, 10], [26, 7, 16, 17, 27, 6, 0, 11, 33, 4], [14, 21, 8, 5, 11, 23], [17, 0, 2, 5, 14, 18, 22, 3, 21, 10, 25, 13]]
[[4, 12, 19, 15, 6, 9, 17, 7, 13, 2], [5, 12, 7, 13, 2, 17, 0, 9, 3, 10], [4, 13, 6, 1], [20, 30, 34, 8, 25, 28, 0, 4, 16, 22, 36, 5, 13, 17], [8, 12, 15, 26, 17, 19, 2, 10, 6, 0, 4, 13, 18, 16]]
[[15, 28, 21, 23, 3, 17, 6, 26, 24, 7, 13, 16, 9, 0], [25, 15, 5, 17, 22, 0, 3, 7], [18, 7, 13, 9, 6, 0, 15, 16, 10, 8, 14, 12, 3, 19], [3, 17, 0, 10, 21, 24, 8, 19, 22, 6], [14, 5, 20, 0, 12, 24, 27, 1, 10, 22, 25, 8, 7, 21], [14, 22, 7, 25, 27, 29, 30, 20, 11, 0]]
[[17, 30, 19, 0, 3, 1, 12, 28, 31, 33, 21, 27, 20, 26, 22, 34, 24], [2, 4, 12, 17, 0, 5, 15, 18, 7, 3, 11, 10], [10, 1, 9, 3, 11, 12, 6, 14, 5, 4], [30, 21, 34, 23, 18, 20, 5, 9, 16, 26, 36, 6, 10, 24, 22, 13], [18, 22, 35, 3, 7, 31, 5, 9, 15, 28, 33, 30, 4, 14], [10, 30, 40, 46, 38, 43, 18, 36, 48, 12, 32, 60, 61, 24, 25, 34, 55, 2]]
[[2, 5, 8, 6], [8, 3, 6, 11, 10, 2], [14, 3, 12, 5, 19, 0, 6, 8, 10, 16], [3, 0], [8, 4, 11, 12, 5, 1, 2, 0], [12, 5, 0, 17, 3, 18, 16, 6, 9, 1], [13, 4, 2, 8, 5, 3, 7, 0], [18, 30, 5, 0, 24, 27, 3, 7, 14, 21, 25, 6, 13, 11, 19, 10], [20, 26, 5, 15, 4, 14, 10, 17, 24, 6], [19, 27, 11, 5, 20, 0, 17, 24, 14, 22, 13, 6]]
[[12, 14, 18, 0, 4, 9, 15, 13, 3, 7, 8, 6], [3, 19, 17, 1, 16, 15, 0, 14, 2, 20, 4, 5, 6], [2, 4, 5, 0], [25, 0, 17, 30, 9, 13, 20, 33, 3, 14], [2, 7, 20, 5], [2, 4, 6, 17, 7, 13], [11, 3, 6, 8, 0, 14, 2, 12, 13, 4], [11, 6, 9, 0, 7, 3, 4, 5], [5, 20, 16, 0, 8, 11, 22, 17, 3, 19], [4, 11, 13, 14, 1, 7, 2, 10], [9, 18, 4, 15, 21, 0, 3, 5, 10, 12, 13, 11], [29, 12, 14, 19, 22, 24, 16, 20, 9, 15, 4, 10, 6, 0]]
[[], [13, 7, 8, 10, 0, 3, 2, 9, 15, 6, 14], [11, 16, 20, 18, 2, 8, 14, 0, 7, 21, 3, 9], [21, 2, 7, 4, 10, 14, 0, 5, 8, 3, 12, 11, 18], [8, 27, 2, 23, 25, 16, 10, 18, 22, 29, 0, 14], [10, 30, 2, 22, 25, 0, 3, 8, 19, 5, 14, 18, 7, 11, 12, 9]]
[[8, 0, 3, 9, 2, 6], [13, 1, 2, 4, 8, 3, 0, 5], [4, 10, 2, 12, 6, 15], [10, 4, 2, 6], [0, 2, 15, 3, 6, 9], [6, 1, 3, 11], [2, 5, 6, 13, 17, 3], [16, 31, 20, 2, 5, 7]]
[[7, 9, 16, 2], [12, 3, 7, 9, 0, 5, 2, 4], [11, 6, 15, 3, 7, 16, 10, 14, 13, 1], [4, 0, 9, 6, 7, 8], [22, 0, 11, 20, 1, 6, 12, 17, 4, 3, 8, 16], [17, 8, 9, 19, 12, 3, 0, 5], [7, 20, 21, 12, 23, 1, 9, 24, 8, 22, 17, 0, 6, 16, 19, 18], [8, 2, 0, 9, 15, 14, 11, 4], [5, 11, 9, 2, 0, 7, 13, 10]]
