0.9723223447799683
0.9970001578330994
0.96388179063797
0.9897713661193848
0.9900469779968262
0.9900112152099609
0.9733229875564575
0.991968035697937
0.9711824655532837
0.9957194924354553
0.9956837892532349
0.9939717650413513
0.9761210680007935
0.9958819150924683
0.9705555438995361
0.9974316358566284
0.9901468753814697
0.9970672726631165
0.9905236959457397
0.9906202554702759
0.9793729782104492
0.9937533140182495
0.8857977390289307
0.9901584386825562
0.9741891622543335
0.9976311922073364
0.9741663932800293
0.9913930892944336
0.9724831581115723
0.9290676116943359
0.906173586845398
0.9481425881385803
0.948871374130249
0.9980005621910095
0.9846340417861938
0.8622075915336609
0.9498645663261414
0.976336658000946
0.9862798452377319
0.9874153137207031
0.9925825595855713
0.9976303577423096
0.9469727873802185
0.9991023540496826
0.9906392097473145
0.9926848411560059
0.9901608824729919
0.9821583032608032
0.98633873462677
0.9918580055236816
0.9193824529647827
0.9928247332572937
0.9885092377662659
0.9899934530258179
0.9874149560928345
0.996360182762146
0.9033910036087036
0.9942881464958191
0.9715251922607422
0.9961355328559875
0.9653384685516357
0.9930398464202881
0.9830882549285889
0.9887704849243164
0.9512989521026611
0.8834414482116699
0.9924569725990295
0.9924567341804504
0.9773321151733398
0.9914273023605347
0.9695851802825928
0.9988633394241333
0.9450036287307739
0.8754206895828247
0.9916776418685913
0.994978129863739
0.9756637811660767
0.9970401525497437
0.9895564317703247
0.9938240051269531
0.9919860363006592
0.9969105124473572
0.9923245310783386
0.9973208904266357
0.9749443531036377
0.9900816679000854
0.9859437942504883
0.9983910322189331
0.9850945472717285
0.9736710786819458
0.9820810556411743
0.9936903119087219
0.9313957095146179
0.9820362329483032
0.9766991138458252
0.9941637516021729
0.9815114736557007
0.8352103233337402
0.9644392728805542
0.9819381237030029
0.9739396572113037
0.9755002856254578
0.9675760269165039
0.9912885427474976
0.9512224197387695
0.9832699298858643
0.975332498550415
0.9953249096870422
0.9837465286254883
0.9956729412078857
0.987575888633728
0.9854904413223267
0.9411650896072388
0.9952605962753296
0.955788254737854
0.9845141172409058
0.9860414266586304
0.9667901992797852
0.9911528825759888
0.9396932125091553
0.9938499927520752
0.992881178855896
0.9539604187011719
0.9914052486419678
0.9051992297172546
0.9906954765319824
0.8927183151245117
0.9966810941696167
0.9924299716949463
0.97612464427948
0.9573032855987549
0.9947984218597412
0.9308305382728577
0.9330427646636963
0.9502730369567871
0.9954811334609985
0.9676288366317749
0.9950651526451111
0.9533262252807617
0.9931483268737793
0.9810726046562195
0.9899846315383911
0.9925731420516968
0.9962735176086426
0.8013334274291992
0.979507565498352
0.9568984508514404
0.9559003114700317
0.9890197515487671
0.8974108695983887
0.9367967844009399
0.9814647436141968
0.9821250438690186
0.9915027022361755
0.9738942384719849
0.9944456815719604
0.9688942432403564
0.9449630975723267
0.9714474678039551
0.997352659702301
0.9707516431808472
0.9767411947250366
0.983962893486023
0.9606986045837402
0.9880005121231079
0.9711934924125671
0.9345130920410156
0.9935224056243896
0.9869126081466675
0.985979437828064
0.977910041809082
0.9864310622215271
0.9885798096656799
0.9367218613624573
0.9914932250976562
0.9943844079971313
0.9945821762084961
0.8939554691314697
0.9691548943519592
0.9989774227142334
0.9876003265380859
0.8723776936531067
0.9599706530570984
0.9921563863754272
0.9825332760810852
0.9835050702095032
0.9832613468170166
0.995437502861023
0.9772372245788574
0.9754264950752258
0.9717907309532166
0.9898893237113953
0.9862880706787109
0.9944554567337036
0.9736989736557007
0.9964953660964966
0.9794871211051941
0.9940948486328125
0.972558856010437
0.991276741027832
