0.9475624561309814
0.9981721043586731
0.9910905957221985
0.9561299085617065
0.9837225675582886
0.9721645712852478
0.9915807843208313
0.9927664399147034
0.9402808547019958
0.9932969212532043
0.9900007247924805
0.9974870085716248
0.9936266541481018
0.9979910254478455
0.9694247245788574
0.99924236536026
0.997766375541687
0.9957630038261414
0.9916070699691772
0.9944289922714233
0.9854902625083923
0.9943515658378601
0.9889751076698303
0.977161705493927
0.9842850565910339
0.9992655515670776
0.9789915680885315
0.9943506121635437
0.9854356646537781
0.9993153810501099
0.9587821364402771
0.9323826432228088
0.9349035024642944
0.9983766674995422
0.9926471710205078
0.8887458443641663
0.9890785813331604
0.9962011575698853
0.9838306903839111
0.996953010559082
0.9918954372406006
0.9938843846321106
0.930180013179779
0.996757447719574
0.9963899254798889
0.9955281019210815
0.9875274300575256
0.9777639508247375
0.9900405406951904
0.9970215559005737
0.9891923069953918
0.9984424114227295
0.9930298328399658
0.9927424788475037
0.9842087030410767
0.9991562962532043
0.9706617593765259
0.999123752117157
0.9879087805747986
0.9987950921058655
0.9744347333908081
0.9982609748840332
0.9793795943260193
0.9817914962768555
0.980400800704956
0.959778368473053
0.9929859638214111
0.9978761076927185
0.9922589063644409
0.988337516784668
0.9885203838348389
0.9987438917160034
0.9780158400535583
0.9261512160301208
0.9894912838935852
0.9951639175415039
0.9483800530433655
0.9981692433357239
0.967119038105011
0.9945322275161743
0.984104335308075
0.9785060286521912
0.9911909699440002
0.9958327412605286
0.9882878065109253
0.9817631244659424
0.9880203604698181
0.9989991188049316
0.9678060412406921
0.9807363748550415
0.9902452826499939
0.9926019310951233
0.9517421722412109
0.9975798726081848
0.9939510822296143
0.9960764646530151
0.9927300810813904
0.996263861656189
0.9837742447853088
0.9987853765487671
0.9882073402404785
0.9910125136375427
0.977915346622467
0.9894731640815735
0.9860687255859375
0.9993061423301697
0.9761018753051758
0.9969003796577454
0.9777010679244995
0.9991248846054077
0.9830313324928284
0.9979866743087769
0.9756916761398315
0.9904537796974182
0.9851806163787842
0.9916925430297852
0.9877324104309082
0.9049359560012817
0.9899015426635742
0.9490677118301392
0.9861643314361572
0.9954752922058105
0.9652357697486877
0.9828215837478638
0.9787113666534424
0.9946030378341675
0.9421045780181885
0.9981881380081177
0.9963535666465759
0.9960301518440247
0.9759842157363892
0.9970042705535889
0.9404599070549011
0.9876205325126648
0.9897497296333313
0.9969475865364075
0.9728602766990662
0.9907371997833252
0.9900065660476685
0.9920697212219238
0.9782111048698425
0.9921215772628784
0.9940348863601685
0.9985536336898804
0.9816939830780029
0.9901218414306641
0.9796374440193176
0.9967045187950134
0.9831130504608154
0.9667064547538757
0.9685150980949402
0.9970908164978027
0.9927182793617249
0.9874386787414551
0.988309383392334
0.9949579238891602
0.9815614819526672
0.9851086139678955
0.9867911338806152
0.9951111674308777
0.9815888404846191
0.9995359778404236
0.9856595396995544
0.9786787033081055
0.9941698312759399
0.9721552133560181
0.9774271249771118
0.9955962896347046
0.9940204620361328
0.9970815181732178
0.9617982506752014
0.997458279132843
0.9708954095840454
0.9965859055519104
0.9950383305549622
0.9981846213340759
0.9928803443908691
0.9571124911308289
0.9668258428573608
0.9975075125694275
0.9797482490539551
0.9970299005508423
0.9790517687797546
0.9962739944458008
0.9886283278465271
0.9858084321022034
0.9804794192314148
0.9984563589096069
0.9806243777275085
0.9922093152999878
0.9858325123786926
0.9984233379364014
0.9838559627532959
0.9984772801399231
0.9793484807014465
0.9974255561828613
0.981139063835144
0.990220844745636
0.9814463257789612
0.9876498579978943
