0.8492007851600647
0.9527875185012817
0.967033863067627
0.9818906188011169
0.89547199010849
0.9011861681938171
0.878136157989502
0.9490976333618164
0.7893210649490356
0.9578495025634766
0.910047173500061
0.9572522640228271
0.9199249744415283
0.9412615299224854
0.8702402114868164
0.968726634979248
0.9719963669776917
0.8485369682312012
0.9311211109161377
0.8653494119644165
0.8604645133018494
0.8005393743515015
0.9336468577384949
0.9741455316543579
0.8998538255691528
0.944331169128418
0.9313707947731018
0.9650558829307556
0.9046146273612976
0.9697104096412659
0.9124834537506104
0.9321800470352173
0.80556720495224
0.9859954118728638
0.9647504687309265
0.8923142552375793
0.8496184349060059
0.9528343677520752
0.797222375869751
0.961633563041687
0.8599191904067993
0.9543878436088562
0.783123254776001
0.9198672771453857
0.9536490440368652
0.8278614282608032
0.8922027349472046
0.9766767621040344
0.9564844369888306
0.8523523807525635
0.938278317451477
0.9738091230392456
0.9589502811431885
0.9819177389144897
0.9145485758781433
0.8585168719291687
0.8515176177024841
0.978826105594635
0.9114670157432556
0.9835995435714722
0.9315968751907349
0.9693357944488525
0.8378073573112488
0.9323069453239441
0.9140790104866028
0.9244284629821777
0.8919155597686768
0.9539920091629028
0.7729470133781433
0.9195311069488525
0.9077994227409363
0.9270517230033875
0.8771935105323792
0.8806259036064148
0.938564121723175
0.8882595300674438
0.8924443125724792
0.9614177346229553
0.7390733361244202
0.9476112127304077
0.7028306126594543
0.891805112361908
0.8892425894737244
0.9491741061210632
0.9571657776832581
0.9687457084655762
0.9244202971458435
0.9499542713165283
0.8589669466018677
0.9567549228668213
0.7886900901794434
0.9413476586341858
0.9043785333633423
0.9432907700538635
0.9278461933135986
0.9606287479400635
0.8643110394477844
0.778258740901947
0.8558846116065979
0.9579978585243225
0.954152524471283
0.9371176958084106
0.8818560838699341
0.9567947387695312
0.9233406782150269
0.9507100582122803
0.9279979467391968
0.9336140751838684
0.9130358695983887
0.9413959980010986
0.8701179623603821
0.8798473477363586
0.8525760769844055
0.9722680449485779
0.8658918738365173
0.8574042916297913
0.9430965781211853
0.9209405183792114
0.9424210786819458
0.9376791715621948
0.8732877373695374
0.977759599685669
0.8919511437416077
0.8803228735923767
0.8248171210289001
0.9771247506141663
0.7745600938796997
0.9368774890899658
0.9553439021110535
0.8729976415634155
0.8663743138313293
0.9600179195404053
0.8915995955467224
0.9572755694389343
0.9210580587387085
0.9201073050498962
0.9351529479026794
0.9646115899085999
0.8756925463676453
0.9719536900520325
0.9225032925605774
0.9463651180267334
0.7718532085418701
0.9611470699310303
0.8005213141441345
0.9792958498001099
0.9304308295249939
0.9101685881614685
0.9004622101783752
0.6696375012397766
0.9197679162025452
0.9257882833480835
0.9282584190368652
0.9185380339622498
0.7452466487884521
0.9452568888664246
0.8883448839187622
0.8830046653747559
0.8190727233886719
0.8952836990356445
0.9275899529457092
0.9541579484939575
0.9312998056411743
0.8985018730163574
0.8137786984443665
0.9245646595954895
0.8145533204078674
0.8109402656555176
0.8725500106811523
0.9741020202636719
0.8405117392539978
0.9112791419029236
0.9438947439193726
0.959826648235321
0.9526132941246033
0.9618889689445496
0.9473506212234497
0.9283615350723267
0.8799451589584351
0.7612389326095581
0.6642876863479614
0.9195048213005066
0.7639360427856445
0.9290867447853088
0.917228639125824
0.8405284881591797
0.8631985187530518
0.8232306838035583
0.8747143149375916
0.8672313690185547
0.9245492219924927
0.8949577808380127
0.858853816986084
0.9626646041870117
0.8940302133560181
0.9647171497344971
0.8481357097625732
0.9295231103897095
0.8802896738052368
0.9466384053230286
