0.9410034815470377
0.9942573368549347
0.9935587389128548
0.8448068317291992
0.8831298823545998
0.9292767133031573
0.9918291909354073
0.887725700934728
0.7756267019680568
0.723803199827671
0.08922419548034669
0.992111494143804
0.9792398810386658
0.9581163942813873
0.9434287292616708
0.9933247963587443
0.993833526968956
0.990012612607744
0.993181437253952
0.9931466529766718
0.7993972702883184
0.8796303013170307
0.9288242157781497
0.8280709485212961
0.8370050527155399
0.9933014586567879
0.9918624639511109
0.994103729724884
0.8989765445391337
0.9411795774803442
0.9646309733390808
0.6059024652466178
0.6067727470537647
0.974493145942688
0.9610920002063116
0.7670966642243522
0.7084109254979661
0.8888915199786425
0.9768028904994329
0.9941008772168841
0.9932859838008881
0.9941177219152451
0.8551302207012971
0.968549927075704
0.9930023476481438
0.9588628262281418
0.7103202986930098
0.9904068589210511
0.9940280467271805
0.9939809782164437
0.808659987790244
0.9113579094409943
0.9938759108384451
0.994001309076945
0.8909444047345055
0.9919445713361105
0.9857686042785645
0.8975187379490728
0.7644324518207993
0.9918281137943268
0.9920239789145333
0.9822690933942795
0.991851195693016
0.7710836511105299
0.663604140204067
0.9479144662618637
0.9937989711761475
0.905937947332859
0.8487027155767594
0.9941605031490326
0.8523882006605467
0.8626506977847644
0.8614028404865947
0.9788522521654764
0.9839069777064853
0.9252662743840899
0.9940906829304166
0.8649412744811603
0.9473227659861246
0.9918064745989713
0.9923692047595978
0.8210848506074399
0.9912482857704162
0.992282981222326
0.9924974062226035
0.9930181900660197
0.8431915696710348
0.994706412156423
0.8566280206044515
0.8003878535736086
0.9929491877555847
0.865254257288244
0.8435783811977932
0.9916796326637268
0.9914643672796396
0.9668473899364471
0.6898956745862961
0.9926456863229925
0.9761865735054016
0.8897181641724374
0.85174959897995
0.9831255495548248
0.9402615949511528
0.9455741908815172
0.9028820643822352
0.9938860163092613
0.9492127522826195
0.993469272341047
0.9889553839510138
0.8848043108979861
0.8470859117805958
0.9313511451085409
0.9880983574049813
0.9267412647604942
0.8709581434726715
0.6610375745221972
0.7846035800069909
0.8683799234303561
0.8497253973946499
0.8894767940044404
0.9925348907709122
0.986601434648037
0.81763989229997
0.9935434199869633
0.9774841785430908
0.9935409009456635
0.8704662876469749
0.8546803692976633
0.993485726416111
0.8936048777075485
0.8892317389448484
0.9929583668708801
0.8268291369080544
0.994583527247111
0.9938293298085531
0.9939282894134521
0.8153278610358635
0.7368298508226871
0.8854136922293239
0.9906152710318565
0.7911113333991833
0.900250717997551
0.7843136290709177
0.9938783815928868
0.9831814805666605
0.9298998465140661
0.7615902908146381
0.9537667102283902
0.8847323091079792
0.9262070417404175
0.882277867756784
0.9861986211368016
0.8441550210118294
0.7927354863948293
0.8606839127605781
0.9880033816610064
0.9786607921123505
0.9312923470368752
0.9938107218061175
0.9926264990459789
0.8919124926129977
0.9942689687013626
0.9862430493036906
0.8352940342783068
0.96291184425354
0.7650854547641107
0.8025218598544598
0.9942961096763611
0.989680141210556
0.9937841892242432
0.9934386014938354
0.9941691756248474
0.9175401421693655
0.8869364317506552
0.9935615509748459
0.9939728719847543
0.9344869777560234
0.8105898192152381
0.9815920862284574
0.9938480513436454
0.9189628064632416
0.8689726176380645
0.9937840580940247
0.911283810933431
0.9589280145508903
0.9929112195968628
0.925817265547812
0.9927785652024406
0.9933260977268219
0.994205430150032
0.7583825548312494
0.9930639117956161
0.9914585709571838
0.9940628608067831
0.7216371974597374
0.9590913712978363
0.6887537021151123
0.829629224880288
0.9941002130508423
0.9931688772307502
