0.7594700455665588
0.8745384812355042
0.29132726788520813
0.9458946585655212
0.1766771376132965
0.6500787734985352
0.9716553688049316
0.8327836394309998
0.9746320247650146
0.9136484265327454
0.596952497959137
0.8909217119216919
0.944192111492157
0.9218791723251343
0.48691725730895996
0.9722011089324951
0.9709928035736084
0.3758900761604309
0.5574764013290405
0.756102979183197
0.9784414172172546
0.9703994989395142
0.9250537157058716
0.19704262912273407
0.7064130902290344
0.8737083077430725
0.974968671798706
0.628487765789032
0.4017123878002167
0.9551956057548523
0.9709317088127136
0.9947404265403748
0.6402921080589294
0.8792146444320679
0.9603514075279236
0.9817318320274353
0.9141517877578735
0.9697997570037842
0.9824165105819702
0.8543388843536377
0.6751173138618469
0.9730726480484009
0.957923948764801
0.9403442740440369
0.9702380299568176
0.9606807827949524
0.917729377746582
0.5789926648139954
0.8244715332984924
0.9736199378967285
0.9261066317558289
0.969959020614624
0.41223812103271484
0.17414571344852448
0.6633428931236267
0.7775651812553406
0.9763786792755127
0.7711117267608643
0.9149133563041687
0.23908795416355133
0.9826437830924988
0.5759273171424866
0.01952774077653885
0.8706101179122925
0.9809997081756592
0.9551726579666138
0.9621301889419556
0.46704035997390747
0.910271406173706
0.7412181496620178
0.8126816153526306
0.9176880121231079
0.5699478983879089
0.9661191701889038
0.9358738660812378
0.8911975622177124
0.9395327568054199
0.9737282991409302
0.556223452091217
0.4517233073711395
0.5593502521514893
0.17662373185157776
0.9809603691101074
0.03193635493516922
0.9647407531738281
0.018822215497493744
0.8040211200714111
0.635601282119751
0.27676209807395935
0.863144040107727
0.16269485652446747
0.9714857935905457
0.9582217931747437
0.9579481482505798
0.8692293167114258
0.9440920352935791
0.9242883324623108
0.9465632438659668
0.7071004509925842
0.6285857558250427
0.9652174115180969
0.23920957744121552
0.9719520211219788
0.6892702579498291
0.9439563751220703
0.34795597195625305
0.9496085047721863
0.9361066222190857
0.9621065258979797
0.9778789281845093
0.916144073009491
0.9697461724281311
0.9101651310920715
0.9586426019668579
0.9853353500366211
0.4688968360424042
0.7004278302192688
0.989237904548645
0.9089624285697937
0.8551648855209351
0.9660942554473877
0.8204256892204285
0.9242490530014038
0.9375115633010864
0.8608435392379761
0.9647387266159058
0.890909731388092
0.5824733376502991
0.7861331105232239
0.9812173843383789
0.9752463698387146
0.037444621324539185
0.8926251530647278
0.9052889347076416
0.9378594756126404
0.9171043038368225
0.8226222395896912
0.986927330493927
0.9796565771102905
0.2493015080690384
0.6906967163085938
0.12462691217660904
0.9716917276382446
0.73337721824646
0.6835954189300537
0.9664338231086731
0.9556418657302856
0.9910596013069153
0.9821442365646362
0.812450647354126
0.8272607922554016
0.4347624182701111
0.858767569065094
0.9669248461723328
0.8193347454071045
0.9894641637802124
0.9666141271591187
0.9409870505332947
0.9733678698539734
0.5736417770385742
0.8458688855171204
0.744366466999054
0.9661294221878052
0.974271833896637
0.9692930579185486
0.27862802147865295
0.7754966616630554
0.5091167092323303
0.9788682460784912
0.8702951669692993
0.9670408964157104
0.9532848000526428
0.849972665309906
0.5700955390930176
0.4775822162628174
0.9372021555900574
0.8306778073310852
0.8867073655128479
0.9623852372169495
0.9698216319084167
0.9210641384124756
0.9444653391838074
0.8436250686645508
0.9688619375228882
0.8726206421852112
0.8115437626838684
0.9724715948104858
0.9398840665817261
0.5778557658195496
0.9858998656272888
0.9625599384307861
0.8133535385131836
0.9686776399612427
0.2959754168987274
0.19082912802696228
0.833846390247345
0.97450190782547
0.6639357805252075
0.7566399574279785
0.9582581520080566
