0.6300308108329773
0.5505601167678833
0.3343889117240906
0.24179989099502563
0.580849289894104
0.20089641213417053
0.799933910369873
0.681723415851593
0.7586197853088379
0.5735591053962708
0.5346466302871704
0.31524857878685
0.3108603358268738
0.6550809144973755
0.05379867181181908
0.5554689168930054
0.7172622084617615
0.1905028223991394
0.2998274862766266
0.4251194894313812
0.9110498428344727
0.5237747430801392
0.8833873867988586
0.521536648273468
0.6146710515022278
0.3984116315841675
0.17904777824878693
0.6826595664024353
0.49447137117385864
0.669247031211853
0.014701193198561668
0.9208844304084778
0.4250643253326416
0.019655756652355194
0.7835567593574524
0.6663874983787537
0.502368688583374
0.9047586917877197
0.38429540395736694
0.586489200592041
0.7944744825363159
0.7944917678833008
0.901329517364502
0.5307574272155762
0.6645805239677429
0.486203134059906
0.006520015653222799
0.09924069046974182
0.5253178477287292
0.7732521891593933
0.35912418365478516
0.44401299953460693
0.1051698848605156
0.26493319869041443
0.009005993604660034
0.007239206228405237
0.6963068246841431
0.9426131844520569
0.0975760743021965
0.0916329100728035
0.9641254544258118
0.5744514465332031
0.12036190927028656
0.17524448037147522
0.7608679533004761
0.44430267810821533
0.8642407059669495
0.20507217943668365
0.12267467379570007
0.8045149445533752
0.33611810207366943
0.7627933025360107
0.7191591262817383
0.9026389122009277
0.802975058555603
0.3550145924091339
0.11278920620679855
0.2276524305343628
0.8183820843696594
0.4580859839916229
0.014132480137050152
0.025622041895985603
0.28080254793167114
0.21047399938106537
0.6676995158195496
0.19044317305088043
0.09491336345672607
0.09677663445472717
0.30483976006507874
0.6092636585235596
0.2443261295557022
0.9428689479827881
0.6809065341949463
0.3909111022949219
0.7523200511932373
0.8436027765274048
0.29302921891212463
0.9552831649780273
0.08260738849639893
0.3387432396411896
0.9324654340744019
0.7242475152015686
0.9428141713142395
0.161298468708992
0.6289430856704712
0.2563810348510742
0.9179606437683105
0.17119339108467102
0.9271657466888428
0.9244893193244934
0.16338171064853668
0.9029248356819153
0.02719574235379696
0.4478379189968109
0.6160810589790344
0.27717146277427673
0.051136165857315063
0.9018541574478149
0.792907178401947
0.9006829857826233
0.8088068962097168
0.22841352224349976
0.24907377362251282
0.48474499583244324
0.6507747769355774
0.6949656009674072
0.8670908212661743
0.34070679545402527
0.08537052571773529
0.9223996996879578
0.82275390625
0.15427863597869873
0.5621374249458313
0.04998829588294029
0.3725922107696533
0.6761078834533691
0.05824308842420578
0.7624111771583557
0.8910467624664307
0.06413368135690689
0.788163959980011
0.07680834829807281
0.943890392780304
0.8048781156539917
0.050100550055503845
0.6845676898956299
0.876473069190979
0.016032787039875984
0.26067468523979187
0.8186744451522827
0.2945918142795563
0.7658746838569641
0.806564211845398
0.37993350625038147
0.8204631209373474
0.8498440384864807
0.8246562480926514
0.6234180927276611
0.802886426448822
0.8741948008537292
0.2203381508588791
0.45004981756210327
0.8836067318916321
0.7119919061660767
0.8692000508308411
0.2084815949201584
0.8274354934692383
0.6762562990188599
0.9507483839988708
0.9200805425643921
0.6793273091316223
0.16554798185825348
0.23269997537136078
0.9309316873550415
0.042702171951532364
0.2575552463531494
0.6282029747962952
0.003222848754376173
0.9443085193634033
0.1707695573568344
0.7818940877914429
0.47862276434898376
0.35952308773994446
0.48939138650894165
0.4668993055820465
0.3687380850315094
0.4385303854942322
0.7086162567138672
0.3448944389820099
0.7497132420539856
0.8393109440803528
0.7876550555229187
0.9364213943481445
0.8879621624946594
0.7061685919761658
0.8188834190368652
0.6415168642997742
0.10871978104114532
0.492597371339798
0.3439417779445648
