0.7548344135284424
0.8791179656982422
0.8916524052619934
0.9505022168159485
0.09598208218812943
0.7976992130279541
0.9869836568832397
0.9111148715019226
0.9684905409812927
0.9677753448486328
0.2309950590133667
0.7953152060508728
0.9650421738624573
0.9675093293190002
0.9038960337638855
0.978509247303009
0.9725082516670227
0.35156527161598206
0.38311848044395447
0.958015501499176
0.9889822602272034
0.976516842842102
0.9664080142974854
0.36312973499298096
0.67684406042099
0.8688914179801941
0.985690176486969
0.6936129927635193
0.786104142665863
0.6516268253326416
0.9777584075927734
0.9943146109580994
0.06868152320384979
0.7878226041793823
0.9776322841644287
0.9828458428382874
0.9457982182502747
0.9921090006828308
0.9605925679206848
0.9495598077774048
0.3347053825855255
0.9661571383476257
0.8962070941925049
0.940584659576416
0.9818894863128662
0.9737953543663025
0.9015353322029114
0.8406143188476562
0.8629042506217957
0.9779149293899536
0.898269772529602
0.9600682854652405
0.4870331287384033
0.1933237761259079
0.8798707127571106
0.8641723394393921
0.9839186668395996
0.738647997379303
0.9350886344909668
0.5289737582206726
0.9805949330329895
0.5866234302520752
0.032534968107938766
0.9713437557220459
0.9877824187278748
0.9757328033447266
0.980506181716919
0.7198697328567505
0.9286761283874512
0.875948429107666
0.809380829334259
0.7338593006134033
0.5256435871124268
0.9830816388130188
0.9689399003982544
0.9659472703933716
0.9277782440185547
0.965589165687561
0.7673822045326233
0.6926242709159851
0.4713810682296753
0.20954301953315735
0.977218747138977
0.9934131503105164
0.9566522240638733
0.050088755786418915
0.8315392732620239
0.9168015718460083
0.7408074140548706
0.8383945822715759
0.9565483927726746
0.9803259372711182
0.8731025457382202
0.9332237243652344
0.9506286978721619
0.9759798049926758
0.976360023021698
0.9472641944885254
0.9717820286750793
0.7250680923461914
0.9839394092559814
0.16529548168182373
0.9655677080154419
0.947349488735199
0.960500955581665
0.3098646104335785
0.9440217018127441
0.9742902517318726
0.9670132398605347
0.976897120475769
0.9578797817230225
0.975971519947052
0.9005686640739441
0.969770073890686
0.9940051436424255
0.4806021749973297
0.785015344619751
0.9898043870925903
0.9217355251312256
0.8407163619995117
0.9693766832351685
0.8800975680351257
0.9475416541099548
0.9557378888130188
0.8783032298088074
0.9731324315071106
0.9473844170570374
0.9000471830368042
0.7340394258499146
0.9809319376945496
0.9745775461196899
0.9779766201972961
0.9895192384719849
0.9190958738327026
0.9660460948944092
0.9290010333061218
0.8973791599273682
0.9929023385047913
0.9846247434616089
0.41376128792762756
0.7941409945487976
0.4979015290737152
0.9645118117332458
0.7793747186660767
0.9035437107086182
0.9844526648521423
0.9799724221229553
0.9921517372131348
0.9866560697555542
0.8021260499954224
0.8832775354385376
0.3558647632598877
0.6323418021202087
0.9731215238571167
0.9582619667053223
0.9890304207801819
0.9512901902198792
0.9566051959991455
0.9771543145179749
0.5429155826568604
0.9312544465065002
0.8188011646270752
0.9755648374557495
0.978118896484375
0.9781627058982849
0.21336832642555237
0.9170381426811218
0.9744905829429626
0.9868598580360413
0.955374538898468
0.9777145385742188
0.9809167981147766
0.9079996347427368
0.16581644117832184
0.482461541891098
0.9222729206085205
0.9170534610748291
0.9588203430175781
0.9282532334327698
0.9794719219207764
0.9549269080162048
0.9561296105384827
0.8908292651176453
0.9878610968589783
0.9037930965423584
0.9744889140129089
0.9875261187553406
0.9846991896629333
0.770857572555542
0.9871634244918823
0.9401822686195374
0.8728926777839661
0.9702141284942627
0.25773856043815613
0.31054985523223877
0.8292255401611328
0.9735978841781616
0.12415052205324173
0.5620529055595398
0.9762217402458191
