0.3881610360799136
0.5642954856361149
0.3092412801150665
0.44967753775167774
0.4404322610790568
0.5261796316158787
0.4484243951756446
0.45366992443873144
0.48431062721654755
0.44717186469212106
0.33573990183910507
0.46522996683478357
0.4099175506471851
0.47353269483413063
0.3707466982882695
0.4857519704558634
0.37972150359216683
0.48848154220136814
0.33922969933712116
0.5078804901750645
0.44992175273865415
0.4824511233759426
0.3754721308547472
0.44606043740061563
0.37110221402882465
0.42575622322994905
0.5093105691786507
0.43494636555273747
0.321342669893272
0.47638110446234727
0.43200898499663803
0.5630035452335349
0.3930847057692385
0.4685756505387659
0.3719582625375683
0.5206143374334243
0.4397575124363863
0.4728270439858375
0.38219503687641815
0.4579630084431964
0.38477361952928213
0.44348934265637957
0.3296337381807546
0.482113048899158
0.40965601518617634
0.5132828644094739
0.37500485003686024
0.5067438955311925
0.3711654253060365
0.48806124555230107
0.39761883381226054
0.41359036689468026
0.4593816929307326
0.5218214600655077
0.4254827147647128
0.507719055036208
0.3364884067583572
0.4369616288175411
0.3380691833137485
0.4393464479980369
0.5492466200548823
0.4921378827646545
0.4617562907538628
0.513338987181946
0.36408661894879285
0.5336579331531521
0.41680508451017456
0.5391668072187553
0.3693364622657552
0.4517731899096377
0.3799535226256361
0.4781841788120168
0.3682980893229438
0.48748599972772955
0.39645126036319195
0.5210841671154405
0.43542439703153984
0.43411854387683535
0.3958967667101638
0.4859091545492729
0.45357157569515955
0.48161107628257677
0.48077956257753546
0.46614159292035395
0.4625752062105773
0.42213590306313037
0.43591297859792416
0.5599916338928983
0.4678997965490999
0.47569429703908445
0.4403057138692553
0.5377633425938037
0.3691510628095034
0.47735178463399885
0.39452802516816193
0.43324883101348416
0.465397729205536
0.4183925049309664
0.3671090011961723
0.510471201334215
0.42529580484496293
0.5938991848244559
0.35380704858410683
0.4714545257067252
0.415127133763827
0.5132250374651431
0.35458621702734733
0.4861812100058174
0.4020044126995999
0.5006122448979592
0.38543597704823224
0.45316876782530385
0.3844464773065725
0.4769054147747232
0.48130657221566314
0.4606286083708065
0.4446780564947826
0.44522479858225733
0.48581214844609255
0.4381639522297034
0.40156571929928336
0.4968710893316968
0.40681465568683617
0.5312262656614776
0.3088628554870224
0.4520281333347063
0.3920293964620188
0.49173832722528354
0.42066346816095856
0.4764332478653755
0.44318898278172364
0.42289347388742377
0.377136437799235
0.4977843958590098
0.45176356901272346
0.45597809144848256
0.38130032277515685
0.5177427036076996
0.44431451074413764
0.4878312070657507
0.4219801281081354
0.4443898801170763
0.3935407977756389
0.47269401791255283
0.4265079693677068
0.48055298596710566
0.4475248753053746
0.5487808180597079
0.4187985346601411
0.4614878863830869
0.42289603912510204
0.4284693933438143
0.3544788831881091
0.4831711927705289
0.39790157113245955
0.4697740406242431
0.4069152467397801
0.4666586553782744
0.4205723400228231
0.4433378023733456
0.5102001906577693
0.47422728944786996
0.3724678674400492
0.4565289663483505
0.4477410812735888
0.48018996379523077
0.4475716635093781
0.4181894852867498
0.4350392947198542
0.4920764867551604
0.3939567444816468
0.4381160618242497
0.4031107781939242
0.43251709195439414
0.41937092541159937
0.48113461215472464
0.3951064424999541
0.42357852698619747
0.40535338464175424
0.4669397076693011
0.3910634118967453
0.5020637898686681
0.45992001391062426
0.4843304843304843
0.37003849727864063
0.5121948054054932
0.4279568831708564
0.481768738534141
0.4855555555555555
0.4715681741474939
0.33574878049470447
0.4859933249439185
0.3403005742933974
0.47994404373319577
0.3235112310966393
0.4720542621443206
0.4573939658852114
0.5066579881656806
0.44015328540577503
0.4907160240770576
