0.8529719354190164
0.9591852184104578
0.7869971008350751
0.9695693456869927
0.8399895423636881
0.9813895057347588
0.8780105009866991
0.9728300304187907
0.8534815710382365
0.9743837281158007
0.8496785707094028
0.9792284893084369
0.8736457302727482
0.9835577562146913
0.7824556962025316
0.9739529328738892
0.8544955387783115
0.972238509001026
0.8201168612076946
0.980697393974
0.8611485804025831
0.9814631791353038
0.7926096270161289
0.9665540014912755
0.8196869646234067
0.9789623237580954
0.7975957926371151
0.9726447852702301
0.9065603973882683
0.97367834790571
0.872964212680719
0.9873943261914334
0.8612173882556086
0.9227003576924774
0.8413495154392121
0.9719349665431621
0.8769603384405853
0.9715598307257828
0.9191335136941268
0.9483002311785056
0.8723755578477418
0.973850403688808
0.8217660409072345
0.982360262994549
0.9001063856107276
0.9813334172752456
0.9003100180505414
0.9821291923564651
0.8197516677838426
0.980793230377951
0.8376775986311731
0.9300914675285203
0.920206147579255
0.9879742261656886
0.8460993865838157
0.972463015982692
0.7844965874707526
0.9794621995157471
0.7434723241972396
0.9790603544198607
0.9213959828197198
0.9794495824252721
0.9153176316604601
0.9311656573198387
0.8847623136036401
0.9823050098231827
0.8701475317684133
0.9856750304812985
0.7849894350533809
0.972619825804286
0.8076618280896137
0.9649891975621645
0.7798444041678113
0.9772873755479843
0.8647517117347704
0.9821498035363457
0.8738430873803009
0.9799987152076998
0.8635311864554533
0.9797088398921387
0.8517011286667183
0.9820795942428939
0.9129881124610747
0.959446155466056
0.8427568798902796
0.9554010146014558
0.7846157282808925
0.9835577562146913
0.9339767372737159
0.9647643705003119
0.9097327575723282
0.9837070351989358
0.8549016920325542
0.9781950853379425
0.8901718712176228
0.9623039448669202
0.9463814243108483
0.9658991914438768
0.8365862643582241
0.9807630305030814
0.8762161267318663
0.9815595887298341
0.8023844545634308
0.9422355672253107
0.8821659356468888
0.9723685572818017
0.8314200173230291
0.979721553122929
0.7931345087993031
0.9822121807465619
0.8721568974362871
0.9819602161100196
0.8426273715468457
0.974516266972903
0.8710513608986251
0.9695465950580171
0.8831148804934463
0.9670758186507932
0.8653066856665321
0.9728526092278813
0.8700819538084267
0.9809364317623119
0.8253787589530628
0.9777988324540482
0.7724800264093944
0.9734155989230507
0.8686963940463404
0.9715138302026398
0.8339562084724458
0.9693788487433368
0.8527700831024931
0.9732809954871959
0.857323520629512
0.981281335134269
0.8338684146585486
0.9736053513572291
0.8426273715468457
0.9879742261656886
0.8706980561265475
0.9829321505072649
0.9011372203055819
0.9702117805760564
0.7995942584867335
0.9633456598320318
0.828588197583564
0.9799936092955701
0.8562500808339478
0.9815595887298341
0.8561990472188026
0.9652909213973252
0.8124301451695786
0.966581567392882
0.8340790975973753
0.9269075167772108
0.8477437481779893
0.97966194122184
0.8159012981276715
0.9776802605653131
0.8082163838247262
0.9801434102505912
0.9282115147303898
0.9665165497036106
0.8124484715185296
0.976585761711044
0.8815257021877206
0.9753359551254295
0.8693900793215144
0.949301778865217
0.926567969844453
0.9834057077936423
0.8474623634159604
0.9684935407875319
0.8929345061283345
0.9688221533298623
0.7865307398158513
0.9452380952380952
0.8863137846719487
0.9141584199071983
0.8362939409964781
0.9783286173277356
0.8289272169253947
0.9837442575091073
0.8572805894159831
0.9557287722163995
0.834675756538427
0.9769261985953923
0.8542572125261012
0.9817885299290542
0.8296079024530305
0.9483847911938816
0.8377019538465541
0.980262040925744
0.8398809523809524
0.9588156818008374
0.8208341604106917
0.9749230428439393
0.9219185016451531
0.9680108141340418
0.8631622455140543
0.9694961638211139
