0.8255359172100312
0.9344887077479818
0.754985754985755
0.9380866989349314
0.7990826315104143
0.9530544482208095
0.8489592563057474
0.94674939692351
0.8268518043733407
0.9445854181456612
0.7872587427422442
0.9519285867280828
0.8436872489959839
0.9468760132122881
0.7521481843532754
0.9465263695643577
0.8237076983316542
0.9451013657977558
0.7506635102604707
0.9546135362361569
0.8297917251032024
0.9563755719014645
0.763049904719575
0.9372661761103644
0.788480950534403
0.9466644495787533
0.7783166404131214
0.9441747211007001
0.8511536959145688
0.9401608490566037
0.842113829495614
0.9620267181308382
0.8297566425214742
0.9011350059737157
0.8158477624026484
0.9464216300164261
0.849712349433297
0.9462176992959968
0.8962158320854803
0.9247789540585843
0.854431089127478
0.9462109172461912
0.7842604006706743
0.9572969417897046
0.860495021676986
0.9619363839379222
0.8727073193135099
0.9551072761194029
0.7786416846915056
0.9610576923076923
0.8222724574142576
0.8925252581514944
0.881488918637513
0.9501817360030612
0.8101710829038941
0.9309056670714899
0.7564301145697429
0.9478387613563105
0.7238987409141904
0.950813919531526
0.9123501712328765
0.9585850942214645
0.9013435155799412
0.910827714984467
0.8667172871463139
0.9552833546332067
0.8448668116543666
0.9567960304802409
0.7540885454148468
0.9405492456213572
0.7731735191699498
0.9420644721643926
0.7394663495005719
0.9543449910886123
0.8331986875139824
0.9542283957242489
0.831704827345187
0.9443038775767568
0.8305118485907383
0.9480976581809194
0.8334412123058179
0.9447223715218919
0.8846469622331691
0.940021941442396
0.818050193050193
0.9199579031593296
0.7400454810831432
0.9581884260553537
0.9100506756756758
0.93826192964124
0.8837713619886068
0.9569273940098809
0.8264824567727378
0.9536760147775857
0.8565455711532526
0.923133454047678
0.9198589754888746
0.9340327846498588
0.7919276711565624
0.9462384815157977
0.8478391356542618
0.9629895212580427
0.7706597955958804
0.9172370031682028
0.8593207667748697
0.9512105806901269
0.790098417476568
0.9513367747601071
0.7706288622319157
0.9446384741037219
0.8499463024990056
0.9514766021632155
0.800647389276152
0.9269779074052718
0.827572964669739
0.9222029388029194
0.8607201876596852
0.9432569901157648
0.8420566819460403
0.9531361308568856
0.8202560656281962
0.9617261093110824
0.7979931765920381
0.9561780081516923
0.7438273149197031
0.9393887700006606
0.8413280068160873
0.9480720197799698
0.8165525622072636
0.9279889158874918
0.8268867238621492
0.938274140343221
0.8426974730993545
0.9597927404333775
0.8226339204184887
0.9462172674258048
0.8063211697722569
0.9635765283355645
0.8459947307683934
0.9465668246445498
0.8782657939511934
0.9139434407466103
0.7538637598868436
0.9195895915840799
0.8038727810650887
0.9539825959074669
0.8243574561023579
0.9629895212580427
0.8394979809505119
0.9212573317353393
0.7999164157211126
0.9196702802299564
0.817996494830679
0.9032490891828737
0.8099935284926995
0.9590384254883735
0.7994939593351733
0.9485887858660117
0.7799362610248296
0.9527383660518184
0.9028760098039028
0.9466084900729247
0.767043611594761
0.9470763299705771
0.8491338804498297
0.9407427891466985
0.8388486458873123
0.9184918253456351
0.893020669806384
0.9471746664969705
0.8073889433374042
0.9366156532023033
0.8698366427050317
0.9442349480359074
0.7754800810281169
0.9208786428882122
0.8661910674634793
0.8746261604806582
0.8182489502978225
0.9483602868353013
0.7864430306038263
0.9404535596669256
0.8263217492008217
0.935544408734227
0.8079365477184403
0.9522442748091602
0.8300310702454329
0.9552070861150301
0.8123358405365326
0.9188194949161536
0.8134746712222748
0.9531809389650526
0.8181808333856916
0.9371892319348631
0.7915871847029299
0.9519820554432669
0.8780327482515705
0.9456682978820712
0.8486941896795
0.9469702867927114
