0.9959235787391663
0.9989314079284668
0.9953922033309937
0.9992713332176208
0.9857417345046997
0.9993269443511963
0.9949007034301758
0.9986096620559692
0.9706020355224609
0.9996700286865234
0.9978431463241577
0.9981141090393066
0.9936259984970093
0.9985195398330688
0.9783527851104736
0.9956876039505005
0.9884369373321533
0.9979852437973022
0.9967736005783081
0.9941843152046204
0.9948199987411499
0.9991329908370972
0.9833622574806213
0.9991553425788879
0.9978225231170654
0.9982714653015137
0.9811455011367798
0.9996644854545593
0.9980659484863281
0.9989732503890991
0.9949368238449097
0.9989317655563354
0.990128755569458
0.9968456029891968
0.9976440072059631
0.9987391233444214
0.9947773814201355
0.9997819662094116
0.9951392412185669
0.9989595413208008
0.9964483380317688
0.9989745616912842
0.9874850511550903
0.9987693428993225
0.9942049980163574
0.9994048476219177
0.9976487159729004
0.9987187385559082
0.9677894115447998
0.9994995594024658
0.9924346208572388
0.9992046356201172
0.9991990327835083
0.9998236894607544
0.9956732392311096
0.9951654672622681
0.9811844825744629
0.9995831251144409
0.9914599657058716
0.9983314275741577
0.9983906745910645
0.9985044002532959
0.9971246719360352
0.9994282126426697
0.9929668307304382
0.9988954067230225
0.9870504140853882
0.9998000264167786
0.9906647801399231
0.9978501796722412
0.9976686239242554
0.9975521564483643
0.9815053343772888
0.9994731545448303
0.9982435703277588
0.9996312856674194
0.9964507818222046
0.9973698854446411
0.9967055320739746
0.9984397292137146
0.9882584810256958
0.9856551885604858
0.9868131875991821
0.9864205121994019
0.984146773815155
0.998553991317749
0.8933814764022827
0.9965667724609375
0.9973105192184448
0.9993808269500732
0.9992165565490723
0.9996749758720398
0.9866203665733337
0.9994627237319946
0.9795993566513062
0.9989637136459351
0.9981479644775391
0.9982679486274719
0.9952754974365234
0.9990889430046082
0.9930689334869385
0.9791188836097717
0.992027223110199
0.9992167949676514
0.9983920454978943
0.9987866878509521
0.9951509237289429
0.9991955757141113
0.9933443069458008
0.998518705368042
0.9929206371307373
0.99922776222229
0.9722625017166138
0.998121976852417
0.9971836805343628
0.9966845512390137
0.9955313205718994
0.9997318983078003
0.9959231615066528
0.9959362745285034
0.9870576858520508
0.9977411031723022
0.9935714602470398
0.9966404438018799
0.9963650703430176
0.9979180097579956
0.9962502717971802
0.9981768727302551
0.9918067455291748
0.9994166493415833
0.9778516292572021
0.9993588328361511
0.9938932657241821
0.9995691776275635
0.990446925163269
0.999482274055481
0.978269100189209
0.9996317625045776
0.9844979047775269
0.9993994235992432
0.9977668523788452
0.9977478981018066
0.9907602071762085
0.9996035099029541
0.9967063665390015
0.9991939067840576
0.9802737832069397
0.9996305704116821
0.9836016893386841
0.9997842311859131
0.9940770864486694
0.9987268447875977
0.9977978467941284
0.9972026348114014
0.9977590441703796
0.9994686841964722
0.9900562763214111
0.9986083507537842
0.9962367415428162
0.9983433485031128
0.9971749186515808
0.9972143173217773
0.9625792503356934
0.999395489692688
0.9837018251419067
0.9993103742599487
0.9943852424621582
0.9994995594024658
0.9991483688354492
0.9992595911026001
0.9973669052124023
0.9996515512466431
0.9966349601745605
0.9994090795516968
0.9816713333129883
0.9862620830535889
0.9984679222106934
0.9990520477294922
0.9530860185623169
0.9994863867759705
0.9856072664260864
0.9927719831466675
0.9858362078666687
0.9971461296081543
0.9886692762374878
0.9996838569641113
0.9880557060241699
0.9988967180252075
0.9843778610229492
0.9986543655395508
0.9964413046836853
0.999415934085846
0.9834475517272949
0.9992319345474243
0.9943182468414307
0.9996711015701294
0.996412456035614
0.9982569813728333
0.9961933493614197
0.9974963665008545
