-1.5228596925735474
-1.2425061464309692
-1.359551191329956
-1.585512638092041
-1.6338251829147339
-1.1723062992095947
-1.8310227394104004
-1.4992059469223022
-1.7227460145950317
-1.5496844053268433
-1.3844714164733887
-1.8511332273483276
-1.901734471321106
-1.2156016826629639
-1.8199431896209717
-1.3902519941329956
-1.4858754873275757
-1.186981201171875
-1.3861860036849976
-1.4527266025543213
-1.6270638704299927
-1.6834821701049805
-1.8311710357666016
-1.504448413848877
-1.5784478187561035
-1.5987688302993774
-2.110261917114258
-1.457473874092102
-1.619480013847351
-1.5488760471343994
-1.6609193086624146
-1.6865267753601074
-1.6342785358428955
-1.9819374084472656
-1.7314980030059814
-1.7125099897384644
-1.7163370847702026
-1.435935616493225
-1.4398366212844849
-1.530450701713562
-1.5544246435165405
-1.4247502088546753
-1.9745038747787476
-1.6832195520401
-1.3967673778533936
-1.2170557975769043
-1.4358398914337158
-1.6256780624389648
-1.6983513832092285
-1.3544179201126099
-1.6585124731063843
-1.4182562828063965
-1.4130605459213257
-1.6147520542144775
-2.331864356994629
-1.4074534177780151
-1.8440663814544678
-1.4026637077331543
-1.8460776805877686
-1.3371421098709106
-1.41530442237854
-1.4828251600265503
-1.730193018913269
-1.3705257177352905
-1.4901901483535767
-1.5130528211593628
-1.3311784267425537
-1.3748568296432495
-1.5693823099136353
-1.4787660837173462
-1.4510987997055054
-1.5091946125030518
-1.5107356309890747
-1.6821002960205078
-1.4705249071121216
-1.3713843822479248
-2.14436936378479
-1.6026853322982788
-1.4089072942733765
-1.8559820652008057
-1.5374376773834229
-1.2658874988555908
-1.3890751600265503
-1.3754061460494995
-1.6376721858978271
-1.3475313186645508
-1.7072778940200806
-1.4289277791976929
-1.7471048831939697
-1.5109500885009766
-1.5150567293167114
-1.4467941522598267
-1.4827624559402466
-1.4894846677780151
-1.7480000257492065
-1.6804238557815552
-1.4363880157470703
-1.5748565196990967
-1.6006686687469482
-1.3954637050628662
-1.088690996170044
-1.8587133884429932
-1.7990148067474365
-2.2221689224243164
-1.5969282388687134
-1.4628658294677734
-1.7574430704116821
-1.3235772848129272
-2.0494935512542725
-1.336768388748169
-1.7199739217758179
-1.31281316280365
-1.5969550609588623
-1.3709012269973755
-2.8067967891693115
-1.3802255392074585
-1.5024158954620361
-1.1077773571014404
-1.448791265487671
-1.422757625579834
-1.5077509880065918
-1.6771275997161865
-1.9546501636505127
-1.4351587295532227
-1.9621385335922241
-1.6737406253814697
-1.5050748586654663
-1.3755648136138916
-1.6212021112442017
-1.5032098293304443
-1.9424351453781128
-1.659177541732788
-1.5600571632385254
-1.4977794885635376
-1.7393823862075806
-1.416675090789795
-1.5412929058074951
-1.5659775733947754
-1.897976040840149
-1.7076343297958374
-1.6687384843826294
-0.8362982869148254
-1.8538469076156616
-1.8251155614852905
-1.7349556684494019
-1.2253552675247192
-1.6999934911727905
-1.6092661619186401
-1.7368220090866089
-1.5227919816970825
-1.3676912784576416
-1.7036771774291992
-1.6249619722366333
-2.049262046813965
-1.6294679641723633
-1.5525628328323364
-1.5056126117706299
-1.509118914604187
-1.7616714239120483
-1.3733232021331787
-1.581154704093933
-1.4796559810638428
-1.579470157623291
-1.4353324174880981
-1.500590443611145
-1.7175734043121338
-1.7359211444854736
-1.8908511400222778
-1.3212460279464722
-1.341217041015625
-1.6424400806427002
-1.5265346765518188
-1.2810786962509155
-1.578347086906433
-1.7459595203399658
-1.5833940505981445
-1.5767199993133545
-1.3703256845474243
-1.4908368587493896
-1.4305394887924194
-1.9241865873336792
-1.753358006477356
-1.5891568660736084
-1.6240358352661133
-1.2821255922317505
-1.4307211637496948
-1.3689336776733398
-1.4330973625183105
-1.7541896104812622
-1.7864958047866821
-1.4158738851547241
-1.5178779363632202
-1.5444492101669312
-1.3837908506393433
-1.5064094066619873
-1.4590433835983276
-1.5105702877044678
-1.6708251237869263
-1.6651982069015503
-1.6374232769012451
