-0.6632174849510193
-0.7873507738113403
-0.724081814289093
-0.7700960040092468
-1.0089374780654907
-0.6003636717796326
-0.835843563079834
-0.7464123368263245
-1.1096659898757935
-0.598699688911438
-0.6136513352394104
-0.8873329758644104
-0.9553160667419434
-0.9124898910522461
-1.162960410118103
-0.8371133208274841
-0.9026862978935242
-0.6884968876838684
-0.7393630743026733
-0.8480759859085083
-1.2169320583343506
-0.7056213021278381
-1.0855395793914795
-0.7891427874565125
-0.8026167750358582
-0.7703481316566467
-1.0439311265945435
-0.628283679485321
-0.7059769034385681
-0.6876892447471619
-0.8856235146522522
-0.9904332756996155
-0.8662654757499695
-0.8202836513519287
-0.8407634496688843
-0.7210228443145752
-0.9015870094299316
-0.6897156834602356
-0.718631386756897
-0.8539848327636719
-0.9455403685569763
-0.5277875661849976
-1.0220921039581299
-0.776868462562561
-0.6882623434066772
-0.709945797920227
-0.8163661360740662
-0.7502650618553162
-0.8706579804420471
-0.7317832112312317
-0.9198901653289795
-0.7267019152641296
-0.7774772644042969
-0.7753006219863892
-0.9697551131248474
-0.7028290629386902
-0.9727383255958557
-0.649670422077179
-1.2889655828475952
-0.5796167850494385
-0.6432075500488281
-0.854063093662262
-0.8770202994346619
-0.7545614242553711
-0.7356144785881042
-0.9006345868110657
-0.7096512317657471
-0.757769763469696
-1.043428897857666
-0.7286744117736816
-0.7647610902786255
-0.7393306493759155
-0.8070071935653687
-0.8238356113433838
-0.7923248410224915
-0.7695212364196777
-0.9592238068580627
-0.8058509230613708
-0.7940994501113892
-0.9449008107185364
-1.0292179584503174
-0.5969101786613464
-0.849643886089325
-0.9872061610221863
-0.8231803178787231
-0.6742467880249023
-1.0593822002410889
-0.811979353427887
-0.8409211039543152
-0.7102755904197693
-0.7403605580329895
-0.7976738810539246
-0.7529049515724182
-0.6959084272384644
-1.0044729709625244
-0.7921119928359985
-0.7658565044403076
-0.8030447363853455
-1.006560206413269
-0.7806786298751831
-0.7780566215515137
-1.1062918901443481
-1.0650520324707031
-0.977371335029602
-0.888514518737793
-0.7397345304489136
-0.8750661611557007
-0.5993645191192627
-1.4584808349609375
-0.6266503930091858
-0.8180878162384033
-0.7308735251426697
-0.8287631273269653
-0.6048138737678528
-1.4519007205963135
-0.7080041766166687
-0.8036890029907227
-0.6410173773765564
-0.8664113283157349
-0.5956457853317261
-0.8458675742149353
-0.9326575994491577
-0.9591671228408813
-0.7100247740745544
-0.99334716796875
-0.8230758905410767
-0.6652191877365112
-0.7114775776863098
-1.078600287437439
-0.7493171691894531
-1.2241045236587524
-0.8063706755638123
-1.0893347263336182
-0.7373964190483093
-0.8662935495376587
-1.1897443532943726
-0.8551499247550964
-0.8225957751274109
-0.7430658340454102
-0.8409773111343384
-0.8198500871658325
-0.39226943254470825
-1.0169212818145752
-0.8190861344337463
-0.8646463751792908
-0.5455767512321472
-0.9798504114151001
-1.120288372039795
-0.957594096660614
-0.6838217973709106
-0.8045265674591064
-0.8779918551445007
-0.9084269404411316
-0.7840172648429871
-0.7313070297241211
-0.6911388039588928
-0.8383969068527222
-0.639181911945343
-1.060428500175476
-0.6466816663742065
-0.7230784893035889
-0.7987364530563354
-0.8316537737846375
-0.6441562175750732
-0.8640773892402649
-0.680344820022583
-0.9654551148414612
-0.9385271668434143
-0.7385627031326294
-0.6821700930595398
-0.8891557455062866
-0.691716194152832
-0.8063151836395264
-0.7615606188774109
-1.2774735689163208
-0.9363018870353699
-0.9921760559082031
-0.7763531804084778
-1.424697995185852
-0.8937994837760925
-1.0909985303878784
-0.7859776616096497
-0.8557101488113403
-0.7655325531959534
-0.8062599897384644
-0.8037074208259583
-0.8626457452774048
-0.7374178767204285
-1.018131136894226
-0.8836519122123718
-0.7864677906036377
-0.6755524277687073
-0.9519756436347961
-0.5704694390296936
-0.8144590258598328
-0.7837405204772949
-0.925845742225647
-0.9105219841003418
-0.8968443274497986
-0.9761049747467041
