-1.6542863845825195
-1.6492083072662354
-1.5209908485412598
-1.4655851125717163
-1.6111475229263306
-1.2132089138031006
-1.498916745185852
-1.307334303855896
-2.1153671741485596
-1.2478338479995728
-1.2824300527572632
-1.4326013326644897
-2.118800163269043
-1.4022313356399536
-1.978660225868225
-1.3675318956375122
-1.5090057849884033
-1.2763594388961792
-1.7485771179199219
-1.8507229089736938
-2.014349937438965
-1.315456748008728
-1.7365055084228516
-1.3913263082504272
-1.4368664026260376
-1.3730523586273193
-2.145890712738037
-1.207247018814087
-1.4568912982940674
-1.2330174446105957
-1.548291802406311
-1.4784835577011108
-1.9600377082824707
-1.6106916666030884
-1.667452335357666
-1.4035990238189697
-1.6521450281143188
-1.2498663663864136
-1.1594587564468384
-1.419463872909546
-1.7743366956710815
-1.1073212623596191
-1.9859967231750488
-1.3340098857879639
-1.411454200744629
-1.3515793085098267
-1.4000177383422852
-1.3236451148986816
-1.5821524858474731
-1.2421560287475586
-1.9584722518920898
-1.5686042308807373
-1.389228343963623
-1.3498743772506714
-1.8912612199783325
-1.216575264930725
-2.0781188011169434
-1.2955658435821533
-2.3048765659332275
-1.1700971126556396
-1.154092788696289
-1.412297010421753
-1.6871223449707031
-1.523297905921936
-1.3734033107757568
-1.391501784324646
-1.5361558198928833
-1.3736183643341064
-1.7830593585968018
-1.2751185894012451
-1.4617249965667725
-1.2497813701629639
-1.6708178520202637
-1.2402640581130981
-1.4281665086746216
-1.3909125328063965
-1.627237319946289
-1.4636249542236328
-1.706178903579712
-1.5361065864562988
-1.4648326635360718
-1.338529109954834
-1.4096430540084839
-1.6881282329559326
-1.6370269060134888
-1.51348078250885
-2.397359609603882
-1.3338615894317627
-1.2386760711669922
-2.5594358444213867
-1.2895331382751465
-1.26459538936615
-1.534685730934143
-1.3728203773498535
-1.7425094842910767
-1.4230753183364868
-1.144892930984497
-1.5134655237197876
-1.9434889554977417
-1.3152384757995605
-1.433154582977295
-1.8205857276916504
-2.0649406909942627
-1.4430463314056396
-1.5462448596954346
-1.200160264968872
-1.8532307147979736
-1.2929543256759644
-2.350496768951416
-1.1306953430175781
-1.5119251012802124
-1.1317204236984253
-1.5078843832015991
-1.1566725969314575
-2.7531840801239014
-1.4884634017944336
-1.4303176403045654
-1.0412653684616089
-1.4353162050247192
-1.220894455909729
-1.9177104234695435
-1.5484341382980347
-2.2497129440307617
-1.127608060836792
-1.67043137550354
-1.3135764598846436
-1.3282074928283691
-1.3323901891708374
-1.7169227600097656
-1.162601113319397
-2.1050455570220947
-1.3230550289154053
-2.0077714920043945
-1.194333553314209
-1.7598658800125122
-1.674780011177063
-1.5819143056869507
-1.3453437089920044
-1.495698094367981
-1.2855569124221802
-1.4873615503311157
-0.8384976387023926
-1.9266972541809082
-1.4083913564682007
-1.8049519062042236
-1.3117660284042358
-1.981964349746704
-1.8143703937530518
-1.5838807821273804
-2.483025074005127
-1.8592450618743896
-1.6585651636123657
-1.6200735569000244
-1.5706202983856201
-1.7172846794128418
-1.1724406480789185
-1.7971206903457642
-1.1175674200057983
-2.12325119972229
-1.3252052068710327
-1.2645888328552246
-1.3648533821105957
-1.5692546367645264
-1.2823870182037354
-1.6944772005081177
-1.1478413343429565
-1.6353087425231934
-1.5962811708450317
-1.3144679069519043
-1.276779055595398
-1.3109081983566284
-1.2078605890274048
-1.431501030921936
-1.6027146577835083
-2.076981544494629
-1.6461247205734253
-1.5394313335418701
-1.5038015842437744
-1.9289528131484985
-1.3648207187652588
-1.5669697523117065
-1.2341862916946411
-1.6355571746826172
-1.3704220056533813
-1.5830869674682617
-1.4169152975082397
-1.486311435699463
-1.2667415142059326
-1.7337113618850708
-1.228561282157898
-1.558454155921936
-1.2504379749298096
-1.633154273033142
-1.269925832748413
-1.5155370235443115
-1.362168312072754
-1.8076828718185425
-1.4424723386764526
-1.55199134349823
-1.4667404890060425
