0.6777515751974923
0.9806310534477234
0.971057802438736
0.9826717302203178
0.7543625365942717
0.7812647391110659
0.9938141584396363
0.7764300783682201
0.9888232350349426
0.8637392479512427
0.9310609648625056
0.7446457883634139
0.9726985841989517
0.9874399304389954
0.801824801415205
0.8230119819220688
0.9453021188577017
0.7508850395679474
0.8129585640614524
0.7672032967675477
0.9862114638090134
0.8427826650440693
0.9723817606767019
0.8295858594744155
0.9386585354804993
0.9294266899426779
0.8152427872021993
0.7289616314487325
0.44350632578134536
0.858438715338707
0.9893676553453717
0.9899774044752121
0.501707403047476
0.8175548732280731
0.7805107359826151
0.9892608374357224
0.9238373296601432
0.7063697166740894
0.7371650309767575
0.9857453789029803
0.8872706294059753
0.7811513179913163
0.7625246512082716
0.8237128364188331
0.7149718962609768
0.9814785122871399
0.9881665706634521
0.7833823263645172
0.8773359209299088
0.8121606037020683
0.8266909377028545
0.9937696307897568
0.7114504221826792
0.7552595529705286
0.9903963208198547
0.2160429060459137
0.46359358518384397
0.9791620590470054
0.968666672706604
0.9504216015338898
0.9889235198497772
0.8523328985486712
0.6632817852466056
0.9914895296096802
0.6677350597456098
0.9903631806373596
0.9931731053761074
0.7303776293992996
0.8209374110613551
0.9156422704458237
0.9720937510331472
0.6697855609365635
0.9459369074214589
0.9888976613680521
0.8456824976148911
0.9453209519386292
0.9209497272968292
0.7444055378437042
0.8403789401054382
0.2834114874713123
0.9404388785362243
0.6025149516761303
0.6078089761780575
0.6650725292662779
0.5979459205021461
0.8270172395801637
0.6169305257499218
0.8060908317565918
0.7611814767122269
0.9200907972725955
0.7006138424788203
0.9935040175914764
0.9920301834742228
0.9586494224412101
0.8646385714411735
0.7797487407922745
0.9798018485307693
0.8975772397084669
0.9907907843589783
0.8521915558459503
0.9857607364654541
0.7645697693030039
0.8978197475274404
0.903822910785675
0.8732430756092071
0.706433268263936
0.9085470272435082
0.8845050384600958
0.9881278514862061
0.9788811802864075
0.7986613690853119
0.9892776012420654
0.7310061899479479
0.8519792123697698
0.9940051436424255
0.6459484973124096
0.8354867150386175
0.9897168874740601
0.9903576374053955
0.8418987604478995
0.7993051828816533
0.7529439823701978
0.964105228583018
0.8681978558500608
0.8436539471149445
0.7610014329353968
0.7570798065513372
0.8262062041321769
0.7498819828033447
0.7789041981256256
0.8686499297618866
0.8079360947012901
0.9858570247888565
0.979387640953064
0.9759479761123657
0.9399246573448181
0.9609496593475342
0.7492604344151914
0.9135957837104798
0.7487021426204592
0.7942990341356823
0.8334411645773798
0.992662250995636
0.6933160033077002
0.9006174504756927
0.9929248988628387
0.9613669912020365
0.9927759965260824
0.8134631440043449
0.9930229261517525
0.7780572801828385
0.8921500345071157
0.8817799061536788
0.7684081248939038
0.8345049931150343
0.9884362476212638
0.7428365219190406
0.9171373673847744
0.9859428320612226
0.8633505854416977
0.7155111382404963
0.7507583194722732
0.9845982139760797
0.9755321078830295
0.7764436279733976
0.794605355052387
0.8492117250959078
0.9859227299690246
0.7977060601115227
0.7584672775119543
0.6597080181042353
0.8458734810352325
0.773983532828944
0.909355362256368
0.6642523817718029
0.7223007559776307
0.9057158626277338
0.760365067049861
0.9777570962905884
0.9789563332285199
0.8430998744443059
0.807867668569088
0.6998935824570557
0.9918661564588547
0.7973267789930105
0.6635833866894245
0.7897410851437598
0.829819897034516
0.9791900038719177
0.9855157732963562
0.9425422698259354
0.9293902450137668
0.9710181504487991
0.9814860886997647
0.8443543696776032
0.8881468966603279
0.7607119977474213
0.5598950403121611
0.7790951617062092
0.7999550998210907
