-1.8268969058990479
-1.5620657205581665
-1.5774340629577637
-1.9076080322265625
-2.174790382385254
-1.672316312789917
-2.1275243759155273
-1.9976933002471924
-2.093383312225342
-1.9396353960037231
-1.7537978887557983
-2.146592140197754
-2.18979549407959
-1.7196440696716309
-2.1997718811035156
-1.7722798585891724
-1.716330885887146
-1.5288642644882202
-1.6625179052352905
-1.8437139987945557
-1.8747090101242065
-1.9822518825531006
-2.181534767150879
-1.8622833490371704
-2.0776174068450928
-1.9470258951187134
-2.6738481521606445
-1.7201265096664429
-1.9542843103408813
-1.960033655166626
-2.2118799686431885
-1.9388031959533691
-1.9853118658065796
-2.3558197021484375
-2.2276391983032227
-1.9928267002105713
-2.0768237113952637
-2.3242318630218506
-1.6193212270736694
-1.7443026304244995
-1.9160972833633423
-1.701249599456787
-2.494126558303833
-2.080522060394287
-1.8693610429763794
-1.7870187759399414
-1.7110798358917236
-1.862848162651062
-2.1342549324035645
-1.6263022422790527
-1.908953070640564
-1.8527170419692993
-1.6690888404846191
-1.7595877647399902
-2.7095882892608643
-1.6470550298690796
-2.130866765975952
-1.6864629983901978
-2.2564570903778076
-1.7154966592788696
-1.808219313621521
-1.9372254610061646
-1.9357261657714844
-1.9084621667861938
-1.801068663597107
-1.7086601257324219
-1.5955554246902466
-1.632062315940857
-1.997809648513794
-1.7097283601760864
-1.7733725309371948
-2.0600643157958984
-1.813535451889038
-2.262256622314453
-1.8044171333312988
-1.6867653131484985
-2.465533494949341
-2.050758123397827
-1.8611732721328735
-2.1819639205932617
-1.8518000841140747
-1.283989429473877
-1.7838624715805054
-1.679636001586914
-2.0008621215820312
-1.6496777534484863
-1.981006145477295
-1.7093690633773804
-2.044232130050659
-1.850925326347351
-1.8746665716171265
-1.7961986064910889
-1.9419550895690918
-1.8739731311798096
-1.9515424966812134
-2.0464768409729004
-2.0256152153015137
-2.144826889038086
-1.9473646879196167
-1.857574462890625
-1.3497648239135742
-2.0207440853118896
-2.0595462322235107
-2.5398499965667725
-1.8993991613388062
-1.9065804481506348
-1.9884939193725586
-1.7375118732452393
-2.38425874710083
-1.8004958629608154
-2.1878859996795654
-1.4632781744003296
-1.9472506046295166
-1.6394001245498657
-3.29380464553833
-1.8962516784667969
-2.0253524780273438
-1.4108400344848633
-1.6349519491195679
-1.8730316162109375
-1.9928663969039917
-2.1084752082824707
-2.3145625591278076
-1.9024968147277832
-2.2301032543182373
-2.1043410301208496
-1.8151994943618774
-1.7861164808273315
-2.145536422729492
-1.8257720470428467
-2.2566988468170166
-2.0621912479400635
-2.0496771335601807
-1.7967640161514282
-2.1036581993103027
-1.834043025970459
-2.0379793643951416
-2.0783047676086426
-2.0597598552703857
-2.0715160369873047
-2.0508806705474854
-1.110273838043213
-2.0752620697021484
-2.0714056491851807
-2.004303455352783
-1.4980202913284302
-2.06264066696167
-1.6872222423553467
-2.107296943664551
-1.758223056793213
-1.752450704574585
-2.0593526363372803
-1.8617106676101685
-2.3960623741149902
-2.018010139465332
-1.9117385149002075
-1.6989598274230957
-1.8973171710968018
-2.0277163982391357
-1.6658544540405273
-1.8104078769683838
-1.864988923072815
-2.0823779106140137
-1.8060427904129028
-1.8052992820739746
-2.0378425121307373
-2.2100632190704346
-2.2236440181732178
-1.6490331888198853
-1.5857973098754883
-2.1694655418395996
-2.142913341522217
-1.6143510341644287
-1.9735807180404663
-2.118056297302246
-1.7882027626037598
-1.8608182668685913
-2.0522985458374023
-1.7763028144836426
-1.8192932605743408
-2.38478946685791
-1.9578142166137695
-1.8899202346801758
-2.010801076889038
-1.6715610027313232
-1.6254205703735352
-1.8213199377059937
-1.71843683719635
-2.087049961090088
-2.2764365673065186
-1.7059657573699951
-1.8259495496749878
-1.7478281259536743
-1.7989933490753174
-1.764840841293335
-1.7835094928741455
-1.9218616485595703
-1.9439643621444702
-1.9983302354812622
-1.7602505683898926
