-2.1266517639160156
-1.9854189157485962
-1.721771478652954
-2.312185525894165
-2.7754390239715576
-2.1452996730804443
-2.444521427154541
-2.5560619831085205
-2.4600043296813965
-2.291942596435547
-1.9666939973831177
-2.5296132564544678
-2.651597738265991
-1.889931082725525
-2.4324467182159424
-2.1057612895965576
-2.2163939476013184
-1.726082682609558
-1.901976466178894
-2.3359572887420654
-2.414515256881714
-2.3457577228546143
-2.5578508377075195
-2.190507650375366
-2.6042897701263428
-2.8459596633911133
-3.174327850341797
-2.0960350036621094
-2.187655448913574
-2.262868642807007
-2.425153970718384
-2.6109352111816406
-2.2280068397521973
-2.9253251552581787
-2.486485481262207
-2.2797069549560547
-2.395639181137085
-1.9458186626434326
-1.8211325407028198
-2.0609958171844482
-2.227266788482666
-2.035717010498047
-2.826188802719116
-2.442636489868164
-2.1570098400115967
-2.2321836948394775
-2.137817144393921
-2.172039031982422
-2.388821601867676
-2.194389581680298
-2.212143659591675
-2.04559063911438
-1.8640702962875366
-2.134932041168213
-3.290335178375244
-2.123762369155884
-2.4511890411376953
-1.9702705144882202
-2.6098105907440186
-2.0290915966033936
-2.299685001373291
-2.377436399459839
-2.243319272994995
-2.0874710083007812
-2.2208714485168457
-2.431429386138916
-1.8020801544189453
-1.9041290283203125
-2.208237886428833
-2.0628747940063477
-2.0842044353485107
-2.349668502807617
-2.1838700771331787
-2.5761592388153076
-2.2901992797851562
-2.191324472427368
-2.9755053520202637
-2.3275935649871826
-2.236055374145508
-2.6152377128601074
-2.183863878250122
-1.6976336240768433
-2.004741668701172
-1.909532904624939
-2.3591034412384033
-1.9381957054138184
-2.2236435413360596
-2.1013500690460205
-2.5154247283935547
-2.347728729248047
-2.062389373779297
-2.3276960849761963
-2.236708402633667
-2.106607437133789
-2.369474411010742
-2.447521209716797
-2.473144292831421
-2.4908032417297363
-2.335045337677002
-2.4180963039398193
-1.578566551208496
-2.3631229400634766
-2.337959051132202
-2.9485433101654053
-2.2671380043029785
-2.321042060852051
-2.258807420730591
-1.9917484521865845
-2.8043980598449707
-2.1951162815093994
-2.5890960693359375
-1.7907229661941528
-2.3480730056762695
-1.7807990312576294
-3.481011152267456
-2.237074613571167
-2.402242660522461
-1.6149218082427979
-1.9706040620803833
-2.237403392791748
-2.1981301307678223
-2.4356555938720703
-2.697813034057617
-2.244940757751465
-2.6046853065490723
-2.4196343421936035
-2.1264970302581787
-1.9364078044891357
-2.4744699001312256
-2.1589982509613037
-2.6486103534698486
-2.6138503551483154
-2.5579216480255127
-1.959776759147644
-2.508301258087158
-2.246497869491577
-2.3662259578704834
-2.3440325260162354
-2.3369600772857666
-2.492482900619507
-2.4358081817626953
-1.4045586585998535
-2.3849360942840576
-2.361313581466675
-2.2651045322418213
-1.8630526065826416
-2.3868627548217773
-1.985419511795044
-2.481630563735962
-2.0504376888275146
-2.1222596168518066
-2.3189871311187744
-2.1481125354766846
-2.7465925216674805
-2.3497207164764404
-2.44279146194458
-1.9243141412734985
-2.1655938625335693
-2.3764185905456543
-1.9500588178634644
-2.1999900341033936
-2.2027573585510254
-2.324596643447876
-2.239328145980835
-2.064570903778076
-2.5362818241119385
-2.7734451293945312
-2.6533560752868652
-1.8157728910446167
-1.889838695526123
-2.5628468990325928
-2.5358920097351074
-1.9270890951156616
-2.200305700302124
-2.696145534515381
-2.132333517074585
-2.161587953567505
-2.5033369064331055
-2.185121536254883
-2.066704034805298
-2.8414626121520996
-2.502645492553711
-2.293488025665283
-2.3430652618408203
-2.0753469467163086
-2.0689423084259033
-2.1495327949523926
-1.9066600799560547
-2.3502345085144043
-2.6748416423797607
-1.9463348388671875
-2.126460552215576
-2.2489640712738037
-2.2404489517211914
-2.060621738433838
-2.034616470336914
-2.1078529357910156
-2.1941187381744385
-2.301100015640259
-2.115105390548706
