-0.7274718880653381
-0.7870712876319885
-0.7599613666534424
-0.8288113474845886
-0.9292614459991455
-0.6491976976394653
-0.8614775538444519
-0.8428651094436646
-1.0982227325439453
-0.6749234199523926
-0.6912820339202881
-1.0069173574447632
-1.0086889266967773
-0.6517466306686401
-1.1703463792800903
-0.8627228736877441
-0.9113385677337646
-0.7828274965286255
-0.7604722380638123
-0.7293451428413391
-1.2249785661697388
-0.7962290048599243
-1.1181834936141968
-0.8109306693077087
-0.8905578851699829
-0.7867683172225952
-1.0351256132125854
-0.7480127811431885
-0.8332442045211792
-0.7847608327865601
-0.9246386289596558
-1.0553890466690063
-0.9084845781326294
-0.8684085011482239
-0.8735575675964355
-0.7936437129974365
-0.96795254945755
-0.7292481064796448
-0.7675808072090149
-0.7532683610916138
-0.9724876880645752
-0.5768898725509644
-1.0680923461914062
-1.3278752565383911
-0.7772278785705566
-0.7177667021751404
-0.9136101603507996
-0.8545348644256592
-0.9052153825759888
-0.7488479018211365
-0.934539258480072
-0.7978904843330383
-0.8697516322135925
-0.7766812443733215
-1.0025584697723389
-0.7364340424537659
-1.1188651323318481
-0.6914152503013611
-1.379516839981079
-0.6420588493347168
-0.6749938130378723
-0.9311983585357666
-1.0557068586349487
-0.814163088798523
-0.8921131491661072
-0.9608674645423889
-0.7262897491455078
-0.8963208198547363
-1.1133216619491577
-0.7292971014976501
-0.7883128523826599
-0.9324828386306763
-0.8621702790260315
-0.8683477640151978
-0.8089388012886047
-0.8168463110923767
-1.0795961618423462
-0.9116101264953613
-0.9153977632522583
-1.0263172388076782
-1.0604493618011475
-0.7383099794387817
-0.9281137585639954
-1.0180041790008545
-0.9292356371879578
-0.7344851493835449
-1.1186617612838745
-0.8363761901855469
-0.9192970395088196
-0.7778921127319336
-0.8185087442398071
-0.8273875117301941
-0.8386547565460205
-0.7373858690261841
-1.0734227895736694
-0.8725163340568542
-0.836308479309082
-0.8518584370613098
-1.0349173545837402
-1.1157726049423218
-0.7859974503517151
-1.2042025327682495
-1.1077145338058472
-1.0043798685073853
-1.086132526397705
-0.74552983045578
-0.9994615316390991
-0.6869929432868958
-1.5368046760559082
-0.6342857480049133
-0.8420780301094055
-0.7454972267150879
-0.8759306073188782
-0.6556368470191956
-1.5087172985076904
-0.7386244535446167
-0.8882938623428345
-0.653671383857727
-0.9254552125930786
-0.6977009177207947
-0.9569045901298523
-0.9763321876525879
-1.1252858638763428
-0.8384097218513489
-1.0673729181289673
-0.9486884474754333
-0.793239951133728
-0.8009301424026489
-1.207180380821228
-0.8511882424354553
-1.2565462589263916
-0.9462013244628906
-1.0852361917495728
-0.8633372187614441
-0.9247071146965027
-0.779708206653595
-0.8583974242210388
-0.8587501049041748
-0.7841606736183167
-1.0245425701141357
-0.8903894424438477
-0.4156140983104706
-1.0744478702545166
-0.9605252146720886
-0.9639923572540283
-0.5790671706199646
-1.0532375574111938
-1.1247296333312988
-0.9573941230773926
-0.7660166621208191
-0.8584144711494446
-1.1160120964050293
-0.9792829155921936
-0.9108859896659851
-0.7873720526695251
-0.6984583139419556
-0.858997642993927
-0.7150437831878662
-1.1330405473709106
-0.6751237511634827
-0.7248961925506592
-0.8689695000648499
-0.908972978591919
-0.7030262351036072
-0.8855417966842651
-0.7678874135017395
-1.0608794689178467
-1.0086090564727783
-0.7679479718208313
-0.6812803149223328
-0.9378560781478882
-0.7887061238288879
-0.8937594294548035
-0.8048575520515442
-1.2767350673675537
-1.012933373451233
-0.9320924878120422
-0.7920644879341125
-1.0488661527633667
-0.8590212464332581
-1.0024455785751343
-0.8876937627792358
-0.9577953219413757
-0.8565452098846436
-0.8016853928565979
-0.842264711856842
-0.8751311302185059
-0.7880732417106628
-1.1038051843643188
-0.9250768423080444
-0.8316706418991089
-0.708324670791626
-1.0267409086227417
-1.0567681789398193
-0.825514554977417
-0.944362461566925
-1.0207046270370483
-0.991912841796875
-0.9219601154327393
-0.9294553995132446
