0.9828026294708252
0.9924471974372864
0.9447140693664551
0.9933379888534546
0.9780497550964355
0.9939345717430115
0.9901282787322998
0.9834358096122742
0.982498288154602
0.9886900782585144
0.9874221682548523
0.9850044846534729
0.9825758934020996
0.9931238889694214
0.9401237964630127
0.9794836640357971
0.977779746055603
0.9904604554176331
0.9812874794006348
0.9901472330093384
0.9737818837165833
0.9907200932502747
0.9569122791290283
0.989052951335907
0.9668081402778625
0.9867537021636963
0.9222241044044495
0.9927749037742615
0.99155592918396
0.9914166331291199
0.9872431755065918
0.9882851839065552
0.9519814252853394
0.9921196103096008
0.9873344898223877
0.9951785802841187
0.9773309230804443
0.9893484115600586
0.9916799068450928
0.987077534198761
0.981612503528595
0.9861892461776733
0.9566338658332825
0.9948499202728271
0.9752838015556335
0.9846328496932983
0.9937378168106079
0.9726042151451111
0.9819386005401611
0.9955017566680908
0.977350652217865
0.9881536364555359
0.9881351590156555
0.989845335483551
0.9864721894264221
0.9786621928215027
0.9631717801094055
0.9752703309059143
0.981707751750946
0.9777652621269226
0.9860203266143799
0.9832773208618164
0.9540642499923706
0.9918635487556458
0.9791909456253052
0.9849279522895813
0.9743325114250183
0.9883617758750916
0.9507536292076111
0.9721912741661072
0.9912490844726562
0.9897703528404236
0.9712722301483154
0.9916679263114929
0.9874840378761292
0.9980421662330627
0.9746467471122742
0.9928926229476929
0.9836099743843079
0.9961760640144348
0.9727623462677002
0.985531747341156
0.9649083614349365
0.961539626121521
0.9836011528968811
0.9816385507583618
0.8476669192314148
0.9900538921356201
0.9824519753456116
0.9881245493888855
0.9823245406150818
0.9942598342895508
0.9871010184288025
0.9855249524116516
0.9392798542976379
0.9870873093605042
0.9959677457809448
0.9868939518928528
0.9846106767654419
0.9827118515968323
0.9886874556541443
0.9698326587677002
0.9698030352592468
0.99278324842453
0.996280312538147
0.9917715787887573
0.9781854748725891
0.9739781022071838
0.9816851019859314
0.9965173602104187
0.9881575107574463
0.9878897070884705
0.941036581993103
0.9933829307556152
0.9382691979408264
0.9857908487319946
0.9893661141395569
0.9966315627098083
0.9833301901817322
0.9858130216598511
0.9379043579101562
0.9895787239074707
0.9604834914207458
0.9944907426834106
0.974668025970459
0.9916489124298096
0.981514036655426
0.9914712905883789
0.9847214221954346
0.9905712008476257
0.9380509853363037
0.9916178584098816
0.958780825138092
0.9941442012786865
0.980546236038208
0.9814291596412659
0.9548341631889343
0.9922599792480469
0.9672241806983948
0.9959904551506042
0.9737312197685242
0.9921473860740662
0.9877437949180603
0.9882053732872009
0.9906646609306335
0.9764571785926819
0.8913686871528625
0.9935829043388367
0.9663358330726624
0.9806926846504211
0.9847511649131775
0.9663402438163757
0.9696940183639526
0.9778589010238647
0.9825296401977539
0.9940165281295776
0.9831690192222595
0.9924277663230896
0.9704813957214355
0.9891960024833679
0.9871785640716553
0.9900050759315491
0.9356717467308044
0.9897686243057251
0.9386535882949829
0.9811072945594788
0.9831410646438599
0.9833998084068298
0.994429886341095
0.9970501661300659
0.988167405128479
0.9922944903373718
0.9883675575256348
0.986985445022583
0.9749530553817749
0.9933806657791138
0.978370726108551
0.9919171333312988
0.9501791000366211
0.9946948885917664
0.9794133901596069
0.9933940172195435
0.9870730638504028
0.9785752296447754
0.9648838043212891
0.9942615032196045
0.975374698638916
0.9909852147102356
0.985101044178009
0.9932013154029846
0.988797128200531
0.9684029817581177
0.952671229839325
0.9861819744110107
0.9705698490142822
0.9935052990913391
0.9932745695114136
0.9935814142227173
0.960052490234375
0.9892823100090027
