0.4343772005023701
0.16131848900113255
0.46291969111189246
0.5092379219131544
0.24980355956358835
0.2386424109339714
0.5547904239036143
0.08521530777215958
0.2715193263720721
0.2889436548058357
0.055052307519045746
0.2681271635083249
0.1415112524991855
0.07340108416974545
0.058088659797795116
0.4101267180771434
0.23171319370158017
0.2473801604937762
0.020656381050745645
0.1296112003547023
0.5087784873321652
0.2781312698997291
0.5604470286828777
0.17409082048106939
0.2723376858048141
0.3017701310600387
0.14733740501105785
0.2878542951851462
0.014946108660660684
0.21710672352928667
0.28759456728585064
0.3370699491351843
0.04224940939457156
0.07201323532499374
0.2512235936657008
0.39022334129549563
0.4710413806938699
0.09081320061037938
0.21991292597958817
0.09774806102116902
0.43716063678342226
0.2064612120448146
0.15317453940709433
0.22425259074329265
0.30812282068654895
0.23396289718803018
0.3843224851996638
0.4548571576597169
0.4767190497368574
0.2289152373559773
0.32827474056587863
0.16748838778585196
0.14650775957852602
0.13730995455989614
0.3728195371106267
0.0018097981810569763
0.39548570183771
0.09426131844520569
0.44657464752284187
0.32807567737264826
0.6817854456603527
0.11489008665084839
0.014949345611967146
0.005178462248295546
0.36120490742743844
0.24222265984863042
0.4620893259665796
0.20507247745990753
0.24983750070844377
0.40530929449014363
0.33765189807551604
0.07272432185709476
0.38387433295561507
0.35809598839841783
0.46369608160522247
0.37137651862576604
0.016793557297205552
0.06403879395220428
0.48634415748529136
0.08521953830495477
0.01726645980961621
0.3331125165801495
0.07198147277813405
0.017009609611704946
0.11397555284202099
0.3412445519585162
0.45248248407733627
0.10202970029786229
0.010510197025723755
0.19787490072617817
0.17306186766031065
0.519289951150616
0.36896180524490774
0.34866126094545635
0.5621012024581432
0.3944746404886246
0.05536228010896593
0.09552832841873168
0.05336330927093513
0.30593729371737155
0.39005170958116653
0.3698759876812498
0.6586268196503321
0.03588434038683772
0.3931749785318971
0.011381774991085487
0.1319108009338379
0.17867700247249255
0.591884708404541
0.4711616274435073
0.3480019735172391
0.5000418312847614
0.24801489780656993
0.27671617216297556
0.3053749352693558
0.21299011572929366
0.2022512594703585
0.48552206298336387
0.5142563586123288
0.08188027143478394
0.40962801326531917
0.1352070348802954
0.2509823286285003
0.47333232934276265
0.1871664491482079
0.2243347848028255
0.4491775989998132
0.04867232697350638
0.49663509614765644
0.27133548002327895
0.2629292108118534
0.5105327475660791
0.2969917462905869
0.31916605234146117
0.5333238914608955
0.3634854946052656
0.07172939600422978
0.18321807504980825
0.3011808663606644
0.08886035508476198
0.2004617021552154
0.15846185375509472
0.4867237666621804
0.36462303227744997
0.27469389070756733
0.5757860491517931
0.6066241065661112
0.6111652890297895
0.5569961499422789
0.46900447285068886
0.22917812317609787
0.5503630114641661
0.09988915175199509
0.21792810298502446
0.5250384350203805
0.6419588540281568
0.19318772234126097
0.2233020129081394
0.5176416103328977
0.37534955656155944
0.018296353751793504
0.3008745306999319
0.6063640696441077
0.16584771030789447
0.12173867225646973
0.013030133210122585
0.20351663890566365
0.3623013744130731
0.49770533706760034
0.2950661247014068
0.18494546793711683
0.02510469246190041
0.04048877706130346
0.08463014797730879
0.015452665432045857
0.32916361051611603
0.06109379529953003
0.17691837111487985
0.5353377088904381
0.3475960570254496
0.4639716020319611
0.0688882265239954
0.299566675714838
0.3442369762342423
0.17968178130686283
0.2609178761485964
0.026026661694049835
0.13484363711904734
0.30405363645404576
0.48481589354923926
0.4297201648587361
0.2560432996574996
0.8232296109199524
0.4945860095322132
0.4559602455701679
0.37254601463209835
0.3123873081058264
0.24681588972453028
0.20499648384284228
0.40069983415305616
