0.8647814393043518
0.8973410129547119
0.9020957946777344
0.8748174905776978
0.9405021667480469
0.8730794191360474
0.9466323256492615
0.9344611763954163
0.9697884321212769
0.9446736574172974
0.9373835325241089
0.9505402445793152
0.9522767663002014
0.6497295498847961
0.8112694025039673
0.9419064521789551
0.9130054712295532
0.9483203291893005
0.9341011047363281
0.9296894073486328
0.8979693651199341
0.9553226828575134
0.9214251041412354
0.9378191232681274
0.6587461233139038
0.9128936529159546
0.8333349823951721
0.9334866404533386
0.9641492366790771
0.9485002160072327
0.9438527226448059
0.9125155210494995
0.8399823904037476
0.929132878780365
0.9603725075721741
0.8673653602600098
0.9011876583099365
0.9713037014007568
0.9333519339561462
0.9236575365066528
0.9494255781173706
0.8959051966667175
0.8329563736915588
0.934241533279419
0.938801109790802
0.8255454897880554
0.9547995328903198
0.9270879626274109
0.948310911655426
0.9407690763473511
0.9104354977607727
0.9600241184234619
0.932995080947876
0.9279910922050476
0.9693988561630249
0.9345578551292419
0.7359732389450073
0.9569301009178162
0.8177003860473633
0.888172447681427
0.9676499366760254
0.9051152467727661
0.9252592325210571
0.9024908542633057
0.9385843276977539
0.9418752789497375
0.9311450719833374
0.9465627074241638
0.8362970948219299
0.9418017864227295
0.9596241116523743
0.9258525967597961
0.8961820602416992
0.9763282537460327
0.9424320459365845
0.9837870597839355
0.8843247294425964
0.9555555582046509
0.9139740467071533
0.9358036518096924
0.7736703157424927
0.9570686221122742
0.7958194017410278
0.8855162858963013
0.9153813123703003
0.9532384872436523
0.7933188080787659
0.9146120548248291
0.899797260761261
0.9397411942481995
0.912030816078186
0.9497186541557312
0.97121262550354
0.9224296808242798
0.8166288733482361
0.9400858283042908
0.7905066609382629
0.9195355772972107
0.9603936672210693
0.9519831538200378
0.9432079792022705
0.7265093922615051
0.9504737257957458
0.9479379653930664
0.9877132773399353
0.9342487454414368
0.9258481860160828
0.9310232400894165
0.9450750350952148
0.8937031030654907
0.9539006948471069
0.7959995269775391
0.8653335571289062
0.9402746558189392
0.6865937113761902
0.9250279068946838
0.9392600655555725
0.9545025825500488
0.8522520661354065
0.9089525938034058
0.8727423548698425
0.9222942590713501
0.9250619411468506
0.9663617014884949
0.9604364037513733
0.9547114372253418
0.9227548837661743
0.9141777753829956
0.9575080275535583
0.9717181921005249
0.9012983441352844
0.8749180436134338
0.9101452231407166
0.9622871279716492
0.9507848620414734
0.9249326586723328
0.9002782106399536
0.9444320201873779
0.8590874671936035
0.9545522928237915
0.9144150018692017
0.9270370006561279
0.943363606929779
0.9471915364265442
0.9160208702087402
0.9146081209182739
0.8312268257141113
0.945936381816864
0.8719136714935303
0.8837721347808838
0.9209445118904114
0.8842679262161255
0.9149596095085144
0.9404837489128113
0.9352330565452576
0.9283779859542847
0.9236572980880737
0.9186223745346069
0.9229775667190552
0.9403296709060669
0.9468500018119812
0.9623178839683533
0.9280295968055725
0.9423699975013733
0.8948046565055847
0.954685389995575
0.8958278894424438
0.9109395742416382
0.9575375914573669
0.9781320691108704
0.9253585934638977
0.7340901494026184
0.955154299736023
0.9232990145683289
0.9094066023826599
0.9455973505973816
0.891242265701294
0.7990492582321167
0.9413549304008484
0.9628651738166809
0.9035757184028625
0.9254772663116455
0.9414984583854675
0.9514907002449036
0.8991624712944031
0.9417456984519958
0.896472692489624
0.9024463891983032
0.9657071828842163
0.952760636806488
0.9462437033653259
0.9217172265052795
0.9401467442512512
0.9375453591346741
0.9367242455482483
0.9544315338134766
0.9679405093193054
0.93149334192276
0.9077978730201721
0.9618431329727173
