0.8616790643760136
0.983393132686615
0.9726895689964294
0.9880993217229843
0.9936567395925522
0.9869460105895996
0.993903660774231
0.8949956082635455
0.9899678081274033
0.9858483142322965
0.9683746049801508
0.9922141134738922
0.9816453903913498
0.9907602518796921
0.8009709648787975
0.8424934024390366
0.9445430437723795
0.7752107530832291
0.9126662292024669
0.8757701399736106
0.9800782054662704
0.9832331027303424
0.9780690471331278
0.8459235467016697
0.9411308595112392
0.9309352238972982
0.795438677072525
0.8796810507774353
0.8324392795562744
0.9639145910739899
0.9896573935236249
0.9899808466434479
0.7437789231189527
0.8178989231586457
0.8907752773827977
0.9931905269622803
0.9239725300243923
0.8427472251156966
0.9555008292198182
0.9915177055767604
0.9133083100120226
0.9032982736825943
0.9918468064732022
0.9154369022165026
0.8402966968715191
0.9941204071044922
0.9938393115997315
0.968303382396698
0.8771330714225769
0.8121231868863106
0.9898669918378195
0.9937546998262405
0.9942490756511688
0.9942636787891388
0.9907886266708374
0.8277606397867203
0.5011313557957432
0.9928036765618757
0.9717305501302084
0.9456350292478289
0.9906249642372131
0.9039112414632525
0.9937766591707865
0.9947320024172465
0.7741591347795393
0.9936133980751037
0.9936315417289734
0.9941726922988892
0.8360594670687403
0.9159988194704056
0.9939287304878235
0.8904629854692353
0.9854700240221891
0.9902746180693308
0.849682982558281
0.9475191950798034
0.9849899709224701
0.8738926589488983
0.9920629411935806
0.75933360401541
0.9455437660217285
0.992180585861206
0.7948119561420753
0.6679524307449659
0.8548597395420074
0.8851265204852098
0.7940773516893387
0.8076965063810349
0.8438017636537551
0.9903612407771024
0.894229701587132
0.9935927291711172
0.9938844641049703
0.9343783770288739
0.8994380861520768
0.937665855884552
0.9932845085859299
0.9874388412995772
0.9913255572319031
0.9938007082257952
0.9851894021034241
0.7095652172962824
0.9255224466323853
0.9205224394798279
0.9904476165771484
0.8459635632378715
0.9082102245754666
0.9941412309805552
0.9873228430747986
0.9788332581520081
0.8059692591428756
0.9903476536273956
0.9789216965436935
0.9929874198777335
0.994502067565918
0.7752772282276835
0.9895183344682058
0.9911296367645264
0.9934317022562027
0.8383912009497484
0.9189828857779503
0.7570927338674664
0.993424673875173
0.992427388827006
0.8336490069826444
0.8941928346951803
0.8511102020740509
0.9853549599647522
0.9515984356403351
0.7787917165551335
0.8686469256877899
0.9799029727776846
0.9935125112533569
0.9896884202957154
0.9751258492469788
0.9711114764213562
0.9609118700027466
0.9940015375614166
0.9325952887535095
0.9596384286880493
0.9295988934380668
0.8861679615220055
0.9938984364271164
0.9714632481336594
0.9007629752159119
0.993287718296051
0.9683679540952047
0.9930563171704611
0.9841527789831161
0.9939047694206238
0.9871573448181152
0.9563425481319427
0.9867298126220703
0.8027374677360057
0.9310361213154263
0.9889742136001587
0.8392883668356161
0.9814725092479161
0.9874938470976693
0.824662848291072
0.7159160127242407
0.8513558422111802
0.9855682849884033
0.9777245918909708
0.8477548733353615
0.9017096442334792
0.8498760585983595
0.9940117716789245
0.993683934211731
0.7753097768872976
0.8695929745833079
0.9488823294639588
0.908440853868212
0.9837584098180135
0.6644024265309175
0.8156211376190186
0.9838157783855092
0.7616441380232573
0.978307381272316
0.9802639143807548
0.8510958831757307
0.9920043349266052
0.8532379046082497
0.9928034693002701
0.7968112632632256
0.8949733525514603
0.790957645745948
0.9935421347618103
0.9784617781639099
0.9904094710946083
0.9408941914637884
0.9941741757922702
0.9751218259334564
0.9883217016855875
0.8437531525269151
0.9835206091403961
0.9596342146396637
0.8308545020408928
0.8138177193701267
0.8211722075939178
