0.9941948056221008
0.9936990737915039
0.9518592953681946
0.9951556921005249
0.9819170832633972
0.9929256439208984
0.9942656755447388
0.9933973550796509
0.9665204286575317
0.9924464225769043
0.9927535057067871
0.9849175810813904
0.9881626963615417
0.9934494495391846
0.9722886085510254
0.9915496110916138
0.9846892952919006
0.9950366616249084
0.9933180809020996
0.9902052879333496
0.9792806506156921
0.9959931969642639
0.9746400117874146
0.9978731870651245
0.9670047760009766
0.992890477180481
0.9402183294296265
0.9962136745452881
0.9971551895141602
0.997195839881897
0.9916394948959351
0.9913415908813477
0.973676323890686
0.9942683577537537
0.9959058165550232
0.9935891628265381
0.9911657571792603
0.9956939816474915
0.9952913522720337
0.9884896278381348
0.992668867111206
0.995063304901123
0.9683095216751099
0.9961589574813843
0.9927817583084106
0.9826081991195679
0.9949857592582703
0.9926419258117676
0.9567986726760864
0.9958261251449585
0.9910019040107727
0.9957238435745239
0.996014416217804
0.9883482456207275
0.9941985607147217
0.9866827726364136
0.9680683016777039
0.9957200288772583
0.9853094220161438
0.9887964725494385
0.9941990375518799
0.9968088865280151
0.9505162239074707
0.9973249435424805
0.9896966218948364
0.9889959096908569
0.9833292961120605
0.9895223379135132
0.9873906373977661
0.9871840476989746
0.9941540956497192
0.9940434694290161
0.9756914377212524
0.9969275593757629
0.996979832649231
0.997772753238678
0.9923964738845825
0.9957128763198853
0.9874475002288818
0.997159481048584
0.9799295663833618
0.9766621589660645
0.979174017906189
0.9278125762939453
0.977558970451355
0.9952236413955688
0.8944900035858154
0.9836055636405945
0.9911576509475708
0.9955497980117798
0.9943214654922485
0.9959803819656372
0.9870054721832275
0.9935665130615234
0.9739527702331543
0.9946504831314087
0.9977797269821167
0.993384599685669
0.985793948173523
0.9907715320587158
0.9904922246932983
0.9637601375579834
0.9857337474822998
0.9962432384490967
0.9971349239349365
0.9966919422149658
0.9898245334625244
0.9901436567306519
0.9892706871032715
0.9943262338638306
0.989825963973999
0.9933939576148987
0.946700930595398
0.9783174991607666
0.9144958853721619
0.9940540790557861
0.9938232898712158
0.9989535808563232
0.9916061162948608
0.9891324043273926
0.9743047952651978
0.9932261109352112
0.9863211512565613
0.9938539266586304
0.99402916431427
0.9969523549079895
0.9904254674911499
0.9922797083854675
0.9885886907577515
0.9980553388595581
0.9767224788665771
0.9958908557891846
0.9691054821014404
0.9981839656829834
0.9837007522583008
0.9921701550483704
0.9668023586273193
0.9937902092933655
0.9745145440101624
0.9976430535316467
0.9938092827796936
0.9939652681350708
0.9884161949157715
0.9971718192100525
0.9924544095993042
0.9810730218887329
0.9336954355239868
0.9964455366134644
0.9806678891181946
0.9978531002998352
0.9915199875831604
0.9831593632698059
0.9777175188064575
0.9941542148590088
0.9949127435684204
0.9977626800537109
0.9873297810554504
0.9971186518669128
0.9955902099609375
0.993645966053009
0.9945592284202576
0.9958184957504272
0.9524805545806885
0.9974803328514099
0.958666980266571
0.9965134859085083
0.9917685985565186
0.9806365966796875
0.9858666658401489
0.9971489906311035
0.9952089786529541
0.9952038526535034
0.9933428168296814
0.9877683520317078
0.9787755012512207
0.9852646589279175
0.9898343682289124
0.9973248243331909
0.958903431892395
0.9962401390075684
0.9774396419525146
0.9868966937065125
0.9893490076065063
0.9898910522460938
0.9832299947738647
0.997817873954773
0.9833979606628418
0.992479681968689
0.9848148822784424
0.9966194033622742
0.9952285885810852
0.9888075590133667
0.9820470809936523
0.9709322452545166
0.9831477403640747
0.9947346448898315
0.993296205997467
0.9945719838142395
0.9914678335189819
0.992709755897522
