0.9961299896240234
0.9981628656387329
0.9937913417816162
0.998128354549408
0.9837005734443665
0.9952414035797119
0.994813084602356
0.9974844455718994
0.9696588516235352
0.9952527284622192
0.9970693588256836
0.9933076500892639
0.9930135011672974
0.9968439936637878
0.9751169681549072
0.9939939379692078
0.9884192943572998
0.9962519407272339
0.9960777759552002
0.9923679828643799
0.9862973690032959
0.9977532625198364
0.9818376898765564
0.9988475441932678
0.9963024854660034
0.9971038103103638
0.9803019762039185
0.9986571073532104
0.9979735612869263
0.998496413230896
0.9937161207199097
0.9971596002578735
0.9843950271606445
0.9966880679130554
0.996766209602356
0.9980020523071289
0.9929114580154419
0.999539852142334
0.9968678951263428
0.9985761642456055
0.9951780438423157
0.9972400665283203
0.9861421585083008
0.9982806444168091
0.9933326244354248
0.986906886100769
0.9947476387023926
0.9967460632324219
0.9659276008605957
0.9987114667892456
0.9939603805541992
0.9979689121246338
0.9982516169548035
0.988097608089447
0.9957512021064758
0.9927196502685547
0.9801522493362427
0.9976541996002197
0.9906693696975708
0.9960182905197144
0.9979890584945679
0.9977961778640747
0.993903636932373
0.9979305863380432
0.9921506643295288
0.9935452938079834
0.9873335957527161
0.9978708028793335
0.9879326820373535
0.9971725344657898
0.997073769569397
0.9954912662506104
0.9788557291030884
0.998001217842102
0.998076319694519
0.9993078708648682
0.9924216866493225
0.9962116479873657
0.9910377860069275
0.9979603290557861
0.9886075258255005
0.97966468334198
0.9791669845581055
0.9603369235992432
0.9781384468078613
0.9977712631225586
0.894476056098938
0.9877591133117676
0.9969725608825684
0.9988647699356079
0.9985150098800659
0.9993613958358765
0.9861332774162292
0.9981348514556885
0.9759082794189453
0.997589111328125
0.9981949329376221
0.996838390827179
0.9950574040412903
0.9978228807449341
0.9926139116287231
0.9704188108444214
0.9903779029846191
0.9990935325622559
0.9976410865783691
0.9972031116485596
0.9922940731048584
0.9987050294876099
0.9933946132659912
0.9984345436096191
0.9925464391708374
0.9983784556388855
0.9671263694763184
0.9819831252098083
0.9801849126815796
0.9961351752281189
0.9951907396316528
0.9995173811912537
0.994317352771759
0.994635820388794
0.9837814569473267
0.9976680278778076
0.9924391508102417
0.9947298765182495
0.9959348440170288
0.9974840879440308
0.9938913583755493
0.996603786945343
0.9910069704055786
0.9986520409584045
0.9769200682640076
0.9973667860031128
0.9906450510025024
0.9993700981140137
0.9893027544021606
0.9967073798179626
0.9769319891929626
0.9948193430900574
0.9785232543945312
0.9984605312347412
0.9962558150291443
0.9963765740394592
0.9906843304634094
0.9977648258209229
0.9944052696228027
0.9978615641593933
0.9706231355667114
0.9976226091384888
0.9812041521072388
0.9986265897750854
0.9935209155082703
0.9935390949249268
0.9970568418502808
0.994992196559906
0.9967648983001709
0.9988021850585938
0.9880625009536743
0.9982529282569885
0.9958256483078003
0.9970784187316895
0.9962911605834961
0.996856153011322
0.9585727453231812
0.9988322257995605
0.9822124242782593
0.998437225818634
0.9935070276260376
0.9822653532028198
0.9911853671073914
0.9989662170410156
0.9968550205230713
0.9988374710083008
0.9953614473342896
0.9937331676483154
0.9811952114105225
0.9863020181655884
0.9951955080032349
0.9984447956085205
0.950525164604187
0.9981980919837952
0.9849331378936768
0.9904391765594482
0.985968291759491
0.9962301254272461
0.9884737133979797
0.9978187084197998
0.9866348505020142
0.9969261884689331
0.9856491684913635
0.9974631667137146
0.996189296245575
0.9983472228050232
0.9825083017349243
0.9976779818534851
0.9940318465232849
0.9974452257156372
0.9948379993438721
0.9974889755249023
0.9942596554756165
0.995673656463623
