0.9878946542739868
0.9975634217262268
0.9903666973114014
0.9975782036781311
0.9855411648750305
0.9991050958633423
0.9949371218681335
0.9968841671943665
0.9802759885787964
0.9984500408172607
0.9915576577186584
0.9973621368408203
0.9870393872261047
0.9992183446884155
0.963496744632721
0.9841554164886475
0.9837439060211182
0.9972838759422302
0.9907606244087219
0.9951054453849792
0.9891098737716675
0.9977653622627258
0.9732950925827026
0.9964775443077087
0.99551922082901
0.9951910376548767
0.9524114727973938
0.9987398982048035
0.9944984316825867
0.9979701638221741
0.9921508431434631
0.9993837475776672
0.9780861735343933
0.9947749972343445
0.9922754168510437
0.9964383840560913
0.9762648940086365
0.9974197745323181
0.9936725497245789
0.9961550235748291
0.9907716512680054
0.995022714138031
0.9755063056945801
0.9976276755332947
0.9835445880889893
0.9987455010414124
0.9963850975036621
0.9984437823295593
0.9855198264122009
0.9989241361618042
0.9833899736404419
0.9986241459846497
0.9955790042877197
0.9997752904891968
0.9899165034294128
0.9935259819030762
0.9705094695091248
0.9889658093452454
0.9897781610488892
0.993554949760437
0.9975787997245789
0.9957990646362305
0.9942395091056824
0.9986570477485657
0.9858229160308838
0.9946005344390869
0.981985330581665
0.9997962713241577
0.9649785757064819
0.9966283440589905
0.9945987462997437
0.995622992515564
0.9803904294967651
0.9963721036911011
0.9917421340942383
0.9993833899497986
0.9950123429298401
0.9967067837715149
0.9943081736564636
0.9985739588737488
0.9902845621109009
0.9953645467758179
0.9931621551513672
0.986778736114502
0.991321861743927
0.9976823329925537
0.8529888987541199
0.9965458512306213
0.9901561737060547
0.9976166486740112
0.9958018660545349
0.9990345239639282
0.9888442754745483
0.9971247315406799
0.9495049118995667
0.9947876930236816
0.999206006526947
0.9938763380050659
0.9923575520515442
0.998099684715271
0.9930279850959778
0.9723751544952393
0.9798523187637329
0.996598482131958
0.9970833659172058
0.9968453645706177
0.9837403893470764
0.9982307553291321
0.9814217686653137
0.9963973760604858
0.9890310168266296
0.9988240599632263
0.9611291885375977
0.9985775351524353
0.994851291179657
0.9936408996582031
0.9918394088745117
0.9995421171188354
0.9863965511322021
0.9910552501678467
0.9720215797424316
0.995500385761261
0.9795671701431274
0.9969119429588318
0.9825370907783508
0.9975057244300842
0.9929488301277161
0.9971626996994019
0.9881871938705444
0.9959349036216736
0.939458966255188
0.9980156421661377
0.9905918836593628
0.9978424310684204
0.9817195534706116
0.9973984360694885
0.9795473217964172
0.9997011423110962
0.9826114773750305
0.9989275932312012
0.9893683195114136
0.9961175918579102
0.9889898300170898
0.9981918931007385
0.9950272440910339
0.994279682636261
0.9561719298362732
0.9990114569664001
0.9729256629943848
0.9963658452033997
0.9885063767433167
0.988060474395752
0.9927245378494263
0.9863160848617554
0.99058598279953
0.9988853931427002
0.9925984144210815
0.9962793588638306
0.9840239882469177
0.9958489537239075
0.9937360286712646
0.9920249581336975
0.9448451995849609
0.9973495006561279
0.9788278341293335
0.9925035238265991
0.9886020421981812
0.9989610910415649
0.9970542192459106
0.9982654452323914
0.9917771220207214
0.9978277087211609
0.9930582642555237
0.9942549467086792
0.9728791117668152
0.9967814087867737
0.990761399269104
0.9953061938285828
0.9493183493614197
0.9987270832061768
0.9834256768226624
0.9964941143989563
0.9804441928863525
0.9967618584632874
0.9690888524055481
0.9993119239807129
0.9828037023544312
0.9983273148536682
0.9838289618492126
0.997993528842926
0.9904335737228394
0.9955781102180481
0.9538551568984985
0.9977702498435974
0.9845703840255737
0.9972341060638428
0.9960741996765137
0.998142659664154
0.9705861806869507
0.9932985305786133
