-2.367922306060791
-2.0886025428771973
-2.1791062355041504
-2.4561309814453125
-2.3036012649536133
-1.532096028327942
-2.2737717628479004
-2.1545605659484863
-2.46398663520813
-1.7421704530715942
-2.092942714691162
-2.18380069732666
-2.3162970542907715
-1.939635157585144
-2.4445767402648926
-2.151339054107666
-2.214794158935547
-1.9312069416046143
-2.4702413082122803
-2.6487977504730225
-2.614023447036743
-2.1761345863342285
-2.2009520530700684
-2.258404016494751
-2.112863540649414
-2.1387434005737305
-2.6604013442993164
-1.8643697500228882
-1.9971367120742798
-1.8676910400390625
-1.9934791326522827
-1.7932032346725464
-2.797537088394165
-1.9845017194747925
-2.2454776763916016
-1.9603351354599
-2.2235195636749268
-1.9996265172958374
-1.6100492477416992
-1.9449462890625
-2.373627185821533
-1.820692777633667
-2.6970980167388916
-1.988317847251892
-2.1262617111206055
-2.026371955871582
-1.8990931510925293
-1.8264498710632324
-2.1344528198242188
-1.8144302368164062
-2.4489455223083496
-2.1513943672180176
-1.820245623588562
-1.777118444442749
-2.2853262424468994
-1.6693799495697021
-2.9342539310455322
-2.0489883422851562
-2.8399782180786133
-1.9109070301055908
-1.8155453205108643
-1.977832555770874
-2.218456745147705
-2.0987133979797363
-2.3593716621398926
-1.9186123609542847
-2.0301403999328613
-2.108912944793701
-2.3934266567230225
-2.088139533996582
-2.288670301437378
-1.974578857421875
-2.413471221923828
-1.8929458856582642
-2.1166841983795166
-1.8224499225616455
-2.183772325515747
-1.900856375694275
-2.0616886615753174
-2.0349440574645996
-1.76104736328125
-1.8831239938735962
-1.8709003925323486
-2.5850820541381836
-2.238797664642334
-2.326789617538452
-2.7555320262908936
-2.0245957374572754
-2.0704662799835205
-3.1844544410705566
-1.8322726488113403
-1.7004077434539795
-2.288754940032959
-2.1725730895996094
-2.389176607131958
-2.18593692779541
-1.5590522289276123
-2.1231133937835693
-2.6086299419403076
-1.8448505401611328
-2.1036500930786133
-2.739079713821411
-2.858182907104492
-1.8571999073028564
-2.0888419151306152
-1.7586833238601685
-2.463521957397461
-2.037627935409546
-2.867952585220337
-1.6884537935256958
-2.1773924827575684
-1.5163922309875488
-2.1051316261291504
-1.649254322052002
-3.157029867172241
-1.9821349382400513
-1.8370416164398193
-1.4506287574768066
-1.818408489227295
-1.938206434249878
-2.5349948406219482
-2.1718955039978027
-2.8699378967285156
-1.925157904624939
-2.5716896057128906
-1.9259041547775269
-2.1122453212738037
-2.044602155685425
-2.243847370147705
-1.9623007774353027
-2.675065755844116
-1.8445957899093628
-2.4268665313720703
-1.707192301750183
-2.215268135070801
-2.1889164447784424
-2.264692783355713
-1.9063011407852173
-2.3326025009155273
-1.7889409065246582
-2.0953218936920166
-1.4039369821548462
-2.469212293624878
-2.0056560039520264
-2.3758580684661865
-2.0118610858917236
-2.723803997039795
-2.212379217147827
-2.1685211658477783
-3.117516040802002
-2.235576629638672
-2.3338937759399414
-2.385855197906494
-2.1785225868225098
-2.3439314365386963
-1.8493834733963013
-2.5932540893554688
-1.7508211135864258
-2.9138643741607666
-2.0050625801086426
-1.7375423908233643
-2.026608467102051
-2.105858325958252
-1.9282691478729248
-2.2389068603515625
-1.9778276681900024
-2.2036328315734863
-2.16469669342041
-2.026463031768799
-1.9690669775009155
-2.133378744125366
-1.930549144744873
-2.292038917541504
-2.279975175857544
-2.4230082035064697
-2.0462679862976074
-2.2874815464019775
-1.8977186679840088
-2.3760766983032227
-1.9890600442886353
-2.2472567558288574
-1.7635573148727417
-2.2162184715270996
-1.804315209388733
-2.1112241744995117
-1.8569966554641724
-2.118401288986206
-1.9016437530517578
-2.1738624572753906
-1.826784610748291
-2.074453353881836
-1.853703260421753
-2.273843765258789
-1.7749755382537842
-2.1390440464019775
-2.1075632572174072
-2.237588405609131
-2.030731439590454
-2.088611602783203
-2.076406478881836
