0.9465491771697998
0.9303873181343079
0.9181985855102539
0.8659841418266296
0.9358422160148621
0.880092978477478
0.9766374826431274
0.9256264567375183
0.9339061975479126
0.9414558410644531
0.9381255507469177
0.9378863573074341
0.9578412175178528
0.7075947523117065
0.7990493774414062
0.9575912952423096
0.9414498805999756
0.9546303749084473
0.9797685146331787
0.9608490467071533
0.8789825439453125
0.9414269328117371
0.9398996233940125
0.9599233269691467
0.7190035581588745
0.8651682138442993
0.9061574339866638
0.9535307884216309
0.9828740358352661
0.9179079532623291
0.934497594833374
0.9279451966285706
0.7473701238632202
0.9303479194641113
0.9731151461601257
0.8356615304946899
0.9313855171203613
0.9818029403686523
0.9728254079818726
0.8820486068725586
0.9470149278640747
0.9040539264678955
0.8614075183868408
0.9130256772041321
0.9400953054428101
0.8188062906265259
0.9591432809829712
0.937667965888977
0.9218471646308899
0.9449903964996338
0.9116711616516113
0.9590395092964172
0.9480431079864502
0.9309444427490234
0.9528383612632751
0.9576802253723145
0.7938085198402405
0.9745725393295288
0.8556775450706482
0.8980173468589783
0.9741510152816772
0.9335144758224487
0.8755477070808411
0.8911987543106079
0.949957013130188
0.9415280818939209
0.9613442420959473
0.9331218600273132
0.864965558052063
0.943601131439209
0.9655462503433228
0.9414072036743164
0.9089574813842773
0.980257511138916
0.9368503093719482
0.9842219948768616
0.9152396321296692
0.937899112701416
0.9236830472946167
0.9715744256973267
0.7870515584945679
0.9403313994407654
0.8085193634033203
0.8454349040985107
0.9128604531288147
0.9307848215103149
0.8499491810798645
0.8627620935440063
0.9538925886154175
0.9321302175521851
0.9265066385269165
0.95760178565979
0.948538064956665
0.8752933740615845
0.9181013703346252
0.9503026008605957
0.7857381701469421
0.9221917390823364
0.9476816654205322
0.9433096647262573
0.9702791571617126
0.8552393913269043
0.9514950513839722
0.9602621793746948
0.9833794832229614
0.927718997001648
0.9596144556999207
0.9229790568351746
0.9300367832183838
0.9209180474281311
0.9212250709533691
0.9103667736053467
0.8702534437179565
0.9286193251609802
0.5206837058067322
0.9327657222747803
0.9268201589584351
0.9694726467132568
0.857654333114624
0.9068346619606018
0.9042401313781738
0.8859819173812866
0.9566097259521484
0.9403656721115112
0.966884970664978
0.9592975974082947
0.9332950115203857
0.8766660690307617
0.8987245559692383
0.9719879031181335
0.934238076210022
0.8632038235664368
0.9343751668930054
0.9838400483131409
0.9612064361572266
0.9365929365158081
0.925140380859375
0.9467753171920776
0.9331042766571045
0.9380682110786438
0.9166574478149414
0.9683098793029785
0.9305733442306519
0.9426461458206177
0.9692933559417725
0.9084005355834961
0.8554865121841431
0.9833924770355225
0.8776565194129944
0.9303292036056519
0.9429646730422974
0.9409947395324707
0.9423518180847168
0.974756121635437
0.9203610420227051
0.9376803636550903
0.9320386052131653
0.9224585294723511
0.9618700742721558
0.9351664781570435
0.9527822136878967
0.9715224504470825
0.9141317009925842
0.9578384160995483
0.9380224347114563
0.9493809938430786
0.9223942756652832
0.8683951497077942
0.915600597858429
0.9610439538955688
0.9237165451049805
0.7332572340965271
0.9691027402877808
0.941058874130249
0.9443857669830322
0.9096646308898926
0.87355637550354
0.7979212999343872
0.9278885126113892
0.9405696392059326
0.909767746925354
0.8905904293060303
0.9401749968528748
0.9277244806289673
0.9188461303710938
0.9786328077316284
0.9193089604377747
0.9315431118011475
0.9711948037147522
0.9594275951385498
0.9563556909561157
0.9514873623847961
0.9499610066413879
0.9317969679832458
0.9558212757110596
0.9291538000106812
0.9286540150642395
0.9403893947601318
0.9021682143211365
0.9580996036529541
