0.8279756307601929
0.8309829235076904
0.1843905746936798
0.9425965547561646
0.5291292667388916
0.3813422620296478
0.9783920049667358
0.4029383659362793
0.01802176423370838
0.9228523373603821
0.009304489009082317
0.23024484515190125
0.3785382807254791
0.9464064836502075
0.3030321002006531
0.8720091581344604
0.7081108689308167
0.4081455171108246
0.07161251455545425
0.4966259300708771
0.9737398624420166
0.6254085898399353
0.9657215476036072
0.43498435616493225
0.9530671238899231
0.8279522061347961
0.9109246730804443
0.18636716902256012
0.79146808385849
0.9544715285301208
0.6892069578170776
0.9858912825584412
0.19068743288516998
0.2901594042778015
0.641794741153717
0.7476426959037781
0.8136078119277954
0.8592258095741272
0.3426920771598816
0.8624667525291443
0.7389747500419617
0.9381020665168762
0.9221605062484741
0.8556854724884033
0.9586247801780701
0.31609001755714417
0.5364584922790527
0.14896853268146515
0.9390509724617004
0.9417579174041748
0.4446587562561035
0.3097066879272461
0.6656089425086975
0.1874348372220993
0.4868796169757843
0.43885353207588196
0.9384225606918335
0.8925604224205017
0.8222705721855164
0.5908901691436768
0.9842134714126587
0.47320687770843506
0.06590971350669861
0.6552649736404419
0.9415337443351746
0.9257692098617554
0.955778181552887
0.5919005870819092
0.7758976221084595
0.7133051753044128
0.8231818079948425
0.9174913763999939
0.6702929139137268
0.9639794230461121
0.9375520348548889
0.6153592467308044
0.4601447284221649
0.9600287079811096
0.32574641704559326
0.3192600607872009
0.7146492600440979
0.07156945765018463
0.9557062983512878
0.01878032088279724
0.8884871602058411
0.13495054841041565
0.8032682538032532
0.0932108536362648
0.030715199187397957
0.8423534631729126
0.17805546522140503
0.9605085253715515
0.7527465224266052
0.3561636209487915
0.8325774073600769
0.8423611521720886
0.868474543094635
0.9614660739898682
0.2569049596786499
0.3793397843837738
0.9529345035552979
0.9113914966583252
0.9722698330879211
0.3679366111755371
0.9271184206008911
0.7334216237068176
0.9564500451087952
0.8962632417678833
0.7701515555381775
0.8759077787399292
0.4211772680282593
0.9799444675445557
0.594485878944397
0.7283030152320862
0.8934036493301392
0.6280960440635681
0.22291706502437592
0.9583011269569397
0.9654948115348816
0.8544837832450867
0.9628818035125732
0.7451152801513672
0.34168022871017456
0.2561512887477875
0.6320408582687378
0.8979886174201965
0.9717052578926086
0.3887103199958801
0.9193550944328308
0.8666131496429443
0.5876869559288025
0.008518403396010399
0.9190946221351624
0.8467111587524414
0.7082590460777283
0.828662633895874
0.3798297345638275
0.9284029603004456
0.9279653429985046
0.13134203851222992
0.8778484463691711
0.10772206634283066
0.8763256669044495
0.8239040374755859
0.677716076374054
0.9742847084999084
0.754073977470398
0.9805557131767273
0.8103457689285278
0.8681568503379822
0.6868064999580383
0.12858887016773224
0.9150378704071045
0.0785100907087326
0.8495286107063293
0.9737599492073059
0.8161759376525879
0.7164189219474792
0.9576159119606018
0.8105876445770264
0.632240891456604
0.8551278114318848
0.974785566329956
0.9651970863342285
0.9085460901260376
0.2827407419681549
0.8081837892532349
0.637771487236023
0.9357590079307556
0.878305971622467
0.9526708722114563
0.4337293803691864
0.9291808009147644
0.4059506058692932
0.18205386400222778
0.693376362323761
0.8859909772872925
0.22195881605148315
0.8090953230857849
0.9251043796539307
0.9437331557273865
0.33098435401916504
0.7562642693519592
0.9123159050941467
0.450907826423645
0.47597429156303406
0.39903560280799866
0.7820725440979004
0.5516091585159302
0.8878930807113647
0.9578837156295776
0.8791176080703735
0.9463962912559509
0.7488121390342712
0.7363754510879517
0.910196840763092
0.24827520549297333
0.22623257339000702
0.7706576585769653
0.9073740839958191
