0.8558704257011414
0.8791179656982422
0.8903139233589172
0.9505022168159485
0.1278865933418274
0.7976992130279541
0.98971027135849
0.9111148715019226
0.9864450097084045
0.9677753448486328
0.31789302825927734
0.7953152060508728
0.9892598390579224
0.9675093293190002
0.8556840419769287
0.978509247303009
0.9707764983177185
0.35156527161598206
0.5517908334732056
0.958015501499176
0.9912101030349731
0.976516842842102
0.9506915211677551
0.36312973499298096
0.9270000457763672
0.8688914179801941
0.9916453957557678
0.6936129927635193
0.7434514164924622
0.6516268253326416
0.982898473739624
0.9943146109580994
0.04243922978639603
0.7878226041793823
0.984620213508606
0.9828458428382874
0.9462835788726807
0.9921090006828308
0.9721108675003052
0.9495598077774048
0.08766865730285645
0.9661571383476257
0.9649924635887146
0.940584659576416
0.9839484095573425
0.9737953543663025
0.9089906811714172
0.8406143188476562
0.9607746601104736
0.9779149293899536
0.8734697699546814
0.9600682854652405
0.4440781772136688
0.1933237761259079
0.9594414830207825
0.8641723394393921
0.9806852340698242
0.738647997379303
0.8805536031723022
0.5289737582206726
0.985114574432373
0.5866234302520752
0.032534968107938766
0.9713437557220459
0.9875433444976807
0.9757328033447266
0.9763109087944031
0.7198697328567505
0.9206522107124329
0.875948429107666
0.8295524716377258
0.7338593006134033
0.8572185635566711
0.9830816388130188
0.9842950105667114
0.9659472703933716
0.9203702807426453
0.965589165687561
0.7125257253646851
0.6926242709159851
0.9744572043418884
0.20954301953315735
0.9759774208068848
0.9934131503105164
0.9728959798812866
0.050088755786418915
0.887276828289032
0.9168015718460083
0.7045693397521973
0.8383945822715759
0.9507689476013184
0.9803259372711182
0.7005033493041992
0.9332237243652344
0.9399421811103821
0.9759798049926758
0.9739190340042114
0.9472641944885254
0.9826523065567017
0.7250680923461914
0.9887633323669434
0.16529548168182373
0.9770817160606384
0.947349488735199
0.9593956470489502
0.3098646104335785
0.9606264233589172
0.9742902517318726
0.9518441557884216
0.976897120475769
0.9750751852989197
0.975971519947052
0.7899523377418518
0.969770073890686
0.994358241558075
0.4806021749973297
0.9613429307937622
0.9898043870925903
0.9832825064659119
0.8407163619995117
0.9679598212242126
0.8800975680351257
0.9473993182182312
0.9557378888130188
0.7747107148170471
0.9731324315071106
0.9788707494735718
0.9000471830368042
0.7245473265647888
0.9809319376945496
0.943082869052887
0.9779766201972961
0.9905017614364624
0.9190958738327026
0.9677571654319763
0.9290010333061218
0.9535422921180725
0.9929023385047913
0.9818675518035889
0.41376128792762756
0.780146598815918
0.4979015290737152
0.9574280381202698
0.7793747186660767
0.9076595902442932
0.9844526648521423
0.9745786786079407
0.9921517372131348
0.9854433536529541
0.8021260499954224
0.8586031198501587
0.3558647632598877
0.8681163191795349
0.9731215238571167
0.9687250852584839
0.9890304207801819
0.9765215516090393
0.9566051959991455
0.981244683265686
0.5429155826568604
0.9153931736946106
0.8188011646270752
0.9752492904663086
0.978118896484375
0.9743263721466064
0.21336832642555237
0.9424772262573242
0.9744905829429626
0.9868963360786438
0.955374538898468
0.9796484112739563
0.9809167981147766
0.9650301933288574
0.16581644117832184
0.23979952931404114
0.9222729206085205
0.9177742600440979
0.9588203430175781
0.8762635588645935
0.9794719219207764
0.9802194237709045
0.9561296105384827
0.8191068768501282
0.9878610968589783
0.8951928019523621
0.9744889140129089
0.9821948409080505
0.9846991896629333
0.884894609451294
0.9871634244918823
0.9739330410957336
0.8728926777839661
0.9890378713607788
0.25773856043815613
0.2728896141052246
0.8292255401611328
0.9758240580558777
0.12415052205324173
0.8373123407363892
0.9762217402458191
