0.8625956177711487
0.8745384812355042
0.291152685880661
0.9458946585655212
0.20408032834529877
0.6500787734985352
0.9642419815063477
0.8327836394309998
0.9856534600257874
0.9136484265327454
0.6869624853134155
0.8909217119216919
0.9364075064659119
0.9218791723251343
0.523246169090271
0.9722011089324951
0.9724934697151184
0.3758900761604309
0.5525955557823181
0.756102979183197
0.9783214926719666
0.9703994989395142
0.9379763007164001
0.19704262912273407
0.9275140762329102
0.8737083077430725
0.9830825328826904
0.628487765789032
0.3596806824207306
0.9551956057548523
0.9696728587150574
0.9947404265403748
0.10065864771604538
0.8792146444320679
0.9794455170631409
0.9817318320274353
0.9072851538658142
0.9697997570037842
0.9851112961769104
0.8543388843536377
0.5489816069602966
0.9730726480484009
0.9668374061584473
0.9403442740440369
0.97327721118927
0.9606807827949524
0.8923139572143555
0.5789926648139954
0.9364492893218994
0.9736199378967285
0.9187881350517273
0.969959020614624
0.367023766040802
0.17414571344852448
0.6490787267684937
0.7775651812553406
0.9706771969795227
0.7711117267608643
0.8553872108459473
0.23908795416355133
0.987678587436676
0.5759273171424866
0.01952774077653885
0.8706101179122925
0.9777460098266602
0.9551726579666138
0.9523105025291443
0.46704035997390747
0.9068904519081116
0.7412181496620178
0.8557417392730713
0.9176880121231079
0.7619770169258118
0.9661191701889038
0.9714115858078003
0.8911975622177124
0.9359752535820007
0.9737282991409302
0.44560521841049194
0.4517233073711395
0.9343425631523132
0.17662373185157776
0.9746106266975403
0.03193635493516922
0.9709097743034363
0.018822215497493744
0.8822671175003052
0.635601282119751
0.250934898853302
0.863144040107727
0.0961301326751709
0.9714857935905457
0.945515513420105
0.9579481482505798
0.8478059768676758
0.9440920352935791
0.9239332675933838
0.9465632438659668
0.5999839305877686
0.6285857558250427
0.9710973501205444
0.23920957744121552
0.9824031591415405
0.6892702579498291
0.9410591721534729
0.34795597195625305
0.9648977518081665
0.9361066222190857
0.9318863749504089
0.9778789281845093
0.9114850163459778
0.9697461724281311
0.8153860569000244
0.9586426019668579
0.9847512245178223
0.4688968360424042
0.9458923935890198
0.989237904548645
0.9860876202583313
0.8551648855209351
0.9646486639976501
0.8204256892204285
0.9244855642318726
0.9375115633010864
0.5911140441894531
0.9647387266159058
0.9754768013954163
0.5824733376502991
0.8166936635971069
0.9812173843383789
0.9549063444137573
0.037444621324539185
0.8845432996749878
0.9052889347076416
0.9213537573814392
0.9171043038368225
0.9253542423248291
0.986927330493927
0.9745927453041077
0.2493015080690384
0.6489861011505127
0.12462691217660904
0.9540771842002869
0.73337721824646
0.6806151866912842
0.9664338231086731
0.9461719393730164
0.9910596013069153
0.9713901877403259
0.812450647354126
0.8044169545173645
0.4347624182701111
0.9275859594345093
0.9669248461723328
0.7753956913948059
0.9894641637802124
0.9775925278663635
0.9409870505332947
0.9797223210334778
0.5736417770385742
0.8066755533218384
0.744366466999054
0.9658297300338745
0.974271833896637
0.9623482823371887
0.27862802147865295
0.8504778742790222
0.5091167092323303
0.9766764044761658
0.8702951669692993
0.9661909341812134
0.9532848000526428
0.9450671672821045
0.5700955390930176
0.27430403232574463
0.9372021555900574
0.6692780256271362
0.8867073655128479
0.9560369849205017
0.9698216319084167
0.9499465227127075
0.9444653391838074
0.7499340772628784
0.9688619375228882
0.8627398610115051
0.8115437626838684
0.963556170463562
0.9398840665817261
0.6842339634895325
0.9858998656272888
0.9771991968154907
0.8133535385131836
0.9869325757026672
0.2959754168987274
0.21709871292114258
0.833846390247345
0.967180073261261
0.6639357805252075
0.711193323135376
0.9582581520080566
