0.7941895775160334
0.8637443063993335
0.6915960021979001
0.8788294355001584
0.829856624501142
0.9034314858854098
0.8747804996696
0.8905633228658384
0.8327721661054995
0.8884320163745675
0.8350514831899095
0.8953971782897137
0.8362843666951851
0.9077032967032967
0.7895445185619119
0.891485795934166
0.8517214651002073
0.8985414541937228
0.7640567375848779
0.9076266695951685
0.832868783306101
0.8972873619972404
0.8286039524008635
0.8880335642831187
0.8324423222406877
0.8741157649652609
0.7995650183150185
0.8801706768129202
0.8153329906050211
0.882791210607856
0.8715683257866202
0.9099811613567144
0.8342081266551733
0.8371492794569718
0.8344394129244921
0.8998679116970077
0.80771930141842
0.8831548674626826
0.8839737078263259
0.8167495505914663
0.8394352848154624
0.8927457602217402
0.804377549930966
0.877790163467819
0.823370491916927
0.911794489211479
0.8893117451062056
0.9044082840236687
0.8221574143686915
0.894151072530695
0.8440446342171201
0.820818077218656
0.8655426983204185
0.8991592128747796
0.8529296540839877
0.8918429099731476
0.8036187380749102
0.8770351384917259
0.7957208230394722
0.8658795678171859
0.8906350843542092
0.8994880834135773
0.832879279752158
0.853872312117977
0.8753349443890668
0.8993787315877145
0.8828174372693028
0.8948807888540031
0.7832264115321366
0.8643164656374532
0.8266193311930508
0.8813709676794749
0.8276391308194497
0.9054420897550823
0.8970137582308536
0.9068793398716053
0.8098448275862069
0.8709892790507348
0.842472379514282
0.8885311447811447
0.8452532871972318
0.8812738290619871
0.8975036496524909
0.879030466741389
0.8605229080786705
0.8488331198466206
0.7620197837589142
0.9147559633027522
0.8975210239956326
0.8590796579657967
0.8740743658827795
0.8943572548255744
0.8594448205678786
0.8832434426189465
0.8541012299428812
0.8772489384085557
0.8708405423675413
0.8544567292588733
0.8203210206900995
0.8987504841168045
0.893337828981121
0.9060662861037744
0.8424072864261292
0.8476755622554376
0.7906945966318651
0.9010241890071792
0.8341923732227231
0.8952657857784857
0.8196939571150097
0.8861997310842195
0.8708527166073189
0.8795064689417861
0.8289341314782065
0.8835015654833861
0.7819108035371012
0.8556319078441312
0.8511393646528782
0.8672390123288206
0.883440141701636
0.8942015162146585
0.8373152558885316
0.9103917216360167
0.8467356185973207
0.9165520696330222
0.836485726693913
0.8815753851174539
0.8068686642538653
0.9018408990708159
0.8437146563317611
0.8794500965102037
0.8885838287077352
0.8958601602663652
0.8658386164799883
0.8902172163167881
0.8370380277607771
0.8844162445931085
0.8411840257485694
0.8991592128747796
0.8781197219584486
0.8920951087542305
0.850321003963012
0.8419585987261147
0.8553963570835469
0.8594716864378642
0.8321108214272521
0.8894319274861547
0.8003807077355591
0.9033345403425066
0.8524397413286302
0.8612297849758829
0.8497063351727656
0.8440640240445223
0.8482798779097525
0.8554131098262621
0.8592694871609752
0.8866371928450663
0.7964022473472251
0.8990126722007993
0.7978105144082127
0.8771787610619469
0.8882202650784465
0.8802446753576741
0.8215784710476751
0.8890602374637
0.8539920278058396
0.8885030040181613
0.836060611167014
0.8459381987606914
0.8612934669468778
0.9022745152482763
0.8624248996721524
0.8887804747647561
0.8637532819770886
0.8212589465694843
0.8332981953111823
0.8575698855855628
0.8697148259933802
0.8059243471095333
0.8806435073326965
0.8919476636061845
0.8492991462390922
0.8835139714512891
0.8577161642867508
0.8819259884474042
0.8169092996334635
0.8887298397619917
0.8697208483017489
0.8797753745849328
0.8602315714430732
0.8672766724157852
0.8172942487965704
0.8951039370109686
0.8145344387755101
0.8915678760560305
0.812366148455106
0.8801090738437584
0.8820604214086877
0.8879740276013348
0.8441140297373236
0.9062034739454095
