-2.0676701068878174
-1.5620657205581665
-1.9988045692443848
-1.9076080322265625
-2.327984094619751
-1.672316312789917
-2.2395052909851074
-1.9976933002471924
-2.197990894317627
-1.9396353960037231
-1.9635250568389893
-2.146592140197754
-2.573085308074951
-1.7196440696716309
-2.2816014289855957
-1.7722798585891724
-1.702348232269287
-1.5288642644882202
-2.1140332221984863
-1.8437139987945557
-2.120621919631958
-1.9822518825531006
-2.2255256175994873
-1.8622833490371704
-2.228882074356079
-1.9470258951187134
-2.242445707321167
-1.7201265096664429
-2.1162753105163574
-1.960033655166626
-2.3899497985839844
-1.9388031959533691
-2.0434563159942627
-2.3558197021484375
-2.4150023460388184
-1.9928267002105713
-2.209709882736206
-2.3242318630218506
-1.829440712928772
-1.7443026304244995
-1.9441977739334106
-1.701249599456787
-2.3269872665405273
-2.080521821975708
-2.1013035774230957
-1.7870187759399414
-1.9109902381896973
-1.862848162651062
-2.2213590145111084
-1.6263022422790527
-2.056056499481201
-1.8527170419692993
-1.9535528421401978
-1.7595877647399902
-2.9583582878112793
-1.6470550298690796
-2.225419044494629
-1.6864629983901978
-2.3021421432495117
-1.7154966592788696
-2.0558338165283203
-1.9372254610061646
-2.2525699138641357
-1.9084621667861938
-1.8985430002212524
-1.7086601257324219
-1.6957290172576904
-1.632062315940857
-2.0617990493774414
-1.7097283601760864
-1.8592833280563354
-2.0600643157958984
-1.8491337299346924
-2.262256622314453
-1.975763201713562
-1.6867653131484985
-3.0193140506744385
-2.050758123397827
-2.2302334308624268
-2.1819639205932617
-2.0852885246276855
-1.283989429473877
-2.1633822917938232
-1.679636001586914
-2.212397813796997
-1.6496777534484863
-2.19968581199646
-1.7093690633773804
-2.46398663520813
-1.850925326347351
-2.050142288208008
-1.7961986064910889
-1.9750170707702637
-1.8739731311798096
-2.0144031047821045
-2.0464768409729004
-2.8252439498901367
-2.144826889038086
-2.118124008178711
-1.857574462890625
-1.662103295326233
-2.0207440853118896
-2.125770092010498
-2.5398499965667725
-2.067723035812378
-1.9065804481506348
-2.0231776237487793
-1.7375118732452393
-2.3655812740325928
-1.8004958629608154
-2.3718647956848145
-1.4632781744003296
-1.9759678840637207
-1.6394001245498657
-3.345581293106079
-1.8962516784667969
-2.234018325805664
-1.4108400344848633
-1.9143849611282349
-1.8730316162109375
-2.017137050628662
-2.1084752082824707
-2.115659236907959
-1.9024968147277832
-2.318429708480835
-2.1043410301208496
-1.9775644540786743
-1.7861164808273315
-2.1466622352600098
-1.8257720470428467
-2.378671169281006
-2.0621912479400635
-2.2039477825164795
-1.7967640161514282
-2.3208701610565186
-1.834043025970459
-2.1359808444976807
-2.0783047676086426
-2.141890287399292
-2.0715160369873047
-2.189628839492798
-1.110273838043213
-2.077925443649292
-2.0714056491851807
-2.072709083557129
-1.4980202913284302
-1.8671469688415527
-1.6872222423553467
-2.021841049194336
-1.758223056793213
-1.7913020849227905
-2.0593526363372803
-2.081279754638672
-2.3960623741149902
-2.0039288997650146
-1.9117385149002075
-1.9222791194915771
-1.8973171710968018
-2.0450122356414795
-1.6658544540405273
-1.9542149305343628
-1.864988923072815
-2.1790740489959717
-1.8060427904129028
-1.8433809280395508
-2.0378425121307373
-2.354503631591797
-2.2236440181732178
-1.7588660717010498
-1.5857973098754883
-2.3616044521331787
-2.142913341522217
-1.8723599910736084
-1.9735807180404663
-2.2900314331054688
-1.7882027626037598
-2.083287000656128
-2.0522985458374023
-1.7676279544830322
-1.8192932605743408
-2.6435048580169678
-1.9578142166137695
-2.157615900039673
-2.010801076889038
-1.8345792293548584
-1.6254205703735352
-1.8334391117095947
-1.71843683719635
-2.3926243782043457
-2.2764365673065186
-1.7900443077087402
-1.8259495496749878
-1.7074642181396484
-1.7989933490753174
-1.809089183807373
-1.7835094928741455
-2.106278657913208
-1.9439643621444702
-2.290219306945801
-1.7602505683898926
