[[9, 12, 7, 18, 21, 0, 5], [11, 13, 21, 2, 6, 9], [7, 0, 13, 16, 3, 9, 11], [8, 12, 3, 23, 0, 10, 14], [2, 17, 13, 3, 6], [15, 18, 7, 8, 2], [21, 32, 6, 34, 23, 5]]
[[2, 4, 8, 12, 5, 3, 7], [7, 2, 11], [9, 10, 5, 12, 13, 2, 14, 1, 11], [18, 1, 10, 4, 12, 20]]
[[12, 14, 0, 9, 17, 35, 41, 49, 1, 7, 18, 36, 31, 13, 8, 37, 5, 21, 39, 19], [28, 56, 67, 11, 0, 4, 16, 21, 39, 48, 49, 7, 17, 22, 29, 37, 46, 57, 68, 75, 10, 9, 77, 14, 13, 5, 20, 18, 58, 79]]
[[10, 9, 6, 12], [9, 3, 1], [7, 18, 9], [3, 6, 15, 16, 5], [17, 7, 0, 3], [17, 25, 5, 3, 7, 10, 14, 6], [14, 9, 2, 18, 19, 5], [14, 11, 18]]
[[12, 3, 6, 4, 15, 2, 9, 8, 10], [10, 30, 44, 2, 8, 18, 25, 28, 46, 0, 16, 38, 3, 21, 15, 22], [13, 24, 18, 21, 14, 17, 2], [9, 14, 20, 2, 6]]
[[10, 4, 13, 22, 3, 12, 2, 11, 5, 7], [6, 5, 1, 0, 7, 8], [2, 11, 18, 4, 8, 12, 16, 1, 15], [13, 0, 4, 7, 1, 3], [8, 18, 13]]
[[11, 5, 7, 14, 17, 0], [7, 8, 4, 12], [7, 14, 1, 2, 16], [15, 43, 17, 25, 6, 10, 22, 28, 31], [8, 15, 1, 13, 17]]
[[10, 15, 7, 12, 2], [7, 0, 12, 13, 16, 20, 1], [8, 10, 0], [4, 6, 8, 5, 12, 15], [16, 3, 7, 14], [13, 5, 0], [8, 13, 24, 5, 15, 0], [11, 15, 4, 6, 9, 18, 24], [16, 19, 9, 7, 10, 6, 18, 0, 17]]
[[11, 16, 5, 12, 4, 10, 9, 8, 14], [10, 16, 11], [9, 8, 10, 5], [28, 32, 4, 21, 16, 11, 13]]
[[21, 9, 16, 5, 11, 3], [14, 22, 8, 2, 1, 6], [6, 10, 15], [4, 8, 0], [13, 3, 6, 18, 16, 1, 20, 2], [7, 9, 20, 1, 4, 16], [12, 15, 4, 1], [0, 14, 4, 7], [18, 11, 5]]
[[7, 17, 15, 22, 11, 10, 18, 13, 21, 14, 16], [15, 17, 21, 1, 8], [20, 2, 4, 6, 11, 23, 26, 0], [8, 9, 3, 12, 4, 1], [5, 8, 0, 6, 3], [10, 0, 8, 19], [2, 4, 8, 0], [7, 0, 3], [4, 13, 14, 27, 19, 22, 31, 5, 7], [1, 5, 3, 11], [11, 15, 24, 34, 6, 20, 30], [19, 1, 22, 16, 17, 14, 2, 23, 13, 26, 0, 21]]
[[2, 10, 4, 7, 16, 5, 14, 3, 13], [0, 7, 9, 15, 20, 5, 10, 13], [11, 4, 6, 8], [8, 9, 0, 13, 12, 6], [1, 3, 11], [10, 22, 8, 17, 20, 18, 2, 14, 1, 15, 16, 13], [26, 1, 14, 17, 11, 3, 12, 9], [9, 6, 12, 15, 22, 27, 4, 7, 23, 25]]
[[20, 31, 5, 11, 27, 3, 18, 10, 2, 17, 9, 23, 8, 22, 33], [5, 7, 9, 14, 2], [10, 1, 5, 17, 14, 18]]
[[13, 19, 10, 2, 8, 1, 7, 6, 14], [3, 8, 20, 5, 1, 7, 0, 4, 22], [9, 12, 26, 33, 1, 3, 6, 16, 2, 35, 31, 13], [13, 24, 0, 1, 10, 17, 8, 29, 7, 31, 6]]
[[15, 8, 11, 3, 6, 2, 12, 13], [7, 15, 5, 2, 1], [5, 2], [6, 8, 2], [20, 21, 4, 10, 15, 25, 28, 8, 11, 29, 23]]
[[4, 10, 13, 11, 3, 5], [9, 10, 14, 17, 0], [9, 6, 0, 1, 13, 15, 17, 19], [1, 3, 10, 2, 8, 15, 9], [24, 5, 12, 14, 16, 17], [11, 4], [9, 14, 5, 18, 2]]
[[15, 7, 17, 12, 21, 0, 3, 13, 19], [9, 16, 1], [0, 19, 1, 5, 8, 10, 14, 2, 3, 11], [11, 20, 8, 13, 1, 6], [13, 3, 6, 10, 0, 4], [11, 16, 21, 8, 5]]
[[6, 8, 14, 3, 9, 13, 7], [10, 14, 17, 5, 20], [17, 2, 22, 4, 7, 11, 20, 30, 18, 24, 31, 3], [10, 14, 25, 16, 3, 7]]
[[11, 6, 0], [8, 4, 14, 26, 2, 5, 19, 18], [11, 21, 3, 5, 8], [2, 10, 7, 11, 15], [11, 4, 6, 14], [31, 11, 15, 2, 22, 24, 33, 29, 18, 10, 13, 34, 12, 3], [2, 8, 6, 3], [9, 3, 12, 5, 0, 4, 14], [2, 7, 5], [12, 0, 7, 14, 16, 3], [2, 8, 6, 11, 3], [15, 3, 5, 8, 20], [2, 10, 6, 3, 12], [1, 6], [5, 9, 11, 0], [7, 13, 3, 11, 4]]
[[5, 10, 2, 11], [23, 36, 1, 24, 4, 16, 12, 20, 29, 33, 21, 34, 32, 15], [0, 9], [13, 0, 7, 17, 19, 10, 2], [7, 16, 5, 12, 13], [9, 19, 14, 12, 6, 16], [16, 9, 24, 5, 7], [0, 12, 9, 5]]
[[4, 6], [4, 9, 1, 0, 8], [11, 7, 16, 4, 17, 3, 12, 13, 5], [1]]
[[3, 6, 11, 13, 18, 4, 2, 10, 9, 14], [8, 13, 16, 3, 11, 17, 2, 14, 9], [11, 18, 1, 15, 16, 19, 3], [6, 21, 1, 14, 3, 18, 19, 24, 2, 15], [19, 2, 1, 7, 10, 5], [12, 9, 6, 7, 1, 14, 13, 11, 18], [2, 5, 7, 16, 17, 4]]
[[20, 21, 3, 6, 12, 16], [13, 2, 6, 9, 16, 0], [12, 5, 15, 18, 3], [7, 10, 14, 4], [18, 32, 3, 7, 27, 0, 9, 22, 23, 24, 2, 34, 25, 8], [13, 22, 4, 6, 9, 16, 26, 7, 14]]
[[30, 9, 13, 17, 24, 34, 36, 6, 19, 37, 8, 5, 21, 28, 32, 22, 18], [7, 20, 10, 17, 26, 0], [5, 10, 14, 7, 11, 6, 13, 8], [12, 37, 2, 25, 32, 40, 9, 26, 41, 8, 18, 21, 29], [2, 8, 11, 18, 4, 22, 0], [4, 7, 3]]
[[6, 8, 7, 4], [18, 1, 4, 7, 11, 8], [7, 10, 13, 8], [8, 10], [11, 15], [7, 8, 11], [14, 17, 1, 10, 29, 12]]
[[6, 18, 12, 14, 4, 15, 3, 10, 9, 7], [8, 11, 1], [26, 10, 5, 14, 20, 0, 6, 15, 17, 12, 4, 3], [4, 0, 8, 1, 5], [20, 26, 5, 7, 13, 29, 0, 3, 8, 27, 30, 2, 32, 24, 25], [11, 15, 4, 5, 9, 16, 3, 13], [18, 0, 2, 11, 21, 24, 9, 12, 19, 8, 16, 17], [0, 4, 6, 10, 12], [11, 17, 28, 8, 14, 23, 25, 6, 20, 5, 0, 18]]
[[0, 1, 9, 13, 14, 16, 17, 8], [5, 6, 0], [19, 5, 8, 11, 2, 6, 10, 1]]
[[15, 18, 17, 9, 0, 4], [12, 1], [8, 14, 22, 5, 19], [3, 0, 5], [7, 11, 18, 14, 9], [62, 9, 4, 11, 27, 32, 33, 49, 55, 59, 2, 6, 25, 28, 34], [3, 7, 0, 8, 6], [], [4]]
[[5, 19, 1, 3, 8, 9, 12, 2], [33, 4, 0, 6, 5, 3, 11, 13, 1, 9, 8], [21, 5, 4, 0, 7, 10, 18, 9], [12, 30, 4, 6, 16, 0, 13, 15, 5, 14, 1], [3, 4, 6, 13, 17]]
[[22, 8, 10, 0, 4, 11], [26, 29, 8, 1, 4, 19, 2, 5], [13, 3, 0], [10, 5, 7], [6, 10, 19], [16, 12, 19, 21], [4, 6, 11, 16], [6, 8, 14], [19, 7, 9, 5, 12, 8], [16, 19, 7, 10]]
[[11, 4, 9, 3, 10, 20, 8], [9, 3, 14, 23, 4, 11, 18, 22, 1, 0, 10], [6, 4, 19, 15, 12, 2, 14, 3, 8, 16, 13], [18, 4, 6, 10, 12, 16, 0, 9], [6, 19, 1, 3], [4, 1, 8, 13, 9, 14, 18], [10, 13, 23, 7, 24, 25, 4, 8, 26, 3, 14]]
[[4, 13, 10, 0, 5], [6, 7, 9, 14], [8, 21, 1, 25], []]
[[22, 17, 8, 11, 13, 20, 5], [11, 5, 23, 27, 16, 19, 2, 15, 18, 0, 20, 17, 24], [1, 3], [12, 19, 4, 8]]
[[22, 11, 13, 4, 20, 3, 12, 10, 14, 5, 6], [16, 5, 9, 3, 14, 17, 0], [13, 1, 3, 6], [6, 13, 21, 2, 16, 19, 3, 17], [1, 5, 2, 7, 0, 3]]
[[8, 4, 10, 13, 16, 2], [11, 0, 5, 17, 12, 1], [5, 7, 0, 11, 10], [5, 0, 7, 9], [5, 7, 9, 12, 1, 13], [1, 14, 11, 4], [5, 12, 0], [14, 23, 7, 9, 6, 16, 1, 20, 4, 21], [8, 18, 2, 4, 12, 16]]
[[9, 13, 4, 10, 14, 3, 8, 7], [4, 9, 2, 12, 16, 0, 6, 3, 5], [12, 18, 3, 6, 15, 21, 29, 0, 8, 22, 26], [9, 21, 29, 13, 5, 10, 18, 31, 36, 0, 6, 16, 19, 22, 32]]
[[13, 15, 20, 6, 5, 12, 11, 21, 7], [6, 3], [6], [13, 16, 1, 0, 15, 2, 18], [16, 5, 19, 3, 11, 24, 9, 20, 1, 22, 18, 17], [12, 6, 11, 25, 7, 15, 4], [26, 5, 0, 24, 7, 13, 2]]
[[23, 33, 14, 16, 21, 28, 10, 19, 9, 15, 27, 26, 25, 34, 13, 24], [3, 13, 16, 20, 26, 0, 23, 28, 30, 8, 4], [13, 17, 1, 15, 5, 2, 7, 4], [6, 13, 25, 3, 8, 17, 19, 4, 1, 11, 20, 26], [18, 24, 27, 3, 25, 28, 2, 15, 1, 0, 14, 13, 16, 21], [9, 17, 27, 1, 6, 13, 25, 3, 7, 14, 22]]
[[0, 10, 1, 9, 13], [10, 13, 26, 16, 3, 18, 0, 14, 2, 17, 27], [0], [13, 32, 4, 7, 10, 15, 17, 19, 23, 20, 3, 14, 34, 9, 16], [14, 1, 18, 2, 7, 8, 6, 17, 13, 9]]
[[8, 11, 0], [], [18, 5], [9, 3, 6, 11], [9, 0, 7], [7, 24, 8, 19], [16, 0, 3, 4, 20, 14]]
[[5, 2, 1, 9, 8], [5, 22, 0, 7, 11, 14, 17, 1], [0, 6, 4], [12, 1, 4, 9], [15, 23, 1, 5, 8, 13, 18, 21], [7, 1, 10, 13, 2], [4, 10, 13, 5, 11], [5, 11, 2, 12, 7, 21, 0, 15], [18, 2, 7, 9, 0], [19, 3, 9, 12, 16, 4], [20, 0, 3, 14, 1, 4, 8], [11, 16, 22, 8]]
[[14, 22, 25, 9, 16, 19, 0, 4, 10], [9, 19, 6, 2, 7], [3, 9, 8, 0], [25, 8, 18, 28, 12, 29, 9, 11, 23], [23, 9, 20, 27, 10, 12, 25, 28, 13, 19, 21], [21, 10, 14, 26, 27, 7, 9, 13, 22, 23], [21, 7, 17, 25, 26, 8, 10, 11, 16], [11, 19, 0, 13, 16, 5, 14]]
[[22, 14, 8, 11, 17, 28], [11, 26, 32, 34, 37, 15, 17, 0, 14, 2, 4], [1, 6, 10, 16, 2], [10, 4, 1, 8], [10, 13, 5, 8, 15, 6], [0, 11, 14, 17, 20, 25, 28, 4, 8], [25, 1, 27, 3, 7, 16, 21, 30, 38], [23, 26, 57, 32, 45, 2, 5, 12, 19, 36, 44, 53, 59, 62]]
[[13, 23, 5, 0, 3, 19, 24, 18, 2, 12], [7, 1, 2, 4, 5], [10, 8, 12], [0, 9, 12, 23, 15], [10, 2, 0, 5, 1], [15, 24, 6, 10, 20, 4, 11, 14, 3, 2, 19, 22], [19, 22, 6, 12, 16, 27, 7]]
[[14, 0, 6, 5, 10, 7, 3], [5, 13, 17, 1], [5, 8, 12], [6, 20, 1, 8, 11, 13, 23], [11, 24, 30, 2, 4, 19, 0, 12, 16, 34], [61, 2, 0, 3, 11, 10, 42, 44, 46, 48, 50, 52, 54, 57, 59, 62, 8]]
[[3, 5, 11, 4, 6], [3, 8, 16, 19, 22, 1, 10, 17], [10, 1, 3, 15, 0, 11], [13, 16, 21, 3, 5, 9], [1, 5, 11, 14]]
[[16, 19, 2, 12, 21, 0, 7, 9, 17, 6, 18], [], [18, 2, 4, 0, 3, 1, 16, 21], [9, 28, 33, 15, 37, 42, 43, 0, 6, 13, 16, 24, 29, 35, 44, 12], [7, 12, 0, 3, 14, 2, 10, 9]]
[[4, 19, 18, 3, 12, 10, 20, 5], [6, 9, 13, 20, 21, 0, 7, 18, 22, 4, 3, 17], [12, 32, 9, 10, 19, 4, 14, 3, 8, 7, 13, 15, 17, 6, 11], [7, 9, 11, 4]]
[[9, 16, 4], [26, 33, 1, 3, 6, 15, 18, 29], [16, 5, 8, 0, 7, 2, 20], [20, 1, 16, 5, 13, 17], [12, 7, 9, 14], [35, 38, 2, 7, 9, 15, 31, 17, 20, 24, 32], [9, 18, 0, 16, 20, 1, 7, 14], [8, 26, 0, 4, 20, 23]]
[[3, 5, 1], [8, 12, 16, 26, 31, 23, 2, 4, 18], [10, 24, 20, 7, 12, 16, 32, 19, 6, 28, 5, 14, 15, 11, 31], [4, 1, 6, 5, 12]]
[[26, 38, 0, 11, 24, 30, 6, 20, 28, 8, 19, 27, 34, 36, 40, 29, 32], [4, 6, 13, 17, 21, 24, 26, 0, 7], [13, 9, 6, 11, 16, 3, 10, 14, 15, 7], [8, 27, 1, 11, 21, 19], [9, 14, 0], [8, 11, 13, 0, 5, 4, 6, 1]]
[[9, 6, 8, 5, 7, 10, 20], [7, 2, 9, 11, 0], [12, 3], [11, 3, 25, 2, 5, 14, 27]]
[[12, 7, 14, 6, 13, 5, 15, 19], [5, 11, 15, 24, 2, 8, 12, 1, 0, 23, 25], [12, 17, 2, 4, 7, 14, 0, 18, 3], [6, 10, 13]]
[[14, 5, 16, 4, 15, 3, 12], [3, 1, 5, 11, 8, 6, 2], [8, 17, 3, 14, 2, 12, 11], [9, 11, 5, 13, 16, 18]]
[[0, 9, 11, 10, 6], [4, 2, 5], [5, 23, 0, 24, 18, 3, 8, 12], [10, 0, 3, 5, 4], [20, 29, 13, 15, 18, 24, 28, 31, 6, 16, 25, 5]]
[[12, 7, 14, 17, 25, 4, 22, 13, 23, 24, 5], [10, 28, 33, 2, 17, 19, 4, 13, 25, 7, 11, 20], [20, 1, 3, 6, 9, 13, 4, 2, 10, 14, 21], [6, 7, 9, 11, 2]]
[[10, 31, 22, 6, 33, 0, 7], [7, 18, 2, 21, 23, 26, 16], [17, 19, 9, 1, 3], [6, 22, 16, 18, 4, 9, 32], [4, 15, 20, 1, 9, 11, 18], [4, 10, 13, 17, 1], [19, 25, 17, 13, 28, 4]]
[[2, 11, 8, 18, 15, 19], [8, 11, 19, 6, 16, 0], [6, 3], [11, 6, 16, 0, 8, 10], [11, 14, 22, 25, 4], [8, 20, 12], [13, 6, 16, 0, 8, 18], [11, 16, 4, 0], [9, 17, 23], [6, 13, 5, 11, 17], [11, 25, 20, 13, 0, 7, 10]]
[[2], [10, 4, 1, 0], [9, 22, 26, 1, 4, 12, 6], [14, 17, 2, 0], [0, 3], [9, 14]]
[[17, 8, 3, 2, 6, 9, 5, 10], [15, 4, 8, 5], [18, 2, 4, 7, 10, 5, 3], [4], [0, 15, 29, 16, 13, 18, 23, 10, 9], [6, 10, 5, 8, 11], [10, 17, 27, 11, 21], [3, 9, 2, 8, 4], [12, 16, 20, 4, 8, 18], [16, 8, 13, 5, 6], [12, 5, 2, 0, 13, 6, 4], [8, 12, 1], [20, 15, 3, 0, 7, 6], [5, 17, 6, 11, 15]]
[[6, 8, 7], [1, 6, 8], [7, 14, 29, 45, 0, 8, 5, 21, 26, 36, 22, 31, 11, 2, 18, 23, 20, 1, 17, 9, 30], [2, 5, 9, 0, 6]]
[[4, 6, 22, 24, 10, 18, 3, 9, 17], [9, 4, 7], [11, 2, 6, 13, 15, 0], [7, 18, 23, 0, 11, 19, 4, 20, 22], [6, 28, 34, 9, 14, 21, 26, 10, 15, 19], [], [2]]
[[5, 9, 12, 2, 6, 4], [7, 8, 10, 11, 13, 2, 16, 1, 0], [16, 1, 3, 6, 14, 21, 4, 7, 2]]
[[6, 8, 18, 22, 30, 36, 0, 37, 7, 21, 20, 28, 29, 19, 23, 32], [10, 12, 28, 0, 7, 23, 25, 1, 15, 19], [9, 11, 10, 13, 16]]
[[13, 2, 4], [9, 6, 0], [7, 17, 5, 16, 11, 0, 1, 2], [0, 3, 2, 8, 7, 9, 5], [1, 10, 15, 19, 8, 11], [19, 2, 8, 12, 23, 26, 0], [17, 1, 10, 21, 24, 26, 11, 22, 20, 0], [], [5]]
[[6, 0, 5], [10, 12, 19, 2, 6, 16, 20, 5, 15, 1, 0], [3, 7, 19], [4, 8], [13, 22, 2, 16, 19, 24, 0, 3, 20, 6]]
[[13, 29, 1, 7, 10, 26, 2, 11, 18], [6, 18, 1, 3], [23, 18, 1, 6, 10, 15, 2], [13, 2, 0, 4, 7, 10], [8, 14, 23, 6, 1, 3], [12, 22, 25, 6, 1, 3, 4, 23, 7, 10], [13, 10, 6, 3, 7]]
[[45, 29, 16, 10, 13, 18, 20, 23, 32, 35, 47, 50, 53, 60, 11, 19, 33, 36, 41, 48, 8, 17, 2, 31, 6, 30, 7]]
[[10, 12, 15, 16, 3, 13], [1, 3, 6, 9, 2, 14, 0, 4, 5, 7, 29], [4, 9, 12, 2, 6], [14, 2, 6], [7, 11, 20, 16, 0, 18], [28, 17, 23, 25, 31, 2, 8, 11, 19]]
[[10, 36, 1, 16, 6, 21, 25, 28, 40, 3, 11], [13, 0, 6], [12, 4, 0, 8], [12, 17, 7, 15, 20, 23], [0, 15, 8, 13, 14], [16, 1, 4, 6, 11, 24, 21, 2, 20], [5, 0, 10, 13], [10, 6, 8, 13, 16], [2, 10, 6], [14, 35, 21, 6, 8, 20, 30, 23]]
[[13, 18, 20, 3, 9, 22, 25, 32], [9, 1], [16, 3, 14, 0], [14, 6, 9, 2, 7], [3, 12, 19, 9, 1], [9, 12, 14, 17, 20, 22]]
[[21, 8, 12, 15, 18, 10], [25, 19, 4, 14, 27, 29, 2, 11], [20, 14, 13, 0, 5], [17, 22, 20, 6, 11, 15], [8, 2, 5], [20, 25, 30, 6, 24, 17, 1], [9, 5, 0, 3, 13], [15, 6, 13, 18, 20, 4], [10, 5]]
[[14, 28, 18, 5, 8, 20, 23, 31, 21], [2, 10, 20, 11, 5], [0, 5], [1], [2, 10], [8, 4, 10, 13, 17, 0, 11], [13, 4, 5, 0, 9], [8, 1, 6, 16], [3, 28, 5, 8, 14, 20, 25, 6, 15, 18], [10, 11], [14, 2, 11, 7, 3]]
[[16, 6, 13, 0, 4, 11], [7, 3, 5, 10], [6, 3, 7, 9, 12, 15, 17], [17, 9, 11, 1, 10, 3], [10, 14, 22, 3, 5, 8, 19, 1], [9, 10, 6, 16, 7]]
[[30, 10, 13, 18, 21, 24, 0, 4, 11, 19], [22, 2, 20, 0, 3], [6, 8, 9, 4], [4, 8, 11, 9], [24, 16, 26, 8, 11, 19, 22, 12, 10], [3, 8, 2], [6, 10, 8], [15, 6, 2, 10, 3, 7, 0], [3, 6, 8]]
[[18, 6, 9, 14, 0, 4, 8], [6, 7, 4], [9, 4, 5, 1], [1, 9, 11, 3], [12, 19, 21, 2, 8]]
[[23, 1, 17, 2, 8, 16, 7, 4, 10, 12], [5, 17, 7, 18, 1, 11, 15, 0], [2, 4, 13, 0, 9, 3, 5, 6, 11], [1]]
[[8, 10, 13, 22, 27, 30, 32, 0], [9, 22, 3, 6, 13, 0, 10, 14], [10, 12], [15, 2, 17, 8, 11, 0], [15, 17, 8, 19, 7, 18, 0, 12, 21]]
[[5, 2, 6, 1, 10, 9], [2, 6, 12, 3, 7, 1], [7, 1, 10, 8, 3, 12, 25, 28, 4], [4, 11, 21, 24, 7, 16, 19, 26, 2, 17, 1, 12, 14, 13]]
[[8, 11, 3, 5, 15, 0, 14, 4], [10, 16, 18, 0, 12, 11, 15, 19, 1], [6, 3, 9, 12, 2, 1, 0], [21, 26, 30, 3, 9, 13, 0, 5, 10, 27, 4, 25, 19, 6]]
[[23, 1, 3, 7, 8, 12, 2, 9, 11, 13], [4, 5, 2, 1], [23, 11, 7, 8, 15, 18, 27, 2], [4, 0, 6], [4, 10, 14, 16, 18, 5, 11]]
[[5, 9, 11, 3, 2, 4], [2, 8, 10, 13, 17, 1, 7, 0, 6], [1, 23, 3, 25, 8, 11, 15, 17, 20, 29, 32, 36, 38, 41, 9, 30, 28, 2], [2, 7, 10, 14, 16, 19, 8, 1, 6, 5]]
[[5, 2, 4, 8], [9, 2, 7, 13], [20, 23, 11, 15, 27, 2, 13, 16], [0, 10, 14, 7, 11, 15, 6, 1, 18], [3, 11, 14, 16, 18, 20, 24, 26]]
[[0, 1, 7, 4], [8, 9, 10, 4, 12, 2, 13, 1], [1, 0, 3, 9, 12, 4, 10, 8]]
[[7, 12, 9, 5], [17, 5, 0, 7, 1, 11, 6], [19, 2, 9], [9, 12, 18, 13, 3], [16, 7, 0, 11, 22, 20, 8, 6, 17], [6, 17, 7]]
[[10, 19, 21, 24, 5], [8, 11, 2, 12, 26, 5], [13, 20, 28, 2, 9, 16], [3, 6, 12, 17], [22, 32, 3, 31, 0, 6], [11, 3, 16, 5, 9], [13, 22, 26, 3, 9, 15], [10, 7, 6, 0, 9], [12, 7, 14, 18, 21, 10], [5, 9, 14, 17, 10]]
[[12, 14, 9, 11, 8, 13, 10, 19], [16, 24, 1, 3, 19, 8, 2, 22, 17, 0], [9, 22, 4, 12, 25, 29, 33, 0, 5, 7, 18, 26], [5, 9, 11]]
[[11, 5, 3, 2, 6, 12], [17, 8, 12, 20, 31, 3, 10, 13, 21], [12, 9, 14, 17, 2, 7, 15, 6, 5, 18], [7, 24, 8, 2, 5, 16, 28, 13]]
[[22, 5, 9, 7, 13, 24, 0, 18, 6, 10, 8, 1], [5, 8, 6, 2, 4], [6, 2, 7, 9, 13, 17], [24, 34, 1, 9, 3, 5, 13, 6, 11, 17, 38, 33, 36, 30], [9, 11, 3, 2, 7, 6, 12]]
[[7, 15, 18, 20, 23, 0, 8], [14, 2, 11], [3, 8, 14, 0], [4, 7, 8], [16, 9, 11, 18, 0, 4, 12, 19], [9, 13, 3], [9, 2, 6, 13, 17, 20], [2, 4, 7], [2, 4, 11, 0], [5, 12, 6, 10, 15, 0, 8, 7], [29, 34, 3, 18, 21, 31, 9, 15, 26, 0]]
[[20, 25, 22, 0, 8, 7, 14, 13, 21, 27, 11, 15], [2, 4, 14, 0, 3, 12, 13, 15], [4, 11, 22, 1, 3, 9, 26, 6, 14, 18], [21, 26, 4, 8, 11, 14, 24, 2], [3, 11, 0], [10, 31, 3, 22, 17, 1], [11, 16, 27, 33, 5, 19, 21, 29, 0, 6]]
[[12, 1, 6, 8, 9, 5], [9, 1, 10, 6], [12, 0, 3, 4, 7], [12, 16, 6, 8, 10, 17, 23, 21], [5, 7, 4, 3], [8, 21, 4, 0, 15]]
[[21, 6, 13, 17, 24, 28, 11], [11, 3, 7], [15, 2, 20, 0, 3], [4, 12, 19, 10, 17, 2], [2, 4, 7, 19, 5, 11], [20, 18, 26, 11, 24], [19, 3, 10, 14, 8, 5, 4], [6, 13, 1, 3], [12, 5, 19, 0]]
[[15, 2, 4, 0, 6], [17, 0, 11, 20, 1], [14, 2, 1, 3, 0, 4], [0, 2, 11, 18, 7, 14], [17, 30, 5, 19], [17, 8, 1, 18], [20, 8, 3, 29, 5]]
[[20, 7, 16], [21, 2], [0, 12], [5, 8, 9], [10, 2], [6, 7, 9, 12, 0], [13, 18, 2, 23, 8], [10, 3], [16, 6], [4]]
[[2, 27, 34, 10, 17, 9, 19], [16, 31, 34, 21, 2], [11, 18, 1, 4, 14, 5, 12, 8], [11, 23, 5, 17, 14, 22, 25], [15, 21, 28, 24, 26, 14, 1]]
[[26, 1, 11, 17, 19, 2, 5, 4, 18, 6, 12, 0], [3, 9, 0, 10], [25, 10, 6, 8, 12, 20, 0, 17, 5, 11, 19, 3], [13, 2, 4, 6, 10, 19, 0, 7, 15, 3, 18]]
[[14, 16, 5, 4, 15, 13, 17, 6], [4, 9, 8], [29, 1, 5, 11, 22, 25, 2, 19, 18, 0, 30, 3], [9, 13, 12, 5, 6, 15], [14, 17, 21, 12, 18, 4, 11, 8, 7, 9], [8, 10, 5, 2, 7], [18, 7, 11, 13, 5, 16, 20, 6], [24, 14, 20, 21, 19, 12, 9], [22, 26, 29, 30, 8, 25, 28, 4, 18, 15, 14, 16, 20, 23], [27, 37, 50, 9, 44, 8, 43, 1, 11, 15, 18, 53, 12]]
[[10, 13, 20, 17, 2, 1, 18, 6], [5, 8, 11, 12, 1], [13, 21, 2, 15, 4, 5], [13, 18, 19, 4, 2, 8, 1, 14, 15, 9]]
[[13, 0, 9, 17], [14, 4, 27, 19, 29, 0, 1], [9, 2, 0, 12, 14], [12, 5, 15, 8, 3], [9, 5, 1], [7, 14, 8], [10, 14, 4, 17, 23, 2, 18, 22, 11, 15, 13, 12]]
[[0, 5, 10, 9, 4, 12, 6], [2, 6, 12, 7, 1, 0, 8], [6, 11, 2, 4, 17, 0, 9, 3], [0, 2, 5, 9], [10, 5, 12, 1, 11, 0, 9]]
[[4, 13, 5], [4], [5]]
[[14, 17, 2, 6, 9, 1], [21, 1, 9, 18, 28, 6], [9, 20, 1, 3, 4, 7], [15, 27, 40, 43, 47, 0, 4, 21, 23], [10, 1, 4, 7, 14, 25, 29, 5, 15, 21, 2], [9, 13, 17, 7, 20]]
[[9, 13, 4, 8, 3, 7, 14], [13, 2, 0, 1, 4], [3, 10, 16, 8, 17, 15, 7, 0, 6], [9, 6, 14, 7, 3, 11, 8, 4, 10], [6, 15, 3, 0, 2, 11]]
[[4, 5, 3], [5, 8, 12, 15, 3, 6, 13, 11], [7, 11, 14, 15], [3, 0, 9, 7, 8, 6, 13, 10], [6, 13, 15, 2, 19, 3, 9, 14]]
[[14, 20, 23, 33, 7, 24, 4, 9, 12], [2, 16, 0, 8, 5], [16, 4, 6, 0, 7, 5], [7, 9, 2, 12], [7, 14, 4, 8, 0], [9, 2, 11], [13, 12, 9, 15, 2]]
[[4, 8, 10, 13, 2, 11], [0, 3, 11, 17, 1, 9], [19, 14, 0, 3, 10], [11, 16, 19, 3], [17, 6, 14, 20, 0, 4, 11], [6, 0, 14, 4], [10, 17, 0, 8, 14, 23], [21, 38, 47, 40, 7, 1, 39]]
[[23, 6, 18, 25, 28, 13, 26, 29, 5, 12, 16, 4, 15, 17], [15, 30, 24, 26, 5, 2, 1, 0, 25, 33, 3, 31, 32, 13], [24, 14, 20, 27, 29, 11, 18, 21, 25, 10, 17, 1], [4, 6, 17, 18, 2, 9, 12, 24, 26, 0], [9, 16, 23, 5, 12, 26, 6, 27, 3, 7], [13, 16, 22, 6, 9, 0, 3, 2, 4, 17]]
[[11, 10, 14, 6, 13, 5, 12, 9], [0, 7], [5, 9, 14], [10, 2, 5, 8], [15, 11, 13, 16, 24, 2]]
[[6, 16, 10, 14, 12, 3, 2, 11, 7, 9], [14, 2, 9, 1], [24, 3, 9, 12, 15, 18, 10, 13, 4, 6, 22], [13, 17, 2, 1, 18], [3, 12, 22, 0, 15, 19, 2, 11, 10, 4, 14]]
[[4, 8, 11, 2, 9, 12], [17, 5, 9, 12, 3, 10, 2, 8], [12, 15, 16, 2, 25, 0, 3, 7], [9, 2, 12, 14], [8, 22, 31, 2, 14, 10, 20, 26]]
[[2, 18, 11, 10, 15, 14, 17, 13, 16], [7, 12, 34, 3, 9, 14, 19, 15, 1, 0, 13, 35, 17, 4, 10], [10, 16, 22, 4], [5, 11, 19, 7, 13, 22, 0, 3]]
[[20, 23, 5, 7, 4, 8, 6, 3, 9], [3, 5, 13, 16, 0], [6, 16, 1, 11, 20, 12, 19, 9, 18], [27, 2, 4, 8, 11, 15, 17, 22, 30, 0, 5, 12, 20]]
[[1, 3], [4, 14], [2], [5, 7, 11, 2], [12, 19, 24, 29, 1, 20, 3, 6, 10], [7, 4, 9], [8, 5, 10]]
[[17, 4, 12]]
[[9, 14, 3, 10], [14, 1, 3, 8], [10, 12, 0, 2], [2, 4, 21, 0, 5, 8], [8, 13, 20, 5, 11, 0, 6], [5, 20, 0, 6], [13, 0, 18, 2, 7, 17]]
[[5, 9, 3, 6, 2, 4], [19, 3, 1, 5, 10, 13, 24, 6, 14, 20, 25, 2], [2, 10, 8, 13, 15, 3], [9, 0, 1, 6, 7, 11, 13, 16, 10], [13, 2, 8, 16], [17, 28, 2, 22, 0, 15, 5, 12, 19, 14, 11, 6]]
[[0, 6, 55, 60, 75, 56, 61, 70, 76, 1, 29, 58, 74, 54, 5, 59, 57, 64, 77, 3, 71, 72, 52, 66], [15, 2, 4, 8, 11, 0, 10, 3, 16]]
[[5, 3, 6, 4], [12, 3, 6, 0, 7, 5, 4, 11], [13, 5, 16, 18, 6, 9], [17, 26, 10, 14, 22, 27, 2, 15, 23, 29, 1, 11, 3]]
[[9, 15, 0], [6, 8, 12, 11], [20, 3, 10, 5, 15], [22, 13, 2], [31, 3, 21, 0, 12, 9, 16, 5], [6, 9, 7, 10], [], [13, 5, 11, 1], [2, 8, 5, 10], [15, 3, 11, 19, 1], [2, 5, 14, 3], [20, 22]]
[[2, 5, 14, 17, 0], [0, 19, 16, 8, 4, 21, 6], [7, 0, 1, 15, 18, 2, 5], [10, 13, 15, 0], [0, 3, 8], [25, 43, 14, 32, 42, 16, 35, 2, 5, 22, 38], [18, 4, 8, 1, 13, 15], [5, 12, 21, 1, 14, 8]]
[[13, 7, 15, 17, 22, 18, 24, 6, 14, 5, 11], [5, 19, 9, 14], [8, 23, 10, 16, 2, 6], [14, 3, 7, 11, 17, 5, 4, 12, 15]]
[[13, 15, 21, 1, 25, 26, 30, 2, 6, 5, 18, 7, 8], [9, 2, 5, 13, 17], [7, 1, 9, 3, 11, 8, 14]]
[[5, 13, 15, 10, 17, 4, 9], [9, 13, 11, 2], [12, 5, 18, 23, 20, 16, 19, 0, 4], [7, 13, 16, 4, 19, 1], [7, 11, 1, 4, 16, 19], [3, 9, 14, 7, 10, 17]]
[[10, 19, 31, 35, 22, 24], [10, 15, 18, 16, 20], [27, 7, 9, 0, 11, 13, 18, 3, 28, 32], [10, 8, 14, 6, 5], [10, 1, 7], [21, 26, 10, 5, 22, 15]]
[[10, 13, 7, 12, 6, 11, 9, 18], [6, 12, 15, 13], [5, 2, 7, 11, 0, 3], [26, 33, 2, 6, 16, 30, 3, 17, 23, 27], [4, 13, 8, 17, 9, 14, 18], [14, 20, 26, 28, 6, 8, 23, 0, 4, 3, 18, 2]]
[[0, 2], [13, 5, 15, 18, 0, 3], [13, 7, 10, 16, 2, 17, 19], [9, 5, 0], [3, 0], [6, 7, 3, 11, 20, 0], [11, 3, 17, 20, 0, 4, 9], [11, 12, 14, 23, 5], [11, 3, 13, 0, 7, 16, 12], [10, 27, 17, 1, 7, 13, 24, 29, 33, 34, 2, 5]]
[[26, 3, 5, 11, 20, 24, 29, 6, 12, 21, 4], [13, 18], [5, 7, 3], [9, 1, 11, 4], [9, 12, 3], [6, 2, 13, 0, 7], [11, 4, 3, 6, 8, 15], [7, 8, 3, 11]]
[[0, 1, 13, 12, 11, 2], [26, 12, 14, 9, 16, 18, 24, 29], [2, 11, 4, 28, 25, 7, 13, 16, 0, 5, 17, 12, 3], [8, 20, 11, 5, 14, 28, 0]]
[[13, 7, 0, 4, 6, 3, 15], [8, 15, 1], [7, 29, 2, 22, 26, 1, 21, 8], [3, 6], [4, 5, 12, 8], [9, 2, 12], [6, 10, 1], [22, 7, 11, 15, 26, 3, 24, 9, 0, 23, 1, 12, 14], [4]]
[[5, 1, 2, 12, 3], [7, 15, 4, 1, 11, 10], [9, 31, 22, 0, 12, 15, 25, 28, 35, 1, 6, 13, 33, 24], [9, 1, 3, 6], [12, 22, 1, 4, 7]]
[[13, 10, 15, 18, 3, 8, 11, 19, 2, 7], [16, 1, 18, 3, 2, 17, 0, 15, 19], [0, 7, 10, 18, 1, 8], [20, 12, 7, 14, 18], [12, 18, 4, 9, 22, 2, 23], [4, 2, 7, 9, 20, 11, 14, 17]]
[[17, 7, 11, 12, 0, 13, 10], [10, 12, 17, 0, 3, 6], [7, 2, 5, 11], [18, 2, 12, 4, 5]]
[[3, 6, 0, 4], [9, 3, 5, 11, 16, 4, 10, 2], [8, 4, 15, 1, 9, 12, 0, 2], [9, 16, 23, 2, 4, 12, 14, 20, 0, 3, 10, 24], [14, 8, 6, 10, 17, 0]]
[[10, 12, 15, 0, 11, 3], [2, 6, 8, 11, 3], [4, 1, 6, 19, 21, 2, 15, 22, 5, 14, 13], [3, 8, 12, 0, 9], [21, 5, 7, 9, 15, 0, 3, 16, 13]]
[[11, 16, 5, 17, 4, 6, 10, 19, 8], [18, 1, 5, 3, 8, 15, 24, 27], [12, 6, 8, 9, 15, 24, 26, 10, 13, 22, 5, 21, 20, 27], [16, 18, 20, 8, 11, 0, 9, 12, 21, 2, 19, 17], [9, 19, 2, 11, 6, 23, 26]]
[[14, 32, 6, 10, 0, 3, 11, 29, 34, 33, 2, 9, 19, 8, 15], [14, 18, 5, 0], [13, 5, 10, 15, 2], [19, 9, 13, 1, 2, 0, 10]]
[[5, 8, 11, 6, 12, 2, 10], [24, 1, 5, 0, 22, 26, 3, 2], [9, 11, 13, 2, 1], [8, 19, 0, 10, 14, 6, 11, 15, 5, 9, 1]]
[[19, 5, 6, 15, 21], [4, 1], [11, 3, 8, 13, 21, 5, 14], [44, 46, 1, 41, 6, 4, 47, 38, 5, 34, 40, 45, 49, 37, 43, 7, 8, 36, 42, 48, 33], [29, 30, 5, 9, 11, 13]]
[[13, 7, 4, 10, 11, 15], [5, 16, 2, 14, 0], [21, 23, 29, 6, 12, 16, 27], [5], [8, 24, 10, 4, 13, 16, 21, 2, 14]]
[[29, 20, 26, 14, 19, 0, 11, 16, 23, 34, 37, 40, 1, 5], [35, 42, 2, 30, 21, 46, 4, 6, 10, 19, 23, 33, 40, 44, 0], [8, 9, 12], [0], [4, 6, 1, 13, 16, 23, 27, 29, 33, 37, 2, 7], [17, 5, 16, 0, 9, 22, 25, 28], [20, 2, 4, 6, 9, 15, 24, 0, 7, 10, 25]]
[[5, 8, 11, 15, 0, 3], [5, 9, 24, 38, 47, 2, 6, 10, 35, 39, 8, 23, 42], [7, 18, 27, 12, 15, 19, 6, 22, 14, 13], [6, 11, 14, 22, 17, 13, 12], [8, 16, 24, 13, 17, 7, 20, 23, 25, 14], [8, 21, 29, 16, 19, 7, 24, 18, 17, 25, 28, 20], [7, 19, 28, 16, 20, 23, 15, 14, 24, 27, 18], [7, 18, 27, 12, 15, 19, 6, 22, 14, 13], [9, 21, 28, 15, 18, 8, 24, 17, 16, 25, 27, 20], [9, 25, 13, 16, 18, 8, 21, 15], [9, 20, 29, 14, 17, 21, 24, 16, 18, 15, 25, 28], [7, 8, 5, 10, 17]]
[[19, 9, 2, 7, 13, 1, 6, 5, 22], [9, 13, 18, 28, 33, 2, 7, 26, 30], [5, 12, 26, 3, 7, 2, 11, 1], [7, 16, 19, 0, 13, 14, 11, 4, 20]]
[[8, 14, 20, 5, 9, 4, 13], [3, 13, 1, 5, 2, 4, 14], [19, 4, 8, 11, 12, 2, 3, 7, 9], [5, 1, 8, 3, 2, 6], [7, 13, 10, 9, 1, 0], [24, 1, 8, 20, 2, 12, 21, 25, 11, 3, 4], [7, 4, 2, 9, 17, 1, 5], [9, 15, 21, 26, 10, 7, 12, 24, 31]]
[[9, 0, 10, 11, 1, 13], [5], [9, 21, 23, 0, 5, 13, 18, 24, 17, 16, 2, 1], [10, 16, 3, 13, 18]]
[[0, 9, 11], [21, 26, 3, 13, 16, 0, 11, 17], [11, 14, 5, 7, 3, 17, 16], [9, 2], [12, 20, 28, 5, 17, 22, 25, 3, 7], [2, 6, 12, 7, 21, 23], [17, 5, 8, 3, 9, 12], [11, 13, 2, 1], [17, 4, 7, 2, 8, 11], [15, 19, 27, 5]]
[[0, 15, 1, 6, 8, 10, 2, 7, 5], [9, 19, 0, 10, 5, 7], [14, 6, 17]]
[[0, 6, 5, 1], [3], [15, 1, 8, 10, 11, 19, 17, 25, 7, 0, 16, 2, 30, 18]]
[[11, 2, 6, 8, 3, 13, 9], [1, 8, 9, 15, 17, 20, 29, 22, 3, 14, 21, 0, 13, 18, 25], [10, 12, 16, 0, 3], [10, 29, 2, 6, 24, 35, 15, 30, 4, 3, 7, 11, 12, 5, 9, 13, 23]]
[[23, 6, 13, 5, 12, 4, 19, 21, 24], [7, 3, 12, 15], [4, 7, 5, 2], [15, 12, 1, 11, 10], [5, 28, 42, 7, 12, 37, 46], [15, 22, 8, 18, 0, 2, 20, 9, 10, 19], [7, 3, 1, 5, 11, 26, 4, 2, 8, 25, 0, 12], [18, 10, 15, 22, 23, 11, 13]]
[[10, 5, 20, 15, 21, 4, 19, 14, 11, 3, 9], [5, 2], [14, 7, 10], [11, 3, 1, 0, 13], [12, 22, 13, 15, 19]]
[[12, 14, 17, 2, 4, 23, 0, 9, 8, 13, 18, 20, 16], [8, 12, 20, 2, 14, 22], [6, 1, 3, 4, 9], [20, 26, 36, 41, 49, 69, 78, 132, 144, 96, 113, 129, 7, 17, 51, 72, 84, 100, 117, 133, 44, 53, 74, 86, 102], [9, 0, 4, 13, 2, 8, 1, 10], [8, 1, 4]]
[[22, 17, 5, 19, 24, 11, 25, 4, 10, 18, 3, 26], [12, 2, 7, 17, 22, 24, 3, 18, 6, 1, 0], [0, 10, 7, 12], [12, 18], [14, 3, 12, 19], [13, 15, 0, 2, 11, 8, 9], [20, 26, 1, 5, 10, 24, 2, 9, 17], [8, 1, 3, 15, 17], [5, 13, 6], [5, 24, 7, 14, 17, 8, 15, 11, 0, 12]]
[[12, 14, 2, 8, 0, 3, 9], [7, 2], [8, 1, 3, 13], [12, 13, 0, 2, 15, 8, 7, 6], [2, 4, 10, 1]]
[[3, 8, 2], [1, 3, 4], [0, 29, 6, 19, 14], [4, 10, 14, 26, 31, 1, 7], [], [11, 17, 9, 3, 13, 4], [4, 13, 28, 0, 2, 7, 8, 10], [8, 0, 2, 4], [15, 21, 11, 27, 19, 25, 1, 4, 28, 0]]
[[9, 22, 27, 15, 24, 0, 3, 2, 6, 7, 12], [0, 13, 23, 27, 8, 16, 17], [8, 15, 20, 0, 12, 18, 3, 6], [6, 11, 19, 15, 17, 0, 4, 3, 10], [16, 3, 8, 13, 0, 5, 4], [0, 10, 21, 4, 8, 17, 19, 1], [13, 18, 23, 0, 9, 11, 20, 16]]
[[0, 28, 19, 24, 10], [3, 6, 11], [23, 1, 15, 4, 6, 21, 17, 16, 2, 3, 7], [11, 18, 9, 2, 13], [2, 5, 12], [9, 21, 14, 4, 23, 16], [5, 13, 10], [7, 9, 2, 19, 12, 14], [18, 20, 8, 4, 14, 25, 27]]
[[1, 3, 10, 13, 8, 2, 7], [5, 8, 9, 3, 14, 15], [8, 10, 5], [25, 2, 10, 5, 15, 18, 0, 6, 13], [26, 10, 1, 12, 16, 20, 13, 3, 11, 2], [22, 7, 9, 15, 17, 19, 4, 14, 12], [6, 18, 10, 12, 16, 23, 25, 27]]
[[12, 10, 14, 0, 4, 8, 15], [9, 15, 30, 36, 45, 54, 73, 12, 18, 23, 34, 38, 42, 44], [7, 1], [9, 2, 11, 1], [15, 2, 6, 1, 4], [18, 28, 2, 21, 4, 1, 6], [16, 2, 6, 5, 12]]
[[9, 15, 2, 10, 12, 4], [12, 13, 5, 9, 15], [16, 4, 0, 8, 12], [8, 10, 2, 5, 4], [9, 23, 3, 7, 13, 16, 4, 1, 0, 5], [15, 9, 14, 22, 0, 4], [5, 9, 24, 3, 12, 15, 19, 0, 2, 10], [10, 0, 8], [8, 9, 0, 3], [10, 13, 24, 4, 6, 16, 19, 0, 5], [19, 2, 4, 7, 11, 21, 8, 22]]
[[19, 4, 22, 24, 27, 0, 18, 9, 25, 1, 7], [10, 12, 9, 4, 15, 19, 33, 41, 2, 11, 1, 26, 5, 25, 28, 20, 31], [6, 11, 22, 25, 28, 32, 8, 23, 33, 21, 7, 0, 24, 27, 31, 34]]
[[23, 5, 15, 4, 22, 14, 19], [3, 0, 2], [2, 4, 8, 11, 21, 23, 5, 9, 14, 24], [13, 19, 6, 9, 16], [17, 28, 8, 23, 37, 2], [8, 20, 1, 4, 15, 2], [7, 3, 9, 12, 14, 20], [16, 21, 2, 13, 3], [14, 19, 12, 24, 28, 3, 26]]
[[2, 4, 7], [6, 12, 19, 9, 4, 14, 11], [9, 7], [0, 18, 22, 14, 16, 3, 6], [], [6, 10, 12, 4, 8], [7, 1, 0], [20, 6, 8, 11, 16, 18], [0], [8, 14, 25, 2, 5, 12, 19, 20, 28], [11, 14, 12, 3, 4]]
[[10, 17, 3, 15, 8, 20, 6, 5], [5, 0, 7, 8], [22, 16, 2, 18, 0, 8, 19, 7, 17, 3], [5, 2, 13, 16], [17, 5, 0, 7, 3, 19], [8, 14, 0, 10, 17, 1, 22, 21], [4, 8, 0, 3, 10], [4, 10, 22, 14, 6, 12, 24, 0, 7], [7, 0, 10]]
[[6, 16, 21, 11, 17, 22, 5], [1], [15, 3, 10, 12, 18, 0, 19, 22, 9, 16], [11, 1, 4, 9, 15], [0, 15, 21, 23, 25, 9, 16], [15, 18, 5, 9, 17, 7]]
[[17, 9, 4, 11, 14, 12, 2], [10, 15, 22, 1, 19, 4], [5, 9, 42, 2, 43, 48, 47, 1, 0, 6, 52, 23, 49, 3, 16, 26], [6, 7], [1, 3, 2, 5], [4, 20, 0, 12, 1, 16], [], [9, 4, 1, 5], [3, 6], [10, 26, 34, 0, 29, 35], [3, 0, 5], [0, 7, 13, 18, 20, 23], [15, 16, 5, 8, 1, 17, 12], [5, 11], [], [12, 14, 8, 2, 17], [6, 1, 4, 8, 3]]
[[9, 4, 6, 12, 14, 2, 7], [5, 14, 2, 7, 13], [6, 18, 7, 10, 12, 2, 1, 8], [16, 2, 9, 5, 1, 0, 18], [24, 6, 2, 4, 9, 20, 22, 29, 0, 10], [8, 3, 5, 12, 6]]
[[7, 13, 4, 8, 3, 9, 6, 12], [7, 2], [5, 23, 12, 16, 18, 2, 14, 9, 7], [20, 36, 42, 43, 3, 15, 27, 34, 38, 45, 1, 8, 24, 32, 14, 23, 31, 0, 21, 30, 44, 39], [10, 13, 16, 21, 19, 18, 4, 7, 2]]
[[5, 7, 0, 6], [13, 8, 9, 22, 18, 21, 11, 24, 27], [2, 4, 10, 14, 23, 19, 28, 18, 27, 3, 22, 0], [14, 6, 9, 16, 19]]
[[14, 5, 10, 0, 3], [23, 5, 10, 14, 0, 11, 15], [23, 1, 9, 12, 7], [21, 35, 31, 9, 15, 23, 0, 3, 10, 17]]
[[9, 10, 12, 21, 3, 19, 16, 18, 11, 22], [17, 0, 4, 3, 1, 5, 7], [12, 9, 2, 14], [22, 13, 17, 0, 9, 12, 3, 7, 14], [10, 20, 28, 48, 4, 41, 49]]
[[8, 20, 12, 2, 10, 1, 7, 6, 9], [4, 20, 8, 12, 17, 9], [3, 15, 19, 5, 12, 14, 16, 21], [9, 18, 23, 2, 4, 13, 26, 0, 3, 17, 5, 19, 21, 22], [11, 21, 6, 18, 14, 2, 17, 1]]
[[12, 21, 9, 13, 18, 8, 17, 20, 11, 15, 10], [9, 12, 5, 15, 18, 3, 6, 16, 1, 13], [1, 5, 11, 17, 3, 15], [10, 2, 4, 12, 0, 5, 13], [20, 4, 6, 11, 18, 14, 1], [11, 0, 12, 16, 1, 4], [10, 5, 6, 3]]
[[9, 12, 15, 17, 22, 25, 3, 18, 23, 2], [12, 4, 7, 5, 1, 0], [18, 0, 9, 13, 16, 21, 5, 14, 22], [5, 8, 11, 19, 6, 9], [16, 4, 0, 7, 8, 20, 13], [16, 5, 13, 18, 20, 0], [18, 7, 10, 20, 5, 8, 4, 19, 16], [4, 7, 9, 5, 1], [13, 16, 2, 8, 14], [9, 7, 20, 23, 0, 5, 21], [9, 17, 0, 2, 5, 20, 23, 15, 21], [19, 3, 9, 12, 15]]
[[14, 11, 13, 18, 10, 7, 21, 17], [4, 1, 3, 11], [25, 28, 36, 9, 17, 31]]
[[20, 10, 14, 7, 9, 6, 22, 8], [1, 4], [8, 9, 3, 16, 12], [6, 15, 1, 3, 13, 17], [10, 21, 3, 2, 7, 0]]
[[11, 6, 8, 13, 16, 3, 17, 2], [9, 1, 3, 7, 19, 22, 4, 23, 2, 10, 0], [12, 13, 0, 6, 8, 15, 9], [5, 1, 3, 12], [8, 0], [1, 8, 15, 7, 11, 14], [2, 8, 4, 9], [1, 3, 17, 21, 7, 15, 22, 2, 14], [8, 11, 2, 15, 18, 12, 16, 3, 17], [4, 7, 9, 12, 15, 13, 2, 5], [23, 10, 4, 7, 17, 2, 12, 1, 11, 0, 9]]
[[6, 3, 2, 7], [12, 1, 3, 7, 18, 2, 13, 14, 0], [6, 25, 4, 9, 11, 15, 37, 2, 16, 39, 1, 34, 35, 36, 12, 10, 17, 22], [9, 12, 22, 1, 15]]
[[12, 14, 10, 17, 3, 15, 2, 13], [6, 3, 4], [16, 3, 14], [6, 20, 14, 3, 23, 25, 0, 4]]
[[22, 8, 4, 10, 13, 16, 2, 11], [10, 1, 4], [19, 6, 5, 0, 8, 10, 1], [31, 1, 4, 12, 19, 24, 34, 10, 20], [10, 1, 4, 6, 15, 18], [10, 14, 16, 19, 2, 4], [7, 4, 14, 17, 20, 12]]
[[26, 0, 23, 20, 24, 28, 31, 32, 15, 30, 17, 27, 18, 19, 12], [11, 1, 8, 13], [8, 5, 1, 10], [4, 11, 1, 0], [10, 30, 14, 19, 23, 26, 36, 40, 43, 47, 49], [7, 10, 2, 12, 23], [19, 5, 10, 14, 6, 11], [12, 2, 7, 3, 1]]
[[10, 14, 17, 20, 25, 0, 3, 18, 7, 6, 15], [9, 11, 14, 3, 18, 26, 29, 0, 16, 22, 27], [16, 26, 7, 14, 20, 21, 23, 0, 8, 12], [5, 18, 19, 2, 8, 15, 22, 0, 3, 6, 9, 12]]
[[5, 17, 13, 4, 16, 12, 3, 15, 10, 14], [6, 10, 7, 1, 0, 5], [15, 1, 7], [12, 17, 20, 6, 1], [6, 16, 2, 13, 1], [7, 9, 4, 15, 23, 27, 30, 0, 5]]
[[2, 11, 15, 18, 0, 5], [8, 21, 3, 10, 13, 16, 11], [0, 4, 7, 2, 19, 10, 22, 12, 23], [16, 21, 29, 3, 31, 12, 26, 0]]
[[10, 22, 4, 15, 18, 3, 14, 13, 16, 17], [18, 3, 5, 20, 15, 21, 25, 19, 1, 0, 17, 26], [15, 13, 17, 19, 22, 2, 23, 1, 14, 16, 12], [10, 24, 0, 8, 15, 18, 26, 30, 33, 16, 19], [2, 1]]
[[7, 4, 2, 8, 6, 1], [8, 18, 11, 14, 2, 1, 7, 6], [17, 3, 13, 19, 4, 12, 1], [12, 2, 18, 14, 9, 20, 23]]
[[8, 10, 3, 2, 11, 4], [2, 8, 1, 6, 0, 5], [0, 7, 18, 22, 5, 8, 16, 4, 15, 14, 17], [1, 5, 16, 17, 8, 4, 9, 0], [10, 14, 20, 1, 12, 5, 9, 0, 8, 15], [2, 5, 9, 12, 17, 20, 0, 10, 18, 8, 16, 15]]
[[7, 9, 2, 1, 8, 6], [17, 31, 1, 5, 9, 13, 19, 22, 6, 23, 27, 12], [21, 25, 7, 12, 15, 18, 26, 10, 3, 0, 11, 14], [9, 18, 4, 10, 2, 6], [5, 9, 14], [10, 19, 11, 6, 13, 22, 3, 7, 2, 1, 0, 12]]
[[5, 7, 0, 6], [8, 9, 11, 1, 3, 2, 0], [9, 19, 2, 4, 12, 15, 0, 5], [10, 21, 6, 18, 2, 15, 1, 13], [14, 6, 0, 8, 11, 18, 26, 27, 7, 19, 20, 1]]
[[7, 0, 4, 8, 6, 3], [6, 13, 23, 14, 4, 8, 11, 17, 2, 9], [18, 3, 0, 4, 15, 24, 32, 14], [2, 9, 14, 17, 3], [2, 9, 14], [], [7], []]
[[6, 8, 11, 2, 9], [3, 11, 14, 8], [22, 18, 4, 6, 16, 0], [1, 2, 4], [14, 5, 4, 15, 6, 16], [5, 13, 16, 10, 14], [14, 3, 4, 5, 7, 15], [10, 3, 8], [18, 5, 4, 7, 13, 6, 10], [7], [6, 9, 10, 12], [6, 21, 8, 16]]
[[8, 14, 18, 0, 3, 15, 19, 17, 2], [11, 1, 4], [10, 22, 2, 11, 14, 8, 20, 0], [0, 12, 21, 6, 9], [6, 20, 8, 3, 22, 11, 28, 0, 4], [16, 2, 5, 6, 8, 11, 14, 3], [23, 10, 13, 0, 6, 16, 18, 24], [21, 1, 4, 8, 3, 12], [10, 23, 27, 19, 18, 6, 13, 21, 25, 0]]
[[0, 4, 3, 10], [8, 10, 12], [9, 13, 2, 5, 7], [8, 16, 34, 23, 3, 11, 13, 28, 31, 0, 1, 4, 18]]
[[22, 20, 7, 11, 15, 6, 10, 9], [19, 26, 16, 12, 10, 13, 24], [3, 1, 10], [12, 2, 1, 14, 4, 9], [22, 1, 0, 3, 13], [15, 18, 3, 1, 5, 9], [5, 17, 20, 10, 1], [16, 12, 5, 3, 14, 20], [2, 12, 8, 6, 15]]
[[20, 24, 30, 0, 9, 11, 26, 32, 35, 4], [9, 2, 15, 18], [7, 19, 15, 5, 12, 0], [11, 16, 25, 1, 4, 9, 22], [5, 19, 17, 10, 1, 2], [15, 32, 18, 16, 0, 9, 12, 25, 1, 5, 13], [4, 7, 13, 16, 19, 22, 28], [26, 17, 19, 8, 12]]
[[7, 11, 3, 8, 6, 2, 10, 4], [6, 32, 10, 17, 20, 2, 8, 18, 21, 1, 16, 0, 7, 19, 22], [7, 2, 4], [11, 2, 6, 1, 3], [15, 18, 3, 13], [0, 18, 23, 24, 13, 5, 8, 16, 29, 2], [21, 0, 6, 14, 15, 18, 3], [13, 5, 10, 15, 6, 0, 1], [5, 12, 0, 15, 18], [7, 13, 27, 17, 21, 24, 30, 5, 16, 28, 4]]
[[11, 9, 0, 5, 4, 3, 6], [3, 12, 1, 5, 9, 14], [20, 2, 4, 14, 17, 0, 5, 18, 3, 11], [26, 7, 12, 3, 5, 16, 22, 0]]
[[9, 16, 11, 18, 13], [0, 12, 13, 3], [6, 11], [11, 5, 9], [12, 6, 10, 1, 2]]
[[14, 15, 4, 8, 18, 21, 24, 22, 3, 16, 17, 19], [7, 9, 13, 20, 25, 10, 18, 21, 29, 1, 28, 8, 0], [7, 2, 6, 9, 12, 18, 21, 27, 16, 26, 1, 15, 22], [11, 10, 6, 16, 18, 7, 19, 13, 2, 1], [21, 1, 3, 8, 11, 16, 7, 2, 10], [8, 1, 9, 5, 12], [7, 0, 5, 9, 13, 15], [7, 9, 3, 6, 2, 1], [4, 13, 5, 2, 7, 9, 15]]
[[18, 3, 7, 21, 0, 4], [14, 12, 3, 9], [5, 6, 0, 12, 15, 13, 16, 7, 9, 18], [15, 9, 21, 14, 31], [11, 17, 4, 12, 15]]
