0.9088006615638733
0.9975634217262268
0.9430368542671204
0.9975782036781311
0.9668135046958923
0.9991050958633423
0.9246158599853516
0.9968841671943665
0.9874991774559021
0.9984500408172607
0.9733015298843384
0.9973621368408203
0.9161957502365112
0.9992184638977051
0.9742226600646973
0.9841554164886475
0.9688006043434143
0.9972838759422302
0.9702620506286621
0.9951054453849792
0.9277153015136719
0.9977653622627258
0.9345091581344604
0.9964775443077087
0.9793707728385925
0.9951910376548767
0.9263719916343689
0.9987398982048035
0.9784588813781738
0.9979701638221741
0.9865826964378357
0.9993837475776672
0.9746719598770142
0.9947749972343445
0.9799522161483765
0.9964383840560913
0.9794503450393677
0.9974197745323181
0.9773105382919312
0.9961550235748291
0.9763318300247192
0.995022714138031
0.9559833407402039
0.9976276755332947
0.9541416168212891
0.9987455606460571
0.9872308373451233
0.9984437823295593
0.9188603162765503
0.9989241361618042
0.9720151424407959
0.9986241459846497
0.9783874154090881
0.9997752904891968
0.9398162364959717
0.9935259819030762
0.9423816800117493
0.9889658093452454
0.8430340886116028
0.993554949760437
0.9357949495315552
0.9957990646362305
0.986274242401123
0.9986570477485657
0.9717844128608704
0.9946004152297974
0.9886953234672546
0.9997962713241577
0.9606884121894836
0.9966283440589905
0.9566152691841125
0.995622992515564
0.9732808470726013
0.9963721036911011
0.9658235311508179
0.9993837475776672
0.9087563157081604
0.9967067837715149
0.9888491034507751
0.9985739588737488
0.9580101370811462
0.9953643679618835
0.986211895942688
0.9867788553237915
0.9654127359390259
0.9976823329925537
0.831669807434082
0.9965458512306213
0.9376931190490723
0.9976166486740112
0.9574118852615356
0.9990344643592834
0.9876860976219177
0.9971247315406799
0.9001554250717163
0.9947876930236816
0.9797948598861694
0.9938763380050659
0.9504565596580505
0.998099684715271
0.972598135471344
0.972375214099884
0.9697995781898499
0.996598482131958
0.9884909987449646
0.9968453645706177
0.9688504338264465
0.9982307553291321
0.9818048477172852
0.9963973760604858
0.9747664928436279
0.9988240599632263
0.9003273844718933
0.9985775351524353
0.9690324068069458
0.9936408996582031
0.9689292907714844
0.9995421171188354
0.9891108274459839
0.9910552501678467
0.9603661894798279
0.995500385761261
0.9721218943595886
0.9969119429588318
0.9710409045219421
0.9975057244300842
0.9660811424255371
0.9971626996994019
0.9579567909240723
0.9959349036216736
0.8101090788841248
0.9980156421661377
0.9806089401245117
0.9978424310684204
0.9626749157905579
0.9973984360694885
0.9630623459815979
0.9997011423110962
0.8256136178970337
0.9989275932312012
0.950362503528595
0.9961175918579102
0.977135419845581
0.9981918931007385
0.947739839553833
0.994279682636261
0.9419788122177124
0.9990115761756897
0.9778652787208557
0.9963658452033997
0.935743510723114
0.988060474395752
0.9634643793106079
0.9863160848617554
0.9684261679649353
0.9988853931427002
0.9555307030677795
0.9962793588638306
0.9672144651412964
0.9958489537239075
0.9468299150466919
0.9920249581336975
0.9550503492355347
0.9973495006561279
0.9169316291809082
0.9925035238265991
0.9708764553070068
0.9989610910415649
0.9618865251541138
0.9982654452323914
0.8932701349258423
0.9978277087211609
0.9639416933059692
0.9942549467086792
0.9677859544754028
0.9967814087867737
0.9772188067436218
0.9953061938285828
0.9820129871368408
0.9987270832061768
0.9600345492362976
0.9964941143989563
0.9773826003074646
0.9967618584632874
0.9768592119216919
0.9993119239807129
0.9832313060760498
0.9983273148536682
0.958555281162262
0.997993528842926
0.9464155435562134
0.9955781102180481
0.9519210457801819
0.9977702498435974
0.8998246788978577
0.9972341060638428
0.9518160223960876
0.998142659664154
0.927428662776947
0.9932985305786133
