-1.2078934907913208
-1.0009949207305908
-1.4122461080551147
-1.2945080995559692
-1.2981959581375122
-0.9617443680763245
-1.399309754371643
-1.1911287307739258
-1.5221741199493408
-1.1285253763198853
-1.2414355278015137
-1.5568568706512451
-1.6133177280426025
-0.9967374205589294
-1.6393120288848877
-1.1648406982421875
-1.0916416645050049
-1.171631097793579
-1.1948522329330444
-1.280002236366272
-1.3708446025848389
-1.2946349382400513
-1.5953387022018433
-1.2046247720718384
-1.325205683708191
-1.2417519092559814
-1.2949345111846924
-1.0340865850448608
-1.6548055410385132
-1.2044891119003296
-1.3453608751296997
-1.399734616279602
-1.4150934219360352
-1.5207464694976807
-1.3951669931411743
-1.30539870262146
-1.3361690044403076
-1.1743104457855225
-1.2145309448242188
-1.214417576789856
-1.2932493686676025
-1.075115442276001
-1.4412446022033691
-1.2668980360031128
-1.4764443635940552
-1.0423423051834106
-1.3331023454666138
-1.3379278182983398
-1.2684894800186157
-1.110426902770996
-1.324789047241211
-1.319061517715454
-1.488816261291504
-1.0452204942703247
-2.0095791816711426
-1.0812203884124756
-1.4339091777801514
-1.1814000606536865
-1.598724126815796
-1.1319668292999268
-1.2562718391418457
-1.2634462118148804
-1.6797734498977661
-1.116498351097107
-1.041406273841858
-1.2158079147338867
-1.17819344997406
-1.2000657320022583
-1.2625714540481567
-1.1616286039352417
-1.1669750213623047
-1.145431399345398
-1.1789755821228027
-1.2188118696212769
-1.2389634847640991
-1.0790001153945923
-2.0175986289978027
-1.2796725034713745
-1.4408671855926514
-1.4126503467559814
-1.4513219594955444
-1.0216176509857178
-1.3185607194900513
-1.305936336517334
-1.257124423980713
-1.149444818496704
-1.669370412826538
-1.1164131164550781
-1.7712661027908325
-1.2167428731918335
-1.1601042747497559
-1.235208511352539
-1.6847902536392212
-1.0832751989364624
-1.4757983684539795
-1.2807080745697021
-1.6425660848617554
-1.324495553970337
-1.706362247467041
-1.186164379119873
-1.1083635091781616
-1.5770642757415771
-1.3328458070755005
-1.5647090673446655
-1.2257742881774902
-1.221077561378479
-1.3623383045196533
-1.0268003940582275
-1.5225410461425781
-1.0427457094192505
-1.2442783117294312
-0.9923643469810486
-1.2485873699188232
-1.0718671083450317
-2.7767221927642822
-1.1033461093902588
-1.3336344957351685
-0.8379472494125366
-1.2983843088150024
-1.1486619710922241
-1.2356014251708984
-1.403680682182312
-1.4230159521102905
-1.1405587196350098
-1.3172030448913574
-1.3430519104003906
-1.1394710540771484
-1.1416622400283813
-1.3468949794769287
-1.2729164361953735
-1.6334552764892578
-1.3259119987487793
-1.467247724533081
-1.093231439590454
-1.3894881010055542
-1.0321546792984009
-1.2279118299484253
-1.2640212774276733
-1.3731701374053955
-1.406237244606018
-1.5130815505981445
-0.6286953687667847
-1.4030853509902954
-1.4734152555465698
-1.5122493505477905
-0.849933922290802
-1.4359275102615356
-1.3606687784194946
-1.2626398801803589
-2.6939027309417725
-1.243456482887268
-1.3990076780319214
-1.2549614906311035
-1.7051454782485962
-1.2051764726638794
-1.1114680767059326
-1.2593834400177002
-1.0995677709579468
-1.4516626596450806
-1.0502171516418457
-1.3258633613586426
-1.2484166622161865
-1.3432832956314087
-1.0924242734909058
-1.4364174604415894
-1.2540221214294434
-1.5150567293167114
-1.3371727466583252
-1.2774930000305176
-0.9562792778015137
-1.4225560426712036
-1.2390178442001343
-1.1453410387039185
-1.1811363697052002
-1.4542843103408813
-1.3531795740127563
-1.4545884132385254
-1.1569591760635376
-1.1662002801895142
-1.1891297101974487
-1.7279794216156006
-1.1697977781295776
-1.42805016040802
-1.160841464996338
-1.0614233016967773
-1.1518291234970093
-1.1525014638900757
-1.205241322517395
-1.5491617918014526
-1.4421002864837646
-1.0405690670013428
-1.118101716041565
-1.1986650228500366
-1.0605478286743164
-1.1684889793395996
-1.208541989326477
-1.3808834552764893
-1.3582628965377808
-1.427856683731079
-1.203884482383728
