0.812780499458313
0.956181526184082
0.8755516409873962
0.9361404776573181
0.9390312433242798
0.9788965582847595
0.8882046341896057
0.9525156617164612
0.9577330946922302
0.9520633816719055
0.9079123735427856
0.9571799635887146
0.8378043174743652
0.9828465580940247
0.9354904890060425
0.9465739130973816
0.885546863079071
0.9754958152770996
0.9243188500404358
0.9438032507896423
0.8625625371932983
0.9566579461097717
0.8635488748550415
0.9464601278305054
0.9102186560630798
0.9270930290222168
0.9185401797294617
0.9426642060279846
0.9604686498641968
0.967322826385498
0.9623925089836121
0.9413535594940186
0.9122623801231384
0.9605293869972229
0.9320750832557678
0.974310040473938
0.9395833611488342
0.9668351411819458
0.9684450626373291
0.9323285222053528
0.9525521993637085
0.9141114950180054
0.8618521690368652
0.9550396800041199
0.9209361672401428
0.9497030377388
0.9618663191795349
0.9509788155555725
0.9002082943916321
0.9690864682197571
0.9109160304069519
0.9672088027000427
0.9278936982154846
0.9640628695487976
0.9086927771568298
0.9643773436546326
0.8369339108467102
0.9614439010620117
0.9242663383483887
0.9288533329963684
0.9107438325881958
0.9748653173446655
0.9067882299423218
0.9489984512329102
0.910278856754303
0.9538673758506775
0.9519227743148804
0.9587997794151306
0.9270486831665039
0.9595284461975098
0.9477628469467163
0.9486397504806519
0.9392825365066528
0.9874980449676514
0.9237041473388672
0.9891194701194763
0.8410011529922485
0.9765757322311401
0.9619311690330505
0.9425989389419556
0.9001883864402771
0.9691860675811768
0.9360118508338928
0.9514999389648438
0.9305745363235474
0.9716642498970032
0.7515506148338318
0.9649782180786133
0.8866147994995117
0.9694982767105103
0.9296898245811462
0.9825109243392944
0.9695325493812561
0.9473040699958801
0.7707754373550415
0.9579269289970398
0.9452415704727173
0.958660364151001
0.9151849746704102
0.9706359505653381
0.9557082056999207
0.8491511940956116
0.9254080653190613
0.9613532423973083
0.9880319833755493
0.9804596304893494
0.9018298387527466
0.9421923756599426
0.9391138553619385
0.960434079170227
0.9448053240776062
0.9847375154495239
0.8415858745574951
0.972040593624115
0.6331866979598999
0.9576025605201721
0.961922824382782
0.9669691920280457
0.9679816365242004
0.911484956741333
0.8644267320632935
0.9698402285575867
0.962175190448761
0.9835014939308167
0.9225216507911682
0.9618801474571228
0.9011493921279907
0.9374545812606812
0.9437713027000427
0.9712854623794556
0.8469435572624207
0.9603094458580017
0.8979106545448303
0.9756117463111877
0.9377237558364868
0.9362956285476685
0.9039983153343201
0.9674120545387268
0.7437952756881714
0.9797003269195557
0.8947871327400208
0.9500585198402405
0.9469634890556335
0.9619207978248596
0.8697926998138428
0.9314960837364197
0.8582766056060791
0.9808727502822876
0.936974823474884
0.8975236415863037
0.9238096475601196
0.9086208939552307
0.925947368144989
0.9456896781921387
0.9391345977783203
0.9267475008964539
0.9330158233642578
0.9523181915283203
0.9296880960464478
0.9653239250183105
0.930098295211792
0.9824991226196289
0.9206244945526123
0.9511121511459351
0.851005494594574
0.9695630073547363
0.9456325173377991
0.9512540698051453
0.9548366665840149
0.9887020587921143
0.9347505569458008
0.9636843204498291
0.9509611129760742
0.9000248312950134
0.9360452890396118
0.9735458493232727
0.9043457508087158
0.9702839851379395
0.9763858318328857
0.9736348390579224
0.8687024712562561
0.9577393531799316
0.9599174857139587
0.9601287245750427
0.9219885468482971
0.9377071857452393
0.9524028301239014
0.9166181683540344
0.9514627456665039
0.9571841359138489
0.9231200218200684
0.934546947479248
0.9270055890083313
0.9388565421104431
0.8712280988693237
0.9530564546585083
0.9444335699081421
0.9699855446815491
0.8823609948158264
0.9685400128364563
