0.7718156576156616
0.8973408937454224
0.8397891521453857
0.8748174905776978
0.933063268661499
0.8730794191360474
0.8685063719749451
0.9344611763954163
0.9608684182167053
0.9446736574172974
0.8217339515686035
0.9505402445793152
0.8236145377159119
0.6497295498847961
0.8393099308013916
0.9419064521789551
0.8811547160148621
0.948320209980011
0.9210895895957947
0.9296894073486328
0.7557013034820557
0.9553226828575134
0.86101233959198
0.9378191232681274
0.6421870589256287
0.9128936529159546
0.8690205812454224
0.9334866404533386
0.9125669598579407
0.9485002160072327
0.9374242424964905
0.9125154614448547
0.8363913893699646
0.929132878780365
0.937382161617279
0.8673654198646545
0.9330580830574036
0.9713037014007568
0.9400295615196228
0.9236575365066528
0.9442075490951538
0.8959051966667175
0.8583002686500549
0.934241533279419
0.8736274242401123
0.8255453705787659
0.9452069997787476
0.9270879626274109
0.8548475503921509
0.9407691359519958
0.869135856628418
0.9600239396095276
0.8879058361053467
0.9279910326004028
0.9095044732093811
0.9345579743385315
0.7380278706550598
0.9569301009178162
0.9135946035385132
0.888172447681427
0.9002885818481445
0.9051152467727661
0.9024912118911743
0.9024908542633057
0.888624906539917
0.9418752193450928
0.9375967383384705
0.9465624690055847
0.8171629905700684
0.9418017864227295
0.9393354654312134
0.9258525967597961
0.9003127217292786
0.9763282537460327
0.9133084416389465
0.9837870597839355
0.792721152305603
0.9555555582046509
0.8997032046318054
0.9358037710189819
0.6310701966285706
0.9570686221122742
0.7859112024307251
0.8855162262916565
0.8937410116195679
0.9532384872436523
0.760490357875824
0.9146120548248291
0.883380651473999
0.9397411942481995
0.9017181992530823
0.9497186541557312
0.954626739025116
0.9224296808242798
0.792856752872467
0.9400858283042908
0.7368173599243164
0.9195355772972107
0.9119380712509155
0.9519831538200378
0.9323614835739136
0.7265094518661499
0.9177082180976868
0.9479378461837769
0.9565582275390625
0.9342487454414368
0.9166581630706787
0.9310232400894165
0.9079883694648743
0.8937031030654907
0.9191422462463379
0.7959995269775391
0.7658483982086182
0.9402746558189392
0.6433324813842773
0.9250279068946838
0.9189873933792114
0.9545024633407593
0.8682446479797363
0.9089525938034058
0.8515936732292175
0.9222941994667053
0.9503151774406433
0.9663617014884949
0.9172186255455017
0.9547114372253418
0.8960707783699036
0.9141777753829956
0.9262842535972595
0.9717181921005249
0.7663238644599915
0.8749180436134338
0.853540301322937
0.9622871279716492
0.936142086982727
0.9249326586723328
0.8847885131835938
0.944432258605957
0.772062361240387
0.9545522928237915
0.8710027933120728
0.9270370006561279
0.9549736380577087
0.9471915364265442
0.8530462384223938
0.9146081209182739
0.8523668050765991
0.9459363222122192
0.9007527232170105
0.8837721347808838
0.8910641074180603
0.8842679262161255
0.8916674256324768
0.9404836297035217
0.92413330078125
0.9283779859542847
0.9223489165306091
0.9186223745346069
0.9168261289596558
0.9403296709060669
0.9113367795944214
0.9623178839683533
0.9132418036460876
0.9423699975013733
0.8250505924224854
0.954685389995575
0.8898254036903381
0.9109395742416382
0.9332205653190613
0.9781320691108704
0.8953736424446106
0.7340901494026184
0.9429422616958618
0.9232990145683289
0.9080517292022705
0.945597231388092
0.8945028781890869
0.7990492582321167
0.9610562324523926
0.9628651738166809
0.8707131147384644
0.9254772663116455
0.9270744323730469
0.9514906406402588
0.8898187279701233
0.9417454600334167
0.9137372374534607
0.9024463891983032
0.9292120933532715
0.952760636806488
0.8967721462249756
0.9217172265052795
0.9048256278038025
0.9375453591346741
0.8634816408157349
0.9544315338134766
0.9292558431625366
0.9314931631088257
0.8753366470336914
0.9618431329727173
