-1.4265137910842896
-1.0009949207305908
-1.4335312843322754
-1.2945080995559692
-1.5448845624923706
-0.9617443680763245
-1.4746196269989014
-1.1911287307739258
-1.6250535249710083
-1.1285253763198853
-1.360660433769226
-1.5568568706512451
-1.6744834184646606
-0.9967374205589294
-1.924494743347168
-1.1648406982421875
-1.1746011972427368
-1.1716316938400269
-1.4475337266921997
-1.280002236366272
-1.6640803813934326
-1.2946349382400513
-1.7421596050262451
-1.2046247720718384
-1.4447755813598633
-1.2417519092559814
-1.3972203731536865
-1.0340865850448608
-1.7240785360336304
-1.2044891119003296
-1.5537431240081787
-1.399734616279602
-1.4603817462921143
-1.5207464694976807
-1.5824381113052368
-1.30539870262146
-1.570243000984192
-1.1743104457855225
-1.2933012247085571
-1.214417576789856
-1.5244061946868896
-1.075115442276001
-1.6177409887313843
-1.2668980360031128
-1.5659828186035156
-1.0423423051834106
-1.3172050714492798
-1.3379278182983398
-1.4303653240203857
-1.110426902770996
-1.3406795263290405
-1.319061517715454
-1.5875526666641235
-1.0452204942703247
-2.097438335418701
-1.0812203884124756
-1.5820385217666626
-1.1814000606536865
-1.7017215490341187
-1.1319668292999268
-1.4623152017593384
-1.2634462118148804
-1.76026451587677
-1.116498351097107
-1.271112084388733
-1.2158079147338867
-1.2266796827316284
-1.2000657320022583
-1.4181355237960815
-1.1616286039352417
-1.2745239734649658
-1.145431399345398
-1.3284982442855835
-1.2188118696212769
-1.4114577770233154
-1.0790001153945923
-2.1365203857421875
-1.2796725034713745
-1.5482025146484375
-1.4126503467559814
-1.4872305393218994
-1.0216176509857178
-1.3755184412002563
-1.305936336517334
-1.4304180145263672
-1.149444818496704
-1.6378016471862793
-1.1164131164550781
-1.925060510635376
-1.2167428731918335
-1.288120150566101
-1.235208511352539
-1.3165695667266846
-1.0832751989364624
-1.530509114265442
-1.2807080745697021
-1.7838252782821655
-1.324495553970337
-1.5789356231689453
-1.186164379119873
-1.2836450338363647
-1.5770642757415771
-1.4370050430297852
-1.5647090673446655
-1.631433129310608
-1.221077561378479
-1.54483962059021
-1.0268003940582275
-1.5772449970245361
-1.0427457094192505
-1.5060274600982666
-0.9923643469810486
-1.3194589614868164
-1.0718671083450317
-2.710143566131592
-1.1033461093902588
-1.4472299814224243
-0.8379472494125366
-1.214911699295044
-1.1486619710922241
-1.363005518913269
-1.403680682182312
-1.489109992980957
-1.1405587196350098
-1.5175864696502686
-1.3430519104003906
-1.5177223682403564
-1.1416622400283813
-1.4596062898635864
-1.2729164361953735
-1.6783465147018433
-1.3259119987487793
-1.6001794338226318
-1.093231439590454
-1.6300005912780762
-1.0321546792984009
-1.3117358684539795
-1.2640212774276733
-1.4625294208526611
-1.406237244606018
-1.6495176553726196
-0.6286953687667847
-1.4333752393722534
-1.4734152555465698
-1.6805022954940796
-0.849933922290802
-1.3454780578613281
-1.3606687784194946
-1.452392339706421
-2.6939027309417725
-1.230452060699463
-1.3990076780319214
-1.4886513948440552
-1.7051454782485962
-1.2805677652359009
-1.1114680767059326
-1.276029109954834
-1.0995677709579468
-1.4703761339187622
-1.0502171516418457
-1.3258633613586426
-1.2484166622161865
-1.44881010055542
-1.0924242734909058
-1.5070438385009766
-1.2540221214294434
-1.7103203535079956
-1.3371727466583252
-1.3904234170913696
-0.9562792778015137
-1.5616669654846191
-1.2390178442001343
-1.4261971712112427
-1.1811363697052002
-1.613790512084961
-1.3531795740127563
-1.5087363719940186
-1.1569591760635376
-1.297260046005249
-1.1891297101974487
-1.7532224655151367
-1.1697977781295776
-1.5456629991531372
-1.160841464996338
-1.190157413482666
-1.1518291234970093
-1.246429443359375
-1.205241322517395
-1.7824448347091675
-1.4421002864837646
-1.1041351556777954
-1.118101716041565
-1.4436687231063843
-1.0605478286743164
-1.2836976051330566
-1.208541989326477
-1.5014599561691284
-1.3582628965377808
-1.814094066619873
-1.203884482383728
