0.9680087566375732
0.858042985200882
0.5103732999414206
0.9636088907718658
0.756196515634656
0.7873447183519602
0.630753193795681
0.7145865504733391
0.7431456306949258
0.5258453270006511
0.931912899017334
0.7400754755653907
0.9161301851272583
0.9456278383731842
0.38569170646369455
0.8231987899801295
0.9243914783000946
0.7537875026464462
0.019709837436676026
0.6244014103431255
0.9734816998243332
0.8279471090229761
0.8520788153012594
0.8287053519937521
0.8248237549726453
0.6562274388141103
0.8136073152224222
0.6566453702333901
0.4141504683531821
0.7913498003035784
0.8265499472618103
0.9907190203666687
0.2844152932520956
0.7838390648365021
0.6452241544611752
0.7414235586766154
0.9420234390667507
0.6274097946782907
0.8146906927227974
0.9100947209766933
0.8026429278155168
0.7214022977277637
0.13282985346657888
0.8019351554768426
0.4753869300087293
0.9806470036506653
0.9733091354370117
0.521006646566093
0.8031581863760948
0.753604565281421
0.7451538689589748
0.9289509207010269
0.3887659970205277
0.6872912738472223
0.7058491870760918
0.19439144432544708
0.4408683491804238
0.8858895870772275
0.8734622349341711
0.700673711951822
0.9876440614461899
0.8955821735518319
0.6586253502173349
0.9624115029970804
0.8054288824399313
0.5011652888730168
0.8763755645070758
0.165034431964159
0.7968058042627361
0.7350711694918572
0.8203921169042587
0.6743261008523405
0.6603155166588046
0.9438020288944244
0.7650923336881937
0.8575707674026489
0.7167506515979767
0.7258971869945526
0.7837003543972969
0.29111156333237886
0.729964210675098
0.6024401567876339
0.6283288060454651
0.07810887942711513
0.7634989175324639
0.7471149863558821
0.6857736743986607
0.8110173940658569
0.5900839790701866
0.6539600051262162
0.584524511426155
0.8471896648406982
0.9879946311314901
0.7957538132156644
0.8550371572375297
0.8352696537971497
0.258746457810048
0.6899663415652785
0.48832382122054696
0.847144533880055
0.7949515461921692
0.6726183692614237
0.9289889434973398
0.7145762324333191
0.8044646933674813
0.5619745627045631
0.12051521241664886
0.6220832274605831
0.819727435708046
0.9555093169212341
0.8395147562026978
0.5554475281387568
0.48683668320882134
0.8525724842080048
0.9909151196479797
0.6416474389178413
0.8147084750235081
0.9875990450382233
0.5149781106738374
0.8303562092284361
0.7910049417987466
0.7433956656605005
0.6223828995910784
0.7223330587148666
0.6657721230294555
0.7409735098481178
0.8196119566913694
0.5923133037867956
0.7869232892990112
0.6627980801406212
0.7947266355156899
0.7898572362416113
0.7761436179280281
0.9697644114494324
0.8893192172050476
0.7448806587606669
0.8551159724593163
0.5297492323443294
0.9611475229263305
0.596511742263101
0.8513007600392614
0.7508523693929116
0.9908408522605896
0.6626075995154679
0.7254572326783091
0.9168149471282959
0.7442143360773722
0.9874132871627808
0.7957032695412636
0.9846469685435295
0.47980939426925034
0.68836935578535
0.8384346544742585
0.718442989140749
0.848385954896609
0.9731576613017491
0.9246492948797014
0.8446891350405556
0.9682802302496774
0.7237612215632742
0.609541516751051
0.6699269581586123
0.6874224028592422
0.8196230812205209
0.6694817905857539
0.6298663966795978
0.8010211604026457
0.6725724428892136
0.7422355711460114
0.6290094312280416
0.7516085704167684
0.6809064507484436
0.7855006935341018
0.8550352603197098
0.6562385385235151
0.7510112166404724
0.8248395445671949
0.7577124098315835
0.985660657286644
0.9717130235263279
0.6674777120351791
0.5737497489899397
0.649194078752771
0.9318551123142242
0.9850164771080017
0.45690897572785616
0.6586061386624351
0.66121777628238
0.8125430375337601
0.902802050113678
0.8476308671136698
0.6275560599234369
0.8586394190788269
0.8363253399729729
0.8990755788981915
0.8702036963775754
0.7895020544528961
0.573259596247226
0.7403318233788013
0.7860645234584809
