0.6733244593654361
0.9806310534477234
0.5530405938625336
0.9826717302203178
0.7397474497556686
0.7812647391110659
0.991048800945282
0.7764300783682201
0.9876008480787277
0.8637392479512427
0.9293149958054224
0.7446457883634139
0.9922415614128113
0.9874399304389954
0.6073814235627651
0.8230119819220688
0.960347980260849
0.7508850395679474
0.5981625276069868
0.7672032967675477
0.7368384683504701
0.8427826650440693
0.9573021531105042
0.8295858594744155
0.9658986159733364
0.9294266899426779
0.8080214858055115
0.7289616314487325
0.44505131281912325
0.858438715338707
0.8479435869625637
0.9899774044752121
0.514582208590582
0.8175548732280731
0.7928217419733604
0.9892608374357224
0.857778366122927
0.7063697166740894
0.8128228023648262
0.9857453789029803
0.8630438782274723
0.7811513179913163
0.7770183548952142
0.8237128364188331
0.6558813750743866
0.9814785122871399
0.9888769030570984
0.7833823263645172
0.9332785606384277
0.8121606037020683
0.88803331553936
0.9937696307897568
0.29880046762991697
0.7552595529705286
0.9902397036552429
0.2160429060459137
0.6352771578157055
0.9791620590470054
0.9078190078337988
0.9504216015338898
0.7471973379142582
0.8523328985486712
0.6627603393668929
0.9914895296096802
0.7628937747019032
0.9903631806373596
0.9935343435832432
0.7303776293992996
0.9456403510911124
0.9156422704458237
0.9063240389029185
0.6697855609365635
0.9480876651677218
0.9888976613680521
0.8748787968522973
0.9453209519386292
0.9778128117322922
0.7444055378437042
0.8602567464113235
0.2834114874713123
0.9411593556404114
0.6025149516761303
0.6109399520326406
0.6650725292662779
0.7931559008235732
0.8270172395801637
0.7205814719200134
0.8060908317565918
0.7944836020469666
0.9200907972725955
0.6951184634651456
0.9935040175914764
0.9882409307691786
0.9586494224412101
0.8548007227480412
0.7797487407922745
0.4882034854963422
0.8975772397084669
0.983932301402092
0.8521915558459503
0.80874512642622
0.7645697693030039
0.9681921998659769
0.903822910785675
0.8161105930805206
0.706433268263936
0.9883897304534912
0.8845050384600958
0.9928202152252197
0.9788811802864075
0.9908207654953003
0.9892776012420654
0.7356922223698348
0.8519792123697698
0.9944515824317932
0.6459484973124096
0.7178785875439644
0.9897168874740601
0.9260275363922119
0.8418987604478995
0.8664702859241515
0.7529439823701978
0.6754411434133848
0.8681978558500608
0.8564438074827194
0.7610014329353968
0.8375239451881498
0.8262062041321769
0.8307644575834274
0.7789041981256256
0.81249690502882
0.8079360947012901
0.9854467064142227
0.979387640953064
0.7686449369415641
0.9399246573448181
0.9912315756082535
0.7492604344151914
0.9698692679405212
0.7487021426204592
0.856201885002
0.8334411645773798
0.9936207681894302
0.6933160033077002
0.9044903814792633
0.9929248988628387
0.6445829533040524
0.9927759965260824
0.7556505529209971
0.9930229261517525
0.6833771843463182
0.8921500345071157
0.8477758660912513
0.7684081248939038
0.8792856174210707
0.9884362476212638
0.9497072630458407
0.9171373673847744
0.9841282197407314
0.8633505854416977
0.8189483086268107
0.7507583194722732
0.9890954331918196
0.9755321078830295
0.6753798561015477
0.794605355052387
0.8280505721146861
0.9859227299690246
0.7095220403280109
0.7584672775119543
0.8441303670406342
0.8458734810352325
0.9594444632530212
0.909355362256368
0.6506477491930127
0.7223007559776307
0.9065778099677779
0.760365067049861
0.9900867640972137
0.9789563332285199
0.7715925946831703
0.807867668569088
0.682608945450435
0.9918661564588547
0.598749291151762
0.6635833866894245
0.791053865221329
0.829819897034516
0.7738162938505411
0.9855157732963562
0.9727189789215723
0.9293902450137668
0.9673205614089966
0.9814860886997647
0.9929214492440224
0.8881468966603279
0.9528272598981857
0.5598950403121611
0.6953278727829456
0.7999550998210907
