[[8, 10, 11, 6, 17, 0, 4, 18, 21, 20, 3, 14, 12, 7, 15], [11, 13, 19, 2, 6, 30, 33, 0, 3, 7, 14, 23, 31, 27, 20, 26, 10, 9, 25, 12, 16, 29], [7, 3, 20, 0, 9, 13, 18, 22, 25, 10, 16, 5, 12, 21, 23, 4, 1, 19, 24, 26, 28, 29], [2, 13, 17, 3, 6, 15, 9, 5, 20, 14, 1, 11, 0, 12, 16, 18, 7], [13, 16, 9, 5, 6, 1, 2, 18, 8, 7, 11, 19, 10, 14, 17, 20], [18, 27, 12, 8, 14, 22, 25, 6, 9, 15, 23, 30, 3, 13, 0, 19, 5, 2, 20, 28, 29, 26]]
[[2, 4, 8, 12, 5, 3, 7, 13, 6], [6, 1, 10, 12, 0, 7, 11], [7, 8, 4, 10, 11, 12, 1, 9, 3, 2], [15, 1, 4, 9, 19, 17, 8, 3, 2, 16, 0, 10, 6]]
[[12, 14, 0, 9, 17, 24, 37, 44, 1, 7, 18, 38, 13, 8, 5, 21, 39, 19], [26, 51, 62, 0, 4, 9, 10, 14, 19, 36, 44, 45, 7, 15, 20, 27, 35, 42, 52, 63, 13, 12, 50, 5, 16, 53, 73]]
[[2, 9, 8, 5, 11, 12, 17, 0, 10, 7, 18, 3, 13], [9, 3, 1, 4, 2, 0], [7, 16, 9, 2, 8, 11, 13, 1, 0, 10, 12, 3, 14], [4, 7, 12, 13, 10, 2, 3, 11], [15, 6, 0, 3, 7, 10, 4, 8, 1], [15, 23, 3, 6, 9, 13, 5, 4, 20, 2, 7, 12, 21], [13, 9, 2, 16, 17, 5, 11, 1, 4, 0, 10, 14, 3, 18], [12, 9, 15, 21, 2, 16, 5, 22, 0, 14, 23, 8, 20, 3, 10]]
[[12, 3, 6, 4, 15, 2, 9, 8, 13, 10, 17], [9, 25, 39, 7, 14, 20, 23, 41, 0, 4, 32, 12, 2, 37, 10, 17, 42, 36, 16, 40, 18, 43, 5, 22, 38], [21, 19, 15, 3, 6, 18, 17, 1, 2, 12, 16, 13, 4, 7, 9, 20], [9, 14, 19, 2, 6, 3, 7, 1, 18, 0, 10, 15, 20, 11, 16, 21, 4]]
[[10, 4, 13, 22, 3, 12, 2, 11, 5, 7, 23], [6, 5, 1, 0, 7], [1, 9, 16, 3, 6, 10, 14, 13, 2, 12], [10, 1, 2, 0, 11, 13], [8, 18, 13, 9, 22, 1, 2, 3, 0, 12, 14, 20, 5, 15, 6, 21]]
[[14, 11, 5, 7, 17, 0, 3, 8, 13, 2, 12, 10, 15], [3, 9, 11, 6, 1, 8, 0, 7, 2], [6, 13, 1, 15, 4, 10, 7, 2, 14, 9, 16, 11], [14, 33, 38, 16, 5, 9, 21, 25, 28, 31, 36, 0, 6, 26, 29, 4, 24, 15, 19, 23, 17, 34, 8, 22, 30, 32, 7], [8, 14, 1, 13, 16, 6, 11, 5, 3, 2, 10, 15, 17]]
[[9, 14, 6, 11, 1, 12, 8, 7, 10, 15, 5, 2, 13], [7, 0, 12, 13, 16, 20, 1, 4, 17, 10, 18, 22, 5, 8], [6, 0, 2, 4, 9, 7, 8], [2, 5, 3, 9, 12, 11], [14, 3, 6, 0, 4, 2, 12, 7, 13], [12, 0, 1, 17, 6, 16, 5, 8, 15, 13, 11, 2, 9], [8, 13, 22, 5, 15, 0, 19, 10, 3, 20, 7, 14, 16, 21, 1, 6, 17, 23, 11], [14, 4, 6, 9, 17, 23, 2, 7, 15, 20, 5, 0, 19, 10, 11, 21], [12, 15, 7, 8, 5, 14, 0, 13, 6]]
[[11, 16, 5, 12, 4, 10, 9, 8, 14, 17, 15], [13, 8, 11, 2, 10, 1, 6, 7, 0, 5, 12, 4, 14], [8, 7, 9, 4, 1, 15, 0, 10, 14, 13, 2, 11], [27, 20, 15, 3, 10, 12, 17, 23, 30, 7, 6, 22, 1, 24, 0, 21, 16, 13, 4, 11, 8, 28, 2]]
[[20, 8, 15, 4, 10, 2, 1, 9, 16, 18, 21, 7, 14, 11, 5], [14, 20, 8, 2, 1, 6, 5, 9, 10, 15, 3, 16, 18, 22], [11, 5, 7, 0, 1, 8, 4, 12, 10, 9, 2], [4, 7, 0, 10, 2, 8, 9, 13, 11, 3], [11, 2, 5, 16, 14, 0, 1], [6, 8, 19, 0, 3, 15, 4, 10, 2, 1, 9, 14], [10, 13, 1, 5, 11, 0, 3, 4, 8, 9, 14], [0, 13, 3, 6, 19, 1, 17, 18, 16, 11, 2, 8, 7, 10], [14, 9, 2, 5, 10, 4, 15, 7, 0, 6, 11, 12]]
[[6, 16, 14, 21, 10, 9, 17, 12, 20, 13, 15], [15, 17, 1, 10, 21, 6, 2, 9, 4, 5, 0, 8, 19, 24, 11], [18, 2, 4, 6, 9, 22, 0, 23, 3, 19, 7, 21, 14, 16], [16, 6, 7, 10, 1, 8, 5, 13, 2, 14, 11], [4, 0, 11, 10, 5, 7, 8], [10, 13, 0, 3, 2, 17, 8, 1, 7, 11, 14, 15, 16], [1, 3, 7, 2, 4, 5], [7, 11, 1, 9, 12, 2, 6, 0, 5, 8, 10], [4, 12, 26, 5, 14, 17, 15, 1, 6, 23, 11, 20, 13, 16, 3, 0, 10, 19, 22, 7, 24], [8, 1, 5, 9, 3, 6, 2, 0], [9, 12, 20, 29, 4, 21, 23, 25, 16, 8, 0, 5, 7, 27, 3, 26, 10, 22, 30, 11], [17, 21, 15, 13, 22, 12, 25, 0, 18, 20, 19, 14, 16, 23]]
[[1, 9, 3, 6, 15, 4, 13, 2, 12, 10, 18], [0, 7, 9, 14, 19, 5, 10, 12, 16, 4, 15, 1, 11, 17], [4, 6, 10, 11, 8, 0, 9, 2, 7, 3], [7, 8, 0, 12, 11, 5, 10, 2], [0, 2, 3, 9, 1, 5], [9, 21, 7, 16, 19, 17, 2, 13, 1, 14, 15, 12, 18, 3, 4], [24, 1, 13, 11, 3, 9, 2, 15, 19, 14, 18, 12, 20, 5, 16, 21, 22, 10], [7, 5, 9, 12, 18, 22, 3, 20, 23, 15, 6, 10, 16, 19]]
[[18, 29, 5, 11, 25, 3, 16, 10, 2, 9, 21, 8, 20, 30, 12, 26, 23, 14], [4, 6, 8, 13, 2, 9, 15, 1, 12, 5, 14, 16], [7, 1, 4, 14, 11, 3, 2, 10, 0, 8, 15, 5, 12]]
[[13, 19, 10, 2, 8, 1, 7, 6, 14, 3, 11], [3, 8, 17, 5, 1, 7, 0, 4, 2], [9, 12, 30, 1, 3, 6, 15, 2, 32, 28, 13, 14, 4, 33, 16, 24, 34], [11, 22, 0, 1, 8, 15, 26, 6, 30, 28, 12, 20, 24, 2, 17, 9, 29]]
[[15, 8, 11, 3, 6, 2, 12, 13, 4, 9], [7, 13, 5, 2, 1, 10, 11, 0, 9, 3], [3, 1, 4, 7, 8, 2, 6, 5], [6, 2, 1, 3, 0, 7, 8, 4], [20, 21, 4, 10, 15, 27, 8, 11, 25, 23, 1, 18, 7, 0, 5, 28, 3]]
[[4, 10, 13, 11, 3, 5, 12, 14], [9, 10, 13, 0, 2, 5, 7, 11, 3, 14, 8, 12], [9, 6, 0, 1, 11, 13, 15, 17, 2, 7, 10, 14], [1, 8, 2, 6, 7, 0, 9], [21, 5, 10, 12, 14, 15, 1, 19, 18, 11, 7, 16, 13, 22, 0, 23], [11, 4, 2, 6, 7, 13, 9, 0, 3, 8, 16, 12, 15], [7, 4, 14, 2, 5, 15, 13, 12, 10, 8, 3, 6]]
[[15, 7, 12, 21, 0, 3, 13, 19, 18, 2, 8, 24, 10, 16, 6, 17, 4], [7, 14, 0, 2, 5, 10, 9, 1, 16, 19, 15, 11, 17, 3, 23, 21], [0, 17, 1, 5, 9, 18, 12, 2, 19, 3], [9, 17, 11, 1, 6, 5, 12, 10, 15, 7, 2, 13, 18], [12, 3, 5, 9, 17, 0, 7, 13, 2, 6, 10, 15, 18], [17, 7, 2, 9, 0, 3, 5, 10, 15, 8, 14, 1, 11]]
[[6, 8, 14, 3, 9, 13, 7, 10, 15], [10, 15, 5, 0, 2, 14, 6, 17, 13, 3, 16, 8, 7], [16, 1, 3, 6, 10, 18, 26, 27, 2, 21, 17, 20, 4, 23], [10, 15, 3, 7, 18, 20, 26, 5, 8, 21, 17, 4, 16, 22, 14, 11, 6, 19, 27, 23, 24]]
[[0, 8, 10, 6, 5, 12, 1, 3, 9, 11], [8, 4, 14, 26, 2, 19, 18, 1, 9, 29, 24, 0, 7, 27, 15, 28, 5, 20], [11, 19, 3, 5, 8, 12, 22, 24, 6, 13, 1, 0, 17, 20, 9, 2, 21], [6, 9, 5, 13, 12, 7, 2], [9, 4, 12, 1, 0, 7, 5, 2], [29, 10, 14, 1, 21, 27, 17, 31, 9, 12, 11, 30, 2, 24, 22, 23, 13], [2, 8, 6, 3, 9], [8, 3, 11, 4, 0, 2, 1, 5, 12], [2, 7, 5, 8], [10, 2, 11, 5, 4, 6, 0], [2, 7, 8, 3, 9], [13, 21, 3, 5, 17, 19, 6, 14, 1, 10, 0, 15, 2], [7, 5, 9, 8, 2], [5, 1, 3, 6], [5, 9, 11, 0, 3, 10, 6], [12, 3, 10, 8, 1, 11, 0, 13, 4, 5, 2]]
[[4, 9, 1, 10, 8, 0, 2, 5, 3, 6], [23, 1, 24, 4, 16, 12, 20, 29, 31, 21, 15, 2, 18, 25, 3, 28, 30, 17, 26, 0, 13, 19], [0, 6, 3, 5, 1, 7], [12, 0, 7, 16, 17, 2, 5, 15, 1, 14, 8, 6], [6, 11, 12, 0, 2, 3, 7, 4, 5, 10, 13], [9, 14, 12, 6, 16, 3, 15, 19, 1, 2, 13, 5, 4, 17], [14, 8, 22, 4, 6, 21, 10, 18, 25, 11, 15, 19, 27, 1, 9, 13, 23, 3, 0, 24, 26, 16], [0, 10, 7, 4, 6, 14, 2, 8, 15, 1, 11, 13, 12, 16]]
[[4, 6, 10, 8, 0, 5, 11, 2], [4, 9, 1, 0, 8, 10, 5, 2], [9, 5, 13, 2, 6, 14, 1, 0, 10, 3, 11], [1, 3, 4, 9, 12, 14, 2, 8, 5, 10]]
[[3, 6, 11, 13, 18, 4, 2, 10, 9, 14, 17, 19], [8, 14, 3, 15, 2, 9, 4, 12], [8, 11, 12, 14, 1, 0, 13, 2, 4], [6, 20, 1, 14, 3, 18, 23, 2, 15, 7, 9, 17], [18, 1, 6, 9, 4, 3, 2, 16, 20, 0, 14, 19], [12, 9, 6, 7, 1, 13, 11, 8], [1, 4, 6, 14, 15, 3, 13, 10, 2, 9, 11, 16]]
[[22, 23, 5, 8, 14, 18, 25, 0, 9, 15, 19, 26, 7, 12, 24, 1, 3, 10, 16, 20, 27], [10, 2, 4, 0, 11, 3, 12, 5, 7, 14], [13, 3, 12, 4, 16, 1, 0, 9, 15, 10, 2, 7, 5], [7, 4, 10, 11, 13, 2, 1, 0, 16, 5], [16, 30, 43, 52, 1, 5, 39, 46, 55, 35, 40, 44, 47, 7, 23, 38, 20, 21, 22, 56, 37, 45, 54, 48, 57, 42, 51, 24, 36, 41, 50]]
[[29, 8, 12, 16, 23, 33, 34, 0, 5, 18, 35, 7, 4, 20, 31, 17, 37, 24, 30], [16, 14, 21, 0, 3, 17, 22, 19, 2, 6, 8, 7, 20, 9, 11], [5, 9, 10, 6, 12, 7, 14], [10, 35, 1, 23, 30, 38, 7, 24, 6, 16, 19, 27, 29, 34, 22, 15, 18, 26, 11, 37, 20], [7, 10, 16, 3, 20, 0, 8, 6, 19, 2, 12, 18, 14], [5, 2, 12, 1, 0, 7, 9, 4, 8, 3, 10, 13]]
[[8, 7, 4, 10, 12, 2, 9, 6, 0, 3], [15, 3, 6, 9, 11, 2, 1, 0, 4], [5, 7, 10, 4, 8, 3, 6, 9, 0, 1], [8, 10, 1, 9, 3, 0, 7, 11, 5, 12], [4, 11, 7, 14, 0, 2, 13, 3, 12, 10, 5, 6], [7, 9, 12, 15, 2, 10, 6, 1, 8, 5, 0, 13], [11, 13, 8, 25, 27, 19, 17, 21, 2, 9, 26, 1, 14, 3, 0, 15, 7, 24, 4, 22, 28, 29, 30]]
[[5, 17, 11, 13, 0, 3, 14, 2, 9, 8, 6, 4, 15, 16, 18, 19], [8, 11, 1, 3, 7, 14, 4, 12, 15, 2, 9, 0, 5, 16, 17, 18], [20, 3, 7, 9, 14, 10, 11, 2, 1, 5, 8], [3, 0, 7, 4, 1, 5], [17, 23, 4, 5, 11, 26, 2, 6, 24, 27, 1, 29, 21, 22, 25, 28, 7, 8], [10, 14, 4, 5, 8, 15, 3, 12, 6, 11, 13], [17, 0, 2, 10, 20, 23, 8, 11, 18, 15, 16, 24, 12, 21], [0, 29, 43, 4, 8, 10, 17, 31, 38, 40, 11, 15, 23, 36, 1, 35, 25, 2, 27, 34, 30, 9, 20, 39, 18, 19, 26, 3, 28]]
[[1, 9, 13, 0, 15, 8, 14], [6, 0, 2, 8, 5, 10, 4, 9], [18, 9, 5, 11, 2, 6, 1, 10, 12, 3, 13, 15, 19]]
[[14, 17, 16, 8, 0, 3, 6, 9, 2, 18, 5, 4], [1, 4, 9, 5, 10, 3, 2, 0, 6, 7], [8, 12, 5, 16, 2, 6, 14, 17, 1, 13, 19, 11], [0, 4, 1, 2], [7, 10, 16, 13, 9, 5, 4, 14, 12, 6, 15], [57, 7, 3, 9, 25, 30, 31, 45, 51, 55, 1, 4, 23, 26, 32, 41, 46, 52, 44, 21, 50, 8, 29, 24, 28, 43, 2, 37, 48, 53, 39], [2, 5, 0, 6, 4, 7], [1, 3, 0, 2], [3, 2, 1, 4, 0]]
[[5, 19, 1, 3, 8, 9, 12, 2, 6, 17, 4], [29, 4, 0, 6, 5, 3, 11, 9, 7, 8], [5, 4, 0, 7, 10, 17, 9, 6], [11, 29, 3, 5, 15, 0, 12, 14, 4, 13, 1], [3, 6, 13, 16, 5, 11, 0, 4, 9, 10, 17, 14, 12]]
[[21, 7, 9, 0, 3, 10, 2, 8, 6, 5, 4, 11, 12], [27, 8, 1, 4, 19, 2, 5, 16, 29, 9, 15, 28, 14, 0, 24, 26, 6, 12, 17], [10, 0, 2, 1, 3], [5, 7, 8, 6, 0, 3, 9], [6, 9, 17, 2, 1, 11, 4, 13, 14, 3, 10, 12, 0, 5, 15, 18], [15, 11, 18, 20, 6, 5, 12, 19, 4, 10, 17, 16, 13, 8, 0, 7], [3, 5, 14, 1, 11, 4, 10, 9, 2, 15, 6, 12, 16], [5, 7, 13, 15, 2, 8, 16, 0, 6, 14, 3, 9, 12, 17], [16, 5, 7, 9, 6, 8, 0, 1, 4, 17], [13, 5, 8, 14, 17, 20, 6, 11, 10, 2, 0, 21, 16, 3, 18]]
[[10, 3, 8, 2, 9, 7], [9, 3, 14, 4, 11, 18, 1, 19, 0, 10, 21], [5, 3, 11, 16, 10, 2, 13, 6, 12, 14], [15, 3, 5, 8, 13, 0, 4, 6], [6, 19, 3, 14, 12, 1, 11, 0, 10, 7, 20, 4, 5, 15, 2], [5, 9, 13, 0, 2, 17, 20, 4, 7, 15, 21, 10, 18], [8, 11, 20, 21, 6, 3, 12, 13, 15, 17, 22, 4, 14]]
[[4, 13, 10, 0, 5, 6, 14, 11, 2, 8], [6, 7, 9, 13, 4, 3, 12, 11, 8], [7, 19, 4, 15, 1, 18, 20, 13, 0, 8, 17, 9, 14, 2, 21, 11], [1, 5, 7, 0, 6, 3, 4, 2]]
[[22, 17, 8, 11, 13, 20, 5, 14, 24, 23, 1, 4, 0, 6, 9, 18, 2], [8, 19, 23, 9, 12, 15, 3, 11, 14, 0, 16, 2, 20, 24, 21], [0, 5, 6, 4, 1], [18, 8, 14, 16, 5, 9, 12, 1, 4, 3, 0, 19, 11, 15, 17, 6, 10, 2]]
[[22, 11, 13, 4, 20, 3, 12, 10, 14, 5, 6, 21], [13, 5, 7, 3, 14, 0, 4], [12, 0, 2, 5, 1, 13, 8, 4, 3, 15], [3, 10, 18, 13, 16, 1, 14, 6, 15, 11, 2, 4, 7, 19], [1, 5, 2, 0, 7, 3]]
[[7, 3, 9, 12, 15, 1, 10, 0, 8, 17, 16, 6, 4], [11, 0, 5, 16, 12, 1], [5, 3, 12, 7, 9, 0, 14, 4, 13, 6], [4, 0, 6, 5, 3, 7], [5, 7, 11, 1, 8, 12, 17, 16, 10, 0, 6, 4], [10, 1, 13, 6, 15, 4, 11, 14, 3, 2, 16, 17], [5, 13, 0, 7, 3, 10, 11, 6, 15, 1, 14, 12], [12, 20, 7, 5, 14, 1, 18, 3, 0, 6, 13, 15, 19, 16], [7, 15, 3, 11, 13, 4, 2, 12, 10, 8, 0]]
[[9, 13, 4, 10, 14, 3, 8, 7, 12], [4, 9, 2, 12, 14, 0, 6, 3, 5], [11, 17, 2, 5, 14, 20, 25, 0, 7, 24, 23, 3, 9, 15], [9, 19, 27, 13, 5, 10, 16, 29, 33, 0, 6, 17, 20, 26, 2, 15, 25, 14, 28, 21, 4]]
[[15, 17, 22, 6, 5, 14, 8, 13, 23, 7, 10, 21], [6, 3, 0, 2, 7, 4], [7, 4, 3, 2, 1, 8, 0, 9, 5], [11, 13, 0, 9, 12, 14], [17, 6, 4, 12, 0, 2, 11, 20, 24, 22, 19, 23, 18, 10], [12, 29, 6, 11, 31, 15, 23, 25, 4, 22, 13, 14, 0, 1, 21, 30, 7, 24, 5, 32, 8], [22, 0, 20, 10, 19, 4, 3, 23, 6, 21, 5, 8]]
[[22, 13, 15, 20, 27, 9, 18, 8, 14, 26, 25, 12, 23, 16, 32, 10, 30, 28], [3, 14, 17, 22, 0, 25, 18, 8, 4, 20, 5, 6, 11, 15, 9], [12, 15, 1, 14, 5, 2, 4, 7], [11, 23, 2, 6, 15, 17, 3, 0, 9, 18, 24, 7], [17, 22, 25, 3, 23, 26, 2, 15, 1, 0, 14, 13, 29], [7, 14, 22, 1, 5, 10, 20, 6, 11, 18, 2, 17, 15, 23, 3]]
[[0, 10, 1, 9, 13], [10, 13, 3, 0, 14, 2, 15, 16, 22, 17, 24], [0, 2, 3, 1], [12, 29, 4, 7, 10, 16, 20, 17, 3, 13, 31, 9, 15, 18, 5, 8, 30], [14, 1, 17, 2, 18, 7, 8, 6, 16, 13, 9, 10, 15]]
[[8, 11, 0, 3, 7, 6, 2, 5, 12], [1, 4, 5, 6, 3, 2, 0, 7], [13, 4, 9, 12, 5, 10, 15, 0, 2, 3, 14, 8, 16, 7], [9, 3, 6, 11, 14, 17, 4, 7, 18, 1, 2, 0, 10, 15, 19], [9, 0, 7, 10, 5, 6, 12, 1, 11], [5, 19, 6, 20, 12, 16, 0, 3, 13, 17, 24, 15, 2, 9, 23, 14, 7, 21, 10], [16, 0, 3, 4, 20, 14, 19, 15, 1, 5]]
[[4, 8, 7, 6, 9, 5, 11], [5, 22, 0, 7, 11, 14, 17, 1, 12, 24, 8, 15, 25, 16, 9], [0, 4, 2, 1, 7, 5, 6], [9, 1, 6, 3, 2, 0, 4], [0, 20, 7, 12, 16, 19, 22, 17, 23, 6, 1, 5, 11, 24, 2, 3], [6, 1, 3, 9, 11, 2, 4, 7, 12], [4, 10, 12, 5, 0, 6, 13, 1], [5, 11, 2, 12, 7, 20, 0, 14, 17, 3, 13, 8, 18], [17, 2, 7, 9, 0, 10, 19, 14, 4, 3, 13, 18, 11, 5, 16], [16, 0, 7, 10, 13, 3, 14, 6, 1, 8, 2], [2, 12, 0, 3, 6, 10, 9, 8, 13, 14], [10, 14, 20, 16, 1, 7, 3, 6, 0, 12, 17, 13, 4, 2]]
[[13, 21, 24, 8, 15, 18, 0, 3, 9, 16, 19, 2, 7, 6, 14, 20, 22], [9, 17, 6, 2, 7, 11, 1, 5, 0, 10, 8], [2, 6, 5, 0], [23, 8, 17, 12, 26, 9, 11, 24, 0, 16, 18], [21, 8, 18, 25, 9, 11, 23, 26, 12, 17, 19], [19, 10, 13, 24, 25, 7, 9, 20, 21], [20, 16, 7, 9, 25, 10, 15, 17, 21], [9, 16, 6, 13, 4, 11, 0, 10, 7, 14]]
[[21, 13, 7, 10, 16, 27, 0, 4, 8, 14, 19, 3, 18, 25, 26, 24, 22, 17, 5, 20, 28], [11, 23, 28, 30, 32, 14, 16, 0, 13, 2, 4, 7, 34, 17, 1, 21, 26, 15, 27, 31, 5, 8, 9], [1, 5, 9, 14, 7, 13, 0, 12, 15, 2, 8, 3], [8, 4, 1, 0, 6, 9, 2, 7], [10, 13, 1, 5, 8, 15, 6, 2, 0, 17, 16, 3, 18], [22, 6, 12, 15, 18, 20, 25, 28, 9, 21, 26, 8, 7, 16, 29, 0, 2, 23], [23, 1, 31, 3, 7, 15, 17, 20, 26, 8, 18, 27, 2, 24, 25, 4, 0, 5, 16, 21, 10, 28, 32], [20, 23, 49, 38, 42, 2, 5, 11, 17, 29, 51, 54, 3, 9, 24, 32, 40, 52, 6, 39, 14, 28, 33, 13, 27, 46, 43, 18, 30, 45, 19, 53, 55, 0, 15, 44, 47, 48]]
[[12, 22, 4, 2, 18, 23, 17, 1, 11, 7, 10, 0, 6, 19, 20, 24], [6, 1, 3, 4, 11, 9], [5, 8, 0, 3, 7, 6, 2], [8, 11, 21, 14, 18, 3, 5, 0, 12, 9, 13, 19, 1, 7], [2, 0, 5, 1, 4], [15, 24, 6, 10, 20, 4, 11, 14, 3, 2, 19, 22, 25, 9, 27], [14, 17, 4, 8, 12, 21, 22, 7, 1, 0, 11, 13, 2]]
[[14, 0, 6, 5, 10, 7, 3], [5, 14, 1, 12, 3, 2, 10, 0, 9, 15, 17, 6, 7, 13], [4, 5, 2, 8, 1, 0, 3], [6, 19, 1, 10, 20, 4, 14, 2, 0], [10, 21, 27, 2, 4, 6, 16, 0, 7, 11, 24, 3, 30, 22, 23, 17, 5, 8, 25, 31], [7, 57, 3, 0, 2, 9, 10, 17, 43, 45, 47, 50, 53, 55, 58, 8]]
[[3, 5, 11, 4, 6], [3, 8, 17, 19, 1, 10, 15, 7, 0, 6, 14, 20], [10, 1, 3, 15, 0, 11, 4, 12, 13], [11, 14, 19, 3, 7, 4, 8, 1, 17, 16, 12, 2, 5], [1, 5, 10, 13, 2, 11, 0]]
[[16, 19, 2, 12, 21, 0, 9, 17, 22, 6, 18, 20, 7, 24], [0, 2, 3, 1, 4, 6], [16, 3, 0, 2, 1, 14, 19], [25, 12, 32, 37, 38, 10, 21, 26, 30, 9, 4, 29, 13, 39, 31, 36, 40, 5, 14, 18], [7, 11, 0, 3, 2, 9, 4, 13]]
[[4, 19, 18, 3, 12, 10, 20, 5], [6, 11, 17, 0, 7, 15, 18, 4, 3, 9, 14, 16], [11, 29, 9, 16, 4, 12, 3, 8, 7, 14, 6, 10, 5], [7, 9, 11, 4, 17, 1, 0, 16, 13, 10, 8, 18, 2, 12]]
[[8, 15, 3, 10, 2, 13, 9, 7, 11, 0, 4, 5], [33, 1, 3, 6, 17, 20, 4, 10, 18, 21, 35, 2, 24, 0, 23, 34, 36, 7, 11], [13, 17, 0, 4, 1, 3, 8, 14, 5, 9, 10, 15, 2], [20, 1, 12, 16, 17, 4, 11, 2, 5, 7, 14, 21], [11, 6, 8, 9, 1, 2, 0, 7, 12, 13, 4], [6, 34, 14, 7, 9, 15, 30, 17, 20, 24, 31, 40, 19, 23, 39, 3, 36, 27, 10, 16, 8, 35, 5, 25, 32, 0, 1, 11, 28, 37], [7, 16, 5, 0, 14, 18, 1, 6, 8, 10, 4, 11, 19, 12], [5, 20, 0, 17, 6, 15, 1, 11, 14, 2, 3, 7, 18, 12]]
[[3, 5, 1, 2, 6], [8, 12, 16, 24, 28, 2, 4, 18, 20, 26, 0, 30, 6, 13, 22, 10, 14, 17, 25, 29, 15, 7, 19, 9, 31], [10, 21, 17, 7, 11, 13, 29, 16, 6, 5, 25, 28, 8, 12, 14], [4, 1, 6, 5, 11, 12]]
[[25, 39, 0, 10, 23, 29, 5, 19, 27, 34, 7, 18, 26, 37, 41, 35, 1, 30, 32, 8, 40, 3], [4, 17, 19, 21, 0, 9, 5, 3, 6, 11, 12], [13, 9, 7, 11, 16, 4, 10, 14, 15, 12, 6], [7, 10, 20, 18, 2, 4, 13, 16, 24, 29, 22, 1, 11, 19, 21, 0, 26, 12, 8, 28, 30], [7, 12, 9, 2, 4, 13, 0, 1, 10, 11, 8, 5], [7, 11, 0, 5, 4, 8, 1, 6, 10]]
[[9, 6, 8, 5, 7, 10, 19], [7, 2, 9, 11, 0, 4, 3, 8, 10], [11, 4, 1, 7, 9, 3, 2, 0, 8, 12, 5, 10], [10, 3, 2, 5, 23, 0, 12, 24, 4, 22, 21, 25, 6]]
[[12, 7, 14, 6, 13, 5, 15, 17], [5, 11, 14, 22, 2, 8, 12, 1, 0, 21, 13, 23, 3, 9], [12, 16, 2, 4, 7, 14, 0, 3, 13], [6, 9, 12, 0, 3, 2, 7, 10]]
[[14, 5, 16, 4, 15, 3, 12, 17], [3, 1, 5, 11, 8, 6, 2, 4, 0], [6, 15, 2, 12, 1, 10, 0, 9, 3, 13, 16], [6, 8, 4, 10, 14, 11, 2, 9, 7, 0, 15]]
[[0, 9, 11, 10, 6], [4, 9, 2, 5, 1, 0, 10, 12], [3, 9, 19, 0, 10, 20, 14, 13, 4, 5, 6, 15], [8, 0, 4, 1], [20, 28, 13, 15, 18, 24, 6, 16, 5, 11, 29, 10, 25, 30, 32, 14, 26, 31]]
[[12, 7, 14, 17, 25, 4, 22, 13, 23, 24, 5, 6], [8, 24, 28, 2, 13, 15, 4, 10, 21, 16, 25, 20, 14, 3, 0, 22, 23, 17, 18], [19, 2, 5, 8, 12, 3, 1, 9, 13, 20, 6], [6, 7, 10, 2, 1, 0, 8, 3, 12]]
[[9, 30, 21, 5, 32, 0, 6, 10, 15, 25, 33, 4, 8, 24, 14, 3, 22, 12, 20, 26, 11, 16], [7, 15, 2, 18, 14, 19, 6, 4, 3, 11, 8, 13, 17, 20, 21], [16, 1, 3, 6, 12, 4, 2, 9, 18, 17, 13], [5, 19, 14, 3, 7, 28, 29, 8, 16, 2, 23, 1, 0, 15, 6, 20, 24, 30, 32, 9, 17, 31], [4, 13, 18, 9, 16, 10, 14, 7, 19, 1, 8, 5], [3, 9, 12, 16, 14, 1, 2, 0, 4, 7, 13], [16, 21, 11, 23, 4, 10, 25, 2, 5, 12, 18, 26, 7, 0, 8, 15, 14, 22, 17, 24, 13, 19]]
[[1, 10, 7, 17, 14, 18, 4, 11, 13, 9, 8, 15, 19], [8, 11, 19, 6, 16, 27, 0, 4, 14, 17, 24, 23, 2, 12, 3, 13, 20, 7, 28, 25], [8, 4, 13, 0, 7, 15, 11, 16, 5, 14, 6], [10, 12, 20, 23, 3, 5, 8, 17, 26, 28, 15, 18, 29, 4, 0, 13, 6, 2, 14, 24, 7, 19, 30], [8, 18, 12, 5, 15, 22, 25, 6, 16, 23, 26, 13, 1, 4, 0, 2, 20, 9, 19, 24, 27, 7, 14], [12, 15, 0, 7, 17, 4, 13, 18, 6, 16, 19, 8], [11, 15, 4, 0, 8, 13, 17, 6, 18, 5, 3, 16, 1, 14], [6, 12, 1, 15, 8, 13, 2, 4, 19, 16, 22, 3, 18, 17, 14, 9, 23, 5, 20], [6, 11, 5, 14, 2, 9, 8, 12, 0, 13, 15, 3], [9, 21, 16, 5, 8, 11, 18, 2, 6, 0, 4, 17, 15, 19]]
[[2], [10, 4, 1, 0, 6, 5, 8, 3, 11, 13], [9, 19, 23, 1, 4, 6, 14, 20, 3, 11, 2, 0, 5, 7], [16, 0, 5, 3, 13, 4, 2, 12, 20, 9], [0, 3], [9, 13, 1, 3, 4, 2, 7, 10, 11, 14, 0, 5]]
[[16, 7, 2, 1, 5, 8, 4, 9, 12, 17, 6], [15, 4, 8, 5, 9, 1, 2, 0, 6, 16, 3], [17, 2, 4, 7, 5, 3, 15, 18], [0, 1, 2, 3], [26, 14, 12, 16, 21, 9, 8, 4, 15, 0, 7, 13, 19, 27, 17], [6, 5, 8, 9, 10, 7, 4], [10, 17, 11, 21, 4, 3, 5, 6, 2, 12, 15, 8, 13, 18, 20, 23], [3, 9, 2, 8, 4, 5, 10, 11], [11, 15, 19, 3, 7, 17, 4, 8, 13, 1, 2, 0, 12, 5, 9], [7, 12, 5, 4, 0, 3, 10, 13, 15, 11], [3, 9, 4, 2, 10, 12], [3, 7, 1, 10, 0, 6, 8, 4, 11, 2], [16, 10, 13, 3, 0, 6, 5, 2, 8, 7, 12, 4], [5, 12, 15, 6, 13, 1, 4, 0, 16, 8, 11, 2]]
[[6, 8, 7, 4], [1, 6, 8, 4, 3, 0], [7, 11, 26, 39, 0, 5, 18, 23, 32, 19, 28, 2, 15, 20, 9, 17, 1, 14, 27, 22, 29, 3, 21, 31, 10], [2, 5, 9, 11, 4, 3, 6, 0, 7, 12, 13]]
[[4, 6, 21, 23, 10, 3, 9, 17, 2, 16, 18, 13, 14, 24], [24, 3, 6, 8, 10, 15, 19, 26, 28, 4, 21, 2, 17, 0, 25, 9, 20, 27, 22, 29], [6, 17, 22, 0, 10, 3, 19, 18, 21, 4, 9, 14, 20], [5, 25, 29, 8, 12, 18, 23, 9, 16, 19, 15, 1, 0, 20, 26, 2, 10], [1, 3, 0, 2], [2, 4, 0, 1, 3, 5]]
[[5, 9, 11, 2, 6, 4, 1], [8, 10, 11, 14, 1, 9, 0, 7, 2, 16], [1, 3, 5, 13, 19, 6, 2, 9, 12, 15, 18, 17]]
[[6, 8, 18, 22, 30, 34, 0, 35, 7, 21, 20, 28, 29, 33, 19, 23, 32, 36, 3], [9, 21, 11, 24, 6, 0, 14, 18, 22, 17, 27, 4, 13, 20, 12, 10], [9, 11, 10, 13, 16, 0, 14, 6, 7, 12, 3, 8]]
[[12, 3, 7, 14, 4, 8, 1, 13, 0, 11, 10, 6, 9], [9, 6, 0, 13, 11, 2, 3, 12, 10, 14, 4], [6, 14, 4, 13, 10, 0, 11, 15, 1], [0, 2, 6, 5, 7], [1, 11, 19, 9, 12, 20, 3, 0, 16, 21, 5, 6, 8, 13, 17], [18, 7, 11, 22, 25, 26, 0, 8, 23, 21, 3, 16, 19, 14, 27, 5, 12], [15, 1, 6, 9, 18, 20, 22, 2, 17, 4, 13, 5, 7, 10], [0, 2, 1], [4, 0, 3, 1, 2, 5]]
[[6, 0, 5], [10, 12, 2, 6, 16, 5, 15, 1, 0], [2, 5, 17, 0, 15, 18, 14, 1, 20, 11, 12, 3, 4, 10, 7], [3, 6, 10, 11, 1, 8, 13, 0, 7, 4, 9], [13, 21, 2, 16, 19, 23, 0, 3, 20, 6, 7, 14, 15, 9, 17]]
[[12, 31, 28, 21, 6, 9, 25, 1, 10, 17, 22, 26, 5, 0, 29, 16, 20, 4, 34, 19, 32, 11, 27, 7], [6, 15, 1, 3, 9, 4, 10, 2, 8, 0, 7, 13], [21, 1, 5, 9, 14, 2, 22, 13, 17, 3, 4, 19, 8, 6, 10], [11, 1, 0, 3, 8, 15, 6, 13, 16, 2, 12, 17, 18], [8, 14, 22, 6, 1, 3, 9, 19, 4, 10, 7, 16, 20, 11, 15], [20, 22, 6, 1, 3, 4, 7, 10, 16, 21, 23, 17], [12, 9, 5, 3, 6, 8, 13, 0]]
[[39, 14, 10, 11, 17, 20, 27, 30, 41, 44, 47, 28, 31, 35, 42, 53, 8, 15, 2, 26, 6, 25, 7, 40, 16, 21, 36, 37, 5, 9]]
[[12, 14, 3, 2, 10, 9, 17, 6, 16, 4, 11], [4, 6, 7, 1, 10, 0, 2, 3, 5, 11], [9, 12, 2, 6, 15, 16, 1, 0, 14, 10, 4], [6, 12, 0, 4, 2, 14, 1, 9, 8, 7, 13, 5, 10], [5, 9, 16, 0, 15, 1, 4, 12, 14, 6, 10], [10, 8, 1, 2], [14, 3, 11, 17, 1, 5, 19, 10, 4, 18, 9, 8, 0, 12]]
[[9, 35, 15, 5, 20, 24, 27, 39, 2, 10, 25, 28, 31, 36, 40, 1, 16, 19, 14, 18, 33, 13, 29, 3, 21, 37], [0, 4, 13, 14, 8, 11, 10, 3, 12, 15, 1, 5], [11, 4, 0, 8, 5, 7, 12, 1], [15, 6, 13, 18, 20, 11, 16, 4, 0, 17, 2, 19, 21, 7], [0, 15, 8, 13, 14, 10, 1, 9], [15, 1, 5, 10, 22, 20, 2, 19, 8, 18, 21, 6, 11, 16, 9], [5, 0, 10, 13, 1, 9, 6, 8, 12], [9, 5, 7, 12, 14, 10, 11, 0, 4, 13, 2], [1, 8, 10, 2, 0, 7, 11, 3], [11, 29, 17, 16, 24, 4, 20, 5, 21, 26, 19, 7, 25, 14, 2, 0, 18, 12, 15, 8, 22, 27, 3]]
[[13, 18, 20, 3, 9, 22, 25, 31, 0, 4, 10, 23, 26, 8, 16, 7, 28, 29, 30, 27, 1, 11], [9, 1, 3, 6, 11, 4, 7, 12, 2, 10, 0, 13], [16, 3, 12, 0, 4, 6, 10, 9, 17, 11, 7, 19, 13, 15], [12, 6, 9, 0, 1, 7, 10, 14, 5, 4, 13, 8, 2], [3, 11, 8, 1, 9, 0, 6, 19, 18, 14, 4, 12, 2, 15, 7], [1, 4, 8, 9, 16, 19, 21, 6, 14, 10, 2, 13, 5, 0, 3, 11, 22]]
[[20, 7, 11, 14, 17, 9, 12, 15, 5, 8, 4, 10, 2, 18, 6], [23, 19, 4, 14, 26, 2, 11, 17, 20, 1, 8, 10, 0, 24, 22, 27], [17, 12, 11, 5, 14, 15, 2, 4, 8, 13, 18, 6, 9, 16, 0], [15, 18, 5, 9, 13, 21, 22, 0, 20, 7, 6, 19, 8, 10, 12], [8, 2, 5, 10, 12, 3, 13, 1, 6, 0, 7, 11], [23, 28, 5, 22, 16, 8, 14, 26, 29, 20, 7, 13, 6, 25, 24, 4, 12, 10, 17], [7, 9, 5, 0, 3, 11, 2, 10, 12], [13, 6, 16, 4, 17, 8, 7, 9, 0, 1, 11], [8, 4, 6, 2, 9, 1, 5, 12, 0, 10, 3, 13, 14, 7]]
[[13, 27, 17, 4, 7, 19, 22, 30, 20, 28, 3, 11, 18, 2, 16, 14, 15, 9, 12], [2, 10, 18, 11, 6, 1, 3, 5, 0, 4, 12, 7], [0, 3, 5, 6, 1, 2], [4, 1, 8, 5, 0, 3, 2, 6], [1, 5, 12, 9, 4, 11, 8, 2, 6, 13], [8, 4, 12, 16, 0, 10, 13, 17, 3, 9, 19, 5, 20], [12, 4, 5, 0, 7, 3, 2, 8, 10], [1, 6, 15, 16, 19, 12, 2, 5, 10, 8, 9, 0, 13], [3, 5, 8, 13, 19, 23, 6, 14, 17, 4, 2, 25, 9, 10, 20, 24], [9, 12, 1, 5, 6, 0, 10, 2, 7, 11], [12, 1, 6, 18, 2, 9, 4, 14, 5, 8, 13, 10, 19, 15]]
[[16, 6, 13, 0, 4, 11, 14, 3, 10, 9, 17, 15], [6, 2, 4, 0, 11, 8, 10], [4, 2, 5, 7, 10, 13, 15, 8, 3, 6], [15, 7, 9, 8, 1, 2, 6, 10, 4, 16], [8, 12, 19, 3, 5, 7, 1, 2, 0, 14, 9, 15, 6, 16, 20], [9, 10, 6, 15, 7, 2, 3, 12, 13]]
[[29, 9, 12, 17, 20, 23, 0, 3, 18, 8, 16, 22, 2, 10, 4, 6, 13], [2, 18, 21, 0, 3, 7, 16, 22, 15, 6, 20, 1, 14, 19, 24, 4, 8, 11, 23], [5, 7, 8, 2, 3, 4], [7, 8, 10, 3, 6, 4], [21, 14, 23, 6, 9, 16, 19, 10, 8, 25, 2, 24, 15, 3, 5, 4, 11, 18], [3, 8, 2, 4, 6], [5, 8, 1, 0, 7, 9], [13, 2, 8, 3, 6, 0, 4], [2, 4, 6, 5, 0, 7]]
[[18, 6, 9, 14, 0, 4, 8, 3, 12, 11, 1, 13], [6, 4, 2, 1, 0, 8, 5], [8, 3, 2, 4, 1], [1, 7, 3, 11, 13, 4, 5, 8, 2, 0], [12, 19, 2, 8, 10, 15, 23, 0, 3, 13, 16, 6, 22, 25, 7, 24, 20, 21, 9, 17, 4, 26]]
[[21, 1, 16, 2, 8, 15, 7, 4, 10, 12, 13], [5, 15, 7, 16, 1, 10, 13, 0, 9, 11, 17, 14], [2, 4, 0, 9, 3, 5, 6, 11], [3, 5, 0, 2, 1, 8, 6]]
[[8, 10, 13, 24, 27, 0, 5, 11, 18, 25, 28, 4, 9, 17, 23, 16, 22, 7, 6, 12, 14, 19], [8, 21, 5, 12, 0, 9, 13, 19, 16, 3, 4, 18, 10], [9, 11, 5, 12, 2, 1, 4, 0, 10, 8, 6], [13, 2, 9, 0, 4, 7, 10, 16, 15, 3, 19, 14, 18, 17, 5], [13, 15, 7, 17, 6, 16, 0, 10, 19, 1, 4, 23, 25, 22, 8, 18, 11]]
[[5, 2, 6, 1, 10, 9], [2, 6, 12, 3, 7, 1, 0, 4], [4, 7, 5, 1, 9, 22, 25, 2, 15, 19, 13, 14, 12, 6, 16, 23], [8, 18, 21, 10, 4, 13, 16, 22, 1, 14, 23, 0, 9, 11, 12, 17]]
[[8, 11, 3, 5, 15, 0, 14, 4, 12, 13, 16], [10, 14, 0, 12, 11, 1, 16], [6, 3, 9, 12, 2, 1, 0, 11, 13], [18, 27, 6, 10, 23, 2, 7, 24, 22, 16, 3, 8, 19]]
[[23, 1, 3, 7, 8, 12, 2, 9, 11, 13], [4, 2, 1, 5, 3], [21, 9, 6, 13, 16, 17, 12, 3, 0, 4, 11, 2, 10, 14, 22, 5], [3, 0, 5, 7, 10, 12, 8, 4, 13, 1, 6, 11, 14], [4, 10, 14, 15, 17, 11, 3, 2, 5, 18, 6, 7]]
[[5, 9, 11, 3, 2, 4, 10, 12], [2, 8, 10, 13, 1, 7, 0, 6, 15, 9, 14, 16], [22, 2, 6, 9, 13, 15, 18, 25, 27, 31, 33, 36, 7, 1, 21, 24, 16, 34, 14, 19, 26, 32, 35, 37], [2, 7, 10, 14, 15, 18, 8, 1, 6, 5, 16, 17]]
[[5, 2, 4, 8], [2, 7, 13, 3, 11, 1, 10, 0, 9, 8, 6], [16, 19, 12, 23, 2, 10, 20, 1, 17, 18, 9, 15, 21], [7, 11, 5, 8, 0, 1, 10, 12, 9], [3, 13, 15, 17, 22, 4, 7, 11, 20, 2, 1, 18, 19, 0, 10, 14, 16, 23, 5]]
[[0, 1, 7, 4, 9, 2, 5], [6, 7, 2, 9, 10, 0, 12, 8, 1], [0, 2, 8, 3, 9, 7, 1, 10]]
[[7, 12, 9, 5, 1, 8, 4, 6, 10, 2], [16, 5, 0, 1, 10, 6], [6, 17, 2, 4, 11, 14, 10, 16, 13, 7, 18, 0, 8], [7, 10, 16, 11, 2, 5, 1, 12, 14, 0, 13], [14, 0, 9, 19, 20, 7, 8, 6, 15, 16, 2], [6, 16, 7, 13, 1, 4, 0, 17, 8, 10, 14, 2]]
[[9, 18, 20, 23, 4, 7, 12, 5, 13, 16, 24, 2, 22, 15, 19, 17, 3, 6, 10], [7, 9, 10, 24, 4, 26, 22, 23, 28, 13, 17, 5, 14, 18, 3, 29, 0, 25, 2, 11, 8, 12, 21, 30, 20, 15], [11, 17, 24, 2, 20, 23, 27, 3, 5, 21, 12, 18, 8, 25, 15, 29, 30], [3, 6, 12, 17, 13, 19, 2, 7, 16, 18, 21, 11, 5, 9], [24, 23, 0, 4, 7, 10, 19, 30, 5, 11, 17, 31, 25, 27, 22, 29, 13, 1, 15, 20, 18], [10, 3, 5, 9, 16, 17, 4, 15, 2, 14, 12, 8], [11, 20, 23, 2, 8, 13, 16, 21, 25, 29, 3, 28, 1, 5, 9, 27, 22, 24, 31, 14, 18], [10, 7, 6, 0, 9, 1, 8, 11, 14, 4, 15], [12, 7, 13, 18, 10, 15, 1, 9, 8, 4, 0, 14, 2], [8, 11, 13, 10, 3, 5, 6, 0]]
[[12, 14, 9, 11, 8, 13, 10, 19, 15], [3, 17, 8, 11, 15, 2, 19, 0, 1, 16, 13, 20, 6], [9, 21, 4, 17, 24, 0, 5, 18, 22, 2, 30, 12, 31, 25, 7, 8, 26, 28, 10, 3], [5, 9, 11, 0, 10, 15, 3, 2, 1, 6, 12, 16, 4, 13]]
[[11, 5, 3, 2, 6, 12], [15, 8, 17, 27, 3, 10, 18, 19, 28, 2, 9, 4, 23, 7, 21, 26, 6, 20, 30, 5, 24, 25, 29], [9, 4, 6, 11, 14, 12, 15, 5, 13, 16, 7], [6, 22, 2, 14, 25, 11, 8, 10, 19, 1, 5, 7, 15, 17, 26, 12, 16, 20, 23]]
[[22, 5, 9, 7, 13, 0, 18, 6, 10, 23, 8, 1], [6, 4, 2, 3, 5], [6, 16, 8, 12, 0, 9, 13, 15, 2, 7, 5, 11, 14], [31, 4, 12, 0, 5, 16, 34, 38, 3, 30, 27, 1, 29, 9, 19, 37, 2, 8, 18, 28, 36, 32, 10, 7, 6, 22, 23, 17], [8, 10, 3, 2, 7, 6, 11]]
[[6, 14, 17, 19, 22, 0, 7, 12, 15, 20, 23, 5, 11, 4, 13, 9, 26], [14, 2, 11, 3, 4, 1, 9, 0, 8, 12, 10, 5], [1, 5, 9, 2, 8, 0, 6, 10], [4, 7, 8, 0, 9, 5, 2, 3], [14, 8, 10, 16, 0, 4, 11, 17, 7, 3, 9, 15, 5, 18], [8, 12, 2, 3, 1, 13, 0, 11, 6, 14], [2, 6, 12, 16, 19, 20, 3, 10, 11, 9, 15, 21], [6, 12, 4, 7, 13, 1, 3, 9, 0, 2, 5, 11], [2, 4, 11, 0, 5, 8], [4, 9, 5, 11, 7, 3, 6, 8, 0], [23, 28, 14, 17, 25, 7, 11, 21, 0, 5, 19, 16, 2, 4, 26, 8, 3, 15, 18, 6, 9]]
[[19, 24, 21, 0, 7, 6, 13, 12, 20, 26, 10, 14, 22, 25], [2, 4, 14, 0, 3, 12, 13, 15], [2, 16, 1, 6, 20, 4, 9, 12, 11, 8, 0, 3, 17, 10, 18], [17, 22, 3, 6, 8, 11, 20, 1, 9, 0, 5, 4, 19, 18, 15, 21, 14], [3, 11, 0, 7, 14, 2, 5, 12, 8, 9, 15], [9, 30, 3, 20, 15, 1, 7, 17, 28, 5, 31, 21, 4, 32, 23, 13, 35, 16, 27, 29, 10, 11, 12, 24, 25, 33, 34], [24, 29, 5, 12, 19, 6, 17, 30, 3, 16, 1, 15, 0, 2, 11, 22, 25, 26]]
[[12, 1, 6, 8, 9, 5, 2, 3, 13, 14], [9, 1, 10, 6, 0, 5, 7], [8, 0, 1, 2, 12, 11, 7, 9], [6, 8, 9, 14, 20, 18, 1, 17, 2, 12, 13, 5, 16, 21, 3], [5, 4, 3, 0], [7, 19, 3, 14, 0, 15, 11, 6, 5, 12, 10, 8, 22, 16, 13]]
[[5, 20, 12, 16, 23, 27, 10, 14, 17, 25, 30, 4, 7, 35, 9, 22, 3, 21, 13, 24, 19, 34, 31, 32], [9, 1, 3, 4, 10, 7, 14, 2, 12, 5], [12, 16, 0, 1, 7, 17, 11, 5, 15, 9, 10, 13], [4, 17, 9, 15, 2, 8, 14, 7, 3, 5, 11], [1, 3, 4, 10, 15, 2, 6, 18, 14, 0, 7, 16], [18, 16, 2, 13, 23, 10, 21, 6, 3, 11, 14, 24, 5, 17, 0, 22, 26, 19, 1, 20, 12], [3, 10, 14, 8, 5, 4, 7, 11], [6, 1, 3, 10, 2, 0, 7, 5, 11], [14, 3, 8, 16, 1, 6, 10, 9, 5, 15, 11, 20, 2, 7, 17]]
[[14, 1, 3, 5, 8, 11, 15, 7, 0, 9, 4, 16], [16, 0, 11, 19, 1, 5, 8, 17, 7, 13, 12, 14, 20, 10, 2, 9], [1, 0, 12, 2, 5], [0, 10, 16, 6, 13, 17, 8, 11, 4, 7], [14, 27, 4, 16, 0, 8, 20, 23, 28, 30, 1, 9, 18, 24, 31, 5, 29, 15, 17, 21, 26, 32, 6, 11, 25], [15, 8, 1, 16, 4, 5, 10, 2, 9, 17, 6, 11, 18, 3, 20], [17, 7, 3, 21, 24, 5, 10, 4, 13, 22, 0, 12, 2, 8, 11, 18, 14, 25, 6]]
[[19, 6, 15, 11, 14, 4, 12, 18, 10, 7, 17, 0, 16, 9, 20, 13], [0, 21, 19, 1, 2, 17, 6, 10, 7, 11, 15, 4, 5, 20, 3, 12, 8, 13], [0, 9, 12, 13, 6, 7, 10, 4, 8, 14], [5, 8, 11, 9, 12, 4, 0, 3, 1, 6], [1, 4, 5, 3, 8, 2, 0, 6], [6, 8, 11, 0, 4, 9, 7], [13, 17, 2, 21, 1, 4, 6, 8, 15, 23, 19, 11, 3, 22, 0, 20, 16, 9], [9, 3, 1, 5, 13, 6, 11, 14, 4, 2, 10, 0, 15], [14, 10, 12, 3, 1, 4, 8, 6, 13, 0, 15, 9], [2, 3, 5, 1, 0]]
[[26, 33, 9, 16, 8, 18, 23, 29, 5, 13, 19, 4, 10, 28, 12, 2, 22, 27, 7, 30, 14, 31, 20], [26, 29, 17, 2, 14, 16, 11, 19, 23, 24, 3, 1, 8, 10, 18, 0, 27, 15, 12, 20, 25, 6, 22, 30, 31], [8, 14, 0, 3, 11, 4, 9, 2, 1, 5], [11, 23, 5, 17, 14, 22, 25, 6, 9, 20, 1, 8, 4, 0, 12, 19, 26, 10, 2], [12, 17, 23, 11, 1, 18, 7, 10, 21, 2, 4, 15, 20, 5, 6, 8]]
[[26, 1, 11, 17, 19, 2, 5, 4, 18, 6, 12, 0], [7, 0, 3, 2, 5, 8], [22, 10, 6, 8, 12, 0, 5, 11, 18, 3, 2, 17, 23, 9], [13, 2, 4, 6, 10, 18, 0, 7, 15, 3, 17, 14, 16, 8]]
[[13, 15, 4, 3, 14, 12, 16, 5], [4, 9, 8, 18, 2, 1, 10, 12, 0, 5, 14, 7, 3, 16, 19], [24, 1, 5, 9, 18, 20, 2, 15, 0, 25, 6, 10, 3, 16], [8, 12, 11, 5, 6, 14], [12, 15, 18, 10, 16, 3, 7, 9, 6], [8, 10, 5, 2, 7, 12, 14, 1, 6, 0], [17, 6, 10, 12, 4, 19, 5], [23, 13, 19, 20, 4, 18, 11, 8, 16, 7, 9, 24, 5, 26, 21, 25], [19, 21, 24, 7, 23, 3, 13, 15, 12, 17, 25, 4], [22, 32, 43, 8, 38, 7, 37, 1, 10, 14, 17, 46, 11, 30, 29, 9, 39, 35, 36, 41, 15, 19, 24, 2, 12, 31, 44, 47]]
[[12, 15, 22, 2, 1, 20, 8, 19, 7, 13, 16, 3, 5, 14], [5, 7, 9, 1, 0, 6, 10], [15, 2, 16, 17, 5, 8, 24, 0, 6, 25, 3, 18, 19, 20, 11, 21, 4, 9], [16, 18, 4, 2, 8, 1, 14, 13, 9, 11, 12]]
[[13, 0, 9, 17, 4, 10, 8, 14, 7, 16, 18, 5], [4, 22, 15, 24, 0, 1, 6, 8, 18, 5, 25, 16, 17, 14, 11, 19, 10, 20, 27], [9, 2, 0, 12, 13, 4, 10, 15, 11, 8, 5], [12, 5, 15, 8, 3, 14, 13, 2, 11, 9, 4], [8, 4, 0, 1, 5, 9], [5, 3, 2, 1, 8, 0, 6, 9], [9, 12, 15, 21, 2, 16, 20, 11, 13, 10, 17, 3]]
[[0, 5, 10, 9, 4, 12, 6], [2, 6, 12, 7, 0, 8, 10], [4, 9, 1, 15, 2, 10, 5, 11, 7, 8, 12, 3], [0, 1, 7], [5, 11, 1, 10, 0, 9, 2]]
[[4, 12, 5, 20, 16, 15, 19, 14, 0, 10, 13, 18, 11, 6, 2], [4, 0, 9, 11, 6, 2, 10, 1, 8, 5, 3], [3, 6, 1, 0, 4, 7, 2, 5]]
[[13, 16, 1, 5, 8, 3, 4, 9, 11, 6, 14], [20, 1, 9, 17, 25, 6, 15, 22, 5, 3, 12, 2, 14, 21, 0, 11, 27, 7], [7, 17, 1, 5, 4, 12, 14, 3, 2, 16, 18, 19, 20], [12, 23, 35, 42, 3, 17, 19, 27, 30, 38, 1, 0, 37, 18, 16, 24, 36, 40, 4, 20, 7, 26, 39, 9, 13, 22, 29], [8, 1, 6, 12, 22, 26, 4, 13, 20, 3, 19, 2, 17, 15, 23, 24], [15, 5, 18, 0, 4, 7, 9, 1, 6, 12]]
[[9, 13, 4, 8, 3, 7, 14, 5], [13, 2, 0, 1, 4], [7, 13, 14, 12, 5, 0, 4, 11, 8, 15], [8, 6, 11, 3, 9, 7, 4, 10], [6, 14, 3, 0, 2, 11, 9, 15, 7, 4, 12]]
[[4, 5, 3, 7], [5, 8, 12, 15, 3, 6, 13, 11, 2, 4, 14], [5, 11, 6, 1, 0, 2, 9, 4], [3, 0, 9, 15, 7, 8, 6, 14, 10, 11, 13], [6, 13, 15, 2, 18, 3, 9, 0, 14, 1, 12, 16, 21, 4, 19]]
[[14, 19, 22, 30, 7, 23, 4, 9, 12, 25, 28, 2, 10, 1, 8, 24, 6, 13, 27], [0, 13, 3, 5, 1, 12, 2, 11, 10, 6], [15, 4, 6, 0, 7, 5, 3, 12, 1, 16], [7, 9, 2, 12, 10, 11, 1], [5, 12, 6, 0, 2, 7, 3], [6, 8, 7, 3, 10, 12, 1, 2, 0, 9, 4], [13, 12, 9, 15, 2, 10, 16, 1, 14, 3, 6]]
[[3, 7, 9, 12, 1, 6, 0, 11, 10, 13], [0, 3, 11, 17, 1, 20, 10, 8, 7, 19, 9, 16, 12, 14, 21], [14, 11, 3, 8, 1, 13, 0, 5, 12, 6], [11, 3, 0, 5, 13, 16, 18, 4, 15, 9, 12, 20, 8], [14, 4, 11, 17, 8, 15, 2, 1, 3, 5, 9], [6, 0, 14, 4, 11, 12, 16, 5, 7, 8, 17], [8, 15, 0, 6, 12, 20, 4, 11, 2, 16, 17, 19, 13], [20, 34, 42, 1, 35, 4, 12, 16, 17, 37, 18, 32, 9, 25, 2, 7, 10, 13, 24, 36, 14, 39, 21, 41, 5, 19, 29, 38, 11]]
[[22, 5, 17, 24, 27, 0, 12, 25, 28, 4, 11, 15, 3, 14, 26, 30, 29], [26, 23, 5, 2, 24, 22, 1, 0, 28, 3, 27, 13, 19], [13, 19, 24, 26, 11, 17, 22, 10, 16, 1, 6, 7, 8, 20], [4, 6, 16, 17, 2, 8, 11, 23, 25, 0, 21, 26, 5, 18, 19, 15, 7, 24, 9], [7, 14, 20, 10, 23, 0, 4, 2, 5, 8, 17, 21, 15, 3, 24, 6, 11, 19], [11, 13, 19, 5, 0, 2, 3, 14, 8]]
[[11, 10, 14, 6, 13, 5, 12, 9, 18, 7, 8], [0, 7], [3, 13, 2, 14, 1, 12, 11, 4, 0, 10, 5, 7, 8], [9, 2, 8, 0, 6, 4, 3, 5, 10], [10, 15, 11, 13, 16, 2, 0, 3, 6, 21, 20, 5, 23, 18, 24, 14, 17, 8]]
[[6, 16, 10, 14, 12, 3, 2, 11, 7, 9, 17, 13, 15, 4], [11, 1, 0, 2, 3], [21, 7, 10, 13, 16, 8, 11, 2, 4, 3], [12, 16, 1, 14, 17], [3, 12, 21, 0, 15, 2, 18, 10, 11, 4, 14, 19, 5, 16]]
[[4, 8, 11, 2, 9, 12, 1, 7, 6], [14, 5, 8, 11, 3, 9, 2, 7, 6], [10, 13, 14, 1, 2, 5, 22, 17, 0, 21, 8, 11, 15, 23, 18, 6], [8, 1, 11, 4, 3, 2, 13, 12, 5, 9, 14], [7, 21, 29, 1, 13, 9, 19, 17, 3, 14, 2, 24, 16, 5, 8, 22, 0, 12]]
[[2, 18, 11, 10, 15, 14, 17, 13, 16], [7, 10, 30, 3, 12, 1, 0, 9, 11, 14, 31, 4, 13, 2], [13, 19, 15, 11, 12, 6, 14, 18, 1, 4, 8, 16], [5, 11, 7, 13, 21, 0, 3, 8, 4, 22, 14, 19]]
[[20, 23, 5, 7, 4, 8, 6, 3, 9], [3, 5, 11, 13, 0, 4, 1, 2, 8, 14, 9], [6, 16, 1, 11, 12, 18, 9, 8, 17, 19, 14, 13], [27, 2, 4, 8, 11, 17, 22, 29, 0, 12, 20, 30, 7, 15, 10, 3, 5, 9, 23]]
[[1, 3, 2, 4], [4, 14, 0, 6, 10, 1, 11, 15, 16, 9, 2], [2], [4, 7, 0, 5, 1], [16, 21, 26, 1, 17, 3, 6, 10, 14, 19, 23, 7, 28, 13, 2, 12, 18, 27, 0, 15, 4, 8], [5, 7, 11, 1, 8, 6, 4, 9], [8, 5, 13, 2, 10, 1, 9, 7, 3, 11]]
[[1, 4, 6, 5, 3, 0], [4, 0, 2, 1, 5, 6]]
[[9, 14, 3, 10, 15, 8, 13, 2, 7, 0, 4], [11, 1, 3, 12, 2, 0, 5, 9], [9, 0, 1, 4, 11, 13, 3, 10, 8, 5], [2, 4, 19, 0, 5, 8, 17, 7, 3, 12, 15, 11, 13, 16], [8, 12, 5, 11, 19, 22, 0, 6, 9, 20, 4, 2, 17, 16, 13], [4, 17, 0, 8, 18, 3, 7, 15, 14, 16, 13, 9, 11], [12, 0, 17, 2, 6, 16, 5, 3, 15, 18, 7, 13]]
[[5, 9, 3, 6, 2, 4, 8, 7], [2, 4, 11, 20, 12, 16, 1, 0, 5, 21, 17], [2, 10, 8, 13, 15, 3, 12, 11, 7, 9], [8, 0, 1, 5, 6, 12, 15, 9, 7, 10], [11, 2, 6, 1, 13, 7, 8, 12, 14, 15, 5], [16, 26, 12, 2, 18, 21, 0, 14, 5, 13, 7, 11, 6, 22, 8]]
[[0, 6, 52, 57, 69, 53, 58, 70, 1, 29, 46, 55, 68, 51, 66, 67, 5, 56, 54, 61, 71, 3, 63], [14, 2, 4, 8, 11, 0, 12, 10, 16, 3, 15, 9]]
[[5, 3, 6, 4], [12, 3, 6, 0, 7, 5, 4, 10, 11, 8], [10, 13, 15, 6, 2, 5, 0, 12, 14, 11, 3], [13, 22, 7, 10, 18, 11, 19, 24, 1, 23, 8, 9, 2, 25, 3, 4]]
[[8, 14, 2, 6, 13, 1, 5, 12, 0, 4, 10, 7, 11, 9], [6, 8, 12, 11, 1, 7, 2, 5, 3], [17, 3, 10, 5, 13, 1, 6, 14, 18, 19, 4, 0, 9, 16, 20], [20, 12, 1, 4, 15, 18, 6, 13, 14, 2, 0, 19, 16, 8, 3], [28, 2, 19, 0, 10, 14, 4, 20, 3, 18, 6, 15], [6, 9, 7, 10, 12, 0, 4, 13, 1, 5], [3, 10, 0, 8, 4, 11, 1, 6, 9, 2, 7], [12, 10, 1, 0, 5, 7, 6, 9], [2, 8, 5, 10, 13, 18, 3, 6, 11, 17, 9, 1, 0, 16, 14], [12, 3, 15, 1, 16, 0, 13, 14, 6, 8], [4, 11, 2, 6, 1, 5, 9, 0, 8, 10, 12], [18, 20, 5, 13, 8, 15, 6, 10, 11, 16, 14, 4, 9, 21, 0, 19, 17, 2]]
[[1, 4, 13, 16, 14, 17, 2, 12, 5, 6, 0, 18], [0, 19, 16, 8, 4, 21, 17, 23, 1, 20, 5, 11, 12, 9, 15, 6, 22, 2, 13, 24], [4, 0, 11, 14, 1, 5, 6, 15, 8], [9, 13, 0, 6, 2, 5, 3, 14, 4, 11, 7], [2, 7, 6, 4, 0], [40, 13, 17, 29, 15, 32, 4, 21, 35, 42, 2, 5, 8, 24, 30, 36, 43, 20, 19, 7, 28, 33, 16, 41, 0, 34, 1, 14, 18, 39, 12, 22, 37, 26], [4, 8, 1, 14, 16, 18, 19, 10, 9, 0, 2, 5, 3, 15, 11], [4, 10, 18, 7, 2, 16, 1, 11, 12, 0, 13, 19, 5, 8, 14]]
[[13, 7, 15, 17, 22, 18, 24, 6, 14, 5, 11, 16, 19, 20], [15, 5, 1, 4, 0, 17, 2, 7, 10, 16], [8, 20, 9, 13, 2, 6, 14, 17, 1, 23, 5, 24, 0, 22, 21, 18, 10], [3, 7, 11, 16, 14, 5, 4, 12, 15, 17, 10]]
[[13, 15, 19, 1, 23, 24, 28, 2, 6, 17, 5, 7, 8], [8, 2, 5, 12, 16, 21, 0, 13, 3, 22, 9, 17, 4, 11, 6, 7, 18], [3, 5, 7, 4, 1, 10, 11, 6, 0, 2, 8]]
[[5, 13, 15, 10, 17, 4, 9, 3, 0, 6, 11], [8, 10, 2, 3, 6, 1, 0, 7], [10, 4, 16, 21, 18, 14, 17, 0, 3, 19, 15], [6, 12, 15, 18, 1, 19, 0, 9, 16, 2, 4, 10, 20], [5, 9, 1, 10, 13, 15, 3, 2, 11, 12, 16], [3, 9, 14, 7, 10, 6, 16, 1, 0, 19, 11, 17, 2]]
[[9, 18, 30, 34, 21, 23, 32, 5, 15, 4, 33, 14, 22, 3, 10, 20, 24, 12, 0, 6, 16, 25], [10, 16, 18, 3, 15, 2, 6, 11, 13, 0, 4], [26, 0, 18, 3, 9, 11, 27, 17, 30, 8, 16, 32, 34, 1, 4, 13, 31], [9, 7, 13, 4, 3, 10, 5, 0, 1, 11], [19, 1, 11, 15, 4, 3, 7, 2, 0, 6, 8, 9, 12], [17, 21, 8, 18, 12, 4, 13, 9, 11, 0, 19, 22, 2, 5, 6, 14, 15]]
[[10, 13, 7, 12, 6, 11, 9, 17], [4, 10, 11, 12, 7, 1, 9, 0, 8, 2], [2, 6, 10, 0, 3, 5, 14, 11, 7], [25, 32, 2, 6, 13, 15, 29, 3, 16, 22, 26, 30, 5, 20, 0, 17, 27], [2, 10, 6, 7, 13, 1, 3, 4, 8, 14], [12, 18, 24, 26, 5, 21, 0, 3, 16, 2, 15, 13, 19, 22]]
[[1, 0], [13, 5, 15, 18, 0, 3, 16, 19, 2, 14, 12, 6, 10, 8], [13, 2, 11, 1, 8, 10, 0, 7, 16, 17, 3, 5, 9], [6, 1, 2, 0, 3, 4], [3, 2, 4, 0], [5, 2, 17, 0, 3, 8, 10, 13, 16, 6, 7, 14], [10, 3, 16, 19, 0, 8, 7, 11, 4, 1, 15], [10, 21, 5, 20, 24, 2, 4, 19, 0, 1, 18, 11, 6, 12, 13, 15, 22], [10, 2, 12, 0, 6, 15, 11, 9, 3, 13], [22, 13, 0, 8, 9, 19, 27, 28, 1, 4, 6, 10, 17, 24, 29, 23, 26, 3, 25]]
[[25, 44, 47, 2, 37, 4, 10, 19, 23, 28, 34, 5, 11, 20, 33, 41, 3, 17, 39, 42, 16, 40, 38, 45, 48, 30, 6, 8, 21, 26, 18, 43], [4, 6, 1, 9, 5, 0, 3, 7, 10], [8, 1, 10, 4, 5, 3, 2, 12, 11, 9], [7, 9, 11, 15, 3, 2, 4, 8, 14, 0, 1, 10, 16, 5], [6, 2, 13, 0, 7, 17, 4, 3, 10, 8, 11, 14], [9, 3, 5, 6, 13, 16, 0, 7, 11, 4, 10, 1, 14], [6, 2, 9, 13, 10, 14, 1, 7, 0, 8, 3, 4]]
[[0, 1, 13, 12, 11, 2], [5, 21, 11, 13, 15, 20, 24, 0, 2, 22, 26, 18, 14, 25, 28, 12, 6, 7, 3, 8, 16], [2, 9, 4, 25, 22, 6, 13, 0, 11, 14, 3, 23, 21, 10, 24, 5, 15, 16], [7, 19, 2, 4, 13, 18, 5, 14, 21, 17, 12, 1, 25, 10, 26, 0, 11, 24, 20, 8, 27, 28]]
[[12, 6, 0, 3, 5, 2, 14], [8, 15, 1, 4, 10, 13, 5, 11, 3, 2, 9, 0, 6], [7, 2, 22, 1, 18, 8, 6, 13, 19, 23], [3, 6, 1, 0, 9, 7], [3, 4, 7, 1, 9, 0, 8, 10], [8, 2, 11, 0, 4, 12, 10, 3, 9, 13], [6, 10, 1, 4, 2, 7, 0, 11], [7, 11, 14, 22, 3, 9, 0, 20, 1, 13, 17, 21], [3, 6, 0, 10, 11, 9, 8, 7, 4, 1]]
[[5, 1, 2, 12, 3], [7, 15, 4, 1, 11, 10, 12, 2, 5, 13], [6, 26, 18, 8, 11, 21, 9, 27, 20, 3, 19, 29, 12, 4], [9, 1, 3, 6, 14, 12, 2, 10, 11, 17, 13, 16, 4], [11, 20, 0, 3, 6, 17, 4, 2, 16, 1, 15, 21, 18, 14, 7]]
[[13, 10, 17, 3, 8, 11, 18, 2, 7, 6, 4], [12, 4, 7, 2, 8, 1, 0], [0, 7, 10, 18, 1, 8, 16, 15, 5, 6, 4, 14, 17], [11, 6, 13, 17, 0, 2, 14, 19, 12, 10, 3, 4, 7, 18, 5], [10, 15, 4, 18, 2, 19, 1, 7, 8, 0, 11, 12, 13, 16], [3, 6, 8, 19, 10, 13, 16, 20, 15, 1, 0, 9, 4]]
[[17, 7, 11, 12, 0, 13, 10, 8, 9, 18], [10, 12, 0, 3, 6, 15, 2, 8, 7, 9, 4, 13], [7, 5, 11, 3, 1, 2, 0, 8, 9], [16, 10, 3, 4, 0, 7, 21, 13, 12, 2, 20, 11, 19, 14, 22]]
[[3, 6, 0, 4, 8, 1], [9, 3, 5, 11, 16, 4, 10, 2], [5, 2, 11, 3, 6, 8, 0, 7, 9, 1], [13, 20, 2, 4, 11, 17, 0, 3, 9, 21, 15, 22, 18, 19], [8, 6, 10, 16, 0, 4, 2, 9, 3, 11, 17, 12, 14]]
[[10, 12, 15, 0, 11, 3, 16, 2], [2, 6, 8, 11, 3, 1, 0, 12, 4], [2, 1, 4, 16, 18, 12, 19, 3, 11, 10, 0, 20, 13], [9, 0, 2, 5, 6, 7], [20, 5, 7, 9, 15, 0, 3, 14, 2, 13, 12, 16, 18]]
[[11, 16, 5, 17, 4, 6, 10, 19, 8, 9, 15, 18], [16, 1, 5, 3, 7, 13, 23, 26, 14, 24, 2, 20, 19, 17, 0, 4, 8, 10, 11, 21, 27], [11, 5, 7, 8, 13, 9, 20, 4, 22, 19, 12, 18, 23, 21, 24], [14, 16, 18, 7, 10, 0, 8, 11, 19, 2, 17, 15, 12, 3, 20], [9, 2, 11, 6, 20, 23, 26, 18, 21, 24, 4, 17, 10, 12, 5, 7, 27]]
[[14, 32, 6, 10, 0, 3, 11, 29, 33, 2, 9, 19, 8, 15, 34, 4, 16], [12, 16, 4, 0, 7, 9, 19, 1, 10, 14, 18, 5, 8, 17, 13, 6, 20], [10, 2, 7, 12, 4, 8, 13, 0, 3, 1, 5], [18, 9, 10, 1, 2, 0, 13, 3, 7, 15, 19]]
[[5, 8, 11, 6, 12, 2, 10, 14, 3], [22, 1, 5, 0, 20, 23, 3, 2], [9, 11, 13, 2, 1, 12, 0, 10, 4, 14], [15, 7, 11, 5, 8, 12, 0, 1, 10]]
[[18, 4, 22, 5, 14, 23, 3, 2, 17, 13, 12, 19, 20, 0, 7, 8, 24], [4, 1, 6, 14, 15, 8, 2, 10, 11, 0, 5, 12, 17, 3], [9, 4, 11, 13, 16, 3, 15, 19, 0, 2, 14, 18, 10, 7, 20, 5], [40, 42, 0, 37, 5, 3, 43, 34, 4, 30, 36, 41, 39, 6, 32, 38, 44], [23, 24, 16, 17, 2, 9, 18, 26, 21, 1, 3, 7, 8, 10, 14, 13, 20, 25, 11, 22, 4, 5]]
[[13, 7, 4, 10, 11, 15, 1, 9, 8, 14, 6, 2], [5, 14, 2, 12, 0, 6, 4, 7, 11, 8], [20, 5, 11, 15, 24, 12, 23, 1, 7, 6, 8, 22, 10, 14], [5, 11, 2, 7, 0, 9, 4, 3, 8, 6, 10], [7, 22, 9, 4, 12, 15, 19, 2, 13, 1, 10, 11, 8, 20]]
[[28, 19, 25, 13, 18, 0, 10, 15, 22, 33, 36, 39, 4, 11, 23, 26, 34, 37, 40, 20, 9, 32, 21, 29, 1, 27], [28, 35, 13, 15, 38, 2, 4, 7, 17, 24, 27, 33, 0, 5, 10, 16, 40, 14, 29, 39, 20, 25, 30, 8, 21, 36], [9, 7, 10, 14, 16, 22, 17, 12, 8, 20, 11, 4, 0, 5, 6, 13, 2, 3, 15], [2, 4, 3, 0, 1, 5, 11], [4, 6, 22, 13, 15, 26, 28, 32, 36, 0, 2, 7, 20, 24, 23, 5, 19, 11, 18, 14, 1, 8, 27, 12], [4, 0, 8, 15, 18, 19, 20, 23, 6, 21, 14, 5, 12, 25, 17, 9, 1, 24], [19, 3, 5, 8, 13, 21, 0, 6, 9, 22, 20, 18, 23]]
[[5, 8, 11, 15, 0, 3, 9, 18, 7, 14, 6, 13, 16, 1], [5, 9, 24, 38, 2, 6, 10, 35, 8, 23, 41, 1, 0, 33, 42, 34, 37, 11, 39, 3, 36], [15, 23, 10, 13, 16, 19, 12, 11, 20, 22, 14, 24, 6], [6, 11, 13, 20, 16, 12, 14], [7, 15, 23, 31, 42, 49, 12, 16, 38, 41, 6, 19, 30, 40, 39, 45, 48, 24, 43, 50, 13, 14], [7, 26, 16, 18, 21, 15, 14, 22, 25, 17, 27, 19], [7, 18, 24, 12, 15, 6, 21, 14, 13, 22, 23, 17, 25, 16], [8, 19, 26, 14, 16, 22, 23, 25, 20, 27, 17, 5, 15, 18], [9, 22, 12, 15, 8, 19, 14, 13, 21, 23, 16], [17, 25, 13, 18, 21, 15, 14, 22, 24, 19, 26, 16], [6, 7, 4, 9, 15, 12, 0, 3, 14, 11, 8, 5]]
[[19, 9, 2, 7, 13, 1, 6, 5, 22], [11, 15, 24, 29, 2, 7, 22, 17, 26, 28, 1, 10, 21, 0, 20, 12, 32, 13, 18], [3, 10, 18, 2, 6, 9, 16, 7, 11, 20, 22, 12, 5, 13, 24], [7, 15, 0, 13, 14, 11, 4, 18, 17, 8]]
[[7, 13, 19, 4, 8, 3, 12], [3, 13, 1, 5, 2, 4, 14, 0, 12, 15], [4, 6, 9, 10, 2, 3, 5, 7], [4, 0, 7, 2, 1, 6], [6, 10, 8, 0, 11, 1], [22, 1, 7, 18, 2, 11, 19, 23, 10, 3, 0, 25, 5], [7, 4, 13, 2, 9, 1, 12, 5, 10], [9, 19, 23, 10, 7, 27, 3, 25, 28, 2, 17, 18, 22, 11, 24, 12, 20, 26, 4, 13, 14]]
[[9, 0, 10, 11, 1, 13], [5, 6, 3, 10, 1, 0, 7, 8, 9, 4, 2], [7, 13, 17, 19, 0, 10, 14, 20, 3, 23, 1, 11, 21, 22], [8, 14, 17, 11, 16, 19, 0, 9, 20, 2, 21, 22, 18, 1, 3, 24, 4]]
[[8, 10, 7, 3, 9, 0, 6, 1, 4], [21, 26, 3, 13, 16, 0, 11, 17, 24, 23, 6, 15, 14, 1, 4, 19], [8, 3, 5, 6, 12, 11, 14, 9, 4, 0], [9, 2, 6, 0, 10, 1, 3, 7], [11, 18, 25, 5, 15, 20, 22, 3, 7, 16, 23, 8, 26, 21, 24, 13, 14], [2, 6, 12, 7, 20, 22, 9, 15, 24, 0, 13, 17, 25, 4, 8, 21, 23, 14, 10], [16, 5, 7, 3, 8, 11, 14, 13, 10, 0], [12, 2, 11, 1, 6, 5, 8, 3, 7], [13, 4, 6, 2, 7, 11, 12, 5], [12, 16, 22, 8, 6, 24, 27, 25, 1, 9, 4, 20, 0, 17, 13, 18, 21, 26, 28, 10, 11, 2]]
[[0, 13, 1, 6, 8, 10, 2, 7, 5, 15, 14], [11, 8, 14, 0, 6, 23, 17, 21, 22, 12, 9, 16, 1], [6, 1, 8, 18, 14, 16, 3, 7, 12, 13, 0, 5, 15, 19, 4, 17, 20]]
[[0, 6, 5, 1], [2, 1, 0, 3], [14, 1, 8, 10, 11, 18, 16, 23, 7, 0, 15, 2, 27, 17, 26]]
[[11, 2, 6, 8, 3, 13, 9, 4, 12], [1, 8, 9, 15, 25, 19, 18, 3, 14, 0, 13, 16, 22, 2, 17, 24, 23, 20], [11, 0, 3, 2, 15, 16, 18, 12, 14, 4, 5, 8], [9, 27, 2, 6, 11, 22, 32, 14, 28, 4, 3, 10, 8, 12, 7, 21]]
[[22, 5, 12, 4, 11, 3, 20, 23, 6, 8, 13, 15], [7, 3, 12, 15, 1, 0, 4, 13, 5, 8, 9, 16, 2], [5, 4, 2, 1], [10, 3, 1, 4, 11], [5, 25, 38, 7, 11, 33, 40, 42, 2, 14, 0, 13, 6, 35, 39, 15, 16, 22, 34, 3, 8, 36, 19, 30], [15, 8, 18, 0, 2, 20, 19, 9, 10, 3, 22], [6, 2, 1, 4, 10, 24, 3, 7, 0, 11, 12, 23], [14, 8, 12, 18, 19, 9, 0, 10, 11, 17, 6, 13]]
[[10, 5, 20, 15, 21, 4, 19, 14, 11, 3, 9], [5, 2, 4, 3, 6, 7, 0], [12, 5, 8, 14, 6, 9, 17, 21, 18, 13, 11, 15, 10, 4], [9, 0, 7, 11], [10, 12, 14, 18, 27, 0, 20, 4, 13, 11, 6, 15, 24, 16, 25, 5, 22, 30, 1, 7, 8, 32]]
[[11, 13, 16, 1, 3, 22, 8, 7, 12, 17, 19, 0, 15, 10, 20], [8, 12, 2, 14, 20, 0, 4, 10, 7, 3, 17, 9, 21, 18], [4, 0, 2, 7, 1], [18, 23, 32, 37, 45, 64, 73, 120, 90, 117, 6, 16, 47, 67, 78, 94, 121, 40, 49, 69, 80, 96, 2, 13, 25, 35, 55, 58, 59, 83, 85, 112, 114, 127, 132, 0, 3, 21, 26, 43, 52, 60, 75, 86, 91, 106, 128, 116, 7, 89, 105, 136, 5, 20, 50, 70, 81, 110, 42, 11, 17, 19, 41, 88, 104, 125, 135, 51, 1, 10, 39, 48, 68, 79, 95, 109, 122, 24, 38, 65, 74, 97, 123, 22, 72, 82, 107, 111, 124, 137, 44, 36, 76, 84, 113, 115, 118, 131, 27, 63, 71, 129], [8, 10, 0, 7, 6, 9, 13], [6, 1, 10, 5, 4, 13, 3, 2, 0, 11, 15]]
[[15, 21, 16, 4, 18, 23, 10, 24, 3, 9, 2, 27, 17, 19, 25, 29], [12, 2, 7, 20, 3, 19, 1, 5, 0, 6, 17, 21], [0, 7, 5, 9, 1, 3, 8, 2], [11, 4, 14, 17, 3, 9, 0, 2, 8, 12, 6, 5, 10], [14, 17, 16, 2, 10, 7, 1, 11, 0, 6, 8, 15, 3], [7, 0, 2, 10, 13, 8, 9, 3, 11, 4], [19, 25, 2, 5, 10, 3, 11, 1, 9, 23, 0, 16, 6, 7, 12, 20], [8, 3, 16, 17, 13, 2, 1, 11, 14, 15, 10, 4, 5, 6], [4, 17, 34, 6, 11, 19, 25, 1, 7, 20, 26, 10, 0, 23, 28, 29, 5, 12, 2, 31, 35]]
[[12, 14, 2, 8, 0, 3, 9, 13], [7, 2, 6, 10, 12, 3, 0, 8, 1, 11, 13, 4], [7, 2, 12, 9, 13, 1, 0, 8, 3, 4, 5, 10], [9, 10, 2, 12, 0, 5, 11, 13, 14], [2, 4, 9, 1, 0, 3]]
[[5, 2, 1, 6, 7, 3], [1, 3, 4, 2, 0], [0, 27, 4, 6, 19, 14, 22, 28, 7, 11, 21, 1, 20, 15, 5, 29, 30, 9, 31, 3, 24, 2, 12, 23], [2, 7, 11, 22, 26, 4, 27, 10, 0, 29, 19, 13, 14, 17, 3, 21, 8, 28, 23, 15], [0, 2, 1], [10, 8, 3, 12, 4, 17, 20, 11, 9, 16, 0, 1, 5, 13], [4, 12, 25, 0, 20, 2, 7, 11, 21, 28, 30, 15, 22, 31, 1, 9, 8, 19, 3, 27, 26, 29, 16, 32], [8, 0, 2, 4, 16, 10, 12, 1, 9, 18, 6, 11], [13, 18, 3, 9, 23, 21, 1, 16, 0, 7, 14, 4, 10, 24, 2]]
[[8, 21, 26, 14, 23, 2, 1, 5, 6, 11, 0, 4, 13, 24], [0, 12, 20, 7, 15, 16, 19, 1, 23, 18, 17, 22, 8, 2, 3, 9, 10, 6], [7, 14, 18, 0, 11, 16, 3, 9, 6, 5, 10, 1, 12], [4, 8, 16, 7, 12, 14, 0, 2, 9, 13], [16, 3, 8, 13, 0, 5, 4, 9], [0, 8, 18, 3, 6, 15, 17, 1, 9, 4, 13, 16, 10, 19], [15, 0, 7, 9, 17, 13, 14, 1, 4, 5, 18]]
[[27, 18, 16, 25, 7, 14, 21, 23, 28, 13, 24, 4, 10, 0, 5, 19, 3, 9, 17, 1, 6, 31, 29], [3, 0, 6, 5, 4, 11, 10, 2, 7, 8, 12], [11, 20, 24, 4, 13, 15, 3, 5, 12, 18, 0, 25], [10, 18, 8, 2, 24, 4, 20, 11, 9, 21, 19, 0, 12, 13, 25, 23], [23, 34, 2, 28, 18, 36, 4, 8, 16, 30, 33, 0, 29, 11, 3, 5, 20, 10, 15, 6, 19, 37, 9, 32, 21, 24, 31, 12, 38], [5, 9, 2, 11, 13, 7, 0, 6, 10, 3, 14], [5, 7, 1, 11, 15, 13, 8, 14, 10], [14, 16, 11, 22, 2, 12, 20, 25, 8, 5, 0, 9, 19, 17, 4, 13, 6, 23, 10]]
[[2, 9, 12, 7, 1, 6, 5, 11], [5, 8, 9, 3, 14, 15, 18, 11, 16, 1, 10, 6, 12, 2], [8, 10, 1, 5, 6, 7, 9, 11], [22, 1, 8, 4, 13, 16, 11, 3, 9, 2, 10, 0, 7], [23, 8, 1, 13, 17, 10, 2, 9, 7, 11], [21, 7, 9, 15, 17, 19, 4, 14, 12, 13, 8, 20, 5], [5, 15, 8, 13, 19, 20, 22, 3, 10, 16, 23, 2, 9, 0, 6, 4, 11, 17]]
[[11, 9, 13, 0, 3, 7, 14, 2, 6, 5], [9, 15, 28, 39, 47, 63, 12, 18, 23, 33, 36, 38, 44, 52, 57, 60, 3, 7, 13, 19, 21, 24, 29, 41, 58, 61, 64, 55, 2, 26, 1, 0, 11, 31, 10, 16, 40, 46, 51, 56, 17, 59, 62, 4, 8, 14, 42, 48], [6, 2, 1, 3, 4, 8, 7, 0], [5, 2, 11, 1, 4, 9, 0, 8, 10], [13, 1, 3, 7, 10, 4, 5, 8, 11, 2, 0], [17, 24, 20, 9, 10, 1, 3, 5, 14, 22, 23, 13, 2, 11, 18, 0, 21, 25, 19, 15, 26, 6], [14, 2, 5, 4, 10, 0, 11, 8, 12, 13, 6]]
[[8, 14, 1, 9, 11, 3, 17, 4, 2, 10, 12, 15], [12, 13, 5, 9, 15, 0, 6, 2, 3, 4, 14, 16, 7, 17, 19], [11, 2, 12, 1, 0, 9, 13, 4, 6], [8, 10, 2, 5, 16, 4, 12, 13, 14, 0, 6, 18], [7, 20, 2, 6, 11, 14, 3, 1, 0, 4, 12], [15, 9, 14, 0, 4, 3, 7, 13, 6, 1, 10], [5, 9, 23, 3, 12, 15, 18, 0, 2, 10, 6, 13, 17], [10, 0, 8, 4, 7, 6, 11, 5, 1, 9], [7, 8, 0, 9, 13, 4, 14, 1, 10, 5, 15], [7, 10, 18, 14, 2, 11, 19, 3], [17, 2, 4, 10, 19, 7, 20, 3, 18, 0, 5]]
[[19, 4, 22, 24, 27, 0, 18, 9, 25, 1, 7], [7, 9, 12, 16, 28, 35, 1, 8, 0, 3, 22, 33, 30, 31, 34, 24, 26], [6, 20, 23, 26, 29, 8, 21, 7, 19, 0, 22, 25, 28, 30, 24, 17]]
[[22, 4, 14, 3, 21, 13, 18, 2, 19, 25, 17, 20, 23, 24, 15, 26], [3, 0, 2, 1], [2, 4, 8, 18, 20, 5, 9, 12, 3, 10], [12, 17, 5, 8, 14, 0, 2, 15, 4, 13, 18, 9, 16], [15, 25, 20, 34, 9, 2, 10, 28, 1, 30, 35, 7, 14, 21, 23, 37, 6, 19, 16, 26, 31, 8, 17, 11], [7, 19, 1, 3, 14, 11, 22, 8, 20, 10, 21, 0, 18, 4, 15, 2], [7, 3, 9, 12, 14, 20, 1, 10, 0, 8, 19, 6, 18, 15], [14, 18, 2, 12, 3, 15, 21, 7, 0, 20, 1, 9, 4, 8, 11], [10, 14, 8, 18, 22, 20, 5, 1, 9, 0, 11, 16, 23, 17, 2, 12]]
[[1, 3, 6, 4, 2], [6, 8, 12, 19, 9, 4, 14, 11, 1, 10, 13, 2], [8, 6, 5, 2, 12, 7, 0, 10, 1, 9, 4], [18, 0, 11, 13, 2, 20, 14, 12, 10, 3, 6, 7, 21], [1, 0, 2], [8, 10, 4, 6, 5, 7, 1], [6, 7], [14, 19, 5, 7, 10, 15, 17, 8, 6, 21, 4, 0, 1, 11], [0], [12, 24, 18, 4, 10, 19, 20, 25, 3, 7, 2, 5, 8, 6, 15, 11, 27, 13], [9, 12, 0, 10, 3, 7, 2, 1, 6, 11]]
[[9, 16, 2, 14, 7, 19, 5, 4, 3, 15, 17, 18, 13, 22, 8, 10], [5, 0, 7, 8, 11, 3, 9, 6], [2, 8, 17, 0, 6, 14, 5, 13, 3, 12, 10, 15], [5, 2, 12, 15, 0, 9, 4, 14, 3, 6, 13, 10], [0, 6, 3, 17, 16, 5, 12, 20, 14, 11, 9, 18, 21], [8, 16, 0, 10, 1, 20, 7, 19, 14, 15, 9, 11, 17, 21], [4, 0, 3, 9, 12, 15, 1, 13, 5, 8, 7], [9, 18, 5, 11, 20, 0, 6, 13, 15, 12, 10, 21, 14, 16], [6, 0, 9, 3, 10, 5, 1, 7]]
[[6, 16, 21, 11, 17, 22, 5, 10, 15, 4, 14, 13, 12, 18, 19], [0, 1, 6, 3, 10, 2, 7, 5, 9, 11], [13, 3, 8, 10, 16, 0, 19, 7, 14, 18, 1, 17], [9, 3, 13, 16, 20, 10, 14, 1, 19, 2, 7, 0, 4, 6, 15, 17, 5, 11], [0, 19, 21, 23, 3, 8, 14, 20, 11, 13, 1, 18, 4, 15, 16, 24], [13, 14, 6, 11, 15, 5, 1, 10, 4, 9, 16]]
[[17, 9, 4, 11, 14, 12, 2, 10, 8, 5, 6, 15], [10, 15, 21, 1, 19, 4, 11, 23, 3, 20, 2, 5, 22, 0, 18], [4, 37, 2, 38, 42, 41, 20, 1, 0, 5, 46, 13, 43, 39, 14, 22, 33, 19], [6, 3, 1, 4], [2, 1, 4], [4, 18, 0, 11, 1, 15, 19, 7, 2, 12, 10], [1], [6, 2, 3, 0, 9, 7], [2, 5, 3, 1, 0, 7, 6], [23, 31, 0, 26, 32, 10, 19, 5, 16, 28, 1, 9, 29, 15, 27, 22, 33, 18, 2, 6, 13, 17, 30], [3, 0, 5, 4, 8, 1], [0, 7, 13, 17, 19, 22, 10, 14, 20, 2, 9, 8, 6, 23, 3, 15], [12, 4, 13, 1, 16, 10, 0, 7], [4, 9, 2, 8, 0, 5, 6, 10], [0], [11, 13, 7, 2, 15, 18, 0, 4, 5, 12, 14, 19, 6, 20], [6, 1, 4, 3, 2, 0, 7, 8, 9, 10]]
[[9, 4, 6, 12, 14, 2, 7, 10, 1], [5, 2, 11, 1, 12, 14, 0, 3, 8, 15], [16, 5, 8, 10, 1, 0, 7, 6, 4, 2, 11], [14, 1, 7, 4, 0, 16, 5, 2], [6, 2, 4, 8, 18, 19, 26, 0, 9, 15, 14, 7, 12, 13, 27, 16, 21, 25, 28], [3, 5, 9, 11, 10, 4, 8, 6, 12, 13]]
[[7, 13, 4, 8, 14, 3, 9, 12, 5], [6, 2, 5, 1, 10, 0, 8], [3, 20, 6, 9, 13, 15, 11, 4, 5, 8, 1, 7], [19, 33, 38, 3, 14, 26, 31, 35, 40, 1, 7, 23, 13, 22, 0, 20, 34, 39, 36, 8, 29], [8, 11, 14, 19, 17, 16, 4, 2, 5, 21, 1, 18, 20, 12]]
[[5, 7, 0, 6], [13, 8, 9, 20, 19, 1, 11, 24, 2, 16, 22, 10, 21, 15, 14, 0, 18, 17, 3], [2, 4, 10, 14, 22, 18, 27, 26, 3, 17, 21, 0, 23], [14, 6, 9, 16, 18, 0, 10, 2, 8, 1, 15, 5, 13, 7, 17]]
[[14, 5, 10, 0, 3, 2, 8, 11, 7, 9], [20, 5, 10, 0, 11, 7, 13, 17, 6, 16], [20, 1, 9, 12, 18, 7, 10, 17, 4, 13, 2, 3, 6, 16, 0], [19, 32, 21, 0, 3, 10, 15, 23, 26, 30, 1, 4, 7, 11, 13, 16, 24, 9, 29, 20, 28, 22, 27, 14]]
[[9, 12, 20, 18, 3, 16, 17, 10, 21, 4, 6, 11, 19], [15, 0, 4, 16, 3, 1, 5, 7, 12], [8, 1, 13, 16, 0, 11, 6, 12, 17, 4, 7], [21, 12, 16, 0, 22, 8, 11, 7, 13, 6, 23, 17, 14, 5], [8, 15, 22, 41, 2, 34, 42, 12, 18, 31, 10, 35, 4, 37, 28, 1, 7, 39, 45, 3, 5, 9, 17, 23, 43, 16, 29, 13, 32, 19, 20, 26, 40]]
[[8, 20, 12, 2, 10, 1, 7, 6, 9, 3, 17], [3, 15, 7, 9, 13, 10, 14, 1, 4, 0, 2, 5, 11], [3, 14, 18, 5, 10, 12, 15, 19], [9, 21, 2, 4, 13, 24, 0, 17, 3, 5, 18, 19, 20, 26, 25, 23], [10, 19, 5, 16, 13, 1, 0, 11, 12, 6, 15, 17]]
[[14, 22, 9, 15, 19, 8, 18, 21, 13, 17, 12, 16, 20, 10], [8, 11, 5, 14, 3, 15, 1, 12, 0, 13, 16], [14, 3, 6, 12, 0, 4, 2, 10, 13, 9, 15, 11], [10, 2, 4, 12, 6, 0, 13, 3, 11, 5], [15, 2, 4, 12, 0, 8, 11, 7, 16, 9, 13, 1], [9, 0, 10, 3, 2, 6, 1, 12, 14, 8], [10, 5, 3, 0, 2, 6, 8]]
[[8, 11, 14, 16, 21, 24, 2, 17, 22, 1, 13, 12, 18, 10, 15, 3, 19], [12, 4, 7, 5, 1, 0], [16, 0, 8, 12, 14, 17, 5, 18, 4, 11, 10, 9, 13], [4, 7, 10, 17, 5, 8, 15, 2, 14, 1, 0, 13, 18], [3, 0, 6, 7, 18, 12, 15, 5, 17, 11, 4, 10, 19], [16, 5, 13, 17, 19, 0, 3, 11, 2, 10, 9, 15, 18, 6], [16, 6, 9, 18, 4, 7, 3, 17, 14, 15, 13, 10], [4, 7, 9, 5, 1, 2], [12, 14, 2, 7, 1, 6, 11, 0, 5, 10, 13, 15, 8], [5, 17, 20, 4, 18, 13, 1, 12, 3, 0, 11, 7, 8, 15], [15, 0, 2, 5, 17, 20, 18, 21, 12, 13, 16, 3, 14], [14, 7, 12, 17, 2, 10, 18, 0, 1, 8, 9, 15, 5, 13, 19]]
[[14, 11, 13, 18, 10, 7, 21, 17], [1, 3, 5, 9, 8, 2, 0, 4], [23, 26, 33, 9, 17, 29, 0, 15, 18, 27, 2, 20, 14, 34, 13, 32, 4, 24, 30, 28, 19, 3, 7, 10, 21]]
[[20, 10, 14, 7, 9, 6, 22, 8], [1, 4, 7, 6, 3, 2, 0, 8], [5, 6, 12, 8, 13, 1, 9, 0, 7, 4, 10, 14], [12, 1, 3, 10, 14, 17, 15, 18, 2, 0, 4, 5, 6], [10, 20, 3, 2, 7, 0, 4, 15, 16, 17, 14, 5, 19]]
[[10, 5, 7, 12, 15, 2, 1, 11, 13, 9, 16, 4, 3], [1, 3, 7, 19, 22, 4, 2, 10, 9, 0, 23, 20, 17], [8, 9, 12, 6, 13, 4, 0, 14, 10, 7], [5, 1, 3, 11, 12, 2, 10, 8, 9, 0, 14], [0, 4, 3, 6, 7, 2, 8], [1, 7, 11, 13, 2, 10, 8, 14], [2, 12, 4, 9, 1, 10, 0, 11, 5, 7], [0, 2, 15, 18, 3, 16, 19, 12, 1, 6, 13, 8, 20], [8, 2, 15, 18, 19, 12, 16, 3, 11, 13], [4, 6, 9, 10, 1, 0, 7, 2, 11], [20, 3, 6, 14, 1, 10, 0, 9, 8, 4, 21]]
[[6, 3, 2, 7, 5, 8, 4], [12, 1, 3, 7, 18, 2, 13, 14, 0, 17], [21, 2, 6, 7, 11, 32, 12, 5, 30, 31, 8, 13, 33, 18, 27], [9, 12, 21, 1, 15, 3, 18, 23, 7, 2, 16, 10, 17, 0, 4, 13, 19, 8]]
[[12, 14, 10, 17, 3, 15, 21, 2, 13, 9, 20, 4, 8, 19, 11, 5], [3, 4, 2], [14, 11, 12, 4, 16, 5, 7, 3, 13, 0, 2, 10, 15, 17, 18], [4, 18, 2, 22, 0, 5, 13, 10, 12, 9, 19, 14, 15, 3, 23, 11]]
[[21, 7, 3, 9, 12, 15, 1, 10, 8, 6, 4, 16], [10, 1, 4, 9, 13, 14, 3, 2, 0, 5, 7, 11], [5, 0, 8, 1, 6, 4, 13], [27, 3, 11, 17, 25, 9, 18, 28, 30, 16, 8, 1, 21, 7, 14, 19, 12, 22, 31], [9, 1, 4, 14, 17, 3, 11, 2, 10, 19, 15, 6, 12], [13, 14, 17, 2, 4, 16, 21, 1, 0, 15, 10, 18, 20], [5, 3, 11, 16, 12, 14, 7, 1, 2, 9, 6, 17, 10, 15, 4]]
[[25, 0, 22, 19, 23, 27, 30, 31, 14, 29, 16, 26, 17, 18, 24, 28, 21], [11, 1, 2, 8, 9, 0, 7, 12, 3], [6, 1, 4, 8, 2, 7, 5], [0, 3, 10, 2, 1], [9, 26, 13, 16, 20, 22, 31, 35, 38, 42, 44, 3, 14, 23, 27, 29, 32, 36, 45, 48, 47, 28, 39, 40, 8, 11, 30, 17, 41, 49, 33, 43, 46, 18], [5, 8, 10, 20, 0, 11, 16, 21, 3, 9, 22, 18, 4], [17, 9, 4, 8, 12, 0, 5, 6, 2], [6, 1, 3, 0]]
[[10, 14, 17, 20, 25, 0, 3, 18, 7, 6, 15, 4, 8, 21], [7, 3, 14, 22, 25, 0, 12, 18, 23, 21, 11, 4, 8, 9, 1, 19, 5], [13, 23, 11, 17, 18, 20, 5, 9, 15, 4, 1, 8, 14, 21], [4, 17, 1, 7, 14, 20, 2, 5, 8, 11, 19, 18, 12, 15]]
[[5, 13, 4, 16, 12, 3, 15, 10, 14], [4, 0, 5, 3, 6], [14, 1, 6, 3, 10, 11, 9, 2, 0, 7, 4, 12], [11, 13, 19, 7, 15, 10, 6, 1, 0, 16, 14, 18, 2], [14, 2, 11, 1, 9, 0, 6, 10, 12], [5, 7, 2, 13, 16, 19, 23, 26, 28, 3, 9, 17, 20, 8, 1, 12, 24, 29, 14, 27, 21]]
[[2, 11, 15, 18, 0, 5, 12, 4, 10, 9, 19, 13, 16], [8, 18, 3, 10, 11, 14, 24, 27, 22, 30, 33, 1, 2, 0, 23, 9, 19, 32, 39, 42], [16, 21, 28, 3, 12, 26, 0, 7, 13, 18, 5, 4, 6, 25, 17, 30, 9, 19]]
[[10, 22, 4, 15, 18, 3, 14, 13, 16, 17, 5], [14, 3, 16, 12, 17, 21, 15, 1, 0, 13, 22, 23, 2, 18], [13, 11, 15, 17, 20, 2, 21, 12, 1, 14, 18, 16], [8, 21, 0, 6, 13, 15, 16, 24, 12, 5, 22, 4, 23, 1, 14, 7, 19], [1, 2]]
[[7, 4, 2, 8, 6, 1, 9], [8, 18, 11, 14, 2, 1, 7, 6, 3, 10], [15, 2, 11, 17, 10, 0, 5, 12, 1, 7, 13], [10, 2, 16, 12, 7, 18, 20, 0, 3, 13, 17, 11, 14, 21, 4, 5]]
[[8, 10, 3, 2, 11, 4], [5, 7, 2, 1, 6, 0, 3], [0, 5, 14, 18, 3, 12, 11, 10, 13, 8], [1, 4, 14, 15, 3, 0, 7, 6, 2, 16], [10, 12, 18, 1, 5, 9, 0, 8, 13, 11, 19], [1, 4, 8, 11, 16, 18, 9, 7, 15, 14, 0, 13, 5]]
[[7, 9, 2, 1, 8, 6], [16, 29, 1, 5, 9, 20, 6, 21, 25, 12, 3, 2, 17, 0, 13, 7, 14, 19], [19, 23, 6, 11, 13, 16, 9, 3, 0, 10, 24, 7], [8, 15, 4, 2, 12, 21, 0, 22, 5, 6, 9, 17, 10, 16, 13, 14, 18], [4, 8, 13, 16, 14, 12, 2, 5, 11, 9, 6, 10, 3], [8, 16, 10, 3, 6, 2, 1, 0, 9, 17, 18, 4]]
[[5, 7, 0, 6, 4, 8, 1], [8, 9, 11, 1, 3, 12, 2, 0, 10, 14], [15, 2, 9, 11, 0, 12, 8, 3, 7, 17], [18, 6, 15, 2, 12, 1, 10, 11, 0, 3, 13], [14, 6, 0, 8, 11, 18, 25, 7, 15, 16, 19, 17, 1, 26, 9, 20, 21]]
[[7, 0, 4, 8, 6, 3, 5, 9], [6, 10, 19, 11, 4, 9, 2, 1, 12, 0, 13, 20, 17], [17, 2, 0, 3, 14, 23, 29, 13, 28, 9, 19, 10, 16, 24], [2, 9, 13, 16, 3, 10, 14, 6, 0, 1, 11], [2, 8, 13, 6, 0, 4, 14, 9, 12, 15], [2, 6, 7, 0, 3, 5, 4, 1, 8, 9], [6, 0, 3, 9, 11, 4, 12, 2, 7, 1, 8, 10, 13], [0]]
[[5, 7, 10, 1, 8, 11, 6, 4, 2], [3, 11, 14, 8, 12, 6, 1, 0, 7, 4, 2, 9], [4, 6, 14, 0, 12, 8, 17, 5, 3, 16, 2, 18], [1, 2, 11, 3, 0], [13, 4, 14, 5, 15, 6], [4, 11, 14, 8, 12, 7, 1, 0, 2, 9], [13, 2, 3, 4, 6, 14], [10, 3, 5, 8, 4, 11, 9], [17, 4, 6, 12, 5, 11, 18, 9, 7], [7, 6, 9, 2, 10, 1, 8, 0, 5, 13, 3, 11], [5, 8, 10, 3, 9, 0, 7, 6, 11], [6, 19, 8, 13, 1, 17, 0, 14, 7, 11, 10, 15, 20, 2]]
[[7, 13, 17, 2, 14, 18, 16, 1, 6, 10, 9, 0, 5, 8, 3], [11, 1, 4, 13, 6, 15, 7, 2, 16, 5, 14, 0, 8], [7, 16, 9, 5, 11, 14, 0, 3, 17, 2, 12, 1, 10, 4, 13], [0, 18, 5, 8, 14, 6, 1, 2, 11, 15, 19, 17, 16, 22, 20, 3, 12, 4], [5, 19, 7, 21, 10, 26, 0, 3, 14, 2, 6, 20, 25, 22, 18, 27, 8, 13], [15, 2, 5, 6, 8, 11, 13, 3, 9, 1, 7, 0, 12], [22, 10, 13, 0, 6, 16, 1, 4, 17, 3, 11, 14, 23, 9, 24], [1, 3, 6, 2, 10, 16, 12, 9, 15, 0, 4, 17], [7, 18, 22, 15, 14, 3, 10, 17, 20, 4, 11, 16, 5, 8, 19, 6, 2]]
[[0, 4, 3, 10, 9, 8, 5, 7, 11], [8, 10, 12, 15, 5, 13, 11, 1, 4, 16, 0, 3, 9], [10, 1, 3, 5, 6, 14, 19, 2, 11, 13, 12, 15, 7, 16], [6, 14, 31, 21, 9, 11, 26, 28, 0, 2, 16, 23, 27, 22, 15, 20, 7, 30, 3, 17, 24]]
[[21, 19, 6, 10, 14, 5, 9, 8, 7, 18, 0, 11], [18, 23, 10, 12, 1, 15, 16, 22, 19, 2, 3, 13, 17, 20], [2, 1, 8, 3, 7, 6, 9, 4], [11, 1, 0, 13, 3, 8], [0, 2, 14, 19, 1, 17, 7, 3], [15, 18, 3, 1, 5, 9, 4, 10, 16, 6, 8], [5, 16, 18, 10, 13, 1, 14, 11, 0, 19, 12, 6, 17], [15, 11, 5, 3, 13, 7, 1, 12, 2, 10, 17, 18], [2, 11, 7, 5, 8, 10, 12, 14, 0]]
[[19, 23, 29, 0, 8, 10, 25, 31, 34, 3, 6, 12, 15, 21, 26, 32, 18, 5, 14, 20, 16, 11, 27], [2, 12, 0, 9, 13, 14, 8, 4, 7, 5, 11, 10], [6, 17, 29, 32, 47, 23, 4, 11, 26, 30, 44, 0, 12, 19, 37, 25, 9, 14, 24, 35, 16, 18, 41, 5, 13, 1, 38, 39, 48], [7, 11, 20, 0, 12, 17, 13, 18, 1, 16, 9, 15, 6, 4, 2], [14, 31, 17, 15, 0, 11, 24, 1, 5, 9, 12, 7, 16, 23, 20, 18, 2, 8], [7, 5, 16, 23, 8, 12, 18, 21, 6, 11, 13, 0, 1, 22, 2, 14, 24], [21, 13, 15, 5, 18, 3, 6, 19, 22, 11, 10, 16, 2, 1, 9, 14, 7]]
[[6, 10, 2, 7, 5, 1, 9, 3], [6, 30, 10, 17, 20, 2, 8, 18, 21, 1, 16, 0, 7, 22, 3, 12], [4, 1, 2, 5, 3], [11, 2, 6, 1, 3], [13, 2, 11, 0, 3, 18, 1, 9, 7, 4, 15, 5, 10], [0, 17, 22, 23, 12, 5, 7, 15, 27, 2, 8, 19, 25, 1, 13, 10, 11, 18, 14, 26], [20, 0, 6, 14, 17, 3, 7, 12, 15, 18, 21, 24, 2, 11, 1, 10, 4], [12, 5, 10, 14, 6, 0, 1, 9, 2], [4, 9, 0, 14, 1, 5, 6, 13, 8, 11], [5, 10, 22, 14, 20, 25, 13, 23, 8, 0, 11, 12, 18, 4, 16, 19]]
[[11, 9, 0, 5, 4, 3, 6, 8], [3, 12, 1, 5, 9, 10, 8, 2, 0, 4, 14], [19, 1, 3, 13, 16, 4, 2, 10, 9, 0, 14, 17, 11], [23, 5, 10, 3, 14, 0, 17, 7, 11, 6, 24, 8, 12, 15]]
[[9, 16, 11, 18, 13, 22, 0, 4, 19, 3, 17, 10, 8, 14, 21, 5], [0, 10, 3, 6, 9], [6, 11, 3, 7, 1, 2, 12, 13, 0, 10, 4, 8], [8, 6, 2, 3, 9, 1, 0, 4, 10, 11], [11, 6, 1, 2, 3, 0, 5]]
[[13, 14, 3, 7, 17, 20, 23, 21, 2, 15, 16, 18, 6, 19, 22], [7, 9, 13, 18, 22, 10, 19, 25, 1, 8, 0, 6, 2, 23, 3, 11], [1, 5, 8, 11, 16, 19, 24, 14, 23, 0, 20, 7, 22, 6, 12, 25, 17], [5, 14, 16, 6, 1, 11, 10, 13, 0, 9, 17, 18], [19, 1, 3, 8, 7, 15, 10, 9], [8, 1, 5, 11, 14, 6, 12, 2, 9, 10, 0, 3], [5, 9, 13, 1, 10, 0, 8, 7], [9, 3, 6, 2, 1, 0, 7, 11], [4, 11, 2, 6, 8, 13, 0, 5, 9, 3, 7, 1, 10]]
[[18, 3, 7, 21, 0, 4, 8, 12, 22, 2, 6, 11, 10, 15, 23, 13], [3, 7, 10, 0, 11, 6, 9, 1], [5, 6, 0, 12, 13, 15, 7, 9, 8, 17], [15, 9, 14, 29, 22, 26, 2, 20, 23, 27, 25, 12, 19, 4, 16, 0, 11, 7, 10, 18, 30, 28, 5, 8, 31], [11, 16, 4, 1, 9, 14, 2, 6, 5, 13, 12, 0, 7]]
