0.6643672918102571
0.16131848900113255
0.47134846402332187
0.5092379219131544
0.24994021811289713
0.2386424109339714
0.5426300004124641
0.08521530777215958
0.27342017216142267
0.2889436548058357
0.042243727228858254
0.2681271635083249
0.1461262764642015
0.07340108416974545
0.13024623091332616
0.4101267180771434
0.19745156343560666
0.2473801604937762
0.03709577322006226
0.1296112003547023
0.49313125014305115
0.2781312698997291
0.46095384075306356
0.17409082048106939
0.2796842199085014
0.3017701310600387
0.20237736155589423
0.2878542951851462
0.013220700388774275
0.21710672352928667
0.22831613906393095
0.3370699491351843
0.06122338731074706
0.07201323532499374
0.33177821922840345
0.39022334129549563
0.3153770910575986
0.09081320061037938
0.44372904136544095
0.09774806102116902
0.4206197806051932
0.2064612120448146
0.13131251505443028
0.22425259074329265
0.1599570568650961
0.23396289718803018
0.38686832451494413
0.4548571576597169
0.4438525445293635
0.2289152373559773
0.3473959643937026
0.16748838778585196
0.10288913725526072
0.13730995455989614
0.3925806000828743
0.0018097981810569763
0.2859435923663633
0.09426131844520569
0.48257322013378146
0.32807567737264826
0.5195106938481331
0.11489008665084839
0.013470376647698382
0.005178462248295546
0.3724506416927195
0.24222265984863042
0.47044014411845375
0.20507247745990753
0.3341990636794695
0.40530929449014363
0.1518825423748543
0.07272432185709476
0.3624553071673621
0.35809598839841783
0.5165389573408498
0.37137651862576604
0.04049001415842213
0.06403879395220428
0.46957421163097024
0.08521953830495477
0.019314051419496537
0.3331125165801495
0.02146422469522804
0.017009609611704946
0.12803962516287962
0.3412445519585162
0.47143741222680546
0.10202970029786229
0.008492061588913202
0.19787490072617817
0.27931822038122583
0.519289951150616
0.3625019444540764
0.34866126094545635
0.5331830810755491
0.3944746404886246
0.013196730782510713
0.09552832841873168
0.14430121722398326
0.30593729371737155
0.3015517954714596
0.3698759876812498
0.6445391625165939
0.03588434038683772
0.22205562831368297
0.011381774991085487
0.11423306167125702
0.17867700247249255
0.35026399879716336
0.4711616274435073
0.3387896570377052
0.5000418312847614
0.24472064239671454
0.27671617216297556
0.3165352791547775
0.21299011572929366
0.2056115189140352
0.48552206298336387
0.28110334603115916
0.08188027143478394
0.35862767399521545
0.1352070348802954
0.0040654077505071955
0.47333232934276265
0.14400196676918617
0.2243347848028255
0.40969011003617195
0.04867232697350638
0.42933141998946667
0.27133548002327895
0.2943958967924118
0.5105327475660791
0.07242809748277068
0.31916605234146117
0.43623700067400933
0.3634854946052656
0.21350486722076312
0.18321807504980825
0.3722893863916397
0.08886035508476198
0.21056592198354857
0.15846185375509472
0.45605333894491196
0.36462303227744997
0.29104222590103745
0.5757860491517931
0.673346996307373
0.6111652890297895
0.35525194625370204
0.46900447285068886
0.20644465838558973
0.5503630114641661
0.09708970785140991
0.21792810298502446
0.5585992934906648
0.6419588540281568
0.2512145471086519
0.2233020129081394
0.4916435160807201
0.37534955656155944
0.023919184925034642
0.3008745306999319
0.5959820368284867
0.16584771030789447
0.2687295032277082
0.013030133210122585
0.22814540444718054
0.3623013744130731
0.495617164298892
0.2950661247014068
0.1575644612312317
0.02510469246190041
0.5129065081211073
0.08463014797730879
0.01687916647642851
0.32916361051611603
0.07106514573097229
0.17691837111487985
0.4716782979667187
0.3475960570254496
0.4848849336558487
0.0688882265239954
0.2636615987091015
0.3442369762342423
0.16919346556533127
0.2609178761485964
0.06383003782248124
0.13484363711904734
0.37131064529530705
0.48481589354923926
0.42167434507670504
0.2560432996574996
0.5234617628157139
0.4945860095322132
0.39519862073939294
0.37254601463209835
0.18792412974289618
0.24681588972453028
0.20650917571038008
0.40069983415305616
