0.9916864292962211
0.983393132686615
0.5777504146099091
0.9880993217229843
0.9941760450601578
0.9869460105895996
0.9891412377357482
0.8949956082635455
0.9937607944011688
0.9858483142322965
0.944490393002828
0.9922141134738922
0.9935397654771805
0.9907602518796921
0.7997360240668059
0.8424934024390366
0.9072711070378622
0.7752107530832291
0.7385257807121995
0.8757701399736106
0.9708665311336517
0.9832331027303424
0.9667321046193441
0.8459235467016697
0.9648205212184361
0.9309352238972982
0.802454799413681
0.8796810507774353
0.6458574010059237
0.9639145910739899
0.9245481150490897
0.9899808466434479
0.7445874269469641
0.8178989231586457
0.9004679173231125
0.9931905269622803
0.9597598569733756
0.8427472251156966
0.992136013507843
0.9915177055767604
0.9252889851729075
0.9032982736825943
0.9906327592002021
0.9154369022165026
0.749431885778904
0.9941204071044922
0.9938585519790649
0.968303382396698
0.8924090303480625
0.8121231868863106
0.9935005903244019
0.9937546998262405
0.7089305995032191
0.9942636787891388
0.9907304763793945
0.8277606397867203
0.6916841853276959
0.9928036765618757
0.9076073815425237
0.9456350292478289
0.9883736371994019
0.9039112414632525
0.9919965664545695
0.9947320024172465
0.8597425089942085
0.9936133980751037
0.994091979094914
0.9941726922988892
0.967591004712241
0.9159988194704056
0.9019076774517695
0.8904629854692353
0.982229926369407
0.9902746180693308
0.88325761569043
0.9475191950798034
0.9769441038370132
0.8738926589488983
0.9881144165992737
0.75933360401541
0.9420555710792542
0.992180585861206
0.7943967369850725
0.6679524307449659
0.9939366976420084
0.8851265204852098
0.8995682150125504
0.8076965063810349
0.8576255679130554
0.9903612407771024
0.8480085810380322
0.9935927291711172
0.9939010275734795
0.9343783770288739
0.8998024635016918
0.937665855884552
0.7900734767317772
0.9874388412995772
0.9912862628698349
0.9938007082257952
0.8105381533503533
0.7095652172962824
0.991408626238505
0.9205224394798279
0.9902429223060608
0.8459635632378715
0.9925466842121549
0.9941412309805552
0.9930591225624085
0.9788332581520081
0.9925033688545227
0.9903476536273956
0.9845812320709229
0.9929874198777335
0.99456387758255
0.7752772282276835
0.9681107799212137
0.9911296367645264
0.7464263380970806
0.8383912009497484
0.9918131083250046
0.7570927338674664
0.6766902407010397
0.992427388827006
0.852770725886027
0.8941928346951803
0.9475359499454499
0.9853549599647522
0.9922107756137848
0.7787917165551335
0.8105834558606148
0.9799029727776846
0.9931400269269943
0.9896884202957154
0.9858015894889831
0.9711114764213562
0.9915047436952591
0.9940015375614166
0.9529207229614258
0.9596384286880493
0.9913163270269122
0.8861679615220055
0.992974042892456
0.9714632481336594
0.926424652338028
0.993287718296051
0.9735965331395467
0.9930563171704611
0.989893913269043
0.9939047694206238
0.9228095769882202
0.9563425481319427
0.9889136016368866
0.8027374677360057
0.9645568264855279
0.9889742136001587
0.9508472945955064
0.9814725092479161
0.9907778416361127
0.824662848291072
0.8194624582926432
0.8513558422111802
0.9891489852558483
0.9777245918909708
0.8258307425615689
0.9017096442334792
0.8258167919702828
0.9940117716789245
0.7494320068508387
0.7753097768872976
0.9281393984953562
0.9488823294639588
0.9346855367933001
0.9837584098180135
0.6506740149731437
0.8156211376190186
0.9777373238043352
0.7616441380232573
0.9876905530691147
0.9802639143807548
0.7823787312954664
0.9920043349266052
0.8370368878046671
0.9928034693002701
0.9902730703353881
0.8949733525514603
0.8245001286656285
0.9935421347618103
0.9885077834129333
0.9904094710946083
0.9748450120290121
0.9941741757922702
0.991126611828804
0.9883217016855875
0.9927591159939766
0.9835206091403961
0.9538030326366425
0.8308545020408928
0.9325265944004059
0.8211722075939178
