[[8, 11, 6, 17, 20, 0, 4], [11, 13, 19, 2, 6, 9], [4, 9, 12, 2], [7, 11, 3, 20, 0], [2, 17, 13, 19, 3], [14, 6, 7, 2, 10], [18, 27, 6, 29, 5, 9]]
[[2, 4, 8, 12, 5, 3, 7], [6, 1, 10], [7, 8, 4, 10, 11, 12, 1, 9], [15, 1, 4, 9, 19]]
[[12, 14, 0, 9, 17, 24, 37, 44, 1, 7, 18, 38, 13, 8, 5, 21, 39, 19], [26, 51, 62, 0, 4, 9, 10, 14, 19, 36, 44, 45, 7, 15, 20, 27, 35, 42, 52, 63, 13, 12, 50, 5, 16, 53, 73]]
[[2, 9, 8, 5], [9, 3, 1], [7, 16], [4, 7, 12, 13, 10, 2], [15, 6, 0], [15, 23, 3, 6, 9, 13, 5], [13, 9, 2, 16], [12, 9, 15]]
[[12, 3, 6, 4, 15, 2, 9, 8, 10], [9, 25, 37, 7, 14, 20, 23, 39, 0, 32, 16, 35, 2, 17, 40, 10], [12, 21, 16, 19, 15, 2], [9, 14, 19, 2]]
[[10, 4, 13, 22, 3, 12, 2, 11, 5, 7], [6, 5, 1, 0, 7], [1, 9, 16, 3, 6, 10, 14, 13], [10, 1, 2, 0, 11, 13], [8, 18, 13]]
[[11, 5, 7, 14, 17, 0], [6, 7, 3], [6, 13, 1, 15, 4], [14, 38, 16, 5, 9, 21, 25, 28, 31], [8, 14, 1]]
[[9, 14, 6, 11, 1], [7, 0, 12, 13, 16, 20, 1], [6], [2, 5, 3, 9, 12], [14, 3, 6], [12, 0, 1], [8, 13, 22, 5], [14, 4, 6, 9, 17, 23, 2], [12, 15, 7, 8, 5]]
[[11, 16, 5, 12, 4, 10, 9, 8, 14], [13, 8, 11], [8, 7, 9, 4], [27, 30, 3, 20, 15, 10]]
[[20, 8, 15, 4, 10, 2], [14, 20, 8, 2, 1], [11, 5], [4, 7], [11, 2, 5, 16, 14, 0, 1], [6, 8, 19, 0, 3, 15], [10, 13, 1, 5], [0, 13, 3], [14, 9, 2]]
[[6, 16, 14, 21, 10, 9, 17, 12, 20, 13, 15], [15, 17, 21, 1, 8], [18, 2, 4, 9, 22, 0], [7, 8, 11, 3, 1], [4, 7, 0, 5], [10, 0, 11, 3], [1], [6, 0], [4, 13, 23, 26, 5, 7, 14, 17], [1, 5, 3, 2, 0], [9, 12, 19, 28, 4, 0], [18, 1, 21, 16, 14, 2, 22, 13, 25, 0, 20, 19]]
[[1, 9, 3, 6, 15, 4, 13, 2], [0, 7, 9, 14, 19, 5, 10], [4, 6, 10], [7, 8, 0, 12, 11, 5], [0, 2, 3, 9], [9, 21, 7, 16, 19, 17, 2, 13, 1, 14, 15], [24, 1, 13, 11, 3, 9, 2], [7, 5, 9, 12, 18, 22, 3, 20, 23, 15]]
[[18, 29, 5, 11, 25, 3, 16, 10, 2, 9, 21, 8, 20], [4, 6, 8, 13, 2], [7, 1, 4, 14]]
[[13, 19, 10, 2, 8, 1, 7, 6, 14], [3, 8, 17, 5, 1, 7, 0], [9, 12, 30, 1, 3, 6, 15, 2, 32, 28, 13], [11, 22, 0, 1, 8, 15, 26, 6, 30, 28]]
[[15, 8, 11, 3, 6, 2, 12, 13], [7, 13, 5, 2, 1], [3, 1], [6], [20, 21, 4, 10, 15, 27, 8, 11, 23, 1]]
[[4, 10, 13, 11, 3, 5], [9, 10, 13, 0], [9, 6, 0, 1, 11, 13, 15], [1, 8, 2, 6, 7, 0], [21, 5, 10, 12, 14], [11, 4], [7, 4, 14]]
[[15, 7, 17, 12, 21, 0, 3, 13, 19], [7, 14, 0], [0, 17, 1, 5, 9, 18, 12, 2], [9, 17, 11, 1], [12, 3, 5, 9, 0, 7], [9, 17, 5, 6, 10]]
[[6, 8, 14, 3, 9, 13, 7], [10, 15, 5, 0, 2], [16, 1, 3, 6, 10, 18, 26, 27, 2, 21, 17], [10, 15, 3, 7, 18, 20]]
[[10, 5, 0], [8, 4, 14, 26, 2, 5, 19, 18], [11, 19, 3, 5, 8], [6, 9, 5, 13, 12], [9, 4, 12], [29, 10, 14, 1, 21, 27, 17, 31, 9, 12, 11, 30, 2], [2, 8, 6, 3], [8, 3, 11, 4, 0, 2, 1], [2, 7, 5], [10, 6, 2, 5, 4], [2, 7, 9, 3], [13, 3, 5, 17, 19], [7, 5, 9, 8], [5, 1], [5, 9, 11, 0], [12, 3, 10, 4]]
[[4, 9, 1], [23, 1, 24, 4, 16, 12, 20, 29, 31, 21, 15, 2, 18, 25, 3], [], [12, 0, 7, 16, 17], [6, 11, 12, 0, 2], [9, 14, 12, 6, 16, 3], [14, 8, 22, 4], [0, 10, 7, 4]]
[[4, 6], [4, 9, 1, 0, 8], [9, 5, 13, 2], [1]]
[[3, 6, 11, 13, 18, 4, 2, 10, 9, 14], [8, 14, 3, 15, 2, 9, 4, 12], [8, 11, 12, 14, 1], [6, 20, 1, 14, 3, 18, 23, 2, 15], [18, 1, 6, 9, 4, 3], [12, 9, 6, 7, 1, 13, 11], [1, 4, 6, 14, 15]]
[[20, 21, 3, 6, 12, 16], [10, 4, 7, 2, 11, 1], [4, 13, 16, 2, 5], [7, 10, 13, 4], [16, 30, 5, 25, 23, 7, 20, 21, 22, 0, 1, 32, 6], [9, 18, 4, 7, 12, 21, 10, 13]]
[[29, 8, 12, 16, 23, 33, 34, 0, 5, 18, 35, 7, 4, 20, 31, 17], [16, 14, 21, 0, 3, 17, 22], [5, 9, 10, 6, 12, 7, 14], [10, 35, 1, 23, 30, 38, 7, 24, 6, 16], [7, 10, 16, 3, 20, 0, 8], [5, 2]]
[[6, 8, 7, 4], [15, 3, 6, 9, 11], [5, 7], [8, 10], [10, 14], [7, 9, 12], [11, 13, 8, 25, 27, 19]]
[[5, 17, 11, 13, 0, 3, 14], [8, 11, 1], [20, 3, 7, 9, 14, 10, 11, 2, 1], [3, 0, 7, 4], [17, 23, 4, 5, 11, 26, 2, 6, 24, 27, 1, 29, 21], [10, 14, 4, 5, 8, 15, 3], [17, 0, 2, 10, 20, 23, 8, 11, 18, 15, 16], [0, 29, 43, 4, 8, 10, 17, 31, 38, 40, 11, 15]]
[[1, 9, 13, 0, 15, 8, 14], [5, 6], [17, 5, 10, 2, 6, 9]]
[[14, 17, 16, 8, 0], [1, 4], [8, 12, 5, 16, 2], [0, 4, 1], [7, 10, 16], [57, 7, 3, 9, 25, 30, 31, 45, 51, 55, 1, 4, 23, 26], [2, 5], [], [3]]
[[5, 19, 1, 3, 8, 9, 12, 2], [29, 4, 0, 6, 5, 3, 11, 9, 8], [5, 4, 0, 7, 10, 17, 9], [11, 29, 3, 5, 15, 0, 12, 14, 4, 13], [3, 4, 6, 13]]
[[21, 7, 9, 0, 3, 10], [27, 8, 1, 4, 19, 2, 5], [10, 0], [5, 7, 8], [6, 9, 17], [15, 11, 18, 20], [3, 5, 14], [5, 7, 13], [16, 5, 7, 9, 6, 8], [13, 5, 8, 14, 17]]
[[10, 3, 8, 2, 9, 7], [9, 3, 14, 4, 11, 18, 1, 22, 0], [5, 16, 12, 10, 2, 15, 3, 13, 11], [15, 3, 5, 10, 13, 0], [6, 18, 1, 3], [4, 1, 8, 12, 9, 16], [8, 11, 19, 6, 21, 4, 22, 3, 12, 13]]
[[4, 13, 10, 0], [6, 7, 9, 13], [7, 19, 4, 15], []]
[[22, 17, 8, 11, 13, 20, 5], [8, 19, 23, 9, 12, 15, 3, 11, 14, 0], [0, 5], [12, 18]]
[[22, 11, 13, 4, 20, 3, 12, 10, 14, 5, 6], [13, 5, 7, 3, 14, 0], [12, 0, 2, 5], [3, 10, 18, 13, 16], [1, 5, 2, 0, 7]]
[[7, 3, 9, 12, 15], [11, 0, 5, 16, 12], [5, 12, 7, 9], [4, 0, 6], [5, 7, 11, 1, 8, 12], [1, 13, 10, 6], [5, 12, 0], [12, 20, 7, 1, 5, 14, 18, 3], [7, 15, 3, 11, 13]]
[[9, 13, 4, 10, 14, 3, 8, 7], [4, 9, 2, 12, 14, 0, 6, 3], [11, 17, 2, 5, 14, 20, 25, 0, 7, 24], [9, 19, 27, 13, 5, 10, 16, 29, 33, 0, 6, 17, 20, 26, 2, 15]]
[[13, 15, 20, 6, 5, 12, 11, 21, 7], [3, 0], [8], [12, 1, 0, 4, 2, 15], [16, 3, 5, 11, 18, 23, 9, 19, 1, 21, 17], [11, 5, 10, 24, 6, 14, 3, 21], [21, 1, 19, 9, 0, 3]]
[[22, 13, 15, 20, 27, 9, 18, 8, 14, 26, 25, 12, 23, 16, 32], [3, 14, 17, 22, 0, 25, 18, 8, 4, 20], [12, 15, 1, 14, 5, 2, 4], [11, 23, 2, 6, 15, 17, 3, 0, 9, 18], [17, 22, 25, 3, 23, 26, 2, 15, 1, 0, 14, 13, 29], [7, 14, 22, 1, 5, 10, 20, 6, 11]]
[[0, 10, 1, 9, 13], [10, 13, 3, 0, 14, 2, 15, 16, 22, 17], [0], [12, 29, 4, 7, 10, 16, 20, 17, 3, 13, 31, 9, 15, 18], [14, 1, 17, 2, 18, 7, 8]]
[[8, 11, 0], [], [13], [9, 3, 6, 11], [9, 0, 7], [5, 19, 6, 20], [16, 0, 3, 4, 20, 14]]
[[4, 8, 7, 9, 6, 5], [5, 22, 0, 7, 11, 14, 17, 1], [0, 4], [9, 2, 6], [20, 7, 12, 16, 19, 22, 2], [6, 1, 3, 9, 12], [4, 10, 12, 5, 0], [5, 11, 2, 12, 7, 20, 0, 14], [17, 2, 7, 9, 0], [16, 7, 10, 13, 3], [2, 12, 0, 3, 6, 10, 13], [10, 14, 20]]
[[13, 21, 24, 8, 15, 18, 0, 3], [9, 17, 6, 2], [2, 6, 5], [23, 8, 17, 12, 26, 9, 11, 24, 0], [21, 8, 18, 25, 9, 11, 23, 26, 12, 17], [19, 10, 13, 24, 25, 7, 9, 20, 21], [20, 16, 7, 9, 25, 10, 15, 17], [9, 16, 6, 13, 4, 11, 0]]
[[21, 13, 7, 10, 16, 27], [11, 22, 27, 29, 31, 14, 16, 0], [1, 5, 9, 14, 2], [9, 4, 1, 0], [10, 13, 5, 8, 15], [10, 13, 16, 18, 23, 26, 3, 7], [1, 25, 3, 7, 15, 20, 5], [23, 49, 28, 38, 2, 5, 11, 17, 37, 46, 51, 54, 3, 9]]
[[12, 22, 4, 2, 18, 23, 17, 1, 11], [6, 1, 3, 4, 11], [5, 8, 0], [8, 11, 21, 14], [2, 0, 5, 1], [15, 24, 6, 10, 20, 4, 11, 14, 3, 2, 19, 22], [14, 17, 4, 8, 12, 21, 22]]
[[14, 0, 6, 5, 10, 7, 3], [5, 13, 16, 1], [5, 10], [5, 18, 0, 7, 9, 11, 21], [9, 20, 25, 2, 4, 16, 0], [1, 2, 10, 9, 42, 44, 46, 48, 50, 53, 55, 0, 7, 57]]
[[3, 5, 11, 4, 6], [3, 8, 17, 19, 1, 10, 15], [10, 1, 3, 15, 0], [11, 14, 19, 3, 7, 4], [1, 5, 10, 13]]
[[16, 19, 2, 12, 21, 0, 7, 9, 17, 22, 6], [], [16, 3, 0, 2, 1, 14, 19], [25, 12, 32, 37, 38, 10, 13, 21, 26, 30, 39, 9, 4, 29, 31, 36, 40], [7, 11, 0, 3, 2, 9, 4]]
[[4, 19, 18, 3, 12, 10, 20, 5], [6, 11, 17, 0, 7, 15, 18, 4, 3, 9], [11, 29, 9, 16, 4, 12, 3, 8, 7, 14, 6, 10, 5], [7, 9, 11]]
[[8, 15, 3], [26, 31, 1, 3, 6, 15, 18], [13, 3, 5, 0, 2], [18, 1, 14, 5, 12, 15], [11, 6, 8, 13], [32, 35, 7, 14, 25, 28, 18, 22, 29, 17, 21, 38], [15, 0, 10, 13, 17, 1, 7, 11], [5, 21, 0, 2, 18, 6]]
[[3, 5, 1], [8, 12, 16, 24, 28, 2, 4], [10, 21, 17, 7, 11, 13, 29, 16, 6, 5, 25, 28, 8, 12], [4, 1, 6, 5, 11]]
[[25, 37, 0, 10, 23, 29, 5, 19, 27, 7, 18, 26, 33, 35, 39, 28], [4, 6, 11, 14, 17, 19, 21, 0], [12, 6, 10, 3, 9, 13, 15, 7], [7, 26, 1, 10, 20, 18], [7, 12, 9], [7, 11, 0, 5, 4, 8, 1]]
[[9, 6, 8, 5, 7, 10, 19], [7, 2, 9, 11, 0], [11, 4], [10, 3, 2, 5, 23, 0]]
[[12, 7, 14, 6, 13, 5, 15], [5, 11, 14, 22, 2, 8, 12, 1, 0, 21], [12, 16, 2, 4, 7, 14, 0], [6, 9, 12]]
[[14, 5, 16, 4, 15, 3, 12], [3, 1, 5, 11, 8], [6, 15, 2, 12], [6, 8, 4, 10, 14, 11]]
[[0, 9, 11, 10, 6], [4, 9, 2], [3, 9, 19, 0, 20, 14], [8, 0, 4, 1], [20, 13, 15, 18, 24, 28, 30, 6, 16, 25, 5, 11]]
[[12, 7, 14, 17, 25, 4, 22, 13, 23, 24, 5], [8, 24, 28, 2, 13, 15, 4, 10, 21, 16], [19, 2, 5, 8, 12, 3, 1, 9, 13, 20], [6, 7, 10, 2]]
[[9, 30, 21, 5, 32, 0], [7, 15, 2, 18, 14], [16, 18, 9, 1, 3], [5, 19, 14, 16, 3, 7, 29], [4, 13, 18, 9, 16, 10, 14], [3, 9, 12, 16], [16, 21, 11, 23, 4]]
[[1, 10, 7, 17, 14, 18], [8, 11, 19, 6, 16, 27], [8, 4, 13, 0, 7], [10, 12, 20, 23, 3], [8, 18, 12], [12, 15, 0, 7, 17, 4], [11, 15, 4, 0], [6, 12, 1], [6, 11, 5], [9, 21, 16, 5, 8, 11]]
[[2], [10, 4, 1, 0], [9, 19, 23, 1, 4, 6, 14], [16, 2, 0, 5], [0, 3], [9, 13]]
[[16, 7, 2, 1, 5, 8, 4], [15, 4, 8, 5], [17, 2, 4, 7, 5, 3, 15], [0], [26, 14, 12, 16, 21, 9, 8, 4], [6, 5, 8, 9, 10], [10, 17, 11, 21], [3, 9, 2, 8, 4], [11, 15, 19, 3, 7, 17], [7, 12, 5, 4, 0], [3, 9, 4, 2, 10], [3, 7], [16, 10, 13], [5, 12, 15, 6]]
[[6, 8, 7], [1, 6, 8], [7, 11, 26, 39, 0, 5, 18, 23, 32, 19, 28, 9, 2, 15, 20], [2, 5, 9, 0]]
[[4, 6, 21, 23, 10, 3, 9], [24, 3, 6, 8, 10, 15, 19, 26, 28], [6, 17, 22, 0, 10, 3, 19], [5, 25, 29, 8, 12, 18, 23, 9, 16, 19], [], [2]]
[[5, 9, 11, 2, 6, 4], [7, 8, 10, 11, 2, 14, 1, 0], [1, 3, 5, 13, 19, 6, 2, 9]]
[[6, 8, 18, 22, 30, 34, 0, 35, 7, 21, 20, 28, 29, 33, 19], [9, 21, 11, 24, 6, 0, 14, 18, 22], [9, 11, 10]]
[[12, 3], [9, 6, 0], [6, 14, 4, 13, 10, 0, 11], [0, 2, 6, 5, 7], [1, 9, 14, 17, 10, 18], [18, 2, 7, 11, 22], [15, 1, 18, 20, 22, 10, 12, 17, 6, 7], [], [4]]
[[6, 0, 5], [10, 12, 2, 6, 16, 5, 15, 1, 0], [2, 5, 17], [3, 6], [13, 21, 2, 16, 19, 23, 0, 3]]
[[12, 28, 6, 9, 25, 1, 10, 17], [6, 15, 1, 3], [21, 1, 5, 9, 14], [11, 1, 0, 3, 8, 15], [8, 14, 22, 6, 1, 3], [20, 22, 6, 1, 3, 4, 7, 10], [12, 9, 5, 3]]
[[39, 14, 10, 11, 17, 20, 27, 30, 41, 44, 47, 28, 31, 35, 42, 53, 8, 15, 2, 26, 6, 25, 7, 40, 16]]
[[10, 12, 15, 3, 13, 2], [1, 4, 7, 3, 0, 5, 25, 2, 6], [3, 8, 11, 1, 5], [13, 2], [9, 0, 15, 1, 12, 4], [25, 14, 20, 22, 28, 1, 7, 9, 16]]
[[9, 35, 15, 5, 20, 24, 27, 39, 2, 10, 25], [0, 4], [11, 4, 0, 8], [15, 6, 13, 18, 20], [0, 15, 8, 13, 14], [15, 1, 5, 10, 22, 20, 2, 19], [5, 0, 10, 13], [9, 5, 7], [1, 8], [11, 29, 17, 16, 24]]
[[13, 18, 20, 3, 9, 22, 25, 31], [9, 1], [14, 3, 12, 0], [11, 5, 1, 6], [2, 10, 17, 8, 0], [7, 8, 12, 15]]
[[20, 7, 11, 14, 17, 9, 12, 15], [23, 19, 4, 14, 26, 2, 11], [17, 12, 11, 5], [15, 18, 5, 9, 13, 21], [8, 2, 5], [23, 28, 5, 22, 16, 8, 14, 26], [7, 9, 5, 0, 3], [13, 6, 16, 4, 17], []]
[[13, 27, 17, 4, 7, 19, 22, 30, 20, 3], [2, 10, 18, 11], [0], [1], [1, 5], [8, 4, 12, 16, 0, 10, 13], [12, 4, 5, 0, 8], [8, 1, 6, 15], [3, 5, 8, 13, 19, 6, 14], [9, 12], [12, 1, 6, 18, 2]]
[[16, 6, 13, 0, 4, 11], [6, 2, 4, 0], [4, 2, 5, 7, 10, 13], [15, 7, 9, 8, 1], [8, 12, 19, 3, 5, 7, 1], [9, 10, 6, 15, 7, 2]]
[[29, 9, 12, 17, 20, 23, 0, 3, 10, 18], [19, 2, 18, 21], [5, 7, 8, 3], [7, 8, 10, 3], [21, 14, 23, 6, 9, 16, 19], [3, 8, 2], [5, 8], [13, 2, 8, 3, 6, 0, 4], [2, 4, 6]]
[[18, 6, 9, 14, 0, 4, 8], [6, 4, 2], [8, 3, 2], [1, 7, 3, 11], [12, 19, 2, 8]]
[[21, 1, 16, 2, 8, 15, 7, 4, 10], [5, 16, 7, 17, 14, 1, 11], [2, 4, 0, 9, 3, 5, 6], [1]]
[[8, 10, 13, 24, 27, 0, 5, 11], [8, 21, 5, 12, 0, 9, 13, 19], [9, 11], [13, 2, 9, 0, 4], [13, 15, 7, 17, 6, 16, 0, 10]]
[[5, 2, 6, 1, 10, 9], [2, 6, 12, 3, 7, 1], [4, 7, 5, 1, 9, 22, 25], [8, 18, 21, 4, 13, 16, 1, 14, 23]]
[[8, 11, 3, 5, 15, 0, 14, 4], [10, 14, 0, 12, 11, 1, 16], [6, 3, 9, 12, 2, 1, 0], [18, 27, 6, 10, 23, 2, 7, 24, 22, 16, 3, 8]]
[[23, 1, 3, 7, 8, 12, 2, 9, 11, 13], [4, 2, 1], [21, 9, 6, 13, 16, 17, 12], [3, 0], [4, 10, 14, 15, 17]]
[[5, 9, 11, 3, 2, 4], [2, 8, 10, 13, 1, 7, 0, 6], [22, 2, 6, 9, 13, 15, 18, 25, 27, 31, 33, 36, 7, 1, 21, 24], [2, 7, 10, 14, 15, 18, 8, 1, 6]]
[[5, 2, 4, 8], [9, 2, 7, 13], [16, 19, 9, 12, 23, 2, 6, 10], [7, 11, 5, 8, 12, 0, 1], [3, 13, 15, 17, 19, 22]]
[[0, 1, 7, 4], [6, 7, 2, 9, 10, 0], [0, 2, 8, 3, 9, 7, 1]]
[[7, 12, 9, 5], [16, 5, 0, 1, 10, 6], [17, 2, 7], [7, 10, 16, 11, 2], [14, 0, 9, 19, 7, 6, 15, 20, 2], [6, 16, 7]]
[[9, 18, 20, 23, 4], [7, 9, 10, 24, 4], [11, 17, 24, 2, 20, 23, 27], [3, 6, 12, 17], [24, 23, 0, 4, 7], [10, 3, 5, 9], [11, 20, 23, 2, 8, 13], [10, 7, 6, 0, 9], [12, 7, 13, 18, 10], [8, 11, 13, 10, 3]]
[[12, 14, 9, 11, 8, 13, 10, 19], [1, 3, 17, 8, 15, 2], [9, 19, 4, 12, 22, 26, 30, 0, 5, 7, 16, 23], [5, 9]]
[[11, 5, 3, 2, 6, 12], [15, 8, 17, 27, 3, 10, 18, 19], [9, 4, 6, 11, 14, 12, 15, 5], [6, 22, 2, 14, 25, 11, 8]]
[[22, 5, 9, 7, 13, 0, 18, 6, 10, 23, 8], [6, 4, 2], [5, 6, 8, 12, 16], [31, 1, 8, 4, 12, 5, 10, 16, 34, 3], [8, 10, 3, 2, 7, 6]]
[[6, 14, 17, 19, 22, 0, 7], [14, 2, 11], [1], [4, 7, 8], [14, 8, 10, 16, 0], [8, 12, 2], [2, 6, 12, 16, 19, 20], [6, 12], [2, 4, 11, 0], [4, 9, 5, 11, 7], [23, 28, 14, 17, 25, 7, 11, 21]]
[[19, 24, 21, 0, 7, 6, 13, 12, 20, 26, 10], [2, 4, 14, 0, 3, 12, 13, 15], [2, 16, 1, 6, 20, 4, 9, 12, 8], [17, 22, 3, 6], [3, 11, 0], [9, 28, 3, 20, 15, 1, 7], [13, 23, 28, 5, 11, 16, 18, 0, 6, 3]]
[[12, 1, 6, 8, 9, 5], [9, 1, 10, 6], [8, 0, 1, 2], [6, 8, 9, 14, 20, 18, 1], [5, 4, 3, 0], [7, 19, 3, 14]]
[[20, 5, 12, 16, 23, 27, 10], [9, 3], [12, 16, 0], [4, 17, 9, 15, 2, 8], [1, 3, 6, 18, 4, 10], [18, 16, 23, 21, 0], [3, 10, 14, 8, 5, 4], [6, 1, 3, 10], [14, 8, 3, 10]]
[[14, 1, 3, 5], [16, 0, 11, 19, 1], [1, 0, 12, 2, 5], [0, 10, 16, 6, 13, 17], [14, 27, 4, 16, 0], [15, 8, 1, 16], [17, 7, 3, 21]]
[[19, 6, 15], [21, 2], [0, 9], [5, 8, 11], [1], [6, 8, 11, 0, 4], [13, 17, 2, 21, 8], [9, 3, 14], [14, 10], [2]]
[[26, 33, 9, 16, 8, 18, 23], [26, 29, 17, 2, 14], [8, 14, 0, 3, 11, 4], [11, 23, 5, 17, 14, 22], [12, 17, 23, 11]]
[[26, 1, 11, 17, 19, 2, 5, 4, 18, 6, 12, 0], [7, 0], [22, 10, 6, 8, 12, 0, 5, 11, 18, 3], [13, 2, 4, 6, 10, 18, 0, 7, 15]]
[[13, 15, 4, 3, 14, 12, 16], [4, 9, 8], [24, 1, 5, 9, 18, 20, 2, 15], [8, 12, 11, 5, 6, 14], [12, 15, 18, 10, 16, 3, 7, 9], [8, 10, 5, 2, 7], [17, 6, 10, 12, 4, 19, 5], [23, 13, 19, 20, 4], [19, 21, 24, 7, 23, 3, 13, 15, 12, 17, 25], [22, 32, 43, 8, 38, 7, 37, 1, 10, 14]]
[[10, 13, 20, 17, 2, 1, 18, 6], [5, 8, 9, 10], [12, 19, 1, 14, 3], [13, 16, 17, 4, 2, 8, 1, 14, 9]]
[[13, 0, 9, 17], [4, 22, 15, 24, 0, 1], [9, 2, 0], [12, 5, 15, 8, 3], [8, 4, 0], [5, 3, 2], [9, 12, 15, 21, 2, 16, 20, 11, 13, 10, 17]]
[[0, 5, 10, 9, 4, 12, 6], [2, 6, 12, 7, 0, 8, 10], [4, 9, 1, 15, 7, 2, 10, 5], [0, 1, 7], [5, 11, 1, 10, 0, 9]]
[[4, 12, 5], [4], [3]]
[[13, 16, 1, 5, 8], [20, 1, 9, 17, 25], [7, 17, 1, 3, 5], [12, 23, 36, 39, 43, 3, 17, 19, 28], [8, 1, 6, 12, 22, 26, 4, 13, 3], [7, 11, 15, 1, 5]]
[[9, 13, 4, 8, 3, 7, 14], [13, 2, 0, 1, 4], [7, 13, 14, 12, 5, 0, 4], [8, 6, 11, 3, 9, 7, 4, 10], [6, 14, 3]]
[[4, 5, 3], [5, 8, 12, 15, 3, 6, 13, 11], [5, 11, 6], [3, 0, 9, 7, 8, 6, 10], [5, 12, 14, 1, 17]]
[[14, 19, 22, 30, 7, 23, 4, 9, 12], [0, 13, 3, 5], [15, 4, 6, 0, 7], [7, 9, 2, 12], [5, 12, 6, 0], [6, 8], [13, 12, 9, 15, 2]]
[[3, 7, 9, 12, 1], [0, 3, 11, 17, 1, 9], [14, 11, 3], [11, 15, 18, 3], [14, 4, 11, 17, 2, 8], [6, 0, 14, 4], [8, 15, 0, 6, 12, 20], [20, 34, 42, 7, 1, 35, 4]]
[[22, 5, 17, 24, 27, 0, 12, 25, 28, 4, 11, 15, 3], [26, 23, 5, 2, 24, 22, 1, 0, 28, 3, 27, 13], [13, 19, 24, 26, 11, 17, 22, 10, 16, 1, 6, 7], [4, 6, 16, 17, 2, 8, 11, 23, 25], [7, 14, 20, 10, 23, 0, 4], [11, 13, 19, 5, 0, 2, 3, 14]]
[[11, 10, 14, 6, 13, 5, 12, 9], [0, 7], [3, 13, 7], [9, 2, 5], [15, 11, 13, 16, 2]]
[[6, 16, 10, 14, 12, 3, 2, 11, 7, 9], [11, 1, 0], [21, 7, 10, 13, 16, 8, 11, 2], [12, 16, 1, 14, 17], [3, 12, 21, 0, 15, 2, 18, 10, 11, 4]]
[[4, 8, 11, 2, 9, 12], [14, 5, 8, 11, 3, 9], [10, 13, 14, 1, 2], [8, 1, 11, 13, 4, 9, 3], [7, 21, 29, 1, 13]]
[[2, 18, 11, 10, 15, 14, 17, 13, 16], [7, 10, 30, 3, 12, 1, 0, 9, 11, 14, 31, 4, 13], [13, 19, 15, 11, 12], [5, 11, 7, 13, 21, 0, 3]]
[[20, 23, 5, 7, 4, 8, 6, 3, 9], [3, 5, 11], [6, 16, 1, 11, 12, 18, 9, 17], [27, 2, 4, 8, 11, 15, 17, 22, 29, 0]]
[[1, 3], [4, 14], [2], [4, 7, 0], [16, 21, 26, 1, 17, 3, 6, 10], [5, 7, 11], [8, 5, 13]]
[[], [4, 0]]
[[9, 14, 3, 10], [11, 1], [9, 0, 1], [2, 4, 19, 0, 5], [8, 12, 5, 11, 19, 22, 0], [4, 17, 0], [12, 0, 17, 2, 6]]
[[5, 9, 3, 6, 2, 4], [2, 4, 11, 20, 5, 12, 16, 1, 0], [2, 10, 8, 13, 15], [8, 0, 1, 5, 6, 10, 12, 15], [11, 2, 6], [16, 26, 12, 2, 18, 21, 0, 14, 5, 13, 11]]
[[0, 6, 52, 57, 69, 53, 58, 70, 1, 29, 46, 55, 68, 51, 66, 67, 5, 56, 54, 61, 71, 3, 63], [14, 2, 4, 8, 11]]
[[5, 3, 6, 4], [12, 3, 6, 0, 7, 5, 4, 11], [9, 3, 12, 14, 6], [15, 24, 9, 12, 20, 2, 13, 21, 26, 1, 25]]
[[8, 14], [6, 8, 12, 11], [17, 3, 10, 5], [20, 12, 1], [28, 2, 19, 0, 10, 14, 4, 20], [6, 9, 7], [], [12, 10, 1, 0], [2, 8, 5, 10], [12, 3, 15, 1, 16], [4, 11], [18, 20]]
[[1, 4, 13], [0, 19, 16, 8, 4, 21], [4, 0, 11, 14, 1], [9, 13, 0, 6], [2, 7], [40, 13, 29, 39, 15, 32, 4, 21, 35, 42, 2], [4, 8, 1, 14, 18], [4, 10, 18, 12, 7]]
[[13, 7, 15, 17, 22, 18, 24, 6, 14, 5, 11], [15, 5, 1, 4], [8, 20, 9, 13], [3, 7, 11, 16, 14, 5, 4, 12]]
[[13, 15, 19, 1, 23, 24, 28, 2, 6, 17, 5, 7], [8, 2, 5, 12, 16], [3, 5]]
[[5, 13, 15, 10, 17, 4, 9], [8, 10, 2], [10, 4, 16, 21, 18, 14, 17], [6, 12, 15, 18, 1, 19], [5, 9, 1, 10, 13, 15], [3, 9, 14, 7]]
[[9, 18, 30, 34, 21, 23], [10, 16, 18, 0], [24, 0, 9, 11, 16, 3, 25, 29, 15], [9, 7, 13, 5, 3], [10, 1, 7], [16, 20, 7, 17]]
[[10, 13, 7, 12, 6, 11, 9, 17], [4, 10], [2, 6, 10, 0, 3, 5], [25, 32, 2, 6, 13, 15, 29, 3, 16, 22], [2, 10, 6, 7, 13, 1], [12, 18, 24, 26, 5, 21, 0, 3, 16, 2, 15, 13]]
[[1], [13, 5, 15, 18, 0, 3], [13, 7, 10, 2, 17, 8, 1], [6, 1, 2], [3, 0], [5, 6, 2, 17, 0, 3], [10, 3, 16, 19, 0, 4, 8], [10, 11, 21, 5, 6], [10, 2, 12, 0, 6, 15], [22, 13, 0, 8, 9, 19, 27, 28, 1, 4]]
[[25, 44, 47, 2, 37, 4, 10, 19, 23, 28, 34, 5, 11], [4], [8, 1, 10], [7, 9], [6, 2, 13, 0, 7], [9, 3, 5, 6, 13], [6, 2, 9, 13]]
[[0, 1, 13, 12, 11, 2], [21, 11, 13, 15, 20, 24, 0, 2], [2, 9, 4, 24, 25, 22, 6, 13, 0, 14, 3, 23], [7, 19, 10, 4, 13, 26]]
[[12, 6, 0, 3, 5, 2], [8, 15, 1], [7, 2, 22, 1, 18, 8], [3, 6], [3, 4], [8, 2, 11], [6, 10, 1], [7, 11, 14, 22, 3, 9, 0, 20, 1, 13, 17], [3]]
[[5, 1, 2, 12, 3], [7, 15, 4, 1, 11, 10], [6, 26, 18, 8, 11, 21, 9, 27, 20, 3, 19, 7], [9, 1, 3, 6], [11, 20, 0, 3]]
[[13, 10, 17, 3, 8, 11, 18, 2, 7, 6], [12, 4, 7, 2, 8, 1, 0], [0, 7, 10, 18, 1, 8], [11, 6, 13, 17, 0], [10, 15, 4, 18, 2], [3, 6, 8, 19, 10, 13, 16]]
[[17, 7, 11, 12, 0, 13, 10], [10, 0, 3, 6, 12], [7, 2, 5, 11], [16, 10, 3, 4]]
[[3, 6, 0, 4], [9, 3, 5, 11, 16, 4, 10, 2], [5, 2, 11, 3, 6], [13, 20, 2, 4, 11, 17, 0, 3, 9, 21, 15], [8, 6, 10, 16, 0]]
[[10, 12, 15, 0, 11, 3], [2, 6, 8, 11, 3], [2, 1, 4, 16, 18, 12, 19, 3, 11, 10], [9, 0, 6, 2, 5], [20, 5, 7, 9, 15, 0, 3]]
[[11, 16, 5, 17, 4, 6, 10, 19, 8], [16, 1, 5, 3, 7, 13, 23, 26], [11, 5, 7, 8, 13, 9, 20, 4, 22, 19, 12, 18], [14, 16, 18, 7, 10, 0, 8, 11, 19, 2, 17], [9, 2, 11, 6, 20, 23, 26]]
[[14, 32, 6, 10, 0, 3, 11, 29, 33, 2, 9, 19, 8, 15], [12, 16, 4], [10, 2, 7, 12], [18, 9, 1, 2, 0]]
[[5, 8, 11, 6, 12, 2, 10], [22, 1, 5, 0, 20, 23, 3, 2], [9, 11, 13, 2, 1], [15, 7, 11, 5, 8, 12, 0, 1, 10]]
[[18, 4, 5, 14, 20], [4, 1], [9, 18, 4, 11, 13, 16], [40, 42, 0, 37, 5, 3, 43, 34, 4, 30, 36, 41, 39, 6, 32, 38, 44], [23, 24, 3]]
[[13, 7, 4, 10, 11, 15], [5, 14, 2, 12], [20, 5, 11, 15, 24, 12, 23], [5], [7, 22, 9, 4, 12, 15, 19, 2]]
[[28, 19, 25, 13, 18, 0, 10, 15, 22, 33, 36, 39, 4, 11], [28, 35, 15, 38, 2, 4, 7, 14, 17], [7, 8, 10], [], [4, 6, 1, 13, 15, 22, 26, 28, 32, 36], [4, 0, 8, 18, 19], [3, 5, 8, 13, 21, 0, 6, 9, 22, 19, 18]]
[[5, 8, 11, 15, 0, 3], [5, 9, 24, 38, 2, 6, 10, 35, 8, 23, 41, 1, 0], [15, 23, 10, 13, 16, 19, 12], [6, 11, 13, 20, 16, 12, 14], [7, 15, 23, 31, 42, 49, 12, 16, 38, 41, 6, 19, 30, 40, 39, 45], [7, 26, 16, 18, 21, 15, 14, 22, 25, 17], [7, 18, 24, 12, 15, 6, 21, 14, 13], [8, 19, 26, 14, 16, 22, 23, 25, 20, 27, 17], [9, 22, 12, 15, 8, 19, 14], [17, 25, 13, 18, 21, 15, 14, 22, 24, 19], [6, 7, 4, 9]]
[[19, 9, 2, 7, 13, 1, 6, 5, 22], [11, 15, 24, 29, 2, 7, 22], [10, 24, 2, 5, 9, 1, 16], [7, 15, 0, 13, 14, 11, 18, 4]]
[[7, 13, 19, 4, 8, 3, 12], [3, 13, 1, 5, 2, 4, 14], [4, 6, 9, 10, 2, 3, 5, 7], [4, 0, 7, 2, 1], [6, 10, 8, 0, 11], [22, 1, 7, 18, 2, 11, 19, 23, 10, 3, 0], [7, 4, 13, 2], [9, 19, 23, 10, 7, 27, 3]]
[[9, 0, 10, 11, 1, 13], [5], [7, 13, 17, 19, 0, 10, 14, 20, 2, 1], [8, 14, 11, 16, 19]]
[[8, 10, 7], [21, 26, 3, 13, 16, 0, 11, 17], [8, 3, 5], [9, 2], [11, 18, 25, 5, 15, 20, 22, 3], [2, 6, 12, 7, 20, 22], [16, 5, 7, 3, 8, 11, 14], [12, 2, 11, 1], [13, 4, 6, 2, 7], [12, 16, 22, 8]]
[[0, 13, 1, 6, 8, 10], [9, 17, 0, 5, 7, 11], [13, 5]]
[[0, 6, 5, 1], [], [14, 1, 8, 10, 11, 18, 16, 23, 7, 0, 15, 2, 27]]
[[11, 2, 6, 8, 3, 13, 9], [1, 8, 9, 15, 25, 19, 18, 3, 14, 0, 13, 16, 22], [11, 0, 3, 2, 14], [10, 28, 2, 6, 23, 33, 15, 29, 4, 3, 7, 11, 12, 22]]
[[22, 5, 12, 4, 11, 3, 20, 23, 6], [7, 3, 12, 15], [5, 4, 2, 1], [10, 3, 1, 4], [5, 25, 38, 7, 11, 33, 40], [15, 8, 18, 0, 2, 20, 19, 9, 10], [6, 2, 1, 4, 10, 24, 3, 7, 0, 11, 12], [14, 8, 12, 18]]
[[10, 5, 20, 15, 21, 4, 19, 14, 11, 3, 9], [5, 2], [12, 5, 8, 14, 6, 9], [9, 0, 7, 11], [12, 21, 13, 15]]
[[11, 13, 16, 1, 3, 22, 8, 7, 12, 17, 19, 0], [8, 12, 2, 14, 20, 0, 4], [4, 0, 2, 7, 1], [18, 23, 32, 37, 45, 64, 73, 120, 90, 117, 6, 16, 47, 67, 78, 94, 121, 40, 49, 69, 80, 96, 2, 13], [8, 10, 0, 7, 6, 9], [6, 1, 10]]
[[21, 16, 4, 18, 23, 10, 24, 3, 9, 17, 2, 25], [12, 2, 7, 17, 20, 22, 3, 6, 1, 0], [6, 4, 8], [11, 17], [13, 3, 11], [13, 15, 0, 2, 11, 8], [19, 25, 1, 5, 10, 16, 2, 9, 23], [8, 1, 12, 3, 14], [3, 10, 17, 34, 5, 19, 25, 20, 26, 9, 23]]
[[12, 14, 2, 8, 0, 3, 9], [7, 2], [7, 2, 12, 9], [9, 10, 2, 12, 0, 5, 11], [2, 4, 9]]
[[2, 7, 1], [1, 3, 4], [0, 27, 6, 19, 14, 22], [2, 7, 11, 22, 26], [], [10, 16, 8, 3, 12], [4, 12, 25, 0, 2, 7, 9], [8, 0, 2, 4], [13, 18, 3, 9, 23, 21, 1, 16]]
[[8, 21, 26, 14, 23, 2, 1, 5, 6, 11], [0, 12, 20, 7], [7, 14, 18, 0, 11, 16, 3], [4, 8, 16, 7, 12, 14, 0, 2, 9], [16, 3, 8, 13, 0, 5, 4], [0, 8, 18, 3, 6, 15], [15, 0, 7, 9, 17, 13, 14, 1]]
[[27, 18, 23, 13, 16], [3, 6, 11], [19, 1, 11, 3, 5, 17, 13, 12, 2], [10, 16, 2, 12, 23], [2, 5, 12], [8, 20, 13, 4, 15, 18], [5, 13, 10], [7, 2, 17, 8, 10], [12, 14, 18, 20, 10]]
[[2, 9, 12, 7, 1, 6, 5], [5, 8, 9, 3, 14, 15], [8, 10, 1], [22, 1, 8, 4, 13, 16, 11], [23, 8, 1, 13, 17, 10, 2, 9, 7], [21, 7, 9, 15, 17, 19, 4, 14], [5, 15, 8, 13, 19, 20]]
[[11, 9, 13, 0, 3, 7], [9, 15, 28, 39, 47, 63, 12, 18, 23, 31, 33, 36, 38, 46], [6, 1, 7], [9, 2, 11, 1], [13, 1, 3, 7], [17, 24, 20, 1], [14, 2, 5, 11]]
[[8, 14, 1, 9, 11, 3], [12, 13, 5, 9, 15], [11], [8, 10, 2, 5], [7, 20, 2, 6, 11, 14, 3], [15, 9, 14, 0, 4, 3], [5, 9, 23, 3, 12, 15, 18, 0, 2], [10, 0, 8], [7, 8], [7, 10, 18, 14, 2, 11, 19], [17, 2, 4, 10, 19, 7, 20]]
[[19, 4, 22, 24, 27, 0, 18, 9, 25, 1, 7], [7, 9, 12, 16, 28, 35, 1, 8, 0, 3, 22, 33, 30, 31, 34, 24], [6, 20, 23, 26, 29, 8, 21, 7, 19, 0, 22, 25, 28, 30]]
[[22, 4, 14, 3, 21, 13, 18], [3, 0, 2], [2, 4, 8, 18, 20, 5, 9, 12], [12, 17, 5, 8], [15, 25, 20, 34, 9, 2], [7, 19, 1, 3, 14], [7, 3, 9, 12, 14, 20], [14, 18, 2, 12], [10, 14, 8, 18, 22, 20, 5]]
[[1, 3, 6], [6, 12, 19, 9, 4, 14, 11], [8], [14, 18, 11, 13, 2, 20, 12], [1], [8, 10, 4, 6], [6, 7], [20, 6, 8, 11, 16, 18], [0], [6, 12, 22, 4, 10, 17, 18, 8], [10, 13, 11, 3]]
[[9, 16, 2, 14, 7, 19, 5], [5, 0, 7, 8], [2, 8, 17, 0, 6, 14, 5], [5, 2, 12], [0, 6, 3, 17, 16, 5], [8, 16, 0, 10, 1, 20, 7, 19], [4, 0, 3, 9, 12], [9, 18, 5, 11, 20, 0, 6], [6, 0, 9]]
[[6, 16, 21, 11, 17, 22, 5], [1], [13, 3, 8, 10, 16, 0, 17, 19], [9, 0, 3, 7], [0, 13, 19, 21, 23, 8, 14, 3], [14, 13, 6, 11, 5]]
[[17, 9, 4, 11, 14, 12, 2], [10, 15, 21, 1, 19, 4], [4, 37, 2, 38, 42, 41, 20, 1, 0, 5, 46, 13, 43], [6, 3], [2, 1, 4], [4, 18, 0, 11, 1], [], [6, 2, 3], [2], [23, 31, 0, 26, 32, 10], [3, 0, 5], [0, 7, 13, 17, 19, 22], [12, 4, 13, 1, 16, 10, 0], [4], [], [11, 13, 7, 2], [6, 1, 4, 3]]
[[9, 4, 6, 12, 14, 2, 7], [5, 2, 1, 14], [4, 16, 5, 8, 10], [14, 1, 7, 4, 0, 16], [6, 2, 4, 18, 19, 25, 0, 9], [8, 3, 5, 6]]
[[7, 13, 4, 8, 14, 3, 9, 12], [6], [3, 20, 6, 9, 13, 15, 11, 4, 5], [19, 33, 38, 3, 14, 26, 31, 35, 40, 1, 7, 23, 13, 22, 0, 20, 34, 39, 36], [8, 11, 14, 19, 17, 16, 4, 2, 5]]
[[5, 7, 0, 6], [13, 8, 9, 20, 19, 11, 24], [2, 4, 10, 14, 20, 18, 25, 17, 3], [14, 6, 9, 16]]
[[14, 5, 10, 0, 3], [20, 5, 10, 0, 11, 7, 13], [20, 1, 9, 12, 18], [19, 32, 21, 0, 3, 10, 15, 23]]
[[9, 10, 12, 20, 18, 3, 16, 17], [15, 0, 4, 3, 1], [11, 8, 1, 13], [21, 12, 16, 0, 8, 11], [8, 15, 22, 41, 2]]
[[8, 20, 12, 2, 10, 1, 7, 6, 9], [3, 15, 7, 9], [3, 14, 18, 5, 10, 12, 15], [9, 21, 2, 4, 13, 24, 0, 17, 3, 5, 18, 19, 20], [10, 19, 5, 16, 13]]
[[12, 20, 9, 13, 17, 8, 19, 11, 15, 21], [7, 10, 5, 13, 3, 14, 1, 11, 0], [1, 5, 11, 3, 15, 17], [10, 2, 4, 12, 0, 5, 13], [15, 2, 4, 0, 9, 13], [9, 0, 10, 14, 1, 3], [10, 5, 6, 3]]
[[8, 11, 14, 16, 21, 24, 2, 17], [12, 4, 7, 5, 1, 0], [16, 0, 8, 12, 14, 17, 5, 18], [4, 7, 10, 17, 5, 8], [3, 0, 6, 7, 18], [16, 5, 13, 17, 19, 0], [16, 6, 9, 18, 4, 7, 3, 17], [4, 7, 9, 5, 1], [12, 14], [5, 17, 20, 4, 18], [15, 0, 2, 5, 17, 20, 18, 21], [14, 7, 12, 17]]
[[14, 11, 13, 18, 10, 7, 21, 17], [4, 1, 3], [23, 26, 33, 9, 17, 29, 0]]
[[20, 10, 14, 7, 9, 6, 22, 8], [1, 4], [5, 6, 12, 8], [12, 1, 3, 10, 14, 17], [10, 20, 3, 2, 7, 0]]
[[10, 5, 7, 12, 15], [9, 1, 3, 7, 19, 22, 4, 2, 10, 0, 23], [8, 9, 6, 13, 4, 0], [5, 1, 3], [0, 5], [1, 14, 7, 10, 13, 2], [2, 8, 4, 9], [2, 15, 6, 13, 19, 1, 12, 3], [8, 11, 2, 15, 18, 12, 16, 3, 17], [4, 6, 9, 10, 1], [20, 3, 6, 14, 1, 10, 0, 9]]
[[6, 3, 2, 7], [12, 1, 3, 7, 18, 2, 13, 14, 0], [21, 2, 6, 7, 11, 32, 12, 5, 30, 31, 8, 13, 33, 18, 27], [9, 12, 21, 1]]
[[12, 14, 10, 17, 3, 15, 2, 13], [3, 4], [14, 12, 11], [4, 18, 12, 2, 22, 0]]
[[21, 7, 3, 9, 12, 15, 1, 10], [10, 1, 4], [5, 0, 8, 1, 6, 4, 13], [27, 3, 11, 17, 25, 9, 18, 28, 30], [9, 1, 4, 14, 17, 3], [13, 14, 17, 2, 4, 16], [5, 3, 11, 16]]
[[25, 0, 22, 19, 23, 27, 30, 31, 14, 29, 16, 26, 17, 18], [11, 1, 8], [1, 4], [0, 3, 10, 2], [9, 26, 16, 20, 22, 31, 35, 38, 42], [5, 8, 10, 20], [17, 5, 12, 6, 9], [2, 6, 1, 0]]
[[10, 14, 17, 20, 25, 0, 3, 18, 7, 6, 15], [7, 3, 14, 22, 25, 0, 12, 18, 23], [13, 23, 11, 17, 18, 20, 5, 9, 15, 4], [4, 17, 1, 7, 14, 20, 2, 5, 8, 11]]
[[5, 13, 4, 16, 12, 3, 15, 10, 14], [4, 0, 5, 3], [14, 1, 6], [11, 16, 19, 6, 1], [14, 2, 11, 1, 9], [5, 7, 2, 13, 16, 19, 23, 26]]
[[2, 11, 15, 18, 0, 5], [8, 18, 3, 10, 11, 14, 24, 27, 22, 30, 33, 1], [16, 21, 28, 3, 12, 26, 0, 7]]
[[10, 22, 4, 15, 18, 3, 14, 13, 16, 17], [14, 3, 16, 12, 17, 21, 15, 1, 0, 13], [13, 11, 15, 17, 20, 2, 21, 12, 1, 14], [8, 21, 0, 6, 13, 15, 23, 27, 16, 24, 12, 5], [1]]
[[7, 4, 2, 8, 6, 1], [8, 18, 11, 14, 2, 1, 7], [15, 2, 11, 17, 10], [10, 2, 16, 12, 7]]
[[8, 10, 3, 2, 11, 4], [2, 1, 6, 0, 5], [0, 5, 14, 18, 3, 12, 11, 10, 13], [1, 4, 14, 15, 0, 7, 6], [10, 12, 18, 1, 5, 9, 0, 8, 13], [1, 4, 8, 11, 16, 18, 9, 7, 15, 14]]
[[7, 9, 2, 1, 8, 6], [16, 29, 1, 5, 9, 20, 6, 21, 25], [19, 23, 6, 11, 13, 16, 9, 3, 0, 10], [8, 15, 4, 2, 12], [4, 8], [8, 16, 10, 3, 6, 2, 1, 0, 9, 17]]
[[5, 7, 0, 6], [8, 9, 11, 1, 3, 2, 0], [15, 2, 9, 11, 0, 12, 3, 8], [18, 6, 15, 2, 12, 1, 11, 0], [14, 6, 0, 8, 11, 18, 25, 7, 19, 20]]
[[7, 0, 4, 8, 6, 3], [6, 10, 19, 11, 4, 9, 2, 1, 12], [17, 2, 0, 3, 14, 23, 29, 13, 28], [2, 9, 13, 16], [2, 8, 13], [], [6], []]
[[5, 7, 10, 1], [3, 11, 14, 8], [4, 6, 14, 0, 12], [1, 2, 11], [13, 4, 14, 5, 15, 6], [4, 11, 14, 8, 12], [13, 2, 3, 4, 6], [10, 3, 8], [17, 4, 6, 12, 5, 9], [7], [5, 8, 10, 3], [18, 7, 12, 1]]
[[7, 13, 17, 2, 14, 18, 16], [11, 1, 4], [7, 16, 9, 5, 11, 14], [0, 18, 5, 8, 14], [5, 19, 7, 21, 10, 26, 0, 3, 14, 2], [15, 2, 5, 6, 8, 11, 13], [22, 10, 13, 0, 6, 16, 1, 4], [1, 3, 6, 2, 10, 16], [7, 18, 22, 15, 14, 3, 10, 17]]
[[0, 4, 3, 10], [8, 10], [6, 10, 1, 3, 5, 14], [6, 14, 31, 21, 9, 11, 26, 28, 0, 2, 16]]
[[21, 19, 6, 10, 14, 5, 9], [18, 23, 10, 12, 1, 15], [2, 1], [11, 1, 0, 13, 3], [0, 2, 14, 19, 1, 17], [15, 18, 3, 1, 5, 9], [5, 16, 18, 10, 13], [15, 11, 5, 3, 13], [2, 11, 7, 5]]
[[19, 23, 29, 0, 8, 10, 25, 31, 34, 3], [7, 2], [6, 17, 4, 11, 0], [10, 15, 23, 1, 4, 8, 20], [5, 18, 16, 10, 15, 1], [14, 31, 17, 15, 0, 9, 11, 24, 1, 5], [3, 6, 11, 16, 24, 7, 12], [21, 13, 15, 5, 9, 11]]
[[6, 10, 2, 7, 5, 1, 9], [6, 30, 10, 17, 20, 2, 8, 18, 21, 1, 16, 0, 7, 22], [4], [11, 2, 6, 1, 3], [13, 2, 11], [0, 17, 22, 23, 12, 5, 7, 15, 27], [20, 0, 6, 14, 17, 3, 7], [12, 5, 10, 14, 6, 0], [4, 9, 0], [5, 10, 22, 14, 20, 25, 13, 23, 8, 0, 11]]
[[11, 9, 0, 5, 4, 3, 6], [3, 12, 1, 5, 9, 10], [19, 1, 3, 13, 16, 4, 17, 2], [23, 5, 10, 3, 14, 0, 17]]
[[9, 16, 11, 18, 13], [0, 10, 3, 6], [6, 11], [8, 6, 2], [11, 6, 1, 2]]
[[13, 14, 3, 7, 17, 20, 23, 21, 2, 15, 16, 18], [7, 22, 9, 13, 18, 10, 19, 25, 1, 8, 0, 6], [6, 5, 8, 11, 16, 19, 24, 14, 1, 23], [9, 5, 14, 16, 6, 17, 11, 1, 10, 13], [19, 1, 3, 8, 7, 15, 2, 10], [8, 1, 5, 11, 14], [7, 0, 5, 9, 13, 1], [6, 3, 2, 1, 0], [4, 11, 2]]
[[18, 3, 7, 21, 0], [3, 7, 10], [5, 6, 0, 12, 13, 15, 7, 9, 8], [15, 9, 14, 29], [11, 16, 4, 1, 9]]
