0.9705751538276672
0.990166425704956
0.8780431747436523
0.9557300209999084
0.9731166362762451
0.9881492853164673
0.9428089261054993
0.9735937118530273
0.9887531995773315
0.9657997488975525
0.9484187960624695
0.9678207039833069
0.9157907366752625
0.9880520701408386
0.955181896686554
0.969687283039093
0.9831268787384033
0.9812197685241699
0.9516653418540955
0.963735818862915
0.936762273311615
0.9805518984794617
0.9638063907623291
0.9611775279045105
0.937856912612915
0.9453356266021729
0.9876365661621094
0.9565666317939758
0.97532057762146
0.9779379367828369
0.9684792757034302
0.9809191823005676
0.9406091570854187
0.9726869463920593
0.9638400077819824
0.9814704656600952
0.9707760214805603
0.9835695624351501
0.9719080328941345
0.9576475620269775
0.9737365245819092
0.9786866903305054
0.9384548664093018
0.970933198928833
0.938685953617096
0.9683001041412354
0.9781127572059631
0.9578922986984253
0.9740062355995178
0.9898349642753601
0.9669070243835449
0.978043258190155
0.9605451226234436
0.9818601012229919
0.9331548810005188
0.975472629070282
0.9449739456176758
0.9781450033187866
0.8699093461036682
0.9496513605117798
0.9845932722091675
0.9759127497673035
0.9332432150840759
0.9872886538505554
0.9601431488990784
0.976570725440979
0.9671887159347534
0.9820890426635742
0.9528574347496033
0.9660405516624451
0.9844245314598083
0.9713748097419739
0.9764530658721924
0.9897104501724243
0.9800049066543579
0.9942729473114014
0.8765026926994324
0.9817483425140381
0.9706404209136963
0.9634250402450562
0.939848005771637
0.9744105339050293
0.9575368762016296
0.9563319683074951
0.984622597694397
0.9698623418807983
0.794453501701355
0.9761195778846741
0.879633903503418
0.9697504043579102
0.9684157967567444
0.9890207052230835
0.9875015616416931
0.9633076190948486
0.9139197468757629
0.9756606817245483
0.9610835909843445
0.9671204686164856
0.9532360434532166
0.9735286831855774
0.9691144824028015
0.8804835081100464
0.96115642786026
0.980190098285675
0.9924399852752686
0.9823302030563354
0.957205057144165
0.9589717388153076
0.9835548400878906
0.9748217463493347
0.9817429780960083
0.9874954223632812
0.8829309344291687
0.9824879169464111
0.6976678967475891
0.9750232100486755
0.9782871007919312
0.9904108047485352
0.9844425320625305
0.9641096591949463
0.9338897466659546
0.9875668287277222
0.9729524254798889
0.9925007224082947
0.9774724841117859
0.9651941061019897
0.9697529673576355
0.9667646884918213
0.9592922329902649
0.980762779712677
0.8910314440727234
0.9808210134506226
0.9616721272468567
0.9847444891929626
0.9586635231971741
0.9641420245170593
0.9517085552215576
0.9826061129570007
0.9169156551361084
0.9876333475112915
0.943271815776825
0.9695054292678833
0.9822530150413513
0.9768909215927124
0.8846339583396912
0.9602373838424683
0.8267470598220825
0.9885823726654053
0.9682924747467041
0.9409481883049011
0.9371479749679565
0.9409690499305725
0.9582745432853699
0.960381031036377
0.9623652696609497
0.9468764662742615
0.9617306590080261
0.9702391624450684
0.9405601024627686
0.9772529006004333
0.9387106895446777
0.9868507385253906
0.9735059142112732
0.9514095187187195
0.9186257719993591
0.9681088924407959
0.9729775786399841
0.9757724404335022
0.9679977297782898
0.9914609789848328
0.9543416500091553
0.9769833087921143
0.9680867791175842
0.8999992609024048
0.9678923487663269
0.9887188673019409
0.943417489528656
0.9867178797721863
0.9896551370620728
0.9837539196014404
0.9611164927482605
0.9850814938545227
0.9754001498222351
0.9689145684242249
0.9523467421531677
0.9889830946922302
0.961727499961853
0.9606301188468933
0.9748370051383972
0.9821985960006714
0.9656835198402405
0.9549676775932312
0.973286509513855
0.9609466791152954
0.9594497680664062
0.9796145558357239
0.9564380645751953
0.98052978515625
0.9343118667602539
0.9793245196342468
