[[9, 12, 7, 16, 18, 0, 5, 19, 22, 21, 15, 4, 13, 10], [12, 14, 22, 2, 7, 10, 18, 0, 3, 8, 15, 19, 23, 13], [7, 14, 0, 11, 15, 19, 3, 12, 16, 9, 8, 1, 17], [9, 14, 3, 26, 0, 11, 17, 23, 28, 12, 18, 21, 24, 5, 27, 29], [11, 2, 19, 14, 3, 6, 12, 16, 20, 9], [15, 18, 7, 8, 2, 11, 0, 3, 21, 10], [22, 34, 7, 36, 15, 24, 10, 18, 27, 31, 8, 11]]
[[2, 4, 8, 12, 5, 3, 7, 13, 6], [8, 3, 11, 13, 15, 1], [9, 10, 5, 13, 14, 2, 15, 1, 11, 12, 3], [11, 20, 1, 12, 4, 6, 14, 22, 25, 7, 23, 3]]
[[48, 12, 14, 0, 9, 17, 33, 37, 43, 52, 1, 7, 18, 38, 32, 13, 8, 39, 5, 21, 41, 19], [32, 61, 72, 9, 12, 0, 4, 20, 25, 35, 44, 53, 54, 7, 21, 26, 33, 42, 51, 62, 73, 80, 11, 10, 18, 17, 77, 8, 5, 24, 22, 63, 82, 84]]
[[10, 9, 6, 12, 13, 18, 3, 11], [9, 3, 1, 4, 2, 0], [8, 19, 1, 10, 3, 9, 12, 16], [14, 3, 6, 18, 11, 19, 5, 4, 10, 15, 2, 16], [18, 8, 0, 3, 7, 9, 12, 5, 10, 19], [17, 25, 5, 3, 7, 10, 14, 6, 4, 22, 2, 8, 13, 23], [18, 11, 13, 22, 23, 6, 15, 1, 5, 14], [14, 11, 18, 26, 2, 19, 21, 24]]
[[12, 3, 6, 4, 15, 2, 9, 8, 13, 10, 17], [12, 33, 40, 46, 51, 2, 13, 5, 9, 20, 28, 31, 53, 0, 6, 18, 42, 3, 24, 17, 54, 22, 23, 47, 14, 25, 41, 48, 52, 26, 55, 15, 10, 7], [14, 25, 22, 18, 10, 3, 7, 21, 1, 6, 2, 15, 19, 20], [9, 14, 20, 2, 6, 3, 1, 19, 0, 10]]
[[10, 4, 13, 22, 3, 12, 2, 11, 5, 7, 23], [3, 7, 8, 6, 1, 0, 9, 10], [2, 6, 12, 19, 4, 9, 13, 17, 1, 16, 3, 15], [16, 1, 7, 10, 5, 2, 4, 17, 19], [6, 9, 20, 15, 21, 10]]
[[14, 11, 5, 7, 17, 0, 3, 8, 13, 2, 12, 10], [9, 5, 14, 16, 3, 12, 17, 8, 11, 1], [8, 15, 23, 1, 17, 6, 12, 3, 9, 19], [15, 44, 17, 26, 35, 6, 10, 23, 29, 32, 42, 0, 7, 21, 30, 33, 36, 40], [8, 15, 1, 13, 17, 6, 11, 18, 5, 3]]
[[10, 15, 7, 12, 2, 13, 1, 9, 8, 11], [7, 0, 12, 14, 17, 21, 1, 4, 18, 10, 19, 13, 23, 5], [8, 11, 0, 2, 6, 12], [16, 4, 6, 9, 7, 5, 18, 17], [18, 3, 8, 15, 0, 4, 2, 6, 14, 16, 9], [13, 5, 0, 17, 1, 19], [8, 14, 28, 10, 17, 0, 5, 24, 15, 20, 3, 25, 11, 18, 26, 1, 6, 21], [11, 15, 4, 6, 9, 18, 24, 2, 7, 16, 21, 25, 5, 0], [16, 17, 20, 9, 7, 10, 6, 0, 18, 19, 13]]
[[11, 16, 5, 12, 4, 10, 9, 8, 14, 17, 15], [12, 18, 13, 9, 15, 2, 10, 1], [10, 9, 11, 16, 6, 18, 21, 0, 3, 19, 22, 12], [30, 4, 23, 17, 11, 13, 19, 26, 34, 8, 14, 20, 7, 25]]
[[21, 9, 16, 5, 11, 3, 2, 10, 17, 19, 22, 8], [15, 23, 7, 9, 2, 1, 6, 5, 10, 11, 16, 3], [7, 16, 19, 2, 9, 13, 0, 3, 14, 17], [4, 9, 6, 0, 12, 2], [14, 4, 7, 19, 17, 2, 0, 3], [7, 9, 22, 1, 4, 13, 17, 5, 11, 3, 2, 10, 0, 16], [14, 17, 6, 3, 9, 15, 0, 2, 8, 7], [0, 14, 18, 4, 7, 21, 1, 20], [19, 11, 5, 13, 3, 7]]
[[7, 17, 15, 22, 11, 10, 18, 13, 21, 14, 16], [15, 17, 1, 10, 21, 6, 2, 9], [17, 22, 2, 4, 7, 12, 25, 30, 0, 5, 31, 3, 26, 20, 23, 8], [21, 8, 9, 3, 12, 14, 4, 1, 19, 10, 7, 18], [7, 4, 0, 8, 3, 16, 11, 15, 5, 10], [12, 17, 0, 8, 3, 23, 2, 11], [2, 4, 8, 0, 3, 5, 6, 9], [9, 1, 5, 13, 3, 11], [5, 14, 15, 29, 20, 23, 33, 8, 16, 21, 31, 34, 1, 7], [9, 1, 5, 10, 3, 2, 0, 6], [11, 15, 24, 35, 6, 26, 31, 2, 36, 10, 19, 1, 7, 9, 29, 5], [22, 1, 26, 19, 20, 16, 2, 27, 15, 30, 0, 23, 25, 24, 17, 18, 21, 28]]
[[2, 10, 4, 7, 16, 5, 14, 3, 13, 11, 19], [0, 7, 9, 15, 20, 5, 10, 13, 17, 4, 16, 1, 11, 18], [12, 4, 6, 8, 15, 9, 16, 3], [7, 14, 0, 11, 12, 10, 16, 15, 8], [1, 3, 12, 4, 13, 2, 6, 0], [10, 22, 8, 17, 20, 18, 2, 14, 1, 15, 16, 13, 3, 4, 5], [30, 1, 18, 21, 15, 4, 16, 11, 3, 20, 25, 2, 19, 14, 6, 10], [9, 26, 6, 12, 15, 23, 29, 4, 7, 16, 24, 27, 30, 3, 20, 19, 10, 25, 8, 13]]
[[5, 11, 3, 10, 2, 9, 8, 12], [4, 17, 9, 12, 2, 1, 7, 0, 6, 10, 18], [5, 10, 15, 2, 11, 1, 17, 6, 7, 16], [4, 9, 12, 6, 19, 16, 20, 1, 2, 0, 5, 15]]
[[13, 19, 10, 2, 8, 1, 7, 6, 14, 3, 11], [3, 10, 22, 6, 1, 2, 5, 8, 0, 24, 12], [10, 13, 30, 37, 2, 4, 7, 18, 0, 16, 3, 39, 35, 14, 15, 25, 5, 40, 19, 24, 31, 41, 22], [15, 26, 0, 2, 12, 19, 10, 31, 9, 33, 8, 16, 24, 28, 3, 21, 13, 34, 35]]
[[15, 8, 11, 3, 6, 2, 12, 13, 4, 9], [8, 17, 5, 2, 1, 13, 11, 0, 10, 14, 3], [6, 2, 7, 4], [6, 9, 2, 10, 1, 3, 7, 0, 8, 4], [21, 23, 4, 10, 15, 27, 30, 8, 11, 28, 31, 25, 1, 19, 7, 0, 22, 5, 3]]
[[4, 10, 13, 11, 3, 5, 12, 14], [9, 10, 14, 17, 0, 12, 2, 5, 7, 11], [9, 6, 0, 1, 13, 15, 18, 20, 2, 11, 16, 7, 10], [1, 3, 12, 2, 11, 9, 17, 10, 0, 13, 16], [12, 26, 6, 14, 16, 18, 19, 2, 9, 21, 24, 0, 23, 8], [11, 16, 4, 2, 6, 7], [11, 19, 16, 7, 21, 4, 8, 22, 3, 17, 18, 14]]
[[15, 7, 12, 21, 0, 3, 13, 19, 18, 2, 8, 24, 10, 16], [9, 16, 1, 3, 7, 12, 4, 11], [0, 21, 1, 5, 8, 11, 15, 2, 3, 9, 12], [13, 22, 9, 15, 2, 7, 10, 1, 6, 16, 14, 19], [13, 3, 6, 10, 17, 0, 4, 8, 14, 16, 2, 7], [19, 25, 11, 21, 5, 8, 14, 6, 9, 15]]
[[6, 8, 14, 3, 9, 13, 7, 10, 15], [11, 14, 16, 19, 5, 8, 22, 0, 2, 6], [18, 3, 24, 5, 8, 12, 22, 34, 19, 28, 35, 4, 27, 21, 25, 6, 20, 31, 29], [12, 16, 27, 18, 3, 8, 21, 23, 30, 5, 9, 24, 31, 4, 19, 25]]
[[0, 1, 9, 11, 7, 6], [8, 4, 14, 26, 2, 5, 19, 18, 1, 9, 29, 24, 0, 7, 15, 28, 20, 27], [11, 22, 3, 5, 8, 13, 26, 28, 6, 14], [2, 10, 7, 11, 15, 6, 14, 3, 8], [14, 3, 5, 17, 6, 1, 8, 10, 0, 12, 2], [23, 12, 16, 3, 25, 27, 19, 11, 14, 13, 21, 4, 29, 26, 28, 15], [4, 6, 2, 8, 0, 9], [2, 8, 6, 3, 10, 9], [11, 5, 14, 7, 1, 6, 16, 2, 3, 8, 15], [2, 8, 6, 3, 9], [12, 18, 0, 16, 3, 14, 6, 5, 13, 7, 1], [2, 8, 6, 11, 9, 3, 10], [15, 3, 5, 8, 20, 22, 6, 17, 1, 0], [2, 10, 6, 3, 12, 11], [2, 7, 0, 3], [6, 12, 10, 14, 0, 2, 13, 7, 8, 4], [8, 15, 10, 13, 5, 11, 4, 1, 14, 0]]
[[5, 10, 2, 11, 9, 1, 3, 6], [24, 38, 1, 25, 4, 16, 12, 21, 30, 34, 19, 22, 33, 15, 2, 18, 26, 32, 3, 29, 17, 27, 0, 13, 31, 20], [0, 10, 1, 11, 5, 7], [15, 2, 0, 8, 11, 19, 21, 12, 3, 6, 18, 17, 1, 9], [7, 16, 5, 12, 13, 0, 2, 3, 8, 6], [9, 23, 15, 13, 6, 18, 20, 3, 17, 1, 2, 16, 14, 5], [16, 9, 24, 5, 7, 23, 11, 14, 20, 27], [0, 16, 12, 9, 5, 18, 3, 10]]
[[4, 6, 12, 0], [5, 0, 11, 13, 2, 12, 1, 10, 6, 7], [11, 13, 7, 17, 4, 8, 18, 3, 12, 14, 5, 15], [1, 3]]
[[3, 6, 11, 13, 18, 4, 2, 10, 9, 14, 17, 19], [8, 13, 16, 3, 11, 17, 2, 14, 9, 4, 18], [12, 19, 1, 7, 16, 17, 21, 2, 20, 0, 18, 3, 4, 6], [8, 25, 2, 17, 5, 21, 22, 28, 4, 18, 3, 11, 9, 12, 20], [19, 2, 1, 7, 10, 5, 4, 3, 17, 21, 0, 15], [15, 16, 10, 7, 8, 1, 18, 11, 17, 14, 23, 22], [2, 15, 5, 7, 17, 18, 4, 16, 11, 3, 10, 12]]
[[20, 21, 3, 6, 12, 16, 23, 0, 7, 13, 17, 24], [13, 2, 6, 9, 16, 0, 4, 14, 17, 3, 7, 10], [13, 20, 6, 18, 4, 7, 23, 3, 2, 14, 22, 15, 16, 0], [8, 11, 5, 14, 16, 3, 1, 2], [18, 33, 3, 7, 27, 0, 9, 22, 23, 24, 2, 35, 25, 8, 1, 26], [16, 25, 7, 9, 5, 12, 19, 28, 30, 2, 10, 17, 20, 26, 8, 0, 31, 3, 13, 14]]
[[30, 9, 13, 17, 24, 34, 36, 6, 19, 37, 8, 5, 21, 28, 32, 22, 18, 26, 35, 39, 25, 31], [7, 21, 29, 25, 10, 13, 18, 0, 3, 19, 22, 27, 30, 26], [5, 7, 11, 15, 8, 12, 6, 10, 14, 9], [12, 38, 2, 25, 30, 32, 44, 9, 26, 33, 42, 45, 8, 18, 21, 29, 31, 37, 24, 41, 39, 17, 20, 28, 13, 43], [2, 8, 11, 18, 4, 22, 0, 9, 23, 7, 3, 13, 21, 20], [5, 8, 17, 6, 13, 2]]
[[8, 7, 4, 10, 12, 2, 9, 6], [18, 1, 4, 7, 11, 8, 14, 3, 2, 0, 5], [7, 10, 13, 8, 2, 6, 11, 5], [9, 11, 12, 1, 10, 0], [5, 11, 16, 12, 8, 0], [8, 9, 12, 15, 18, 2, 13, 19], [14, 18, 1, 10, 19, 34, 12, 29, 36, 26, 28, 3, 11, 35]]
[[6, 18, 12, 14, 4, 15, 3, 10, 9, 7, 5, 16, 17, 19, 20], [9, 12, 1, 3, 7, 15], [30, 11, 5, 6, 15, 18, 23, 0, 7, 16, 19, 13, 4, 3, 12, 25], [5, 0, 9, 6, 12, 14, 10, 7, 16], [20, 26, 5, 7, 13, 29, 33, 0, 3, 8, 27, 30, 2, 24, 25, 28, 6, 32, 9, 10, 31], [7, 14, 19, 5, 8, 12, 20, 4, 17, 3, 16, 9, 18], [18, 0, 2, 11, 21, 25, 9, 12, 19, 22, 8, 16, 17, 13, 23], [0, 4, 6, 10, 13, 20, 7, 11, 14, 18, 1, 2], [11, 17, 29, 8, 14, 23, 26, 6, 20, 24, 5, 0, 18, 12, 19, 9, 10, 21]]
[[0, 1, 10, 14, 15, 8, 17, 18, 9, 16], [6, 7, 0, 3, 10, 2], [21, 11, 5, 8, 13, 2, 6, 1, 12, 10, 14, 3, 15, 18, 22]]
[[15, 18, 17, 9, 0, 4, 7, 10, 3, 19, 6, 5], [12, 1, 4, 9], [8, 14, 23, 5, 20, 2, 6, 16, 21, 1], [3, 0, 10, 6, 1, 2], [8, 13, 20, 16, 0, 10, 22, 6, 11, 18, 5, 17], [66, 9, 31, 4, 11, 27, 33, 34, 53, 59, 63, 2, 6, 25, 28, 35, 48, 54, 60, 64, 52, 0, 23, 58, 10, 32, 3, 26, 30, 51, 44, 67, 5, 56, 61, 47], [3, 7, 0, 8, 6, 9, 10], [], [2, 5]]
[[5, 19, 1, 3, 8, 9, 12, 2, 6, 17, 4], [36, 4, 0, 6, 7, 12, 5, 3, 37, 1, 8, 9, 10], [22, 5, 4, 0, 7, 10, 19, 9, 6], [13, 33, 5, 0, 7, 17, 1, 14, 16, 6, 15, 4, 2], [3, 6, 13, 17, 14, 18, 5, 11, 0, 4]]
[[22, 8, 10, 0, 4, 11, 3, 9, 7, 6, 1, 5], [27, 30, 8, 1, 4, 20, 33, 2, 5, 17, 34, 32, 9, 16, 31, 15], [14, 3, 0, 4, 6, 1, 5], [12, 6, 8, 9, 7, 11], [7, 11, 20, 2, 14, 1], [16, 21, 12, 20, 23, 7, 17, 6], [6, 8, 14, 19, 3, 9, 16, 7], [6, 8, 14, 17, 3, 9, 18, 7], [20, 7, 9, 5, 13, 8, 6, 4, 11, 0, 1, 10], [16, 19, 7, 10, 17, 21, 25, 8]]
[[11, 4, 9, 3, 10, 20, 8], [9, 10, 3, 15, 26, 4, 12, 19, 25, 1, 20, 0, 11, 22], [7, 2, 5, 16, 23, 13, 4, 15, 3, 18, 19, 20, 14, 17, 9, 8], [20, 5, 7, 11, 14, 18, 0, 3, 12, 10, 2, 6, 8], [6, 19, 3, 14, 12, 1], [6, 23, 2, 13, 18, 0, 3, 10, 14, 9, 5, 26, 21, 19, 27, 11, 15, 24], [10, 13, 24, 7, 19, 26, 27, 4, 8, 16, 3, 14, 15, 5, 17, 20]]
[[4, 13, 16, 10, 0, 5, 6, 14, 11, 2], [13, 8, 10, 16, 4, 3, 7, 6], [9, 23, 1, 27, 28, 5, 22, 6], []]
[[22, 17, 8, 11, 13, 20, 24, 5, 14, 25, 23, 1, 4, 0], [12, 3, 6, 25, 29, 18, 30, 21, 17, 20, 0, 22, 19, 26, 28, 5, 27], [1, 3, 9, 10], [13, 21, 4, 8, 16, 19, 5, 9, 17, 1]]
[[22, 11, 13, 4, 20, 3, 12, 10, 14, 5, 6, 21], [18, 7, 11, 0, 5, 4, 16, 19, 8], [14, 2, 4, 7, 3, 15, 10, 0, 6, 5], [8, 15, 23, 3, 18, 5, 21, 4, 19, 11, 20, 6, 16, 7, 9, 12, 24], [1, 6, 3, 0, 2, 4]]
[[8, 4, 10, 13, 16, 2, 11, 1, 9, 18, 17, 7], [11, 0, 5, 17, 12, 1], [5, 3, 14, 17, 7, 0, 11, 10, 16, 4], [5, 0, 9, 3, 6, 8, 10], [7, 9, 12, 15, 2, 10, 16, 23, 22, 14, 1, 8, 20, 21, 6, 3], [1, 14, 11, 4, 7, 16, 5, 12], [5, 14, 0, 7, 15, 3, 11, 12], [16, 25, 1, 9, 11, 8, 18, 3, 22, 6, 23, 2, 10, 17, 19, 26, 20], [8, 20, 2, 9, 4, 13, 18, 5, 16, 3, 15, 12]]
[[9, 13, 4, 10, 14, 3, 8, 7, 12], [4, 10, 2, 14, 18, 0, 6, 3, 5, 13, 17], [13, 19, 2, 4, 7, 16, 33, 0, 9, 24, 29, 23, 3, 28, 5, 11, 17, 30, 31], [9, 23, 31, 15, 5, 11, 20, 33, 38, 0, 6, 18, 21, 24, 34, 30, 2, 16, 29, 17, 32, 19, 25, 4]]
[[15, 17, 22, 6, 5, 14, 8, 13, 23, 7, 10, 21], [6, 3, 0, 2, 8, 7], [6, 9, 12, 1], [14, 17, 18, 4, 0, 1, 2, 20, 19], [19, 7, 22, 5, 14, 28, 0, 3, 11, 13, 24, 2, 26, 23, 21, 20, 27, 30], [12, 32, 35, 31, 6, 11, 25, 15, 23, 26, 4, 22, 33, 13, 14, 0], [27, 5, 24, 0, 25, 7, 13, 2, 23, 3, 6, 22, 28, 11]]
[[23, 33, 14, 16, 21, 28, 10, 19, 9, 15, 27, 26, 25, 34, 13, 24, 17, 32, 11, 31, 29], [3, 13, 16, 21, 27, 0, 24, 29, 32, 30, 33, 8, 4, 19, 22, 25, 5, 6, 11, 17, 20, 9], [7, 14, 18, 1, 16, 5, 2, 4, 8, 19, 9], [6, 13, 25, 3, 8, 17, 19, 4, 1, 11, 20, 26, 9], [5, 22, 28, 31, 3, 15, 29, 32, 2, 19, 1, 0, 18, 35, 16, 20, 25, 23], [9, 18, 29, 1, 6, 13, 27, 3, 7, 23, 2, 22, 19, 20, 31, 30, 4, 24]]
[[0, 10, 1, 9, 13], [10, 14, 28, 17, 3, 20, 0, 15, 2, 18, 19, 26, 29, 16], [0, 4, 5, 1], [14, 35, 15, 4, 7, 10, 18, 20, 22, 26, 23, 17, 3, 16, 37, 9, 19, 21, 24, 5, 8, 36], [16, 0, 2, 20, 3, 9, 10, 8, 19, 15, 11, 12, 17]]
[[8, 11, 0, 3, 7, 6], [], [20, 6, 18, 0], [10, 1, 11, 4, 7, 17, 21, 5], [9, 0, 7, 10, 5, 6], [8, 25, 2, 9, 20, 26, 22, 16, 5, 0], [18, 0, 3, 4, 15, 23, 14, 20, 22, 17, 1, 5]]
[[5, 2, 1, 9, 8, 7, 10, 6], [5, 23, 0, 7, 11, 14, 1, 12, 18, 25, 8, 15, 26, 16, 9], [0, 6, 8, 4, 11, 2], [14, 1, 4, 9, 5, 10, 3, 2, 0, 6], [0, 17, 25, 6, 9, 15, 20, 23, 27, 2, 21, 28, 1, 14, 8, 7], [7, 1, 10, 12, 2, 4, 5, 8, 13], [5, 8, 11, 14, 17, 6, 12, 15, 18, 0], [5, 11, 2, 12, 7, 21, 0, 15, 18, 3, 13, 14, 8, 19], [20, 2, 5, 8, 10, 17, 22, 0, 11, 18], [20, 0, 3, 9, 12, 17, 4, 13, 18, 7, 1, 16], [20, 0, 3, 14, 1, 4, 8, 12, 18, 11, 10, 21, 15, 22], [13, 18, 25, 10, 20, 16, 21, 9, 1, 6]]
[[14, 22, 25, 9, 16, 19, 0, 4, 10, 17, 20, 3, 8, 7, 15, 21, 23], [10, 20, 7, 2, 8, 12, 1, 6, 0, 11, 9, 15], [0, 4, 10, 9, 1, 8, 2, 11], [29, 11, 0, 17, 22, 33, 15, 34, 12, 14, 27, 31, 1, 35, 18, 21, 23], [23, 9, 20, 27, 10, 12, 25, 28, 13, 19, 21], [25, 8, 14, 18, 30, 12, 31, 9, 11, 17, 26, 27], [21, 7, 17, 26, 27, 8, 10, 11, 16, 18, 22, 23], [11, 20, 0, 13, 17, 5, 14, 8, 12, 9, 1, 15, 18]]
[[22, 14, 8, 11, 17, 28, 5, 9, 15, 20, 19, 1], [12, 15, 29, 35, 38, 41, 17, 19, 1, 16, 3, 5, 8, 22, 27, 33, 43, 20, 26, 2, 25, 18, 32, 39, 6, 40], [1, 6, 10, 17, 2, 8, 15, 16, 0, 9], [11, 5, 2, 8, 1, 9, 3, 6, 10, 12], [10, 13, 1, 5, 8, 15, 6, 2, 0, 18, 3, 16], [27, 9, 0, 15, 18, 21, 24, 30, 33, 6, 12, 25, 31, 11, 10, 28, 19, 22, 34, 1], [27, 1, 29, 38, 41, 3, 7, 17, 20, 23, 32, 5, 8, 15, 18, 21, 14, 2], [25, 28, 35, 3, 6, 13, 20, 23, 37, 40, 4, 11, 29, 41, 8, 17, 36, 16, 34, 21, 38, 0, 1, 14, 18, 42], [20, 6, 12, 4, 14, 22, 25, 2, 8, 16, 23, 7, 13, 0]]
[[13, 23, 5, 0, 3, 19, 24, 18, 2, 12, 8, 11, 7, 20, 21, 25], [7, 1, 2, 4, 5, 12, 10], [11, 9, 6, 13, 2, 5], [0, 12, 15, 27, 18, 20, 24, 1, 8, 16, 13, 17, 25, 2], [11, 3, 0, 6, 2, 1], [15, 22, 25, 6, 10, 20, 28, 31, 4, 11, 32, 14, 3, 2, 19, 26, 9, 29], [19, 22, 26, 6, 12, 16, 28, 7, 24, 29, 10, 2, 1, 0]]
[[14, 0, 6, 5, 10, 7, 3], [5, 13, 17, 1, 10, 3, 12, 15], [5, 8, 12, 0, 3, 11, 2, 6], [6, 23, 1, 8, 12, 15, 26, 13, 24, 4, 2, 0, 18, 9], [12, 25, 31, 2, 4, 20, 0, 9, 13, 17, 28, 8, 3, 34, 26, 27, 5, 21, 10, 14], [8, 66, 2, 0, 3, 11, 12, 21, 48, 50, 52, 54, 56, 58, 60, 62, 64, 67, 9]]
[[3, 5, 11, 4, 6], [3, 15, 8, 10, 18, 21, 24, 1, 11, 19, 25, 7, 0, 6, 16, 26], [11, 2, 4, 16, 1, 0, 12, 5, 17, 13, 14], [14, 17, 23, 1, 4, 6, 10, 7, 11, 3, 2, 20, 19, 15], [2, 6, 12, 15, 3, 13, 1, 0]]
[[16, 19, 2, 12, 21, 0, 9, 17, 6, 18, 20, 7, 11], [1, 3], [19, 2, 4, 8, 0, 3, 1, 22], [12, 32, 38, 2, 9, 18, 42, 47, 48, 0, 7, 16, 27, 33, 40, 15, 6, 39, 36, 19, 49, 41, 50, 10, 20, 24, 34], [7, 12, 0, 3, 14, 2, 10, 9, 4]]
[[4, 19, 18, 3, 12, 10, 20, 5], [7, 11, 15, 22, 24, 0, 5, 8, 20, 25, 4, 3, 19, 21, 23, 27], [13, 35, 9, 11, 16, 22, 4, 17, 3, 8, 7, 14, 18, 15, 6, 10, 12, 5], [9, 11, 13, 6, 20, 2, 21, 1]]
[[9, 16, 4, 11, 3, 14], [27, 34, 1, 3, 6, 16, 19, 30, 37, 4, 10, 17, 20, 28, 38, 2, 23, 0], [19, 5, 0, 2, 10, 8, 24, 3, 7, 9, 23, 14, 20, 15], [21, 5, 1, 12, 17, 6, 14, 18, 11, 2, 3, 7], [12, 7, 9, 14, 0, 10, 2, 3], [9, 40, 43, 11, 10, 13, 20, 36, 6, 22, 25, 29, 37, 47, 24, 28, 46, 3, 4, 33], [9, 19, 0, 17, 21, 1, 4, 7, 22, 14, 6, 10, 13, 15], [8, 27, 2, 0, 4, 20, 24, 9, 21, 3, 16, 19]]
[[3, 5, 1, 2, 6], [8, 12, 16, 28, 33, 25, 2, 4, 19, 21, 31, 36, 0, 37, 18, 6, 26, 13, 24, 10, 14, 7, 20, 9, 15, 29], [10, 26, 22, 7, 13, 18, 34, 16, 21, 30, 6, 5, 15, 11, 12, 33, 8, 14, 19], [6, 8, 15, 7, 14, 5, 18]]
[[26, 41, 0, 11, 24, 30, 6, 20, 28, 36, 8, 19, 27, 39, 43, 37, 34, 9, 31, 33, 42], [4, 6, 13, 18, 22, 26, 29, 0, 7, 23, 11, 5, 3, 8, 14, 27, 12, 9], [15, 11, 7, 13, 18, 19, 4, 8, 12, 16, 17, 9, 14], [8, 28, 1, 11, 21, 19, 3, 5, 14, 17, 25, 32, 23, 2], [11, 16, 2, 13, 5, 7, 8, 4], [8, 11, 14, 0, 5, 12, 4, 6, 9, 1, 7]]
[[19, 9, 6, 8, 5, 21, 7, 10], [8, 2, 10, 13, 0, 11, 4, 3, 9, 12, 14], [8, 13, 3, 5], [12, 3, 27, 2, 5, 16, 29, 0, 17, 30, 4, 28, 26, 31, 6, 13]]
[[12, 7, 14, 6, 13, 5, 15, 17], [5, 12, 17, 26, 2, 9, 14, 27, 1, 25, 0, 13, 28, 3, 10, 15], [12, 18, 2, 4, 7, 14, 0, 3, 13, 17], [6, 10, 13, 0, 3, 7]]
[[14, 5, 16, 4, 15, 3, 12, 17], [3, 1, 5, 8, 12, 9, 6, 2, 4, 0], [8, 18, 3, 15, 2, 13, 12, 4, 5, 9, 16, 19], [11, 13, 6, 15, 18, 20, 3, 16, 2, 14, 12, 0, 4, 21]]
[[0, 9, 11, 10, 6], [4, 2, 5, 1, 10, 0, 9], [6, 25, 0, 16, 26, 20, 4, 15, 9, 13, 14, 19, 7, 8, 10, 21], [13, 3, 0, 4, 6, 5, 1], [22, 31, 14, 17, 20, 26, 30, 6, 18, 5, 11, 32, 10, 15, 27, 33, 36, 16, 12, 28, 34, 35]]
[[12, 7, 14, 17, 25, 4, 22, 13, 23, 24, 5, 6], [12, 3, 5, 15, 6, 9, 13, 8, 4, 0], [12, 18, 1, 3, 9, 15, 4, 13], [23, 3, 5, 8, 11, 15, 6, 4, 25, 12, 16, 24, 9], [6, 7, 9, 11, 2, 13, 1, 0, 8, 3]]
[[10, 31, 22, 6, 33, 0, 7, 11, 16, 26, 34, 5, 25, 15], [7, 19, 2, 22, 24, 27, 16, 25, 28, 6, 4, 23, 3, 12], [20, 3, 2, 5, 8, 16, 21, 6, 12, 4, 11, 23, 17], [6, 22, 16, 18, 4, 9, 31, 33, 10, 34, 19, 1, 26, 2], [7, 18, 23, 2, 12, 14, 21, 15, 19, 11, 24, 3, 13, 8, 4, 9], [4, 10, 13, 18, 1, 15, 2, 3, 0, 5], [20, 26, 18, 30, 14, 29, 4, 32, 2, 5, 15, 23]]
[[2, 11, 8, 18, 15, 19, 5, 12, 14, 4, 10, 9], [9, 12, 20, 6, 17, 0, 4, 15, 18, 2, 13, 3, 14, 7], [2, 7, 4, 8], [12, 15, 6, 18, 0, 8, 10, 20, 4, 16, 21, 7, 19, 9], [12, 15, 24, 27, 4, 0, 6, 10, 19, 21], [8, 20, 12, 5, 25, 28], [11, 14, 6, 17, 0, 8, 19, 4, 15, 20, 7, 18], [11, 18, 4, 0, 8, 15, 20, 6], [9, 18, 25, 2, 22, 13], [7, 16, 5, 13, 18, 21, 2, 11, 14, 10, 17, 0], [13, 28, 6, 23, 16, 0, 8, 11, 17, 25, 4, 9, 21, 24, 7, 22, 19, 26]]
[[2], [10, 4, 1, 0, 6, 5, 8, 3], [10, 24, 29, 1, 4, 6, 14, 27, 7, 15, 18, 21, 25, 3, 2, 0], [15, 18, 0, 5, 3, 13, 24, 4, 2, 12], [0, 3], [9, 16, 1, 3, 11, 4]]
[[17, 8, 3, 2, 6, 9, 5, 10, 13, 18, 7], [16, 4, 8, 5, 9, 1, 2, 0, 6, 17], [19, 2, 4, 7, 10, 5, 3, 17, 21, 20], [4, 5], [0, 18, 33, 19, 4, 15, 21, 27, 12, 1, 11, 10, 20, 6, 17, 24, 26, 34, 22], [7, 11, 6, 9, 12, 2, 8, 5], [10, 18, 28, 11, 13, 22, 4, 3, 5, 6], [4, 10, 2, 9, 5, 6, 11, 12, 3], [12, 16, 20, 4, 8, 18, 5, 9, 14, 1, 2, 0], [18, 6, 9, 15, 7, 4, 13, 0, 3, 12], [13, 5, 2, 17, 0, 14, 6, 4, 10, 15], [8, 12, 1, 4, 0, 9], [23, 13, 18, 14, 3, 0, 4, 8, 7, 2, 11, 9, 17, 5], [5, 9, 20, 6, 11, 17, 16, 1]]
[[6, 8, 7, 4], [1, 6, 8, 4, 3, 0], [9, 16, 32, 50, 20, 0, 10, 6, 24, 29, 40, 3, 25, 34, 13, 2, 21, 26, 23, 1, 11, 33, 19, 28, 31, 4, 14, 27, 35, 39], [2, 5, 9, 14, 13, 4, 3, 15, 6, 0]]
[[4, 6, 22, 24, 10, 18, 3, 9, 17, 2, 16, 19, 13, 14, 25], [10, 0, 5, 8, 12, 15], [19, 12, 8, 2, 6, 14, 17, 0, 9, 15, 13, 4, 20, 7], [7, 18, 24, 0, 11, 20, 19, 4, 21, 23, 5, 10, 15, 22], [6, 28, 34, 9, 14, 21, 26, 10, 15, 19, 22, 18, 2, 1, 0, 29, 23, 30, 31, 3], [], [3, 6]]
[[5, 10, 13, 2, 6, 4, 1, 9, 12], [9, 5, 13, 15, 18, 1, 10, 11, 12, 0, 8, 2, 20], [17, 1, 3, 7, 15, 22, 4, 8, 2, 11, 14, 18, 21, 5, 20]]
[[6, 8, 18, 22, 31, 34, 38, 0, 29, 39, 7, 21, 20, 28, 30, 19, 23, 33, 40, 3], [11, 25, 13, 31, 0, 8, 28, 1, 6, 16, 20, 29, 19, 34, 5, 15, 24, 26, 27, 14, 12, 21], [9, 12, 10, 18, 0, 16, 6, 7, 11, 15]]
[[13, 2, 4, 8, 15, 0], [9, 6, 0, 11, 2, 3], [1, 7, 17, 5, 16, 11, 0, 3, 18, 2, 13], [12, 15, 0, 4, 3, 9, 8, 10, 16, 6], [2, 11, 14, 19, 24, 0, 12, 15, 25, 4, 20, 26, 6, 7, 9, 16], [19, 2, 8, 12, 23, 26, 27, 0, 13, 24, 4, 22, 17, 20], [21, 2, 10, 14, 25, 28, 30, 0, 11, 6, 24, 19, 22, 8, 15, 17, 26], [], [3, 6]]
[[6, 0, 5], [10, 12, 19, 21, 2, 6, 17, 22, 5, 16, 1, 0, 24], [3, 8, 20, 0, 5, 18, 21, 7], [6, 10, 14, 2], [15, 24, 2, 18, 21, 26, 0, 8, 22, 7, 9, 16, 17, 28, 11, 19]]
[[13, 32, 29, 22, 1, 7, 10, 26, 2, 11, 18, 23, 27, 33, 6, 36, 30, 17], [6, 19, 1, 3, 8, 11, 16, 4], [27, 4, 22, 1, 8, 13, 18, 2, 25, 7, 23, 5, 6, 21], [14, 3, 1, 5, 8, 11, 18, 9, 16, 4, 2, 15], [8, 16, 27, 6, 1, 3, 10, 18, 24, 4, 11, 19, 23, 7, 25, 20, 12, 28], [12, 22, 25, 6, 1, 3, 4, 23, 7, 10, 17, 26, 18], [15, 11, 7, 0, 4, 12, 8, 10, 1, 5]]
[[17, 10, 13, 19, 22, 25, 11, 20, 8, 18, 2, 6, 7, 21, 26, 5, 9], [21, 4, 7, 10, 23, 26, 29, 36, 0, 8, 11, 17, 24, 16, 6, 5, 22, 3, 37, 18, 19]]
[[12, 14, 16, 3, 2, 10, 4, 9, 18, 6, 17, 11], [1, 3, 6, 8, 9, 12, 2, 13, 0, 4, 7, 14], [10, 13, 2, 6, 16, 17, 1, 0, 15, 7, 11, 4], [17, 1, 3, 8, 4, 2, 11, 13], [8, 12, 21, 0, 19, 1, 6, 5, 17, 9, 15, 13, 7, 18], [8, 11, 9, 2], [12, 19, 5, 7, 16, 22, 23, 3, 0, 8, 25, 24, 6, 14]]
[[10, 37, 1, 16, 6, 21, 25, 28, 41, 3, 11, 26, 29, 32, 38, 42, 2, 17, 20, 15, 19, 35], [14, 0, 6, 16, 19, 21, 12, 17], [14, 5, 0, 11, 1, 9, 12, 6, 8, 15], [13, 3, 18, 8, 16, 21, 24, 6, 14, 5, 0, 20], [0, 16, 8, 14, 15, 10, 1, 9, 17], [19, 2, 1, 4, 6, 8, 14, 27, 9, 24, 3, 23, 12, 22, 26, 15, 20, 25], [5, 0, 11, 14, 1, 9, 13, 6, 8], [4, 12, 7, 9, 15, 18, 5, 13, 14, 0, 19, 2], [9, 2, 11, 6, 0, 13, 3, 10], [14, 36, 21, 6, 8, 20, 30, 23, 25, 15, 26, 33, 18, 9, 31, 2]]
[[13, 18, 20, 3, 9, 22, 25, 32, 0, 4, 10, 23, 26, 30, 8, 16], [9, 1, 3, 6], [18, 3, 15, 0, 4, 7, 13, 16, 6, 12], [16, 7, 10, 13, 2, 8, 14, 18], [3, 12, 19, 9, 1, 10, 16, 21, 6, 0], [5, 8, 13, 16, 18, 21, 24, 27, 3, 9, 14, 19]]
[[21, 8, 12, 15, 18, 10, 13, 16, 1, 6, 9, 5], [26, 20, 4, 9, 15, 29, 31, 2, 12, 18, 22, 32, 21, 1, 7, 11], [12, 24, 17, 16, 0, 5, 8, 19, 22, 3, 9, 20], [18, 23, 21, 7, 12, 16, 25, 1, 5, 10, 26, 0], [9, 2, 5, 11, 14, 3, 7, 12, 15, 1, 6, 0], [21, 26, 31, 7, 25, 18, 1, 5, 10, 16, 29, 32, 23, 0, 9, 15], [9, 5, 15, 0, 3, 13, 16, 2, 10, 12], [15, 6, 13, 18, 20, 4, 21, 8, 7, 10, 0, 1], [10, 5, 12, 7]]
[[14, 28, 18, 5, 8, 20, 23, 31, 21, 4, 12, 19, 3, 17, 15, 16], [3, 11, 21, 12, 6, 7, 14, 1, 4, 0], [0, 5, 7, 10, 8, 1], [1, 9, 2, 6], [2, 11, 6, 7], [8, 4, 10, 13, 17, 23, 0, 11, 14, 18, 3, 9, 20, 5], [17, 3, 5, 8, 14, 0, 6, 11, 4, 2, 12, 9], [8, 1, 6, 16, 14, 17, 20, 13, 2, 5], [20, 4, 2, 6, 9, 16, 23, 28, 31, 7, 14, 17, 21, 5, 3, 10, 11, 24], [11, 12, 16, 4], [14, 2, 11, 7, 3, 10, 5, 6, 22, 9, 16, 12]]
[[16, 6, 13, 0, 4, 11, 14, 3, 10, 9, 17, 15], [8, 3, 6, 12, 0, 4], [7, 3, 8, 5, 10, 13, 16, 18, 0, 11, 4, 9], [21, 13, 4, 6, 15, 2, 1, 14, 12, 16, 7, 9, 10, 22], [11, 15, 23, 1, 4, 6, 9, 20, 3, 2, 10, 17, 12, 18, 0, 7], [9, 10, 6, 16, 7, 13, 2, 3, 12, 18]]
[[30, 10, 13, 18, 21, 24, 0, 4, 19, 9, 17, 23, 3, 11, 1, 5, 7, 14], [24, 3, 21, 0, 4, 8, 15, 19, 22, 28], [8, 11, 6, 12, 5, 4, 7], [5, 9, 12, 10, 13, 3, 8, 6], [24, 16, 26, 8, 11, 19, 22, 12, 10, 28, 3, 27, 2, 4, 5, 6], [9, 4, 10, 3, 5, 7], [8, 12, 10, 3, 2, 13, 11, 0], [15, 6, 2, 10, 3, 9, 7, 0, 4], [3, 6, 9, 0, 5, 7]]
[[18, 6, 9, 14, 0, 4, 8, 3, 12, 11, 1, 13], [8, 9, 2, 5, 14, 3, 6, 1], [10, 5, 3, 6, 1, 4], [1, 12, 3, 6, 14, 17, 19, 4, 7, 2, 13, 0], [14, 21, 23, 2, 8, 9, 12, 17, 26, 0, 3, 10]]
[[24, 1, 17, 2, 8, 16, 7, 4, 10, 12, 13, 14], [2, 6, 9, 21, 1, 13, 17, 20, 0, 12, 10, 22, 18], [2, 4, 14, 19, 0, 9, 3, 5, 6, 11], [1, 3]]
[[8, 10, 13, 22, 27, 30, 32, 0, 5, 11, 14, 19, 23, 28, 33, 4], [9, 23, 3, 6, 14, 0, 10, 15, 21, 18, 5, 4, 20, 24, 11, 12], [5, 11, 14, 7, 12, 15], [16, 2, 18, 9, 12, 0, 4, 10, 13, 20, 25, 19, 3, 24], [12, 16, 19, 8, 23, 7, 20, 0, 25, 31, 1, 4, 10, 29, 32, 28, 9, 24, 13, 21]]
[[5, 2, 6, 1, 10, 9], [2, 6, 11, 13, 3, 7, 1, 10, 0, 4], [8, 2, 11, 9, 4, 14, 27, 30, 0, 5, 20, 24, 3, 18, 19, 17, 10, 12, 21, 28], [5, 12, 22, 26, 14, 8, 17, 20, 2, 18, 1, 13, 15, 16, 23, 24, 3, 4, 21]]
[[8, 11, 3, 5, 15, 0, 14, 4, 12, 13, 16], [7, 11, 13, 18, 20, 0, 14, 12, 17, 21, 1], [7, 1, 4, 10, 13, 3, 2, 0, 12, 14], [22, 28, 33, 3, 10, 14, 0, 6, 11, 29, 5, 4, 26, 27, 20, 7, 12, 23]]
[[23, 1, 3, 7, 8, 12, 2, 9, 11, 13], [1, 5, 7, 3, 8, 2, 4], [24, 12, 7, 9, 16, 19, 29, 2, 20, 15, 4, 0, 5, 14, 25, 13, 26, 30, 17, 27], [4, 0, 6, 8, 11, 13, 9, 14], [5, 11, 15, 17, 19, 12, 3, 2, 6, 20, 4, 7, 8]]
[[5, 9, 11, 3, 2, 4, 10, 12], [2, 8, 10, 14, 16, 19, 1, 7, 0, 6, 17, 9, 15, 20], [1, 3, 9, 12, 16, 18, 21, 10, 2, 8, 7, 19, 17, 20, 22], [1, 3, 9, 12, 16, 18, 21, 10, 2, 8, 7, 19, 17, 20, 22], [1, 3, 9, 12, 16, 18, 21, 10, 2, 8, 7, 19, 17, 20, 22]]
[[5, 2, 4, 8], [9, 2, 7, 13, 3, 11, 14, 1], [22, 25, 16, 29, 2, 14, 26, 1, 13, 23, 24, 12, 21, 9, 5, 6, 27], [7, 9, 0, 13, 17, 10, 14, 8, 1, 2, 15], [8, 13, 16, 18, 20, 26, 28, 5, 9, 14, 23, 2, 4, 12, 1, 21]]
[[0, 1, 7, 4, 10, 11, 2, 5], [8, 9, 10, 4, 12, 15, 2, 13, 1, 0, 11, 16], [1, 0, 3, 9, 12, 4, 10, 13, 8, 2, 11]]
[[7, 12, 9, 5, 1, 8, 4, 6], [19, 5, 0, 7, 9, 1, 12, 6, 20], [20, 2, 10, 5, 14, 4, 11, 17], [13, 16, 22, 17, 4, 7, 11, 0, 5, 3, 2, 18, 19, 10], [17, 8, 0, 2, 12, 23, 24, 11, 21, 19, 7, 18, 3, 9], [6, 17, 7, 13, 1, 8]]
[[10, 19, 21, 24, 5, 8, 13, 3, 6, 14], [8, 11, 2, 12, 26, 5, 28, 24, 25, 31, 15, 19], [13, 20, 30, 2, 9, 16, 23, 27, 34, 6, 3, 5, 24, 28, 14, 21], [6, 14, 25, 9, 4, 16, 21, 17], [24, 35, 3, 34, 0, 7, 10, 16, 20, 28, 41, 4, 8, 11], [12, 4, 17, 2, 6, 10, 19, 20, 5, 18], [14, 23, 27, 4, 10, 2, 16, 19, 29, 25, 30, 34], [10, 7, 6, 0, 9, 14, 1, 8, 11, 15], [14, 8, 16, 18, 5, 11, 21, 24, 12, 19, 22, 17], [6, 10, 0, 16, 19, 11, 17, 13, 9, 7, 4, 15]]
[[12, 14, 9, 11, 8, 13, 10, 19, 15], [8, 18, 26, 3, 12, 21, 9, 0, 2, 24, 1, 19, 27, 20, 25, 6], [9, 27, 4, 14, 22, 30, 38, 0, 5, 23, 28, 19, 2, 37, 36, 12, 20, 31, 7, 8, 24, 32, 34, 10, 3], [6, 10, 12, 14, 1, 11]]
[[11, 5, 3, 2, 6, 12], [19, 9, 14, 22, 25, 34, 3, 11, 15, 23, 26, 35, 2, 10, 4, 30, 8, 28, 20, 33], [15, 7, 9, 12, 17, 20, 3, 10, 18, 2, 8, 6, 21, 19, 13], [9, 26, 1, 10, 3, 7, 18, 30, 15, 12, 14, 23, 2, 11, 27, 19, 31, 8, 21, 16]]
[[22, 5, 9, 7, 13, 24, 0, 18, 6, 10, 4, 8, 1], [6, 9, 7, 2, 8, 10], [2, 8, 18, 4, 10, 14, 0, 11, 15, 17, 3, 9, 7, 13, 16], [28, 38, 6, 8, 16, 2, 9, 20, 42, 37, 40, 5, 34, 1, 13, 24, 45, 0, 12, 23, 44, 29, 39, 14, 35, 46, 43, 11, 3, 10, 21, 27], [9, 11, 3, 2, 7, 6, 12, 8, 13]]
[[7, 15, 18, 20, 23, 0, 8, 13, 16, 21, 24, 6, 12, 5], [15, 2, 12, 3, 5, 1, 10, 0], [3, 6, 9, 15, 0, 4, 7, 10, 16, 14], [6, 2, 9, 10, 13, 0, 4, 11], [17, 10, 12, 19, 0, 4, 13, 20, 3, 11, 8, 18, 9, 6, 5, 21], [9, 13, 3, 4, 1, 14], [13, 15, 8, 3, 10, 18, 22, 25, 26, 0, 4, 9], [2, 4, 7, 13, 5, 8], [3, 5, 12, 0, 6, 9], [6, 13, 7, 11, 16, 0, 9, 4, 8, 1, 5], [29, 31, 35, 3, 18, 21, 32, 9, 15, 26, 0, 6, 11, 24, 20, 2, 5, 23, 12, 10]]
[[20, 25, 22, 0, 8, 7, 14, 13, 21, 27, 11, 15, 23, 26], [2, 4, 15, 0, 3, 14, 6, 16], [4, 12, 25, 1, 3, 10, 18, 27, 30, 6, 15, 20, 2, 19, 0, 5, 14, 26, 7, 8, 16, 28], [23, 28, 9, 12, 13, 16, 26, 0, 3, 14, 6, 2, 5, 21, 25, 29], [3, 11, 0, 7, 14, 2], [13, 34, 4, 25, 20, 1, 11, 22, 32, 8, 14, 29], [12, 17, 29, 36, 6, 20, 23, 31, 34, 0, 7, 21, 4, 3, 2, 18, 24, 13, 19, 27]]
[[12, 1, 6, 8, 9, 5, 2, 3, 13, 14], [8, 10, 1, 11, 6, 0, 5], [13, 0, 3, 4, 7, 17, 2, 16, 10, 12], [13, 19, 6, 8, 11, 20, 26, 24, 1, 23, 2, 17, 18, 5, 22, 9, 14, 27], [3, 6, 9, 7, 5, 4, 0], [8, 21, 4, 0, 15, 19, 1, 16, 7, 12]]
[[21, 6, 13, 17, 24, 28, 11, 15, 18, 26, 31, 5, 37, 10, 23, 4], [11, 3, 7, 4, 12, 17], [11, 18, 2, 14, 24, 0, 3, 12, 22, 25], [5, 13, 20, 11, 18, 7, 3, 10, 17, 9, 4, 14], [2, 4, 16, 20, 5, 11, 17, 3, 7, 0, 8, 18], [23, 21, 29, 14, 27, 0, 4, 9, 2, 5, 10, 19], [20, 3, 11, 15, 9, 6, 4, 5, 8, 12], [7, 14, 1, 4, 11, 3, 2, 0], [12, 5, 19, 0, 14, 2, 8, 22]]
[[15, 2, 4, 0, 6, 9, 12, 16, 8, 10], [17, 0, 11, 20, 1, 5, 8, 18, 7, 14], [15, 2, 1, 8, 3, 0, 4, 7], [0, 2, 10, 14, 22, 20, 9, 17, 23, 18, 12, 15], [18, 31, 6, 20, 0, 11, 24, 27, 32, 34], [21, 12, 2, 22, 7, 18, 8, 15, 14, 3], [20, 8, 3, 29, 31, 5, 9, 26, 4, 25]]
[[20, 7, 16, 12, 15, 1], [22, 2, 20, 1], [0, 13, 16, 19, 6, 9], [7, 10, 12, 15, 2, 13, 16, 6], [11, 2, 3, 7], [6, 9, 12, 0, 4, 10, 8, 7], [15, 22, 2, 27, 9, 24, 1, 4, 6, 19], [10, 3, 15, 1], [17, 7, 15, 14, 1, 5], [1, 5]]
[[2, 27, 35, 10, 17, 9, 19, 24, 30, 34, 6, 14, 20, 5], [17, 35, 38, 22, 2, 18, 20, 13, 24, 30, 32, 3, 14, 25, 33, 1], [12, 19, 2, 5, 15, 0, 6, 13, 9, 4, 3], [11, 25, 5, 17, 14, 23, 27, 29, 6, 9, 21, 1, 8, 19, 4, 0], [15, 21, 29, 24, 26, 14, 1, 22, 9, 13, 2, 5, 18, 25]]
[[26, 1, 11, 17, 19, 2, 5, 4, 18, 6, 12, 0], [2, 4, 10, 0, 11, 3, 9, 8], [28, 11, 7, 9, 18, 2, 13, 22, 0, 6, 12, 21, 4, 3, 26, 29, 10, 19], [14, 2, 4, 6, 10, 21, 0, 7, 16, 3, 20, 15, 19, 8, 17]]
[[14, 16, 5, 4, 15, 13, 17, 6], [4, 16, 9, 8, 19, 2], [31, 1, 5, 11, 23, 26, 2, 20, 19, 0, 33, 24, 3, 12, 21, 32], [10, 16, 14, 13, 5, 8, 6, 17], [14, 17, 21, 12, 18, 4, 11, 8, 7, 9, 19], [8, 11, 5, 2, 7, 13, 16, 14, 17, 9, 1, 6], [19, 8, 12, 14, 6, 5, 17, 21], [25, 14, 17, 21, 22, 20, 12, 9, 8, 10, 26, 6, 18, 24], [24, 28, 31, 6, 32, 10, 27, 30, 5, 20, 17, 0, 16, 18, 22, 25, 7], [27, 9, 8, 1, 11, 15, 18, 12, 10, 25, 29, 16, 22, 2, 13, 21], [8, 22, 15, 14, 26, 6, 5, 16, 0, 18, 9, 20, 23, 13]]
[[12, 15, 22, 2, 1, 20, 8, 19, 7, 13, 16, 3, 5, 14], [6, 2, 9, 13, 1, 0, 10, 7, 14], [14, 23, 2, 16, 4, 6, 9, 20, 28, 0, 7, 21, 29, 3], [13, 20, 4, 2, 8, 1, 14, 15, 3, 9, 11, 12]]
[[13, 0, 9, 17, 4, 10, 8, 14], [14, 4, 27, 19, 29, 0, 1, 8, 11, 22, 5, 7, 26, 20], [10, 0, 3, 18, 1, 14, 16, 19], [13, 5, 16, 9, 3, 15, 14, 2, 12, 10, 4], [9, 5, 1, 0, 2, 6], [7, 14, 8, 4, 5, 1], [9, 12, 18, 13, 5, 15, 21, 28, 2, 22, 27, 14, 19, 26, 3, 16, 23]]
[[0, 5, 10, 9, 4, 12, 6], [2, 6, 13, 7, 1, 0, 9, 11], [6, 12, 2, 4, 9, 18, 0, 3, 13, 7, 14, 10, 8, 5, 11, 15], [2, 8, 0, 3, 12], [10, 5, 12, 1, 11, 0, 9, 2]]
[[4, 8, 14, 22, 5, 24], [5, 0, 11, 7, 13, 8], [6, 1]]
[[14, 17, 2, 6, 9, 4, 1, 5, 10, 12, 7, 15], [21, 1, 9, 18, 28, 6, 16, 23, 13, 3, 12, 2], [10, 24, 1, 4, 5, 8, 12, 2, 6, 18, 20, 17, 23, 25], [17, 29, 42, 50, 1, 5, 10, 23, 25, 34, 37, 45, 3, 44, 22, 2, 48, 21], [13, 4, 2, 7, 10, 17, 28, 32, 0, 8, 18, 25, 6, 24, 5, 22, 20, 29, 26, 30], [10, 14, 17, 19, 5, 8, 22, 1, 7, 4]]
[[9, 13, 4, 8, 3, 7, 14, 5], [14, 2, 0, 1, 16, 4], [4, 15, 11, 18, 9, 19, 8, 0, 7, 16, 17, 21, 12, 20], [10, 6, 13, 16, 7, 3, 12, 9, 4, 8, 11, 15], [6, 17, 3, 15, 0, 2, 11, 9, 7, 4, 12, 18]]
[[4, 5, 3, 7], [5, 8, 12, 15, 17, 3, 6, 13, 11, 2, 4, 16], [2, 8, 12, 15, 9, 13, 1, 3], [3, 16, 0, 9, 7, 8, 6, 15, 10, 11, 13], [8, 15, 17, 4, 21, 5, 11, 2, 16, 3, 14, 18, 6, 19, 22]]
[[14, 20, 23, 33, 7, 24, 4, 9, 12, 27, 31, 2, 10, 28, 1, 8, 25, 15], [5, 2, 17, 0, 9, 18, 8, 3, 16, 4], [18, 5, 4, 7, 0, 9, 6, 14, 3, 1, 19], [7, 9, 2, 12, 10, 11, 1], [8, 15, 5, 9, 3, 0, 2, 6, 10], [9, 2, 11, 10, 5, 13, 16, 0, 14, 4], [10, 16, 15, 6, 12, 18, 2, 13, 19, 1, 17, 3, 7]]
[[4, 8, 10, 13, 2, 7, 1, 12, 11, 14], [16, 0, 3, 11, 18, 1, 21, 10, 8, 20, 7, 9], [20, 15, 0, 3, 10, 1, 17, 16, 9, 7], [13, 18, 4, 5, 0, 7, 17, 22, 6, 19], [18, 7, 15, 21, 0, 12, 19, 4, 3, 5, 6, 1, 8, 13], [6, 18, 0, 15, 14, 4, 11, 12], [12, 19, 2, 10, 16, 25, 0, 8, 4, 15, 5, 7, 20, 21], [22, 7, 1, 9, 4, 13, 17, 18, 19, 10], [14, 24, 15, 16, 5, 3]]
[[23, 6, 18, 25, 28, 13, 26, 29, 5, 12, 16, 4, 15, 17, 27, 31, 30], [16, 32, 1, 26, 28, 6, 3, 2, 27, 35, 0, 25, 4, 33, 34, 14, 22], [29, 3, 18, 24, 32, 34, 0, 14, 22, 25, 30, 21, 2, 13, 9, 10, 11, 15, 16, 26, 27, 35], [4, 6, 17, 18, 2, 9, 12, 22, 25, 28, 0, 7, 23, 26, 29, 5, 19, 20, 16, 10, 30, 31], [9, 16, 23, 5, 12, 26, 6, 27, 3, 7, 21, 10, 19, 24, 17, 4, 8, 13, 22], [14, 17, 24, 5, 7, 10, 19, 0, 3, 2, 11, 15]]
[[11, 10, 14, 6, 13, 5, 12, 9, 18, 7, 8], [0, 7], [6, 10, 16, 15, 4, 18, 2, 11], [11, 2, 5, 8, 13, 0, 9, 14], [15, 11, 13, 17, 26, 2, 23, 0, 3, 6, 21, 14, 5, 28]]
[[6, 16, 10, 14, 12, 3, 2, 11, 7, 9, 17, 13, 15, 4], [16, 1, 3, 11, 2, 0, 4, 5], [26, 3, 5, 10, 13, 16, 19, 11, 14, 4, 7, 24, 27, 6], [15, 19, 0, 4, 3, 20], [4, 14, 24, 0, 2, 17, 21, 13, 12, 3, 5, 16, 25, 6, 22, 7, 18]]
[[4, 8, 11, 2, 9, 12, 1, 7, 6], [19, 5, 10, 14, 3, 11, 2, 8, 7, 6, 12, 9], [13, 16, 33, 17, 25, 2, 27, 0, 3, 8, 26, 20, 11, 14, 18, 24, 28, 21], [9, 16, 2, 12, 5, 14, 10, 18], [8, 22, 31, 2, 14, 10, 20, 0, 18, 4, 15, 3, 26, 17]]
[[2, 18, 11, 10, 15, 14, 17, 13, 16], [8, 14, 37, 4, 11, 16, 21, 17, 1, 0, 9, 15, 38, 19, 2, 5, 12, 18], [13, 19, 25, 5, 8, 21, 2, 1, 17, 18, 11, 14], [7, 13, 21, 9, 15, 24, 0, 5, 2, 4, 10, 6, 16, 22, 25]]
[[20, 23, 5, 7, 4, 8, 6, 3, 9], [9, 4, 6, 15, 18, 0, 16, 5, 12, 1, 2, 10], [7, 17, 2, 12, 22, 0, 13, 23, 21, 10, 9, 20, 25, 14, 24], [29, 2, 4, 8, 11, 18, 24, 32, 0, 12, 16, 22, 30, 7, 15, 10, 3, 5, 9, 19, 25]]
[[1, 3, 2, 4], [4, 14, 0, 6], [8, 1, 3], [5, 7, 12, 2, 8, 1, 11, 3], [13, 22, 27, 32, 1, 15, 23, 3, 6, 10, 19, 25, 29, 7, 34, 2, 16, 18, 17, 24], [8, 5, 10, 14, 2, 11], [8, 5, 10, 14, 2, 11]]
[[19, 1, 6, 14, 8, 3]]
[[9, 14, 3, 10, 15, 8, 13, 2], [14, 1, 3, 8, 11, 15, 2, 0], [10, 12, 0, 2, 5, 13, 15, 4], [2, 5, 21, 24, 0, 6, 9, 14, 18, 22, 8, 4, 13, 3], [9, 15, 22, 6, 12, 0, 3, 7, 10, 13, 23, 5, 26, 2], [5, 20, 0, 6, 10, 21, 4, 9], [16, 0, 2, 22, 3, 10, 20, 9, 19, 23, 4, 7, 11, 17]]
[[5, 9, 3, 6, 2, 4, 8, 7], [22, 3, 5, 10, 15, 19, 26, 28, 11, 16, 23, 29, 2, 1, 0, 6, 30, 24], [2, 10, 8, 13, 15, 3, 12, 11, 7, 9], [12, 0, 1, 9, 10, 16, 19, 13, 15, 7, 11, 18, 14], [15, 3, 5, 10, 18, 0, 2, 17], [17, 29, 2, 19, 23, 0, 15, 20, 5, 12, 7, 14, 11, 6, 8, 24, 13]]
[[0, 6, 58, 63, 80, 59, 64, 74, 81, 1, 29, 61, 73, 57, 72, 5, 62, 79, 60, 67, 82, 3, 75, 76, 55, 69], [15, 2, 4, 8, 11, 18, 0, 10, 17, 3, 16, 9]]
[[5, 3, 6, 4], [13, 3, 6, 0, 7, 11, 10, 5, 4, 17, 8], [14, 17, 11, 19, 6, 9, 8, 0, 5, 4, 16, 18], [18, 27, 9, 15, 23, 28, 16, 24, 30, 14, 1, 10, 29, 8, 2, 11, 3, 4, 12, 31]]
[[9, 15, 0, 3, 7, 14], [6, 8, 12, 11, 1, 7, 2, 5, 3], [21, 3, 10, 5, 15, 18, 24, 1, 6, 16], [26, 15, 2, 6, 18, 20, 0, 4, 7, 24, 23, 16], [31, 3, 21, 0, 12, 9, 16, 5, 24, 22, 7, 4, 20, 1, 17], [15, 7, 10, 5, 8, 12, 0, 4], [], [13, 5, 11, 1, 0, 6, 8, 7], [2, 9, 6, 11, 14, 21, 3, 7, 12, 15], [15, 3, 11, 20, 1, 4, 7, 21, 0, 19], [2, 5, 14, 3, 7, 12, 15, 6], [22, 24, 5, 15, 8, 12]]
[[2, 5, 14, 17, 0, 15, 18, 3, 11, 13], [0, 11, 20, 17, 8, 4, 22, 6, 18, 23, 26, 1, 21, 25, 5, 12], [7, 0, 1, 9, 17, 21, 2, 5, 10, 16, 8, 20, 22, 13], [11, 5, 15, 17, 0, 8, 18, 7, 2, 14], [0, 3, 8, 7, 5], [29, 47, 14, 20, 36, 46, 17, 39, 2, 5, 26, 42, 50, 3, 6, 9, 15, 24, 30, 37, 43, 51, 23, 22, 49, 8], [19, 4, 9, 1, 14, 16, 22, 24, 7, 11, 17, 20, 0, 10], [5, 12, 22, 1, 8, 19, 3, 6, 9, 16, 2, 14]]
[[13, 7, 15, 17, 22, 18, 6, 14, 5, 11, 16, 23, 19, 20], [6, 21, 10, 15, 2, 8, 1, 5, 0, 7], [8, 25, 11, 18, 2, 6, 12, 19, 22, 1, 28, 5], [16, 4, 7, 9, 13, 19, 6, 5, 14, 17, 18, 21, 12, 20]]
[[13, 15, 22, 1, 19, 26, 27, 32, 2, 6, 28, 18, 5, 33, 7, 8, 20], [9, 2, 5, 14, 18, 23, 0, 6, 15, 3, 10, 12], [9, 11, 13, 10, 4, 16, 2, 17, 1, 0, 12, 18, 14]]
[[5, 13, 15, 10, 17, 4, 9, 3, 0, 6, 11], [10, 15, 13, 2, 4, 8, 1, 0, 11, 9], [13, 5, 19, 24, 21, 17, 20, 25, 0, 4, 6, 22, 18], [2, 10, 16, 19, 7, 22, 4, 1, 24, 0, 3, 13, 20, 5], [7, 11, 1, 4, 16, 19, 5, 3, 2, 13, 14, 12], [3, 9, 14, 7, 10, 17, 6, 1, 0, 11, 18, 20]]
[[10, 19, 31, 35, 22, 24, 6, 16, 5, 34, 15, 23], [10, 15, 18, 16, 20, 3, 2, 6, 11, 17], [28, 31, 7, 9, 0, 12, 15, 21, 39, 3, 10, 13, 32, 36, 20, 35, 8, 19, 1, 4, 5, 16], [10, 8, 14, 5, 4, 3, 11, 6, 0, 1], [10, 23, 1, 7, 12, 17, 4, 3, 8, 2, 0, 6], [21, 27, 10, 22, 25, 15, 18, 5, 16, 12, 11, 23]]
[[10, 13, 7, 12, 6, 11, 9, 18], [6, 12, 15, 13, 16, 9, 1, 11], [17, 5, 2, 7, 11, 0, 3, 6, 15, 12, 8], [9, 16, 29, 36, 2, 6, 18, 33, 3, 19, 25, 30, 34, 5, 14, 15, 23, 0, 20, 26, 31], [4, 13, 8, 17, 9, 14, 18, 2, 5, 6, 10, 11, 19, 3], [15, 24, 30, 33, 6, 8, 27, 0, 4, 3, 20, 2, 21, 19, 13, 17, 25, 16, 22, 28, 31]]
[[0, 2], [13, 5, 15, 18, 0, 3, 16, 19, 2, 14, 12, 10, 8], [14, 5, 17, 2, 18, 12, 1, 9, 11, 0, 8, 20, 3, 6], [10, 6, 0, 7, 9, 3], [5, 0, 3, 6], [7, 2, 8, 4, 10, 13, 22, 0, 5, 11, 14, 17], [11, 3, 17, 20, 0, 9, 21, 6, 8, 12, 4, 1, 16], [14, 15, 8, 17, 20, 26, 6, 9, 25, 29, 2, 5, 24, 0], [11, 3, 13, 0, 7, 17, 12, 10, 4, 14], [33, 28, 18, 1, 7, 11, 14, 25, 30, 35, 36, 2, 5, 8, 12, 15, 22, 31, 37, 10, 29, 4, 34, 32]]
[[26, 3, 5, 11, 20, 24, 29, 6, 12, 21, 4, 18, 17, 0, 1, 7, 9, 22, 27, 19], [13, 18, 6, 3], [5, 7, 3, 8, 1, 12, 6, 0], [11, 2, 13, 5, 6, 4, 3, 15], [9, 12, 3, 14, 0, 18], [6, 2, 13, 0, 7, 14, 18, 4, 3, 10], [2, 13, 6, 5, 8, 10, 17, 20, 0, 11, 15, 21], [7, 16, 8, 3, 11, 14, 18, 12, 19, 1]]
[[0, 1, 13, 12, 11, 2], [29, 13, 9, 18, 20, 26, 32, 0, 2, 7, 10, 16, 21, 27, 30, 34, 15, 6, 24, 36], [2, 14, 4, 28, 8, 12, 16, 19, 32, 0, 5, 17, 20, 3, 15, 29, 27, 11, 30, 13, 6, 21, 22, 36], [8, 20, 11, 3, 5, 14, 19, 28, 0, 6, 15, 22, 18, 13]]
[[13, 7, 0, 4, 6, 3, 15], [8, 15, 1, 4, 10, 13, 5, 11], [7, 30, 2, 23, 27, 1, 22, 8, 6, 26, 13, 28], [4, 8, 1, 2, 0, 11], [5, 2, 6, 13, 9, 1, 12, 0], [9, 2, 12, 0, 4, 13], [6, 10, 1, 4, 2, 7], [26, 3, 8, 12, 15, 19, 30, 4, 9, 13, 28, 11, 0, 27, 1, 16, 18, 23], [4, 9]]
[[5, 1, 2, 12, 3], [12, 7, 16, 4, 1, 11, 10, 13, 2, 5, 14, 17], [9, 33, 23, 0, 13, 16, 26, 30, 39, 1, 6, 14, 37, 25, 29, 5, 12, 36, 11, 24, 34, 17, 7], [9, 1, 3, 6, 15, 2, 18, 11], [12, 22, 1, 4, 7, 5, 3, 17, 2, 19]]
[[13, 10, 15, 18, 3, 8, 11, 19, 2, 7, 6, 14, 4], [17, 1, 4, 7, 12, 19, 5, 10, 13, 3, 2, 0], [5, 0, 8, 11, 20, 1, 9, 17, 7, 16, 6, 15], [12, 23, 14, 8, 16, 20, 0, 4, 17, 24], [12, 18, 4, 9, 22, 2, 23, 1, 7, 8, 0, 15, 13, 16], [5, 3, 9, 13, 24, 15, 18, 21, 25, 20, 2, 1, 14, 6, 7, 12]]
[[17, 7, 11, 12, 0, 13, 10, 8, 9, 18], [11, 16, 19, 0, 3, 6, 12, 20, 2, 9, 15, 8, 14, 10], [8, 6, 12, 4, 1, 3, 0, 9], [21, 2, 15, 5, 6, 11, 0, 7, 12, 19, 27, 18]]
[[3, 6, 0, 4, 8, 1], [9, 3, 5, 11, 17, 4, 10, 2, 19], [9, 5, 13, 17, 2, 10, 14, 1, 0, 3, 11, 15], [10, 18, 25, 2, 4, 13, 16, 22, 0, 14, 3, 11, 19, 26, 20, 27, 23, 24], [9, 16, 10, 7, 12, 19, 0, 4, 20, 2, 3, 11]]
[[10, 12, 15, 0, 11, 3, 16, 2], [8, 2, 6, 12, 3, 10, 1, 0, 13, 4], [5, 2, 7, 21, 23, 0, 3, 17, 24, 6, 16, 15, 20, 25, 18], [2, 4, 10, 14, 0, 3, 8, 7, 9, 11], [12, 23, 5, 7, 9, 17, 0, 3, 15, 18, 2, 14, 13, 21]]
[[11, 16, 5, 17, 4, 6, 10, 19, 8, 9, 15, 18], [18, 1, 5, 3, 8, 15, 24, 27, 30, 32, 6, 16, 25, 28, 2, 22, 21, 19], [15, 7, 10, 12, 18, 28, 31, 8, 13, 16, 19, 26, 6, 25, 24, 32, 27, 30, 33, 29], [16, 18, 20, 8, 11, 0, 9, 12, 21, 2, 19, 17, 23, 3, 22], [13, 23, 3, 15, 8, 27, 30, 34, 9, 25, 28, 35, 5, 18, 14, 16, 24, 36, 6, 10, 19, 21]]
[[14, 29, 33, 6, 10, 35, 0, 3, 11, 30, 36, 34, 2, 9, 19, 8, 15, 38, 4, 16], [15, 19, 5, 0, 10, 12, 22, 1], [15, 7, 12, 17, 0, 3, 9, 13, 18, 2, 8, 6], [21, 8, 11, 3, 12, 15, 1, 2, 0, 4, 9, 18, 22]]
[[5, 8, 11, 6, 12, 2, 10, 14, 3], [27, 2, 6, 1, 0, 22, 25, 29, 4, 3], [10, 12, 14, 2, 1, 13, 0, 11, 15], [9, 21, 10, 0, 12, 16, 7, 13, 17, 6, 11, 1, 15]]
[[19, 3, 5, 23, 6, 15, 21, 24, 4, 18], [4, 1, 7, 15], [12, 3, 9, 14, 18, 25, 6, 16, 19, 23, 27, 22, 5, 0, 4, 2], [46, 49, 2, 42, 0, 7, 43, 51, 5, 50, 39, 6, 1, 35, 41, 47, 54, 45, 38, 48, 8, 9, 37, 44, 52, 53, 34], [29, 31, 9, 11, 13, 21, 5, 14, 22, 27, 33, 26]]
[[13, 7, 4, 10, 11, 15, 1, 9, 8, 14, 6, 2], [5, 18, 2, 16, 0, 7, 4, 15, 13, 8], [22, 25, 29, 33, 7, 13, 17, 31, 4, 14, 28, 1, 9, 8, 10, 26, 12, 27], [5, 11], [9, 25, 11, 5, 14, 17, 22, 2, 15, 1, 12, 13, 10, 3, 6, 21, 23]]
[[29, 20, 26, 14, 19, 0, 11, 16, 23, 35, 38, 41, 1, 5, 12, 24, 27, 36, 39, 42, 21, 10, 33, 22, 34, 30, 2, 28], [40, 48, 2, 23, 52, 4, 6, 11, 26, 29, 34, 37, 45, 50, 0, 38, 53, 3, 24, 16, 25, 54, 15, 41, 49, 30, 35, 42, 19, 31, 22], [8, 9, 12, 11, 0, 16], [0, 3, 5, 6], [5, 7, 24, 14, 17, 28, 31, 35, 39, 0, 3, 8, 15, 22, 26, 2, 25, 6, 21, 12, 20, 9, 29, 13], [19, 6, 18, 0, 8, 11, 24, 26, 28, 31, 34, 1, 4, 9, 12, 29, 21, 20, 23, 7], [20, 2, 4, 6, 9, 15, 25, 0, 7, 10, 26, 14, 22, 21, 24, 27]]
[[6, 9, 3, 12, 16, 0, 4, 10, 19, 8, 15, 7], [5, 9, 24, 38, 47, 2, 6, 10, 35, 39, 8, 23, 42, 1, 0, 33, 43, 34, 37, 11, 40, 48, 3, 36], [8, 19, 28, 13, 16, 20, 7, 23, 15, 14, 24, 27, 18, 29, 17], [8, 28, 14, 17, 20, 23, 16, 18, 15, 24, 27, 19, 29, 7, 21], [8, 18, 27, 13, 19, 7, 22, 15, 16, 14, 23, 28, 17], [9, 23, 32, 17, 20, 24, 8, 27, 19, 18, 28, 31, 22, 25, 33, 21], [8, 20, 29, 17, 21, 7, 24, 16, 25, 28, 19, 30, 18, 15], [8, 19, 28, 13, 16, 20, 7, 23, 15, 14, 24, 18, 29, 17], [9, 21, 29, 15, 18, 8, 24, 17, 16, 25, 28, 20, 22, 30, 19], [9, 19, 28, 14, 17, 20, 8, 23, 16, 15, 24, 18, 29], [10, 21, 30, 15, 18, 22, 9, 25, 17, 19, 16, 26, 29, 20, 23, 31], [7, 8, 9, 5, 11, 15, 19, 2, 13, 16]]
[[19, 9, 2, 7, 13, 1, 6, 5, 22], [11, 15, 20, 31, 36, 2, 29, 38, 33, 35, 1, 14, 9, 28, 0, 8], [7, 14, 23, 30, 5, 10, 3, 21, 2, 13, 1, 20, 11, 15, 33, 16, 9, 17, 31], [7, 16, 19, 0, 13, 14, 11, 4, 20, 18, 8]]
[[8, 14, 20, 5, 9, 4, 13], [3, 14, 1, 5, 10, 2, 4, 15, 0, 13, 16], [20, 4, 8, 11, 12, 2, 3, 7, 9], [8, 2, 4, 11, 5, 3, 10], [7, 13, 10, 9, 1, 0, 14, 2], [24, 1, 8, 20, 2, 12, 21, 25, 11, 3, 4, 0, 6], [9, 5, 12, 3, 13, 2, 1, 21, 6, 14], [9, 15, 21, 26, 10, 7, 12, 24, 28, 33, 3, 30, 34, 2, 19, 20, 29, 11, 16, 13]]
[[9, 0, 10, 11, 1, 13], [5, 6], [10, 19, 23, 25, 0, 3, 14, 20, 26, 17, 2, 1, 6, 15, 27, 28], [13, 19, 2, 4, 8, 16, 21, 24, 0, 17]]
[[0, 9, 11, 8, 4, 1], [22, 27, 3, 13, 16, 0, 11, 17, 25, 6, 15, 24, 19, 14, 1, 4], [12, 15, 20, 5, 7, 3, 8, 18, 17, 10, 22, 13, 0], [0, 11, 4, 8, 13, 1], [13, 21, 29, 5, 18, 23, 26, 3, 8, 19, 24, 27, 7, 15, 10, 30, 17, 6], [2, 6, 14, 17, 24, 8, 26, 28, 10, 19, 30, 0, 11, 15], [17, 5, 8, 3, 9, 12, 15, 7, 14, 11, 6, 0], [13, 15, 0, 3, 2, 7, 14, 6], [18, 5, 8, 3, 9, 12, 16, 7, 15, 11, 6], [15, 19, 27, 5, 11, 8, 30, 33]]
[[0, 15, 1, 6, 8, 10, 16, 2, 7, 5, 18, 17], [11, 8, 16, 25, 0, 12, 6, 19, 23, 24, 14, 9], [7, 18, 2, 9, 15, 20, 22, 0]]
[[0, 8, 6, 5, 7, 1], [3, 5], [17, 1, 4, 9, 11, 13, 21, 19, 28, 8, 0, 18, 2, 33, 20, 31, 32]]
[[11, 2, 6, 8, 3, 13, 9, 4, 12], [15, 1, 10, 17, 19, 22, 29, 32, 24, 3, 16, 23, 0, 14, 20, 28, 2, 18, 21, 31, 30], [11, 16, 13, 0, 3, 14, 2, 21, 17, 22, 24, 4], [10, 31, 2, 6, 12, 26, 37, 17, 32, 16, 4, 3, 7, 11, 13, 25, 9, 14]]
[[23, 6, 13, 5, 12, 4, 19, 21, 24, 7, 17, 9, 14, 16], [7, 3, 12, 13, 16, 1, 0, 4], [4, 7, 5, 2, 1], [3, 16, 13, 17, 1, 12, 11, 4], [6, 31, 45, 8, 14, 40, 49, 9, 47, 50, 1, 19, 42, 24, 3, 17], [16, 19, 26, 8, 20, 0, 2, 10, 24, 22, 9, 21, 3], [7, 3, 1, 5, 11, 26, 4, 2, 8, 25, 0, 12, 13], [8, 19, 11, 16, 24, 25, 12, 14, 0, 17, 20, 13, 22, 15, 9, 18]]
[[10, 5, 20, 15, 21, 4, 19, 14, 11, 3, 9], [7, 3, 8, 5], [15, 6, 8, 11, 17, 0], [13, 5, 0, 3, 2, 15], [14, 24, 26, 15, 6, 17, 21, 0, 7, 13, 4, 8]]
[[12, 14, 17, 2, 4, 23, 0, 9, 8, 13, 18, 20, 16, 11, 21], [9, 13, 19, 24, 2, 15, 26, 0, 5, 11, 27, 8, 4, 10, 21, 25, 28, 22], [6, 1, 3, 10, 4, 11, 2, 0, 13], [22, 28, 38, 43, 51, 61, 74, 83, 142, 154, 102, 121, 138, 8, 19, 54, 77, 89, 106, 125, 143, 46, 56, 79, 91, 108, 127, 2, 5, 16, 30, 41, 63, 69, 85, 94, 96, 111, 130, 133, 150, 156, 0, 3, 26, 31, 49, 59, 70, 86, 103, 122, 139, 146, 151, 9, 101, 120, 137, 92], [11, 0, 4, 15, 2, 10, 9, 1, 12, 7, 13], [8, 18, 1, 4, 10, 13]]
[[16, 22, 17, 5, 19, 24, 11, 25, 4, 10, 3, 28, 18, 20, 31, 26, 30], [13, 2, 8, 18, 23, 25, 3, 19, 22, 7, 1, 6, 0, 20, 24, 26], [0, 11, 7, 13, 14, 1, 6, 5, 4, 2], [13, 9, 17, 4], [14, 3, 12, 19, 18, 2, 11, 8], [15, 19, 8, 0, 2, 17, 12, 9, 10, 3, 13, 4], [21, 27, 1, 3, 6, 11, 4, 12, 25, 2, 10, 18, 17, 0, 7, 8, 13, 22], [9, 1, 4, 17, 20, 21, 3, 13], [5, 13, 6, 8, 16, 2], [5, 25, 7, 14, 17, 8, 15, 11, 0, 12, 18, 19, 22, 26]]
[[12, 14, 2, 8, 0, 3, 9, 13], [7, 2, 6, 11, 14, 16, 3, 12], [7, 9, 1, 3, 14, 11, 15, 2, 10, 0], [14, 15, 0, 2, 9, 17, 10, 8, 7, 3, 16, 18, 19], [2, 4, 10, 1, 0, 3, 7]]
[[6, 3, 2, 7, 1, 8], [1, 3, 4, 2, 0], [0, 30, 6, 20, 15, 23, 26, 24, 33, 1, 12, 22], [4, 7, 12, 17, 30, 36, 8, 31, 37, 19, 24, 1, 15, 20], [], [11, 9, 3, 13, 4, 18, 0, 12, 21, 10, 17, 1], [5, 17, 32, 0, 2, 10, 15, 20, 26, 27, 35, 37, 21, 28, 38, 1, 3, 12, 11, 13], [9, 0, 2, 5, 16, 20, 22, 3], [15, 21, 11, 28, 26, 19, 25, 1, 4, 0, 9, 16, 5, 12, 29, 2]]
[[9, 22, 27, 15, 24, 0, 3, 2, 6, 7, 12, 5, 14, 25], [0, 13, 23, 28, 8, 16, 17, 22, 18, 24, 1, 21, 29, 20], [10, 18, 24, 6, 0, 15, 20, 22, 3, 8, 7, 13, 9, 14, 1, 21], [7, 12, 20, 3, 16, 18, 0, 5, 4, 11, 13, 17], [18, 3, 8, 11, 14, 16, 0, 5, 4, 15, 9, 19], [0, 10, 21, 4, 8, 17, 19, 1, 6, 11, 5, 15, 18, 12, 22], [14, 19, 25, 0, 9, 12, 21, 22, 10, 17, 4, 8, 7, 18, 1, 5]]
[[0, 28, 19, 14, 10, 17, 8, 15, 22, 24], [4, 7, 12, 11, 6, 5, 3, 8], [16, 27, 33, 1, 17, 5, 7, 19, 22, 20, 25, 2, 4, 8, 18, 34], [12, 19, 10, 2, 6, 14, 26, 21, 13, 11], [2, 5, 13, 9, 0, 11], [13, 25, 18, 7, 27, 0, 4, 20, 23, 9, 19, 3, 8, 10], [5, 14, 10, 2, 8, 12], [7, 9, 2, 20, 12, 15, 14, 11, 18, 19, 1, 21], [18, 20, 4, 14, 28, 2, 6, 15, 26, 21, 31, 11, 25, 8]]
[[1, 3, 10, 13, 8, 2, 7, 6, 12], [5, 8, 9, 3, 14, 16, 19, 11, 17, 1, 10, 15], [8, 10, 5, 14, 1, 7], [29, 2, 12, 11, 5, 18, 21, 0, 6, 16, 4, 13, 3, 15, 10, 7], [26, 10, 1, 12, 16, 20, 13, 3, 11, 2, 5, 9, 14], [26, 12, 7, 9, 16, 19, 23, 4, 17, 15, 13, 14, 8, 5, 20], [6, 18, 10, 12, 16, 23, 25, 28, 4, 13, 20, 29, 3, 11, 0, 7]]
[[12, 10, 14, 0, 4, 8, 15, 3, 7, 6], [9, 16, 31, 38, 50, 60, 80, 12, 19, 24, 36, 40, 42, 45, 48, 57, 73, 76, 3, 7, 13, 20, 22, 25, 27, 29, 34, 43, 46, 52, 58, 71], [7, 1, 4, 2], [7, 5, 12, 15, 2, 13, 16, 1], [15, 2, 6, 1, 4, 9, 12, 7, 10, 13], [19, 29, 2, 22, 4, 1, 6, 11, 24, 26, 7, 27, 3, 32], [13, 17, 2, 6, 5, 12, 10, 0, 9, 14]]
[[9, 15, 2, 10, 12, 4, 18, 5, 3, 11, 0, 13], [13, 14, 5, 9, 16, 0, 6, 2, 3, 4, 15, 17], [17, 4, 0, 9, 13, 18, 3, 1, 6, 10], [11, 13, 0, 4, 8, 14, 3, 7, 17, 18, 19, 6], [9, 23, 3, 7, 13, 16, 4, 1, 0, 5, 14], [17, 9, 15, 26, 0, 4, 10, 3, 7, 14, 6, 21], [6, 10, 25, 2, 4, 13, 16, 20, 0, 3, 11, 7, 14, 19], [11, 0, 5, 9, 4, 8], [10, 11, 0, 4, 12, 17], [11, 14, 25, 4, 6, 17, 20, 0, 5, 15, 1, 18], [20, 2, 4, 7, 11, 22, 8, 23, 3, 21, 0, 5]]
[[19, 4, 22, 24, 28, 32, 0, 18, 9, 25, 1, 7, 27], [11, 13, 9, 4, 16, 20, 37, 45, 2, 12, 1, 28, 5, 26, 27, 10, 30, 21, 33, 35], [7, 5, 9, 13, 24, 27, 30, 34, 10, 25, 35, 23, 8, 0, 29, 33, 36, 28]]
[[23, 5, 15, 4, 22, 14, 19, 3, 20, 26, 18, 21, 24, 25], [3, 0, 6, 2, 1], [19, 2, 4, 8, 11, 22, 24, 5, 9, 14, 25, 3, 12, 26], [16, 6, 23, 3, 8, 12, 20, 0, 4, 9, 17, 21], [17, 28, 8, 23, 38, 2, 11, 3, 12, 31, 42, 1], [11, 23, 3, 6, 18, 4, 15, 27, 0, 12, 24, 14, 26, 10], [7, 3, 13, 15, 1, 11, 23, 0, 8, 20, 10, 22], [17, 22, 3, 14, 1, 4, 9, 18, 26, 8, 0, 23], [14, 19, 12, 24, 26, 29, 3, 27, 1, 23, 7, 2, 18, 9]]
[[2, 4, 7, 5, 3, 0], [6, 8, 12, 19, 9, 4, 14, 11, 1, 10, 13, 2], [9, 7, 6, 1], [0, 25, 15, 17, 3, 22, 28, 13, 18, 20, 16, 7, 1, 14], [6, 1, 0, 2], [6, 8, 11, 13, 4, 9, 7, 5, 1], [7, 1, 0, 8], [21, 6, 8, 11, 16, 18, 4, 9, 7, 23, 5, 0], [3, 1, 0], [14, 25, 2, 5, 12, 19, 21, 28, 31, 9, 4, 3, 7, 10, 8, 15, 26, 20], [12, 16, 1, 14, 4, 5, 9, 3, 15, 2, 8, 0]]
[[10, 17, 3, 15, 8, 20, 6, 5, 4, 16, 18, 19, 14, 23, 9, 11], [5, 0, 7, 9, 12, 3, 10, 6], [23, 17, 2, 10, 19, 25, 0, 8, 20, 29, 28, 7, 18, 3, 24, 16, 11, 21], [5, 2, 8, 14, 18, 0, 9, 11, 15, 4], [17, 5, 0, 7, 3, 19, 6, 13, 22, 15, 12, 18], [9, 7, 18, 0, 11, 21, 1, 12, 26, 25, 8, 20, 16, 19, 10, 17], [4, 8, 0, 3, 10, 13, 16, 1, 14, 5], [5, 11, 24, 15, 7, 13, 20, 26, 0, 8, 17, 21, 27, 3, 12, 16, 28, 18], [7, 5, 0, 9, 11, 3]]
[[6, 16, 21, 11, 17, 22, 5, 10, 15, 4, 14, 13, 12, 18], [1, 8], [16, 3, 10, 13, 19, 23, 0, 11, 24, 9, 17, 1, 20, 21], [13, 5, 10, 17, 21, 27, 6, 14, 23, 1], [0, 21, 23, 25, 26, 2, 9, 16, 22, 13, 15, 4, 1, 20], [19, 0, 9, 4, 13, 21, 23, 11, 17, 10, 16, 5]]
[[18, 10, 5, 12, 15, 3, 13, 2, 11, 9, 6, 7, 16], [10, 15, 22, 1, 19, 4, 11, 24, 3, 21, 2, 20], [51, 5, 9, 43, 54, 2, 44, 49, 48, 1, 0, 6, 53, 23, 50, 24, 55, 3, 16, 27, 34, 39, 45, 28], [7, 8, 4, 10], [3, 1, 5, 0, 7, 4], [4, 18, 23, 0, 14, 1, 8, 19, 24, 7, 21, 2, 15], [], [9, 4, 1, 5, 0, 12, 10, 2], [5, 8, 3, 1, 6, 0], [11, 28, 36, 0, 31, 37, 23, 6, 13, 20, 16, 1, 26, 33], [3, 0, 5, 4, 9, 1], [0, 7, 13, 18, 20, 23, 10, 15, 21, 2, 9, 8], [17, 5, 8, 18, 1, 19, 22, 13, 0, 4, 16, 9], [5, 7, 12, 3, 8, 2], [], [12, 14, 8, 2, 17, 20, 0, 4, 5, 15], [7, 1, 4, 10, 3, 2, 0, 11, 5, 12]]
[[9, 4, 6, 12, 14, 2, 7, 10, 1], [5, 14, 16, 2, 19, 1, 15, 0, 7, 3], [19, 8, 5, 11, 13, 2, 1, 10, 9, 7, 3, 14], [20, 3, 6, 4, 13, 9, 1, 0, 22, 10, 2], [25, 7, 2, 4, 10, 21, 23, 30, 31, 0, 5, 11, 18, 8, 17, 9, 15, 16, 32, 19], [3, 5, 9, 12, 10, 4, 6, 8, 13, 14]]
[[7, 13, 4, 8, 3, 9, 6, 12, 5], [8, 2, 13, 5], [5, 25, 13, 17, 20, 2, 15, 10, 8, 1, 7, 12, 3, 11], [23, 41, 47, 48, 5, 18, 31, 39, 43, 50, 2, 11, 28, 37, 17, 1, 36, 0, 24, 35, 25, 27, 49, 44, 46, 3, 12, 16], [10, 13, 16, 22, 20, 4, 7, 24, 2, 5, 25, 1, 21, 18, 23, 14]]
[[5, 7, 0, 6], [13, 8, 9, 24, 23, 1, 11, 26, 29, 2, 17, 21, 27, 10, 25, 16, 20, 14], [3, 18, 5, 11, 15, 25, 28, 0, 21, 33, 20, 32, 4, 27, 1, 29], [16, 6, 10, 18, 21, 0, 7, 2, 9, 17, 5, 1, 15]]
[[14, 5, 10, 0, 3, 2, 8, 11, 7, 9], [25, 5, 14, 16, 0, 9, 12, 17, 7, 15, 21, 6, 22, 8], [26, 1, 12, 14, 7, 10, 15, 4, 13, 19], [23, 37, 33, 9, 17, 25, 0, 3, 11, 19, 27, 30, 35, 1, 4, 7, 12, 15, 20, 28]]
[[9, 12, 21, 3, 19, 16, 18, 10, 22, 4, 6, 17, 11, 20], [18, 0, 5, 19, 4, 3, 6, 8, 15], [9, 19, 2, 10, 15, 1, 18, 7, 13, 14], [24, 14, 19, 0, 15, 25, 10, 3, 9, 16, 8, 13, 26, 20, 17], [11, 21, 29, 5, 17, 24, 14, 7, 3, 13, 10, 26, 27, 6], [20, 13, 21, 8, 14, 16, 4, 0, 18, 24, 22, 9]]
[[8, 20, 12, 2, 10, 1, 7, 6, 9, 3, 17], [5, 23, 10, 14, 19, 3, 11, 15, 20, 1, 6, 0, 7, 2, 4, 16], [3, 16, 23, 5, 13, 17, 18, 21, 25, 24], [9, 19, 24, 2, 4, 14, 27, 0, 3, 18, 5, 20, 21, 22, 23, 26, 29, 28], [11, 21, 6, 18, 14, 2, 17, 1, 12, 16, 13, 7, 19]]
[[14, 23, 9, 15, 20, 8, 19, 22, 13, 17, 12, 16, 21, 10, 18], [9, 12, 5, 15, 3, 6, 16, 1, 13, 0, 14, 18], [16, 2, 4, 7, 13, 20, 0, 5, 18, 21, 3, 11, 14, 10], [11, 2, 4, 13, 7, 0, 5, 14, 3, 12], [21, 5, 7, 0, 12, 19, 15, 2, 11, 18, 3, 10, 17, 22, 4], [12, 0, 13, 1, 4, 3, 19, 8, 7, 15, 20, 9], [11, 5, 8, 3, 0, 2, 6, 9]]
[[9, 12, 15, 17, 22, 25, 3, 18, 23, 2, 14, 13, 19, 11, 16, 4, 20], [12, 4, 7, 5, 1, 0], [19, 0, 10, 14, 17, 22, 25, 5, 8, 15, 23, 4, 13, 12, 20, 11, 21], [5, 8, 11, 19, 6, 9, 17, 2, 16, 1, 0, 15], [18, 4, 0, 7, 9, 16, 22, 14, 19, 21, 6, 13, 5, 12, 23], [16, 5, 13, 18, 21, 0, 3, 11, 19, 2, 15, 10, 9, 17], [21, 3, 9, 12, 23, 7, 10, 6, 22, 18, 5, 19, 17, 13], [4, 7, 5, 1, 9, 10, 2], [14, 17, 2, 9, 15, 18, 1, 8, 13, 0], [10, 15, 7, 23, 26, 0, 5, 8, 24, 27, 2, 17, 4, 20], [10, 18, 0, 2, 5, 22, 25, 16, 23, 26, 14, 15, 19, 3, 20, 27], [24, 1, 9, 13, 17, 20, 27, 6, 18, 21, 28, 3, 2, 5]]
[[14, 11, 13, 18, 10, 7, 21, 17], [4, 1, 9, 13, 6, 10, 14, 3], [29, 32, 40, 4, 10, 18, 27, 35, 0, 16, 19, 36, 33, 2, 15, 23, 41, 42]]
[[20, 10, 14, 7, 9, 6, 22, 8], [6, 1, 4, 8], [9, 10, 4, 13, 18, 0, 14, 19, 2, 15, 11, 3], [7, 17, 1, 3, 15, 19, 22, 13, 20, 23, 2, 12, 11, 0], [12, 23, 3, 5, 2, 8, 0, 9, 18, 4, 17, 19]]
[[11, 6, 8, 13, 16, 3, 2, 12, 14, 10, 17, 5, 4], [1, 10, 3, 7, 20, 23, 4, 2, 11, 0, 9, 24, 25, 21, 18], [13, 5, 14, 19, 0, 7, 9, 16, 10, 21, 6, 22, 20, 15, 1, 11], [5, 1, 3, 7, 13, 16, 14, 2], [8, 0, 6, 1], [1, 8, 7, 12, 14, 2, 11, 9, 15], [2, 4, 14, 5, 11, 8, 0, 1], [1, 3, 18, 22, 5, 8, 23, 15, 2, 9, 4, 0, 16, 11, 24], [8, 11, 2, 16, 19, 13, 17, 3, 12, 18, 14], [4, 8, 10, 13, 16, 14, 2, 5, 11, 6, 3], [24, 10, 4, 7, 17, 2, 12, 1, 11, 0, 9, 5, 25]]
[[6, 3, 2, 7, 5, 8, 4], [12, 1, 3, 7, 19, 2, 13, 14, 0], [6, 26, 37, 4, 9, 12, 16, 39, 43, 2, 10, 17, 1, 35, 36, 38, 13, 11, 18, 41, 42, 23, 32], [10, 14, 24, 1, 17, 3, 20, 26, 7, 2, 8, 18]]
[[12, 14, 10, 17, 3, 15, 21, 2, 13, 9, 20, 4, 8, 19, 11, 5], [8, 1, 4, 3, 5], [17, 3, 5, 14, 15, 19], [9, 23, 2, 4, 7, 26, 28, 0, 5, 10, 29, 18, 3, 15, 17, 14, 24, 19]]
[[22, 8, 4, 10, 13, 16, 2, 11, 1, 9, 7, 5, 17], [11, 1, 4, 9, 14, 10], [20, 6, 5, 0, 8, 10, 13, 1, 7, 4, 14, 17], [10, 35, 1, 3, 5, 15, 23, 28, 38, 6, 13, 24, 36, 39, 2, 19, 22, 11], [10, 20, 1, 4, 6, 15, 18, 3, 2, 11, 12, 16, 7, 13], [13, 17, 19, 22, 2, 5, 8, 21, 26, 3, 1, 0, 20, 18], [7, 4, 14, 18, 22, 12, 15, 20, 9, 1, 2, 11, 19, 8, 5, 23]]
[[26, 0, 23, 20, 24, 28, 31, 32, 15, 30, 17, 27, 18, 19, 12, 25, 29, 22], [12, 2, 14, 3, 9, 10, 1, 8], [9, 6, 1, 11, 3, 7, 10, 2], [5, 2, 6, 14, 1, 0, 8, 3], [11, 32, 15, 7, 21, 25, 28, 38, 42, 45, 49, 52, 56, 3, 8, 26, 29, 39, 43, 50, 53, 59], [7, 10, 2, 12, 23, 0, 13, 18, 24, 22], [20, 9, 11, 12, 4, 8, 15, 0, 5, 6, 2], [13, 2, 8, 3, 1, 0, 4]]
[[10, 14, 17, 20, 25, 0, 3, 18, 7, 6, 15, 4, 8, 21], [10, 12, 15, 3, 17, 20, 28, 31, 0, 4, 18, 24, 29, 27, 7, 16, 13, 11, 1, 25, 8], [18, 30, 4, 9, 16, 22, 23, 26, 0, 5, 10, 14, 20, 24, 8, 13, 3, 2, 19, 29, 31], [5, 18, 19, 2, 8, 15, 22, 0, 3, 6, 9, 12, 21, 20, 13, 16]]
[[5, 17, 13, 4, 16, 12, 3, 15, 10, 14, 8], [7, 11, 2, 8, 1, 0, 6, 10, 9], [17, 2, 8, 4, 12, 14, 0, 5, 11, 3], [15, 17, 6, 23, 2, 19, 1, 9, 0, 8, 10, 20], [7, 17, 2, 14, 1, 12, 13, 0, 8, 9], [7, 9, 4, 15, 23, 27, 31, 34, 0, 5, 11, 24, 32, 35, 20, 10, 2, 14, 19, 16, 28, 21]]
[[2, 11, 15, 18, 0, 5, 12, 4, 10, 9, 19, 13], [9, 23, 12, 15, 18, 13, 1, 2, 4, 0, 10], [20, 0, 5, 8, 3, 21, 11, 14, 24, 13, 26, 1, 22, 28], [16, 23, 31, 3, 33, 12, 28, 0, 7, 13, 19, 29, 34, 5, 4, 6, 18, 27]]
[[10, 17, 22, 4, 15, 18, 3, 14, 13, 16, 5, 23, 24], [20, 3, 6, 22, 16, 23, 27, 1, 21, 0, 19, 4, 28, 29, 2, 25, 17, 24], [19, 17, 4, 13, 21, 23, 26, 2, 11, 27, 1, 18, 20, 16, 24, 22, 30], [10, 24, 0, 8, 15, 18, 30, 33, 16, 19, 27, 14, 4, 25, 6, 26, 1, 9, 22, 7], [2, 1, 3]]
[[7, 4, 2, 8, 6, 1, 9], [8, 20, 12, 15, 2, 1, 7, 6, 21, 3, 10], [18, 3, 14, 20, 4, 13, 1, 7, 15, 2, 9, 16], [15, 2, 21, 17, 4, 9, 12, 23, 26, 0, 5, 27, 3, 18, 22, 16, 19, 6, 7, 24]]
[[8, 10, 3, 2, 11, 4], [5, 9, 2, 1, 6, 8, 0, 3], [0, 8, 20, 24, 1, 6, 9, 14, 18, 5, 17, 16, 19, 12, 15], [1, 20, 8, 21, 5, 12, 7, 13, 0, 11, 22, 2, 3], [6, 11, 15, 21, 1, 13, 5, 10, 0, 9, 16, 22, 14], [2, 5, 9, 12, 17, 20, 0, 10, 18, 8, 16, 15, 14, 6]]
[[7, 9, 2, 1, 8, 6], [17, 31, 1, 5, 9, 13, 19, 22, 6, 23, 27, 12, 3, 2, 18, 0, 14, 7, 15, 21], [25, 29, 8, 13, 17, 21, 30, 11, 3, 16, 12, 15, 23, 32, 9, 31, 0], [9, 19, 4, 11, 2, 6, 15, 25, 0, 26, 5, 12, 21, 13, 20, 16], [5, 9, 13, 15, 18, 16], [12, 13, 8, 15, 25, 5, 9, 2, 4, 1, 0, 14, 26, 6]]
[[5, 7, 0, 6, 4, 8, 1], [8, 9, 11, 1, 3, 12, 2, 0, 10, 15], [10, 21, 2, 5, 13, 17, 0, 6, 18, 4, 3, 11, 12, 23, 14], [11, 14, 24, 21, 2, 18, 7, 1, 15, 16, 0, 17, 3, 8, 19], [16, 7, 0, 13, 20, 28, 3, 29, 8, 17, 10, 18, 21, 19, 1, 11, 22, 23]]
[[7, 0, 4, 8, 6, 3, 5, 9], [6, 13, 23, 14, 4, 8, 11, 17, 2, 9, 1, 15, 0, 16, 24, 21], [31, 19, 3, 0, 4, 12, 16, 26, 35, 15, 25, 34, 10, 21, 29, 11], [3, 10, 16, 19, 4, 11, 17, 7, 14, 0, 12], [2, 9, 14, 16, 6, 0], [], [10, 1], []]
[[6, 8, 11, 2, 9, 12, 1, 7], [3, 16, 11, 14, 8, 12, 6, 1], [23, 19, 4, 6, 13, 16, 0, 14, 21, 8], [14, 1, 5, 2, 15, 0, 3], [15, 5, 4, 16, 6, 8, 18], [5, 13, 16, 10, 14, 8, 1, 0, 9, 3], [14, 3, 4, 5, 7, 15], [14, 3, 4, 6, 12, 5], [18, 5, 4, 7, 13, 6, 12, 19, 10, 8], [7, 6], [6, 9, 10, 12, 16, 4, 13, 3], [6, 22, 19, 8, 16, 20, 14, 1]]
[[8, 14, 18, 0, 3, 15, 19, 17, 2, 7, 11, 10, 6, 9, 4], [12, 1, 4, 14, 6, 16, 7, 2], [11, 26, 2, 12, 15, 9, 19, 23, 0, 5, 17, 24, 27, 3, 16, 13, 21, 6], [0, 14, 23, 7, 10, 18, 22, 8, 11, 15], [6, 21, 8, 3, 24, 11, 26, 32, 0, 4, 15, 27, 2, 7, 22, 30, 31, 25, 20, 9, 14], [16, 2, 5, 6, 8, 11, 14, 3, 9, 1, 7, 0, 12], [25, 11, 14, 0, 6, 17, 20, 1, 4, 7, 18, 27, 3, 12, 15, 26, 10, 28], [22, 1, 4, 8, 3, 12, 20, 2, 15, 11, 19, 0], [10, 23, 28, 19, 18, 6, 13, 21, 26, 0, 7, 14, 20, 4, 8, 3, 11, 5, 9, 24]]
[[0, 4, 3, 10, 9, 8, 5, 7], [8, 10, 13, 16, 5, 14], [14, 2, 5, 7, 10, 18, 23, 25, 0, 8], [10, 18, 38, 27, 5, 13, 15, 24, 32, 35, 0, 3, 6, 21, 29, 33, 2, 28, 19, 26, 20, 11, 37, 7, 22, 30]]
[[22, 20, 7, 11, 15, 6, 10, 9, 8, 19, 0, 12], [19, 26, 16, 12, 10, 13, 24, 1, 18, 17, 23, 20, 2, 3], [4, 2, 1, 11, 5, 10], [15, 1, 3, 7, 2, 4, 6, 12], [12, 24, 2, 1, 4, 15, 19, 3, 22, 10, 25, 13], [15, 18, 3, 1, 5, 9, 4, 10, 16, 6, 8], [6, 21, 24, 12, 3, 15, 1, 19, 13, 0, 18, 22, 25, 16], [16, 12, 5, 3, 14, 20, 7, 1, 13, 2, 19, 11], [3, 14, 9, 0, 7, 17, 15, 18, 1, 10, 12]]
[[20, 24, 30, 0, 9, 11, 26, 33, 36, 4, 7, 13, 16, 22, 27, 34, 19, 6, 15, 21, 17, 12], [9, 2, 16, 19, 0, 5, 11, 17], [10, 18, 23, 19, 2, 7, 15, 0, 3, 8, 16, 25, 28, 6], [11, 25, 1, 4, 9, 17, 22, 3, 2, 14, 15, 19, 5, 8], [6, 11, 24, 2, 14, 21, 12, 15, 22, 1, 19, 9], [15, 33, 18, 16, 0, 12, 26, 1, 5, 10, 13, 7, 9, 17, 25, 21, 19, 2, 22, 8], [5, 9, 7, 15, 18, 21, 24, 31, 10, 16, 22, 25, 29, 28, 8, 2], [27, 17, 19, 8, 12, 14, 23, 6, 9, 25]]
[[7, 11, 3, 8, 6, 2, 10, 4], [6, 33, 10, 14, 18, 21, 2, 8, 19, 22, 17, 1, 0, 7, 23, 3, 12], [8, 3, 5, 0, 4, 6], [14, 2, 4, 9, 0, 3, 5, 6], [11, 17, 20, 4, 15, 0, 5, 13, 23, 2], [0, 18, 26, 29, 13, 5, 8, 16, 20, 33, 2, 6, 9, 21, 31, 1, 14, 11, 24, 25, 12, 30, 15], [22, 1, 7, 15, 16, 19, 4, 8, 13, 17, 20, 23, 26, 3], [0, 15, 6, 11, 18, 7, 12, 1, 2, 10, 3, 17], [5, 12, 15, 0, 19, 1, 18, 6, 7, 10], [7, 13, 27, 17, 21, 24, 31, 5, 16, 28, 4, 11, 0, 14, 8, 15, 22, 6, 19, 23, 25, 29]]
[[11, 9, 0, 5, 4, 3, 6, 8], [3, 13, 1, 5, 10, 16, 11, 14, 2, 0, 4, 8, 17, 18], [21, 2, 4, 15, 18, 0, 5, 3, 12, 11, 16, 19, 22, 6, 13], [29, 2, 8, 13, 4, 6, 17, 20, 0, 21, 24, 3, 14, 9, 10, 11, 15, 18]]
[[9, 16, 11, 18, 13, 22, 0, 4, 19, 3], [7, 0, 1, 14, 15, 4, 8, 9], [7, 12, 0, 4, 8, 2], [13, 7, 11, 0, 4, 8, 14, 3, 5, 9], [14, 6, 11, 1, 2, 3, 0, 7, 12, 5]]
[[14, 15, 4, 8, 18, 21, 24, 22, 3, 16, 17, 19, 7, 20, 23], [8, 10, 14, 21, 27, 11, 19, 22, 32, 31, 1, 9, 30, 25, 0, 26, 7, 2, 28, 3, 12], [3, 8, 12, 15, 1, 11, 10, 9, 16, 2], [4, 7, 14, 2, 13, 12, 1, 0, 15, 5], [11, 6, 16, 18, 7, 2, 13, 1, 12, 15, 0, 10, 19, 20], [25, 1, 4, 10, 15, 11, 20, 9, 8, 2, 14, 12, 13], [8, 1, 9, 5, 12, 15, 6, 13, 2, 10], [0, 6, 10, 14, 16, 1, 11, 5, 9, 8, 15, 17], [3, 8, 11, 14, 4, 7, 2, 1, 0, 9], [4, 13, 5, 2, 7, 9, 16, 1, 11, 6, 14, 10, 3, 8]]
[[18, 3, 7, 21, 0, 4, 8, 12, 22, 2, 6, 11], [7, 16, 14, 4, 11, 1, 8, 0], [6, 7, 0, 1, 13, 17, 20, 14, 18, 16, 8, 10, 27, 9], [16, 9, 22, 15, 32, 33, 25, 29, 2, 23], [11, 17, 4, 12, 15, 1, 9, 2, 6, 5]]
