[[7, 8, 5, 3, 15, 14, 2, 11, 9, 6, 12], [8, 3, 20, 0, 1, 5, 9, 18, 17, 12, 7, 16, 19, 21], [4, 12, 0, 10, 14, 16, 8, 13, 3, 5, 6, 1, 11, 15, 18], [7, 10, 0, 3, 11, 5, 2, 8, 12], [7, 26, 32, 3, 17, 22, 31, 1, 8, 10, 18, 19, 23, 29, 5, 28, 4, 13, 27, 33, 34, 16, 21, 11]]
[[2, 4, 7, 5, 3, 6, 8], [4, 1, 8, 10, 0, 5, 9], [4, 6, 7, 5, 9, 0], [10, 5, 11, 1, 0, 6, 4, 3]]
[[8, 13, 17, 30, 0, 6, 26, 11, 21, 4, 7, 14, 18, 27], [17, 31, 38, 46, 1, 6, 7, 4, 18, 47, 51, 48, 2, 9, 10, 39, 26]]
[[2, 8, 5, 0, 9, 7, 3, 10], [5, 0, 2, 1], [5, 14, 7, 6, 9, 11, 1, 0, 8, 4, 10, 12], [5, 1, 2, 6], [9, 4, 6, 0, 5, 2], [12, 18, 2, 5, 8, 16, 4, 3, 0, 17, 6], [8, 10, 7, 2, 0, 6, 9, 1, 11], [7, 1, 8, 12, 10, 13, 4, 5]]
[[11, 2, 5, 3, 13, 1, 8, 7, 12, 9], [3, 12, 4, 5, 8, 11, 15, 18, 1, 0, 24, 22, 25, 7, 10, 23], [13, 12, 4, 10, 1, 11, 9, 2, 5], [9, 12, 4, 6, 1, 0, 13, 10, 14, 5, 7, 2]]
[[9, 3, 12, 20, 25, 2, 11, 24, 1, 10, 4, 6, 21, 26, 28], [4, 5, 6, 0, 1], [7, 1, 0, 9], [5, 12, 6, 0, 1, 8, 9, 13, 10, 3, 14]]
[[10, 4, 6, 2, 7, 12, 1, 19, 11, 9, 18, 15, 13], [3, 9, 1, 4, 2, 10, 11, 5, 6], [9, 5, 14, 18, 22, 3, 15, 19, 12, 10, 17, 20, 4], [6, 1, 4, 9, 11, 3, 2, 7, 12]]
[[12, 6, 9, 1, 10, 8, 7, 13, 5, 2, 11], [5, 8, 10, 13, 2, 6, 11, 15, 3], [2, 4, 5], [2, 4, 3, 8, 6], [8, 3, 0, 6, 4, 2], [10, 0, 4, 3, 6, 12, 7, 9], [4, 8, 9, 20, 25, 29, 27, 36, 41, 2, 17, 35, 0, 40, 24, 34, 5, 10, 11, 37, 13, 12, 18, 21, 3, 6, 28]]
[[10, 20, 4, 11, 3, 17, 9, 8, 19, 18, 23, 22, 14, 15], [1, 10, 0, 9, 4, 5, 8, 6], [15, 8, 5, 6, 10, 13, 3, 0, 12, 14, 2, 9, 7]]
[[16, 13, 4, 15, 2, 1, 8, 14, 7, 12, 9, 5, 17], [9, 7, 1, 5, 3, 10, 6, 12, 15], [4, 7, 0, 3, 6, 8, 1], [4, 0, 2, 5, 6], [9, 3, 14, 12, 1, 0], [2, 10, 7, 3, 0, 6], [6, 3, 4, 1, 0], [0, 3, 1, 13, 12, 2, 7], [7, 4, 2, 8, 5, 0, 9]]
[[4, 14, 12, 19, 0, 8, 7, 15, 11, 13], [8, 11, 5, 0, 2, 3, 10, 7, 14], [14, 2, 6, 17, 1, 3, 15, 4, 16, 18, 11], [14, 6, 7, 10, 1, 8, 5, 12, 2], [2, 0, 5], [10, 0, 3, 2, 12, 7, 1, 6, 9, 11], [0], [5, 0, 7, 9, 1, 4, 3, 6, 8], [2, 9, 16, 1, 18, 3, 13, 11, 8, 17, 10, 12, 5, 7, 0], [8, 11, 17, 24, 1, 5, 22, 7, 20, 4, 21, 9, 18, 10], [8, 10, 7, 6, 9]]
[[1, 9, 3, 6, 12, 19, 22, 26, 4, 20, 24, 17, 2, 23, 18, 21, 10], [4, 6, 9, 7, 0, 8, 2, 3], [6, 0, 5], [1, 0], [16, 6, 11, 14, 12, 17, 1, 0, 9, 2, 3], [1, 9, 11, 2, 10, 8, 12, 13], [5, 8, 11, 14, 2, 6, 12, 4]]
[[4, 18, 2, 11, 1, 7, 14, 6, 13, 16, 9], [3, 5, 6, 1, 4, 9], [6, 0, 3, 9, 2, 1, 7, 4, 10]]
[[11, 16, 8, 1, 0, 6, 5, 7, 2, 9], [1, 9, 3, 0, 2], [4, 7, 3, 18, 0, 8, 9, 1, 20, 10, 21], [9, 15, 0, 1, 6, 19, 4, 11, 16, 21, 7, 20]]
[[7, 10, 2, 5, 1, 11, 3, 8], [4, 8, 1, 0, 7, 5, 6, 2], [2, 0, 3, 1, 4, 5], [5, 1, 0, 2, 6, 7, 3], [9, 5, 12, 1, 0, 10, 7, 11]]
[[3, 9, 12, 10, 2, 11], [5, 0, 4, 6, 1], [5, 7, 9, 11, 3, 0, 6, 4, 10, 14], [1, 2, 0, 6, 5, 7], [8, 12, 0, 5, 9, 10, 13], [8, 4, 6, 0, 5, 12, 9, 11, 2], [4, 6, 1, 2, 5, 3]]
[[12, 6, 15, 2, 1, 7, 18, 9, 13, 5, 11, 3, 14], [7, 2, 4, 0, 5, 9, 12, 13, 8, 10, 14], [0, 3, 1, 8, 12], [7, 4, 3, 5, 1, 8], [8, 2, 4, 6, 9, 1, 5, 13, 11, 7], [4, 1, 2, 5, 7, 0]]
[[5, 11, 2, 7, 10, 6], [0, 2, 5, 8], [11, 1, 3, 13, 18, 12, 16, 14], [6, 2, 3, 11, 13, 16, 10, 4, 7, 5, 12, 17, 14]]
[[0, 7, 9, 5, 4, 3, 11, 1, 8, 10], [4, 2, 14, 1, 15, 18, 0, 5, 11], [8, 15, 2, 4, 19, 0, 9, 1, 13, 16, 17], [5, 11, 10, 6, 2], [7, 2, 9, 3, 1, 0, 5], [20, 5, 9, 15, 19, 7, 11, 6, 1, 16, 8], [4, 2], [6, 1, 2, 10, 0, 3, 9], [4, 5], [8, 4, 3, 5, 0], [4, 1, 5], [1, 7, 8, 0, 4], [4, 3], [10, 14, 4, 1, 2, 15, 11, 5], [6, 2, 0, 7, 3, 5, 1]]
[[3, 0, 7, 1, 4, 2, 5], [17, 1, 12, 10, 20, 22, 15, 2, 3, 14, 21, 13, 18, 19, 0, 16, 8], [0, 3, 5, 6, 1], [7, 0, 3, 5, 9, 1, 4], [5, 10, 1, 2, 6, 3, 4, 9], [9, 7, 3, 1, 10, 0, 11, 8], [7, 11, 6, 8, 5, 2, 12, 0, 14, 13], [5, 2, 8, 0, 7, 6, 4, 9]]
[[4, 6, 8, 0, 5, 2], [5, 0, 6, 4, 2], [5, 2, 8, 6, 7, 9, 0], [2, 6, 3, 1]]
[[2, 5, 10, 11, 12, 3, 1, 9, 8, 14], [9, 8, 2, 11, 5], [7, 10, 11, 1, 0, 12, 2, 4, 13], [9, 7, 0, 10], [14, 1, 4, 7, 3, 2, 12, 16, 0, 8, 15], [3, 4, 0, 7, 6], [2, 3, 7, 6, 1, 0, 5]]
[[16, 17, 4, 7, 12, 14, 8, 6, 11, 15, 18, 13, 0, 2, 9], [7, 1, 2, 8, 9, 3, 4, 11], [2, 9, 3, 0, 8, 1, 6, 4], [4, 2, 6, 7, 8, 0, 3, 9], [12, 23, 29, 34, 1, 2, 27, 30, 32, 5, 28, 16, 18, 31, 35, 36, 3, 17]]
[[8, 17, 24, 0, 5, 7, 4, 14, 13, 26, 21], [10, 0, 2, 12, 14, 1, 4, 5, 11, 6, 15], [5, 6, 8, 3], [8, 26, 21, 27, 5, 15, 0, 4, 18, 20, 25, 17, 9, 14, 28], [2, 6, 10, 1, 4, 9, 0, 3], [2, 7, 4, 1, 0, 3, 8]]
[[7, 6, 3, 9, 11, 1, 8, 5, 2], [7, 1, 0, 2], [2, 4, 5, 0, 1, 3], [8, 1, 7, 0, 6, 9, 4, 10], [6, 0, 1, 5, 2], [7, 9, 2, 6, 1, 8, 5, 0], [7, 16, 10, 2, 15, 6, 1, 9, 12, 0, 5, 14]]
[[5, 11, 13, 0, 3, 14, 2, 9, 8, 6, 4, 15, 16], [4, 1, 6, 0, 2, 8], [13, 3, 5, 9, 15, 21, 6, 18, 1, 7, 16, 19, 25], [18, 1, 2, 8, 20, 3, 21, 23, 16, 17, 19, 22, 4, 5], [0, 3, 2, 7, 6, 4, 8], [8, 11, 3, 4, 9, 0, 7], [19, 3, 6, 12, 21, 7, 18, 0, 24, 1, 23, 20, 13, 25, 17, 11, 2]]
[[19, 1, 9, 12, 0, 17, 21, 18, 8, 13], [9, 2, 0, 3, 5, 6, 10]]
[[11, 13, 8, 0, 3, 6, 2, 14, 5, 4], [1, 3, 0, 2, 4], [6, 10, 0, 1, 4, 12, 14, 9, 11, 15], [0, 1, 2], [5, 9, 3, 4, 8, 7], [38, 5, 1, 23, 2, 17, 19, 30, 31, 34, 0, 32, 22, 15, 6, 21, 18, 24, 35, 29, 28], [3, 0, 4, 2, 5], [0], [1, 0, 2]]
[[4, 16, 0, 2, 7, 10, 1, 5, 3], [3, 10, 2, 6], [3, 0, 7, 6, 4], [2, 4, 10, 7, 9, 3], [3, 9, 11, 8, 0, 6, 7]]
[[18, 7, 9, 0, 3, 2, 8, 6, 5, 4, 10, 11], [4, 0, 1, 10, 8, 17, 7, 16, 14, 9, 2], [1, 0, 2], [3, 5, 0, 4, 6, 2], [2, 1, 7, 4, 9, 10, 8, 3, 0, 13, 5, 11], [11, 14, 5, 4, 9, 3, 8, 12, 13, 6, 0], [2, 6, 1, 7, 8, 5], [5, 6, 2, 7, 1, 3, 8], [5, 4, 3, 0, 2, 11], [11, 5, 8, 14, 6, 9, 2, 0, 3]]
[[10, 3, 2, 8, 7, 9], [4, 1, 7, 2, 5, 10, 11, 13], [4, 10, 8, 2, 9], [8, 1, 9, 2, 3], [13, 9, 7, 1, 6, 0, 5, 14, 2, 12, 10], [3, 0, 2, 5, 10, 13, 6], [5, 8, 11, 14, 3, 4, 9, 10, 13]]
[[4, 9, 0, 5, 6, 2], [3, 4, 6, 1, 5], [11, 3, 7, 8, 0, 12, 10, 5, 1], [0, 4, 2, 3, 1]]
[[7, 10, 12, 17, 4, 18, 0, 3, 19, 5, 8, 15, 1], [5, 13, 17, 6, 9, 11, 2, 8, 0, 14, 10, 18, 15], [0], [8, 3, 6, 7, 0, 4, 5, 9, 1]]
[[10, 12, 3, 2, 11, 9, 8, 4, 5], [9, 4, 0, 2, 3], [8, 1, 3, 0, 9, 2, 5, 11], [6, 9, 1, 8, 7, 10, 3], [0, 7, 2, 1]]
[[7, 3, 9, 12, 1, 0, 8, 6, 4, 13], [7, 11, 8, 0], [3, 10, 5, 7, 12, 2, 11, 4], [2, 5, 3], [5, 3, 0, 2, 1, 8, 4], [3, 8, 2, 1, 7, 9, 10, 11], [4, 11, 0, 6, 9, 12, 1, 10], [4, 8, 11, 2, 5, 12, 0, 9, 10], [4, 7, 1, 0, 5, 6]]
[[11, 3, 8, 2, 7, 6, 10], [2, 0, 4, 3, 8], [8, 13, 3, 0, 17, 1, 11, 18], [12, 3, 6, 8, 9, 18, 0, 10, 16, 15, 17, 13, 2]]
[[5, 4, 13, 7, 12, 6, 9, 15, 18, 20], [0, 3, 4], [5, 2, 1, 0, 6, 7, 3], [10, 0, 5, 12, 3], [5, 0, 4, 9, 12, 10, 13], [4, 11, 17, 18, 9, 1, 21, 10, 0, 5, 14, 6, 22], [5, 0, 1, 12]]
[[15, 12, 9, 11, 8, 21, 16, 17, 10, 14, 20, 18], [2, 12, 18, 20, 15, 6, 3, 4, 9, 13, 7], [1, 0, 8], [17, 4, 10, 11, 1, 0, 7, 12, 18, 5], [12, 2, 10, 16, 1, 0, 15, 17], [10, 14, 6, 4, 7, 11, 1, 2]]
[[8, 0, 10], [9, 3, 0, 2, 10, 4], [0, 1], [10, 22, 3, 5, 8, 16, 13, 2, 12, 23, 7, 6, 14], [10, 1, 11, 12, 5, 6, 9]]
[[7, 10, 2, 6, 5, 1, 4, 11], [11, 3, 10, 6, 2, 1, 0, 12], [8, 5, 10, 3, 6, 12, 1, 2, 14, 0, 9, 11], [5, 3, 6, 0, 7], [11, 4, 8, 0, 3, 9, 5, 12, 2, 6, 14], [12, 0, 3, 16, 11, 15, 1]]
[[4, 8, 7, 6, 9, 5, 11], [4, 0, 6, 9, 1, 15, 10, 8, 7, 11], [0, 3, 1, 5, 4], [7, 1, 2, 3, 6, 0, 4], [0, 14, 5, 12, 16, 4, 1, 9, 10, 17, 2], [4, 1, 2, 6], [3, 0, 1, 4, 9], [6, 7, 2, 3, 11], [2, 4, 9, 7, 1, 8, 5], [3, 6, 1, 0], [1, 7, 0, 5, 4, 8, 2, 9], [8, 11, 9, 5, 0, 4, 1, 3]]
[[10, 16, 7, 12, 2, 13, 14, 1, 6, 5, 11, 15, 17], [6, 12, 4, 1, 3, 0, 7, 5, 8], [1, 5, 4, 0], [7, 11, 6, 8, 10, 15], [15, 8, 10, 18, 9, 12, 14, 16], [7, 10, 6, 15, 16, 19, 8], [26, 9, 14, 19, 23, 5, 21, 7, 25, 24]]
[[19, 12, 2, 6, 9, 15, 22, 0, 3, 7, 13, 17, 1, 21, 20, 18, 16, 4, 23], [4, 13, 19, 20, 6, 1, 8, 0, 7, 11, 16, 17, 21, 3, 2], [0, 3, 7, 10, 5, 6, 1, 2], [5, 1, 0, 2], [9, 11, 4, 7, 13, 5, 1, 14, 0, 2], [12, 9, 14, 17, 15, 4, 13, 10, 11, 18, 0], [15, 2, 5, 12, 1, 16, 3, 0, 18, 11], [13, 28, 2, 6, 19, 34, 3, 21, 26, 31, 8, 12, 18, 25, 29, 11, 20, 30, 4, 22, 0, 9, 32, 16]]
[[10, 16, 4, 2, 13, 1, 9, 7, 0, 6, 18, 14], [1, 3, 0, 6, 4], [4, 7, 0, 3, 6, 5, 2], [6, 13, 11, 1, 0, 7], [0, 3, 2], [12, 4, 16, 3, 8, 7, 11, 1, 2, 21], [5, 7, 2, 3]]
[[13, 5, 14, 4, 2, 9, 6], [2, 1, 0, 7, 5, 3], [4, 5, 2, 8, 1, 0, 3], [4, 0, 1, 10, 12], [7, 15, 3, 4, 12, 0, 5, 17, 2, 22, 16, 23, 18], [4, 42, 0, 5, 33, 40, 43, 10]]
[[2, 4, 10, 3, 5], [2, 11, 7, 0, 5, 9, 12, 1], [8, 0, 1, 6], [6, 7, 10, 2, 3, 1, 9, 4], [0, 7, 8]]
[[1, 8, 13, 5, 10, 11, 6, 17], [1, 0, 2], [1, 0, 9, 13], [19, 9, 26, 7, 16, 4, 21, 22, 24, 27, 13, 25], [4, 5, 0, 1, 2, 7]]
[[3, 10, 16, 2, 8, 4], [1, 6, 0, 4], [9, 7, 12, 13, 3, 6, 5, 10, 4, 8, 14], [5, 7, 11, 0, 6, 10, 9, 8, 4, 12, 1]]
[[8, 3, 10, 2, 13, 9, 7, 11, 0, 4, 5, 14], [2, 12, 5, 1, 0, 14, 13, 6], [12, 0, 4, 1, 3, 6, 10, 7, 11, 2], [16, 1, 8, 12, 13, 2, 7, 10], [9, 5, 7, 0, 8, 3, 1, 6, 10, 11], [5, 4, 10, 9, 13, 18, 2, 19, 15, 0, 6, 20], [5, 11, 10, 0, 3, 6, 12, 8, 4], [3, 0, 7, 1, 4, 8, 9]]
[[2, 4, 0, 5], [7, 10, 12, 18, 20, 2, 4, 15, 0, 21, 6, 8, 11, 13, 22, 14, 17], [8, 2, 5, 12, 18, 0, 17, 3, 4, 9, 6, 10], [2, 6, 3]]
[[18, 27, 0, 10, 5, 11, 7, 15, 19, 24, 1, 20, 22, 8, 3], [24, 3, 21, 14, 19, 23, 8, 4, 15, 22, 2, 18, 5, 10], [7, 14, 2, 4, 10, 12, 17, 18, 16, 1, 9, 15, 19, 0, 21, 20], [6, 1, 4, 0, 5], [0, 4, 7, 1, 5, 6]]
[[6, 5, 8, 9, 12, 14], [5, 7, 0, 1, 6, 2], [3, 1, 6, 2, 0, 4, 7], [6, 0, 15, 1, 2]]
[[7, 6, 5, 9, 12], [3, 9, 10, 17, 0, 6, 11, 16, 1, 7], [6, 9, 1, 7, 8], [4, 6, 1, 2]]
[[16, 18, 5, 21, 24, 4, 19, 17, 3, 20, 23, 13], [5, 1, 0, 6, 7, 2], [7, 4, 10, 2, 8, 6, 0]]
[[8, 5, 7], [14, 7, 2, 4, 20, 1, 16, 0, 19, 8, 17], [0, 4, 1], [8, 9, 15, 17, 3, 10, 7, 18, 16, 20, 19]]
[[9, 6, 11, 14, 3, 10, 4, 18, 5], [12, 16, 2, 3, 13, 9, 0, 10, 11, 6, 7], [1, 3, 23, 18, 22, 0, 5, 8, 13, 4, 19, 25]]
[[8, 4, 18, 24, 5, 12, 19, 3, 7, 11, 2, 17, 16, 9, 15, 20, 13], [5, 8, 12, 9, 13, 1, 2, 4], [9, 6, 1, 10, 7], [3, 12, 10, 1, 5, 20, 6, 16, 0, 4, 13, 8, 21], [7, 1, 6, 9, 5, 11, 8, 4], [1, 6, 9, 23, 26, 19, 15, 13, 18, 24, 16, 22, 12, 21, 7, 25, 27, 14, 20]]
[[1, 9, 6, 16, 13, 17, 3, 10, 12, 8, 7, 14], [4, 3, 14, 1, 7, 0, 6, 12, 9, 13], [7, 4, 10, 0, 12, 5, 11, 9, 6], [2, 4, 12, 17, 18, 6, 10, 13, 3, 0, 9, 5, 7, 19], [7, 14, 10, 4, 16, 17, 5, 11, 3, 1, 8, 0, 13, 6, 18, 12], [9, 11, 3, 7, 12, 10, 13, 4], [7, 4, 3, 0, 2, 8], [4, 7, 1, 10, 13, 2, 8, 5, 9, 3, 11], [5, 3, 7, 4, 6, 0, 2, 8], [9, 5, 8, 11, 2, 6, 0, 4, 14, 15]]
[[1], [10, 4, 1, 0, 6, 5, 8, 3], [6, 14, 16, 0, 3, 9, 2, 1, 15, 4], [10, 1, 7, 17, 4], [8, 1, 3, 6, 2, 0, 4]]
[[15, 6, 1, 4, 7, 3, 2, 8, 11, 16, 5], [10, 4, 5, 1, 2, 0, 3], [0, 1, 9, 11], [1, 0, 2], [8, 11, 16, 5, 6, 10, 0, 9, 14, 19, 12], [5, 6, 4, 7, 3], [7, 8, 2, 1, 3, 9, 5, 10, 12, 14, 16, 18], [1, 4, 0, 5], [5, 9, 12, 2, 7, 0, 6, 10, 3, 1], [6, 4, 0, 5], [6, 2, 7, 8], [4, 0, 1, 3], [11, 8, 3, 0, 2, 4, 7], [4, 11, 5, 10, 1, 3, 0, 6, 12, 7]]
[[5, 7, 6, 3], [2, 1, 0], [7, 3, 14, 16, 20, 0, 11, 12, 10, 13, 1, 17, 19], [3, 7, 2, 4, 0, 5, 9]]
[[35, 3, 5, 24, 31, 37, 39, 9, 2, 8, 19, 1, 22, 29, 36, 16, 15, 12, 32, 38, 13, 33, 40], [9, 14, 2, 11, 5, 10, 13, 12], [8, 13, 9, 1, 0, 11, 2], [1, 0, 2], [2, 0, 1, 3]]
[[5, 9, 2, 4, 1, 8], [4, 6, 0, 5, 3], [2, 4, 12, 1, 6, 11, 3, 10]]
[[5, 7, 23, 26, 27, 6, 17, 16, 21, 18, 22, 25, 28, 2], [5, 12, 4, 8, 0, 11, 6, 9, 7], [7, 8, 6, 5, 9, 2]]
[[1, 3, 7, 4, 8, 10, 0, 6], [3, 1, 6, 7], [0, 3, 10, 9, 6, 2, 7, 11], [0, 1, 5, 4, 6], [6, 11, 0, 4, 9, 12, 3], [14, 6, 9, 18, 21, 0, 19, 3, 17, 15, 5, 7, 22, 10], [2, 0, 10, 9, 3], [0], [2, 0, 1, 3]]
[[5, 1, 3, 6], [8, 2, 6, 5, 1, 0], [0, 10, 13, 11, 8, 5, 6, 1], [2, 7, 1, 6, 9, 0, 5, 3], [1, 14, 12, 9, 3, 4, 11, 8, 6]]
[[15, 6, 9, 19, 1, 16, 5, 0, 13, 4, 20, 7, 21], [10, 2, 6, 3, 1, 0], [14, 1, 2, 12, 3, 4, 6], [9, 0, 6, 11, 4, 1, 10, 12], [5, 16, 3, 13, 1, 6, 4, 14, 7, 11], [12, 1, 2, 8, 13, 3, 9], [8, 3, 0, 6]]
[[27, 7, 11, 9, 13, 16, 22, 30, 33, 35, 8, 12, 2, 20, 6, 28, 17, 21, 23, 31, 25, 32, 5]]
[[11, 2, 1, 9, 8, 5, 3, 10], [4, 9, 14, 0, 5, 1], [6, 4, 11, 12, 10, 7, 2], [3, 6, 1, 8, 0, 4, 7, 2], [4, 7, 11, 10, 1, 0, 9, 5, 8], [4, 0, 5], [6, 2, 10, 9, 1, 5, 0]]
[[9, 15, 5, 18, 22, 35, 42, 2, 10, 21, 23, 28, 30, 40, 39, 1, 16, 34, 43, 14, 38, 41, 13, 19, 24, 31, 36, 3, 29], [4, 5, 7, 0, 3], [4, 9, 7, 11, 0, 2, 12], [10, 5, 11, 7, 0, 6, 12], [9, 1, 13, 6, 2, 12, 4, 11, 8], [3, 4, 2, 0, 6], [5, 3, 7, 1, 6, 4, 0, 2], [0, 6, 4, 7, 1], [5, 19, 11, 10, 14, 15, 16, 13, 2, 8, 0, 12, 6, 17]]
[[16, 2, 8, 19, 21, 3, 9, 7, 6, 14, 17, 20, 0, 10], [5, 2, 7, 3, 8, 0, 6, 1, 9], [2, 8, 4, 7, 5, 10, 11], [5, 0, 6, 4, 3, 1], [6, 4, 8, 0, 3, 12, 7, 5, 1, 9], [1, 3, 8, 10, 5, 2, 0, 7, 6, 11]]
[[17, 7, 11, 14, 9, 12, 5, 8, 4, 10, 2, 16, 6], [2, 5, 10, 12, 13, 14, 0], [12, 8, 10, 2, 4, 9, 13, 5, 6, 11, 0], [11, 13, 5, 9, 16, 15, 3, 4, 14, 8], [7, 2, 5, 10, 11, 1, 4, 0, 8, 9, 6], [11, 13, 2, 6, 8, 3, 10, 12, 14], [0, 2, 6, 5, 7], [3, 0, 5, 8], [3, 5, 1, 4, 7, 0, 2, 8, 9]]
[[13, 22, 4, 7, 19, 24, 3, 11, 17, 2, 16, 14, 15, 18, 9, 12], [5, 10, 2, 0, 1], [1, 3, 2, 4, 0], [2, 5, 3], [0, 4, 7, 3, 1, 5, 8], [6, 8, 12, 0, 9, 14, 7, 3, 15, 4], [3, 5, 2, 4, 0, 1], [6, 3, 2, 9, 0], [0, 4, 8, 14, 15, 2, 9, 1, 12], [6, 8, 3, 4, 7, 0], [4, 1, 10, 2, 5, 3, 7]]
[[13, 5, 3, 10, 2, 12, 9, 8], [1, 4, 2], [1, 3, 6, 8, 10, 4, 2], [2, 5, 1, 4, 6], [12, 4, 6, 1, 2, 3, 0, 5, 7, 10], [5, 3, 9, 2, 8, 7, 4]]
[[9, 15, 0, 3, 13, 8, 2, 12, 14, 4, 10, 6], [2, 16, 18, 0, 5, 14, 13, 12, 17, 20, 1, 3, 6, 9, 19], [2, 3], [4, 1, 3], [16, 17, 4, 7, 12, 15, 8, 6, 1, 2, 18, 19, 9, 14, 3, 11], [3, 5], [5, 0, 6], [8, 1, 4, 2, 0], [0, 2, 3, 4]]
[[5, 11, 3, 17, 2, 16, 9, 8, 18, 0, 6, 10], [4, 1], [1, 3, 9, 11, 4, 5, 7, 2, 0, 8], [12, 1, 6, 8, 9, 4, 13, 15, 14, 5, 10, 2, 16]]
[[1, 7, 6, 3, 10], [5, 8, 1, 10, 13, 0, 7, 11], [0, 4, 2, 1, 6], [1, 2]]
[[7, 9, 12, 18, 4, 10, 3, 8, 15, 14, 6, 5, 11, 16], [4, 15, 11, 3, 5, 8, 13, 1, 2, 12, 6], [1, 2, 4, 5, 0], [2, 0, 4, 7, 11, 3, 9, 5, 12], [9, 11, 4, 12, 0, 7, 14, 15, 16, 5, 13, 1, 8]]
[[4, 1, 5, 0, 9, 8], [2, 6, 0, 4, 8], [2, 3, 5, 12, 0, 10, 7, 4, 8, 14], [3, 14, 5, 10, 8, 0, 4, 6, 7, 15, 1, 12, 11]]
[[7, 10, 2, 4, 3, 12, 1, 11], [7, 10, 21, 0, 8, 17, 22, 12], [11, 3, 15, 16, 9, 13, 17, 12]]
[[18, 0, 2, 6, 10, 1, 7, 9, 11], [18, 2, 12, 14, 1, 3, 11, 7, 10, 13, 8], [2, 4, 8, 5, 3, 0, 7, 6, 9], [3, 6, 8, 10, 2, 11, 4]]
[[4, 7, 9, 2, 5, 1, 8, 10], [5, 1, 2, 0, 8, 7, 9], [6, 9, 14, 16, 18, 19, 12, 7, 20, 10, 15, 17, 21], [6, 8, 11, 1, 5, 4, 9, 7]]
[[4, 1, 3], [6, 1, 9, 2, 8, 0, 7, 5], [5, 9, 11, 0, 7, 8, 10], [5, 6, 0, 1, 8, 7], [9, 11, 4, 12, 3, 7, 1, 0, 13, 10, 14, 8]]
[[0, 1, 6, 4, 8, 2], [4, 5, 1, 2, 0, 8, 6], [4, 7, 0, 3]]
[[6, 11, 8, 4, 0, 7, 3, 5, 9, 1], [10, 1, 0], [10, 1, 5, 4, 9, 7, 11, 3, 2], [9, 2, 4, 1, 8, 0], [10, 0, 7, 6, 5, 14], [1, 2, 9, 3, 7, 0, 5, 10]]
[[6, 15, 1, 4, 9, 17, 2, 10, 13, 14, 0, 12, 16, 3, 7], [4, 14, 16, 18, 7, 8, 11, 3, 19, 0, 15, 2, 6, 5, 13, 20, 12, 9], [8, 14, 17, 19, 22, 2, 18, 9, 15, 5, 20, 12, 24, 25], [6, 11, 7, 12, 1, 3, 10, 14, 0], [13, 3, 5, 2, 9, 17, 14, 0, 10, 12], [9, 3, 10, 2, 1, 0, 11, 6], [11, 2, 8, 15, 16, 10, 3, 1, 5, 9, 17], [3, 4, 2, 5], [7, 5, 9, 0, 3, 8, 4, 1], [5, 3, 4, 9]]
[[9, 11, 7, 8, 10, 16, 12], [4, 0, 9, 8, 2], [5, 15, 1, 2, 13, 16, 22, 0, 14, 8, 21, 4, 17, 18, 6], [2, 6, 9, 0, 1, 3, 7, 10]]
[[9, 4, 2, 1, 5, 10], [9, 3, 6, 10, 16, 2, 12, 5, 11, 4, 13, 14, 17, 18], [6, 7, 3, 2, 5, 8], [14, 1, 16, 7, 4, 6, 12, 3, 8, 10, 9]]
[[4, 8, 6, 16, 5, 9, 7, 0], [0, 2], [11, 4, 7, 5, 8, 10, 1, 3, 2, 6, 9], [2, 5, 10, 20, 19, 1, 21, 13, 24, 0, 12, 23, 22, 25, 4, 3, 16, 11], [5, 1, 3]]
[[6, 14, 19, 0, 7, 12, 15, 18, 5, 11, 4, 13, 9], [2, 1, 6, 0, 5, 7, 3], [1, 6, 5, 0, 2, 3, 7], [0, 5, 4, 2, 1, 6], [10, 0, 4, 7, 3, 13, 11, 5], [5, 8, 1, 0, 9, 7, 4, 10], [11, 2, 5, 8, 12, 7], [0, 1, 5], [2, 6, 0, 3], [3, 5, 4, 7, 6, 0], [13, 17, 14, 3, 6, 8, 11, 1, 0, 10, 15, 9, 4, 2]]
[[16, 18, 6, 5, 14, 17, 19, 12, 9, 11], [2, 0, 1, 9, 8], [1, 13, 6, 8, 5, 2, 7, 0, 3], [12, 3, 6, 0, 4, 2, 13, 10, 9], [2, 9, 6, 1, 4, 10, 7, 12], [5, 8, 4, 10, 13, 12, 2, 17, 9, 6, 11, 16, 14, 18, 19], [21, 7, 2, 12, 1, 0, 11, 18, 10, 6, 22, 20, 19, 16]]
[[10, 0, 5, 7, 8, 4, 1, 2, 11, 12], [0, 4, 6], [0, 4], [4, 6, 11, 9, 1, 3, 7, 10, 13], [4, 3, 2, 0], [5, 12, 1, 9, 4, 3, 7, 15, 8, 10]]
[[5, 18, 12, 16, 21, 10, 14, 24, 4, 7, 9, 19, 3, 13, 20, 25], [5, 1, 3, 6], [12, 4, 0, 1, 7, 9, 11], [5, 11, 2, 10, 3, 7], [1, 2, 3, 8, 13, 0, 12, 5, 15, 6, 14], [8, 11, 0, 2, 6, 9, 12, 1, 10], [2, 5, 9, 3, 4, 6], [4, 1, 0, 3, 7], [2, 9, 4, 5, 7, 3, 1, 11, 6]]
[[1, 3, 5, 8, 0, 11, 7, 4, 12], [9, 6, 11, 5, 3, 7, 12, 0, 4], [1, 0, 2, 5], [0, 5, 8, 3, 6, 9], [10, 18, 2, 4, 12, 14, 20, 5, 15, 21, 3, 0, 19, 17, 22, 7, 16], [10, 6, 7, 1, 4, 0, 11, 8, 2], [12, 16, 4, 3, 14, 8, 0, 2, 7, 13, 9, 6, 5]]
[[6, 13, 12, 4, 10, 7, 15, 0, 14, 9, 11], [0, 15, 1, 2, 12, 7, 4, 14, 3, 8, 9, 11, 5], [6, 9, 4, 7, 10, 5], [3, 6, 2, 0, 1], [1, 4, 0, 2], [7, 0, 4], [8, 4, 1, 11, 0, 10, 6, 5], [1, 8, 4, 3, 2, 0, 7, 9], [7, 9, 1, 5, 3, 10, 0, 6], [1, 0, 2]]
[[20, 24, 9, 8, 14, 17, 5, 4, 15, 10, 12, 2, 13, 7, 21, 22], [19, 12, 8, 14, 1, 0, 5, 7, 13, 11, 9, 15, 3, 17], [6, 11, 0, 8, 3, 7, 2, 1], [6, 11, 2, 8, 15, 4, 13, 0, 3, 1, 5], [3, 7, 11, 10, 5, 9]]
[[19, 0, 10, 15, 1, 4, 3, 5, 11], [2, 1, 4, 5], [6, 3, 8, 0, 2, 14, 7, 1, 13, 5], [6, 1, 9, 2, 0, 7, 3]]
[[13, 15, 4, 3, 14, 12, 16, 5], [5, 2, 1, 6, 8, 0, 11, 3], [17, 2, 12, 0, 14, 3, 6, 10], [5, 9, 8, 4], [9, 6, 5, 3], [7, 9, 4, 2, 6, 12, 1, 5, 0, 10], [10, 3, 12, 2, 4], [11, 12, 4, 6, 13], [11, 6, 7, 12, 4, 9, 13, 1], [16, 26, 8, 11, 30, 34, 6, 24, 23, 5, 29, 27, 13, 18, 1, 25, 35, 33]]
[[11, 14, 1, 16, 18, 0, 7, 6, 12, 13, 2, 4], [4, 7, 0, 5, 6, 8], [8, 9, 3, 4, 0, 2, 10, 11, 13, 6, 12], [2, 5, 10, 0, 6, 8, 9]]
[[12, 8, 3, 9, 7, 13, 6, 15, 16, 4], [7, 0, 3, 8, 13, 4, 5, 12, 9, 15], [6, 20, 23, 0, 7, 16, 9, 21, 8, 13, 19, 5, 2, 17, 10, 22], [3, 0, 4], [1, 3, 0, 4, 2], [12, 0, 7, 13, 1, 15]]
[[4, 9, 8, 3, 10, 5], [7, 8, 0, 9, 5], [2, 0, 3, 1, 4, 5], [0, 1, 7], [2, 4, 6]]
[[4, 11, 5, 16, 15, 13, 0, 9, 12, 10, 2], [0, 2, 1, 4, 3, 5], [1, 3, 0, 2, 4]]
[[1, 5, 8, 3, 13, 4, 6, 11], [14, 8, 6, 12, 4, 10, 1, 15, 3, 0, 18], [4, 10, 0, 2, 1, 9, 11, 8], [23, 28, 2, 12, 14, 25, 26, 0, 13, 6, 24, 15, 3, 19, 4, 8, 17, 11], [3, 2, 13, 6, 8, 9, 10, 11], [10, 3, 2, 5, 4, 8]]
[[8, 3, 12, 7, 2, 4], [8, 0, 3, 1], [5, 8, 3, 0, 2, 6], [4, 5, 1], [5, 0, 3, 2, 10, 8, 6]]
[[3, 4, 2], [3, 8, 2, 7, 4], [4, 9, 1, 0, 2, 7, 5], [0, 4, 8, 5, 3], [3, 8, 1, 0, 9, 7, 10, 11]]
[[6, 3, 8, 11, 1, 9, 0, 7, 5, 12, 19], [8, 0, 7, 6, 2, 5, 3], [4, 6, 0, 10, 5, 3, 12, 7, 1], [5, 8, 6, 7, 0], [4, 0, 2, 1], [2, 3, 5, 0, 4], [8, 10, 2, 11, 9, 1, 3]]
[[2, 6, 9, 0, 5, 8, 10], [0, 13, 5, 12, 6, 7, 9], [10, 7, 5, 1, 9, 0, 8, 2, 4], [9, 4, 7], [10, 2, 6, 1, 11, 3, 7], [6, 0, 10, 12, 4, 13, 5, 11, 7, 14], [0, 2, 10, 7, 6, 9], [9, 27, 22, 1, 7, 20, 4, 14, 23, 5, 6, 24, 10, 26, 2, 8, 16]]
[[5, 18, 21, 0, 19, 4, 12, 3, 11, 20, 23, 22], [18, 3, 16, 1, 17, 0, 20, 19], [15, 10, 9, 0, 5, 13, 16, 4, 1], [9, 10, 2, 6, 14, 0, 15, 4, 12, 11, 13, 5, 16], [7, 5, 12, 0, 2, 8, 13, 3, 10], [9, 14, 3, 0, 1, 6]]
[[10, 9, 13, 5, 12, 4, 11, 14, 6, 7], [0, 4], [1, 8, 0, 7, 2, 3, 4, 5], [8, 1, 5, 7, 3, 2, 4, 9, 0], [3, 6, 4, 7, 8, 10, 1]]
[[5, 13, 7, 11, 9, 2, 1, 8, 10, 12, 3], [1, 0, 3], [15, 3, 7, 10, 4, 1, 2], [11, 6, 12], [1, 6, 12, 9, 7, 8, 13, 2]]
[[3, 7, 9, 1, 10, 0, 6, 5, 8], [7, 2, 1, 4, 5], [4, 7, 0, 1, 14, 13, 5, 9, 15, 10], [7, 2, 1, 8, 5, 9], [6, 14, 21, 10, 12, 11, 1, 2, 0, 7, 15, 13, 4]]
[[1, 15, 8, 12, 11, 14, 10, 13], [3, 16, 1, 8, 0, 17, 4], [11, 9, 10, 7, 1, 5, 12], [3, 6, 8, 13, 1, 0, 7, 2, 14]]
[[21, 4, 6, 3, 7, 5, 8], [6, 1, 0, 4, 7], [3, 9, 6, 11, 0, 5], [16, 1, 9, 12, 5, 4, 7, 0, 11, 17, 3, 18, 2, 13]]
[[0, 2, 1, 3], [9, 11, 0, 5, 1, 8, 12, 2], [0], [1, 0, 3], [14, 18, 0, 3, 7, 13, 4, 2, 1, 10, 12, 9, 15, 5, 11], [4, 6, 3, 2, 1], [4, 5, 1, 6]]
[[3, 1, 2, 0], [0, 2, 1]]
[[8, 13, 2, 9, 7, 12, 1, 6, 14, 3], [1, 0], [5, 0, 1, 2, 7, 6, 8], [11, 0, 3, 5, 10, 2, 9, 8, 12], [5, 9, 0, 2, 8, 3, 6, 12, 1, 10], [9, 10, 5, 11, 2, 7], [8, 0, 11, 4, 9, 12, 10]]
[[4, 8, 2, 5, 1, 6], [1, 6, 10, 0, 11, 9], [7, 6, 10, 12, 1, 8, 0, 5, 9], [0, 1, 5, 8, 4, 6], [2, 6, 1, 9, 8, 5], [10, 17, 14, 0, 8, 7, 6, 11, 3]]
[[5, 42, 51, 40, 39, 0, 27, 36, 50, 48, 49, 19, 2, 12, 21, 33, 41], [1, 5, 0, 10, 2, 7]]
[[4, 2, 5, 3], [5, 2, 1, 0, 4, 3], [5, 7, 0, 2, 6, 3], [14, 6, 9, 13, 15, 0, 7, 8, 1, 16, 2, 3]]
[[8, 14, 2, 6, 13, 1, 5, 12, 0, 4, 10, 7, 11, 9], [1, 7, 4, 2], [8, 6, 1, 9, 10, 0], [14, 33, 8, 1, 22, 9, 12, 0, 29, 10, 13, 17, 2, 5, 26], [5, 7, 8, 3, 4, 6], [0, 4, 2, 5], [1, 0, 4, 5], [5, 9, 1, 2, 0, 4, 8, 6, 3], [7, 1, 0, 8, 10, 4], [7, 1, 4, 0, 6, 3], [13, 15, 4, 11, 5, 8, 9, 7, 16, 3, 14, 12, 1]]
[[0, 3, 11, 14, 12, 1, 10, 4, 5, 15], [4, 2, 12, 13, 0, 9, 11, 6, 7], [3, 10, 0, 4, 5, 7], [1, 5, 3, 2, 6, 7, 0], [2, 4, 0, 5], [19, 2, 14, 3, 6, 5, 13, 23, 11, 20, 10, 12, 18, 9, 24, 16, 21], [1, 12, 7, 0, 2, 11, 6, 3, 10, 8], [4, 9, 14, 7, 2, 1, 10, 0, 11, 5, 12]]
[[12, 6, 14, 16, 15, 20, 5, 13, 4, 10, 17, 18], [1, 2, 0, 5], [4, 11, 5, 1, 9, 8, 13, 0, 12, 10, 6], [10, 1, 2, 7, 6]]
[[15, 18, 1, 17, 22, 2, 6, 5, 10, 7, 8, 13, 11], [4, 9, 11, 0, 12, 5, 7, 2, 3], [1, 3, 6, 0, 2, 4]]
[[4, 12, 14, 9, 15, 3, 8, 2, 5, 10], [2, 8, 20, 18, 15, 17, 0, 4, 19, 7, 16], [3, 7, 9, 11, 1, 12, 0, 5, 6, 13], [7, 8, 1, 6, 0, 9, 2], [2, 6, 9, 5, 0, 10, 7, 11, 1]]
[[9, 15, 25, 5, 4, 24, 3, 16, 10, 12, 14, 17, 18, 8, 0, 6, 19], [6, 12, 14, 11, 7, 9, 0, 3], [17, 18, 19, 21, 2, 7, 0, 6, 20, 23, 10], [7, 3, 2, 8, 4, 0], [14, 6, 9, 3, 1, 8, 2, 0, 5, 7], [6, 9, 7, 3, 0, 2, 5, 8, 10]]
[[9, 12, 6, 11, 5, 10, 8, 13], [2, 0, 1, 4], [1, 4, 6, 3, 0, 10], [17, 24, 2, 5, 10, 21, 18, 22, 11, 4, 12, 15, 0, 19, 8], [2, 1, 3, 6], [17, 2, 15, 12, 0, 14, 11, 9]]
[[0], [12, 15, 0, 3, 13, 2, 11, 10, 8, 6], [7, 0, 4, 3, 8, 9, 1, 5], [5, 0, 1, 2, 3], [1, 0, 2], [11, 0, 1, 4, 7, 10, 3, 8], [5, 10, 3, 2, 6, 9], [8, 13, 4, 1, 3, 16, 0, 12, 9, 5, 10, 14], [0, 5, 1, 6, 7], [8, 3, 4, 13, 17, 18, 5, 16, 1, 0, 19, 12]]
[[32, 35, 2, 25, 4, 16, 5, 13, 29, 26, 3, 27, 30, 28, 33, 36, 6, 8, 14, 22, 31], [4, 2, 5, 0], [1, 5, 0, 4, 6], [3, 6, 10, 0, 4, 9, 1, 5], [4, 1, 8, 10, 5, 2, 9, 6], [4, 2, 0, 6, 5, 3, 7], [3, 7, 5, 4, 1, 8, 0, 2]]
[[0, 12, 11, 10, 13, 1], [2, 6, 10, 0, 13, 15, 7, 12, 1, 3, 8], [1, 3, 18, 15, 5, 8, 9, 10, 2, 16, 14, 17, 4, 11], [6, 9, 1, 7, 0, 13, 4, 12, 10, 14, 3]]
[[6, 0, 3, 5, 2, 10, 12], [4, 7, 0, 6, 2, 1, 5], [17, 4, 13, 3, 9, 16, 14, 1, 18], [0, 2], [2, 5, 6, 7, 3], [7, 0, 3, 10, 9, 2, 8, 11], [7, 2, 4, 0, 8, 1], [5, 7, 0, 3, 9, 1], [1, 2, 5, 3, 0, 6, 4]]
[[4, 0, 1, 10, 2], [15, 29, 22, 6, 10, 17, 25, 3, 24, 1, 8, 23, 16, 30, 18, 9, 4], [4, 0, 1, 5, 6, 9], [7, 13, 0, 3, 11, 4, 10, 2, 1, 9, 14, 6]]
[[12, 9, 2, 7, 10, 1, 6, 5, 14, 3], [4, 0, 5, 6], [7, 5, 12, 0, 3, 11, 4, 2, 10, 14, 13], [5, 7, 11, 8, 13, 6, 12], [4, 9, 1, 0, 10, 6, 7, 8], [2, 12, 9, 1, 0, 6, 10, 3]]
[[6, 10, 11, 9, 7, 8, 14], [7, 8, 0, 2, 10, 5, 4, 6, 9, 3], [2, 5, 1, 0, 4], [2, 0, 13, 1, 8, 12, 7, 10, 9, 5]]
[[2, 5, 3, 7, 0], [7, 3, 12, 4, 8, 2, 13], [1, 2, 3, 0, 4, 5], [10, 1, 5, 0, 12, 11], [4, 8, 0, 1, 3, 5, 9]]
[[9, 11, 14, 10, 2, 15, 1], [3, 0, 1], [1, 12, 8, 13, 0, 7, 6, 14], [5, 0, 2, 4], [2, 7, 8, 5, 6, 9]]
[[10, 14, 4, 3, 5, 15, 9, 7, 8], [8, 2, 14, 16, 1, 11, 0, 10, 5, 15, 6, 12, 17, 7], [7, 5, 8, 13, 4, 15, 12, 6, 10, 14], [7, 10, 3, 11, 8, 9, 4, 5], [2, 4, 5, 15, 6, 13, 12, 16, 8]]
[[26, 5, 9, 13, 2, 10, 27, 1, 8, 16, 7, 28, 3, 24], [6, 9, 3, 2, 0, 7, 8, 10, 4], [4, 6, 1, 0, 7, 2], [11, 4, 0, 7, 12, 1]]
[[5, 7, 2, 6, 9, 3], [0, 11, 16, 1, 18], [2, 1, 0, 6, 4], [11, 7, 10, 5, 0, 12, 1, 9]]
[[4, 5, 16, 3, 15, 2, 12, 0, 7, 8, 17], [1, 7, 8, 3, 0, 5, 2, 10], [7, 3, 10, 0, 2, 9, 4], [26, 0, 24, 3, 20, 27, 13, 25, 29, 22], [9, 14, 4, 16, 10, 7, 12, 1, 3, 6, 15, 13]]
[[11, 3, 8, 9, 12, 0, 6, 7, 5, 1], [2, 1, 3, 6], [14, 7, 9, 4, 0, 3, 6, 8, 16], [7, 3, 0, 5, 2, 4, 6], [4, 6, 0, 7, 2, 5, 1, 12]]
[[22, 13, 0, 10, 15, 26, 27, 4, 11, 20, 21, 28, 29, 18, 9, 19, 23, 1], [25, 0, 11, 16, 18, 19, 23, 2, 5, 10, 9, 26, 13, 20, 8, 3], [6, 10, 12, 17, 15, 4, 0, 5, 7, 8, 9, 2, 3, 11, 13], [1, 3, 2, 0, 4], [9, 16, 19, 0, 1, 11, 10, 5, 8, 2, 6], [8, 0, 3, 10, 12, 14, 9, 4, 7, 11, 5, 13, 15], [2, 4, 7, 12, 0, 13, 11, 10, 8]]
[[2, 5, 8, 11, 0, 6, 10, 4, 3, 12, 14], [2, 5, 6, 15, 25, 3, 22, 14, 27, 1, 0, 28, 31, 7, 23], [18, 10, 14, 9, 12, 15, 17, 11, 19], [8, 12, 13, 10], [6, 10, 18, 5, 15, 11, 17, 12], [4, 11, 10, 12, 15], [6, 18, 13, 12, 17], [6, 13, 11, 5, 16, 17, 18, 10, 12], [5, 13, 18, 10, 16, 17, 14, 19, 11, 12], [13, 6, 8, 14, 9, 12], [14, 15, 19, 21, 18, 12, 11, 16, 20, 8, 13], [3, 4, 8, 0, 2, 5]]
[[16, 1, 6, 11, 0, 5, 4, 19], [7, 13, 17, 0, 11, 16, 10, 4, 3, 8, 14, 18], [1, 5, 3, 6, 11, 2], [0, 9, 10, 4, 8, 12, 5]]
[[7, 10, 4, 8, 3, 6, 9], [2, 7, 0, 1, 9], [4, 6, 9, 10, 2, 3, 5], [2, 1], [4, 6, 0], [16, 1, 13, 17, 0, 6, 12, 14, 19], [3, 5, 1, 7], [5, 6, 14, 16, 7, 11, 12, 15, 17, 1, 8]]
[[8, 9, 10, 0, 12], [1, 3, 0, 2], [6, 13, 0, 8, 11, 14, 1, 9], [9, 8, 11, 13, 0, 6, 2, 14, 12, 1, 10, 3, 4, 16]]
[[8, 10, 7, 3, 9, 0, 6, 1, 4], [15, 8, 10, 0, 11, 14, 9, 1, 3, 12], [1, 3, 7, 6, 2, 4], [6, 1, 4, 0], [7, 13, 17, 5, 11, 3, 15, 14, 18, 12, 9, 10], [5, 10, 6, 15, 0, 11, 3, 7, 16, 14, 8], [7, 6, 4, 0, 3], [9, 1, 8, 0, 4, 3, 5], [5, 6], [7, 10, 13, 12, 15, 1, 6, 3, 0, 8, 11, 14, 17]]
[[0, 10, 1, 7, 2, 6, 5, 11], [7, 5, 18, 16, 17, 13, 0], [3, 5, 0, 9, 1, 4, 7, 8, 2, 10]]
[[0, 5, 1], [2, 1, 0, 3], [7, 9, 0, 1, 8]]
[[9, 1, 5, 7, 2, 10, 3], [0, 4, 2, 9, 8, 1, 5], [0, 2, 9, 11, 13, 3, 4, 7], [17, 3, 12, 20, 2, 1, 4, 7]]
[[18, 5, 4, 3, 15, 6, 8, 12, 13], [2, 8, 10, 0, 3, 11, 4, 5, 1], [3, 15, 2, 1, 10, 16], [24, 3, 6, 19, 1, 21, 0, 25, 8, 20, 22, 16], [9, 3, 13, 12, 4, 10, 14], [1, 3, 6, 17, 2, 0, 16, 7, 8], [9, 5, 12, 6, 0, 8, 10, 7, 13]]
[[4, 17, 13, 3, 16, 9, 12, 2, 8], [2, 3, 0], [7, 4, 10, 3, 11, 2, 6, 8, 5, 13], [4, 2, 7], [7, 10, 18, 12, 3, 0, 14, 24, 5, 22, 16, 8]]
[[10, 12, 15, 1, 7, 19, 6, 11, 16, 18, 0, 14, 9], [5, 10, 0, 2, 9, 6, 11], [0, 2, 5, 1, 6], [13, 17, 32, 44, 4, 34, 47, 63, 1, 41, 55, 57, 72, 73, 15, 30, 38, 78, 61, 5, 60, 75, 71, 3, 36, 48, 29, 9, 11, 19, 28, 59, 79, 86, 37, 0, 8, 27, 35, 46, 52, 70, 14, 53, 50, 76, 2, 26, 42, 58, 74, 49, 81, 25, 68, 87], [6, 7, 0, 5, 4, 8], [6, 1, 10, 4, 3, 2, 9, 0, 5, 11]]
[[15, 16, 4, 18, 10, 21, 3, 9, 2, 17, 20, 24], [2, 5, 8, 12, 1, 4, 0], [16, 3, 5, 19, 2, 10, 1, 12, 0, 9, 14, 17, 11, 6, 15], [10, 12, 1, 8, 6, 0, 5, 11, 7, 9, 2], [6, 0, 1, 8, 7, 2, 9, 3], [9, 7, 0, 5, 1, 6, 3], [2, 11, 1, 10, 7, 9, 3, 6, 4, 12], [2, 11, 22, 7, 13, 17, 14, 6, 3, 0, 4, 19, 23]]
[[11, 1, 7, 2, 8, 12], [3, 1, 6, 7, 0, 4, 8, 2], [4, 1, 6, 7, 0, 5, 2, 3], [0, 7, 6, 4, 1, 8], [2, 7, 1, 0, 3]]
[[4, 1, 0, 5, 6, 2], [2, 3, 1, 0, 5], [18, 8, 13, 3, 0, 12, 15, 9, 1, 2, 19, 5, 20, 7, 14], [2, 14, 17, 0, 9, 6, 3, 12, 4, 18, 16, 15, 10], [0, 2, 1], [1, 9, 0, 5, 4, 6], [2, 13, 0, 5, 7, 12, 9, 1, 6, 16, 15, 14, 8], [0, 2, 3, 11, 1, 6, 13, 8, 4, 7], [2, 7, 15, 16, 0, 6, 11, 12, 3, 8, 17, 1]]
[[8, 20, 11, 17, 2, 1, 5, 6, 0, 4, 10, 18], [8, 13, 4, 11, 0, 12, 14, 15, 5, 1, 6], [10, 6, 2, 4, 0, 7], [1, 4, 10, 3, 8, 0, 5, 9], [9, 3, 7, 0, 8, 4], [0, 2, 4, 9, 5, 3, 8, 6], [11, 0, 5, 7, 4, 1, 10, 12]]
[[20, 7, 14, 22, 13, 4, 10, 17, 0, 5, 3, 9, 16, 1, 6, 25, 23], [0, 2, 1, 6, 3, 4], [12, 0, 7, 1, 16], [6, 14, 2, 17, 7, 16, 4, 0, 8, 9, 18, 15], [18, 3, 7, 26, 0, 8, 27, 29, 2, 4, 24, 5, 13, 17, 19, 25, 9, 10, 22, 30], [4, 6, 1, 9, 7, 8], [9, 7, 14, 8, 4, 3, 0, 5, 2, 12, 15, 6, 17]]
[[2, 9, 7, 1, 6, 5, 11], [5, 8, 9, 10, 1, 3, 6], [7, 0, 9, 4, 5, 6, 8], [13, 3, 6, 0, 1, 14, 5], [17, 4, 1, 9, 13, 6, 5, 7], [4, 6, 11, 14, 10, 9, 12, 5, 15, 3], [2, 8, 7, 11, 12, 5, 9, 0, 3]]
[[8, 10, 2, 6, 11, 1, 5, 4], [16, 39, 20, 22, 33, 36, 0, 3, 12, 18, 24, 34, 37, 15, 1, 7, 11, 14, 9, 4, 25, 26, 28], [3, 1, 5, 0, 4], [4, 1, 8, 3, 0, 7], [6, 4, 2, 0, 1], [9, 14, 1, 12, 13, 0, 7, 5, 10, 11, 15, 8, 16, 2], [9, 2, 4, 5, 8, 0, 6, 7]]
[[8, 14, 1, 9, 11, 3, 4, 2, 10, 12], [6, 2, 7, 1, 3, 8], [7, 1, 8, 5, 0, 9, 2], [6, 2, 8, 9, 1, 11, 0, 3, 13], [3, 2, 7, 0, 13], [13, 8, 12, 0, 3, 6, 5, 4, 1, 9, 17], [1, 5, 4, 2, 6], [6, 0, 4, 3, 7, 1, 5], [6, 0, 8, 3, 4, 9], [5, 7, 1, 2, 8], [10, 0, 12, 3, 1, 2]]
[[16, 3, 19, 22, 15, 20, 0, 6], [4, 6, 9, 19, 23, 0, 7, 15, 16], [12, 15, 17, 19, 13, 4, 0, 14, 16, 18]]
[[20, 4, 14, 3, 13, 18, 2, 17, 21, 19, 15], [2, 0, 1], [0, 11, 6, 1, 4], [8, 12, 5, 0, 2, 9, 10, 13, 6, 3, 4], [17, 3, 12, 25, 0, 5, 6, 13, 26, 21, 15, 27, 2, 18, 22, 4, 7], [1, 2, 6, 0, 5, 7, 10], [5, 1, 7, 8, 13, 0, 6, 4, 12, 9], [10, 2, 6, 7, 0, 12, 1, 4], [6, 8, 13, 11, 4, 5, 0, 7, 10, 1]]
[[1, 3, 6, 4, 2], [3, 4, 6, 12, 1, 8, 5, 7], [4, 3, 1, 9, 5, 0, 7, 6], [12, 7, 9, 1, 8, 4, 13], [], [4, 5, 1, 7], [6, 7], [8, 4, 3, 7, 2, 12], [0], [12, 3, 9, 1, 4, 11, 0, 5, 13, 2, 7], [7, 9, 0, 3, 2, 1, 8]]
[[13, 1, 6, 4, 3, 2, 11, 10, 14, 7, 12], [3, 0, 5, 7, 4, 8], [2, 5, 0, 10, 9, 8, 11, 4], [2, 4, 7, 0, 1, 6, 5], [5, 2, 11, 4, 14, 9, 12, 15], [6, 0, 11, 5, 10, 7, 13], [3, 0, 2, 8, 4, 1], [6, 13, 15, 0, 8, 10, 7, 9, 11], [0, 6, 3, 1, 4]]
[[10, 5, 14, 4, 9, 13, 3, 16, 12, 11, 15], [2, 1, 4, 3, 0], [10, 2, 7, 12, 6, 15, 11, 0, 13], [1, 10, 12, 5, 8, 0, 3, 9, 2, 11, 6], [0, 11, 13, 3, 12, 6, 8, 9, 15], [7, 4, 8, 0, 1]]
[[13, 6, 1, 8, 10, 7, 5, 9, 2, 3, 11], [6, 12, 1, 7, 0, 13, 11], [2, 27, 28, 32, 31, 1, 10, 0, 3, 13, 34, 29, 15], [2, 3], [0, 1], [0, 1, 13, 6, 15, 2, 10], [0], [2, 4], [3, 1, 0], [20, 0, 16, 12, 4, 18, 1, 17, 2, 5, 10, 9, 19], [0, 2, 1], [0, 10, 13, 8, 2, 7, 6, 3, 11], [1, 0, 7, 9], [4, 2, 9, 8, 0, 10, 5, 6], [8, 11, 4, 2, 9, 12, 10], [4, 2, 1, 0, 5, 6]]
[[8, 3, 5, 11, 1, 6, 9, 0], [1, 2, 4, 6, 0, 5], [11, 2, 4, 6, 0, 3, 1], [10, 1, 2, 0, 6, 4], [11, 4, 2, 6, 13, 17, 7, 15, 0, 12, 5, 10, 18, 19], [3, 5, 6, 2, 8, 7]]
[[6, 12, 3, 7, 2, 11, 4], [1, 0], [13, 2, 7, 5, 1, 15, 3], [11, 25, 3, 8, 18, 23, 28, 1, 15, 0, 12, 14, 26, 27, 21, 7], [3, 7, 9, 0, 11, 8, 10, 5]]
[[4, 6, 5, 8], [9, 6, 1, 16, 2, 4, 11, 10, 7, 14, 0, 13, 12, 3], [2, 10, 18, 14, 1, 13, 17, 19, 5], [2, 8, 3, 7, 6, 4, 0]]
[[4, 8, 2, 1, 7, 9, 6], [11, 0, 4, 9], [5, 8, 12, 6, 1, 9, 0, 3, 4, 11], [20, 6, 0, 1, 13, 16, 4, 7, 8, 10, 14, 18, 9, 2, 17]]
[[8, 11, 16, 2, 15, 9, 17, 3, 5, 10], [8, 0, 6, 3, 9], [6, 12, 4, 8, 13, 5], [14, 6, 9, 0, 15, 1, 4, 16, 7, 3], [6, 9, 25, 2, 23, 10, 4, 1, 11, 3, 22, 7, 24, 26, 8, 13, 20, 16, 17]]
[[7, 1, 9, 0, 6, 5, 8, 2, 13], [1, 3, 6, 0, 7, 5], [2, 12, 10, 13, 16], [4, 13, 0, 2, 8, 15, 1, 12, 3, 16], [6, 3, 8, 0, 7, 9]]
[[13, 8, 14, 7, 12, 11, 15, 9], [6, 7, 0, 5, 4], [12, 5, 10, 0, 3, 2, 8, 11, 7, 9], [6, 8, 2, 9, 1, 0, 7], [9, 1, 7, 4, 6, 2, 0], [15, 0, 11, 16, 8, 4]]
[[7, 10, 13, 15, 2, 16, 20, 1, 12, 11, 17, 9, 3, 14, 18], [7, 19, 14, 16, 3, 17, 21, 0, 11, 20, 15], [7, 13, 19, 20, 27, 3, 5, 11, 2, 10, 24, 1, 18, 0, 9, 23, 15, 14], [4, 11, 14, 0, 2, 10, 9, 15, 8, 13, 5], [4, 8, 2, 7, 6, 9], [4, 6, 1, 7, 2], [5, 1, 4, 7, 6, 0], [9, 1, 7, 0, 6, 10], [1, 12, 13, 9, 10, 2, 11, 3], [5, 9, 11, 0, 1, 6, 7, 10, 12]]
[[10, 13, 9, 6], [1, 3, 7, 0, 6, 2], [15, 10, 0, 2, 16, 20, 14, 19, 12, 17, 11, 5, 3, 13]]
[[19, 9, 13, 1, 6, 8, 5, 7], [1, 4, 2, 0], [3, 6, 0, 7, 4, 1], [6, 7, 8, 0, 1, 9, 2, 3], [0, 9, 2, 10, 11, 3, 13]]
[[5, 7, 11, 2, 1, 10, 12, 9, 14, 4, 3], [3, 1, 0, 13, 5, 11], [4, 5, 0, 8, 6, 3], [3, 8, 14, 9, 2, 16, 7, 1, 17, 0, 6, 4, 11, 18], [1, 5, 8, 7, 10], [1, 3, 7, 8, 0, 9, 4], [8, 0, 7, 4], [10, 8, 11, 1], [3, 6, 7, 5, 0, 8, 1], [13, 2, 7, 6, 0, 3, 14, 1]]
[[5, 2, 1, 7, 3], [11, 1, 3, 7, 2, 0, 15], [1, 3, 18, 6, 16, 17, 4], [4, 12, 10, 8, 9, 0, 7, 5, 1, 11, 3]]
[[9, 12, 2, 1, 11, 14, 8, 3, 7, 10, 4], [3, 2, 4], [9, 3, 4, 0, 2, 8, 10], [3, 1, 13, 6, 8, 9, 2, 14, 7]]
[[7, 3, 9, 12, 1, 8, 6, 4], [6, 8, 9, 1, 2, 0, 4], [5, 0, 8, 1, 6, 4, 12], [4, 15, 1, 8, 9, 11], [7, 0, 11, 14, 2, 1, 8, 12, 4, 9], [1, 0, 6, 8, 9, 11], [3, 6, 8, 10, 5, 1, 2, 9, 4, 11, 7]]
[[20, 0, 17, 18, 11, 16, 22, 13, 10, 21, 14, 15, 19, 23], [8, 1, 0, 5, 7, 2], [2, 5, 1, 4, 3], [0, 2, 7], [5, 17, 11, 13, 22, 23, 26, 14, 18, 29, 8, 24, 28, 6, 20, 9, 25, 30, 1, 27, 19], [5, 0, 7, 10, 6, 1, 2, 12], [6, 9, 0, 2, 4], [0, 1]]
[[9, 14, 2, 15, 6, 0, 12, 5, 17, 19, 3, 7], [3, 10, 13, 0, 8, 11, 1, 5, 4, 9], [7, 15, 6, 9, 10, 12, 2, 4, 8, 13], [3, 11, 6, 10, 1, 4, 0, 8, 12, 13, 7, 9]]
[[4, 12, 3, 11, 2, 14, 9, 13], [1, 0], [9, 1, 6, 5, 0, 3, 2, 7], [11, 6, 9, 5, 1, 0, 2, 7], [9, 2, 1, 10, 0, 6], [1, 3, 16, 2, 10, 11, 0, 7, 14, 17, 8, 5, 12, 15]]
[[1, 10, 15, 4, 11, 3, 9, 8, 14, 16, 12], [5, 12, 1, 7, 17, 19, 0, 18, 6, 13, 22, 29, 16, 23], [8, 14, 9, 1, 11, 13, 2]]
[[9, 13, 3, 2, 16, 12, 14, 4], [1, 9, 7, 13, 0, 10, 8], [10, 12, 14, 2, 15, 11, 1, 9, 13], [5, 0, 9, 15, 8, 4, 14, 1, 10, 12], [1]]
[[6, 3, 1, 5, 0], [4, 7, 2, 3], [7, 6, 3], [2, 8, 11, 14, 0, 6, 13, 3, 9, 12, 10, 15, 4]]
[[7, 9, 2, 1, 10, 3], [5, 13, 1, 0, 10, 3, 6, 12], [8, 1, 4, 10, 3, 6, 0, 2, 11], [7, 3, 6, 0, 5, 11], [2, 7, 11, 10, 0, 9, 3, 8]]
[[6, 8, 1, 0, 7, 5], [8, 17, 5, 10, 3, 13, 2, 1, 0, 9], [5, 9, 11, 15, 7, 3, 17, 8, 6, 0], [5, 8, 1, 3, 6, 9, 12, 10], [3, 10, 11, 9, 2, 7, 8, 6, 4], [4, 1, 0, 5, 2]]
[[15, 4, 8, 10, 17, 18, 5, 9, 0, 16, 19, 6], [5, 0, 2, 1, 7], [4, 0, 8, 1, 9, 12], [0, 8, 12, 16, 3, 5, 10, 13, 11, 1, 17, 6]]
[[6, 3, 7, 5, 2, 4, 8], [3, 9, 2, 0, 12, 5, 1], [12, 20, 0, 7, 9, 11, 14, 8, 10, 21, 18], [7, 11, 1, 8, 12, 4, 0, 9, 13], [4, 5, 7, 8], [1, 3, 0, 5, 4, 2], [0, 1, 6, 4, 3, 5, 7], [0]]
[[4, 6, 0, 7, 8, 5, 3, 1], [2, 10, 5, 1, 0, 6, 3, 7], [3, 10, 2, 1, 11], [1, 2, 0], [7, 3, 9], [2, 6, 5, 0, 7], [11, 2, 3, 5, 12], [8, 2, 6, 3, 7], [6, 11, 3, 4], [4, 0, 1, 3, 5], [5, 4, 0, 6], [6, 14, 7, 1, 0, 12, 10, 15, 9, 2]]
[[7, 13, 16, 2, 14, 1, 6, 10, 9, 0, 5, 8, 3], [15, 17, 3, 19, 4, 22, 7, 11, 2, 8, 13, 12, 0, 18, 9, 5, 20], [12, 3, 6, 11, 4, 0, 1, 9, 13, 10, 15, 14, 2], [3, 15, 23, 26, 9, 24, 2, 16, 21, 14, 13, 4, 8, 18, 19], [16, 6, 8, 3, 1, 11, 7, 9, 17, 5, 10, 18], [0, 5, 4, 2], [5, 15, 11, 2, 8, 13, 12, 3, 6, 9, 4]]
[[3, 2, 9, 8, 7, 4, 6, 10], [6, 9, 8, 1, 7, 4, 10, 0, 3], [1, 7, 10, 0, 5, 4, 6, 2, 8], [2, 8, 17, 4, 0, 9, 13, 15, 12, 3, 14, 10]]
[[15, 6, 10, 5, 9, 8, 7, 0], [13, 8, 9, 1, 12, 11, 14, 3, 2, 15], [1, 5, 4, 6], [0, 1, 4], [1, 14, 0, 12, 2], [10, 3, 1, 6, 4], [4, 13, 14, 1, 11, 9, 0, 5], [9, 7, 3, 1, 6, 10], [2, 5, 8, 0, 6]]
[[17, 0, 8, 10, 24, 25, 3, 6, 12, 15, 18, 20, 5, 14, 11, 21], [6, 7, 8, 0, 4, 3, 5], [4, 12, 3, 0, 8, 14, 6, 11, 1, 13, 9], [4, 5, 1, 14, 13, 0, 9, 17], [6, 10, 0, 11, 14, 1, 13, 8, 4, 2], [10, 16, 11, 2, 4, 6, 5, 8], [3, 7, 12, 9, 10, 0, 4], [14, 10, 3, 4, 12, 15, 8, 1, 7, 11, 5]]
[[6, 10, 2, 7, 5, 1, 9, 3], [17, 8, 3, 9, 10, 0, 4, 1, 6], [2, 0, 3, 1], [1, 6, 8], [1, 2, 13, 0, 8, 6, 3, 10, 4], [12, 16, 17, 3, 10, 20, 1, 4, 19, 8, 0, 6, 7, 13, 9, 14], [7, 8, 1, 5, 0, 4, 6], [9, 17, 3, 7, 11, 4, 19, 0, 14, 15, 1], [14, 16, 9, 17, 8, 0, 12, 4, 11, 13]]
[[10, 8, 4, 11, 3, 5, 7], [8, 0, 5, 6, 2, 4, 1], [10, 1, 3, 7, 6, 2, 8, 0, 9], [8, 0, 2, 5, 11, 3, 6, 9]]
[[8, 10, 3, 2, 9, 7, 4], [1, 0], [8, 3, 12, 0, 16, 7, 15], [3, 4, 1, 0, 2, 5, 6], [5, 0, 1, 2, 4]]
[[11, 12, 2, 6, 17, 1, 13, 14, 15, 16, 18], [4, 6, 8, 12, 17, 0, 5, 1, 15, 19], [4, 6, 0], [1, 3, 4, 5, 6], [9, 2, 1, 6, 8, 0, 5, 4, 10], [5, 4, 6, 1], [2, 4, 1, 3, 0], [8, 0, 6, 5], [7, 2, 1, 0, 4, 5, 9], [3, 2, 8, 0, 1, 4, 6, 7, 5]]
[[15, 2, 6, 17, 3, 7, 1, 5, 10, 9, 11], [3, 5, 0], [2, 3, 25, 33, 8, 20, 9, 11, 31, 4, 23, 26, 34, 5, 22, 28, 30, 32, 21, 19, 29], [10, 1, 2, 0, 7, 8, 3, 4]]
