0.9012566208839417
0.9924471974372864
0.9097175598144531
0.9933379888534546
0.9548011422157288
0.9939345717430115
0.9161136746406555
0.9834358096122742
0.9817920327186584
0.9886900782585144
0.9625192284584045
0.9850044846534729
0.9112354516983032
0.9931238889694214
0.9507771134376526
0.9794835448265076
0.9621996879577637
0.9904604554176331
0.9631305932998657
0.9901472330093384
0.9068881869316101
0.9907199740409851
0.9168809652328491
0.989052951335907
0.9481024146080017
0.9867537021636963
0.9220358729362488
0.9927749037742615
0.9757875204086304
0.9914166331291199
0.9795446395874023
0.9882850050926208
0.9612228274345398
0.9921196103096008
0.9721410870552063
0.9951785802841187
0.9748333096504211
0.9893484115600586
0.9720163941383362
0.987077534198761
0.9689553380012512
0.9861892461776733
0.8961367607116699
0.9948500394821167
0.9470551609992981
0.9846329092979431
0.984784722328186
0.9726042151451111
0.9030454754829407
0.9955017566680908
0.9677611589431763
0.9881536364555359
0.9678845405578613
0.989845335483551
0.9385756850242615
0.9786621928215027
0.9198452830314636
0.9752703309059143
0.831073522567749
0.9777652621269226
0.9381393790245056
0.9832773208618164
0.9474291205406189
0.9918635487556458
0.9520469903945923
0.9849279522895813
0.9767774343490601
0.9883617758750916
0.9504374861717224
0.9721912741661072
0.95404452085495
0.9897703528404236
0.9685580730438232
0.9916679263114929
0.957927942276001
0.9980421662330627
0.8966056108474731
0.9928926229476929
0.9777238368988037
0.9961760640144348
0.9411614537239075
0.985531747341156
0.956787645816803
0.9615396857261658
0.9589531421661377
0.9816385507583618
0.8341615796089172
0.9900538921356201
0.9254499673843384
0.9881245493888855
0.9656704664230347
0.9942598342895508
0.9834921956062317
0.9855249524116516
0.8825733065605164
0.9870874285697937
0.9680430293083191
0.9868939518928528
0.9415390491485596
0.9827117919921875
0.9706498980522156
0.9698324203491211
0.9587907195091248
0.99278324842453
0.9891776442527771
0.9917715787887573
0.9550088047981262
0.9739781022071838
0.9769132137298584
0.9965173602104187
0.9704363942146301
0.9878897070884705
0.8600759506225586
0.9933829307556152
0.8955374360084534
0.9857906699180603
0.9690582156181335
0.9966315627098083
0.9856572151184082
0.9858130216598511
0.9182551503181458
0.9895787239074707
0.9731584787368774
0.9944906234741211
0.968486487865448
0.9916489720344543
0.9544000029563904
0.9914714097976685
0.9568045139312744
0.9905712604522705
0.8142760396003723
0.9916177988052368
0.9453023076057434
0.9941442608833313
0.9492802023887634
0.9814291000366211
0.9456997513771057
0.9922599792480469
0.7909404039382935
0.9959904551506042
0.9411680698394775
0.9921473860740662
0.9736579656600952
0.9882053732872009
0.9404065608978271
0.9764571785926819
0.9197633266448975
0.9935829043388367
0.9733424782752991
0.9806926846504211
0.9293920993804932
0.9663402438163757
0.9584985375404358
0.9778589010238647
0.9625748991966248
0.9940165281295776
0.9463555216789246
0.9924275875091553
0.9259548187255859
0.9891960024833679
0.9494860172271729
0.9900050759315491
0.9367970824241638
0.9897686243057251
0.8687602281570435
0.9811072945594788
0.966058075428009
0.9833998084068298
0.9565345048904419
0.9970502853393555
0.9436673521995544
0.992294430732727
0.9737621545791626
0.986985445022583
0.9670758843421936
0.9933806657791138
0.9621654152870178
0.9919171333312988
0.9840024709701538
0.9946948885917664
0.9611796736717224
0.9933940172195435
0.9655085206031799
0.9785752296447754
0.9770789742469788
0.9942615032196045
0.9770447611808777
0.9909852743148804
0.9554973840713501
0.9932013154029846
0.9430547952651978
0.9684029817581177
0.9457947015762329
0.9861819744110107
0.8822780251502991
0.9935052990913391
0.9470897912979126
0.9935814142227173
0.930385410785675
0.9892823100090027
