-1.002731442451477
-0.7870712876319885
-1.0644421577453613
-0.8288113474845886
-1.2177784442901611
-0.6491976976394653
-0.9565454721450806
-0.8428651094436646
-1.1081955432891846
-0.6749232411384583
-0.983212947845459
-1.0069172382354736
-1.041243314743042
-0.6517466306686401
-1.1636738777160645
-0.8627228736877441
-0.8818045258522034
-0.7828275561332703
-1.083720326423645
-0.7293448448181152
-1.551822543144226
-0.7962290048599243
-1.2657898664474487
-0.8109306693077087
-1.0703403949737549
-0.7867683172225952
-1.2121347188949585
-0.7480127811431885
-1.0947524309158325
-0.7847608327865601
-1.1625593900680542
-1.0553890466690063
-1.0179989337921143
-0.8684085011482239
-1.0830551385879517
-0.7936437129974365
-1.0773038864135742
-0.7292481064796448
-1.0159164667129517
-0.7532683610916138
-1.1494250297546387
-0.5768898725509644
-1.209586501121521
-1.3278752565383911
-1.1489135026931763
-0.7177667021751404
-1.0201340913772583
-0.8545348644256592
-1.019724726676941
-0.7488479018211365
-1.0380513668060303
-0.7978904843330383
-1.3135653734207153
-0.7766812443733215
-1.3165602684020996
-0.7364340424537659
-1.2200764417648315
-0.6914152503013611
-1.2939469814300537
-0.6420588493347168
-1.1378448009490967
-0.9311983585357666
-1.3885598182678223
-0.814163088798523
-1.0361270904541016
-0.9608674645423889
-0.7883560657501221
-0.8963208198547363
-1.0653165578842163
-0.7292971014976501
-0.9744036197662354
-0.9324828386306763
-0.9502066373825073
-0.8683477640151978
-0.9149511456489563
-0.8168463110923767
-1.342201828956604
-0.9116101264953613
-1.1230429410934448
-1.0263172388076782
-1.1666016578674316
-0.7383099794387817
-1.1507054567337036
-1.0180041790008545
-1.0604392290115356
-0.7344851493835449
-1.2288551330566406
-0.8363761901855469
-1.184260368347168
-0.7778921127319336
-1.0494756698608398
-0.8273875117301941
-0.8451029062271118
-0.7373858690261841
-1.1017900705337524
-0.8725163340568542
-1.176361322402954
-0.8518584370613098
-1.2862778902053833
-1.1157726049423218
-1.0364950895309448
-1.2042025327682495
-1.065295696258545
-1.0043798685073853
-1.292829155921936
-0.74552983045578
-1.0826694965362549
-0.6869929432868958
-1.2525824308395386
-0.6342857480049133
-1.0316524505615234
-0.7454972267150879
-1.051358699798584
-0.6556368470191956
-1.6650415658950806
-0.7386244535446167
-1.0667706727981567
-0.653671383857727
-1.1581060886383057
-0.6977009177207947
-0.9796328544616699
-0.9763321876525879
-1.126211404800415
-0.8384097218513489
-1.1552798748016357
-0.9486884474754333
-0.92500239610672
-0.8009301424026489
-1.2114166021347046
-0.8511882424354553
-1.2933467626571655
-0.9462013244628906
-1.160433292388916
-0.8633372187614441
-1.1272004842758179
-0.779708206653595
-1.0764092206954956
-0.8587501049041748
-1.0349425077438354
-1.0245425701141357
-1.1361171007156372
-0.4156140983104706
-1.0578022003173828
-0.9605252146720886
-1.2179148197174072
-0.5790671706199646
-1.07027006149292
-1.1247296333312988
-1.0287978649139404
-0.7660166621208191
-0.9590339064598083
-1.1160120964050293
-1.0595351457595825
-0.9108859300613403
-0.8241357207298279
-0.6984583735466003
-0.9849585294723511
-0.7150437831878662
-1.10287606716156
-0.6751237511634827
-0.883793830871582
-0.8689695000648499
-1.0323894023895264
-0.7030262351036072
-0.9888031482696533
-0.7678874135017395
-1.2433339357376099
-1.0086090564727783
-1.0290724039077759
-0.6812803149223328
-1.1942375898361206
-0.7887061238288879
-1.121069073677063
-0.8048575520515442
-1.350569248199463
-1.012933373451233
-1.2355213165283203
-0.7920644879341125
-1.0980770587921143
-0.8590212464332581
-1.3950546979904175
-0.8876937627792358
-1.191286563873291
-0.8565452098846436
-0.9038161039352417
-0.842264711856842
-1.0185750722885132
-0.7880732417106628
-1.2495797872543335
-0.9250768423080444
-0.8069038987159729
-0.708324670791626
-1.125907063484192
-1.0567681789398193
-0.853349506855011
-0.944362461566925
-1.219037652015686
-0.991912841796875
-1.3147810697555542
-0.9294553995132446
