-2.8317201137542725
-2.0886025428771973
-3.171334743499756
-2.4561307430267334
-2.5672571659088135
-1.532096028327942
-2.476032018661499
-2.1545605659484863
-2.758185863494873
-1.7421704530715942
-2.4439587593078613
-2.18380069732666
-3.0474069118499756
-1.939635157585144
-3.208325147628784
-2.151339054107666
-2.4017131328582764
-1.9312071800231934
-2.8951416015625
-2.6487975120544434
-2.934746265411377
-2.1761345863342285
-2.6388232707977295
-2.258404016494751
-2.494784116744995
-2.1387434005737305
-2.7674098014831543
-1.8643697500228882
-3.0555453300476074
-1.8676910400390625
-2.5907645225524902
-1.7932032346725464
-3.361262798309326
-1.9845017194747925
-2.4659132957458496
-1.9603351354599
-2.531299352645874
-1.9996265172958374
-2.286294937133789
-1.9449462890625
-2.5587422847747803
-1.820692777633667
-2.820232629776001
-1.988317847251892
-2.5292270183563232
-2.026371955871582
-2.7844114303588867
-1.8264498710632324
-2.4459667205810547
-1.8144302368164062
-3.007870674133301
-2.1513943672180176
-2.7031290531158447
-1.777118444442749
-2.7673518657684326
-1.6693799495697021
-2.6588754653930664
-2.0489883422851562
-3.127882957458496
-1.9109070301055908
-2.759432792663574
-1.977832555770874
-3.2225441932678223
-2.0987133979797363
-2.5042481422424316
-1.9186123609542847
-2.2296864986419678
-2.108912944793701
-2.653407335281372
-2.088139533996582
-2.068452835083008
-1.974578857421875
-2.6138317584991455
-1.8929458856582642
-2.397965431213379
-1.8224499225616455
-3.0923988819122314
-1.900856375694275
-2.9710354804992676
-2.0349440574645996
-2.4108526706695557
-1.8831239938735962
-3.057844638824463
-2.5850820541381836
-2.356221914291382
-2.326789617538452
-3.8913066387176514
-2.0245957374572754
-2.9053714275360107
-3.1844544410705566
-2.3716466426849365
-1.7004077434539795
-2.265777349472046
-2.1725730895996094
-2.4108893871307373
-2.18593692779541
-2.799794912338257
-2.1231133937835693
-3.250654935836792
-1.8448505401611328
-2.5648672580718994
-2.739079713821411
-2.9128048419952393
-1.8571999073028564
-2.6757543087005615
-1.7586833238601685
-2.7443737983703613
-2.037627935409546
-2.6125409603118896
-1.6884537935256958
-2.2538323402404785
-1.5163918733596802
-2.8422417640686035
-1.649254322052002
-2.9992587566375732
-1.9821349382400513
-2.8362643718719482
-1.4506287574768066
-2.61263108253479
-1.938206434249878
-2.605546712875366
-2.1718955039978027
-3.0176563262939453
-1.925157904624939
-2.387554168701172
-1.9259041547775269
-2.2896692752838135
-2.044602155685425
-2.6648755073547363
-1.9623007774353027
-2.780116081237793
-1.8445957899093628
-2.650322198867798
-1.707192301750183
-2.610463857650757
-2.1889164447784424
-2.6030774116516113
-1.9063011407852173
-2.9648351669311523
-1.7889409065246582
-2.5234506130218506
-1.4039369821548462
-2.5914838314056396
-2.0056560039520264
-2.9741294384002686
-2.0118610858917236
-2.928558826446533
-2.212379217147827
-2.4575138092041016
-3.117516040802002
-2.5876972675323486
-2.3338937759399414
-2.5122594833374023
-2.1785225868225098
-2.585209846496582
-1.8493834733963013
-2.5146665573120117
-1.7508211135864258
-2.5700151920318604
-2.0050625801086426
-2.703612804412842
-2.026608467102051
-2.2755589485168457
-1.9282691478729248
-2.769765853881836
-1.9778276681900024
-2.97601318359375
-2.16469669342041
-3.0136849880218506
-1.9690669775009155
-2.5719332695007324
-1.930549144744873
-3.173003673553467
-2.279975175857544
-2.6947362422943115
-2.0462679862976074
-3.224942922592163
-1.8977186679840088
-2.537580966949463
-1.9890600442886353
-2.8445615768432617
-1.7635576725006104
-2.4705276489257812
-1.804315209388733
-2.575326919555664
-1.8569966554641724
-2.393608570098877
-1.9016437530517578
-2.991858959197998
-1.826784610748291
-2.216332197189331
-1.853703260421753
-2.5020840167999268
-1.7749755382537842
-2.2849130630493164
-2.1075632572174072
-3.2977890968322754
-2.030731439590454
-2.8272852897644043
-2.076406478881836
