0.9924525022506714
0.9989314079284668
0.9587525129318237
0.9992713332176208
0.9931070804595947
0.9993269443511963
0.9935164451599121
0.9986096620559692
0.9982644319534302
0.9996700286865234
0.9946327209472656
0.9981141090393066
0.9742261171340942
0.9985195398330688
0.9662350416183472
0.9956876039505005
0.9923728108406067
0.9979852437973022
0.9871999025344849
0.9941843152046204
0.9039615988731384
0.9991329908370972
0.9912611842155457
0.9991553425788879
0.9947147369384766
0.9982714653015137
0.9874258041381836
0.9996644854545593
0.9877369999885559
0.9989732503890991
0.9804157614707947
0.9989317655563354
0.9830642938613892
0.9968456029891968
0.9957356452941895
0.9987391233444214
0.9940840601921082
0.9997819662094116
0.9957855939865112
0.9989595413208008
0.9962127208709717
0.9989745616912842
0.9898160696029663
0.9987693428993225
0.9502246379852295
0.999404788017273
0.9760675430297852
0.9987187385559082
0.9935739040374756
0.9994995594024658
0.9881340265274048
0.9992046356201172
0.9918884634971619
0.9998236894607544
0.9565286040306091
0.9951654672622681
0.9959871768951416
0.9995831251144409
0.9464718103408813
0.9983314275741577
0.981979489326477
0.9985044002532959
0.9811053276062012
0.9994282126426697
0.9891039729118347
0.9988954067230225
0.9953035712242126
0.9998000264167786
0.9793643951416016
0.9978501796722412
0.9964053630828857
0.9975521564483643
0.9976340532302856
0.9994731545448303
0.9957202076911926
0.9996312856674194
0.8830043077468872
0.9973698854446411
0.9861578941345215
0.9984397292137146
0.9851899147033691
0.9856551885604858
0.9702469110488892
0.9864205121994019
0.993038535118103
0.998553991317749
0.8913052082061768
0.9965667724609375
0.982595682144165
0.9993808269500732
0.9975680112838745
0.9996749758720398
0.9985389709472656
0.9994627237319946
0.9671233296394348
0.9989637136459351
0.9408209323883057
0.9982679486274719
0.9812189340591431
0.9990889430046082
0.9931038618087769
0.9791188836097717
0.9957963228225708
0.9992167949676514
0.9952150583267212
0.9987866878509521
0.998108446598053
0.9991955757141113
0.9936956167221069
0.998518705368042
0.9947315454483032
0.99922776222229
0.9299490451812744
0.998121976852417
0.9976785182952881
0.9966845512390137
0.9881395101547241
0.9997318983078003
0.9916443824768066
0.9959362745285034
0.9905986785888672
0.9977411031723022
0.9833020567893982
0.9966404438018799
0.9980093240737915
0.9979180097579956
0.9915024042129517
0.9981768727302551
0.9793940782546997
0.9994166493415833
0.8593618869781494
0.9993588328361511
0.9963964223861694
0.9995691776275635
0.9711921215057373
0.999482274055481
0.9721779823303223
0.9996317625045776
0.9790635704994202
0.9993994235992432
0.995764970779419
0.9977478981018066
0.9829282164573669
0.9996035099029541
0.987628698348999
0.9991939067840576
0.9751503467559814
0.9996305704116821
0.9883441925048828
0.9997842311859131
0.9740336537361145
0.9987268447875977
0.9960862994194031
0.9972026348114014
0.9808251857757568
0.9994686841964722
0.9905011653900146
0.9986083507537842
0.9964432716369629
0.9983433485031128
0.973212718963623
0.9972143173217773
0.996288001537323
0.999395489692688
0.9773552417755127
0.9993103742599487
0.9952057600021362
0.9994995594024658
0.9792916774749756
0.9992595911026001
0.9834691286087036
0.9996515512466431
0.9916120767593384
0.9994090795516968
0.9785231351852417
0.9862620830535889
0.9786726236343384
0.9990520477294922
0.9956556558609009
0.9994863867759705
0.986652135848999
0.9927719831466675
0.9670743346214294
0.9971461296081543
0.9731864929199219
0.9996838569641113
0.9834803342819214
0.9988967180252075
0.9782421588897705
0.9986543655395508
0.9928783178329468
0.999415934085846
0.9731606245040894
0.9992319345474243
0.9971774816513062
0.9996711015701294
0.9678139090538025
0.9982569813728333
0.9647542238235474
0.9974963665008545
