[[8, 10, 6, 18, 0, 4, 14], [9, 14, 20, 1, 4, 6, 24, 2], [5, 0, 2, 15], [8, 0, 10, 14, 1, 12], [9, 4, 1], [13, 20, 5, 22]]
[[2, 4, 7, 5], [5, 1, 9], [7, 4, 9, 10, 1, 8], [12, 2, 6]]
[[11, 13, 8, 16, 22, 36, 0, 6, 17, 32, 12, 7, 33, 19, 23], [18, 39, 48, 1, 6, 7, 13, 28, 4, 19, 27, 40, 49, 9, 54, 10, 51, 2, 41]]
[[2, 9, 8, 5], [6, 0], [6], [8, 1], [10, 4], [13, 21, 2, 5, 8, 4, 3], [10, 12, 3, 8], [9, 10, 1]]
[[11, 2, 5, 3, 14, 1, 8], [6, 16, 9, 12, 15, 27, 0, 4, 28, 23, 8, 3], [10, 17, 14, 13], [9, 12, 3, 5]]
[[9, 3, 12, 21, 26, 2, 11, 25, 1, 10, 4, 6], [6, 11, 4, 7, 9], [9, 1, 0, 11], [6]]
[[10, 4, 6, 13, 16, 2], [4], [3, 9, 11, 2, 4], [10, 28, 11, 6, 16, 19], [6, 1, 4, 10]]
[[9, 13, 6, 1, 11], [7, 0, 11, 13, 16, 1], [1], [2, 5, 3, 9], [11, 4], [10, 0], [6, 10, 28, 46, 49, 12, 0, 14]]
[[10, 15, 4, 11, 3, 9, 8, 13], [4, 6], [6, 2, 0], [18, 20, 1]]
[[19, 8, 14, 4, 2, 1], [10, 15, 8, 1], [4, 6], [3], [9, 3, 14, 12, 1], [2, 3, 13, 9], [7], [0, 3], [12, 7, 4]]
[[6, 16, 14, 21, 10, 9, 17, 12, 20, 13], [10, 5], [15, 3, 4, 7], [6, 7, 10, 1, 8], [6, 0, 4, 3], [10, 0, 3, 2], [1], [4, 1], [1, 10, 17, 19], [13, 16, 21, 9, 24, 2, 28], [14, 0, 16, 12, 11, 1, 17, 10]]
[[1, 9, 3, 6, 14, 4, 12], [0, 5, 9, 13, 6], [4, 6, 9], [0, 6, 8, 5], [1, 0], [8, 18, 6, 13, 16, 14, 1, 0, 11, 15], [1, 11, 3, 13, 2], [5, 7, 10, 14, 17, 2, 13]]
[[15, 25, 5, 21, 3, 13, 2, 8, 17, 7], [4, 6, 2, 11], [6, 0]]
[[12, 18, 9, 1, 7, 0, 6], [1, 4, 11], [5, 8, 3, 11, 0, 23, 21], [10, 18, 0, 1, 7]]
[[7, 10, 2, 5, 1, 11, 3], [5, 10, 2], [], [6], [12, 13, 8, 16, 3, 4]]
[[3, 9, 12, 10, 2, 13], [8, 9, 0], [5, 7, 9, 12, 10, 3], [1, 2, 5], [14, 4, 9, 0], [8, 4], [4]]
[[13, 6, 15, 11, 19, 2, 17, 16, 1], [8], [0, 1, 5, 15, 11, 2, 3], [8, 10, 5, 4], [9, 3, 5, 8], [4, 9, 6]]
[[5, 7, 13, 2, 8, 12, 14], [0, 2, 12, 11], [12, 1, 3, 14, 19, 20, 13, 17, 15], [8, 2, 6]]
[[10, 5, 0], [4, 19, 2, 5, 14, 1, 0], [9, 16, 2, 4, 20], [5, 11, 10, 6, 2], [8, 3], [24, 8, 12, 19, 15, 9, 13, 25, 1, 10], [6, 4], [6, 1, 2, 9, 10], [5, 3], [8, 5, 4], [1, 5], [2, 11, 0], [5, 6], [10, 14, 4, 11, 16], [8, 2, 7, 6]]
[[4, 9, 1], [20, 1, 4, 15, 23, 12, 26, 18, 14, 2, 17, 24], [], [8, 0, 12], [5, 10, 11], [6, 11, 9, 3, 13], [7, 13, 12], [6, 2, 4]]
[[4, 6], [6, 0, 7, 5], [7, 3, 10], [2]]
[[2, 5, 10, 3, 1, 9], [10, 9, 2, 6, 3], [8, 11, 12, 1], [2, 12, 9, 1, 13, 11], [16, 1, 5, 8, 3], [10, 5, 6, 11, 0], [2]]
[[17, 2, 5, 11, 14, 6], [6, 3, 1], [4, 12, 14, 2], [6, 1, 0], [26, 4, 21, 19, 0, 17, 5, 24, 27, 22, 18], [10, 4, 12, 5, 3]]
[[8, 21, 28, 0, 5, 16, 7, 4, 18, 15, 19, 22, 30], [12, 11, 0, 2], [5, 4, 9, 3], [8, 30, 25, 33, 5, 13, 19, 0], [4, 8, 12, 0, 6], [5, 2]]
[[5, 7, 6, 3], [12, 3], [3, 6], [7, 9], [6], [7, 9, 2], [8, 10, 19, 16]]
[[5, 17, 11, 13, 0, 3, 14], [4, 6, 1], [15, 5, 7, 11, 17, 23, 8, 20, 1, 3], [20, 2, 3, 9, 22, 4, 23, 0, 25, 18, 19], [7, 0], [8, 9, 13, 3, 4], [0, 26, 32, 4, 7, 9, 15, 28, 34]]
[[20, 21, 1, 9, 13, 0, 19, 18, 23, 8], [12, 4, 1, 5, 7]]
[[13, 15, 8, 0], [], [7, 11, 2, 5, 13], [], [10, 6], [44, 5, 1, 7, 21, 26, 27, 2, 19, 22], [2, 5], [], [2]]
[[4, 18, 0, 2, 7, 8], [0, 4, 12, 3, 7], [4, 3, 0, 8, 15, 7], [8, 2, 4, 5, 12, 9, 11], [3, 4, 10, 12]]
[[21, 7, 9, 0, 3, 10], [4, 0], [0, 2], [], [7, 14], [13, 17, 5], [3], [8, 10, 4], [3, 5, 7, 0, 4], [13, 5, 8, 17, 6]]
[[10, 12, 3, 8, 2, 9, 7, 11], [5, 2, 8, 3, 6, 11], [4, 10, 8, 2, 11, 3], [8, 2], [6, 17, 1], [4, 13, 1, 7, 11], [8, 3, 15, 14, 2]]
[[4, 10, 0, 5], [5, 6, 8, 3], [14, 4], []]
[[15, 7, 10, 12, 18, 4], [16, 20, 11, 13, 3, 0, 2, 10, 17], [0], [8]]
[[10, 12, 3, 2, 11, 9, 16, 4, 5], [11, 4, 6, 0, 2], [9, 1, 3], [2, 7, 13], [0]]
[[7, 3, 9, 14], [7, 11], [3, 10, 5, 7], [4, 2], [6, 0], [9, 5, 3], [5, 12, 0], [13, 4, 8, 11], [7, 3, 10, 0, 4]]
[[8, 12, 3, 9, 13, 2, 7], [2, 8, 9], [8, 13, 3, 16, 0, 19, 1, 18], [8, 16, 4, 9, 13, 23, 0, 5]]
[[12, 14, 18, 5, 4, 11, 10, 15], [0, 2], [5], [12, 15, 1, 0, 4, 2], [10, 2, 6, 12, 1], [10, 9, 21, 5], [14, 5, 12, 0]]
[[19, 14, 18, 9, 16, 8, 13, 12, 25, 20, 17], [3, 13, 19, 0, 22, 16, 7, 4, 5], [9, 2, 1, 6], [9, 19, 4, 12, 13, 1, 0], [15, 3, 13, 20, 18, 2, 1, 0, 16], [5, 12, 17, 8, 4, 9, 14, 1, 13]]
[[9, 0, 1, 8, 12], [11, 12, 3, 0, 2, 13, 17], [0], [10, 23, 3, 5, 8, 16, 13, 2, 11, 24], [10, 12, 1, 13, 14, 6, 7]]
[[7, 10, 2], [16, 1, 4], [8, 5, 10], [7, 0], [13, 4, 8], [13, 0, 3, 17, 16]]
[[4, 8, 7, 9, 6, 5], [5, 0, 7, 10], [0], [7], [16, 5, 12, 15, 18], [5, 1, 3, 8, 10], [4, 0, 5, 1, 10], [6, 7, 2, 3, 11], [5, 0, 7, 14, 10], [11, 4, 6, 9], [2, 8, 0, 9, 6], [9, 12, 17]]
[[12, 20, 8, 14, 17, 0, 3], [6, 13], [1, 5], [7, 12, 8, 6, 18, 11, 13], [16, 8, 19, 9, 15, 11, 13, 20], [10, 12, 21, 7, 18], [31, 10, 16, 23, 28, 21, 26, 5, 24, 7, 9]]
[[20, 13, 7, 10], [7, 16, 22, 23], [0, 3, 7, 11], [8, 4, 1, 7], [9, 11, 4, 7], [5, 7, 10, 13], [17, 2, 5, 24], [40, 1, 4, 8, 30, 38, 42, 43, 2, 13]]
[[12, 19, 4, 2, 16, 1, 11], [4, 0, 2], [5, 8, 0], [6, 8], [0, 3, 2], [13, 22, 5, 18, 3, 9, 8, 12, 1, 2], [7, 9, 11, 0]]
[[13, 5, 4, 2, 9, 6], [3, 12], [3, 8], [5, 15, 0, 7, 10], [8, 21, 1, 3, 13, 9], [1, 9, 0, 8, 37, 40, 44, 6, 46]]
[[2, 4, 10, 3, 5], [3, 13, 14, 1], [11, 7, 1], [8, 9, 13, 2], [0, 1, 8]]
[[15, 18, 1, 11, 20, 6, 8, 16, 5, 17], [], [2, 0, 1, 14], [19, 9, 29, 30, 7, 16, 20, 4, 24, 23, 25, 27, 31], [7, 0, 1, 2, 9]]
[[3, 18, 17, 2, 11, 9, 19, 4], [2, 0, 9, 5, 10], [9, 7, 12, 3, 6, 5, 10, 22, 4, 8], [6]]
[[8, 15, 3], [17, 3, 12, 6, 13], [10, 3, 0, 1], [15, 1, 11, 9, 12], [5, 7, 11], [21, 10, 6, 17, 14, 23, 2], [0, 8, 11, 1, 9, 14, 13], [5, 19, 0, 2, 6]]
[[2, 4, 0], [7, 11, 13, 20, 23, 2], [9, 17, 2, 6, 10, 23, 0, 5, 4, 14, 20], [2, 3, 7]]
[[21, 0, 10, 19, 23, 5, 7, 17, 22, 27, 29, 31], [3, 5, 10, 12, 14], [3, 7, 11, 6, 12], [6, 0, 9, 14, 3, 12], [7, 2], [6, 0, 4, 1, 5, 7]]
[[6, 5, 8, 9, 10, 15], [6, 8, 10, 0, 3], [4, 1], [7, 0, 2, 1, 18]]
[[7, 6, 11, 5, 9], [4, 10, 13, 21, 2, 7, 11, 1, 0], [6, 10, 8, 1], [5, 8, 2]]
[[5, 4, 3, 11, 13], [3, 1, 4, 10, 7], [6, 2], [7, 4, 12, 9, 2]]
[[8, 10, 9, 5], [18, 4, 8, 2, 5], [0, 4, 1], [11, 14, 18, 20, 21, 4, 12, 8, 19]]
[[11, 6, 13, 16, 3, 21, 12, 22, 4], [5, 16, 20, 2, 9, 17, 13, 6], [1, 3, 0, 6, 9, 14, 4], [4, 6, 0]]
[[9, 25, 5, 20, 27], [5, 9, 13, 10], [12, 13, 6, 2], [3, 16, 12, 14, 1, 5, 25], [8, 1, 6, 10], [1, 7, 11, 9, 8], [14, 18, 10]]
[[1, 10, 7, 17, 14, 18], [4, 3, 18, 1], [7, 4, 10], [16, 19, 2, 4], [], [10, 4, 12, 8], [10, 4, 11, 3], [6, 9, 1], [7], [9, 5, 8, 11, 16]]
[[2], [10, 4, 1], [7, 16, 18, 4], [11, 2, 1], [8, 1]]
[[16, 7, 2, 1, 5, 8, 4], [10], [3, 2, 8, 10, 12], [1], [8, 11, 16, 5], [6, 5, 8, 9, 7], [9, 10, 4], [1, 4], [6, 10, 13], [9, 3, 7, 0], [7, 2, 8, 3], [2, 6], [12, 9], [4, 9]]
[[6, 8, 7], [1, 5, 7], [5, 8, 3, 13, 16, 18, 22, 0, 12, 14, 11, 15], [3, 7, 0]]
[[3, 5, 20, 22, 9, 2], [17, 5, 13, 19, 21, 6], [3, 12, 17, 14], [4, 9, 11, 16, 7], [], [3]]
[[5, 10, 2, 6, 4], [4, 5, 7, 0, 6], [2, 4, 10, 14, 1]]
[[6, 8, 17, 21, 27, 30, 0, 31, 7, 20, 19, 25, 26], [6, 14, 7, 10, 17, 0, 13, 8], [7, 9, 8]]
[[3, 7], [4, 0], [4, 11, 10, 7, 3], [0, 2], [5, 0, 6, 11, 12, 9], [15, 1, 9, 19, 22], [1, 15, 8, 6, 5, 0], [], [2]]
[[5, 1, 6], [10, 2, 6, 5, 1, 0, 9], [2, 12, 15], [2], [1, 13, 16, 14, 10, 3]]
[[6, 9, 23, 1, 10, 20, 0, 5, 25], [11, 2, 7, 3], [15, 1, 2, 13, 3], [9, 0, 6, 12, 4], [7, 13, 20, 5], [13, 14, 1, 2], [9, 7, 3]]
[[30, 7, 11, 9, 13, 16, 21, 24, 32, 34, 36, 40, 22, 25, 8, 12, 2]]
[[9, 11, 14, 2, 12], [1, 4, 12, 0, 8, 2], [1, 8, 3, 11], [9, 1], [0, 10, 1, 4, 5], [17, 20, 12, 21, 0, 16, 11]]
[[9, 29, 15, 5, 23, 2, 10, 22], [3, 10], [7, 4, 5], [12, 4, 10, 15], [0, 7, 12], [9, 1, 13, 6, 2], [3, 6], [7], [1, 8], [7, 23, 13, 12]]
[[12, 16, 18, 2, 8, 20, 23, 27], [5], [12, 3, 11, 0], [10, 4, 5], [6, 10], [9, 11]]
[[19, 7, 11, 14, 17, 9], [2, 5, 17, 7, 11, 13], [12, 8, 10], [12, 3, 6, 10, 15], [7, 2], [9, 14, 16, 2, 7], [6, 0, 2, 8], [10, 4, 13, 12], []]
[[13, 24, 17, 4, 7, 19, 26], [6, 12, 3], [], [5, 3], [0, 4], [8, 4, 11, 15, 0, 12, 3], [3, 5], [4, 0], [1, 3, 6, 11, 4], [8, 10], [1, 10, 4, 14, 3]]
[[15, 5, 12, 3, 10, 13], [3, 1], [1, 3, 6, 8], [11, 6, 5], [7, 14, 4, 6], [7, 4, 11, 5, 2]]
[[9, 16, 18, 0, 3, 10], [2, 17, 19, 0], [3, 5], [4], [18, 20, 4, 7, 13], [4, 2], [6, 1], [10, 1, 6, 2], [1, 4, 3]]
[[17, 23, 5, 8, 13, 3, 21, 7], [5, 2], [1, 3, 9], [8, 13, 14]]
[[18, 1, 13, 2, 8, 7, 12], [5, 7, 13, 1, 10, 16], [0, 6, 9, 3], [0]]
[[7, 9, 12, 22, 23, 4], [5, 17, 4, 0, 6], [1, 7], [2, 0, 4, 7], [10, 12, 5, 13, 0]]
[[5, 2, 6, 1, 10, 9], [1, 5, 9, 2, 0], [3], [5, 14, 17, 12, 18]]
[[8, 11, 3, 5, 14, 0, 4, 12], [8, 11, 19, 24, 0, 9, 18, 25, 1, 13], [13, 4, 18, 5, 19, 17, 11, 15]]
[[22, 0, 2, 6, 7, 11, 1, 8, 10], [2, 1], [16, 6, 9, 11], [2], [3, 6, 8]]
[[4, 8, 10, 2, 1, 9], [2, 8, 1, 7, 0], [17, 9, 10, 13, 19, 21, 25, 26, 1, 16, 11, 27, 12], [6, 8, 11, 1, 5]]
[[4, 1, 3], [9, 2, 7], [6, 8, 12, 15], [5, 8, 6, 9, 0], [3, 12]]
[[0, 1, 7], [4, 5, 7, 1], [4, 9, 5, 0]]
[[6, 11, 8], [13, 5, 0, 1], [11, 2], [7, 11], [12, 0, 8, 6, 5, 7, 16], [3]]
[[8, 17, 3, 6, 11], [5, 16, 4], [9, 15, 18, 21, 24, 1, 3], [1, 3, 8], [18, 17, 5, 2, 7], [10, 3, 11], [11, 2, 8, 21, 17], [4, 0, 5, 6, 7], [8, 6, 10, 1, 4], [5, 8, 7, 3, 4]]
[[11, 13, 8, 10, 7, 12, 9, 14], [], [5, 13, 2, 8, 16, 19, 22, 3, 17], [3, 7]]
[[10, 4, 2, 1, 5, 11], [10, 11, 3, 6, 12, 18, 2], [6, 8, 10, 4, 7, 11], [17, 2, 4, 19, 9]]
[[4, 8, 6, 12, 21, 17, 5, 9, 3, 7], [3, 0], [2], [5, 21, 2, 11, 25, 23, 6, 1], [6, 2, 1, 4]]
[[6, 14, 17, 19, 21], [2, 3, 1], [], [0], [11, 13, 0, 4, 8], [7, 10], [10, 12, 2, 5], [2, 1], [2, 7], [8, 4, 10, 6, 5, 7], [19, 23, 20, 5, 9, 12]]
[[17, 20, 0, 7, 6, 15, 18, 22, 19], [1, 3, 2, 10, 0], [2, 1, 13, 15, 7, 9, 6], [13, 18, 4], [2, 9, 6, 12], [6, 17], [11, 23, 9, 14, 16, 0]]
[[11, 0, 5, 7, 8], [1, 0, 5], [0, 1, 7], [5, 7, 8, 13, 11], [5, 4, 3, 0], [5, 13]]
[[20, 5, 12, 16, 23, 10], [6], [4, 0, 1], [14, 6, 12, 2, 11], [2, 5, 15, 3], [9, 0, 2, 4], [2, 7, 11, 5], [6, 1, 3, 2], [13, 3, 8]]
[[1, 3, 10, 5], [10, 7, 0, 12], [1, 0, 2, 5], [0, 7, 10], [11, 22, 3], [11, 1], [16, 6, 3]]
[[18, 6, 14], [16], [0, 7], [3, 5, 7], [0], [7, 0, 4], [11, 12, 6, 1], [1, 3, 10], [7], [2]]
[[23, 28, 9, 8, 17, 20, 5], [22, 11, 13, 8], [6, 11, 0, 8, 3], [7, 18, 2, 10, 17], [6, 10, 14]]
[[20, 0, 10, 16, 1, 4, 3, 5], [6, 2], [7, 3, 5, 9, 0, 2, 8], [9, 3, 12, 0, 4, 10, 1]]
[[13, 15, 4, 3, 14, 12, 16], [5, 12], [17, 2, 12, 0], [5, 9, 8, 4], [10, 13, 15, 8, 1], [7, 9, 4], [10, 3, 12, 2], [15, 8, 12], [14, 16, 18, 2], [18, 28, 36, 32, 7, 10, 13, 39, 8, 26]]
[[10, 13, 19, 16, 2, 1, 17, 6], [3, 6, 7], [8, 12, 1], [10, 3, 1, 5, 0]]
[[12, 8, 16, 3], [4, 11, 0], [8, 1], [10, 13, 6], [3, 0], [2, 4], [13, 12, 0, 7, 1, 16]]
[[0, 5, 10, 9, 4], [2, 10, 11, 1, 0], [3, 1, 4, 2, 5, 6], [0, 1, 7], [3, 6, 5, 0]]
[[4, 12, 5], [0], []]
[[1, 5, 8, 15], [15, 9], [4, 11, 0], [29, 32, 36, 2, 13, 15, 22, 31], [6, 1, 5, 9], [6, 8, 11]]
[[9, 4, 13, 8, 3, 7], [11, 2, 0, 4], [6, 9, 4], [5, 6, 2, 7], [5, 0, 3]]
[[4, 5, 3], [6, 10, 3, 11, 9, 2], [9], [0, 6, 5, 4, 7], [3, 9, 5]]
[[13, 18, 21, 6, 3, 8, 11], [9], [4, 6], [5, 7], [5, 0, 2, 3], [4], [9, 8, 11, 2, 12]]
[[3, 7, 10, 1, 6], [0, 8, 1, 7, 15, 6], [11], [13, 11, 3], [12, 2, 9, 15], [6, 0, 13, 12], [10, 3, 12, 0], [14, 33, 28, 2, 5]]
[[20, 5, 22, 25, 0, 23, 4, 11, 14, 3, 13, 12], [19, 3, 17, 1, 18, 0, 21, 20], [17, 11, 10, 1, 15, 6, 18, 5], [4, 14, 15, 2, 7, 10, 20], [9, 6, 14, 1], [10, 15, 4, 0, 1, 2]]
[[10, 9, 13, 5], [0], [2, 1, 6], [9, 2], [9, 6, 10, 8, 0]]
[[5, 15, 9, 13, 11, 2], [8, 1], [16, 3, 6, 8, 11, 4], [12, 7, 10, 13], [2, 8, 14, 11, 3, 10, 15]]
[[3, 7, 10, 1, 8, 11], [8, 3, 5, 2, 6], [6, 9], [2, 8, 5, 7, 1, 9], [6, 16, 23, 11]]
[[1, 17, 10, 9, 14, 13, 16, 12, 15], [3, 5, 20, 1, 12, 0, 8, 21], [11, 12, 9, 10], [3, 7, 9, 15, 1, 0]]
[[19, 22, 4, 6, 3, 7, 5, 8], [7, 8], [4, 12, 0, 7, 8, 14], [20, 3, 7, 10]]
[[0], [4, 14], [0], [2], [15, 19, 0, 2, 4], [4], [5, 3, 9]]
[[], [0]]
[[8, 13, 2, 9], [11], [6], [3, 13, 16, 0, 4], [6, 10, 1, 3], [12, 5], [8, 0, 12, 4]]
[[4, 8, 2, 5, 1, 6], [2, 4, 10, 16, 5, 13, 1], [7, 6], [5, 0, 1, 7, 8, 10], [2, 6, 1], [10, 18, 12, 15, 0, 8, 7, 6]]
[[0, 6, 46, 49, 58, 47, 1, 42, 57, 55, 56, 24, 5, 48, 59, 3, 26, 39, 45], [1, 5, 0]]
[[5, 3, 6, 4], [8, 1, 4, 5, 3], [6, 9, 1], [11, 7, 15, 9, 16, 18, 0, 8]]
[[8, 14], [1, 7, 4, 2], [11, 6, 9, 0], [15, 42, 8, 34, 1, 10, 25, 29, 23], [5, 7, 8], [0], [1, 0], [7, 13, 2], [9, 1], [9], [14, 16, 4]]
[[1, 4, 12], [5, 2, 3, 15, 0, 12], [3, 10, 0], [1, 7], [2, 7], [11, 13, 23, 3, 18, 4, 7], [7, 1, 13, 16], [4, 10, 16, 7]]
[[12, 6, 14, 16, 17, 21], [11, 3, 2, 0], [6, 15], [5, 12, 9, 2, 3]]
[[16, 1, 19, 20, 24, 2, 6, 5, 7, 8], [7, 4, 13, 15], [2]]
[[4, 12, 14, 9, 16, 3, 8], [5, 2, 1], [3, 16, 13, 10, 12], [3, 8, 10], [4, 9, 10, 2, 1], [2, 6]]
[[9, 17, 26], [7, 13, 15, 0], [19, 0, 10, 13, 3], [6, 11, 4, 2], [6, 3, 14], [9, 11, 4]]
[[9, 12, 6, 11, 5, 10, 8], [4], [2, 5, 7, 0], [21, 28, 2, 6, 11, 12, 25], [2, 5, 8, 9], [19, 3, 16, 0, 13, 1, 15]]
[[1], [11, 13, 16, 0, 3, 14], [8, 4, 1, 5], [5, 0], [], [4, 13, 0, 2, 6], [9, 3, 14, 17, 0, 4], [8, 4, 15], [0, 6, 5, 9], [11, 0, 6, 7, 17, 23, 24]]
[[36, 39, 2, 29, 4, 10, 19, 26, 5, 11, 17, 25], [6, 4], [6, 2, 1], [4, 6], [5, 1, 12, 6, 3], [5, 3, 10], [4, 7]]
[[0, 12, 11, 10, 1], [10, 7, 15, 0, 2, 12, 18, 11], [1, 3, 18, 19, 16, 5, 8, 9, 10], [13, 6, 9, 17]]
[[12, 6, 0, 3, 5, 2], [5], [19, 1, 15, 5, 4], [2], [2, 5], [7, 0], [4, 8], [7, 10, 3, 15, 9, 0], [1]]
[[4, 0, 1, 11, 2], [18, 34, 26, 7, 11, 20, 29, 4], [6, 0], [8, 15]]
[[12, 9, 16, 2, 7, 10, 17, 1, 6], [7, 1, 0, 8, 9], [7, 5, 13, 0], [7, 4, 9, 13, 10, 15], [7, 12, 1], [2, 13, 10, 9, 1]]
[[15, 7, 11, 0, 12, 10], [9, 0, 3, 5], [4, 3], [2]]
[[2, 5, 3, 7], [8, 3, 13, 4, 9, 2], [2, 3, 5, 0, 6], [2, 13, 7, 0, 1, 11, 15], [5, 7, 11]]
[[9, 11, 14, 10, 2, 15], [4, 1, 0], [2, 1, 4, 14, 10, 15, 3, 9], [7, 0, 5, 2], [3, 10, 11, 8, 7, 9]]
[[10, 14, 4, 15, 3, 5, 9, 17], [11, 1, 5, 3, 17], [8, 6, 9, 15, 4, 14, 13, 18, 16], [9, 12, 4, 0, 6, 13, 10], [2, 5, 17, 6, 14]]
[[27, 5, 9, 13, 2, 10, 28, 1, 8, 17], [9, 0], [5, 7], [14, 7, 1]]
[[5, 7, 2, 6, 10], [21, 1, 0, 19, 22, 3, 2], [], [13, 7, 10, 5, 0, 14]]
[[4, 14, 5, 19, 2, 13], [2, 0], [7, 3, 12, 9], [30, 32, 0, 28, 3, 33, 23, 27, 31, 35, 4, 25, 34], [17, 1, 3]]
[[12, 6, 3, 9], [3, 9], [15, 7, 10, 8, 4], [9], [5, 8, 1, 9]]
[[24, 19, 13, 18, 0, 10, 15, 28, 30, 4, 11, 22], [27, 28, 1, 4, 11, 13], [7, 8], [], [11, 15, 19, 23, 0, 3, 7], [4, 0], [3, 6, 11, 17, 0, 4, 7]]
[[3, 6, 9, 13, 0], [3, 7, 16, 28, 4, 25, 6, 30, 0, 31, 8], [13, 20, 11, 16, 10], [9, 15, 13, 14, 11], [6, 11, 14, 21, 5, 17, 12, 20], [5, 14, 20, 4, 12, 13, 19], [6, 19, 15, 13, 12, 18], [7, 15, 13, 6, 18, 11, 19], [7, 16, 23, 13, 19, 20, 22, 17, 24], [16, 8, 10, 17, 11, 5], [15, 16, 20, 22, 19, 13, 12, 17], [4, 5, 9]]
[[18, 8, 1, 6, 12, 0, 5, 4, 21], [6, 9, 15, 19], [18, 6, 4, 11, 0], [0, 9, 10, 8, 13, 12]]
[[7, 12, 4, 8, 3, 11], [2, 8, 0, 1, 9], [4, 6, 9, 10, 2, 3, 5], [2, 4, 0], [4, 5, 7], [20, 0, 6, 16, 1, 17, 21, 9, 2, 23], [4, 6, 1], [5, 6, 16, 19, 20, 7]]
[[9, 0, 10, 11, 1, 13], [3], [6, 14, 0, 8, 11], [11, 9, 13, 0, 2, 1]]
[[8, 10, 7], [15, 18, 3, 10], [5, 2, 4], [6, 1], [8, 15, 21, 5, 12, 17, 3, 13], [5, 10, 6, 15], [10, 4, 8], [11, 1, 10], [3, 4, 8, 9], [10, 14, 19]]
[[0, 11, 1, 7, 2], [6, 14, 4, 12, 13], [9]]
[[0, 6, 5, 1], [], [6, 8, 10, 12, 16, 5, 0, 1, 19]]
[[10, 1, 5, 7, 2, 8], [1, 6, 4, 13, 3, 10, 7], [10, 0, 2, 12, 3], [8, 21, 4, 16, 24, 12, 1, 5, 9, 2]]
[[20, 5, 12, 4, 11, 3, 17, 21], [6, 3, 10], [4, 16, 3, 2, 1, 11], [27, 3, 6], [11, 5, 14, 16, 0, 15, 6], [4, 1, 3, 7, 18, 2, 0, 17], [11, 6]]
[[9, 4, 19, 14, 20, 3, 18, 13, 10], [3, 2], [8], [8, 4, 6], [8, 13, 10]]
[[11, 13, 16, 1, 3, 8, 20, 7, 12], [6, 8, 13, 0, 2], [0, 2, 5], [14, 18, 31, 38, 50, 89, 68, 86, 4, 40, 53, 71, 1, 11, 20, 29], [7, 8, 9, 0, 6], [6, 1]]
[[21, 16, 4, 18, 10, 3, 9, 17, 2, 22], [1, 11, 2, 5, 0, 14], [5, 3], [8], [12, 2, 10], [11, 0, 9, 7, 8, 2], [12, 4, 1, 3, 0, 13], [2, 10, 11, 12, 9], [3, 8, 15, 30, 17, 23, 18, 4, 7, 0]]
[[12, 2, 8, 0, 3, 9, 13], [5], [], [7, 0, 9], [2]]
[[2, 7, 1], [1, 3, 4], [18, 8, 14, 13], [2, 17, 18, 20], [], [9, 3, 11, 4, 15], [2, 14, 0], [6, 0], [2, 8, 19, 0, 14, 20, 6, 12]]
[[8, 19, 24, 10, 13, 21, 2, 1], [8, 14, 11], [11, 7, 2, 5, 0, 4], [2, 5, 12, 4, 9], [15, 7, 12, 0, 4, 3, 8], [0, 2, 4, 10], [12, 0, 6, 8, 11, 13, 1]]
[[18, 13, 16, 7, 14], [1, 6, 3], [14, 3, 10, 1, 9], [13, 2, 9, 20, 15], [2, 4, 8, 0], [8, 17, 22, 10], [2, 15, 9, 11, 8], [12, 18, 10, 14, 7]]
[[2, 9, 12, 7, 1, 6], [5, 9, 10, 11], [7, 0, 9], [17, 6, 3, 10, 0], [18, 5, 2, 10, 14, 7], [5, 7, 13, 16, 12], [3, 11, 6, 10]]
[[9, 11, 0, 3, 7], [19, 27, 45, 21, 23, 25, 32, 39, 42, 1, 4, 14, 16, 28, 40], [5, 1], [1, 9, 3, 8], [8, 1, 6, 2], [12, 17, 1, 6], [11]]
[[8, 14, 1, 9, 11, 3], [6, 7, 2], [], [6, 2], [4, 3, 8, 11, 0, 1, 9], [13, 8, 12, 0], [4, 1, 6, 2], [8, 0, 6], [7], [6, 8, 16, 2, 12, 3], [14, 1, 3, 16, 6, 2]]
[[18, 3, 21, 24, 17, 8, 22, 0, 6], [5, 7, 10, 21, 26, 0, 8, 16, 11, 18], [16, 19, 21, 23, 7, 17, 6, 0, 18, 20]]
[[22, 4, 14, 3, 21, 13, 18], [2, 0], [1, 14, 5, 8, 2, 6], [8, 12], [13, 22, 17, 30, 7, 8], [1, 2, 6], [5, 1, 8, 10], [10, 14, 2, 8], [7, 11, 5, 14]]
[[1, 3, 6], [5, 10, 7, 3], [], [11, 14, 8, 10], [], [6, 5, 4, 1], [6, 7], [17, 4, 6, 8, 13], [0], [4, 13, 3, 7, 10, 11], [8, 10, 3, 2, 1]]
[[14, 2, 12, 7, 5, 4, 3], [4, 0, 6], [2, 0, 5, 11, 4, 10], [3], [5, 2, 15, 4, 11, 18], [7, 0, 13, 15, 6, 12, 8], [3, 0, 2], [9, 16, 5, 10, 18, 0, 6], [0, 5]]
[[5, 19, 10, 15, 20, 4], [19, 1, 3, 10, 15, 16], [0], [12, 0, 1, 14, 16, 4, 13, 7], [8, 4, 0, 1, 9]]
[[15, 7, 2, 9, 12], [7, 13, 1, 8], [3, 32, 33, 37, 17, 1, 0, 4, 2, 36, 39], [3, 1], [], [4, 0, 11, 1, 15], [], [5, 2], [3, 1], [16, 22, 0, 18], [0, 3, 2], [0, 12, 16, 9, 13, 18], [10, 1, 13, 8, 0, 5], [4], [9, 5, 12], [4, 2, 1, 0]]
[[8, 3, 5, 11, 13], [2, 1], [11, 2, 4, 6], [11, 1, 2, 0], [5, 1, 3, 16, 20, 8, 14], [3, 4]]
[[6, 12, 3, 7, 13, 2, 11], [5, 2], [2, 15, 4, 9, 7, 3, 0], [14, 27, 30, 3, 10, 21, 26, 32, 34, 1, 18, 17, 15], [3, 7, 11, 0]]
[[4, 6, 5, 8], [10, 7, 16, 15, 19, 2], [3, 8, 12, 19, 16, 15, 2], [3, 11, 4]]
[[13, 4, 9, 2, 1], [14, 0, 5, 12, 11], [5, 8, 6], [24, 0, 1, 8, 12, 17]]
[[8, 9, 11, 19, 17, 2], [11, 0], [8, 6, 10], [16, 8, 11, 0, 5], [6, 11]]
[[7, 19, 11, 1, 9, 0, 6], [2, 4, 8], [2, 12, 10, 13, 16], [5, 16, 0, 2, 9, 18, 13, 1, 17], [7, 13, 4]]
[[11, 19, 8, 12, 16, 7, 18, 10, 14], [5, 2], [1, 4, 10, 14, 13], [8, 1, 3, 10, 11, 2], [2, 0, 9, 8, 6], [7, 0, 8, 11, 17, 9, 16]]
[[8, 11, 14, 16, 2, 17, 21], [9, 23, 5, 17, 20, 3, 21, 25, 0, 10, 14], [7, 13, 3, 5], [3, 4, 14, 9], [4, 11, 14, 0], [5, 10, 3, 1, 9], [4, 6, 1, 7], [7, 9], [14, 16, 4, 1], [1, 4, 13, 15, 16, 11, 12], [5, 10, 8, 13]]
[[11, 15, 10, 7, 18, 13], [4, 1, 3], [16, 11, 0, 9, 19]]
[[19, 9, 13, 1, 6, 8, 5, 7], [1, 4], [5, 9, 10], [9, 0], [8, 2, 0, 3, 12]]
[[10, 5, 7, 12, 15], [5, 3, 1, 0, 12, 13], [6, 7], [3, 2], [1, 7, 9, 12, 2], [2, 7, 4, 8], [8, 9], [8, 12, 9, 1, 6, 11], [4, 7, 8, 1], [17, 3, 6, 1, 10, 0, 9, 8]]
[[5, 2, 1, 7], [12, 1, 3, 7, 2, 0, 16], [2, 5, 27, 9, 4, 25, 26, 6, 10, 7, 28], [5, 14, 12]]
[[10, 13, 16, 3, 14, 2, 12], [3], [10, 9, 3], [3, 1, 15, 4]]
[[18, 7, 3, 9, 11], [6, 9, 10], [5, 0, 8, 1, 6], [6, 18, 20, 1, 10, 13, 5, 11], [8, 1, 13, 16, 3, 2], [2, 10, 0, 7, 11], [5, 3, 8]]
[[24, 0, 21, 18, 22, 11, 27, 15, 25, 16, 13, 17, 28], [8], [2], [0, 3, 8], [6, 20, 10, 14, 16, 25], [6, 0], [14, 9, 4, 6, 0, 2], [4, 1, 2]]
[[9, 13, 16, 19, 22, 2, 17], [4, 1, 8, 14, 17, 11, 15], [8, 17, 7, 11], [3, 13, 6, 11, 15, 1]]
[[4, 12, 3, 15, 11, 2, 14, 9, 13], [2, 4], [10, 2], [8, 14, 6], [9, 12, 2], [2, 15, 3, 12, 18]]
[[1, 10, 16, 4, 11, 3], [5, 14, 1, 7, 8, 11, 19, 21], [12, 15, 19, 2, 13, 0]]
[[9, 16, 3, 14, 17, 2, 13, 12, 15], [1, 10, 8, 14], [10, 12, 15, 2, 16, 11, 1, 14], [7, 0, 6, 17, 11, 12, 18], [1]]
[[7, 4, 2, 6, 1], [6, 8, 11, 0], [10, 8, 7], [2, 9]]
[[7, 9, 2, 1, 10, 3], [8, 12, 17, 2, 1, 6, 0, 5, 14, 3], [8], [8, 10, 4, 7, 0, 6], [2, 12, 11, 0, 7, 10, 9]]
[[6, 8, 1, 0, 7], [13, 22, 4, 8, 15, 5, 18], [6, 11, 15, 18, 9, 3, 0], [7, 12, 3, 1], [3, 10], [4, 1, 0, 5, 3, 2]]
[[4, 6, 5, 0], [8, 9, 11, 1, 3, 2], [8, 0, 5, 1], [5, 11, 1, 9, 0, 14, 2], [5, 0, 9, 14, 18, 3]]
[[6, 3, 7, 5, 2, 4], [6, 10, 15, 4, 9], [14, 0, 11, 24, 23, 7, 16], [7, 11], [4], [], [0], []]
[[5, 7, 1], [3, 11, 9], [4, 9, 12, 3, 2], [1, 2], [10, 3, 4, 11], [2, 9, 12, 6, 10], [11, 2, 3], [9, 3, 7], [12, 3, 5, 7], [3], [5, 9, 3, 8], [15, 6]]
[[7, 13, 17, 2, 14, 18], [], [5, 7, 9, 0, 12], [14, 3, 6, 10, 4], [4, 6, 18, 27, 30, 0, 12, 28, 2, 24, 5], [19, 8, 11, 5], [2, 10, 1], [7, 19, 14, 3, 10, 16, 17, 4]]
[[3, 2, 9, 8], [8], [0, 3, 10, 14, 1], [4, 10, 21, 14, 6, 0, 11, 16]]
[[19, 17, 6, 10, 5, 9, 8], [13, 17, 8, 9], [1, 5], [1, 0], [1, 15, 0, 13], [15, 3, 1, 5, 7, 4], [5, 15, 16, 10], [9, 7, 3, 1], [2, 5, 11, 0]]
[[19, 0, 8, 10, 26, 28, 3, 6, 12], [4], [4, 12], [9, 14, 21, 0, 3, 7], [5, 14], [20, 8, 7, 0, 4, 9, 11, 6], [3, 8, 12, 19], [17, 11, 13, 7, 9]]
[[6, 10, 2, 7, 5, 1, 9], [21, 11, 2, 5, 12, 13, 1, 10, 0], [], [1, 6, 8], [8, 1], [0, 15, 19, 20, 5, 6, 13], [9, 2], [9, 11, 4, 13, 5], [2, 7], [5, 20, 13, 22, 12, 23, 11, 8]]
[[11, 9, 0, 5, 4, 6, 8], [3, 10, 1], [11, 1, 3], [3, 10, 0, 13, 4, 7]]
[[9, 15, 11, 17, 0], [9, 3, 15, 0, 14], [5], [5, 0, 1]]
[[13, 14, 3, 7, 17, 20, 2, 15, 16, 18], [4, 6, 8, 11, 0, 5, 16, 1], [5, 7, 11, 14, 17, 4, 15], [9, 5, 13, 15, 6, 10, 1, 12, 0], [1, 3, 7, 9, 6], [1, 3], [6, 10, 1, 7], [5, 2, 1, 0], [3, 5, 9]]
[[17, 2, 6, 20, 3], [4, 7], [2, 3, 27, 37, 8, 34, 9, 11], [12, 1, 7, 2, 0]]
