0.6461623944342136
0.9806310534477234
0.5530405938625336
0.9826717302203178
0.7355070561170578
0.7812647391110659
0.99189692735672
0.7764300783682201
0.9878883510828018
0.8637392479512427
0.8663936505715052
0.7446457883634139
0.9870750904083252
0.9874399304389954
0.6070653162896633
0.8230119819220688
0.9707123637199402
0.7508850395679474
0.5763346499434727
0.7672032967675477
0.7372806603088975
0.8427826650440693
0.8251070777575175
0.8295858594744155
0.839806733120765
0.9294266899426779
0.8095664183298746
0.7289616314487325
0.4450850609689951
0.858438715338707
0.8479821852275303
0.9899774044752121
0.5149256685981527
0.8175548732280731
0.7304649290939172
0.9892608374357224
0.8807349247591836
0.7063697166740894
0.8128228023648262
0.9857453789029803
0.8867306007693211
0.7811513179913163
0.634894835555719
0.8237128364188331
0.6151151192219307
0.9814785122871399
0.9888769030570984
0.7833823263645172
0.9301530942320824
0.8121606037020683
0.8879331996043524
0.9937696307897568
0.3006761498982087
0.7552595529705286
0.9868612051010132
0.2160429060459137
0.664006194432399
0.9791620590470054
0.9082660128672918
0.9504216015338898
0.7479792763479054
0.8523328985486712
0.6627413850898544
0.9914895296096802
0.8142222847479085
0.9903631806373596
0.9861027938979012
0.7303776293992996
0.7190934922546148
0.9156422704458237
0.9453296065330505
0.6697855609365635
0.9558769464492798
0.9888976613680521
0.8764354913598962
0.9453209519386292
0.9765160083770752
0.7444055378437042
0.862803652882576
0.2834114874713123
0.932524812221527
0.6025149516761303
0.6196326009929181
0.6650725292662779
0.8099622052783767
0.8270172395801637
0.9114940911531448
0.8060908317565918
0.7872981190681457
0.9200907972725955
0.6973015415881362
0.9935040175914764
0.9878021015061272
0.9586494224412101
0.8425004317890853
0.7797487407922745
0.48761986661702394
0.8975772397084669
0.990778848528862
0.8521915558459503
0.6148489847779274
0.7645697693030039
0.9726360241572062
0.903822910785675
0.8193787276744843
0.706433268263936
0.9884707596566942
0.8845050384600958
0.9928619742393494
0.9788811802864075
0.9897651195526123
0.9892776012420654
0.7356075390707701
0.8519792123697698
0.9944276809692383
0.6459484973124096
0.7179097905755043
0.9897168874740601
0.9261607229709625
0.8418987604478995
0.8667759411036968
0.7529439823701978
0.6754506205519041
0.8681978558500608
0.6689838866392771
0.7610014329353968
0.881574505660683
0.8262062041321769
0.8329572826623917
0.7789041981256256
0.821003332734108
0.8079360947012901
0.984416052699089
0.979387640953064
0.7552794536575675
0.9399246573448181
0.9912016987800598
0.7492604344151914
0.9748996257781982
0.7487021426204592
0.852345021707671
0.8334411645773798
0.9936842918395996
0.6933160033077002
0.7144848259777064
0.9929248988628387
0.6980776836474737
0.9927759965260824
0.7558497218415141
0.9930229261517525
0.6915753990411758
0.8921500345071157
0.8697907865047455
0.7684081248939038
0.8825251584251722
0.9884362476212638
0.9580369459258186
0.9171373673847744
0.9834036827087402
0.8633505854416977
0.8189483086268107
0.7507583194722732
0.989012669433247
0.9755321078830295
0.6757262499692539
0.794605355052387
0.8283476118619243
0.9859227299690246
0.6995923982467502
0.7584672775119543
0.8499044875303904
0.8458734810352325
0.964466427053724
0.909355362256368
0.6516985235114893
0.7223007559776307
0.9096256731586023
0.760365067049861
0.9912280887365341
0.9789563332285199
0.7723748479038477
0.807867668569088
0.6528214546851814
0.9918661564588547
0.5987480752170086
0.6635833866894245
0.791053865221329
0.829819897034516
0.7737587038427591
0.9855157732963562
0.9740089525779089
0.9293902450137668
0.7472820226103067
0.9814860886997647
0.9932629615068436
0.8881468966603279
0.9469259828329086
0.5598950403121611
0.6013062626123429
0.7999550998210907
