0.13369086384773254
0.16131848900113255
0.47143949288874865
0.5092379219131544
0.23258791770786047
0.2386424109339714
0.5514444664120675
0.08521530777215958
0.2660556450719014
0.2889436548058357
0.045416528528386894
0.2681271635083249
0.1462780074798502
0.07340108416974545
0.08965139496140181
0.4101267180771434
0.20625102756700167
0.2473801604937762
0.0305232306321462
0.1296112003547023
0.49344363587442786
0.2781312698997291
0.4610017827556779
0.17409082048106939
0.2820909724271457
0.3017701310600387
0.23127717524766922
0.2878542951851462
0.014323074882850052
0.21710672352928667
0.31649271425391945
0.3370699491351843
0.0674778163083829
0.07201323532499374
0.33731137618370766
0.39022334129549563
0.2550758177946721
0.09081320061037938
0.3535944519913755
0.09774806102116902
0.41952545384022716
0.2064612120448146
0.13241710833140782
0.22425259074329265
0.18142867212494215
0.23396289718803018
0.38796554469736294
0.4548571576597169
0.45322725526057184
0.2289152373559773
0.17343244408645356
0.16748838778585196
0.10290520548005588
0.13730995455989614
0.38251299411058426
0.0018097981810569763
0.2998290103194969
0.09426131844520569
0.48766935169696807
0.32807567737264826
0.2852116352878511
0.11489008665084839
0.015107079215037325
0.005178462248295546
0.3630344737579839
0.24222265984863042
0.4644073343702725
0.20507247745990753
0.3520424187050334
0.40530929449014363
0.1589754777184377
0.07272432185709476
0.36511624680662697
0.35809598839841783
0.5098884461654557
0.37137651862576604
0.04275427819811739
0.06403879395220428
0.47549001092556864
0.08521953830495477
0.02247125580906868
0.3331125165801495
0.021698379307053983
0.017009609611704946
0.10734241642057896
0.3412445519585162
0.47436291971825995
0.10202970029786229
0.008552532945759594
0.19787490072617817
0.2752824064477214
0.519289951150616
0.38814825732778346
0.34866126094545635
0.5293857295066118
0.3944746404886246
0.014334028237499297
0.09552832841873168
0.16861704358598217
0.30593729371737155
0.3108777363784611
0.3698759876812498
0.7119991431633631
0.03588434038683772
0.26509753784630447
0.011381774991085487
0.11485514044761658
0.17867700247249255
0.35026399879716336
0.4711616274435073
0.3771145150065422
0.5000418312847614
0.2447077355463989
0.27671617216297556
0.3165352791547775
0.21299011572929366
0.19864908854166666
0.48552206298336387
0.2796738436445594
0.08188027143478394
0.3463289192295633
0.1352070348802954
0.00419575534760952
0.47333232934276265
0.10589202373133351
0.2243347848028255
0.4014927737647668
0.04867232697350638
0.4411582201719284
0.27133548002327895
0.28572315275669097
0.5105327475660791
0.06674802827183157
0.31916605234146117
0.2520797469187528
0.3634854946052656
0.21538650192087516
0.18321807504980825
0.38756894767284394
0.08886035508476198
0.2135296080128423
0.15846185375509472
0.3453332707285881
0.36462303227744997
0.30449124542064965
0.5757860491517931
0.4996503988901774
0.6111652890297895
0.42813602765090764
0.46900447285068886
0.20469659441150725
0.5503630114641661
0.23635375106241555
0.21792810298502446
0.5634082501961125
0.6419588540281568
0.25117116822447216
0.2233020129081394
0.47759699182850973
0.37534955656155944
0.023919184925034642
0.3008745306999319
0.6325105699837547
0.16584771030789447
0.26897797227138653
0.013030133210122585
0.22338658319980217
0.3623013744130731
0.4961923577648122
0.2950661247014068
0.07525812983512878
0.02510469246190041
0.5973716250155121
0.08463014797730879
0.015662190193931263
0.32916361051611603
0.055874550342559816
0.17691837111487985
0.4227761449292302
0.3475960570254496
0.4897862794750836
0.0688882265239954
0.2583821341395378
0.3442369762342423
0.22257914172951132
0.2609178761485964
0.10855814814567566
0.13484363711904734
0.0800323210656643
0.48481589354923926
0.4313024681371947
0.2560432996574996
0.5363947339355946
0.4945860095322132
0.408742128580343
0.37254601463209835
0.18978077938663773
0.24681588972453028
0.09605766087770462
0.40069983415305616
