-2.028257131576538
-1.5620657205581665
-1.9988045692443848
-1.9076080322265625
-2.188627004623413
-1.672316312789917
-2.2493982315063477
-1.9976933002471924
-2.184880495071411
-1.9396353960037231
-1.8823268413543701
-2.146592140197754
-2.458604097366333
-1.7196440696716309
-2.2079594135284424
-1.7722798585891724
-1.6750367879867554
-1.5288642644882202
-1.851600170135498
-1.8437139987945557
-2.0744869709014893
-1.9822518825531006
-2.1214427947998047
-1.8622833490371704
-2.188025951385498
-1.9470258951187134
-2.1680476665496826
-1.7201265096664429
-2.1162753105163574
-1.960033655166626
-2.399855375289917
-1.9388031959533691
-2.1137256622314453
-2.3558197021484375
-2.3421878814697266
-1.9928267002105713
-2.1817452907562256
-2.3242318630218506
-1.829440712928772
-1.7443026304244995
-1.8401060104370117
-1.701249599456787
-2.520942449569702
-2.080522060394287
-2.057586908340454
-1.7870187759399414
-1.9109902381896973
-1.862848162651062
-2.055708408355713
-1.6263022422790527
-2.057574510574341
-1.8527170419692993
-1.9222146272659302
-1.7595877647399902
-2.859734296798706
-1.6470550298690796
-2.1927123069763184
-1.6864629983901978
-2.2484536170959473
-1.7154966592788696
-2.050356149673462
-1.9372254610061646
-2.194596290588379
-1.9084621667861938
-1.8076109886169434
-1.7086601257324219
-1.6402440071105957
-1.632062315940857
-1.8825442790985107
-1.7097283601760864
-1.808531641960144
-2.0600643157958984
-1.790801763534546
-2.262256622314453
-1.9319565296173096
-1.6867653131484985
-3.0193140506744385
-2.050758123397827
-2.200380802154541
-2.1819639205932617
-2.0090136528015137
-1.283989429473877
-2.0645697116851807
-1.679636001586914
-2.044048309326172
-1.6496777534484863
-2.288015127182007
-1.7093690633773804
-2.332808256149292
-1.850925326347351
-1.9639040231704712
-1.7961986064910889
-1.9378814697265625
-1.8739731311798096
-2.0002646446228027
-2.0464768409729004
-2.775644063949585
-2.144826889038086
-2.386080026626587
-1.857574462890625
-1.5248485803604126
-2.0207440853118896
-2.0960612297058105
-2.5398499965667725
-2.0333540439605713
-1.9065804481506348
-1.9143002033233643
-1.7375118732452393
-2.3615612983703613
-1.8004958629608154
-2.131307601928711
-1.4632781744003296
-1.9677938222885132
-1.6394001245498657
-3.327363967895508
-1.8962516784667969
-2.2511425018310547
-1.4108400344848633
-1.9143849611282349
-1.8730316162109375
-1.9617973566055298
-2.1084752082824707
-2.1003758907318115
-1.9024968147277832
-2.190161943435669
-2.1043410301208496
-1.8798943758010864
-1.7861164808273315
-1.9741826057434082
-1.8257720470428467
-2.3563902378082275
-2.0621912479400635
-2.1051905155181885
-1.7967640161514282
-2.306213855743408
-1.834043025970459
-2.1283118724823
-2.0783047676086426
-2.174103021621704
-2.0715160369873047
-2.097374439239502
-1.110273838043213
-2.070758819580078
-2.0714056491851807
-2.0624868869781494
-1.4980202913284302
-2.1176295280456543
-1.6872222423553467
-2.0539069175720215
-1.758223056793213
-1.813169002532959
-2.0593526363372803
-2.0625979900360107
-2.3960623741149902
-1.9591569900512695
-1.9117385149002075
-1.9014703035354614
-1.8973171710968018
-2.0201644897460938
-1.6658544540405273
-1.9542149305343628
-1.864988923072815
-2.134751319885254
-1.8060427904129028
-1.8475139141082764
-2.0378425121307373
-2.3192968368530273
-2.2236440181732178
-1.7068922519683838
-1.5857973098754883
-2.3333139419555664
-2.142913341522217
-1.88461172580719
-1.9735807180404663
-2.207988739013672
-1.7882027626037598
-2.086582660675049
-2.0522985458374023
-1.7709962129592896
-1.8192932605743408
-2.572878122329712
-1.9578142166137695
-2.0716769695281982
-2.010801076889038
-1.838297724723816
-1.6254205703735352
-1.8334391117095947
-1.71843683719635
-2.3926243782043457
-2.2764365673065186
-1.782281756401062
-1.8259495496749878
-1.5359294414520264
-1.7989933490753174
-1.7146469354629517
-1.7835094928741455
-1.9851146936416626
-1.9439643621444702
-2.280794382095337
-1.7602505683898926
