0.9542710185050964
0.9895331263542175
0.902336597442627
0.9461039900779724
0.9654123783111572
0.9720782041549683
0.9831815958023071
0.9562743902206421
0.9829353094100952
0.968597412109375
0.9640340805053711
0.9711357355117798
0.9592511653900146
0.9888095855712891
0.9382383823394775
0.980985164642334
0.9863784313201904
0.9872032999992371
0.9706355333328247
0.9735128879547119
0.9479153156280518
0.9862073659896851
0.9739240407943726
0.9788217544555664
0.9292780160903931
0.9297060370445251
0.983418345451355
0.9706014394760132
0.9803948402404785
0.9551653861999512
0.9583795070648193
0.9766812324523926
0.9376749396324158
0.9746838808059692
0.9758758544921875
0.9832597374916077
0.9734002947807312
0.9918762445449829
0.9894517660140991
0.9268714189529419
0.9757753014564514
0.9598641395568848
0.948093056678772
0.9681854248046875
0.9133533239364624
0.9550445079803467
0.96448814868927
0.9826297163963318
0.9748739004135132
0.9917389750480652
0.976574182510376
0.9872682094573975
0.9828864932060242
0.978937029838562
0.9432618618011475
0.9856688976287842
0.9431246519088745
0.9849726557731628
0.9270094633102417
0.9563838243484497
0.971833348274231
0.985912561416626
0.9101024866104126
0.9944925308227539
0.9696075916290283
0.985647439956665
0.9857381582260132
0.9804266691207886
0.9584044218063354
0.9747797250747681
0.985920250415802
0.9684921503067017
0.9586246013641357
0.9939893484115601
0.9753836393356323
0.9952436685562134
0.8479344844818115
0.9804825782775879
0.9671543836593628
0.9945886135101318
0.974342942237854
0.9620183110237122
0.9470231533050537
0.9245404005050659
0.9794702529907227
0.9850767850875854
0.861302375793457
0.9774947166442871
0.9640641212463379
0.9756972789764404
0.9719887971878052
0.9932434558868408
0.9757394194602966
0.9492812156677246
0.9548054933547974
0.9834364652633667
0.9282201528549194
0.9752476215362549
0.9345740079879761
0.9816650748252869
0.9804264307022095
0.9392082095146179
0.9795881509780884
0.9874519109725952
0.9949013590812683
0.9910060167312622
0.9817749261856079
0.9550755023956299
0.9881161451339722
0.989101767539978
0.9744387269020081
0.9927307367324829
0.8378303647041321
0.966123104095459
0.6243433952331543
0.9827032089233398
0.9811505675315857
0.994601845741272
0.9721330404281616
0.9676922559738159
0.960268497467041
0.9928299188613892
0.975766122341156
0.9827594757080078
0.9860309362411499
0.985878586769104
0.9316136837005615
0.9450569152832031
0.9364986419677734
0.9793646931648254
0.8492379188537598
0.9883512854576111
0.964724063873291
0.9944568872451782
0.9550574421882629
0.9781597852706909
0.9389678835868835
0.9868058562278748
0.9286758899688721
0.9914937019348145
0.9640350341796875
0.9914867281913757
0.9738852977752686
0.9822340607643127
0.9710574746131897
0.9579304456710815
0.8526580333709717
0.9941964149475098
0.9756042957305908
0.96083003282547
0.9668823480606079
0.9706594347953796
0.966757595539093
0.9900497198104858
0.955837607383728
0.959539532661438
0.9646066427230835
0.9820569753646851
0.9795798659324646
0.9704393148422241
0.9727386236190796
0.9856700897216797
0.9767844676971436
0.9663059115409851
0.9426431655883789
0.9922322630882263
0.9775617718696594
0.973335862159729
0.9090906977653503
0.9932646751403809
0.9720303416252136
0.9733223915100098
0.9754165410995483
0.9715253114700317
0.9759259223937988
0.9838085174560547
0.92313551902771
0.9878827929496765
0.9851517677307129
0.9804437756538391
0.9578863978385925
0.9614589214324951
0.9549882411956787
0.9705452919006348
0.9666129350662231
0.9932276606559753
0.9658332467079163
0.973212718963623
0.9710299968719482
0.9888728857040405
0.973727822303772
0.9767929911613464
0.9686596393585205
0.9539409279823303
0.96430504322052
0.9776344299316406
0.9602583646774292
0.9850542545318604
0.9172247648239136
0.9890633821487427
