0.9751529182706561
0.9806310534477234
0.5571090206503868
0.9826717302203178
0.7563292104750872
0.7812647391110659
0.9894108891487121
0.7764300783682201
0.9889290779829025
0.8637392479512427
0.9333493113517761
0.7446457883634139
0.9924591928720474
0.9874399304389954
0.7999654781073332
0.8230119819220688
0.9072539210319519
0.7508850395679474
0.6400277850985089
0.7672032967675477
0.9772481918334961
0.8427826650440693
0.9578257997830709
0.8295858594744155
0.9626289095197406
0.9294266899426779
0.8143382370471954
0.7289616314487325
0.4520632019266486
0.858438715338707
0.924262387411935
0.9899774044752121
0.5142087693675421
0.8175548732280731
0.7902616620995104
0.9892608374357224
0.9551343236650739
0.7063697166740894
0.8150358989834785
0.9857453789029803
0.8486173438529173
0.7811513179913163
0.7747511083467139
0.8237128364188331
0.6097556079427401
0.9814785122871399
0.9895407319068908
0.7833823263645172
0.8801003880798817
0.8121606037020683
0.8285888282116503
0.9937696307897568
0.5460570333525538
0.7552595529705286
0.9903087615966797
0.2160429060459137
0.6869371777533421
0.9791620590470054
0.9072114278872808
0.9504216015338898
0.9878802299499512
0.8523328985486712
0.6625230135396123
0.9914895296096802
0.7982777622010973
0.9903631806373596
0.9938544290406364
0.7303776293992996
0.9385367291314262
0.9156422704458237
0.8840318471193314
0.6697855609365635
0.9480965733528137
0.9888976613680521
0.8796584753112661
0.9453209519386292
0.9783111810684204
0.7444055378437042
0.8891210705041885
0.2834114874713123
0.9409466028213501
0.6025149516761303
0.6099534464534372
0.6650725292662779
0.7832500515505672
0.8270172395801637
0.6998848617076874
0.8060908317565918
0.7811525464057922
0.9200907972725955
0.7080918401147106
0.9935040175914764
0.9895325435532464
0.9586494224412101
0.8751591742038727
0.7797487407922745
0.5431715606246144
0.8975772397084669
0.9823868125677109
0.8521915558459503
0.8104508683085442
0.7645697693030039
0.9716075162092844
0.903822910785675
0.8125300005078315
0.706433268263936
0.9871493379275004
0.8845050384600958
0.9926017999649048
0.9788811802864075
0.9902802467346191
0.9892776012420654
0.7345842341892421
0.8519792123697698
0.9944515824317932
0.6459484973124096
0.8169249991575877
0.9897168874740601
0.7465420409571379
0.8418987604478995
0.869175560772419
0.7529439823701978
0.6748028894265493
0.8681978558500608
0.8399246906240782
0.7610014329353968
0.8372856100555509
0.8262062041321769
0.8068776428699493
0.7789041981256256
0.8105930760502815
0.8079360947012901
0.988497868180275
0.979387640953064
0.9676659941673279
0.9399246573448181
0.9915847033262253
0.7492604344151914
0.9648053288459778
0.7487021426204592
0.8537937977484295
0.8334411645773798
0.992560938000679
0.6933160033077002
0.9259642213582993
0.9929248988628387
0.92457115650177
0.9927759965260824
0.8301577419042587
0.9930229261517525
0.6820700071752072
0.8921500345071157
0.9428514897823334
0.7684081248939038
0.8651414821959205
0.9884362476212638
0.9478835463523865
0.9171373673847744
0.9885508077485221
0.8633505854416977
0.8189483086268107
0.7507583194722732
0.9889182340015065
0.9755321078830295
0.6777715727997323
0.794605355052387
0.8270561414149901
0.9859227299690246
0.6237157098948956
0.7584672775119543
0.8328527907530466
0.8458734810352325
0.8068169664059367
0.909355362256368
0.6505946414545178
0.7223007559776307
0.9068751721219583
0.760365067049861
0.987206757068634
0.9789563332285199
0.7843014858663082
0.807867668569088
0.6822808134214332
0.9918661564588547
0.9904778957366943
0.6635833866894245
0.8254940857877955
0.829819897034516
0.9827441096305847
0.9855157732963562
0.9671716392040253
0.9293902450137668
0.952939361333847
0.9814860886997647
0.9927343428134918
0.8881468966603279
0.7947092726826668
0.5598950403121611
0.9640992283821106
0.7999550998210907
