-1.673656940460205
-1.1963709592819214
-2.3313400745391846
-0.9645589590072632
-1.8837318420410156
-0.9492676854133606
-1.450121283531189
-1.096387505531311
-2.0248823165893555
-0.8984251022338867
-1.5360896587371826
-1.1851847171783447
-2.0095958709716797
-0.9075167775154114
-2.2143003940582275
-1.0290906429290771
-1.6076444387435913
-0.9830263257026672
-1.845496416091919
-1.6420822143554688
-2.0086660385131836
-0.9517322778701782
-1.8758198022842407
-1.0703257322311401
-1.664872646331787
-0.9565841555595398
-2.0539302825927734
-0.963763415813446
-2.019789934158325
-0.919662356376648
-2.081010341644287
-1.1730284690856934
-1.9710719585418701
-1.1939070224761963
-1.6769137382507324
-1.0761137008666992
-1.9833534955978394
-0.9199299812316895
-1.7281475067138672
-1.0437759160995483
-1.5555781126022339
-0.874354898929596
-1.740278959274292
-0.9241417646408081
-1.5443743467330933
-0.9605204463005066
-1.9418286085128784
-1.0492072105407715
-1.7164885997772217
-0.8681702017784119
-2.263885259628296
-1.2862608432769775
-1.9437017440795898
-1.0531595945358276
-2.0013673305511475
-0.9995473623275757
-1.499856948852539
-0.9686514735221863
-2.1877341270446777
-0.8149371147155762
-1.770074725151062
-1.0008370876312256
-2.4223809242248535
-1.2847435474395752
-1.345658302307129
-1.1155487298965454
-1.537574052810669
-0.8988955020904541
-2.0114262104034424
-0.9198498725891113
-1.4225999116897583
-0.936556875705719
-1.6118720769882202
-1.0807441473007202
-1.4326115846633911
-1.0509729385375977
-2.24102520942688
-1.1406688690185547
-2.286303997039795
-1.2998839616775513
-1.9927407503128052
-1.0317515134811401
-2.3253345489501953
-1.3534698486328125
-1.8571721315383911
-1.1591631174087524
-3.3232476711273193
-1.007199764251709
-1.9719613790512085
-2.255079984664917
-1.5275776386260986
-1.0291833877563477
-1.3110722303390503
-1.028324007987976
-1.5198663473129272
-1.117715835571289
-1.9038245677947998
-1.0793532133102417
-2.360671281814575
-1.08957040309906
-1.7860814332962036
-1.393121361732483
-2.013251304626465
-1.1870899200439453
-2.218127965927124
-0.9558939933776855
-1.9076542854309082
-0.9280469417572021
-1.9878191947937012
-0.8355482220649719
-1.236291766166687
-0.8795891404151917
-1.9499547481536865
-0.96275395154953
-2.2744486331939697
-1.253564715385437
-2.093838691711426
-0.8162460923194885
-1.9131929874420166
-0.8833536505699158
-1.6359926462173462
-1.1842281818389893
-2.0947859287261963
-0.9538962244987488
-1.560910701751709
-1.088297963142395
-1.4215301275253296
-1.0313152074813843
-2.131549596786499
-1.0367305278778076
-2.0307118892669678
-1.0637720823287964
-1.78106689453125
-0.877755880355835
-1.923978567123413
-1.4149541854858398
-1.6994762420654297
-1.0156465768814087
-2.0486135482788086
-1.0707579851150513
-1.6092827320098877
-0.5673744678497314
-1.774625301361084
-1.1895407438278198
-2.4703617095947266
-0.8204092979431152
-2.0803020000457764
-1.3466546535491943
-1.8568997383117676
-2.1602518558502197
-1.8976387977600098
-1.2278896570205688
-1.5450152158737183
-1.2851213216781616
-1.5908339023590088
-0.8757039904594421
-1.5613821744918823
-0.85414057970047
-1.5529823303222656
-0.9721675515174866
-2.026522397994995
-1.0040148496627808
-1.4874813556671143
-0.9704992175102234
-1.8310351371765137
-0.8528013825416565
-2.097362518310547
-1.1783183813095093
-2.059602737426758
-1.0242297649383545
-1.9646821022033691
-0.9130243062973022
-2.0478150844573975
-1.1696830987930298
-2.101029872894287
-1.2256618738174438
-2.359478235244751
-1.2657139301300049
-2.037754774093628
-1.1166332960128784
-1.9172489643096924
-1.070572018623352
-1.729344129562378
-0.9256080985069275
-2.0697145462036133
-0.9560275077819824
-1.7577929496765137
-0.918704628944397
-2.244560718536377
-1.088544249534607
-1.5640532970428467
-0.9234333634376526
-1.7835583686828613
-0.9685671925544739
-1.348107099533081
-1.027254581451416
-2.247175693511963
-1.153394103050232
-2.1617543697357178
-1.2303451299667358
