-4.056640148162842
-3.346665382385254
-4.3152995109558105
-4.322207450866699
-3.3990368843078613
-2.934175729751587
-3.5811524391174316
-3.8664252758026123
-3.847450017929077
-3.0076355934143066
-3.807742118835449
-3.428274154663086
-4.185445308685303
-3.302410364151001
-4.757387161254883
-3.5204765796661377
-3.4951610565185547
-2.95357346534729
-4.142104148864746
-3.908903121948242
-4.179261684417725
-3.673232078552246
-3.3696961402893066
-3.630800247192383
-3.6995182037353516
-3.721944570541382
-3.9473469257354736
-3.186306953430176
-4.239148139953613
-3.3754875659942627
-4.142528533935547
-3.1091415882110596
-4.6836371421813965
-3.590657949447632
-3.649075508117676
-3.5201385021209717
-3.907175064086914
-3.292121171951294
-3.752556085586548
-2.8068411350250244
-3.7538864612579346
-3.360285997390747
-4.597647190093994
-3.6117498874664307
-4.172309398651123
-3.619370937347412
-3.758451461791992
-2.959085702896118
-3.959916114807129
-3.2776973247528076
-4.280776023864746
-3.1865170001983643
-3.9402568340301514
-3.0608835220336914
-4.4380292892456055
-3.1241466999053955
-4.409053325653076
-3.470608949661255
-4.079086780548096
-3.4373137950897217
-4.209802150726318
-3.1787240505218506
-4.080063819885254
-3.950745105743408
-3.8186211585998535
-2.5239450931549072
-3.634641170501709
-3.4775211811065674
-4.054656028747559
-3.713909387588501
-3.2675843238830566
-3.2194113731384277
-4.075284004211426
-3.207118034362793
-3.6068904399871826
-3.305305242538452
-4.393445014953613
-3.5856645107269287
-4.255041122436523
-3.406755208969116
-3.4645884037017822
-3.116034746170044
-4.399465084075928
-3.476189136505127
-4.341474533081055
-3.6896815299987793
-5.140096187591553
-3.1534063816070557
-4.025912284851074
-4.160695552825928
-3.661815643310547
-2.9381678104400635
-3.657405376434326
-3.3805158138275146
-3.7847180366516113
-3.869115114212036
-4.342248439788818
-3.7914650440216064
-4.405080318450928
-3.0016791820526123
-4.111711502075195
-3.74944806098938
-4.303706169128418
-3.3367981910705566
-3.5994889736175537
-2.8907432556152344
-4.040163516998291
-3.3813443183898926
-4.171812534332275
-3.129748582839966
-3.6014575958251953
-2.76891827583313
-4.268942356109619
-2.508971929550171
-3.883725881576538
-3.2248079776763916
-4.527390003204346
-3.101016044616699
-3.7122561931610107
-3.2724967002868652
-3.812252998352051
-3.599588632583618
-4.146332740783691
-3.16951847076416
-4.307512283325195
-3.008582592010498
-3.3825790882110596
-3.468658685684204
-4.003049373626709
-3.300455331802368
-4.093101501464844
-3.047018051147461
-3.9558632373809814
-2.953949213027954
-3.678551435470581
-3.6419646739959717
-3.8668618202209473
-3.1560025215148926
-4.292037010192871
-3.2516634464263916
-3.7977466583251953
-2.607470989227295
-3.702240228652954
-3.3185765743255615
-3.845099925994873
-3.419062852859497
-3.8471789360046387
-2.7869415283203125
-3.377997636795044
-4.470163345336914
-3.9168553352355957
-3.5387823581695557
-3.541417360305786
-3.8333990573883057
-3.7747645378112793
-3.5833494663238525
-3.721163749694824
-3.6533985137939453
-3.660534143447876
-3.3437652587890625
-3.7830276489257812
-3.3042500019073486
-3.5637404918670654
-2.9717376232147217
-3.9648756980895996
-3.2547385692596436
-3.9980461597442627
-3.654884099960327
-3.8889498710632324
-3.245088577270508
-4.113289833068848
-3.366361379623413
-4.350181579589844
-3.6390364170074463
-3.975104570388794
-3.463007688522339
-4.420072555541992
-3.428457498550415
-3.7969472408294678
-3.4509668350219727
-3.7674012184143066
-3.232196569442749
-3.604964017868042
-3.3646905422210693
-3.697197437286377
-3.21866512298584
-3.6803951263427734
-3.125731945037842
-4.278120040893555
-3.270228385925293
-3.5779502391815186
-3.0211427211761475
-3.10587739944458
-3.0533676147460938
-3.5531036853790283
-3.563400983810425
-4.68706750869751
-3.402618408203125
-3.9514968395233154
-3.468658685684204
