0.6262764558196068
0.858042985200882
0.5101309195160866
0.9636088907718658
0.7331213001161814
0.7873447183519602
0.6741013795137405
0.7145865504733391
0.7406102435197681
0.5258453270006511
0.8195376169557372
0.7400754755653907
0.9391341805458069
0.9456278383731842
0.4021770032122731
0.8231987899801295
0.9719402492046356
0.7537875026464462
0.02425612658262253
0.6244014103431255
0.7333763474598527
0.8279471090229761
0.7884958423674107
0.8287053519937521
0.7075475451669523
0.6562274388141103
0.8076767126719157
0.6566453702333901
0.4071416289545596
0.7913498003035784
0.8450463329042707
0.9907190203666687
0.29686758667230606
0.7838390648365021
0.5875779394474294
0.7414235586766154
0.8290842473506927
0.6274097946782907
0.812414713203907
0.9100947209766933
0.8502560170988241
0.7214022977277637
0.5512063660555415
0.8019351554768426
0.4950089764315635
0.9806470036506653
0.9730803847312928
0.521006646566093
0.8447409719228745
0.753604565281421
0.8978395710388819
0.9289509207010269
0.3016824135556817
0.6872912738472223
0.7036056086421013
0.19439144432544708
0.4826518941471087
0.8858895870772275
0.8614140202601751
0.700673711951822
0.7470393110997975
0.8955821735518319
0.6588966705603525
0.9624115029970804
0.751288314919091
0.5011652888730168
0.8687431641987392
0.165034431964159
0.6619904714503458
0.7350711694918572
0.9280613462130228
0.6743261008523405
0.669215190901675
0.9438020288944244
0.762435898456412
0.8575707674026489
0.7301918845623732
0.7258971869945526
0.7659943476319313
0.29111156333237886
0.7276068112114444
0.6024401567876339
0.6330988239496946
0.07810887942711513
0.7983016557991505
0.7471149863558821
0.92233906686306
0.8110173940658569
0.6434619009494782
0.6539600051262162
0.6120944781494992
0.8471896648406982
0.9867369400130378
0.7957538132156644
0.794389369757846
0.8352696537971497
0.2655718391761184
0.6899663415652785
0.986956462264061
0.847144533880055
0.5993496626615524
0.6726183692614237
0.9376452763875326
0.7145762324333191
0.6275538958609104
0.5619745627045631
0.12035243213176727
0.6220832274605831
0.8481541872024536
0.9555093169212341
0.9150009751319885
0.5554475281387568
0.5208927093772218
0.8525724842080048
0.9943618774414062
0.6416474389178413
0.783947691321373
0.9875990450382233
0.6881038015708327
0.8303562092284361
0.7729140475858003
0.7433956656605005
0.6438342267647386
0.7223330587148666
0.5089662740938365
0.7409735098481178
0.8825672090984881
0.5923133037867956
0.8278213888406754
0.6627980801406212
0.8179020166397095
0.7898572362416113
0.8102720081806183
0.9697644114494324
0.6992891503032297
0.7448806587606669
0.8749300390481949
0.5297492323443294
0.9668597102165222
0.596511742263101
0.8523840744580541
0.7508523693929116
0.9915697425603867
0.6626075995154679
0.4814124975237064
0.9168149471282959
0.6952966501315435
0.9874132871627808
0.7649781238287687
0.9846469685435295
0.4896919078892097
0.68836935578535
0.6424336519092322
0.718442989140749
0.8709016309844123
0.9731576613017491
0.929288430346383
0.8446891350405556
0.9780690670013428
0.7237612215632742
0.609541516751051
0.6699269581586123
0.7229450317734684
0.8196230812205209
0.66135758140202
0.6298663966795978
0.7906520152464509
0.6725724428892136
0.6058599650859833
0.6290094312280416
0.190409255027771
0.6809064507484436
0.9672976647104535
0.8550352603197098
0.6572166010737419
0.7510112166404724
0.8286651190031659
0.7577124098315835
0.9902099221944809
0.9717130235263279
0.6573790539987385
0.5737497489899397
0.6029854114167392
0.9318551123142242
0.5989701237529517
0.45690897572785616
0.6333133579270603
0.66121777628238
0.5954690698534251
0.902802050113678
0.859713863581419
0.6275560599234369
0.7002487573772669
0.8363253399729729
0.9169614166021347
0.8702036963775754
0.9184126257896423
0.573259596247226
0.42666562702506783
0.7860645234584809
