0.6235235163143703
0.858042985200882
0.5101309195160866
0.9636088907718658
0.7400005962699652
0.7873447183519602
0.6388535767793655
0.7145865504733391
0.7406753168907017
0.5258453270006511
0.9332187821467718
0.7400754755653907
0.9165128469467163
0.9456278383731842
0.3952279340475798
0.8231987899801295
0.9644916554292043
0.7537875026464462
0.02648669183254242
0.6244014103431255
0.7320508742704988
0.8279471090229761
0.8505416909853617
0.8287053519937521
0.8310631843549865
0.6562274388141103
0.8082941770553589
0.6566453702333901
0.40710788080468774
0.7913498003035784
0.8449224744524274
0.9907190203666687
0.29200254078023136
0.7838390648365021
0.6499253852913777
0.7414235586766154
0.8508841267653874
0.6274097946782907
0.812414713203907
0.9100947209766933
0.8176665094991525
0.7214022977277637
0.12621667555400304
0.8019351554768426
0.5357750207185745
0.9806470036506653
0.9730803847312928
0.521006646566093
0.8395557031035423
0.753604565281421
0.898425335685412
0.9289509207010269
0.2998067212756723
0.6872912738472223
0.7058579012751579
0.19439144432544708
0.45361477066762745
0.8858895870772275
0.8736283928155899
0.700673711951822
0.7462573726661503
0.8955821735518319
0.6589156248373911
0.9624115029970804
0.7718579258459309
0.5011652888730168
0.8761206780161176
0.165034431964159
0.8040099840478173
0.7350711694918572
0.8396248519420624
0.6743261008523405
0.6624538658017461
0.9438020288944244
0.75903837409957
0.8575707674026489
0.7302207890897989
0.7258971869945526
0.7623128369450569
0.29111156333237886
0.7374971529701725
0.6024401567876339
0.6245816738111898
0.07810887942711513
0.7644659069677194
0.7471149863558821
0.7027097642421722
0.8110173940658569
0.623579940199852
0.6539600051262162
0.5365177164785564
0.8471896648406982
0.9870123200946384
0.7957538132156644
0.8067314125597477
0.8352696537971497
0.2661920255050063
0.6899663415652785
0.4921964005625341
0.847144533880055
0.7932458043098449
0.6726183692614237
0.9290292958418528
0.7145762324333191
0.6357509180903435
0.5619745627045631
0.12008921056985855
0.6220832274605831
0.8291768699884414
0.9555093169212341
0.8747902989387513
0.5554475281387568
0.48795621743192896
0.8525724842080048
0.9909151196479797
0.6416474389178413
0.783899242679278
0.9875990450382233
0.6879706149920821
0.8303562092284361
0.7848752382560633
0.7433956656605005
0.6457167003924648
0.7223330587148666
0.679474431128862
0.7409735098481178
0.8206011494155974
0.5923133037867956
0.8128368854522705
0.6627980801406212
0.8070736229419708
0.7898572362416113
0.7871139720082283
0.9697644114494324
0.7097925735171884
0.7448806587606669
0.8603597059845924
0.5297492323443294
0.9647128224372864
0.596511742263101
0.8527146758777755
0.7508523693929116
0.9915327429771423
0.6626075995154679
0.690222185337916
0.9168149471282959
0.6787715901931127
0.9874132871627808
0.7605611365288496
0.9846469685435295
0.480901183350943
0.68836935578535
0.6306093398481607
0.718442989140749
0.861266403976414
0.9731576613017491
0.9222556385729048
0.8446891350405556
0.9600039635385785
0.7237612215632742
0.609541516751051
0.6699269581586123
0.6871313831811263
0.8196230812205209
0.6613151638691003
0.6298663966795978
0.7873854919647177
0.6725724428892136
0.6113617718219757
0.6290094312280416
0.18716974258422853
0.6809064507484436
0.9631455881255013
0.8550352603197098
0.6564309820532799
0.7510112166404724
0.821993348273364
0.7577124098315835
0.9884568303823471
0.9717130235263279
0.65896514384076
0.5737497489899397
0.6383723351173103
0.9318551123142242
0.598971339687705
0.45690897572785616
0.6333133579270603
0.66121777628238
0.5955173376947641
0.902802050113678
0.8524453242619833
0.6275560599234369
0.8887569606304169
0.8363253399729729
0.9130242168903351
0.8702036963775754
0.9254994690418243
0.573259596247226
0.5183611387386918
0.7860645234584809
