[[8, 10, 6, 14, 0, 4, 16, 19, 18, 3], [9, 0, 1, 4, 6, 20, 22, 2, 10, 23, 14, 8, 21], [5, 15, 0, 7], [9, 13, 0], [8, 29, 36, 38, 3, 6, 25, 32, 35]]
[[2, 4, 7, 5, 8, 3], [5, 1, 9, 11], [7, 4, 9, 10, 1, 8, 12, 2], [12, 2, 6, 14]]
[[11, 13, 8, 16, 22, 36, 0, 6, 17, 32, 12, 7, 33, 19, 23, 18], [18, 39, 48, 1, 6, 7, 13, 28, 4, 19, 27, 40, 49, 9, 54, 10, 51, 2, 41, 56]]
[[2, 9, 8, 5, 11, 14], [6, 0, 2], [6], [8, 1, 2], [10, 4, 0], [13, 21, 2, 5, 8, 4, 3, 18, 0, 6], [10, 12, 3, 8, 1, 2], [9, 10, 1, 11]]
[[11, 2, 5, 3, 14, 1, 8, 7, 12, 9], [6, 16, 9, 12, 15, 0, 27, 4, 28, 23, 8, 3, 29, 11, 14, 24], [10, 17, 14, 13, 7, 16], [9, 12, 3, 5, 0, 6]]
[[9, 3, 12, 21, 26, 2, 11, 25, 1, 10, 4, 6, 22, 28, 27, 30], [6, 11, 4, 7, 9, 1, 2], [9, 1, 0, 11], [6]]
[[13, 10, 4, 6, 16, 2, 7, 12, 1], [4], [3, 9, 1, 11, 2, 4, 10], [10, 28, 11, 6, 16, 19, 22, 26, 3], [6, 1, 4, 10, 12, 3]]
[[9, 13, 6, 1, 11, 8, 7], [7, 0, 11, 13, 16, 1, 4, 9, 14], [1], [2, 5, 3, 9, 7], [11, 4, 0], [10, 0, 4], [6, 10, 28, 46, 49, 12, 0, 14, 24, 31, 35, 29]]
[[10, 15, 4, 11, 3, 9, 8, 13, 16, 14], [4, 6, 1], [6, 2, 0, 12], [18, 1, 10, 7]]
[[19, 8, 14, 4, 2, 1, 9, 15, 17], [10, 15, 8, 1, 6, 4], [4, 6, 8], [3], [9, 3, 14, 12, 1, 0], [2, 3, 13, 9, 5, 0], [7], [0, 3, 5], [12, 7, 4, 2]]
[[6, 16, 14, 21, 10, 9, 17, 12, 20, 13, 15], [10, 13, 5], [15, 3, 4, 7, 18, 0], [6, 7, 10, 1, 8, 5, 2], [6, 0, 4, 3, 7, 9], [10, 0, 3, 2, 8, 1], [1], [4, 1, 8], [1, 10, 17, 19, 3, 5], [13, 16, 21, 9, 24, 2, 28, 12, 1, 6], [14, 0, 16, 12, 11, 1, 17, 10, 19, 15, 13]]
[[1, 9, 3, 6, 14, 4, 12, 2, 10, 16], [0, 5, 9, 13, 6, 7, 11], [4, 6, 9, 7], [0, 6, 8, 5, 7, 2], [1, 0], [8, 18, 6, 13, 16, 14, 1, 0, 11, 15, 2, 3], [1, 11, 3, 13, 2, 9, 12], [5, 7, 10, 14, 17, 2, 13, 6, 8, 15]]
[[15, 25, 5, 21, 3, 13, 2, 8, 17, 7, 16, 26, 19, 9, 11], [4, 6, 2, 11, 1, 10], [6, 0, 3]]
[[12, 18, 9, 1, 7, 0, 6, 5, 13, 2], [1, 4, 11, 3], [5, 8, 3, 11, 0, 23, 21, 9, 10, 1], [10, 18, 0, 1, 7, 22, 5]]
[[7, 10, 2, 5, 1, 11, 3, 8], [5, 10, 2, 1], [], [6], [12, 13, 8, 16, 3, 4, 14, 0, 10]]
[[3, 9, 12, 10, 2, 13], [8, 9, 0, 1], [5, 7, 9, 12, 10, 3, 0, 6, 4], [1, 2, 5, 6], [14, 4, 9, 0, 10, 6], [8, 4, 10], [4]]
[[13, 6, 11, 19, 2, 17, 16, 1, 7, 15, 22, 9], [8], [0, 1, 5, 15, 11, 2, 3, 16], [8, 10, 5, 4, 9, 13], [9, 3, 8, 0, 6, 10], [4, 9, 6, 1]]
[[5, 7, 13, 2, 8, 12, 14], [0, 2, 12, 11, 3, 10], [12, 1, 3, 14, 19, 20, 13, 17, 15], [8, 2, 6, 14]]
[[10, 5, 0, 8], [0, 4, 19, 2, 5, 14, 1, 15, 20, 11], [9, 16, 2, 4, 20, 5, 10], [5, 11, 10, 6, 2], [8, 3, 11], [24, 8, 12, 19, 15, 9, 13, 25, 1, 10, 20, 23, 11], [6, 4, 2], [6, 1, 2, 10, 0, 3, 9], [5, 3, 6], [8, 9, 4, 3], [1, 5, 6], [2, 11, 0, 3], [5, 6, 2], [10, 14, 4, 11, 16, 1, 2], [8, 2, 7, 0, 9, 3]]
[[4, 9, 1, 8], [20, 1, 4, 15, 23, 12, 26, 18, 14, 2, 17, 24, 3, 25, 16, 21, 22, 0], [], [8, 0, 12, 3], [5, 10, 11, 1], [6, 11, 9, 3, 13, 1, 12], [7, 13, 12, 6], [6, 2, 4, 10]]
[[4, 6, 0], [6, 0, 7, 5, 2], [7, 3, 10, 4], [2]]
[[2, 5, 10, 3, 1, 9, 16, 8, 12], [10, 9, 2, 6, 3], [8, 11, 12, 1, 0, 14], [2, 12, 9, 1, 13, 11], [16, 1, 5, 8, 3, 2, 14], [10, 5, 6, 11, 0, 7, 9], [2]]
[[17, 2, 5, 11, 14, 19, 6, 12, 15], [6, 3, 1, 7], [4, 12, 14, 2, 5, 11], [6, 1, 0, 7], [26, 4, 21, 19, 0, 17, 5, 24, 27, 22, 18, 20], [10, 4, 12, 5, 3, 0, 13]]
[[8, 21, 28, 0, 5, 16, 7, 4, 18, 15, 19, 22, 30, 25, 26], [12, 11, 0, 2, 13, 16], [5, 4, 9, 3], [8, 30, 25, 33, 5, 13, 19, 0, 4, 15, 22, 24], [4, 8, 12, 0, 6, 2, 11], [5, 2, 9]]
[[5, 7, 6, 3, 9, 11], [12, 3, 8], [5, 6, 3], [7, 9, 10], [6], [7, 9, 2, 1], [8, 10, 19, 16, 18, 2]]
[[5, 17, 11, 13, 0, 3, 14, 2, 9, 8], [4, 6, 1, 7], [15, 5, 7, 11, 17, 23, 8, 20, 1, 3, 9, 18, 21], [20, 2, 3, 9, 22, 4, 23, 0, 25, 18, 19, 21, 24, 5, 6], [7, 0, 3], [8, 9, 13, 3, 4, 10, 0], [0, 26, 32, 4, 7, 9, 15, 28, 34, 35, 10, 20, 1]]
[[20, 21, 1, 9, 13, 0, 19, 18, 23, 8, 14], [13, 7, 4, 1, 5, 8]]
[[13, 15, 8, 0, 3, 6], [], [7, 11, 2, 5, 13, 15, 1], [], [10, 6, 4], [44, 5, 1, 7, 21, 26, 27, 2, 19, 22, 28, 37, 40, 36, 6], [2, 5, 0], [], [2]]
[[4, 18, 0, 2, 7, 8, 11, 1, 5], [0, 4, 12, 3, 7, 5], [4, 3, 0, 8, 15, 7, 5], [8, 2, 4, 5, 12, 9, 11, 3], [3, 4, 10, 12, 9, 0]]
[[21, 7, 9, 0, 3, 10, 2, 8, 6], [4, 0, 1], [0, 2, 1], [], [7, 14, 2], [13, 17, 5, 4], [3], [8, 10, 4, 11], [3, 5, 7, 0, 4, 2, 13], [13, 5, 8, 17, 6, 11, 10]]
[[10, 12, 3, 8, 2, 9, 7, 11, 13], [5, 2, 8, 3, 6, 11, 0, 12, 14], [4, 9, 11, 8, 2, 10], [9, 1, 4, 10, 2], [17, 3, 12, 10], [12, 5, 8, 17, 0, 2, 14, 4, 16], [7, 10, 13, 16, 3, 11, 12, 15, 4, 6]]
[[4, 10, 0, 5, 6, 2], [5, 6, 8, 3, 11, 10], [14, 4, 9], []]
[[15, 7, 10, 12, 18, 4, 19, 0, 3], [16, 20, 11, 13, 3, 0, 2, 10, 17, 12, 21, 18], [0], [8]]
[[10, 12, 3, 2, 11, 9, 16, 4, 5], [11, 4, 6, 0, 2, 3], [9, 1, 3, 0], [2, 7, 13, 11], [0]]
[[7, 3, 9, 14, 1, 10], [7, 11, 8], [3, 10, 5, 7, 12, 2], [4, 2, 5], [6, 0, 4], [9, 5, 3, 11], [5, 12, 0, 7], [13, 4, 8, 11, 2, 5], [7, 3, 10, 0, 4, 2, 8]]
[[8, 12, 3, 9, 13, 2, 7, 6, 11], [2, 8, 9, 0], [8, 13, 3, 16, 0, 19, 1, 18, 11], [8, 16, 4, 9, 13, 23, 0, 5, 14, 17, 21, 3]]
[[14, 5, 4, 13, 7, 12, 6, 9, 20, 22], [2, 0, 4], [2], [11, 0, 9, 13], [11, 7, 0, 6, 2, 15, 12, 13, 16], [5, 27, 6, 13, 20, 22], [13, 5, 0, 14, 1, 12]]
[[19, 14, 18, 9, 16, 8, 13, 12, 25, 20, 17, 21, 11, 15, 10, 24], [3, 13, 19, 0, 22, 16, 7, 4, 5, 10, 14, 8], [9, 2, 1, 6, 8, 10], [9, 19, 4, 12, 13, 1, 0, 7, 14, 20], [15, 3, 13, 20, 18, 2, 1, 0, 16, 19, 14, 21], [5, 12, 17, 8, 4, 9, 14, 1, 13, 2]]
[[9, 0, 1, 8, 12], [11, 12, 3, 0, 2, 13, 17, 15], [0], [10, 23, 3, 5, 8, 16, 13, 2, 24, 12, 7, 6, 14], [10, 12, 1, 13, 11, 6, 7]]
[[7, 10, 2, 6], [16, 1, 4, 5], [8, 5, 10, 3], [7, 0, 5], [13, 4, 8, 11], [13, 0, 3, 17, 16, 11, 12]]
[[4, 8, 7, 6, 9, 5, 11], [5, 0, 7, 10, 1, 18], [0], [7], [16, 5, 12, 15, 18, 13, 19], [5, 1, 3, 8, 10, 2, 6], [4, 0, 5, 1, 10], [6, 7, 2, 3, 11], [5, 0, 7, 14, 10, 3, 13], [11, 4, 6, 9, 1, 0], [2, 8, 0, 9, 6, 5], [9, 12, 17, 13]]
[[12, 20, 8, 14, 17, 0, 3, 15, 18, 2], [6, 13, 4], [1, 5, 4], [7, 12, 8, 6, 18, 11, 13], [16, 8, 19, 9, 15, 11, 13, 20], [10, 12, 21, 7, 18, 9, 17], [31, 10, 16, 23, 28, 21, 26, 5, 24, 7, 9, 11, 29]]
[[20, 13, 7, 10, 16, 23], [7, 16, 22, 23, 10, 0], [0, 3, 7, 11, 1, 5], [8, 4, 1, 7, 0, 2], [9, 11, 4, 7, 13, 5], [5, 7, 10, 13, 16, 2], [17, 2, 5, 24, 6, 13], [40, 1, 4, 8, 30, 36, 42, 43, 2, 18, 25, 32, 38, 31, 11]]
[[12, 19, 4, 2, 16, 1, 11, 7, 10, 0], [4, 0, 2, 7], [5, 8, 0, 3], [6, 8, 15], [0, 3, 2], [13, 22, 5, 18, 3, 9, 8, 12, 1, 2, 17, 20, 23, 25], [7, 9, 11, 0, 5, 1]]
[[13, 5, 4, 2, 9, 6], [3, 12, 0], [3, 8, 1], [5, 15, 0, 7, 10, 3, 1], [8, 21, 1, 3, 13, 9, 24, 6, 2], [1, 9, 0, 8, 37, 40, 44, 6, 46]]
[[2, 4, 10, 3, 5], [3, 13, 14, 1, 8, 11], [11, 7, 1, 2], [8, 9, 13, 2, 5, 1], [0, 1, 8]]
[[15, 18, 1, 11, 20, 8, 16, 5, 17, 19, 6, 22], [], [2, 0, 1, 14], [19, 9, 29, 30, 7, 16, 20, 4, 24, 23, 25, 27, 31, 13, 28], [7, 0, 1, 2, 9, 6]]
[[3, 18, 17, 2, 11, 9, 19, 4], [2, 0, 9, 5, 10], [9, 7, 12, 3, 6, 5, 10, 22, 4, 8, 24], [6]]
[[8, 15, 3, 10], [17, 3, 12, 6, 1, 2, 0], [10, 3, 0, 2, 1, 4], [15, 1, 11, 9, 12, 7, 2], [5, 7, 11, 0], [21, 10, 6, 17, 14, 23, 2, 7, 8, 12], [0, 11, 1, 14, 9, 13, 4], [5, 19, 0, 2, 16, 6, 1]]
[[2, 4, 0, 5], [7, 11, 13, 20, 23, 2, 4, 16, 0], [9, 17, 2, 6, 10, 23, 0, 5, 4, 14, 20, 22, 7], [2, 3, 7, 4]]
[[21, 33, 0, 10, 19, 23, 5, 28, 7, 17, 22, 34, 1, 24, 26, 8, 3], [3, 14, 16, 8, 4, 2, 5, 10], [8, 5, 3, 7], [7, 22, 16, 2, 4, 11, 14, 21, 24], [8, 5, 1, 2], [5, 3, 8, 9, 6, 4, 7]]
[[6, 5, 8, 9, 10, 15], [6, 8, 10, 0, 3, 2, 7], [4, 1, 7], [7, 0, 2, 1, 18, 19, 17]]
[[7, 6, 11, 5, 9, 13], [4, 10, 13, 21, 2, 7, 11, 1, 0, 20, 12, 8], [6, 10, 8, 1, 7], [5, 8, 2, 6]]
[[5, 4, 3, 11, 13], [3, 1, 4, 10, 7, 5, 2], [6, 2, 1], [7, 4, 12, 9, 2, 8, 6]]
[[8, 10, 9, 5], [18, 4, 8, 2, 5, 25, 20], [0, 4, 1], [11, 14, 18, 20, 4, 12, 8, 21, 19, 23, 22]]
[[11, 6, 13, 16, 3, 21, 12, 22, 4, 5], [5, 16, 20, 2, 9, 17, 13, 6, 0, 14, 15, 10], [1, 3, 0, 6, 9, 14, 4, 12], [4, 6, 0, 5]]
[[9, 25, 5, 20, 27, 0, 6], [5, 9, 13, 10, 14, 1], [12, 8, 2, 1, 6, 13], [3, 16, 12, 14, 1, 5, 24, 25, 6, 26], [8, 1, 6, 10, 5, 12], [1, 7, 11, 9, 8], [14, 18, 10, 4]]
[[1, 10, 7, 17, 14, 18, 4, 11, 13], [4, 3, 18, 1, 9, 10], [7, 4, 10, 0], [16, 19, 2, 4, 7, 13], [], [10, 4, 12, 8, 13, 11], [10, 4, 11, 3, 0, 2], [6, 9, 1, 12], [7], [9, 5, 8, 11, 16, 2, 6]]
[[2], [10, 4, 1, 0], [7, 16, 18, 4, 11, 1], [11, 1, 8, 2], [8, 1, 3]]
[[16, 7, 2, 1, 5, 8, 4, 9, 12, 17], [10], [3, 2, 8, 10, 12, 14], [1], [8, 11, 16, 5, 6, 10], [6, 5, 8, 9, 7, 4], [9, 10, 4, 3], [1, 4, 0], [6, 10, 13, 1], [9, 3, 7, 0, 2, 11], [7, 2, 8, 3], [2, 6, 8], [12, 9, 3], [4, 9, 12]]
[[6, 8, 7, 4], [1, 5, 7, 3], [5, 8, 3, 13, 16, 18, 22, 0, 12, 14, 11, 15, 1, 19, 21], [3, 7, 0, 4]]
[[3, 5, 20, 22, 9, 2, 8, 16, 1], [17, 5, 13, 19, 21, 6, 2, 4, 11], [3, 12, 17, 14, 7, 13], [4, 9, 11, 16, 7, 12, 1], [], [3]]
[[5, 10, 2, 6, 4, 1, 9], [5, 7, 0, 6, 4, 11], [2, 4, 10, 14, 1, 7, 13]]
[[6, 8, 17, 21, 27, 30, 0, 31, 7, 20, 19, 25, 26, 18, 22, 29, 32, 3], [6, 14, 7, 10, 17, 0, 13, 8, 9, 11, 18], [7, 9, 8, 11]]
[[3, 7, 0], [4, 2, 1], [4, 11, 1, 10, 7, 0], [0, 2, 6], [5, 0, 6, 11, 9, 12], [15, 1, 9, 19, 22, 10, 20], [1, 15, 0, 13, 6, 14, 5, 8], [], [2]]
[[5, 1, 6], [10, 2, 6, 5, 1, 0, 9, 15], [2, 12, 15, 0], [2], [1, 13, 16, 14, 10, 3, 4, 12, 9]]
[[6, 9, 23, 1, 10, 20, 0, 5, 25, 15, 18, 4, 19], [11, 2, 7, 3, 6, 1], [15, 1, 2, 13, 3, 5, 4], [9, 0, 6, 10, 4, 1, 12], [7, 13, 20, 5, 17, 2], [13, 14, 1, 2, 3, 9], [9, 7, 3, 6]]
[[30, 7, 11, 9, 13, 16, 21, 24, 32, 34, 36, 40, 22, 25, 8, 12, 2, 6, 20, 31, 17, 26, 35, 28, 5]]
[[9, 11, 14, 2, 12, 1, 7], [1, 5, 12, 4, 2, 8, 0], [1, 8, 3, 11, 12, 0], [9, 1, 5], [0, 10, 1, 4, 5, 6, 9], [17, 20, 0, 6, 12, 21, 5, 16, 11, 9]]
[[9, 29, 15, 5, 23, 2, 10, 22, 24, 30, 32, 1], [3, 10, 8], [7, 4, 5, 0], [12, 4, 10, 15, 8, 17], [0, 7, 12, 13], [9, 1, 13, 6, 2, 12, 4], [3, 6, 5], [7], [1, 8, 10], [7, 23, 13, 12, 1, 16]]
[[12, 16, 18, 2, 8, 20, 23, 27, 3, 9, 21, 24], [5], [12, 3, 11, 0, 4, 6], [10, 4, 5, 0], [6, 10, 4], [9, 10, 11]]
[[19, 7, 11, 14, 17, 9, 12, 15, 5], [2, 5, 17, 7, 11, 13, 16, 14, 18], [12, 8, 10, 2], [12, 3, 6, 10, 15, 17, 18], [7, 2, 5], [9, 14, 16, 2, 7, 17, 11], [6, 0, 2, 8, 7, 5], [10, 4, 13, 12, 0, 1], []]
[[13, 24, 17, 4, 7, 19, 26, 20, 3, 11], [6, 12, 3, 2], [], [5, 3, 2], [0, 4, 9], [8, 4, 11, 15, 0, 12, 3, 9, 17, 5], [3, 5, 2], [4, 0, 8], [1, 3, 6, 11, 18, 20, 4], [8, 10, 1], [1, 10, 4, 14, 3, 7, 2]]
[[15, 5, 12, 3, 10, 13, 2, 9, 8], [3, 1, 0], [1, 3, 6, 8, 10, 4], [11, 6, 5, 1], [7, 14, 4, 6, 1, 2], [7, 4, 11, 5, 2, 3, 10]]
[[9, 16, 18, 0, 3, 8, 2, 10, 15], [2, 17, 19, 0, 3, 6], [3, 2, 5], [4], [18, 20, 4, 7, 13, 16, 8], [2, 4, 6], [6, 1, 7], [10, 1, 6, 2, 4, 0], [1, 4, 3, 5]]
[[17, 23, 5, 8, 13, 3, 21, 7, 2, 20, 11, 10], [5, 2, 1], [1, 3, 9, 11], [8, 13, 14, 1]]
[[18, 1, 13, 2, 8, 7, 12, 4, 11], [5, 7, 13, 1, 10, 16, 0, 9, 11], [0, 6, 9, 3, 2], [0]]
[[7, 9, 12, 22, 23, 4, 10, 17, 3], [5, 17, 4, 0, 6, 9, 15], [1, 7, 2], [2, 0, 4, 7, 11, 3], [10, 12, 5, 13, 0, 8, 15]]
[[5, 2, 6, 1, 10, 9], [1, 5, 9, 2, 0, 7, 3], [3], [5, 14, 17, 7, 12, 1]]
[[8, 11, 3, 5, 14, 0, 4, 12, 13, 15], [8, 11, 19, 24, 0, 9, 18, 25, 1, 13], [13, 4, 18, 5, 19, 17, 11, 15, 20, 14]]
[[22, 0, 2, 6, 7, 11, 1, 8, 10, 12], [2, 1, 3], [16, 6, 9, 11, 2, 12], [2], [3, 6, 8, 10]]
[[4, 8, 10, 2, 1, 9, 11], [2, 8, 1, 7, 0, 6, 11], [17, 9, 10, 13, 19, 21, 25, 26, 1, 16, 11, 27, 12, 14, 20, 28], [6, 8, 11, 1, 5, 4, 9]]
[[4, 1, 3], [9, 2, 7, 11], [8, 12, 15, 0], [5, 8, 6, 0, 1, 7], [3, 12, 14]]
[[0, 1, 7, 4], [4, 5, 7, 1, 2, 8], [4, 9, 5, 0, 3]]
[[6, 11, 8, 4], [13, 5, 0, 1, 10], [11, 2, 6], [7, 11, 8], [12, 0, 8, 6, 5, 7, 16], [3]]
[[8, 17, 3, 6, 11, 19, 4], [5, 16, 4, 18], [9, 15, 18, 21, 24, 1, 3, 19, 10, 16], [1, 3, 8, 13], [18, 17, 5, 2, 7, 13, 24], [10, 3, 11, 12], [11, 2, 8, 21, 17, 18, 10], [4, 0, 5, 6, 7], [8, 6, 10, 1, 4, 9, 5], [5, 8, 7, 3, 4]]
[[11, 13, 8, 10, 7, 12, 9, 14], [], [5, 13, 2, 8, 16, 22, 3, 14, 11, 1, 17, 12, 6], [3, 7, 11]]
[[10, 4, 2, 1, 5, 11], [10, 11, 3, 6, 12, 18, 2, 5, 13, 14], [6, 8, 10, 4, 7, 11, 5, 9, 12], [17, 2, 4, 19, 9, 6, 8]]
[[4, 8, 6, 12, 21, 17, 5, 9, 3, 7, 0], [3, 0, 2], [4], [2, 11, 25, 23, 6, 24, 1, 14, 28, 0, 5, 13, 22], [6, 2, 1, 4, 7]]
[[6, 14, 17, 19, 21, 0, 7], [2, 3, 1, 7], [], [0], [11, 13, 0, 4, 8, 14, 3], [7, 10, 2], [10, 12, 2, 5, 8, 13], [2, 1, 0], [2, 7, 0], [8, 4, 10, 6, 5, 7, 0], [19, 23, 20, 5, 9, 12, 0, 3, 16]]
[[17, 20, 0, 7, 6, 15, 18, 22, 19, 10, 12, 21], [1, 3, 2, 10, 0, 9], [2, 1, 13, 15, 7, 9, 6, 3, 0, 4], [13, 18, 4, 7], [2, 9, 6, 12, 1, 10], [6, 17, 2], [11, 23, 9, 14, 16, 0, 4, 3, 2]]
[[11, 0, 5, 7, 8, 4, 1], [1, 0, 5, 7], [0, 1, 7, 5], [5, 7, 8, 13, 11, 12, 1], [5, 4, 3, 0], [5, 13, 1]]
[[20, 5, 12, 16, 23, 10, 14, 17, 26], [6], [4, 0, 1, 7], [14, 6, 12, 2, 11, 5, 3], [1, 2, 3, 8], [9, 0, 2, 4, 13, 10], [2, 7, 11, 5, 3, 4], [6, 1, 3, 2, 0, 5], [13, 3, 8, 14]]
[[1, 3, 10, 5, 8, 13], [10, 7, 0, 12, 4, 6], [1, 0, 2, 5], [0, 7, 10, 4], [11, 22, 3, 13], [11, 1, 7], [16, 6, 3, 20]]
[[18, 6, 14, 13], [16], [0, 7, 10], [3, 5, 7, 8], [0], [7, 0, 4, 6], [11, 12, 6, 1, 3, 9], [1, 3, 10, 4], [9], [2]]
[[23, 28, 9, 8, 17, 20, 5, 13, 4, 10], [22, 11, 13, 8, 15, 19], [6, 11, 0, 8, 3, 7, 2], [7, 18, 2, 10, 17, 3, 5], [6, 10, 14, 5]]
[[20, 0, 10, 16, 1, 4, 3, 5, 11, 15], [6, 2, 1], [7, 3, 5, 9, 0, 2, 8, 15, 1, 14], [9, 3, 12, 0, 4, 10, 1, 5]]
[[13, 15, 4, 3, 14, 12, 16, 5], [5, 12, 2], [17, 2, 12, 0, 14, 3], [5, 9, 8, 4], [10, 13, 15, 8, 1, 5, 7], [7, 9, 4, 2], [10, 3, 12, 2, 4], [15, 8, 12, 13], [14, 16, 18, 2, 10, 17], [18, 28, 36, 32, 7, 10, 13, 39, 8, 26, 6, 25, 33, 31, 29]]
[[10, 13, 19, 16, 2, 1, 17, 6, 5, 11, 12, 3], [3, 6, 7, 0], [8, 12, 1, 9], [10, 3, 1, 5, 0, 11, 6]]
[[12, 8, 16, 3, 9, 7], [4, 11, 0, 1], [8, 1, 3], [10, 13, 6, 3], [3, 0, 4], [2, 4, 3], [13, 12, 0, 7, 1, 16]]
[[0, 5, 10, 9, 4, 11, 6], [2, 10, 11, 1, 0, 12], [3, 1, 4, 2, 5, 6], [0, 1, 7], [3, 6, 5, 0]]
[[4, 12, 5, 17], [0], []]
[[1, 5, 8, 3, 15, 11, 6], [15, 9, 1], [4, 11, 0, 1], [29, 36, 2, 13, 15, 22, 32, 31, 0, 34, 12, 14], [6, 1, 5, 9, 17, 3], [6, 8, 11, 2]]
[[9, 4, 13, 8, 3, 7, 5], [11, 2, 0, 4], [6, 9, 4, 0], [5, 6, 2, 7], [5, 0, 3, 2]]
[[4, 5, 3, 7], [7, 11, 3, 5, 12, 10, 2, 13, 4], [9], [0, 6, 10, 5], [4, 9, 2, 0]]
[[13, 18, 21, 6, 3, 8, 11, 23, 1, 9], [9], [4, 6, 0], [5, 7, 0], [5, 0, 2, 3], [4], [9, 8, 11, 2, 12, 10, 1]]
[[3, 7, 10, 1, 6, 9, 0], [0, 7, 8, 1, 15, 6, 14, 9, 11], [11], [11, 13, 3, 6], [12, 2, 9, 15, 6, 13], [6, 0, 13, 12, 4, 10], [10, 3, 12, 0, 7, 1], [14, 33, 5, 28, 2, 9, 12]]
[[20, 5, 22, 25, 0, 23, 4, 11, 14, 3, 13, 12, 24, 27, 26], [19, 3, 17, 1, 18, 0, 21, 20], [17, 11, 10, 1, 15, 6, 18, 5, 13, 2], [4, 14, 15, 2, 7, 10, 20, 0, 18, 21], [9, 6, 14, 1, 3, 10], [10, 15, 4, 0, 1, 2, 7]]
[[10, 9, 13, 5, 12, 4], [0], [2, 1, 6, 0], [9, 2, 5], [9, 6, 10, 8, 0, 15, 5]]
[[5, 15, 9, 13, 11, 2, 1, 10, 6], [8, 1, 0], [16, 3, 6, 8, 11, 4, 1, 2], [12, 7, 10, 13], [2, 8, 14, 11, 3, 10, 15, 13, 1]]
[[3, 7, 10, 1, 8, 11, 0, 6, 5], [8, 3, 2, 5, 6], [6, 9, 0], [2, 8, 5, 10, 1, 7], [6, 16, 23, 11, 8, 15]]
[[1, 17, 10, 9, 14, 13, 16, 12, 15], [3, 5, 20, 1, 12, 0, 8, 21, 7], [11, 12, 9, 10, 7, 5], [3, 7, 9, 15, 1, 0, 2, 16]]
[[19, 22, 4, 6, 3, 7, 5, 8], [7, 8, 1], [4, 12, 0, 7, 8, 14, 6, 9], [20, 1, 3, 7, 12, 16]]
[[0], [4, 14, 0], [0], [2], [15, 19, 0, 2, 4, 8, 14], [4], [5, 3, 9, 6]]
[[], [0]]
[[8, 13, 2, 9, 14, 7], [11], [6], [3, 13, 16, 0, 4, 7, 6], [6, 10, 1, 3, 9, 4], [12, 5, 6], [8, 0, 12, 4, 11, 10]]
[[4, 8, 2, 5, 1, 6], [2, 4, 10, 16, 13, 1, 0, 5, 17, 14], [7, 6, 10], [5, 0, 1, 10, 6, 4, 7], [2, 6, 1, 7], [10, 18, 12, 15, 0, 8, 7, 6, 3]]
[[0, 6, 46, 49, 58, 47, 1, 42, 57, 55, 56, 24, 5, 48, 59, 3, 26, 39, 45], [1, 5, 0, 8]]
[[5, 3, 6, 4], [8, 1, 4, 5, 3, 2, 0], [6, 9, 1, 3], [16, 6, 9, 14, 17, 0, 18, 7, 8, 1, 2, 3]]
[[8, 14, 2], [1, 7, 4, 2], [11, 6, 9, 0, 3, 12], [15, 42, 8, 34, 1, 10, 25, 29, 23, 13, 35, 9, 21], [5, 7, 8, 3], [0], [1, 0, 4], [7, 13, 2, 4], [9, 1, 0], [9], [14, 16, 4, 12]]
[[1, 4, 12, 15], [2, 3, 15, 0, 10, 12, 7, 13, 5], [3, 10, 0, 4], [1, 7, 8], [2, 7, 4], [11, 13, 23, 3, 18, 4, 7, 25, 17], [7, 1, 13, 16, 9, 8], [4, 10, 16, 7, 2, 5]]
[[12, 6, 14, 16, 17, 21, 5, 13, 4], [11, 3, 2, 0, 7], [6, 15, 10], [5, 12, 9, 2, 3, 8]]
[[16, 1, 19, 20, 24, 2, 6, 5, 13, 7, 8, 14], [7, 4, 13, 15, 0, 10], [2]]
[[4, 12, 14, 9, 16, 3, 8, 2, 5, 10], [5, 2, 1, 0], [3, 16, 13, 10, 12, 2, 14], [3, 8, 10, 13], [4, 9, 10, 2, 1, 8, 11], [2, 6, 10]]
[[9, 17, 26, 28], [7, 13, 15, 0, 2, 12], [19, 0, 10, 13, 3, 20, 6], [6, 11, 2, 8, 3, 1], [6, 14, 3, 8], [9, 11, 4, 6]]
[[9, 12, 6, 11, 5, 10, 8, 16], [4], [2, 5, 7, 0, 4, 11], [21, 28, 2, 6, 11, 12, 25, 3, 13, 18], [2, 5, 8, 9, 1, 3], [19, 3, 16, 0, 13, 1, 15, 18, 12, 10]]
[[1], [11, 13, 16, 0, 3, 14, 2, 12, 10], [8, 4, 1, 5, 0, 2], [5, 0, 1], [], [4, 13, 0, 2, 6, 9, 12], [9, 3, 14, 17, 0, 7, 6, 10, 4], [8, 11, 4, 15], [0, 6, 5, 1], [11, 0, 6, 7, 17, 23, 24, 1, 4, 8]]
[[36, 39, 2, 29, 4, 10, 19, 26, 5, 11, 17, 25, 33, 3, 16, 31, 34, 15], [6, 4, 2], [6, 2, 1, 5], [4, 6, 1], [5, 1, 12, 6, 3, 2, 9], [5, 3, 10, 0], [4, 7, 10]]
[[0, 12, 11, 10, 1], [10, 7, 15, 0, 2, 12, 18, 11, 20, 6, 5, 17], [1, 3, 19, 16, 5, 8, 9, 10, 2, 17, 15, 18, 4], [13, 6, 9, 17, 3, 10]]
[[12, 6, 0, 3, 5, 2, 14], [5], [19, 1, 15, 5, 4, 10, 16], [2], [2, 5, 6], [7, 0, 3], [4, 8, 2], [7, 10, 3, 15, 9, 0, 14, 12, 1], [1]]
[[4, 0, 1, 11, 2], [18, 34, 26, 7, 11, 20, 29, 4, 28, 1, 16, 9], [6, 0, 2], [8, 15, 0]]
[[12, 9, 16, 2, 7, 10, 17, 1, 6, 5, 3], [7, 1, 0, 8, 9], [7, 5, 13, 0, 3, 12], [7, 4, 9, 13, 10, 15, 8, 3, 2], [7, 12, 1, 0], [2, 13, 10, 9, 1, 0, 6]]
[[15, 7, 11, 0, 12, 10, 8, 9, 16], [9, 11, 0, 3, 5, 13, 2], [4, 3, 7], [2]]
[[2, 5, 3, 7, 0], [8, 3, 13, 4, 9, 2], [2, 3, 5, 0, 6, 7, 1], [2, 13, 7, 0, 1, 11, 15, 14], [5, 7, 11, 3]]
[[9, 11, 14, 10, 2, 15, 1], [4, 1, 0, 2], [2, 1, 4, 14, 10, 15, 3, 9, 8, 0, 16], [7, 0, 5, 2], [3, 10, 11, 8, 7, 9, 13, 12]]
[[10, 14, 4, 15, 3, 5, 9, 17, 7, 8, 16], [11, 1, 5, 3, 17, 20, 18], [8, 6, 9, 15, 4, 14, 13, 18, 16, 19, 7, 11], [9, 12, 4, 0, 6, 13, 10, 11, 1, 7], [2, 5, 17, 6, 14, 4, 12]]
[[27, 5, 9, 13, 2, 10, 28, 1, 8, 17, 7, 29, 3, 14, 25], [9, 0, 7], [5, 7, 1], [14, 7, 1, 2]]
[[5, 7, 2, 6, 10, 3], [21, 1, 0, 19, 22, 3, 2], [], [13, 7, 10, 5, 0, 14, 1, 9]]
[[4, 14, 5, 19, 2, 13, 12, 0, 7], [2, 0, 4], [7, 3, 12, 9, 13, 0], [30, 32, 0, 28, 3, 33, 23, 27, 31, 35, 4, 25, 34], [17, 3, 4, 5]]
[[12, 6, 3, 9, 10, 14], [3, 9, 2], [15, 7, 10, 8, 4, 0, 3], [9], [5, 8, 1, 9, 0, 6]]
[[24, 19, 13, 18, 0, 10, 15, 28, 30, 4, 11, 22, 23, 31, 32, 21, 20, 9], [27, 28, 1, 4, 11, 13, 18, 20, 21], [7, 8, 13], [], [11, 15, 19, 23, 0, 3, 7, 13, 12, 2], [4, 0, 15], [3, 6, 11, 17, 0, 4, 7, 12, 18, 16]]
[[3, 6, 9, 13, 0, 7, 5], [3, 7, 16, 28, 4, 25, 6, 30, 0, 31, 8, 1, 26, 15, 24], [13, 20, 11, 16, 10, 17, 19], [9, 15, 13, 14, 11], [6, 11, 14, 21, 5, 17, 12, 20, 13], [5, 14, 20, 4, 12, 13, 19, 15], [6, 19, 15, 13, 12, 18], [7, 15, 13, 6, 18, 11, 19, 14, 20, 12], [7, 16, 23, 13, 19, 20, 22, 17, 24, 14, 4, 15], [16, 8, 10, 17, 11, 5, 15], [15, 16, 20, 22, 19, 13, 12, 17, 21, 14], [4, 5, 9, 0]]
[[18, 8, 1, 6, 12, 0, 5, 4, 21], [6, 9, 15, 19, 0, 13], [13, 18, 3, 0, 6, 11, 4], [9, 10, 0, 8, 13, 12, 5]]
[[7, 12, 4, 8, 3, 11], [2, 8, 0, 1, 9, 7, 10], [4, 6, 9, 10, 2, 3, 5], [2, 4, 0], [4, 5, 7, 0], [20, 0, 6, 16, 1, 17, 21, 9, 2, 23, 18, 4], [4, 6, 1, 8], [5, 6, 16, 19, 20, 7, 13, 14, 17]]
[[9, 0, 10, 11, 1, 13], [3], [6, 14, 0, 8, 11, 15, 16], [11, 9, 13, 0, 2, 14]]
[[8, 10, 7, 3], [15, 18, 3, 10, 12, 0], [5, 2, 4, 9], [6, 1, 4], [8, 15, 21, 5, 12, 17, 3, 13, 18, 19, 22, 10], [5, 10, 6, 15, 0, 11], [10, 4, 8, 5], [11, 1, 10, 0], [3, 4, 8, 9, 7], [10, 14, 19, 7]]
[[0, 11, 1, 7, 2, 6, 5], [6, 14, 4, 12, 13, 8, 15], [2]]
[[0, 6, 5, 1], [], [6, 8, 10, 12, 16, 5, 0, 1, 19, 11]]
[[10, 1, 5, 7, 2, 8, 3, 11], [1, 6, 4, 13, 3, 10, 7, 0, 9, 11], [10, 0, 2, 13, 12, 3], [21, 1, 4, 16, 24, 2, 5, 8, 9, 3, 7]]
[[20, 5, 12, 4, 11, 3, 17, 21, 6, 8, 14], [6, 3, 10, 12], [4, 16, 3, 2, 1, 11, 17], [27, 3, 6, 22], [11, 5, 14, 16, 0, 15, 6, 1], [4, 1, 3, 7, 18, 2, 0, 17, 8], [11, 6, 14]]
[[9, 4, 19, 14, 20, 3, 18, 13, 10, 2, 8], [3, 2, 4], [8], [8, 4, 6, 9], [8, 13, 15, 10]]
[[11, 13, 16, 1, 3, 8, 20, 7, 12, 17, 19, 0, 15], [6, 8, 13, 0, 2, 9, 3], [0, 2, 5, 1], [14, 18, 31, 38, 50, 89, 68, 86, 4, 40, 53, 71, 1, 11, 20, 29, 47, 56, 62, 64, 82, 83, 94, 99], [7, 8, 9, 0, 6, 5], [6, 1, 9]]
[[15, 21, 16, 4, 18, 10, 23, 3, 9, 2, 17, 22, 19], [34, 17, 2, 5, 21, 23, 6, 9, 14, 37, 1, 20, 28, 4, 19], [10, 15, 14, 1], [6, 0, 1, 8], [12, 4, 10, 1, 0, 2], [2, 12, 13, 1, 11, 8], [4, 15, 29, 20, 9, 17, 22, 1, 18, 0, 8, 5]]
[[12, 2, 8, 0, 3, 9, 13], [5], [], [7, 0, 9, 8], [2]]
[[2, 7, 1, 6], [1, 3, 4, 2], [18, 8, 14, 13, 3, 0], [2, 17, 18, 20, 0, 8], [], [9, 3, 11, 4, 15, 10, 18], [2, 14, 0, 6], [6, 0, 2], [2, 8, 19, 18, 0, 14, 6, 12, 3, 9]]
[[8, 19, 24, 10, 13, 21, 2, 1, 5, 6, 0, 4], [8, 14, 11, 4], [11, 7, 2, 5, 0, 4, 8], [2, 5, 12, 4, 9, 11, 1], [15, 7, 12, 0, 4, 3, 8], [0, 2, 4, 10, 6, 3], [12, 0, 6, 8, 11, 13, 1, 4, 14]]
[[18, 13, 16, 7, 14, 24, 19], [1, 6, 3, 2], [14, 3, 10, 1, 9], [13, 2, 9, 20, 15, 8, 16], [2, 4, 8, 0, 9, 3], [8, 17, 22, 10, 4, 19, 2], [2, 15, 9, 11, 8, 14, 7], [12, 18, 10, 14, 7, 5, 0]]
[[2, 9, 12, 7, 1, 6, 5, 11], [5, 9, 10, 11, 6, 12], [7, 0, 9, 4], [17, 6, 3, 10, 0, 9, 7], [18, 5, 2, 10, 14, 7, 1, 6, 8], [5, 7, 13, 16, 12, 10, 11], [3, 11, 6, 10, 14, 15]]
[[9, 11, 0, 3, 7, 12, 2], [19, 27, 45, 21, 23, 25, 32, 39, 42, 1, 4, 14, 16, 28, 40, 43, 46, 13, 2, 9, 0, 29], [5, 1, 6], [4, 1, 9, 3, 8, 0], [8, 1, 6, 2, 4, 0], [12, 17, 1, 6, 15, 16], [11]]
[[8, 14, 1, 9, 11, 3, 17, 4, 2], [6, 7, 2, 1], [], [6, 2, 8], [4, 3, 8, 11, 0, 1, 9], [13, 8, 12, 0, 3, 6], [4, 1, 6, 2, 7, 8], [8, 0, 6, 5], [7], [6, 8, 16, 2, 12, 3, 9], [14, 1, 3, 16, 6, 2, 15, 4]]
[[18, 3, 21, 24, 17, 8, 22, 0, 6], [5, 7, 10, 21, 26, 0, 8, 16, 11, 18], [16, 19, 21, 23, 7, 17, 6, 0, 18, 20, 22]]
[[22, 4, 14, 3, 21, 13, 18, 2, 19, 17], [2, 0, 1], [1, 14, 5, 8, 2, 6], [8, 12, 5], [13, 22, 17, 30, 7, 8, 31, 26, 5], [1, 2, 6, 0], [5, 1, 8, 10, 16, 0], [10, 14, 2, 8, 11, 0], [7, 11, 5, 14, 17, 15]]
[[1, 3, 6, 4], [5, 10, 7, 3, 12, 9], [], [11, 14, 8, 10, 0, 9], [], [6, 5, 4, 1], [6, 7], [17, 4, 6, 8, 13, 15, 5], [0], [4, 13, 3, 7, 10, 11, 2, 5, 1], [8, 10, 3, 2, 1, 0]]
[[14, 2, 12, 7, 5, 4, 3, 13, 15, 11], [4, 0, 6, 8], [2, 0, 5, 11, 4, 10, 9, 6, 12], [3], [5, 2, 15, 4, 11, 18, 13, 10, 8], [7, 0, 13, 15, 6, 12, 8, 9], [3, 0, 2, 8], [9, 16, 5, 10, 18, 0, 6, 11, 13, 19], [0, 5, 4]]
[[5, 19, 10, 15, 20, 4, 9, 14, 3], [19, 1, 3, 10, 15, 16, 22, 2, 4, 14], [0], [12, 0, 1, 14, 16, 4, 13, 7, 9, 10, 17], [8, 4, 0, 1, 9]]
[[15, 7, 2, 9, 12, 10, 1], [7, 13, 1, 8, 0, 14], [3, 32, 33, 37, 17, 1, 0, 4, 2, 36, 39, 34, 12, 19, 16], [3, 1, 4], [], [4, 0, 11, 1, 15, 7, 2], [], [5, 2, 3], [3, 1, 0], [16, 22, 0, 18, 13, 4], [0, 3, 2], [0, 12, 16, 9, 13, 18, 2, 8, 7], [10, 1, 13, 8, 0, 5], [4], [9, 5, 12, 2], [4, 2, 1, 0, 5, 6]]
[[8, 3, 5, 11, 13, 1, 6], [2, 7, 1], [11, 2, 4, 6, 0, 3], [11, 1, 2, 0, 6, 12], [5, 1, 3, 16, 20, 8, 14, 18, 6, 13], [3, 4, 7]]
[[6, 12, 3, 7, 13, 2, 11, 4], [5, 2, 1], [2, 15, 4, 9, 7, 3, 0, 5], [14, 27, 30, 3, 10, 21, 26, 32, 34, 1, 18, 17, 15, 28, 31, 29, 33, 24], [3, 7, 11, 0, 13, 10]]
[[4, 6, 5, 8], [10, 7, 16, 15, 19, 2, 12, 1, 8], [2, 7, 11, 20, 15, 21, 1, 14, 18, 5], [4, 11, 5, 6, 10, 3, 9]]
[[13, 4, 9, 2, 1, 7, 10], [14, 0, 5, 12, 11, 9], [5, 8, 6, 12], [24, 0, 1, 8, 12, 17, 20, 2, 5]]
[[8, 11, 19, 17, 2, 15, 16, 9, 20], [11, 0, 5], [8, 6, 14, 10], [16, 8, 11, 0, 17, 5], [6, 11, 28]]
[[7, 19, 11, 1, 9, 0, 6, 5, 8, 2], [2, 4, 8, 6], [2, 12, 10, 13, 16], [5, 16, 0, 2, 9, 18, 13, 1, 17, 3, 14, 19], [7, 13, 4, 10]]
[[13, 21, 8, 14, 18, 7, 17, 20, 12, 16, 11, 15, 19, 9], [6, 2, 9, 10, 0, 7], [13, 5, 11, 0, 3, 2, 9, 8, 10], [9, 2, 11, 5, 0, 12, 3, 10, 4], [9, 1, 7], [6, 18, 0, 1, 13, 7, 10, 16, 5]]
[[8, 11, 14, 16, 2, 17, 21, 1, 13, 12], [9, 23, 5, 17, 20, 3, 21, 25, 0, 10, 14, 24, 19], [7, 13, 3, 5, 11, 2], [3, 4, 14, 9, 13, 0], [4, 11, 14, 0, 2, 10], [5, 10, 3, 1, 9, 7, 8], [4, 6, 1, 7, 2], [7, 9, 1], [14, 16, 4, 1, 10, 12], [1, 4, 13, 15, 16, 11, 12, 2, 14], [5, 10, 8, 13, 0, 1]]
[[11, 15, 10, 7, 18, 13], [4, 1, 3, 5], [16, 11, 0, 9, 19, 13, 2]]
[[19, 9, 13, 1, 6, 8, 5, 7], [1, 4, 2], [5, 9, 10, 1], [9, 0, 2], [8, 2, 0, 3, 12, 13, 11]]
[[10, 5, 7, 12, 15, 2, 1], [3, 1, 0, 5, 14, 12], [6, 7, 4], [3, 2, 8], [1, 7, 10, 12, 2, 9, 13], [2, 7, 4, 8, 0, 1], [8, 9, 6, 3], [8, 12, 9, 1, 6, 11, 10], [4, 7, 8, 1, 2, 9], [17, 3, 6, 1, 10, 0, 9, 8, 4]]
[[5, 2, 1, 7, 3], [12, 1, 3, 7, 2, 0, 16], [2, 5, 27, 9, 4, 25, 26, 6, 10, 7, 28, 14, 22], [5, 14, 12, 10]]
[[10, 13, 16, 3, 14, 2, 12, 9, 19, 4], [3], [10, 9, 3, 4], [3, 1, 15, 4, 9, 13]]
[[18, 7, 3, 9, 11, 14, 1], [6, 9, 10, 1], [5, 0, 8, 1, 6, 4, 12], [6, 18, 20, 1, 10, 13, 5, 11, 14, 21], [8, 1, 13, 16, 3, 2, 9, 10, 14], [2, 10, 0, 7, 11, 13], [5, 3, 8, 10]]
[[24, 0, 21, 18, 22, 11, 27, 15, 25, 16, 13, 17, 28, 23, 26, 20], [8], [2], [0, 3, 8, 1], [6, 20, 10, 14, 16, 25, 27, 31, 1], [6, 8, 13], [14, 4, 6, 9, 0, 2], [4, 1, 2]]
[[9, 13, 16, 19, 22, 2, 17, 0, 6, 5], [4, 1, 8, 14, 17, 11, 15, 0, 5, 7], [8, 17, 7, 11, 12, 14], [3, 13, 6, 11, 15, 1, 4, 0, 8]]
[[4, 12, 3, 15, 11, 2, 14, 9, 13], [2, 4], [10, 2, 7], [8, 14, 6, 1], [9, 12, 2, 10], [2, 15, 3, 12, 18, 20, 8]]
[[1, 10, 16, 4, 11, 3, 9, 8, 17], [5, 14, 1, 7, 8, 11, 19, 21, 23, 26, 0, 18], [12, 15, 19, 2, 13, 0, 9, 3, 4]]
[[9, 16, 3, 14, 17, 2, 13, 12, 15, 4, 20], [1, 10, 8, 14, 0, 11, 9], [10, 12, 15, 2, 16, 11, 1, 14, 13], [7, 0, 6, 11, 12, 18, 10, 17, 5, 4], [1]]
[[7, 4, 2, 6, 1, 3, 5], [6, 8, 11, 0, 5, 4], [10, 8, 7, 0], [2, 9, 12]]
[[7, 9, 2, 1, 10, 3], [5, 8, 12, 17, 2, 1, 6, 0, 14, 3, 16], [8], [8, 10, 4, 7, 0, 6, 11, 9, 15], [2, 7, 12, 11, 0, 10, 9, 3, 8]]
[[6, 8, 1, 0, 7, 5], [13, 22, 4, 8, 15, 5, 18, 11, 2, 1], [6, 11, 15, 18, 9, 3, 0, 20, 10, 7], [7, 12, 3, 1, 13, 16], [3, 10, 11], [4, 1, 0, 5, 3, 2]]
[[4, 6, 5, 0, 3, 7], [8, 9, 11, 1, 3, 12, 2, 0, 10], [8, 0, 5, 4, 1, 10], [5, 11, 1, 9, 0, 14, 2], [5, 0, 9, 14, 18, 3, 6, 12, 15]]
[[6, 3, 7, 5, 2, 4, 8], [6, 10, 15, 4, 9, 2, 1], [14, 0, 11, 24, 23, 7, 16, 10, 13, 8], [7, 11, 1], [4], [], [0], []]
[[5, 7, 1, 8], [3, 11, 9, 5], [4, 9, 12, 3, 2, 1, 13], [1, 9, 2], [10, 3, 4, 11], [2, 9, 12, 6, 10, 5, 0], [11, 2, 3, 5], [9, 3, 7, 4], [7, 12, 3, 5], [3], [5, 9, 3, 8, 0, 6], [15, 6, 0]]
[[7, 13, 17, 2, 14, 18, 16, 1, 6], [], [5, 7, 9, 0, 12, 2, 3], [14, 3, 6, 10, 4, 0, 1], [4, 6, 18, 27, 30, 0, 12, 28, 2, 24, 5, 26, 17, 16, 19, 7], [19, 8, 11, 5, 20, 0], [2, 10, 1, 7], [7, 19, 14, 3, 10, 16, 17, 4, 11, 15, 5, 8]]
[[3, 2, 9, 8, 7, 6], [8], [0, 3, 10, 14, 1, 8, 7], [4, 10, 21, 14, 6, 0, 11, 18, 15, 17, 16, 5]]
[[19, 17, 6, 10, 5, 9, 8, 7, 0, 11], [13, 17, 8, 9, 1, 12], [1, 5, 4], [1, 0, 2], [1, 15, 0, 13, 5, 2], [15, 3, 1, 5, 7, 4, 8, 13], [5, 15, 16, 10, 1, 13], [9, 7, 3, 1, 6, 10], [2, 5, 11, 0, 6, 8]]
[[19, 0, 8, 10, 26, 28, 3, 6, 12, 15, 20, 22, 18], [4], [4, 12, 0], [9, 21, 0, 3, 7, 18, 14, 2, 1], [5, 14, 13], [20, 8, 7, 0, 4, 9, 11, 6, 12, 5], [3, 8, 12, 19, 9, 13], [17, 11, 13, 7, 3, 4, 15]]
[[6, 10, 2, 7, 5, 1, 9, 3], [21, 11, 2, 5, 12, 13, 1, 10, 0, 6, 3, 8], [], [1, 6, 8], [8, 1, 2], [0, 15, 19, 20, 5, 6, 13, 23, 2, 7], [9, 2, 7], [9, 11, 4, 13, 5, 0, 8], [2, 7, 0], [5, 20, 13, 22, 12, 23, 11, 8, 0, 10, 17, 4]]
[[11, 9, 0, 5, 4, 6, 8], [3, 10, 1, 7], [11, 1, 3, 8], [3, 10, 0, 13, 4, 7, 5, 8, 11]]
[[9, 15, 11, 17, 0, 4, 18], [9, 3, 15, 0, 14, 18, 8], [5], [5, 0, 1, 2]]
[[13, 14, 3, 7, 17, 20, 2, 15, 16, 18, 6, 19, 21], [4, 6, 8, 12, 17, 0, 5, 1, 15, 19], [5, 7, 11, 14, 0, 15, 16, 8, 17], [5, 13, 15, 6, 1, 10, 12, 0, 9, 16], [1, 6, 5, 2, 7], [3, 5, 1, 4, 0], [6, 10, 0, 7, 5, 8], [8, 3, 5, 2, 1, 0], [3, 5, 10, 7, 1, 2, 4, 8]]
[[17, 2, 6, 20, 3, 7, 11], [4, 7, 0], [2, 3, 27, 37, 8, 34, 9, 11, 32, 4, 19, 28], [12, 1, 7, 2, 0, 4, 10]]
