0.7819414734840393
0.8262757062911987
0.8193958401679993
0.8705019950866699
0.8857473731040955
0.8554544448852539
0.8820767402648926
0.9111430644989014
0.9692102074623108
0.9088079333305359
0.7922105193138123
0.9418335556983948
0.7130381464958191
0.6495329737663269
0.7479954361915588
0.9150521159172058
0.8723815679550171
0.9260146617889404
0.8833393454551697
0.7858092784881592
0.4743885099887848
0.9194136261940002
0.8331928849220276
0.935987651348114
0.5849109292030334
0.9006707668304443
0.8172329068183899
0.8948336243629456
0.9007382988929749
0.9103966355323792
0.9143553972244263
0.6715104579925537
0.824763298034668
0.8954632878303528
0.9297285079956055
0.857991635799408
0.912734866142273
0.928602933883667
0.9144971370697021
0.9153059720993042
0.9335703253746033
0.8765376210212708
0.8836765289306641
0.9184588193893433
0.84794020652771
0.7967906594276428
0.9152806401252747
0.9090021252632141
0.847318172454834
0.9247142672538757
0.8313852548599243
0.9259951710700989
0.8378592729568481
0.9081804752349854
0.8933114409446716
0.9176333546638489
0.7194043397903442
0.9412610530853271
0.5664883852005005
0.8615328073501587
0.8577372431755066
0.8981614112854004
0.8631858825683594
0.8836700916290283
0.8535789847373962
0.9071341753005981
0.9239920377731323
0.9390325546264648
0.736138105392456
0.9480103254318237
0.9147034287452698
0.908031165599823
0.8812326192855835
0.9720432758331299
0.8897931575775146
0.959019660949707
0.7941228151321411
0.9404218196868896
0.4703364074230194
0.9297206997871399
0.6611388325691223
0.9049168825149536
0.7668810486793518
0.8156508803367615
0.874135434627533
0.9037680625915527
0.7437893152236938
0.9002931714057922
0.8513585329055786
0.9069563746452332
0.8762630224227905
0.932245135307312
0.9524768590927124
0.8820717930793762
0.7354258894920349
0.9299450516700745
0.7268764972686768
0.9108193516731262
0.7762904763221741
0.947580099105835
0.9247574806213379
0.6273475885391235
0.9118430018424988
0.6390003561973572
0.8393521308898926
0.9316039681434631
0.8983981013298035
0.9180558919906616
0.8808802962303162
0.8907098770141602
0.9075658321380615
0.7995496988296509
0.766681969165802
0.9154559373855591
0.49064382910728455
0.9029011130332947
0.8796221613883972
0.9240707159042358
0.8341276049613953
0.8828741908073425
0.8593732714653015
0.9332482814788818
0.9198465943336487
0.9462089538574219
0.8997922539710999
0.9278321862220764
0.882195770740509
0.8980690240859985
0.8822029232978821
0.9501489400863647
0.7580176591873169
0.8426894545555115
0.7359316349029541
0.9483673572540283
0.9189114570617676
0.9017605185508728
0.8890508413314819
0.9263660311698914
0.8055619597434998
0.9512812495231628
0.875359058380127
0.9185110926628113
0.9406118392944336
0.9289119243621826
0.8397564888000488
0.917174220085144
0.8681449890136719
0.9129583239555359
0.8947609663009644
0.8181021809577942
0.8271989822387695
0.8787519931793213
0.8544288277626038
0.902553379535675
0.8522955775260925
0.8978033065795898
0.8992887735366821
0.9061260223388672
0.9053785800933838
0.9140557646751404
0.8828179836273193
0.8493131995201111
0.9004829525947571
0.9036266207695007
0.7719650268554688
0.8641899228096008
0.8479316830635071
0.8786051869392395
0.9321228861808777
0.963431715965271
0.8001126646995544
0.7047969698905945
0.9095584154129028
0.9026510119438171
0.746502697467804
0.9265425801277161
0.8778838515281677
0.750037670135498
0.8048586845397949
0.9563010931015015
0.8033066987991333
0.8736091256141663
0.9063785672187805
0.9441289901733398
0.881980299949646
0.8729702234268188
0.8954131007194519
0.890571653842926
0.904594898223877
0.9342660903930664
0.764273464679718
0.9168570041656494
0.8432468771934509
0.9117283821105957
0.8836374878883362
0.9133509993553162
0.9236031174659729
0.9101337790489197
0.8165524005889893
0.9173614382743835
