-1.6039149761199951
-1.2425061464309692
-1.5939964056015015
-1.585512638092041
-1.7033385038375854
-1.1723062992095947
-1.8662571907043457
-1.4992059469223022
-1.737077236175537
-1.5496844053268433
-1.4843462705612183
-1.8511332273483276
-1.9781609773635864
-1.2156016826629639
-1.861690878868103
-1.3902519941329956
-2.3399038314819336
-1.1869807243347168
-1.453742265701294
-1.4527267217636108
-1.697035312652588
-1.6834821701049805
-1.8667141199111938
-1.504448413848877
-1.6202136278152466
-1.5987688302993774
-1.608857274055481
-1.457473874092102
-1.8695218563079834
-1.5488760471343994
-1.8166043758392334
-1.6865267753601074
-1.7015687227249146
-1.9819374084472656
-1.793947696685791
-1.7125099897384644
-1.8254119157791138
-1.435935616493225
-1.5322304964065552
-1.530450701713562
-1.542981505393982
-1.4247502088546753
-2.212125778198242
-1.6832195520401
-1.6058419942855835
-1.2170557975769043
-1.6184264421463013
-1.6256780624389648
-1.5844944715499878
-1.3544179201126099
-1.643680453300476
-1.4182562828063965
-1.7948907613754272
-1.6147520542144775
-2.4692697525024414
-1.4074534177780151
-1.7464886903762817
-1.4026637077331543
-1.8697302341461182
-1.3371421098709106
-1.5455412864685059
-1.4828251600265503
-1.9588216543197632
-1.3705257177352905
-1.4097907543182373
-1.5130528211593628
-1.4428398609161377
-1.3748568296432495
-1.4037377834320068
-1.4787660837173462
-1.5056203603744507
-1.5091946125030518
-1.4939855337142944
-1.6821002960205078
-1.5434460639953613
-1.3713843822479248
-2.613178014755249
-1.6026853322982788
-1.5884981155395508
-1.8559820652008057
-1.745783805847168
-1.2658874988555908
-1.539241909980774
-1.3754061460494995
-1.5302807092666626
-1.3475313186645508
-1.8729931116104126
-1.4289277791976929
-2.016561269760132
-1.5109500885009766
-1.5193248987197876
-1.4467941522598267
-1.4035953283309937
-1.4894846677780151
-1.741550087928772
-1.6804238557815552
-1.993523120880127
-1.5748565196990967
-1.9065018892288208
-1.3954637050628662
-1.2052605152130127
-1.8587133884429932
-1.859352946281433
-2.2221689224243164
-1.332713007926941
-1.4628658294677734
-1.785003900527954
-1.3235772848129272
-1.9092775583267212
-1.336768388748169
-1.6005767583847046
-1.31281316280365
-1.7144811153411865
-1.3709012269973755
-2.912161350250244
-1.3802255392074585
-1.6187725067138672
-1.1077773571014404
-1.6527851819992065
-1.422757625579834
-1.4436413049697876
-1.6771275997161865
-1.707780122756958
-1.4351587295532227
-1.9975327253341675
-1.673740267753601
-1.5244594812393188
-1.375564455986023
-1.6224149465560913
-1.5032098293304443
-2.027508497238159
-1.659177541732788
-1.5521199703216553
-1.4977794885635376
-1.7475634813308716
-1.416675090789795
-1.6187222003936768
-1.5659775733947754
-1.9812742471694946
-1.7076343297958374
-1.8269853591918945
-0.8362982869148254
-1.7216593027114868
-1.8251155614852905
-1.6848992109298706
-1.2253552675247192
-1.7702947854995728
-1.6092661619186401
-1.775351881980896
-1.5227919816970825
-1.4361331462860107
-1.7036771774291992
-1.5747231245040894
-2.049262046813965
-1.5691380500793457
-1.5525628328323364
-1.583545207977295
-1.509118914604187
-1.6241484880447388
-1.3733232021331787
-1.7570346593856812
-1.4796559810638428
-1.593612551689148
-1.4353324174880981
-1.4738411903381348
-1.7175734043121338
-1.81024169921875
-1.8908511400222778
-1.524278998374939
-1.341217041015625
-1.8101993799209595
-1.5265346765518188
-1.3691084384918213
-1.578347086906433
-1.783990502357483
-1.5833940505981445
-1.7394304275512695
-1.3703256845474243
-1.502639889717102
-1.4305394887924194
-2.1379942893981934
-1.753358006477356
-1.7067598104476929
-1.6240358352661133
-1.3028942346572876
-1.4307211637496948
-1.353920817375183
-1.4330973625183105
-1.8110861778259277
-1.7864958047866821
-1.3422473669052124
-1.5178779363632202
-1.4097129106521606
-1.3837908506393433
-1.434311866760254
-1.4590433835983276
-1.6376621723175049
-1.6708251237869263
-1.6935548782348633
-1.6374232769012451
