0.15336477756500244
0.6173153603449464
0.4785170704126358
0.7482514202129096
0.7165486318990588
0.6351565781980753
0.7470510601997375
0.5705264422835575
0.2523962015111465
0.46643852128181607
0.6224671207989255
0.40617176560044754
0.4824283472262323
0.9195281714200974
0.05478896165732294
0.5869306387612596
0.5304170243131617
0.48148023523390293
0.007818145187277543
0.4261299598729238
0.7290753019042313
0.49467965750955045
0.7271036480863889
0.5143361449396858
0.5808812311318304
0.6172629191423766
0.7380450218915939
0.42154174922810245
0.2441307645989582
0.35867734083440156
0.6912075004407338
0.6844841912388802
0.0314986354787834
0.3664992040023208
0.3751263148151338
0.6805052752024494
0.5971807365837906
0.09722912090364844
0.7838862745440565
0.6884856032473701
0.7161590481797854
0.4037821553647518
0.1147647500038147
0.5807095143411841
0.2974404615039627
0.5302005425095558
0.7664698726963252
0.449714599235449
0.7143964357674122
0.511466789059341
0.6455893963575363
0.5414847298525274
0.054696788312867284
0.23621401749551296
0.47083956338465216
0.1097133457660675
0.4818764150674854
0.08925605416297913
0.8274581581354141
0.47199276922869365
0.549181402195245
0.09464123249053955
0.3424034118652344
0.36428548643986386
0.6154195012835165
0.4713156303390861
0.7372908634798867
0.14705677330493927
0.5089123861065933
0.5942314633983188
0.5534333189328512
0.4199974648654461
0.47726683085784316
0.880066434542338
0.7286965763196349
0.7447941154241562
0.37208257615566254
0.5517079195007681
0.6695996667258441
0.07014926942065358
0.3441769375698641
0.6000128944870085
0.49076006524264815
0.11567986911783616
0.7237222961460551
0.769590828299988
0.51842793636024
0.3986955977161415
0.024604865442961456
0.5324509961276569
0.599245533613222
0.7328944841089348
0.6021412786924176
0.6763503168310437
0.7519315481185913
0.4870797201991081
0.04267798596993089
0.4729673102159392
0.4133228939026594
0.5969597892835736
0.540684862807393
0.5482121109962463
0.8927238484223684
0.47850109040737154
0.6280688820406795
0.40685633591575815
0.11878184974193573
0.46678890152058256
0.6647949174977839
0.7389464855194092
0.5249877959489823
0.5587511733174324
0.5064756388310343
0.4396358577068895
0.929230123758316
0.24794471031054854
0.4841464761411771
0.4952068724669516
0.590849426575005
0.598453415868183
0.5964066174346954
0.6983435247093439
0.32813074664833647
0.5336696449861241
0.3610618874663487
0.5699625251193842
0.7842087903525681
0.05552987115723746
0.5655742287635803
0.374603327919936
0.6187432449311018
0.7668163435106786
0.6333829201757908
0.8306224644184113
0.5897363854106515
0.7063451036810875
0.30422033567447215
0.4115218766964972
0.8188184857368469
0.2618088458897546
0.7557045992996011
0.3835488432087004
0.9523268640041351
0.5621380882803351
0.47329712531063706
0.9298586130142212
0.6598253101110458
0.603859494246232
0.6501997938903514
0.6609267195453867
0.33315549585968257
0.695292949055632
0.48888492383994164
0.3750299520790577
0.6932700779289007
0.9012325235775539
0.5523229114090403
0.5025855181738734
0.7648896276950836
0.6251359158618883
0.044824063001821436
0.39491148065361714
0.6989420532693409
0.5788390131460296
0.40469245418595773
0.4014178091139697
0.5352133888130387
0.6815169513225555
0.5132799651473761
0.4579493161290884
0.18583043813705444
0.42405933886766434
0.6828978843321758
0.44084735214710236
0.6274013742804527
0.6650073617696762
0.605881290467964
0.48055652249604464
0.7507443111389875
0.9485077091625759
0.5558617021888494
0.33572684437967837
0.5962699071193734
0.5468458427349105
0.3493713444331661
0.3554051445098594
0.19283830178513503
0.48047140628720325
0.5746916379779577
0.6073602848045994
0.6528290895318302
0.5033085238602426
0.6853790376335382
0.6299821024553643
0.10754956517900739
0.528067656327039
0.6880033980123699
0.33575559842089814
0.22707300786860288
0.6775069981813431
