-0.9365181922912598
-0.7873507738113403
-1.0235273838043213
-0.7700960040092468
-1.3552494049072266
-0.6003636717796326
-0.9431752562522888
-0.7464123368263245
-1.0765997171401978
-0.598699688911438
-0.9513036608695984
-0.8873329758644104
-1.0163100957870483
-0.9124898910522461
-1.1791245937347412
-0.8371133208274841
-0.8691529035568237
-0.6884968876838684
-1.1265661716461182
-0.8480759859085083
-1.5300856828689575
-0.7056213021278381
-1.2383630275726318
-0.7891427874565125
-0.9740680456161499
-0.7703481316566467
-1.2226628065109253
-0.628283679485321
-0.9594238996505737
-0.6876892447471619
-1.110994577407837
-0.9904332756996155
-0.9642021656036377
-0.8202836513519287
-1.0624432563781738
-0.7210228443145752
-1.0253535509109497
-0.6897156834602356
-0.9918890595436096
-0.8539848327636719
-1.0824743509292603
-0.5277875661849976
-1.0620113611221313
-0.776868462562561
-1.0363953113555908
-0.709945797920227
-0.9242898225784302
-0.7502650618553162
-0.9937015175819397
-0.7317832112312317
-0.963223934173584
-0.7267019152641296
-1.1859321594238281
-0.7753006219863892
-1.3058695793151855
-0.7028290629386902
-1.0497909784317017
-0.649670422077179
-1.2452155351638794
-0.5796167850494385
-1.0512958765029907
-0.854063093662262
-1.219321370124817
-0.7545614242553711
-0.9030488133430481
-0.9006345868110657
-0.78009033203125
-0.757769763469696
-1.2226519584655762
-0.7286744117736816
-0.9176005721092224
-0.7393306493759155
-0.8976269364356995
-0.8238356113433838
-0.875201940536499
-0.7695212364196777
-1.1664799451828003
-0.8058509230613708
-0.943024754524231
-0.9449008107185364
-1.1241012811660767
-0.5969101786613464
-1.0609126091003418
-0.9872061610221863
-0.9846789240837097
-0.6742467880249023
-1.2115384340286255
-0.811979353427887
-1.104195237159729
-0.7102755904197693
-0.9926760196685791
-0.7976738810539246
-0.7980062961578369
-0.6959084272384644
-1.0553230047225952
-0.7921119928359985
-1.118128776550293
-0.8030447363853455
-1.204520583152771
-0.7806786298751831
-1.0326405763626099
-1.1062918901443481
-1.0330629348754883
-0.977371335029602
-1.0855151414871216
-0.7397345304489136
-0.9809516072273254
-0.5993645191192627
-1.2406346797943115
-0.6266503930091858
-1.0150097608566284
-0.7308735251426697
-0.9584197998046875
-0.6048138737678528
-1.634767770767212
-0.7080041766166687
-0.9931718111038208
-0.6410173773765564
-1.0401686429977417
-0.5956457853317261
-0.8586597442626953
-0.9326575994491577
-1.1288259029388428
-0.7100247740745544
-1.0930757522583008
-0.8230758905410767
-0.8189823627471924
-0.7114775776863098
-1.0624454021453857
-0.7493171691894531
-1.555916428565979
-0.8063706755638123
-1.1923261880874634
-0.7373964190483093
-1.0498714447021484
-1.1897443532943726
-1.0723825693130493
-0.8225957751274109
-0.9591228365898132
-0.8409773111343384
-1.0592604875564575
-0.39226943254470825
-0.9982785582542419
-0.8190861344337463
-1.067543864250183
-0.5455767512321472
-1.0484275817871094
-1.120288372039795
-1.0071526765823364
-0.6838217973709106
-0.909472644329071
-0.8779918551445007
-1.0538758039474487
-0.7840172648429871
-0.7860670685768127
-0.6911388039588928
-0.934410810470581
-0.639181911945343
-1.0018566846847534
-0.6466816663742065
-0.8779405951499939
-0.7987364530563354
-0.9667174220085144
-0.6441562175750732
-0.9791930317878723
-0.680344820022583
-1.2114187479019165
-0.9385271668434143
-1.0013231039047241
-0.6821697950363159
-1.129323959350586
-0.6917160749435425
-1.0296258926391602
-0.7615606188774109
-1.335404396057129
-0.9363018870353699
-1.1548320055007935
-0.7763531804084778
-1.382547378540039
-0.8937994837760925
-1.270887017250061
-0.7859776616096497
-1.0688974857330322
-0.7655325531959534
-0.9159414768218994
-0.8037074208259583
-0.9912465214729309
-0.7374178767204285
-1.1708325147628784
-0.8836519122123718
-0.7772664427757263
-0.6755524277687073
-1.0639139413833618
-0.5704694390296936
-0.8616151213645935
-0.7837405204772949
-1.0546430349349976
-0.9105219841003418
-1.2824593782424927
-0.9761049747467041
