[[8, 11, 6, 15, 17, 0, 4, 18, 21, 20], [11, 13, 19, 2, 6, 9, 27, 30, 33, 0, 3, 7], [7, 3, 20, 0, 9, 13, 18], [2, 13, 17], [13, 16, 5, 6, 1, 9, 2], [18, 27, 29, 12, 8, 14, 22]]
[[2, 4, 8, 12, 5, 3, 7, 13, 6], [6, 1, 10, 12], [7, 8, 4, 10, 11, 12, 1, 9, 3, 2], [15, 1, 4, 9, 19, 17, 8]]
[[12, 14, 0, 9, 17, 24, 37, 44, 1, 7, 18, 38, 13, 8, 5, 21, 39, 19], [26, 51, 62, 0, 4, 9, 10, 14, 19, 36, 44, 45, 7, 15, 20, 27, 35, 42, 52, 63, 13, 12, 50, 5, 16, 53, 73]]
[[2, 9, 8, 5, 11, 12], [9, 3, 1, 4], [7, 16, 9], [4, 7, 12, 13, 10, 2, 3, 11], [15, 6, 0, 3], [15, 23, 3, 6, 9, 13, 5, 4, 20, 2], [13, 9, 2, 16, 17, 5], [12, 9, 15, 21]]
[[12, 3, 6, 4, 15, 2, 9, 8, 13, 10, 17], [9, 25, 37, 7, 14, 20, 23, 39, 0, 32, 16, 2, 17, 40, 10, 12, 35, 4, 18, 41, 5, 22, 33, 38], [12, 21, 16, 19, 15, 2, 9, 3, 18], [9, 14, 19, 2, 6, 3]]
[[10, 4, 13, 22, 3, 12, 2, 11, 5, 7, 23], [6, 5, 1, 0, 7], [1, 9, 16, 3, 6, 10, 14, 13, 2, 12], [10, 1, 2, 0, 11, 13], [8, 18, 13, 9]]
[[14, 11, 5, 7, 17, 0, 3, 8, 13], [6, 7, 3, 9], [6, 13, 1, 15, 4, 10, 7], [14, 38, 16, 5, 9, 21, 25, 28, 31, 36, 0, 6, 22], [8, 14, 1, 13]]
[[9, 14, 6, 11, 1, 12, 8], [7, 0, 12, 13, 16, 20, 1, 4, 17, 10], [6], [2, 5, 3, 9, 12, 11], [14, 3, 6, 0], [12, 0, 1, 17], [8, 13, 22, 5, 15, 0], [14, 4, 6, 9, 17, 23, 2, 7, 15, 20], [12, 15, 7, 8, 5, 14, 0]]
[[11, 16, 5, 12, 4, 10, 9, 8, 14, 17, 15], [13, 8, 11, 2], [8, 7, 9, 4, 1, 15], [27, 3, 20, 15, 10, 12, 17, 23, 30]]
[[20, 8, 15, 4, 10, 2, 1, 9, 16], [14, 20, 8, 2, 1, 6, 5], [11, 5, 7], [4, 7, 0], [11, 2, 5, 16, 14, 0, 1], [6, 8, 19, 0, 3, 15, 4, 10, 2], [10, 13, 1, 5, 11, 0], [0, 13, 3, 6], [14, 9, 2, 5]]
[[6, 16, 14, 21, 10, 9, 17, 12, 20, 13, 15], [15, 17, 1, 10, 21, 6, 8], [18, 2, 4, 9, 22, 0, 19, 23, 7], [7, 8, 11, 3, 1, 9, 6], [4, 7, 0, 5, 3, 11], [10, 0, 11, 3, 2, 8], [1], [6, 0, 3], [4, 13, 23, 26, 5, 7, 12, 14, 17, 1, 24, 11], [1, 5, 3, 2, 0, 9, 6], [9, 12, 19, 28, 4, 0, 24, 29, 8], [18, 1, 21, 16, 14, 2, 22, 13, 25, 0, 20, 19, 17, 23]]
[[1, 9, 3, 6, 15, 4, 13, 2, 12, 10, 18], [0, 7, 9, 14, 19, 5, 10, 12, 16, 4], [4, 6, 10, 11], [7, 8, 0, 12, 11, 5, 10, 2], [0, 2, 3, 9, 1, 5], [9, 21, 7, 16, 19, 17, 2, 13, 1, 14, 15, 12, 18, 3, 4], [24, 1, 13, 11, 3, 9, 2, 15, 19, 14], [7, 5, 9, 12, 18, 22, 3, 20, 23, 15, 6, 10, 16, 19]]
[[18, 29, 5, 11, 25, 3, 16, 10, 2, 9, 21, 8, 20, 30, 12, 26, 23, 14], [4, 6, 8, 13, 2, 1, 15], [7, 1, 4, 14, 11, 15]]
[[13, 19, 10, 2, 8, 1, 7, 6, 14, 3, 11], [3, 8, 17, 5, 1, 7, 0, 4, 2], [9, 12, 30, 1, 3, 6, 15, 2, 32, 28, 13, 14, 4, 33, 16, 24], [11, 22, 0, 1, 8, 15, 26, 6, 30, 28, 12, 20, 24, 2, 17]]
[[15, 8, 11, 3, 6, 2, 12, 13, 4, 9], [7, 13, 5, 2, 1, 10, 11], [3, 1, 4], [6], [20, 21, 4, 10, 15, 27, 8, 11, 25, 23, 1, 18, 7, 0, 5]]
[[4, 10, 13, 11, 3, 5, 12, 14], [9, 10, 13, 0, 2, 5], [9, 6, 0, 1, 11, 13, 15, 17, 2, 7], [1, 8, 2, 6, 7, 0, 9], [21, 5, 10, 12, 14, 15, 1], [11, 4, 2], [7, 4, 14, 2]]
[[15, 7, 12, 21, 0, 3, 13, 19, 18, 2, 8, 17], [7, 14, 0, 2], [0, 17, 1, 5, 9, 18, 12, 2, 19, 3], [9, 17, 11, 1, 6, 12], [12, 3, 5, 9, 0, 7, 13, 15, 2], [17, 5, 9, 6, 10, 15, 8]]
[[6, 8, 14, 3, 9, 13, 7, 10, 15], [10, 15, 5, 0, 2, 14, 6], [16, 1, 3, 6, 10, 18, 26, 27, 2, 21, 17, 20, 4, 23], [10, 15, 3, 7, 18, 20, 26, 5, 8]]
[[10, 5, 0, 8], [0, 8, 4, 14, 26, 2, 5, 19, 1, 9, 18, 29], [11, 19, 3, 5, 8, 22, 24], [6, 9, 5, 13, 12, 7, 2], [9, 4, 12, 1], [29, 10, 14, 1, 21, 27, 17, 31, 9, 12, 11, 30, 2, 24, 22, 23, 13], [2, 8, 6, 3, 9], [8, 3, 11, 4, 0, 2, 1, 5, 12], [2, 7, 5, 8], [10, 2, 11, 5, 4, 6, 0], [2, 7, 8, 3, 9], [13, 3, 5, 17, 19, 6, 14], [7, 5, 9, 8, 2], [5, 1, 3], [5, 9, 11, 0, 6, 3], [12, 3, 10, 4, 8, 1, 11]]
[[4, 9, 1, 10], [23, 1, 24, 4, 16, 12, 20, 29, 31, 21, 15, 2, 18, 25, 3, 28, 30, 17, 26, 0, 13, 19], [], [12, 0, 7, 16, 17, 2, 5], [6, 11, 12, 0, 2, 3, 7], [9, 14, 12, 6, 16, 3, 15, 19, 1], [14, 8, 22, 4, 6, 21], [0, 10, 7, 4, 6, 14]]
[[4, 6, 10], [4, 9, 1, 0, 8, 10, 5], [9, 5, 13, 2, 6, 14], [1]]
[[3, 6, 11, 13, 18, 4, 2, 10, 9, 14, 17, 19], [8, 14, 3, 15, 2, 9, 4, 12], [8, 11, 12, 14, 1, 0, 13], [6, 20, 1, 14, 3, 18, 23, 2, 15, 7, 9, 17], [18, 1, 6, 9, 4, 3, 2, 16, 20], [12, 9, 6, 7, 1, 13, 11, 8], [1, 4, 6, 14, 15, 3, 13]]
[[20, 21, 3, 6, 12, 16, 23, 0, 7], [10, 4, 7, 2, 11, 1, 5, 13, 14], [4, 13, 16, 2, 5, 11, 17], [7, 10, 4, 13, 1, 2], [16, 30, 5, 25, 23, 7, 20, 21, 22, 0, 1, 32, 6, 24], [9, 18, 4, 7, 12, 21, 10, 13, 5, 0, 22, 6]]
[[29, 8, 12, 16, 23, 33, 34, 0, 5, 18, 35, 7, 4, 20, 31, 17, 37, 24, 30], [16, 14, 21, 0, 3, 17, 22, 19, 2, 6], [5, 9, 10, 6, 12, 7, 14], [10, 35, 1, 23, 30, 38, 7, 24, 6, 16, 19, 27, 29, 34, 22], [7, 10, 16, 3, 20, 0, 8, 6, 19, 2], [5, 2, 12]]
[[6, 8, 7, 4, 10, 12], [15, 3, 6, 9, 11, 2, 1], [5, 7, 10], [8, 10, 11], [10, 14, 11], [7, 9, 12, 15], [11, 13, 8, 25, 27, 19, 2, 9, 26]]
[[5, 17, 11, 13, 0, 3, 14, 2, 9, 8], [8, 11, 1, 3], [20, 3, 7, 9, 14, 10, 11, 2, 1, 5, 8], [3, 0, 7, 4, 1, 5], [17, 23, 4, 5, 11, 26, 2, 6, 24, 27, 1, 29, 21, 22, 25, 28, 7, 8], [10, 14, 4, 5, 8, 15, 3, 12, 6, 11], [17, 0, 2, 10, 20, 23, 8, 11, 18, 15, 16, 24, 12, 21], [0, 29, 43, 4, 8, 10, 17, 31, 38, 40, 11, 15, 23, 36, 1, 35, 25, 2]]
[[1, 9, 13, 0, 15, 8, 14], [5, 6, 0], [18, 9, 5, 11, 2, 6, 1, 10, 12, 3, 13, 15]]
[[14, 17, 16, 8, 0, 3, 6], [1, 4, 9], [8, 12, 5, 16, 2, 6, 14], [0, 4, 1, 2], [7, 10, 16, 13], [57, 7, 3, 9, 25, 30, 31, 45, 51, 55, 1, 4, 23, 26, 32, 41, 46, 52, 44, 21, 50], [2, 5, 0], [], [3]]
[[5, 19, 1, 3, 8, 9, 12, 2, 6, 17, 4], [29, 4, 0, 6, 5, 3, 11, 9, 7, 8], [5, 4, 0, 7, 10, 17, 9, 6], [11, 29, 3, 5, 15, 0, 12, 14, 4, 13, 1], [3, 4, 6, 13, 16, 5]]
[[21, 7, 9, 0, 3, 10, 2, 8, 6], [27, 8, 1, 4, 19, 2, 5, 16, 29, 9], [10, 0, 2], [5, 7, 8, 6], [6, 9, 17, 2], [15, 11, 18, 20, 6, 5], [3, 5, 14, 1], [5, 7, 13, 15], [16, 5, 7, 9, 6, 8, 0, 1, 4], [13, 5, 8, 14, 17, 20, 6]]
[[10, 3, 8, 2, 9, 7], [9, 3, 14, 4, 11, 18, 1, 19, 0, 10, 21], [5, 3, 11, 16, 10, 2, 13, 6, 12, 14], [15, 3, 5, 8, 13, 0, 4, 6], [6, 19, 3, 14], [17, 5, 9, 13, 21, 0, 2, 20, 4, 16], [8, 11, 20, 21, 6, 3, 12, 13, 15, 17, 22, 4, 14]]
[[4, 13, 10, 0, 5, 6], [6, 7, 9, 13, 4, 3], [7, 19, 4, 15, 1, 18], []]
[[22, 17, 8, 11, 13, 20, 5, 14, 24, 23], [8, 19, 23, 9, 12, 15, 3, 11, 14, 0, 16, 2, 20, 24, 21], [0, 5, 6], [12, 18, 4]]
[[22, 11, 13, 4, 20, 3, 12, 10, 14, 5, 6, 21], [13, 5, 7, 3, 14, 0, 4], [12, 0, 2, 5, 1, 13], [3, 10, 18, 13, 16, 1, 14], [1, 5, 2, 0, 7, 3]]
[[7, 3, 9, 12, 15, 1, 10], [11, 0, 5, 16, 12, 1], [5, 12, 7, 9, 0, 14], [4, 0, 6, 5], [5, 7, 11, 1, 8, 12, 17, 16, 10], [1, 13, 10, 6, 15, 4], [5, 12, 0, 7], [12, 20, 7, 5, 14, 1, 18, 3, 0, 6, 13, 15], [7, 15, 3, 11, 13, 0, 4]]
[[9, 13, 4, 10, 14, 3, 8, 7, 12], [4, 9, 2, 12, 14, 0, 6, 3, 5], [11, 17, 2, 5, 14, 20, 25, 0, 7, 24, 23, 3, 9, 15], [9, 19, 27, 13, 5, 10, 16, 29, 33, 0, 6, 17, 20, 26, 2, 15, 25, 14, 28, 21, 4]]
[[15, 17, 22, 6, 5, 14, 8, 13, 23, 7, 10, 21], [6, 3, 0, 2], [4], [11, 13, 0, 9, 12, 14], [17, 6, 4, 12, 0, 2, 11, 20, 24, 22, 19, 23, 18, 10], [12, 6, 11, 31, 7, 15, 23, 25, 4], [22, 0, 20, 2, 10, 19, 4, 3, 23, 8]]
[[22, 13, 15, 20, 27, 9, 18, 8, 14, 26, 25, 12, 23, 16, 32, 10, 30, 28], [3, 14, 17, 22, 0, 25, 18, 8, 4, 20, 5, 6, 11, 15, 9], [12, 15, 1, 14, 5, 2, 4, 7], [11, 23, 2, 6, 15, 17, 3, 0, 9, 18, 24, 7], [17, 22, 25, 3, 23, 26, 2, 15, 1, 0, 14, 13, 29], [7, 14, 22, 1, 5, 10, 20, 6, 11, 18, 2, 17, 15]]
[[0, 10, 1, 9, 13], [10, 13, 3, 0, 14, 2, 15, 16, 22, 17, 24], [0], [12, 29, 4, 7, 10, 16, 20, 17, 3, 13, 31, 9, 15, 18, 5, 8, 30], [14, 1, 17, 2, 18, 7, 8, 6, 16, 13]]
[[8, 11, 0, 3], [], [13], [9, 3, 6, 11, 14, 17], [9, 0, 7, 10], [5, 19, 6, 20, 12, 16], [16, 0, 3, 4, 20, 14, 19, 15, 1]]
[[4, 8, 7, 6, 9, 5, 11], [5, 22, 0, 7, 11, 14, 17, 1, 12, 24, 8, 15], [0, 4, 2], [9, 2, 6, 0], [20, 7, 12, 16, 19, 22, 2, 17, 23, 1], [6, 1, 3, 9, 12, 2, 11], [4, 10, 12, 5, 0, 6, 13], [5, 11, 2, 12, 7, 20, 0, 14, 17, 3, 13, 8], [17, 2, 7, 9, 0, 10, 19], [16, 7, 10, 13, 3, 14, 1], [2, 12, 0, 3, 6, 10, 13, 9, 8], [10, 14, 20, 16]]
[[13, 21, 24, 8, 15, 18, 0, 3, 9, 16, 19, 2], [9, 17, 6, 2, 7, 11], [2, 6, 5, 0], [23, 8, 17, 12, 26, 9, 11, 24, 0, 16, 18], [21, 8, 18, 25, 9, 11, 23, 26, 12, 17, 19], [19, 10, 13, 24, 25, 7, 9, 20, 21], [20, 16, 7, 9, 25, 10, 15, 17, 21], [9, 16, 6, 13, 4, 11, 0, 10, 7, 14]]
[[21, 13, 7, 10, 16, 27, 4, 8, 14], [11, 22, 27, 29, 31, 14, 16, 0, 13, 2, 4, 7], [1, 5, 9, 14, 2, 7, 13], [9, 4, 1, 0, 7, 10], [10, 13, 1, 5, 8, 15, 6], [10, 13, 16, 18, 23, 26, 3, 7, 19, 24, 6, 5], [1, 25, 3, 7, 15, 20, 5, 8, 16, 18, 26, 2], [23, 49, 28, 38, 2, 5, 11, 17, 37, 44, 51, 54, 3, 9, 24, 32, 40, 46, 52, 1, 39]]
[[12, 22, 4, 2, 18, 23, 17, 1, 11, 7, 10, 0, 6], [6, 1, 3, 4, 11, 9], [5, 8, 0, 3], [8, 11, 21, 14, 18, 3], [2, 0, 5, 1, 4], [15, 24, 6, 10, 20, 4, 11, 14, 3, 2, 19, 22, 25, 9, 27], [14, 17, 4, 8, 12, 21, 22, 7, 1, 0]]
[[14, 0, 6, 5, 10, 7, 3], [5, 13, 16, 1, 10, 3], [5, 10, 0], [5, 18, 0, 7, 9, 11, 21, 19, 13, 3], [9, 20, 25, 2, 4, 16, 0, 10, 29, 3], [1, 2, 10, 9, 42, 44, 46, 48, 50, 53, 55, 0, 7, 57]]
[[3, 5, 11, 4, 6], [3, 8, 17, 19, 1, 10, 15, 7, 0, 6], [10, 1, 3, 15, 0, 11, 4], [11, 14, 19, 3, 7, 4, 8, 1, 17], [1, 5, 10, 13, 2, 11]]
[[16, 19, 2, 12, 21, 0, 9, 17, 22, 6, 18, 20, 7, 24], [], [16, 3, 0, 2, 1, 14, 19], [25, 12, 32, 37, 38, 10, 21, 26, 30, 9, 4, 29, 13, 39, 31, 36, 40, 5, 14, 18], [7, 11, 0, 3, 2, 9, 4, 13]]
[[4, 19, 18, 3, 12, 10, 20, 5], [6, 11, 17, 0, 7, 15, 18, 4, 3, 9, 14, 16], [11, 29, 9, 16, 4, 12, 3, 8, 7, 14, 6, 10, 5], [7, 9, 11, 4]]
[[8, 15, 3, 10], [26, 31, 1, 3, 6, 15, 18, 4, 7, 10], [13, 3, 0, 2, 1, 5, 4], [18, 1, 14, 5, 12, 15, 4, 2, 9], [11, 6, 8, 13, 0, 9], [32, 35, 7, 14, 25, 28, 18, 22, 29, 17, 21, 38, 2, 3, 9, 8, 33, 30], [15, 0, 13, 17, 1, 7, 18, 6, 11, 4], [5, 21, 0, 2, 18, 6, 16, 1, 12]]
[[3, 5, 1, 2], [8, 12, 16, 24, 28, 2, 4, 18, 20, 26], [10, 21, 17, 7, 11, 13, 29, 16, 6, 5, 25, 28, 8, 12, 14], [4, 1, 6, 5, 11, 12]]
[[25, 39, 0, 10, 23, 29, 5, 19, 27, 34, 7, 18, 26, 37, 41, 35, 1, 30, 32, 8, 40, 3], [4, 17, 19, 21, 0, 9, 5, 3, 6, 11, 12], [13, 9, 7, 11, 16, 4, 10, 14, 15, 12, 6], [7, 25, 19, 17, 2, 4, 12, 15, 23, 28], [8, 13, 1, 10, 3, 5], [7, 11, 0, 5, 4, 8, 1, 6, 10]]
[[9, 6, 8, 5, 7, 10, 19], [7, 2, 9, 11, 0, 4, 3], [11, 4, 1], [10, 3, 2, 5, 23, 0, 12, 24, 4]]
[[12, 7, 14, 6, 13, 5, 15, 17], [5, 11, 14, 22, 2, 8, 12, 1, 0, 21, 13, 23, 3, 9], [12, 16, 2, 4, 7, 14, 0, 3, 13], [6, 9, 12, 0]]
[[14, 5, 16, 4, 15, 3, 12, 17], [3, 1, 5, 11, 8, 6, 2], [6, 15, 2, 12, 1, 10], [6, 8, 4, 10, 14, 11, 2, 9, 7]]
[[0, 9, 11, 10, 6], [4, 9, 2, 5], [3, 9, 19, 0, 20, 14, 13, 4, 10], [8, 0, 4, 1], [20, 28, 13, 15, 18, 24, 6, 16, 5, 11, 29, 10, 25, 30, 32, 14, 26, 31]]
[[12, 7, 14, 17, 25, 4, 22, 13, 23, 24, 5, 6], [8, 24, 28, 2, 13, 15, 4, 10, 21, 16, 25, 20, 14, 3, 0], [19, 2, 5, 8, 12, 3, 1, 9, 13, 20, 6], [6, 7, 10, 2, 1, 0]]
[[9, 30, 21, 5, 32, 0, 6, 10, 15], [7, 15, 2, 18, 14, 19, 4], [16, 1, 3, 6, 12, 4, 2], [5, 19, 14, 16, 3, 7, 28, 29, 8, 30], [4, 13, 18, 9, 16, 10, 14, 7, 19, 1], [3, 9, 12, 16, 14, 1], [16, 21, 11, 23, 4, 10, 17]]
[[1, 10, 7, 17, 14, 18, 4, 11, 13], [8, 11, 19, 6, 16, 27, 0, 4, 14], [8, 4, 13, 0, 7, 15, 11], [10, 12, 20, 23, 3, 5, 8], [8, 18, 12, 5], [12, 15, 0, 7, 17, 4, 13, 18, 6], [11, 15, 4, 0, 8, 13], [6, 12, 1, 15], [6, 11, 5, 14], [9, 21, 16, 5, 8, 11, 18, 2, 6]]
[[2], [10, 4, 1, 0, 6, 5], [9, 19, 23, 1, 4, 6, 14, 20, 3, 2], [16, 2, 0, 5, 3, 13], [0, 3], [9, 13, 1]]
[[16, 7, 2, 1, 5, 8, 4, 9, 12, 17], [15, 4, 8, 5, 9, 1], [17, 2, 4, 7, 5, 3, 15, 18], [0], [26, 14, 12, 16, 21, 9, 8, 4, 15, 0, 7, 13], [6, 5, 8, 9, 10, 7, 4], [10, 17, 11, 21, 4, 3], [3, 9, 2, 8, 4, 5, 10], [11, 15, 19, 3, 7, 17, 4, 8, 13], [7, 12, 5, 4, 0, 3, 10], [3, 9, 4, 2, 10, 12], [3, 7, 1], [16, 10, 13, 3], [5, 12, 15, 6, 13, 1]]
[[6, 8, 7, 4], [1, 6, 8, 4], [7, 11, 26, 39, 0, 5, 18, 23, 32, 19, 28, 2, 15, 20, 9, 17, 1, 14, 27, 22, 29, 3], [2, 5, 9, 0, 6, 11]]
[[4, 6, 21, 23, 10, 3, 9, 17, 2, 16], [24, 3, 6, 8, 10, 15, 19, 26, 28, 4, 21, 2, 17], [6, 17, 22, 0, 10, 3, 19, 18, 21, 4], [5, 25, 29, 8, 12, 18, 23, 9, 16, 19, 15, 1, 0, 20, 26], [], [2]]
[[5, 9, 11, 2, 6, 4, 1], [8, 10, 11, 14, 1, 9, 0, 7, 2, 16], [1, 3, 5, 13, 19, 6, 2, 9, 12, 15, 18, 4]]
[[6, 8, 18, 22, 30, 34, 0, 35, 7, 21, 20, 28, 29, 33, 19, 23, 32, 36, 3], [9, 21, 11, 24, 6, 0, 14, 18, 22, 17, 27, 4, 13], [9, 11, 10, 13]]
[[12, 3, 7], [9, 6, 0, 3], [6, 14, 4, 13, 10, 0, 11, 15, 1], [0, 2, 6, 5, 7], [1, 9, 14, 17, 10, 18, 3, 0, 19], [18, 2, 7, 11, 22, 25, 0], [15, 1, 18, 20, 22, 7, 12, 0, 17, 6, 10], [], [4]]
[[6, 0, 5], [10, 12, 2, 6, 16, 5, 15, 1, 0], [2, 5, 17, 0], [3, 6, 10], [13, 21, 2, 16, 19, 23, 0, 3, 20, 6, 7, 14]]
[[12, 31, 28, 6, 9, 25, 1, 10, 17, 22], [6, 15, 1, 3, 9, 4], [21, 1, 5, 9, 14, 17, 3], [11, 1, 0, 3, 8, 15, 6, 13, 2], [8, 14, 22, 6, 1, 3, 9, 19, 4], [20, 22, 6, 1, 3, 4, 7, 10, 16, 21, 23, 17], [12, 9, 5, 3, 6, 8]]
[[39, 14, 10, 11, 17, 20, 27, 30, 41, 44, 47, 28, 31, 35, 42, 53, 8, 15, 2, 26, 6, 25, 7, 40, 16, 21, 36, 37, 5, 9]]
[[10, 12, 15, 3, 13, 2, 8, 7, 14], [1, 4, 6, 7, 3, 0, 5, 25, 2], [3, 8, 11, 1, 5, 14, 15], [13, 2, 5], [9, 0, 15, 1, 12, 4, 14, 10, 5], [25, 14, 20, 16, 22, 28, 1, 7, 9, 30, 29, 0, 21]]
[[9, 35, 15, 5, 20, 24, 27, 39, 2, 10, 25, 28, 31, 36, 40, 1], [0, 4, 13], [11, 4, 0, 8, 5, 7], [15, 6, 13, 18, 20, 11, 16], [0, 15, 8, 13, 14, 10, 1], [15, 1, 5, 10, 22, 20, 2, 19, 8, 18, 21, 6], [5, 0, 10, 13, 1, 9], [9, 5, 7, 12], [1, 8, 10], [11, 29, 17, 16, 24, 4, 20]]
[[13, 18, 20, 3, 9, 22, 25, 31, 0, 4, 10, 23], [9, 1, 3], [14, 3, 12, 0, 4, 6], [11, 5, 1, 6, 13, 9], [2, 10, 17, 8, 0, 14, 19], [7, 8, 12, 15, 16, 18]]
[[20, 7, 11, 14, 17, 9, 12, 15, 5, 8, 4, 10], [23, 19, 4, 14, 26, 2, 11, 17, 20, 1], [17, 12, 11, 5, 14, 15], [15, 18, 5, 9, 13, 21, 22, 0, 20], [8, 2, 5, 10], [23, 28, 5, 22, 16, 8, 14, 26, 29, 20, 7, 13], [7, 9, 5, 0, 3, 11, 2], [13, 6, 16, 4, 17, 8, 7], []]
[[13, 27, 17, 4, 7, 19, 22, 30, 20, 3, 11, 18, 2, 16, 14], [2, 10, 18, 11, 5, 6], [0], [1], [1, 5, 12], [8, 4, 12, 16, 0, 10, 13, 17, 3, 9], [12, 4, 5, 0, 8, 7, 3], [8, 1, 6, 15, 13, 16, 19], [3, 5, 8, 13, 19, 23, 6, 14, 17, 4], [9, 12, 1], [12, 1, 6, 18, 2, 9, 4]]
[[16, 6, 13, 0, 4, 11, 14, 3, 10], [6, 2, 4, 0, 11, 8], [4, 2, 5, 7, 10, 13, 15, 8, 3], [15, 7, 9, 8, 1, 2, 6], [8, 12, 19, 3, 5, 7, 1, 2, 0, 14], [9, 10, 6, 15, 7, 2, 3, 12, 13]]
[[29, 9, 12, 17, 20, 23, 0, 3, 18, 8, 16, 2, 10, 4, 6], [19, 2, 18, 21, 0, 3], [5, 7, 8, 2], [7, 8, 10, 3, 6, 4], [21, 14, 23, 6, 9, 16, 19, 10, 8], [3, 8, 2, 4], [5, 8, 9], [13, 2, 8, 3, 6, 0, 4], [2, 4, 6, 5]]
[[18, 6, 9, 14, 0, 4, 8, 3, 12, 11], [6, 4, 2, 1], [8, 3, 2, 4], [1, 7, 3, 11, 13, 4], [12, 19, 2, 8, 10, 15]]
[[21, 1, 16, 2, 8, 15, 7, 4, 10, 12, 13], [5, 16, 7, 17, 14, 1, 11, 0, 10, 12], [2, 4, 0, 9, 3, 5, 6], [1]]
[[8, 10, 13, 24, 27, 0, 5, 11, 18, 25, 28, 4], [8, 21, 5, 12, 0, 9, 13, 19, 16, 3, 4, 18], [9, 11, 5], [13, 2, 9, 0, 4, 7, 10], [13, 15, 7, 17, 6, 16, 0, 10, 19, 1, 4, 23]]
[[5, 2, 6, 1, 10, 9], [2, 6, 12, 3, 7, 1, 0, 4], [4, 7, 5, 1, 9, 22, 25, 2, 19, 13], [8, 18, 21, 10, 4, 13, 16, 22, 1, 14, 23, 0, 9]]
[[8, 11, 3, 5, 15, 0, 14, 4, 12, 13, 16], [10, 14, 0, 12, 11, 1, 16], [6, 3, 9, 12, 2, 1, 0, 11, 13], [18, 27, 6, 10, 23, 2, 7, 24, 22, 16, 3, 8, 19]]
[[23, 1, 3, 7, 8, 12, 2, 9, 11, 13], [4, 2, 1, 5], [21, 9, 6, 13, 16, 17, 12, 3, 0, 4], [3, 0, 7], [4, 10, 14, 15, 17, 11, 3]]
[[5, 9, 11, 3, 2, 4, 10, 12], [2, 8, 10, 13, 1, 7, 0, 6, 15, 9, 14, 16], [22, 2, 6, 9, 13, 15, 18, 25, 27, 31, 33, 36, 7, 1, 21, 24, 16, 34, 14, 19, 26, 32, 35, 37], [2, 7, 10, 14, 15, 18, 8, 1, 6, 5, 16, 17]]
[[5, 2, 4, 8], [9, 2, 7, 13, 3, 11], [16, 19, 12, 23, 2, 6, 10, 20, 1, 17, 18, 9], [7, 11, 5, 8, 0, 1, 10, 12, 9], [3, 13, 15, 17, 22, 4, 7, 11, 20]]
[[0, 1, 7, 4, 9, 2], [6, 7, 2, 9, 10, 0, 12, 8, 1], [0, 2, 8, 3, 9, 7, 1, 10]]
[[7, 12, 9, 5, 1, 8], [16, 5, 0, 1, 10, 6], [17, 2, 7, 4], [7, 10, 16, 11, 2, 1, 12], [14, 0, 9, 19, 20, 7, 6, 15, 16, 2, 8], [6, 16, 7, 13]]
[[9, 18, 20, 23, 4, 7, 12], [7, 9, 10, 24, 4, 26, 22], [11, 17, 24, 2, 20, 23, 27, 3, 5, 21], [3, 6, 12, 17, 13, 19], [24, 23, 0, 4, 7, 10, 19], [10, 3, 5, 9, 16, 17], [11, 20, 23, 2, 8, 13, 16, 21, 25], [10, 7, 6, 0, 9, 1, 8], [12, 7, 13, 18, 10, 15, 1], [8, 11, 13, 10, 3, 5, 6]]
[[12, 14, 9, 11, 8, 13, 10, 19, 15], [1, 3, 17, 8, 15, 2, 19, 0, 16], [9, 19, 4, 12, 22, 30, 0, 5, 16, 20, 15, 2, 29, 7, 28, 10, 23, 8], [5, 9, 11]]
[[11, 5, 3, 2, 6, 12], [15, 8, 17, 27, 3, 10, 18, 19, 28, 2, 9, 4], [9, 4, 6, 11, 14, 12, 15, 5, 13, 16, 7], [6, 22, 2, 14, 25, 11, 8, 10, 19, 1]]
[[22, 5, 9, 7, 13, 0, 18, 6, 10, 23, 8, 1], [6, 4, 2, 3], [6, 8, 12, 16, 0, 9, 13], [31, 4, 12, 0, 5, 10, 16, 34, 3, 30, 27, 1, 9, 19, 37, 2], [8, 10, 3, 2, 7, 6, 11]]
[[6, 14, 17, 19, 22, 0, 7, 12, 15, 20], [14, 2, 11, 3], [1], [4, 7, 8, 0], [14, 8, 10, 16, 0, 4, 11], [8, 12, 2, 3], [2, 6, 12, 16, 19, 20, 3, 10, 11], [6, 12, 4], [2, 4, 11, 0, 5, 8], [4, 9, 5, 11, 7, 3, 6], [23, 28, 14, 17, 25, 7, 11, 21, 0, 5, 19, 16]]
[[19, 24, 21, 0, 7, 6, 13, 12, 20, 26, 10, 14, 22, 25], [2, 4, 14, 0, 3, 12, 13, 15], [2, 16, 1, 6, 20, 4, 9, 12, 11, 8, 0, 3, 17], [17, 22, 3, 6, 8, 11], [3, 11, 0, 7], [9, 28, 3, 20, 15, 1, 7, 17, 26], [13, 23, 28, 5, 11, 16, 18, 0, 6, 3, 2, 14, 15, 21, 24]]
[[12, 1, 6, 8, 9, 5, 2, 3, 13], [9, 1, 10, 6, 0, 5], [8, 0, 1, 2, 12, 11], [6, 8, 9, 14, 20, 18, 1, 17, 2, 12], [5, 4, 3, 0], [7, 19, 3, 14, 0, 15]]
[[20, 5, 12, 16, 23, 27, 10, 14, 17, 25], [9, 3, 4], [12, 16, 0, 1], [4, 17, 9, 15, 2, 8, 14, 7, 3], [1, 3, 4, 10, 15, 2, 6], [18, 16, 23, 21, 0, 2, 6], [3, 10, 14, 8, 5, 4, 7, 11], [6, 1, 3, 10, 2, 0], [14, 8, 3, 10, 16, 1]]
[[14, 1, 3, 5, 8, 11], [16, 0, 11, 19, 1, 5, 8], [1, 0, 12, 2, 5], [0, 10, 16, 6, 13, 17, 8, 11, 4], [14, 27, 4, 16, 0, 8, 20], [15, 8, 1, 16, 4, 5], [17, 7, 3, 21, 24, 5]]
[[19, 6, 15, 11], [21, 2, 19], [0, 9, 12], [5, 8, 11, 9], [1], [6, 8, 11, 0, 4, 9, 7], [13, 17, 2, 21, 8, 1, 4], [9, 3, 14, 1], [14, 12, 10], [2]]
[[26, 33, 9, 16, 8, 18, 23, 29, 5, 13], [26, 29, 17, 2, 14, 16, 11], [8, 14, 0, 3, 11, 4, 9, 2, 1], [11, 23, 5, 17, 14, 22, 25, 6, 9], [12, 17, 23, 11, 1, 18]]
[[26, 1, 11, 17, 19, 2, 5, 4, 18, 6, 12, 0], [7, 0, 3], [22, 10, 6, 8, 12, 0, 5, 11, 18, 3, 2, 17, 23, 9], [13, 2, 4, 6, 10, 18, 0, 7, 15, 3, 17, 14, 16]]
[[13, 15, 4, 3, 14, 12, 16, 5], [4, 9, 8, 18], [24, 1, 5, 9, 18, 20, 2, 15, 0, 25, 6, 10], [8, 12, 11, 5, 6, 14], [12, 15, 18, 10, 16, 3, 7, 9, 6], [8, 10, 5, 2, 7, 12, 14], [17, 6, 10, 12, 4, 19, 5], [23, 13, 19, 20, 4, 18, 11], [19, 21, 24, 7, 23, 3, 13, 15, 12, 17, 25, 4], [22, 32, 43, 8, 38, 7, 37, 1, 10, 14, 17, 46, 11, 30, 29]]
[[10, 13, 20, 17, 2, 1, 18, 6, 5, 11, 14, 3], [5, 8, 9, 1, 2, 0], [12, 19, 1, 14, 3, 4, 7], [13, 16, 17, 4, 2, 8, 1, 14, 9, 11, 12]]
[[13, 0, 9, 17, 4, 10], [4, 22, 15, 24, 0, 1, 6, 8, 18], [9, 2, 0, 12], [12, 5, 15, 8, 3, 14, 13], [8, 4, 0, 1], [5, 3, 2, 1], [9, 12, 15, 21, 2, 16, 20, 11, 13, 10, 17, 3]]
[[0, 5, 10, 9, 4, 12, 6], [2, 6, 12, 7, 0, 8, 10], [4, 9, 1, 15, 2, 10, 5, 11, 7, 8, 12, 3], [0, 1, 7], [5, 11, 1, 10, 0, 9, 2]]
[[4, 12, 5, 20], [4], [3]]
[[13, 16, 1, 5, 8, 3, 11, 14, 6], [20, 1, 9, 17, 25, 6, 15], [7, 17, 1, 3, 5, 4, 12], [12, 23, 36, 43, 3, 17, 19, 28, 31, 39, 38, 0, 16], [8, 1, 6, 12, 22, 26, 4, 13, 20, 3, 19, 2, 17], [7, 11, 15, 6, 1, 5, 3]]
[[9, 13, 4, 8, 3, 7, 14, 5], [13, 2, 0, 1, 4], [7, 13, 14, 12, 5, 0, 4, 11, 8, 15], [8, 6, 11, 3, 9, 7, 4, 10], [6, 14, 3, 0]]
[[4, 5, 3, 7], [5, 8, 12, 15, 3, 6, 13, 11, 2, 4, 14], [5, 11, 6, 9], [3, 0, 9, 15, 7, 8, 6], [6, 13, 15, 2, 18, 3, 9]]
[[14, 19, 22, 30, 7, 23, 4, 9, 12, 25, 28, 2, 10], [0, 13, 3, 5, 1, 12], [15, 4, 6, 0, 7, 5, 3], [7, 9, 2, 12, 10, 11], [5, 12, 6, 0, 2, 7], [6, 8, 7], [13, 12, 9, 15, 2, 10, 16]]
[[3, 7, 9, 12, 1, 6, 0], [0, 3, 9, 11, 17, 1, 8, 16, 7], [14, 11, 3, 8], [11, 15, 3, 0, 5, 18], [14, 4, 11, 17, 8, 15, 2, 1, 3], [6, 0, 14, 4, 11, 12], [8, 15, 0, 6, 12, 20, 4, 11, 2], [20, 34, 42, 7, 1, 35, 4, 12, 16, 17]]
[[22, 5, 17, 24, 27, 0, 12, 25, 28, 4, 11, 15, 3, 14, 26, 30, 29], [26, 23, 5, 2, 24, 22, 1, 0, 28, 3, 27, 13, 19], [13, 19, 24, 26, 11, 17, 22, 10, 16, 1, 6, 7, 8, 20], [4, 6, 16, 17, 2, 8, 11, 23, 25, 0, 21, 26, 5], [7, 14, 20, 10, 23, 0, 4, 2, 5, 8], [11, 13, 19, 5, 0, 2, 3, 14, 8]]
[[11, 10, 14, 6, 13, 5, 12, 9, 18, 7, 8], [0, 7], [3, 13, 7, 14], [9, 2, 5, 8], [15, 11, 13, 16, 2, 0, 3]]
[[6, 16, 10, 14, 12, 3, 2, 11, 7, 9, 17, 13, 15, 4], [11, 1, 0, 2], [21, 7, 10, 13, 16, 8, 11, 2, 4, 3], [12, 16, 1, 14, 17], [3, 12, 21, 0, 15, 2, 18, 10, 11, 4, 14, 19, 5, 16]]
[[4, 8, 11, 2, 9, 12, 1, 7, 6], [14, 5, 8, 11, 3, 9, 2, 7, 6], [10, 13, 14, 1, 2, 5, 22], [8, 1, 11, 4, 13, 9, 3, 2, 15, 14], [7, 21, 29, 1, 13, 9, 19]]
[[2, 18, 11, 10, 15, 14, 17, 13, 16], [7, 10, 30, 3, 12, 1, 0, 9, 11, 14, 31, 4, 13, 2], [13, 19, 15, 11, 12, 6, 14], [5, 11, 7, 13, 21, 0, 3, 8, 4, 22]]
[[20, 23, 5, 7, 4, 8, 6, 3, 9], [3, 5, 11, 13], [6, 16, 1, 11, 12, 18, 9, 8, 17, 19, 14, 13], [27, 2, 4, 8, 11, 17, 22, 29, 0, 12, 20, 30, 7, 15, 10]]
[[1, 3, 2], [4, 14, 0], [2], [4, 7, 0, 5], [16, 21, 26, 1, 17, 3, 6, 10, 14, 19, 23, 7], [5, 7, 11, 1], [8, 5, 13, 2]]
[[], [4, 0, 2]]
[[9, 14, 3, 10, 15, 8], [11, 1, 3], [9, 0, 1, 4], [2, 4, 19, 0, 5, 8, 17], [8, 12, 5, 11, 19, 22, 0, 6, 9, 20], [4, 17, 0, 8], [12, 0, 17, 2, 6, 16, 5]]
[[5, 9, 3, 6, 2, 4, 8, 7], [2, 4, 11, 20, 12, 16, 1, 0, 5, 21, 17], [2, 10, 8, 13, 15, 3, 12], [8, 0, 1, 5, 6, 12, 15, 9, 7, 10], [11, 2, 6, 1], [16, 26, 12, 2, 18, 21, 0, 14, 5, 13, 7, 11, 6, 22, 8]]
[[0, 6, 52, 57, 69, 53, 58, 70, 1, 29, 46, 55, 68, 51, 66, 67, 5, 56, 54, 61, 71, 3, 63], [14, 2, 4, 8, 11, 0, 12]]
[[5, 3, 6, 4], [12, 3, 6, 0, 7, 5, 4, 10, 11, 8], [10, 13, 15, 6, 5, 2, 3, 0, 12], [13, 22, 7, 10, 18, 11, 19, 24, 1, 23, 8, 9, 2, 25, 3, 4]]
[[8, 14, 2], [6, 8, 12, 11, 1, 7], [17, 3, 10, 5, 13, 1], [20, 12, 1, 4], [28, 2, 19, 0, 10, 14, 4, 20, 3, 18, 6, 15], [6, 9, 7, 10], [], [12, 10, 1, 0, 5, 7], [2, 8, 5, 10, 13, 18], [12, 3, 15, 1, 16, 0, 13], [4, 11, 2], [18, 20, 5]]
[[1, 4, 13, 16], [0, 19, 16, 8, 4, 21, 6, 17, 23], [4, 0, 11, 14, 15, 1, 5], [9, 13, 0, 6, 14, 2], [2, 7, 4], [40, 13, 29, 39, 15, 32, 4, 21, 35, 42, 2, 5, 8, 24, 30, 36], [4, 8, 1, 14, 18, 19, 10], [4, 10, 18, 12, 7, 2, 5]]
[[13, 7, 15, 17, 22, 18, 24, 6, 14, 5, 11, 16, 19, 20], [15, 5, 1, 4, 0, 17], [8, 20, 9, 13, 2, 6], [3, 7, 11, 16, 14, 5, 4, 12, 15, 17, 10]]
[[13, 15, 19, 1, 23, 24, 28, 2, 6, 17, 5, 7, 8], [8, 2, 5, 12, 16, 21, 0], [3, 5, 7]]
[[5, 13, 15, 10, 17, 4, 9, 3, 0, 6], [8, 10, 2, 3], [10, 4, 16, 21, 18, 14, 17, 0, 3, 19], [6, 12, 15, 18, 1, 19, 0, 9, 16], [5, 9, 1, 10, 13, 15, 3, 2, 11], [3, 9, 14, 7, 10, 6]]
[[9, 18, 30, 34, 21, 23, 5, 15, 4], [10, 16, 18, 0, 3, 15], [24, 0, 9, 11, 16, 3, 25, 29, 15, 28, 6, 14, 1], [9, 7, 13, 3, 4, 10, 5], [10, 1, 7, 16], [16, 20, 7, 17, 11, 12]]
[[10, 13, 7, 12, 6, 11, 9, 17], [4, 10, 11], [2, 6, 10, 0, 3, 5, 14, 11, 7], [25, 32, 2, 6, 13, 15, 29, 3, 16, 22, 26, 30, 5, 20, 0], [2, 10, 6, 7, 13, 1, 3, 4, 8], [12, 18, 24, 26, 5, 21, 0, 3, 16, 2, 15, 13, 19, 22]]
[[1], [13, 5, 15, 18, 0, 3, 16, 19, 2], [13, 7, 10, 2, 17, 8, 1, 11, 0, 3], [6, 1, 2, 0], [3, 0, 4], [5, 6, 2, 17, 0, 3, 8, 10, 13], [10, 3, 16, 19, 0, 8, 7, 11, 4, 1], [10, 11, 15, 21, 5, 6, 20], [10, 2, 12, 0, 6, 15, 11, 9, 3], [22, 13, 0, 8, 9, 19, 27, 28, 1, 4, 6, 10, 17, 24, 29]]
[[25, 44, 47, 2, 37, 4, 10, 19, 23, 28, 34, 5, 11, 20, 33, 41, 3, 17, 39], [4], [8, 1, 10, 4], [7, 9, 11], [6, 2, 13, 0, 7, 17, 4], [9, 3, 5, 6, 13, 16, 0], [6, 2, 9, 13, 10, 14]]
[[0, 1, 13, 12, 11, 2], [21, 11, 13, 15, 20, 24, 0, 2, 7, 16, 22, 26], [2, 9, 4, 25, 22, 6, 13, 0, 11, 14, 3, 23, 21, 10, 24, 5, 15, 16], [7, 19, 10, 2, 4, 13, 26, 5, 14]]
[[12, 6, 0, 3, 5, 2, 14], [8, 15, 1, 4], [7, 2, 22, 1, 18, 8, 6, 13, 19], [3, 6, 1], [3, 4, 7], [8, 2, 11, 0], [6, 10, 1, 4], [7, 11, 14, 22, 3, 9, 0, 20, 1, 13, 17, 21], [3]]
[[5, 1, 2, 12, 3], [7, 15, 4, 1, 11, 10, 12, 2, 5], [6, 26, 18, 8, 11, 21, 9, 27, 20, 3, 19, 29, 12, 4], [9, 1, 3, 6, 14, 2, 16], [11, 20, 0, 3, 6, 17]]
[[13, 10, 17, 3, 8, 11, 18, 2, 7, 6, 4], [12, 4, 7, 2, 8, 1, 0], [0, 7, 10, 18, 1, 8, 16, 15, 5], [11, 6, 13, 17, 0, 2, 14], [10, 15, 4, 18, 2, 19, 1], [3, 6, 8, 19, 10, 13, 16, 20, 15, 1]]
[[17, 7, 11, 12, 0, 13, 10, 8, 9, 18], [10, 12, 0, 3, 6, 15, 2, 8, 7], [7, 5, 11, 3, 1, 2], [16, 10, 3, 4, 0, 7]]
[[3, 6, 0, 4, 8, 1], [9, 3, 5, 11, 16, 4, 10, 2], [5, 2, 11, 3, 6, 8, 0], [13, 20, 2, 4, 11, 17, 0, 3, 9, 21, 15, 22, 18, 19], [8, 6, 10, 16, 0, 4, 2]]
[[10, 12, 15, 0, 11, 3, 16, 2], [2, 6, 8, 11, 3, 1, 0], [2, 1, 4, 16, 18, 12, 19, 3, 11, 10, 0, 20, 13], [9, 0, 6, 2, 5, 7], [20, 5, 7, 9, 15, 0, 3, 14, 2, 13]]
[[11, 16, 5, 17, 4, 6, 10, 19, 8, 9, 15, 18], [16, 1, 5, 3, 7, 13, 23, 26, 14, 24, 2, 20], [11, 5, 7, 8, 13, 9, 20, 4, 22, 19, 12, 18, 23, 21, 24], [14, 16, 18, 7, 10, 0, 8, 11, 19, 2, 17, 15, 12, 3, 20], [9, 2, 11, 6, 20, 23, 26, 18, 21, 24]]
[[14, 32, 6, 10, 0, 3, 11, 29, 33, 2, 9, 19, 8, 15, 34, 4, 16], [12, 16, 4, 0], [10, 2, 7, 12, 4, 8], [18, 9, 10, 1, 2, 0, 13]]
[[5, 8, 11, 6, 12, 2, 10, 14, 3], [22, 1, 5, 0, 20, 23, 3, 2], [9, 11, 13, 2, 1, 12, 0], [15, 7, 11, 5, 8, 12, 0, 1, 10]]
[[18, 4, 22, 5, 14, 20, 23], [4, 1, 6], [9, 18, 4, 11, 13, 16, 20, 3, 15], [40, 42, 0, 37, 5, 3, 43, 34, 4, 30, 36, 41, 39, 6, 32, 38, 44], [23, 24, 7, 9]]
[[13, 7, 4, 10, 11, 15, 1, 9, 8], [5, 14, 2, 12, 0, 6], [20, 5, 11, 15, 24, 12, 23, 1, 7, 6], [5], [7, 22, 9, 4, 12, 15, 19, 2, 13, 1, 10, 11]]
[[28, 19, 25, 13, 18, 0, 10, 15, 22, 33, 36, 39, 4, 11, 23, 26, 34, 37, 40, 21, 20], [28, 35, 15, 38, 2, 4, 7, 14, 17, 24, 27, 33, 0], [7, 8, 10, 14], [], [4, 6, 22, 13, 15, 26, 28, 32, 36, 0, 2, 7, 20, 24, 23], [4, 0, 8, 18, 19, 20, 23], [19, 3, 5, 8, 13, 21, 0, 6, 9, 22, 20, 18, 23]]
[[5, 8, 11, 15, 0, 3, 9, 18, 7], [5, 9, 24, 38, 2, 6, 10, 35, 8, 23, 41, 1, 0, 33, 42, 34, 37, 11, 39], [15, 23, 10, 13, 16, 19, 12, 11, 20, 22], [6, 11, 13, 20, 16, 12, 14], [7, 15, 23, 31, 42, 49, 12, 16, 38, 41, 6, 19, 30, 40, 39, 45, 48, 24, 43, 50, 13, 14], [7, 26, 16, 18, 21, 15, 14, 22, 25, 17, 27, 19], [7, 18, 24, 12, 15, 6, 21, 14, 13, 22, 23, 17, 25], [8, 19, 26, 14, 16, 22, 23, 25, 20, 27, 17, 5, 15, 18], [9, 22, 12, 15, 8, 19, 14, 13, 21, 23], [17, 25, 13, 18, 21, 15, 14, 22, 24, 19, 26, 16], [6, 7, 4, 9, 15, 12]]
[[19, 9, 2, 7, 13, 1, 6, 5, 22], [11, 15, 24, 29, 2, 7, 22, 26, 28, 1], [10, 18, 24, 2, 6, 9, 1, 16, 7, 11], [7, 15, 0, 13, 14, 11, 4, 18, 17, 8]]
[[7, 13, 19, 4, 8, 3, 12], [3, 13, 1, 5, 2, 4, 14, 0, 12, 15], [4, 6, 9, 10, 2, 3, 5, 7], [4, 0, 7, 2, 1, 6], [6, 10, 8, 0, 11, 1], [22, 1, 7, 18, 2, 11, 19, 23, 10, 3, 0, 25, 5], [7, 4, 13, 2, 9, 1], [9, 19, 23, 10, 7, 27, 3, 25, 28, 2]]
[[9, 0, 10, 11, 1, 13], [5], [7, 13, 17, 19, 0, 10, 14, 20, 3, 23, 1, 11, 21, 22], [8, 14, 11, 16, 19, 0, 12]]
[[8, 10, 7, 3], [21, 26, 3, 13, 16, 0, 11, 17, 24, 23, 6, 15], [8, 3, 5, 6], [9, 2, 6], [11, 18, 25, 5, 15, 20, 22, 3, 7, 16, 23, 8], [2, 6, 12, 7, 20, 22, 9, 15, 24], [16, 5, 7, 3, 8, 11, 14, 13, 10, 0], [12, 2, 11, 1, 6, 5], [13, 4, 6, 2, 7, 11, 12], [12, 16, 22, 8, 6, 24]]
[[0, 13, 1, 6, 8, 10, 2, 7, 5], [9, 17, 0, 5, 7, 11, 15, 16, 18], [5, 7, 13]]
[[0, 6, 5, 1], [], [14, 1, 8, 10, 11, 18, 16, 23, 7, 0, 15, 2, 27, 17, 26]]
[[11, 2, 6, 8, 3, 13, 9, 4, 12], [1, 8, 9, 15, 25, 19, 18, 3, 14, 0, 13, 16, 22, 2, 17, 24, 23, 20], [11, 0, 3, 2, 16, 15], [28, 2, 6, 11, 23, 33, 15, 29, 14, 4, 3, 7, 22, 10, 12, 8]]
[[22, 5, 12, 4, 11, 3, 20, 23, 6, 8, 13, 15], [7, 3, 12, 15, 1, 0], [5, 4, 2, 1], [10, 3, 1, 4, 11], [5, 25, 38, 7, 11, 33, 40, 42, 2, 14], [15, 8, 18, 0, 2, 20, 19, 9, 10, 3, 22], [6, 2, 1, 4, 10, 24, 3, 7, 0, 11, 12, 23], [14, 8, 12, 18, 19, 9]]
[[10, 5, 20, 15, 21, 4, 19, 14, 11, 3, 9], [5, 2, 4], [12, 5, 8, 14, 6, 9, 17, 18, 21], [9, 0, 7, 11], [12, 21, 23, 13, 15, 0]]
[[11, 13, 16, 1, 3, 22, 8, 7, 12, 17, 19, 0, 15, 10, 20], [8, 12, 2, 14, 20, 0, 4, 10, 7, 3], [4, 0, 2, 7, 1], [18, 23, 32, 37, 45, 64, 73, 120, 90, 117, 6, 16, 47, 67, 78, 94, 121, 40, 49, 69, 80, 96, 2, 13, 25, 35, 55, 58, 59, 83, 85, 112, 114, 127, 132, 0], [8, 10, 0, 7, 6, 9, 13], [6, 1, 10, 5]]
[[15, 21, 16, 4, 18, 23, 10, 24, 3, 9, 2, 27, 17, 19, 25, 29], [12, 2, 7, 20, 3, 19, 1, 5, 0, 6, 17, 21], [0, 7, 5], [11, 4, 14], [11, 17, 16, 2, 10, 7], [7, 0, 2, 10, 13, 8, 9], [19, 25, 2, 5, 10, 3, 1, 9, 23, 0, 16, 6, 11], [8, 3, 16, 17, 11, 2], [4, 17, 34, 6, 11, 19, 25, 1, 20, 26, 10, 5, 23, 28, 29]]
[[12, 14, 2, 8, 0, 3, 9, 13], [7, 2, 6], [7, 2, 12, 9, 13, 1], [9, 10, 2, 12, 0, 5, 11, 13, 14], [2, 4, 9, 1]]
[[2, 7, 1, 6], [1, 3, 4, 2], [0, 27, 6, 19, 14, 22, 23, 11, 1], [2, 7, 11, 22, 26, 4, 23], [], [10, 16, 8, 3, 12, 4, 17], [4, 12, 25, 0, 2, 7, 9, 11, 20, 21], [8, 0, 2, 4, 12, 16], [13, 18, 3, 9, 23, 21, 1, 16, 0, 7, 14, 4]]
[[8, 21, 26, 14, 23, 2, 1, 5, 6, 11, 0, 4, 13, 24], [0, 12, 20, 7, 15, 16], [7, 14, 18, 0, 11, 16, 3, 9, 6, 5], [4, 8, 16, 7, 12, 14, 0, 2, 9, 13], [16, 3, 8, 13, 0, 5, 4, 9], [0, 8, 18, 3, 6, 15, 17, 1, 9], [15, 0, 7, 9, 17, 13, 14, 1, 4, 5, 18]]
[[27, 18, 23, 13, 16, 7, 14], [3, 6, 11, 10], [19, 1, 11, 3, 5, 13, 17, 12, 2], [10, 16, 2, 12, 23, 18, 11], [2, 5, 12, 9], [8, 20, 13, 4, 15, 18, 5, 2, 14], [5, 13, 10, 2], [7, 2, 17, 10, 12, 9, 15], [12, 14, 18, 20, 10, 15, 7]]
[[2, 9, 12, 7, 1, 6, 5, 11], [5, 8, 9, 3, 14, 15, 18, 11, 16], [8, 10, 1, 5], [22, 1, 8, 4, 13, 16, 11, 3, 9, 2], [23, 8, 1, 13, 17, 10, 2, 9, 7, 11], [21, 7, 9, 15, 17, 19, 4, 14, 12, 13, 8, 20], [5, 15, 8, 13, 19, 20, 22, 3, 10]]
[[11, 9, 13, 0, 3, 7, 14, 2, 6], [9, 15, 28, 39, 47, 63, 12, 18, 23, 31, 33, 36, 38, 46, 57, 60, 3, 7, 13, 19, 21, 24], [6, 1, 7, 2], [9, 5, 2, 11, 1, 4], [13, 1, 3, 7, 10, 5], [17, 24, 20, 3, 1, 5], [14, 2, 5, 11, 4, 10]]
[[8, 14, 1, 9, 11, 3, 17, 4, 2], [12, 13, 5, 9, 15, 0, 6], [11], [8, 10, 2, 5, 16, 4], [7, 20, 2, 6, 11, 14, 3, 1, 0, 4], [15, 9, 14, 0, 4, 3, 7, 13, 6], [5, 9, 23, 3, 12, 15, 18, 0, 2, 10, 6, 13, 17], [10, 0, 8, 4], [7, 8, 0], [7, 10, 18, 14, 2, 11, 19, 3], [17, 2, 4, 10, 19, 7, 20, 3, 18, 0]]
[[19, 4, 22, 24, 27, 0, 18, 9, 25, 1, 7], [7, 9, 12, 16, 28, 35, 1, 8, 0, 3, 22, 33, 30, 31, 34, 24, 26], [6, 20, 23, 26, 29, 8, 21, 7, 19, 0, 22, 25, 28, 30, 24, 17]]
[[22, 4, 14, 3, 21, 13, 18, 2, 19, 25], [3, 0, 2, 1], [2, 4, 8, 18, 20, 5, 9, 12, 3, 10], [12, 17, 5, 8, 14, 0], [15, 25, 20, 34, 9, 2, 10, 28, 1], [7, 19, 1, 3, 14, 11, 22], [7, 3, 9, 12, 14, 20, 1, 10, 0], [14, 18, 2, 12, 3, 15], [10, 14, 8, 18, 22, 20, 5, 1, 9, 0]]
[[1, 3, 6, 4], [6, 12, 19, 9, 4, 14, 11, 1, 10, 13], [8], [14, 18, 11, 13, 2, 20, 12, 10, 0, 6], [1], [8, 10, 4, 6, 5, 7], [6, 7], [20, 6, 8, 11, 16, 18, 4, 9, 7], [0], [6, 12, 22, 4, 10, 17, 18, 8, 3, 2, 5, 7], [10, 13, 11, 3, 7, 2]]
[[9, 16, 2, 14, 7, 19, 5, 4, 3, 15], [5, 0, 7, 8, 11, 3], [2, 8, 17, 0, 6, 14, 5, 13, 3, 12], [5, 2, 12, 15], [0, 6, 3, 17, 16, 5, 12, 20, 14], [8, 16, 0, 10, 1, 20, 7, 19, 14, 15, 9, 11], [4, 0, 3, 9, 12, 15, 1], [9, 18, 5, 11, 20, 0, 6, 13, 15, 12], [6, 0, 9, 3]]
[[6, 16, 21, 11, 17, 22, 5, 10, 15, 4], [1], [13, 3, 8, 10, 16, 0, 19, 7, 14, 18, 1, 17], [9, 0, 3, 7, 13, 20], [0, 13, 19, 21, 23, 8, 14, 3, 20, 11, 1, 18], [13, 14, 6, 11, 5, 10, 4]]
[[17, 9, 4, 11, 14, 12, 2, 10, 8, 5], [10, 15, 21, 1, 19, 4, 11, 23, 3], [4, 37, 2, 38, 42, 41, 20, 1, 0, 5, 46, 13, 43, 39, 14, 22, 33, 19], [6, 3, 1], [2, 1, 4], [4, 18, 0, 11, 1, 15, 19], [], [6, 2, 3, 0], [2], [23, 31, 0, 26, 32, 10, 19, 5, 16], [3, 0, 5, 4], [0, 7, 13, 17, 19, 22, 10, 14, 20], [12, 4, 13, 1, 16, 10, 0, 7], [4], [], [11, 13, 7, 2, 15, 18], [6, 1, 4, 3, 2, 0]]
[[9, 4, 6, 12, 14, 2, 7, 10, 1], [5, 2, 1, 14, 0, 3], [16, 5, 8, 10, 1, 0, 7], [14, 1, 7, 4, 0, 16, 5, 2], [6, 2, 4, 18, 19, 0, 9, 15, 14, 7, 25, 8], [8, 3, 5, 11, 6, 4]]
[[7, 13, 4, 8, 14, 3, 9, 12, 5], [6], [3, 20, 6, 9, 13, 15, 11, 4, 5, 8, 1, 7], [19, 33, 38, 3, 14, 26, 31, 35, 40, 1, 7, 23, 13, 22, 0, 20, 34, 39, 36, 8, 29], [8, 11, 14, 19, 17, 16, 4, 2, 5, 21, 1, 18, 20]]
[[5, 7, 0, 6], [13, 8, 9, 20, 19, 11, 24, 2, 16, 22], [2, 4, 10, 14, 22, 18, 27, 26, 3, 17, 21, 0, 23], [14, 6, 9, 16, 18, 0]]
[[14, 5, 10, 0, 3, 2, 8], [20, 5, 10, 0, 11, 7, 13, 17, 6, 16], [20, 1, 9, 12, 18, 7, 10], [19, 32, 21, 0, 3, 10, 15, 23, 26, 30, 1, 4]]
[[9, 12, 20, 18, 3, 16, 17, 10, 21, 4, 6, 11], [15, 0, 4, 16, 3, 1, 5], [11, 8, 17, 1, 13, 16], [21, 12, 16, 0, 22, 8, 11], [8, 15, 22, 41, 2, 34, 42]]
[[8, 20, 12, 2, 10, 1, 7, 6, 9, 3, 17], [3, 15, 7, 9, 13, 10], [3, 14, 18, 5, 10, 12, 15, 19], [9, 21, 2, 4, 13, 24, 0, 17, 3, 5, 18, 19, 20, 26, 25, 23], [10, 19, 5, 16, 13, 1, 0]]
[[14, 22, 9, 15, 19, 8, 18, 21, 13, 17, 12, 16, 20, 10], [8, 11, 5, 14, 3, 15, 1, 12, 0, 13, 16], [14, 3, 6, 12, 0, 4, 2, 10, 13], [10, 2, 4, 12, 6, 0, 13, 3, 11, 5], [15, 2, 4, 12, 0, 8, 11], [9, 0, 6, 10], [10, 5, 6, 3, 0, 2]]
[[8, 11, 14, 16, 21, 24, 2, 17, 22, 1, 13, 12], [12, 4, 7, 5, 1, 0], [16, 0, 8, 12, 14, 17, 5, 18, 4, 11, 10, 9], [4, 7, 10, 17, 5, 8, 15, 2, 14], [3, 0, 6, 7, 18, 12, 15], [16, 5, 13, 17, 19, 0, 3, 11, 2], [16, 6, 9, 18, 4, 7, 3, 17, 14, 15, 13, 10], [4, 7, 9, 5, 1, 2], [12, 14, 2], [5, 17, 20, 4, 18, 13, 1], [15, 0, 2, 5, 17, 20, 18, 21, 12, 13, 16, 3], [14, 7, 12, 17, 2, 10]]
[[14, 11, 13, 18, 10, 7, 21, 17], [4, 1, 3, 5], [23, 26, 33, 9, 17, 29, 0, 15, 18, 30]]
[[20, 10, 14, 7, 9, 6, 22, 8], [1, 4, 7], [5, 6, 12, 8, 13, 1], [12, 1, 3, 10, 14, 17, 15, 18, 2], [10, 20, 3, 2, 7, 0, 4, 15, 16]]
[[10, 5, 7, 12, 15, 2, 1], [1, 3, 7, 19, 22, 4, 2, 10, 9, 0, 23, 20, 17], [8, 9, 12, 6, 13, 4, 0, 14, 7], [5, 1, 3, 11], [0, 5, 4], [1, 7, 11, 13, 2, 10, 8, 14], [2, 8, 4, 9, 7, 1], [2, 15, 6, 19, 1, 12, 3, 0, 13, 9, 20], [8, 11, 2, 15, 18, 12, 16, 3, 17, 13], [4, 6, 9, 10, 1, 2, 7], [20, 3, 6, 14, 1, 10, 0, 9, 8, 4, 21]]
[[6, 3, 2, 7, 5, 8], [12, 1, 3, 7, 18, 2, 13, 14, 0, 17], [21, 2, 6, 7, 11, 32, 12, 5, 30, 31, 8, 13, 33, 18, 27], [9, 12, 21, 1, 15, 3]]
[[12, 14, 10, 17, 3, 15, 2, 13, 9, 20, 4, 8], [3, 4, 2], [14, 12, 11, 4], [4, 18, 12, 2, 22, 0, 5, 14, 13]]
[[21, 7, 3, 9, 12, 15, 1, 10, 8, 6, 4, 16], [10, 1, 4, 9], [5, 0, 8, 1, 6, 4, 13], [27, 3, 11, 17, 25, 9, 18, 28, 30, 16, 8, 1, 21], [9, 1, 4, 14, 17, 3, 11, 2, 10], [13, 14, 17, 2, 4, 16, 21, 1, 0], [5, 3, 11, 16, 12, 14]]
[[25, 0, 22, 19, 23, 27, 30, 31, 14, 29, 16, 26, 17, 18, 24, 28, 21], [11, 1, 8, 2], [1, 4, 8], [0, 3, 10, 2, 1], [9, 26, 16, 20, 22, 31, 35, 38, 42, 44, 3, 23, 29], [5, 8, 10, 20, 0, 11], [17, 6, 9, 8, 12, 5, 4], [6, 1, 3, 0]]
[[10, 14, 17, 20, 25, 0, 3, 18, 7, 6, 15, 4, 8, 21], [7, 3, 14, 22, 25, 0, 12, 18, 23, 21, 11, 4, 8], [13, 23, 11, 17, 18, 20, 5, 9, 15, 4, 1, 8, 14, 21], [4, 17, 1, 7, 14, 20, 2, 5, 8, 11, 19, 18, 12, 15]]
[[5, 13, 4, 16, 12, 3, 15, 10, 14], [4, 0, 5, 3, 6], [14, 1, 6, 3], [11, 19, 7, 15, 10, 6, 1], [14, 2, 11, 1, 9, 0], [5, 7, 2, 13, 16, 19, 23, 26, 3, 9, 20, 27]]
[[2, 11, 15, 18, 0, 5, 12, 4, 10], [8, 18, 3, 10, 11, 14, 24, 27, 22, 30, 33, 1, 2, 0, 23, 9, 19, 32], [16, 21, 28, 3, 12, 26, 0, 7, 13, 18, 5, 4]]
[[10, 22, 4, 15, 18, 3, 14, 13, 16, 17, 5], [14, 3, 16, 12, 17, 21, 15, 1, 0, 13, 22, 23, 2, 18], [13, 11, 15, 17, 20, 2, 21, 12, 1, 14, 18, 16], [8, 21, 0, 6, 13, 15, 16, 24, 12, 5, 22, 4, 23, 1, 14, 7, 19], [1]]
[[7, 4, 2, 8, 6, 1, 9], [8, 18, 11, 14, 2, 1, 7, 6, 3, 10], [15, 2, 11, 17, 10, 0, 5], [10, 2, 16, 12, 7, 18, 20]]
[[8, 10, 3, 2, 11, 4], [5, 7, 2, 1, 6, 0, 3], [0, 5, 14, 18, 3, 12, 11, 10, 13, 8], [1, 4, 14, 15, 3, 0, 7, 6, 2, 16], [10, 12, 18, 1, 5, 9, 0, 8, 13, 11, 19], [1, 4, 8, 11, 16, 18, 9, 7, 15, 14, 0, 13, 5]]
[[7, 9, 2, 1, 8, 6], [16, 29, 1, 5, 9, 20, 6, 21, 25, 12, 3, 2, 17], [19, 23, 6, 11, 13, 16, 9, 3, 0, 10, 24, 7], [8, 15, 4, 2, 12, 21, 0], [4, 8, 13], [8, 16, 10, 3, 6, 2, 1, 0, 9, 17, 18, 4]]
[[5, 7, 0, 6, 4, 8], [8, 9, 11, 1, 3, 12, 2, 0, 10, 14], [15, 2, 9, 11, 0, 12, 8, 3, 7, 17], [18, 6, 15, 2, 12, 1, 10, 11, 0, 3, 13], [14, 6, 0, 8, 11, 18, 25, 7, 15, 16, 19, 17, 1, 26, 9]]
[[7, 0, 4, 8, 6, 3, 5, 9], [6, 10, 19, 11, 4, 9, 2, 1, 12, 0, 13, 20, 17], [17, 2, 0, 3, 14, 23, 29, 13, 28, 9, 19, 10, 16], [2, 9, 13, 16, 3, 10], [2, 8, 13, 6], [], [6], []]
[[5, 7, 10, 1, 8, 11], [3, 11, 14, 8, 12, 6], [4, 6, 14, 0, 12, 8, 17], [1, 2, 11, 3], [13, 4, 14, 5, 15, 6], [4, 11, 14, 8, 12, 7, 1], [13, 2, 3, 4, 6, 14], [10, 3, 5, 8], [17, 4, 6, 12, 5, 11, 18, 9, 7], [7], [5, 8, 10, 3, 9, 0], [18, 7, 12, 1, 16, 0]]
[[7, 13, 17, 2, 14, 18, 16, 1, 6, 10], [11, 1, 4, 13], [7, 16, 9, 5, 11, 14, 0, 3, 17], [0, 18, 5, 8, 14, 6, 1], [5, 19, 7, 21, 10, 26, 0, 3, 14, 2, 6, 20, 25, 22, 18], [15, 2, 5, 6, 8, 11, 13, 3, 9, 1], [22, 10, 13, 0, 6, 16, 1, 4, 17, 3, 11, 14], [1, 3, 6, 2, 10, 16, 12, 9, 15], [7, 18, 22, 15, 14, 3, 10, 17, 20, 4, 11, 16]]
[[0, 4, 3, 10, 9, 8], [8, 10, 12], [10, 1, 3, 5, 6, 14, 19, 15, 2], [6, 14, 31, 21, 9, 11, 26, 0, 2, 16, 23, 27, 22, 15, 20, 7]]
[[21, 19, 6, 10, 14, 5, 9, 8, 7, 18], [18, 23, 10, 12, 1, 15, 16, 22, 19], [2, 1, 8], [11, 1, 0, 13, 3, 8], [0, 2, 14, 19, 1, 17, 7, 3], [15, 18, 3, 1, 5, 9, 4, 10, 16], [5, 16, 18, 10, 13, 1, 14], [15, 11, 5, 3, 13, 7, 1], [2, 11, 7, 5, 8, 10]]
[[19, 23, 29, 0, 8, 10, 25, 31, 34, 3, 6, 12, 15, 21, 26], [7, 2, 12], [6, 17, 4, 11, 0, 1, 12], [10, 23, 1, 4, 8, 20, 15, 3, 2, 13], [5, 18, 16, 10, 15, 1, 2], [14, 31, 17, 15, 0, 11, 24, 1, 5, 12, 10, 7, 9, 16, 20], [3, 6, 11, 16, 24, 7, 12, 17, 22, 5], [21, 13, 15, 5, 9, 18, 3, 6, 19]]
[[6, 10, 2, 7, 5, 1, 9, 3], [6, 30, 10, 17, 20, 2, 8, 18, 21, 1, 16, 0, 7, 22, 3, 12], [4], [11, 2, 6, 1, 3], [13, 2, 11, 0], [0, 17, 22, 23, 12, 5, 7, 15, 27, 2, 8, 19, 25], [20, 0, 6, 14, 17, 3, 7, 12, 15, 18], [12, 5, 10, 14, 6, 0, 1, 9, 2], [4, 9, 0, 14], [5, 10, 22, 14, 20, 25, 13, 23, 8, 0, 11, 12, 18, 4, 16, 19]]
[[11, 9, 0, 5, 4, 3, 6, 8], [3, 12, 1, 5, 9, 10, 8, 2, 0], [19, 1, 3, 13, 16, 4, 2, 10, 9, 0, 14, 17], [23, 5, 10, 3, 14, 0, 17, 7, 11, 6]]
[[9, 16, 11, 18, 13, 22, 0], [0, 10, 3, 6, 9], [6, 11, 3], [8, 6, 2, 3], [11, 6, 1, 2, 3, 0]]
[[13, 14, 3, 7, 17, 20, 23, 21, 2, 15, 16, 18, 6, 19, 22], [7, 9, 13, 18, 22, 10, 19, 25, 1, 8, 0, 6, 2, 23, 3, 11], [1, 5, 8, 11, 16, 19, 24, 14, 23, 0, 20, 7, 22, 6, 12], [5, 14, 16, 6, 1, 11, 10, 13, 0, 9, 17, 18], [19, 1, 3, 8, 7, 15, 10, 9], [8, 1, 5, 11, 14, 6, 12], [5, 9, 13, 1, 10, 0, 8, 7], [9, 3, 6, 2, 1, 0, 7], [4, 11, 2, 6, 8, 13, 9, 1, 5, 3]]
[[18, 3, 7, 21, 0, 4, 8], [3, 7, 10, 0], [5, 6, 0, 12, 13, 15, 7, 9, 8, 17], [15, 9, 14, 29, 22, 26], [11, 16, 4, 1, 9, 14, 2]]
