10.53730297088623
5.126979351043701
3.598097324371338
7.037195205688477
15.891956329345703
3.784846544265747
16.05335807800293
6.06259298324585
15.384482383728027
6.760489463806152
10.099668502807617
8.712628364562988
13.075138092041016
4.736603736877441
15.607022285461426
5.594628810882568
10.666976928710938
4.900716781616211
7.203522205352783
7.469065189361572
14.641372680664062
6.031159400939941
13.39101505279541
7.275912284851074
10.728897094726562
6.037750244140625
19.60089874267578
6.014075756072998
4.168367385864258
5.492518424987793
11.071898460388184
10.700719833374023
12.335596084594727
12.87420654296875
13.773152351379395
10.111879348754883
9.803600311279297
5.112466335296631
6.6953125
5.724532127380371
11.678366661071777
4.015411853790283
14.7741060256958
8.130014419555664
5.836474418640137
6.778702259063721
9.320341110229492
5.629505157470703
12.991379737854004
8.293041229248047
10.350948333740234
8.48961067199707
7.28437614440918
6.300084590911865
36.07748794555664
5.149656772613525
14.439240455627441
4.5954084396362305
21.462594985961914
4.574398517608643
7.246392250061035
8.156716346740723
6.967237949371338
8.333645820617676
8.269553184509277
9.844154357910156
10.840862274169922
5.111793041229248
15.232297897338867
5.896458148956299
9.616830825805664
7.185031414031982
15.574152946472168
11.062799453735352
10.618182182312012
7.720376491546631
22.572423934936523
8.833810806274414
8.430173873901367
6.070786952972412
11.07103443145752
2.4986648559570312
8.080831527709961
8.094812393188477
15.835001945495605
4.736841678619385
12.92005729675293
8.01485538482666
11.536967277526855
6.613637447357178
6.839504718780518
7.071227550506592
13.105920791625977
6.052044868469238
12.167431831359863
7.654482364654541
9.226532936096191
4.27487850189209
8.092900276184082
8.233312606811523
4.766505718231201
11.78759765625
13.817571640014648
14.85451602935791
9.804011344909668
6.891844749450684
13.750856399536133
4.800832748413086
26.628089904785156
5.122318267822266
10.40087890625
5.438541889190674
9.360451698303223
4.592445373535156
58.85220718383789
6.324280738830566
8.71802806854248
3.4358792304992676
15.637907981872559
5.3087286949157715
10.098896026611328
9.049607276916504
20.627412796020508
7.037055015563965
20.67983055114746
8.216851234436035
8.766032218933105
6.028247833251953
15.829120635986328
4.662475109100342
13.252912521362305
8.483222961425781
9.197750091552734
6.788025379180908
18.465063095092773
5.887661457061768
14.369589805603027
5.508737564086914
12.675593376159668
10.71786880493164
10.644536018371582
2.572418451309204
15.19487476348877
6.062956809997559
13.83158016204834
3.8468034267425537
17.212203979492188
5.765107154846191
12.757794380187988
7.8681511878967285
12.908966064453125
3.580742597579956
11.43669605255127
9.22677230834961
12.646708488464355
6.4001617431640625
12.772786140441895
5.101419448852539
14.999617576599121
4.591341018676758
12.10872745513916
7.586971759796143
12.705765724182129
6.22652006149292
10.975176811218262
6.145463466644287
14.97871208190918
6.319919109344482
5.783595085144043
6.498235702514648
17.926294326782227
10.79739761352539
7.2043561935424805
5.018130302429199
22.871980667114258
9.275701522827148
9.675434112548828
9.347122192382812
8.751265525817871
6.258676528930664
19.814878463745117
7.358029842376709
14.54098129272461
13.538822174072266
16.322416305541992
6.433110237121582
8.56413745880127
8.412318229675293
10.05142593383789
8.023835182189941
10.123117446899414
5.5836968421936035
10.985323905944824
4.612180233001709
9.010112762451172
6.24617338180542
8.610020637512207
9.542864799499512
9.35942268371582
6.524820804595947
