0.8812129774263927
1
0.989962249994278
1
0.9662498533725739
1
0.859254390001297
1
0.987546369433403
1
0.9330781002839407
1
0.9363030791282654
1
0.9879274368286133
1
0.8560777604579926
1
0.9666615093455595
1
0.9918814301490784
1
0.9616939425468445
1
0.815594311271395
1
0.9319461782773336
1
0.9924234747886658
1
0.9730690547398159
1
0.9914621263742447
1
0.7802581095861064
1
0.9935374685696193
1
0.9547346353530883
1
0.9900722801685333
1
0.9909436504046122
1
0.9907239476839701
1
0.9928863406181335
1
0.8529534488916397
1
0.9790695309638977
1
0.994037389755249
1
0.9924505829811097
1
0.7048572599887848
1
0.9808443784713745
1
0.992982804775238
1
0.993841290473938
1
0.7773871149660813
1
0.9919907535825457
1
0.9932284099715096
1
0.9701143900553385
1
0.8777002990245819
1
0.8394281789660454
1
0.9933653175830841
1
0.9539545774459839
1
0.8298620343208313
1
0.8580727815628052
1
0.8851708620786667
1
0.9916441142559052
1
0.9926978945732117
1
0.9479139532361712
1
0.9931782550281949
1
0.9912585258483887
1
0.9937546253204346
1
0.9746849536895752
1
0.7937641313299537
1
0.8693516949812571
1
0.985367751121521
1
0.8937565584977468
1
0.9866722702980042
1
0.6830842450261116
1
0.9924979358911514
1
0.994502067565918
1
0.9881002902984619
1
0.9924144595861435
1
0.9281052798032761
1
0.9933543602625529
1
0.9874101678530375
1
0.9051690950989724
1
0.9500615000724792
1
0.9859323143959046
1
0.962296336889267
1
0.9789851903915405
1
0.9931081384420395
1
0.9480627298355102
1
0.9925801583698818
1
0.9942655265331268
1
0.9916171878576279
1
0.992969274520874
1
0.9917789101600647
1
0.9922338724136353
1
0.9922545433044434
1
0.9873903658654954
1
0.7966346426142586
1
0.989660246031625
1
0.9907131791114807
1
0.9498079527508129
1
0.8192693417270979
1
0.9895113309224447
1
0.9939058721065521
1
0.9204487105210623
1
0.9473202909742083
1
0.9936401645342509
1
0.9771213964982466
1
0.9817422032356262
1
0.8292349990224466
1
0.9941767851511637
1
0.7982129499316215
1
0.9582432707150778
1
0.979016649723053
1
0.9592390110095342
1
0.813988983631134
1
0.7055814298801124
1
0.9838714152574539
1
0.8428301371634006
1
