0.9047491525987453
1
0.8366847639050824
1
0.8659603098135316
1
0.9019341115947763
1
0.8740205320247935
1
0.8738585473024566
1
0.8900705428083463
1
0.8053492645427026
1
0.8741691275818707
1
0.8370487345158237
1
0.8790711814261358
1
0.8064206598139708
1
0.8561547357186142
1
0.8333747885782509
1
0.9342387850467291
1
0.9024978152618388
1
0.8812690810358703
1
0.8641111778999941
1
0.896819611314839
1
0.929881337648328
1
0.8969689102029775
1
0.8452677416076243
1
0.9195197087446616
1
0.926995097652087
1
0.8456016459421507
1
0.8619937400539345
1
0.9331632653061225
1
0.8552021261594004
1
0.820284943425931
1
0.7680915609487036
1
0.9425805632167225
1
0.9318532007283933
1
0.9033752844509418
1
0.8935143003935203
1
0.8079626009623647
1
0.8693779516345582
1
0.8057369456966333
1
0.8981251185791522
1
0.8867995602547936
1
0.8728474009605434
1
0.8798150298554663
1
0.9211641990431301
1
0.8703519684501019
1
0.8270590919461556
1
0.9662238884211529
1
0.9308655910645578
1
0.8778250404694847
1
0.899308711397824
1
0.9666196914314235
1
0.8470326104296281
1
0.8999926508578454
1
0.8212865260676407
1
0.8975863228669628
1
0.861187124250012
1
0.8066831275720164
1
0.8923413720501113
1
0.8629871192463239
1
0.8710513608986251
1
0.9070854418491591
1
0.8871041562733136
1
0.8903042079800823
1
0.8401002652933832
1
0.8006431148604802
1
0.8972270833333333
1
0.85077464960634
1
0.8796658486891723
1
0.8838439679669337
1
0.8586564533622559
1
0.8623902739790074
1
0.9088286517593763
1
0.9237949087235487
1
0.8084490740740741
1
0.8559296465829757
1
0.8716841717155612
1
0.8746790445836253
1
0.8366404522341165
1
0.8554517827495541
1
0.880998694099705
1
0.8334230387185765
1
0.8294071512902681
1
0.9540754268226481
1
0.8634987095598393
1
0.8868366725928765
1
0.9010209867717248
1
0.9569680851063832
1
0.8611268703605284
1
0.9129163654010761
1
0.8145866953559261
1
0.9186091924487587
1
0.8601117872557167
1
0.8416049057341107
1
0.8843431474405634
1
0.8591329604130808
1
0.8782218433457025
1
0.8501482184650346
1
0.8759119156766529
1
0.8487435006345415
1
0.855135288588914
1
0.9313855389108214
1
0.8870756576496499
1
