0.9938223361968994
1
0.9899575412273407
1
0.9935198575258255
1
0.9940035820007325
1
0.989885613322258
1
0.9866169989109039
1
0.9789382666349411
1
0.9869088172912598
1
0.9862760305404663
1
0.9895090601023506
1
0.991916224360466
1
0.9922773440678915
1
0.9940090690340314
1
0.9931643605232239
1
0.992703115940094
1
0.9943585821560451
1
0.9914686977863312
1
0.8853269072456492
1
0.9935374685696193
1
0.9554831862449646
1
0.9938252369562784
1
0.9931833346684774
1
0.9920041263103485
1
0.9942116737365723
1
0.9356451779603958
1
0.9909902413686117
1
0.994239091873169
1
0.9935161232948303
1
0.7595474698713848
1
0.9793998102347056
1
0.9940893799066544
1
0.9937652746836344
1
0.8831252723725306
1
0.9935659510748727
1
0.9939645103045872
1
0.993908534447352
1
0.9834669557484713
1
0.9497360123528374
1
0.9932624250650406
1
0.992792010307312
1
0.9931053161621094
1
0.8727571249008179
1
0.8511068026224772
1
0.9937228858470917
1
0.9926914095878601
1
0.9185711315699986
1
0.9940471516715156
1
0.9911493837833405
1
0.9937157332897186
1
0.9928097724914551
1
0.9866243839263916
1
0.905407672127088
1
0.9872774004936218
1
0.8987837864292992
1
0.9873402953147888
1
0.8058257311582565
1
0.9927124977111816
1
0.994502067565918
1
0.988253523906072
1
0.9937701374292374
1
0.9190400838851929
1
0.9934893250465393
1
0.9932299554347992
1
0.9010617434978485
1
0.951820582151413
1
0.9867338061332702
1
0.993612214922905
1
0.977217721939087
1
0.9934395998716354
1
0.9932610392570496
1
0.9925951617104667
1
0.9944675713777542
1
0.9934989213943481
1
0.9937218626340231
1
0.9930594116449356
1
0.9920562982559205
1
0.9921711325645447
1
0.9735899435149299
1
0.8653195980522368
1
0.9919991833823067
1
0.9929121335347494
1
0.9873263131488453
1
0.8192525828878084
1
0.9922884901364645
1
0.9939662665128708
1
0.9088931729396185
1
0.9915665813854763
1
0.9937437772750854
1
0.9940877881917086
1
0.9816882163286209
1
0.9888739958405495
1
0.9941239655017853
1
0.7984810277819634
1
0.9582651952902476
1
0.9876595377922058
1
0.9527061382929484
1
0.975190669298172
1
0.8448012256994843
1
0.9916226416826248
1
0.8905050255358219
1
