0.9901912212371826
1.0000003576278687
0.9959153532981873
1.0000001192092896
0.9873788952827454
0.9999998807907104
0.9967045783996582
1.000000238418579
0.9799167513847351
0.9999998807907104
0.997945249080658
1.0000004768371582
0.9856446385383606
1.0
0.9624477624893188
1.000000238418579
0.9889010190963745
0.9999998807907104
0.9931505918502808
0.9999999403953552
0.9909877181053162
1.0000001192092896
0.9766212105751038
0.9999997019767761
0.9981040358543396
1.0000004768371582
0.9573878049850464
0.999999463558197
0.9963802099227905
1.0
0.9966835379600525
0.9999995827674866
0.988837480545044
0.9999997019767761
0.9951347708702087
1.0000001192092896
0.9840941429138184
0.9999998807907104
0.9947890639305115
1.0000001192092896
0.9947537779808044
1.0000003576278687
0.9865963459014893
1.0000001192092896
0.9878939390182495
1.000000238418579
0.9979465007781982
0.9999999403953552
0.988762378692627
0.9999995231628418
0.993453323841095
0.9999998807907104
0.9961439967155457
0.9999999403953552
0.994635820388794
0.9999998211860657
0.9686201810836792
1.000000238418579
0.9943196773529053
0.9999996423721313
0.9992546439170837
0.9999997019767761
0.994785487651825
1.0000003576278687
0.9895086884498596
0.9999997615814209
0.9883505702018738
1.0
0.9943867921829224
1.0
0.9950148463249207
1.0
0.9842259287834167
0.9999998807907104
0.995822012424469
0.9999997019767761
0.9966241121292114
1.0000008344650269
0.9949522018432617
1.0000001192092896
0.9956620335578918
1.0000005960464478
0.9914281964302063
0.9999997019767761
0.9918370246887207
0.999999463558197
0.9949065446853638
1.0
0.9972281455993652
1.0
0.9981628656387329
0.9999998211860657
0.9901317954063416
1.0
0.9710341691970825
1.0
0.9998764395713806
0.9999997615814209
0.9943554401397705
1.0000003576278687
0.993971586227417
1.0
0.9890800714492798
0.9999994039535522
0.998771071434021
0.9999998807907104
0.9879142045974731
1.0000001192092896
0.9922765493392944
0.9999997615814209
0.9907862544059753
1.000000238418579
0.9618068337440491
1.0000003576278687
0.994851291179657
1.0
0.9915006160736084
1.0000003576278687
0.9860098958015442
1.0
0.9766284823417664
1.0
0.9920574426651001
1.0000001192092896
0.9848297834396362
0.9999998211860657
0.9960910081863403
1.0000003576278687
0.9898930788040161
1.0000003576278687
0.9848092198371887
1.0
0.9917967915534973
1.0000003576278687
0.9835187792778015
0.9999996423721313
0.9734678864479065
1.0000005960464478
0.9884690046310425
1.000000238418579
0.9973397850990295
1.0000003576278687
0.9880561232566833
1.0
0.9981603622436523
0.9999996423721313
0.9601870775222778
1.0000003576278687
0.9870615601539612
1.000000238418579
0.9896957874298096
1.0
0.9980362057685852
1.000000238418579
0.9949296116828918
1.0
0.9933346509933472
0.9999998807907104
0.9892887473106384
0.9999998211860657
0.9961591362953186
1.0000003576278687
0.9448696970939636
1.0000007152557373
0.9842094779014587
0.9999998807907104
0.9933815598487854
1.0000001192092896
0.9993805885314941
1.0000004768371582
0.9955946803092957
1.000000238418579
0.9946332573890686
1.0000004768371582
0.9896180033683777
1.0
0.9957417845726013
0.9999997615814209
0.9520276188850403
1.0
0.987350583076477
0.9999998211860657
0.9828746914863586
1.0000003576278687
0.9752222299575806
1.0000001192092896
0.9862848520278931
1.0000009536743164
0.9868995547294617
1.0
0.9941073656082153
1.000000238418579
0.9550570249557495
1.0000001192092896
0.990537703037262
0.9999993443489075
0.9967332482337952
1.0000001192092896
0.9869661927223206
1.000000238418579
