0.9515259983783715
1
0.8191667540036531
1
0.9258655236045633
1
0.936128609731741
1
0.8950617283950617
1
0.9583538575056143
1
0.9319727891156462
1
0.8387368421052631
1
0.8813703239975863
1
0.8953960566618426
1
0.8967604129583483
1
0.8884530294298092
1
0.9332121688954151
1
0.8888197673232039
1
0.9532148850010961
1
0.9517029389880951
1
0.9029178265042344
1
0.9056949063449992
1
0.896819611314839
1
0.9608039797801493
1
0.9346615971769399
1
0.8861686805920398
1
0.933039455782313
1
0.945805805805806
1
0.9183674080439879
1
0.90578730052387
1
0.97329955588916
1
0.8974087640754309
1
0.8529936038586557
1
0.7975955556250696
1
0.9886303582795853
1
0.9489795918367347
1
0.9552256192498231
1
0.9148133509343432
1
0.8402345731073178
1
0.9233686603904768
1
0.9071618026720067
1
0.9556790869761548
1
0.9008364820585386
1
0.8844547808036398
1
0.9302846366574186
1
0.970556225755275
1
0.9060875378958168
1
0.8608246087620538
1
0.9746828130776686
1
0.9636687782079739
1
0.9137006123961119
1
0.9453492542521842
1
0.977758407943067
1
0.895294422151186
1
0.9257735963786231
1
0.8945080987420915
1
0.9255685671483665
1
0.9043618157396397
1
0.82325387449532
1
0.9196470649840289
1
0.9065508647865723
1
0.8710513608986251
1
0.9304195804195805
1
0.9140791327913279
1
0.9254629934192188
1
0.8542296380397922
1
0.9008598237213756
1
0.9445199602474735
1
0.8947185880037478
1
0.8986878378378379
1
0.923643260782297
1
0.8948175421283703
1
0.9053900059640453
1
0.9606723054725776
1
0.9550201663433603
1
0.8374150777996932
1
0.9211779262581312
1
0.873183892697704
1
0.8846058576834049
1
0.8991106996339174
1
0.9096838236138305
1
0.9510280933639703
1
0.8911817316870901
1
0.8541057664619015
1
0.9632761239052196
1
0.9102322661644695
1
0.9080850707272299
1
0.9348255125426719
1
0.9787064362707639
1
0.9234740775538316
1
0.9639855057366449
1
0.815664036817883
1
0.9570839241367199
1
0.8765000521757278
1
0.9332010528675341
1
0.9239733778229036
1
0.894134574010327
1
0.8957184383126875
1
0.9119997869166844
1
0.9235622352081811
1
0.8695329760248752
1
0.9110258384802322
1
0.9430036685625307
1
0.907290909812769
1
