-0.8180657625198364
-0.7388087511062622
-0.9374272227287292
-0.6978026032447815
-1.248207688331604
-0.632361650466919
-1.0567325353622437
-0.6648979187011719
-1.4199614524841309
-0.554267942905426
-0.7335065007209778
-0.8189169764518738
-1.1123459339141846
-0.5787414908409119
-1.3285613059997559
-0.7486171126365662
-1.1024553775787354
-0.6883076429367065
-1.0139434337615967
-1.245764970779419
-1.265230417251587
-0.6723031997680664
-1.26786208152771
-0.7353347539901733
-0.9266598224639893
-0.7080556750297546
-1.3416693210601807
-0.6167717576026917
-0.6893933415412903
-0.6214731335639954
-0.9664173126220703
-0.9706851840019226
-1.2092949151992798
-0.7243659496307373
-1.118613362312317
-0.7003558874130249
-1.2265634536743164
-0.6803704500198364
-0.7865475416183472
-0.6597470045089722
-1.0756293535232544
-0.48813390731811523
-1.3176850080490112
-0.6995567083358765
-0.8416309952735901
-0.6963902711868286
-0.9104256629943848
-0.7020246386528015
-0.9933491349220276
-0.666904628276825
-1.2665385007858276
-0.7112943530082703
-0.8013143539428711
-0.7691017389297485
-1.30940842628479
-0.6651257872581482
-1.3169431686401367
-0.6219939589500427
-1.6594284772872925
-0.5404377579689026
-0.6190303564071655
-0.7588484883308411
-0.9431725740432739
-0.7464982271194458
-0.7590470910072327
-0.8428428173065186
-0.963259756565094
-0.7487331032752991
-1.4048857688903809
-0.6666187047958374
-0.9382808208465576
-0.6721162796020508
-1.0262449979782104
-0.764663815498352
-0.9402487874031067
-0.7221341133117676
-1.1237276792526245
-0.7410879731178284
-1.0251269340515137
-0.8811364769935608
-0.9410025477409363
-0.5685185194015503
-0.8775718808174133
-0.9273305535316467
-1.1442914009094238
-0.5967656970024109
-1.3441154956817627
-0.750602662563324
-0.7685549855232239
-2.041210174560547
-0.7520642280578613
-0.7377004027366638
-1.0956982374191284
-0.6636924743652344
-1.0361487865447998
-0.7322107553482056
-0.7231278419494629
-0.7332282662391663
-1.1690548658370972
-0.7722621560096741
-0.8907170295715332
-1.0929685831069946
-1.2968281507492065
-0.8442970514297485
-1.1060823202133179
-0.6470532417297363
-1.2041676044464111
-0.5942961573600769
-1.7431715726852417
-0.600608229637146
-0.9595606327056885
-0.7004572153091431
-1.0411919355392456
-0.5561347007751465
-2.086184024810791
-0.930760383605957
-0.9180281758308411
-0.5795106887817383
-0.8786076307296753
-0.525381326675415
-1.112046480178833
-0.875191330909729
-1.4561166763305664
-0.6824436783790588
-1.0802570581436157
-0.7648277878761292
-0.8005151748657227
-0.6589160561561584
-1.2044696807861328
-0.699057400226593
-1.6325814723968506
-0.7331406474113464
-1.2466069459915161
-0.6988347768783569
-1.2476308345794678
-0.9338258504867554
-1.0926682949066162
-0.7907317280769348
-0.9003273844718933
-0.7694491744041443
-0.9829156994819641
-0.3363874852657318
-1.399802327156067
-0.7910563945770264
-1.0786235332489014
-0.5389449000358582
-1.4205704927444458
-1.114006757736206
-1.1224305629730225
-1.832932710647583
-1.159488558769226
-0.7241352200508118
-1.0576242208480835
-0.7410767674446106
-0.9461609721183777
-0.6242948174476624
-1.1797106266021729
-0.5320583581924438
-1.3762675523757935
-0.5793013572692871
-0.7165423035621643
-0.6272692680358887
-1.0688161849975586
-0.6146603226661682
-1.0707663297653198
-0.5669017434120178
-1.064570665359497
-0.8018812537193298
-0.8189266324043274
-0.6519644260406494
-1.0014872550964355
-0.6495961546897888
-0.8413706421852112
-0.706816554069519
-1.420166015625
-0.7354089617729187
-0.9470188617706299
-0.7212138175964355
-1.4567389488220215
-0.8351141810417175
-0.9737768173217773
-0.7619624137878418
-1.071189522743225
-0.7188001871109009
-1.07969331741333
-0.7483065128326416
-1.0224188566207886
-0.7034704089164734
-1.0537368059158325
-0.842953085899353
-0.9774792194366455
-0.6493148803710938
-1.2801114320755005
-0.5486640334129333
-0.8926471471786499
-0.7547598481178284
-0.8982611894607544
-0.856572151184082
-1.083016037940979
-0.8330814242362976
