0.9937981537410191
1.0000000298023224
0.9704770743846893
0.9999999478459358
0.9847912639379501
0.9999999523162841
0.989449143409729
1.0000000132454767
0.9860329926013947
0.9999999602635702
0.9915982137123743
0.9999999478459358
0.9909101277589798
0.9999999403953552
0.9823830842971801
1.0
0.985868364572525
0.9999999850988388
0.990202454959645
0.9999999180436134
0.9906441420316696
1.0
0.9851656456788381
1.0000000198682149
0.9945070317813328
0.9999999470180936
0.9830965002377828
0.9999999271498786
0.9955654740333557
1.0
0.9937107137271336
0.9999999552965164
0.9859354048967361
0.9999999880790711
0.9905306630664401
1.0
0.9799139159066337
0.9999999701976776
0.9927263021469116
1.0000000085149492
0.9899337589740753
0.9999999850988388
0.9831589129236009
0.9999999744551522
0.9938331147034963
0.9999999523162841
0.9954225063323975
1.0000000298023224
0.9891231507062912
0.9999999701976776
0.985355387131373
0.9999999552965164
0.996832013130188
0.999999925494194
0.9899850606918335
0.9999999403953552
0.9849201185362679
0.9999999674883756
0.9670993884404501
0.9999999829701015
0.9998168498277664
0.9999999829701015
0.9961363275845846
0.999999980131785
0.9953163332409329
1.0000000238418578
0.9883063435554504
1.0
0.9837625878197807
0.9999999582767487
0.9902468323707581
1.0000000198682149
0.9909121014855125
1.0000000198682149
0.9920179910129971
0.9999999523162841
0.9907878637313843
0.9999999880790711
0.9891058802604675
0.9999999850988388
0.995826256275177
1.0
0.9965089797973633
0.9999999403953552
0.9874681532382965
1.000000011920929
0.9821586310863495
1.0000000596046448
0.9982457160949707
0.9999999783255837
0.9942913140569415
0.9999999503294627
0.979631417327457
1.0000000425747462
0.9945790886878967
0.9999999761581421
0.9990033805370331
1.000000005418604
0.9914548546075821
0.9999999489103045
0.9927809000015259
0.9999999602635702
0.9849915107091268
1.0
0.990322208404541
0.999999965940203
0.9837968018319871
0.9999999304612478
0.9720311522483825
0.9999999284744263
0.9925231099128723
1.0000000298023224
0.9891344010829926
1.0
0.9665118455886841
1.0000000596046448
0.9912157456080118
0.9999999701976776
0.9955884367227554
0.9999999602635702
0.9894338399171829
0.9999999403953552
0.9852005441983541
0.9999999602635702
0.9917375346024832
0.9999999403953552
0.9936930537223816
0.9999999105930328
0.9852082580327988
0.9999999933772616
0.9876356720924377
0.9999999701976776
0.987299844622612
0.9999999523162841
0.9818037867546081
0.9999999880790711
0.9872851520776749
0.9999999850988388
0.9953667163848877
0.9999999403953552
0.9920491576194763
0.9999999552965164
0.9817338585853577
0.9999999403953552
0.992939680814743
0.9999999701976776
0.9783958594004313
0.9999999602635702
0.9875253587961197
0.9999999180436134
0.9894327998161316
0.9999999900658926
0.9872007846832276
0.9999999880790711
0.9900564153989156
1.0000000085149492
0.9904461767938402
0.9999999574252537
0.9818733164242336
1.000000005418604
0.9966386159261068
0.9999999735090468
0.9804893894629045
1.0000000132454767
0.9859957496325175
0.999999975456911
0.9903055131435394
0.9999999165534973
0.9972833693027496
1.0000000298023224
0.9888160427411398
0.9999999880790711
0.9955648609570095
1.0000000198682149
0.9845284024874369
0.9999999523162841
0.9941716139966791
0.999999925494194
0.9777015745639801
0.9999999574252537
0.9922427386045456
0.9999999850988388
0.993071069320043
1.0000000298023224
0.9896719574928283
0.9999999403953552
0.9898808896541595
0.9999999602635702
0.9925369262695313
0.9999999552965164
0.9907774577538172
0.999999980131785
0.988612949848175
0.9999999668863084
0.9910369515419006
1.0
0.992208406329155
0.9999999105930328
0.9913401544094086
1.0
