0.9969520568847656
1.000000238418579
0.998862624168396
1.0000003576278687
0.9871554374694824
1.0
0.99593186378479
0.9999999403953552
0.9720586538314819
0.9999997615814209
0.9982834458351135
1.0000001192092896
0.993360161781311
1.000000238418579
0.985673189163208
1.0000001192092896
0.9916924238204956
0.9999997019767761
0.9968740940093994
1.000000238418579
0.9961597919464111
1.0
0.9836602210998535
1.0
0.9980632066726685
1.0
0.9882473349571228
1.0
0.9983505606651306
0.9999996423721313
0.9984486103057861
1.0000001192092896
0.9957506656646729
1.0
0.9980455636978149
1.0
0.9961256980895996
1.0
0.9954514503479004
1.0000003576278687
0.9971495270729065
1.0
0.9942520260810852
1.0
0.9977750182151794
1.0000001192092896
0.9989382028579712
1.0
0.9679814577102661
1.0000003576278687
0.9933861494064331
1.000000238418579
0.9993816614151001
1.000000238418579
0.9977979063987732
0.9999997615814209
0.9847160577774048
0.9999999403953552
0.9927618503570557
0.9999998211860657
0.9998244047164917
0.9999996423721313
0.9978342056274414
1.0000001192092896
0.9934588670730591
1.0
0.9876107573509216
0.9999996423721313
0.9985466003417969
1.0000001192092896
0.9984487891197205
1.0000003576278687
0.9822670221328735
0.9999999403953552
0.998752236366272
0.9999996423721313
0.9972025156021118
1.0
0.9980608820915222
1.0
0.9899952411651611
1.0000001192092896
0.9871994256973267
1.000000238418579
0.985785722732544
0.9999997615814209
0.9979434013366699
1.000000238418579
0.9995485544204712
1.0000004768371582
0.9995813369750977
1.0
0.9863036870956421
0.9999996423721313
0.9887871742248535
1.0
0.9999293088912964
1.0
0.9963365793228149
0.9999997615814209
0.9950474500656128
0.9999997615814209
0.9923888444900513
1.0000003576278687
0.9986050724983215
1.0
0.9951945543289185
0.9999996423721313
0.9965558052062988
1.0000001192092896
0.9939596652984619
1.0
0.9726744890213013
1.0000001192092896
0.9971836805343628
1.0000001192092896
0.9964321851730347
1.000000238418579
0.9961545467376709
0.9999998211860657
0.9876277446746826
1.0000001192092896
0.9942257404327393
1.000000238418579
0.9971730709075928
0.9999996423721313
0.9974524974822998
1.0000001192092896
0.9941660165786743
1.0
0.9919403791427612
0.9999997615814209
0.9946277141571045
1.0
0.9919002652168274
1.0
0.9839166402816772
1.0000001192092896
0.9895241260528564
0.9999998807907104
0.9987820982933044
1.0
0.9899901151657104
1.0000001192092896
0.9988845586776733
1.0
0.981941819190979
1.0000003576278687
0.9962207674980164
0.9999997615814209
0.9961926937103271
1.0000001192092896
0.9991902112960815
1.0000001192092896
0.9975927472114563
1.000000238418579
0.9923567771911621
1.000000238418579
0.9963012933731079
1.000000238418579
0.9985474348068237
1.000000238418579
0.9666731357574463
0.9999997615814209
0.9884703755378723
1.0000003576278687
0.9958785176277161
0.9999998807907104
0.9997075200080872
1.000000238418579
0.998548150062561
0.9999995231628418
0.9975796937942505
1.0
0.9963406324386597
1.0
0.9992376565933228
1.0000001192092896
0.9671112895011902
1.0
0.990525484085083
0.9999997615814209
0.9867430329322815
0.9999999403953552
0.9908326268196106
0.9999998807907104
0.9902503490447998
1.0000001192092896
0.994509220123291
0.9999997615814209
0.9973859190940857
0.9999995827674866
0.9838685393333435
1.0000001192092896
0.9949795603752136
1.0000003576278687
0.9970153570175171
0.9999998807907104
0.9976017475128174
1.0
