7.621801853179932
5.126979351043701
3.598097324371338
7.037195205688477
12.61423397064209
3.784846544265747
13.384832382202148
6.06259298324585
12.919875144958496
6.760489463806152
6.678172588348389
8.712628364562988
10.58161735534668
4.736603736877441
14.270528793334961
5.594628810882568
10.98996639251709
4.900716781616211
6.079398155212402
7.469065189361572
12.420251846313477
6.031159400939941
10.00195598602295
7.275912284851074
7.646783351898193
6.037750244140625
15.535057067871094
6.014075756072998
4.131735801696777
5.492518424987793
8.699642181396484
10.700719833374023
10.242605209350586
12.87420654296875
9.789329528808594
10.111879348754883
9.803600311279297
5.112466335296631
4.9749436378479
5.724532127380371
10.706053733825684
4.015411853790283
13.14762020111084
8.130014419555664
5.503268718719482
6.778702259063721
7.7966766357421875
5.629505157470703
9.351597785949707
8.293041229248047
9.812150955200195
8.48961067199707
6.074800968170166
6.300084590911865
23.874433517456055
5.149656772613525
12.485320091247559
4.5954084396362305
19.141094207763672
4.574398517608643
6.3894429206848145
8.156716346740723
6.526050567626953
8.333645820617676
6.294539928436279
9.844154357910156
9.182304382324219
5.111793041229248
12.39625072479248
5.896458148956299
8.284900665283203
7.185031414031982
10.146268844604492
11.062799453735352
7.810949325561523
7.720376491546631
22.20579719543457
8.833810806274414
8.39041519165039
6.070786952972412
8.122673034667969
2.4986648559570312
5.884616374969482
8.094812393188477
12.354557037353516
4.736841678619385
10.301889419555664
8.01485538482666
10.240019798278809
6.613637447357178
4.952540874481201
7.071227550506592
10.740224838256836
6.052044868469238
9.677007675170898
7.654482364654541
9.250288009643555
4.27487850189209
7.099766254425049
8.233312606811523
4.674139022827148
11.78759765625
10.386407852172852
14.85451602935791
9.210953712463379
6.891844749450684
11.357597351074219
4.800832748413086
22.45059585571289
5.122318267822266
9.212418556213379
5.438541889190674
7.261776924133301
4.592445373535156
58.85220718383789
6.324280738830566
7.512033939361572
3.4358792304992676
12.553825378417969
5.3087286949157715
9.01439094543457
9.049607276916504
21.226696014404297
7.037055015563965
11.462559700012207
8.216851234436035
6.523068428039551
6.028247833251953
11.909156799316406
4.662475109100342
12.217920303344727
8.483222961425781
8.664754867553711
6.788025379180908
17.504688262939453
5.887661457061768
11.622175216674805
5.508737564086914
8.989164352416992
10.71786880493164
8.207124710083008
2.572418451309204
13.166661262512207
6.062956809997559
9.999399185180664
3.8468034267425537
15.459328651428223
5.765107154846191
12.067584037780762
7.8681511878967285
10.689543724060059
3.580742597579956
10.537890434265137
9.22677230834961
8.502114295959473
6.4001617431640625
9.049091339111328
5.101419448852539
13.128610610961914
4.591341018676758
11.201498031616211
7.586971759796143
11.372581481933594
6.22652006149292
10.32066535949707
6.145463466644287
11.821240425109863
6.319919109344482
5.13421106338501
6.498235702514648
13.469908714294434
10.79739761352539
5.592947959899902
5.018130302429199
21.6016845703125
9.275701522827148
8.118812561035156
9.347122192382812
8.005592346191406
6.258676528930664
14.786323547363281
7.358029842376709
11.318248748779297
13.538822174072266
14.34732437133789
6.433110237121582
8.274191856384277
8.412318229675293
8.65701961517334
8.023835182189941
8.319754600524902
5.5836968421936035
10.397271156311035
4.612180233001709
6.784728050231934
6.24617338180542
7.760031700134277
9.542864799499512
8.376545906066895
6.524820804595947
