-0.5821073055267334
-0.7388087511062622
-0.6319898366928101
-0.6978026032447815
-0.9781156182289124
-0.632361650466919
-0.8259820938110352
-0.6648979187011719
-1.1077516078948975
-0.554267942905426
-0.5757173299789429
-0.8189169764518738
-0.9572268128395081
-0.5787414908409119
-1.0909292697906494
-0.7486171126365662
-0.8412248492240906
-0.6883076429367065
-0.711135745048523
-1.245764970779419
-1.1628583669662476
-0.6723031997680664
-1.0201376676559448
-0.7353347539901733
-0.7387098073959351
-0.7080556750297546
-0.9413203597068787
-0.6167717576026917
-0.6056817173957825
-0.6214731335639954
-0.838672935962677
-0.9706851840019226
-0.8114960789680481
-0.7243659496307373
-0.7794080376625061
-0.7003558874130249
-0.8614600300788879
-0.6803704500198364
-0.7167633771896362
-0.6597470045089722
-0.8917152881622314
-0.48813390731811523
-0.944280743598938
-0.6995567083358765
-0.6907802820205688
-0.6963902711868286
-0.783187747001648
-0.7020246386528015
-0.792194664478302
-0.666904628276825
-0.8451075553894043
-0.7112943530082703
-0.7791962623596191
-0.7691017389297485
-0.9029541015625
-0.6651257872581482
-0.8986113667488098
-0.6219939589500427
-1.2186528444290161
-0.5404377579689026
-0.6101257801055908
-0.7588484883308411
-0.8729679584503174
-0.7464982271194458
-0.6939985156059265
-0.8428427577018738
-0.680762767791748
-0.7487331032752991
-0.9963608384132385
-0.6666187047958374
-0.7715908288955688
-0.6721162796020508
-0.7615403532981873
-0.764663815498352
-0.7221317887306213
-0.7221341133117676
-0.9087036848068237
-0.7410879731178284
-0.779727578163147
-0.8811364769935608
-0.8818884491920471
-0.5685185194015503
-0.8035712838172913
-0.9273305535316467
-0.7837141156196594
-0.5967656970024109
-0.9053918719291687
-0.750602662563324
-0.7004820108413696
-2.041210174560547
-0.6715927720069885
-0.7377004027366638
-0.7260096669197083
-0.6636924743652344
-0.9189386367797852
-0.7322107553482056
-0.7404066920280457
-0.7332282662391663
-1.0089507102966309
-0.7722621560096741
-0.7587621808052063
-1.0929685831069946
-1.0312814712524414
-0.8442970514297485
-0.871428906917572
-0.6470532417297363
-0.8288493752479553
-0.5942961573600769
-1.432462453842163
-0.600608229637146
-0.7769522666931152
-0.7004572153091431
-0.7991441488265991
-0.5561347007751465
-1.451900601387024
-0.930760383605957
-0.7893345355987549
-0.5795106887817383
-0.8377830982208252
-0.525381326675415
-0.8322985172271729
-0.875191330909729
-0.9499120712280273
-0.6824436783790588
-0.8896217346191406
-0.7648276686668396
-0.6419205069541931
-0.658916175365448
-0.9128121137619019
-0.699057400226593
-1.562308669090271
-0.7331406474113464
-1.0727224349975586
-0.6988347768783569
-0.8235704302787781
-0.9338258504867554
-0.7847232818603516
-0.7907317280769348
-0.7175551056861877
-0.7694491744041443
-0.7720219492912292
-0.3363874852657318
-0.9137519001960754
-0.7910563945770264
-0.829860508441925
-0.5389449000358582
-0.9598888754844666
-1.114006757736206
-0.8653086423873901
-1.832932710647583
-0.7948120832443237
-0.7241352200508118
-0.8718599677085876
-0.7410767674446106
-0.6639013886451721
-0.6242948174476624
-1.1016509532928467
-0.5320583581924438
-1.0671881437301636
-0.5793013572692871
-0.6647753715515137
-0.6272692680358887
-0.8107768893241882
-0.6146603226661682
-0.7978859543800354
-0.5669017434120178
-0.8815089464187622
-0.8018812537193298
-0.6961047053337097
-0.6519644260406494
-0.8132277131080627
-0.6495961546897888
-0.7684183120727539
-0.706816554069519
-1.147215485572815
-0.7354089617729187
-0.8156698346138
-0.7212138175964355
-1.0544122457504272
-0.8351141810417175
-0.8248088955879211
-0.761962354183197
-0.800470769405365
-0.7188001275062561
-0.7813579440116882
-0.7483065128326416
-0.8135586977005005
-0.7034704089164734
-0.9664807319641113
-0.842953085899353
-0.7350342273712158
-0.6493148803710938
-0.9259436130523682
-0.5486640334129333
-0.7795633673667908
-0.7547598481178284
-0.7685860991477966
-0.856572151184082
-0.8570852279663086
-0.8330814242362976
