0.99041748046875
1.0
0.9704113006591797
0.9999999403953552
0.9880797266960144
1.0
0.9857361912727356
1.0
0.9840917587280273
1.0
0.9824233055114746
0.9999998807907104
0.9879863858222961
1.0
0.9769428968429565
1.0
0.9804903864860535
0.9999999403953552
0.9792883396148682
1.0
0.9885877370834351
0.9999999403953552
0.9820438027381897
1.0
0.9926073551177979
0.9999998807907104
0.9819158911705017
1.0
0.9928957223892212
0.9999998211860657
0.9920008778572083
1.0
0.9838169813156128
1.0
0.9873673319816589
0.9999998807907104
0.9811343550682068
1.0
0.9960700869560242
0.9999999403953552
0.9872745871543884
0.9999999403953552
0.9773863554000854
1.0
0.9922934174537659
0.9999999403953552
0.9941039681434631
0.9999998807907104
0.9877500534057617
0.9999999403953552
0.9814995527267456
0.9999998807907104
0.9943731427192688
1.0
0.9825683832168579
1.0
0.9822062253952026
0.9999999403953552
0.969310462474823
0.9999999403953552
0.999556303024292
1.0
0.9962137341499329
1.0
0.9934837818145752
1.0
0.9793103337287903
1.0
0.9712510108947754
1.0
0.9848374724388123
1.0
0.9842371940612793
1.0
0.9877867102622986
0.9999998211860657
0.9884412884712219
1.0
0.9836044311523438
1.0
0.9924861192703247
0.9999999403953552
0.9942824244499207
1.0
0.9816730618476868
1.0
0.9819686412811279
1.0
0.9972608685493469
1.0
0.9918148517608643
1.0
0.9804487228393555
0.9999998807907104
0.9924376606941223
0.9999999403953552
0.9979625344276428
0.9999999403953552
0.9902458786964417
1.0
0.9910732507705688
0.9999998211860657
0.97996985912323
0.9999999403953552
0.9866465926170349
1.0
0.9785529375076294
0.9999998807907104
0.9696705341339111
1.0
0.9883296489715576
0.9999998807907104
0.9859403967857361
1.0
0.9665118455886841
1.0
0.9866062998771667
0.9999998807907104
0.9943088889122009
1.0
0.982634425163269
0.9999999403953552
0.9790216684341431
1.0
0.987447202205658
0.9999999403953552
0.988663911819458
1.0
0.9840067625045776
0.9999999403953552
0.984091579914093
1.0
0.9850601553916931
0.9999999403953552
0.9785794019699097
1.0
0.9836063981056213
0.9999999403953552
0.9920812249183655
0.9999998807907104
0.9881916046142578
1.0
0.9753797054290771
0.9999999403953552
0.9914553165435791
1.0
0.9725278615951538
1.0
0.9854280948638916
1.0
0.9843832850456238
0.9999999403953552
0.9783393144607544
1.0
0.9794809222221375
0.9999999403953552
0.9852111339569092
0.9999998807907104
0.9746538996696472
1.0
0.9957720041275024
0.9999999403953552
0.9832234978675842
0.9999999403953552
0.9817545413970947
1.0
0.989565372467041
1.0
0.9945665597915649
1.0000001192092896
0.9807294607162476
0.9999998807907104
0.992676854133606
1.0
0.9784387350082397
1.0
0.9898313879966736
1.0
0.9747562408447266
0.9999999403953552
0.989726185798645
1.0
0.9908549785614014
0.9999998807907104
0.9873691201210022
1.0
0.9888908267021179
0.9999999403953552
0.9885488748550415
1.0
0.9829055666923523
0.9999999403953552
0.986123263835907
1.0
0.9883800148963928
0.9999999403953552
0.9926099181175232
1.0
0.9882551431655884
0.9999999403953552
