0.993839945111956
1
0.9906960725784302
1
0.993647038936615
1
0.9938539266586304
1
0.9941984415054321
1
0.9941128889719645
1
0.9889170080423355
1
0.9789990782737732
1
0.9941123326619467
1
0.9922099954941693
1
0.9923057854175568
1
0.9933677415053049
1
0.9038087810788836
1
0.9931442141532898
1
0.9940994262695313
1
0.9943014638764518
1
0.991505578160286
1
0.9941187699635824
1
0.9936253428459167
1
0.9936801433563233
1
0.9943127582470576
1
0.9936497476365831
1
0.9931369324525198
1
0.9942830562591553
1
0.9938077330589294
1
0.9912647704283396
1
0.9942133724689484
1
0.993721091747284
1
0.7222839138869729
1
0.9856983025868734
1
0.9940893799066544
1
0.9937652746836344
1
0.8857860033296876
1
0.9943748457091195
1
0.9939593928200858
1
0.9940470357735952
1
0.9931790937076915
1
0.9943688048256768
1
0.9940068423748016
1
0.9928090572357178
1
0.9937700510025025
1
0.9940537333488464
1
0.8425936984519163
1
0.9941263645887375
1
0.9926618456840515
1
0.993069018636431
1
0.9943607913123237
1
0.9940439462661743
1
0.9938217997550964
1
0.9939486533403397
1
0.9931413054466247
1
0.994398832321167
1
0.9872774004936218
1
0.8805890584157573
1
0.9884724974632263
1
0.9931877255439758
1
0.9940075427293777
1
0.9945054650306702
1
0.9936624566713969
1
0.9939757883548737
1
0.9914734661579132
1
0.9941289027531942
1
0.9944618841012319
1
0.9225648313760757
1
0.9920769184827805
1
0.9937255024909973
1
0.9935755580663681
1
0.9939093112945556
1
0.9921844005584717
1
0.9938804030418396
1
0.992388163294111
1
0.9946667402982712
1
0.9928012639284134
1
0.9942756295204163
1
0.9919923543930054
1
0.9940132141113281
1
0.9937112689018249
1
0.993212362130483
1
0.9902347326278687
1
0.9928148814610073
1
0.9936927755673727
1
0.9940254417332736
1
0.9786224067211151
1
0.9927488068739573
1
0.9939668774604797
1
0.9917019506295522
1
0.9914319174630302
1
0.9937841693560282
1
0.9943487264893272
1
0.9937111139297485
1
0.992334358394146
1
0.994004637002945
1
0.7967797307297587
1
0.9913686513900757
1
0.9939170002937316
1
0.9574306011199951
1
0.9943175166845322
1
0.9942228272557259
1
0.9927927106618881
1
0.9854613959789276
1
