0.9731225464903551
1
0.9118460549997522
1
0.9261225440009422
1
0.9757372312399082
1
0.9490426592797785
1
0.9888459023848858
1
0.9465013555511473
1
0.9045515356807379
1
0.938040867446102
1
0.9431634211941905
1
0.9315982630620534
1
0.9528988136209258
1
0.9556208122559343
1
0.9069872958257714
1
0.971869297129901
1
0.9702138994782677
1
0.935027138352904
1
0.9408287309175515
1
0.9149139785793929
1
0.9805696757313913
1
0.9716320116900147
1
0.9532300015787034
1
0.9532774218788206
1
0.9729625458792126
1
0.9529264939048253
1
0.9504893292390978
1
0.9866569271974679
1
0.9599321831597222
1
0.915923286115594
1
0.899729905686937
1
0.9886303582795853
1
0.9489795918367347
1
0.9808229656025172
1
0.988698074484031
1
0.8930969273231179
1
0.9583144045289348
1
0.9609950420761233
1
0.9999998886941036
1
0.9284550669351637
1
0.9302141843076015
1
0.9603302715222101
1
0.9999995288388327
1
0.9658375561945004
1
0.9030075082305226
1
0.9831269786020916
1
0.9793660222177799
1
0.9669645878207193
1
0.9672771505848514
1
0.9888832779250657
1
0.9186422413793104
1
0.9877974431321817
1
0.9592476562666838
1
0.9255685671483665
1
0.9423827429463896
1
0.8928314534221382
1
0.9644740282134113
1
0.9483220626351996
1
0.8710513608986251
1
0.95379212358921
1
0.9999990931646378
1
0.960448823207444
1
0.9409111160614836
1
0.9538491439608241
1
0.9641834008966684
1
0.9206972506524106
1
0.981851938631671
1
0.9619551877695572
1
0.9435113083994568
1
0.9482447186872721
1
0.9797688880235638
1
0.9681413241012964
1
0.9532673167087344
1
0.9468440653905402
1
0.921390225509911
1
0.9334809886553741
1
0.934179494088239
1
0.9594232697287646
1
0.9902616627438809
1
0.9248866781783341
1
0.9115175454408223
1
0.9724509358843298
1
0.954011010629049
1
0.957607697438959
1
0.951401791754316
1
0.9893567821147692
1
0.9694360686431296
1
0.9784048193970775
1
0.9341993252466226
1
0.9857107294830463
1
0.9761665746012861
1
0.9661126018403642
1
0.9698965730533291
1
0.9292431336161814
1
0.9660609392198904
1
0.9711236831984799
1
0.9494459833795015
1
0.9302846366574186
1
0.9386711570753459
1
0.9772519851025124
1
0.9367144019243887
1
