6.807494640350342
5.126979351043701
3.5759363174438477
7.037195205688477
11.16126823425293
3.784846544265747
9.640923500061035
6.06259298324585
11.358606338500977
6.760489463806152
5.303694248199463
8.712628364562988
8.56927490234375
4.736603736877441
12.681400299072266
5.594628810882568
8.686415672302246
4.900716781616211
5.192673206329346
7.469065189361572
10.667999267578125
6.031159400939941
8.068379402160645
7.275912284851074
6.947650909423828
6.037750244140625
15.056145668029785
6.014075756072998
3.9722118377685547
5.492518424987793
8.140522956848145
10.700719833374023
8.207435607910156
12.87420654296875
8.63038158416748
10.111879348754883
9.25127124786377
5.112466335296631
4.558101654052734
5.724532127380371
9.555008888244629
4.015411853790283
9.162168502807617
8.130014419555664
5.249111175537109
6.778702259063721
6.99212121963501
5.629505157470703
9.053197860717773
8.293041229248047
7.37339973449707
8.48961067199707
6.101682186126709
6.300084590911865
17.861116409301758
5.149656772613525
9.702831268310547
4.5954084396362305
13.700526237487793
4.574398517608643
6.3894429206848145
8.156716346740723
6.526050567626953
8.333645820617676
5.7294721603393555
9.844154357910156
6.079370021820068
5.111793041229248
10.307782173156738
5.896458148956299
7.707127571105957
7.185031414031982
7.960055351257324
11.062799453735352
5.964468479156494
7.720376491546631
21.457252502441406
8.833810806274414
7.0437397956848145
6.070786952972412
7.514509201049805
2.4986648559570312
5.143475532531738
8.094812393188477
8.630752563476562
4.736841678619385
8.765094757080078
8.01485538482666
10.36012077331543
6.613637447357178
4.0966410636901855
7.071227550506592
7.1823930740356445
6.052044868469238
8.571319580078125
7.654482364654541
9.285726547241211
4.27487850189209
7.04128360748291
8.233312606811523
3.657134771347046
11.78759765625
8.359672546386719
14.85451602935791
9.210953712463379
6.891844749450684
9.300409317016602
4.800832748413086
16.697021484375
5.122318267822266
7.931729793548584
5.438541889190674
5.456404209136963
4.592445373535156
44.43928527832031
6.324280738830566
6.617305278778076
3.4358792304992676
9.164095878601074
5.3087286949157715
6.579456806182861
9.049607276916504
17.35515785217285
7.037055015563965
9.21203899383545
8.216851234436035
6.027150630950928
6.028247833251953
10.597542762756348
4.662475109100342
10.213933944702148
8.483222961425781
8.014366149902344
6.788025379180908
13.297374725341797
5.887661457061768
8.879140853881836
5.508737564086914
7.936373233795166
10.71786880493164
7.505590438842773
2.572418451309204
9.497469902038574
6.062956809997559
8.699408531188965
3.8468034267425537
11.700182914733887
5.765107154846191
10.604412078857422
7.8681511878967285
8.605876922607422
3.580742597579956
8.139513969421387
9.22677230834961
6.987156867980957
6.4001617431640625
8.139599800109863
5.101419448852539
9.997995376586914
4.591341018676758
11.011869430541992
7.586971759796143
8.698898315429688
6.22652006149292
8.21493148803711
6.145463466644287
10.938745498657227
6.319919109344482
4.525511264801025
6.498235702514648
9.812649726867676
10.79739761352539
5.4702839851379395
5.018130302429199
15.499078750610352
9.275701522827148
7.020555019378662
9.347122192382812
6.826035499572754
6.258676528930664
12.231202125549316
7.358029842376709
8.719476699829102
13.538822174072266
12.55683422088623
6.433110237121582
6.020990371704102
8.412318229675293
6.8268351554870605
8.023835182189941
7.7334208488464355
5.5836968421936035
8.598700523376465
4.612180233001709
6.357423782348633
6.24617338180542
6.071577548980713
9.542864799499512
7.487306594848633
6.524820804595947
