15.095620155334473
5.126979351043701
16.273218154907227
7.037195205688477
23.543481826782227
3.784846544265747
16.653173446655273
6.06259298324585
18.143001556396484
6.760489463806152
12.713958740234375
8.712628364562988
31.047334671020508
4.736603736877441
37.992950439453125
5.594628810882568
15.359451293945312
4.900716781616211
12.448175430297852
7.469065189361572
22.96969223022461
6.031159400939941
16.15346908569336
7.275912284851074
15.602910995483398
6.037750244140625
35.27987289428711
6.014075756072998
9.788680076599121
5.492518424987793
30.846227645874023
10.700719833374023
19.149311065673828
12.87420654296875
16.43770408630371
10.111879348754883
23.184154510498047
5.112466335296631
11.047993659973145
5.724532127380371
16.971555709838867
4.015411853790283
18.92181968688965
8.130014419555664
12.012062072753906
6.778702259063721
19.923324584960938
5.629505157470703
17.826719284057617
8.293041229248047
23.359575271606445
8.48961067199707
18.892059326171875
6.300084590911865
50.81231689453125
5.149656772613525
12.404886245727539
4.5954084396362305
27.016422271728516
4.574398517608643
22.0367488861084
8.156716346740723
26.286170959472656
8.333645820617676
10.976579666137695
9.844154357910156
14.69199275970459
5.111793041229248
22.597545623779297
5.896458148956299
11.523183822631836
7.185031414031982
17.413726806640625
11.062799453735352
12.349188804626465
7.720376491546631
69.12725067138672
8.833810806274414
23.010215759277344
6.070786952972412
17.67023277282715
2.4986648559570312
26.129465103149414
8.094812393188477
20.8154354095459
4.736841678619385
55.4228630065918
8.01485538482666
37.53047561645508
6.613637447357178
9.655786514282227
7.071227550506592
11.386486053466797
6.052044868469238
11.62588882446289
7.654482364654541
22.21317481994629
4.27487850189209
25.881528854370117
8.233312606811523
14.009300231933594
11.78759765625
20.36954689025879
14.85451602935791
22.33734703063965
6.891844749450684
18.415372848510742
4.800832748413086
29.594640731811523
5.122318267822266
13.493043899536133
5.438541889190674
20.263486862182617
4.592445373535156
44.66140365600586
6.324280738830566
28.87247085571289
3.4358792304992676
21.282093048095703
5.3087286949157715
11.99658203125
9.049607276916504
50.79737854003906
7.037055015563965
15.654862403869629
8.216851234436035
11.410065650939941
6.028247833251953
25.912073135375977
4.662475109100342
17.883996963500977
8.483222961425781
13.751148223876953
6.788025379180908
38.15248489379883
5.887661457061768
20.49067497253418
5.508737564086914
24.97413444519043
10.71786880493164
15.920538902282715
2.572418451309204
23.163766860961914
6.062956809997559
34.17543029785156
3.8468034267425537
21.008750915527344
5.765107154846191
25.50564193725586
7.8681511878967285
17.93436622619629
3.580742597579956
13.980424880981445
9.22677230834961
10.139023780822754
6.4001617431640625
11.60761547088623
5.101419448852539
11.28795337677002
4.591341018676758
33.23518753051758
7.586971759796143
13.434659957885742
6.22652006149292
19.55815887451172
6.145463466644287
31.063247680664062
6.319919109344482
17.667335510253906
6.498235702514648
26.866943359375
10.79739761352539
17.84372901916504
5.018130302429199
36.596580505371094
9.275701522827148
26.62676239013672
9.347122192382812
14.532764434814453
6.258676528930664
27.280376434326172
7.358029842376709
17.0938720703125
13.538822174072266
42.22879409790039
6.433110237121582
16.785219192504883
8.412318229675293
27.47887420654297
8.023835182189941
12.55033016204834
5.5836968421936035
15.927297592163086
4.612180233001709
9.345413208007812
6.24617338180542
30.529794692993164
9.542864799499512
30.43244171142578
6.524820804595947
