-0.6662158370018005
-0.7388087511062622
-0.9434001445770264
-0.6978026032447815
-1.2862060070037842
-0.632361650466919
-0.8502429723739624
-0.6648979187011719
-1.0123012065887451
-0.554267942905426
-0.7315094470977783
-0.8189169764518738
-0.9297338128089905
-0.5787414908409119
-0.9529672265052795
-0.7486171126365662
-0.7162498235702515
-0.6883076429367065
-0.758023738861084
-1.245764970779419
-1.1582703590393066
-0.6723031997680664
-0.9792435765266418
-0.7353347539901733
-0.7717121839523315
-0.7080556750297546
-0.9335440397262573
-0.6167717576026917
-0.7212053537368774
-0.6214731335639954
-0.9336483478546143
-0.9706851840019226
-0.8459330797195435
-0.7243659496307373
-0.8264079093933105
-0.7003558874130249
-0.8991953730583191
-0.6803704500198364
-0.8813965320587158
-0.6597470045089722
-0.8261795043945312
-0.48813390731811523
-0.8377685546875
-0.6995567083358765
-0.9157432317733765
-0.6963902711868286
-0.8982852101325989
-0.7020246386528015
-0.7661349773406982
-0.666904628276825
-0.8626303672790527
-0.7112943530082703
-1.0905412435531616
-0.7691017389297485
-1.0829570293426514
-0.6651257872581482
-0.7802072763442993
-0.6219939589500427
-1.0830215215682983
-0.5404377579689026
-0.7880898714065552
-0.7588484883308411
-1.150037407875061
-0.7464982271194458
-0.67802494764328
-0.8428427577018738
-0.6783589124679565
-0.7487331032752991
-0.9170474410057068
-0.6666187047958374
-0.7668803930282593
-0.6721162796020508
-0.7355563640594482
-0.764663815498352
-0.6984698176383972
-0.7221341133117676
-1.0667811632156372
-0.7410879731178284
-0.8190170526504517
-0.8811364769935608
-0.9339292645454407
-0.5685185194015503
-0.8911016583442688
-0.9273305535316467
-0.7416099309921265
-0.5967656970024109
-1.0158798694610596
-0.750602662563324
-0.8497433066368103
-2.041210174560547
-0.7186720967292786
-0.7377004027366638
-0.6822092533111572
-0.6636924743652344
-0.8948571681976318
-0.7322107553482056
-0.9351485967636108
-0.7332282662391663
-1.0631754398345947
-0.7722621560096741
-0.8604338765144348
-1.0929685831069946
-0.8749582767486572
-0.8442970514297485
-0.9076395630836487
-0.6470532417297363
-0.7550399899482727
-0.5942961573600769
-1.2011823654174805
-0.600608229637146
-0.6888039112091064
-0.7004572153091431
-0.8544996380805969
-0.5561347007751465
-1.6201257705688477
-0.930760383605957
-0.8008601069450378
-0.5795106887817383
-0.8637908101081848
-0.525381326675415
-0.7560834288597107
-0.875191330909729
-1.078525185585022
-0.6824436783790588
-0.7943987846374512
-0.7648276686668396
-0.6670827269554138
-0.658916175365448
-0.8871684074401855
-0.699057400226593
-1.1360387802124023
-0.7331406474113464
-1.0338267087936401
-0.6988347768783569
-0.7857104539871216
-0.9338258504867554
-0.8531246781349182
-0.7907317280769348
-0.836006760597229
-0.7694491744041443
-0.8755748867988586
-0.3363874852657318
-0.8345662355422974
-0.7910563945770264
-0.8919839262962341
-0.5389449000358582
-0.9255689978599548
-1.114006757736206
-0.820941686630249
-1.832932710647583
-0.8602204918861389
-0.7241352200508118
-0.8288117051124573
-0.7410767674446106
-0.6363885998725891
-0.6242948174476624
-0.8613942265510559
-0.5320583581924438
-0.8828108310699463
-0.5793013572692871
-0.8285456299781799
-0.6272692680358887
-0.8074538707733154
-0.6146603226661682
-0.8423516750335693
-0.5669017434120178
-0.9058063626289368
-0.8018812537193298
-0.7722485065460205
-0.6519644260406494
-1.0078933238983154
-0.6495959758758545
-0.8114381432533264
-0.706816554069519
-1.0818456411361694
-0.7354089617729187
-1.0005536079406738
-0.7212138175964355
-0.9568358063697815
-0.8351141810417175
-1.0186219215393066
-0.761962354183197
-0.9535766839981079
-0.7188001275062561
-0.7908702492713928
-0.7483065128326416
-0.8003085851669312
-0.7034704089164734
-0.9365060329437256
-0.842953085899353
-0.7054835557937622
-0.6493148803710938
-0.8574585914611816
-0.5486640334129333
-0.6740226149559021
-0.7547598481178284
-0.8870452046394348
-0.856572151184082
-0.9096253514289856
-0.8330814242362976
