24.22026252746582
5.126979351043701
17.213932037353516
7.037195205688477
43.71585464477539
3.784846544265747
29.441099166870117
6.06259298324585
28.17373275756836
6.760489463806152
20.603086471557617
8.712628364562988
52.090675354003906
4.736603736877441
67.6898193359375
5.594628810882568
23.797386169433594
4.900716781616211
24.01468849182129
7.469065189361572
40.839149475097656
6.031159400939941
29.223432540893555
7.275912284851074
26.393299102783203
6.037750244140625
46.09313201904297
6.014075756072998
10.997811317443848
5.492518424987793
49.1407470703125
10.700719833374023
24.632795333862305
12.87420654296875
29.673858642578125
10.111879348754883
33.07413101196289
5.112466335296631
13.952120780944824
5.724532127380371
34.172874450683594
4.015411853790283
41.743350982666016
8.130014419555664
17.619157791137695
6.778702259063721
19.927993774414062
5.629505157470703
29.90237808227539
8.293041229248047
26.481094360351562
8.48961067199707
20.68592071533203
6.300084590911865
80.58032989501953
5.149656772613525
29.785104751586914
4.5954084396362305
43.11178207397461
4.574398517608643
35.51395034790039
8.156716346740723
33.27293395996094
8.333645820617676
20.8507022857666
9.844154357910156
22.24562644958496
5.111793041229248
52.07130813598633
5.896458148956299
20.154468536376953
7.185031414031982
33.100982666015625
11.062799453735352
25.4987735748291
7.720376491546631
73.46903991699219
8.833810806274414
34.341712951660156
6.070786952972412
31.614185333251953
2.4986648559570312
35.57640838623047
8.094812393188477
45.80302429199219
4.736841678619385
71.24188232421875
8.01485538482666
53.463623046875
6.613637447357178
16.1840877532959
7.071227550506592
18.639202117919922
6.052044868469238
18.768329620361328
7.654482364654541
29.657333374023438
4.27487850189209
45.41355895996094
8.233312606811523
17.657468795776367
11.78759765625
35.964107513427734
14.85451602935791
41.698997497558594
6.891844749450684
32.65284729003906
4.800832748413086
42.65250778198242
5.122318267822266
20.454477310180664
5.438541889190674
30.61890983581543
4.592445373535156
55.974388122558594
6.324280738830566
63.85867691040039
3.4358792304992676
42.07405090332031
5.3087286949157715
27.047273635864258
9.049607276916504
84.13355255126953
7.037055015563965
28.54456901550293
8.216851234436035
16.045141220092773
6.028247833251953
39.827606201171875
4.662475109100342
28.253833770751953
8.483222961425781
33.87873077392578
6.788025379180908
55.12656021118164
5.887661457061768
31.877971649169922
5.508737564086914
30.628873825073242
10.71786880493164
30.27916717529297
2.572418451309204
33.869693756103516
6.062956809997559
57.37907791137695
3.8468034267425537
21.073850631713867
5.765107154846191
26.96412467956543
7.8681511878967285
25.452926635742188
3.580742597579956
22.512256622314453
9.22677230834961
20.38233757019043
6.4001617431640625
15.238809585571289
5.101419448852539
18.60218620300293
4.591341018676758
33.23518753051758
7.586971759796143
18.78766632080078
6.22652006149292
33.71607208251953
6.145463466644287
62.35260009765625
6.319919109344482
31.49136734008789
6.498235702514648
43.24397277832031
10.79739761352539
22.05368995666504
5.018130302429199
70.15583801269531
9.275701522827148
37.065738677978516
9.347122192382812
23.6347599029541
6.258676528930664
38.157413482666016
7.358029842376709
37.369712829589844
13.538822174072266
49.17626190185547
6.433110237121582
22.483652114868164
8.412318229675293
40.73422622680664
8.023835182189941
21.489912033081055
5.5836968421936035
25.735408782958984
4.612180233001709
19.186716079711914
6.24617338180542
32.24801254272461
9.542864799499512
44.29975509643555
6.524820804595947
