0.7037769489744511
1
0.5149137436922602
1
0.7425686900958467
1
0.7150506744857705
1
0.8365391729422645
1
0.6653164722248253
1
0.7316343490304709
1
0.6244562732292973
1
0.713223191858508
1
0.6620856525778354
1
0.7088388199044804
1
0.6947818791946309
1
0.7687385542064106
1
0.6941363636363637
1
0.7237798546209762
1
0.6829850112029668
1
0.7688832211595229
1
0.6484003352620615
1
0.7277463957965773
1
0.7754641045453018
1
0.6669784113511958
1
0.622401631681822
1
0.7510262855501292
1
0.7803324945928916
1
0.7432817481017794
1
0.741016554440507
1
0.767451851851852
1
0.7239562500000001
1
0.7878274479891606
1
0.707923797830215
1
0.7663128257380389
1
0.5839935813860194
1
0.7928503330935294
1
0.7782337727558066
1
0.6633580774507815
1
0.7178104280407755
1
0.7530179961820588
1
0.6931941661797034
1
0.6606610930578458
1
0.6893332015631242
1
0.7276283841401892
1
0.7300107588397531
1
0.7085928200527887
1
0.6695955635878366
1
0.7744332933513505
1
0.7827123014933957
1
0.7772237076800245
1
0.8282718028192935
1
0.7664133358353662
1
0.6766897478446467
1
0.7727319959590129
1
0.7040403456184116
1
0.7308239465614611
1
0.7137038919042686
1
0.7620094736877652
1
0.7782443657674623
1
0.6896907216494845
1
0.7032145928899083
1
0.6877059119273653
1
0.6903980352303523
1
0.7233162358802057
1
0.7260555205228159
1
0.7216101834801072
1
0.7284949756661181
1
0.6812349928815793
1
0.7341856042894104
1
0.6712551750414174
1
0.6566970685811648
1
0.7565391496975377
1
0.7768606643010824
1
0.6579372739115589
1
0.731306837529796
1
0.7181890951633262
1
0.6862667898792171
1
0.7319717879070187
1
0.7388368769270298
1
0.750610275731609
1
0.8250991676867033
1
0.817391749705894
1
0.7867744478258409
1
0.7376501014102662
1
0.7169429085394476
1
0.7809702660406885
1
0.6317518541685283
1
0.7100043905319926
1
0.7208589767294434
1
0.723312931287623
1
0.7007176766225891
1
0.6693121693121693
1
0.7920643111814063
1
0.7264838331424583
1
0.7385076967566845
1
0.704059093516925
1
0.66882616612971
1
0.6845085470085469
1
0.7638619538394542
1
0.7139169211587407
1
0.7443866459735429
1
0.6690000916191393
1
0.6629163412941647
1
