0.8571130927005575
1
0.5149137436922602
1
0.8655573913371258
1
0.8987859313364663
1
0.9137098298676749
1
0.793375402743945
1
0.7942560243662099
1
0.7609318049278322
1
0.8861991254386957
1
0.8464255583797523
1
0.8415194585448392
1
0.8609466316618849
1
0.9164500810753446
1
0.8343265154944647
1
0.7541483883272934
1
0.7724659281982978
1
0.8165450065309774
1
0.8392653506441994
1
0.7982040526696162
1
0.8199721174677044
1
0.8633940328413705
1
0.7903226868618989
1
0.8322104899088545
1
0.8003922324316167
1
0.8904770459266668
1
0.8143442748155205
1
0.8167800453514737
1
0.8174785308495177
1
0.903709233163392
1
0.828840948077832
1
0.8442743090531353
1
0.633576664414846
1
0.8869916367316666
1
0.8272331982862904
1
0.8203382474992267
1
0.8805954891256252
1
0.8571390163560152
1
0.847719663187435
1
0.7017974077586598
1
0.7858919562780268
1
0.824873068621741
1
0.8014495400485468
1
0.8542724597235344
1
0.7630780076200947
1
0.837516339869281
1
0.9014584326698395
1
0.9026423255813953
1
0.9203190032214829
1
0.8338510848126233
1
0.7759922589725545
1
0.8296025635114574
1
0.8694438932313724
1
0.8331946332754341
1
0.8441482491603619
1
0.8481478124635842
1
0.9064298387493671
1
0.8333792255096651
1
0.7626742008190215
1
0.8029219049648413
1
0.8575570565267248
1
0.8837500265893493
1
0.7794499998386102
1
0.8757860865577589
1
0.8677124024135664
1
0.7906626506024096
1
0.8362386763494797
1
0.8983923269260822
1
0.7642064402929919
1
0.8456997110548282
1
0.8222419434869187
1
0.7967250218150087
1
0.8263320030805853
1
0.8345747163282721
1
0.801887752914952
1
0.7808700832841009
1
0.845547323074485
1
0.8683151647383095
1
0.8961352657004832
1
0.8860615303928349
1
0.9183114443732204
1
0.7376501014102662
1
0.8583126784881435
1
0.8397783626553169
1
0.8368099481853606
1
0.7937824135638297
1
0.8295382603024142
1
0.7746492263241977
1
0.8233926153175465
1
0.7385665353215379
1
0.882139559424878
1
0.813184362849763
1
0.8900751879699248
1
0.7968571794167806
1
0.7525696835275425
1
0.7955030609528879
1
0.8728066145722048
1
0.8449513024366361
1
0.8853763758090273
1
0.7914507488075196
1
0.7669504696011976
1
