0.971717894077301
1.0
0.9284805059432983
0.9999999403953552
0.9659296274185181
1.0
0.9817454218864441
1.0
0.9806340336799622
0.9999999403953552
0.9700399041175842
0.9999998807907104
0.9574975371360779
1.0
0.9541993141174316
0.9999999403953552
0.9746214747428894
0.9999999403953552
0.9632530212402344
0.9999999403953552
0.9677936434745789
0.9999999403953552
0.972398579120636
0.9999999403953552
0.9706545472145081
0.9999998807907104
0.9674439430236816
1.0
0.9507603049278259
0.9999998211860657
0.9598096609115601
0.9999999403953552
0.9657041430473328
1.0
0.9697490334510803
0.9999998807907104
0.9668402075767517
0.9999999403953552
0.9682064652442932
0.9999999403953552
0.9777441024780273
0.9999999403953552
0.9690963625907898
0.9999999403953552
0.968743085861206
0.9999999403953552
0.9633755683898926
0.9999999403953552
0.9682429432868958
0.9999999403953552
0.9582726359367371
0.9999999403953552
0.9565983414649963
1.0
0.9642738699913025
1.0
0.9829717874526978
0.9999999403953552
0.96847003698349
0.9999999403953552
0.9686873555183411
0.9999999403953552
0.9497923254966736
1.0
0.9793127179145813
1.0
0.9685996770858765
1.0
0.9617455005645752
1.0
0.9713817238807678
1.0
0.9701599478721619
1.0
0.9750854969024658
0.9999998211860657
0.9532337784767151
1.0
0.9557411074638367
1.0
0.9637157917022705
0.9999999403953552
0.9553276896476746
1.0
0.9702264070510864
1.0
0.9500012397766113
1.0
0.9602100253105164
1.0
0.9730947613716125
1.0
0.9787355661392212
0.9999998807907104
0.9896039366722107
0.9999999403953552
0.9691960215568542
0.9999999403953552
0.9483581781387329
1.0
0.9641389846801758
0.9999998211860657
0.9729688763618469
0.9999999403953552
0.9564787149429321
1.0
0.9682614803314209
0.9999998807907104
0.9664765000343323
1.0
0.9768572449684143
0.9999998807907104
0.9661051034927368
1.0
0.9617592096328735
1.0
0.953826367855072
0.9999998807907104
0.9671738147735596
1.0
0.9744226336479187
0.9999999403953552
0.9562363028526306
1.0
0.9767675995826721
0.9999999403953552
0.975153923034668
1.0
0.9578122496604919
0.9999999403953552
0.9753484129905701
1.0
0.9725908637046814
0.9999999403953552
0.9629054069519043
1.0
0.9684482216835022
0.9999999403953552
0.9661127924919128
0.9999998807907104
0.9717803001403809
1.0
0.9652427434921265
0.9999999403953552
0.9629262685775757
1.0
0.9710606932640076
1.0
0.9687523245811462
1.0
0.9721575379371643
0.9999999403953552
0.9696147441864014
1.0
0.9793270826339722
0.9999999403953552
0.9745977520942688
0.9999998807907104
0.984081506729126
1.0
0.9646419286727905
0.9999999403953552
0.9747593402862549
0.9999999403953552
0.9640882015228271
1.0
0.9635004997253418
1.0
0.9643027186393738
1.0000001192092896
0.9553752541542053
0.9999998807907104
0.9576059579849243
1.0
0.9667225480079651
1.0
0.9532393217086792
1.0
0.9658898115158081
0.9999999403953552
0.9659952521324158
1.0
0.9754721522331238
0.9999998807907104
0.9599518775939941
1.0
0.9609535336494446
0.9999999403953552
0.9631146788597107
1.0
0.9749069809913635
0.9999999403953552
0.9721313714981079
1.0
0.9815401434898376
0.9999999403953552
0.9619597792625427
1.0
0.9589571356773376
0.9999999403953552
