0.9766555343355451
1.0000000298023224
0.9358817636966705
0.9999999478459358
0.9644020050764084
0.9999999523162841
0.9830779314041138
1.0000000132454767
0.9825779944658279
0.9999999602635702
0.97622383137544
0.9999999478459358
0.9629466086626053
0.9999999403953552
0.9630159854888916
1.0
0.9809021651744843
0.9999999850988388
0.9780527423409855
0.9999999180436134
0.973796159029007
1.0
0.9779722889264425
1.0000000198682149
0.9729538985661098
0.9999999470180936
0.9716613094011942
0.9999999271498786
0.9602924346923828
1.0
0.9679651515824454
0.9999999552965164
0.9731377810239792
0.9999999880790711
0.9760541783438789
1.0
0.9714938402175903
0.9999999701976776
0.9804286599159241
1.0000000085149492
0.9828033546606699
0.9999999850988388
0.9756367140346103
0.9999999744551522
0.9714817007382711
0.9999999523162841
0.9709441065788269
1.0000000298023224
0.9778749048709869
0.9999999701976776
0.9655381441116333
0.9999999552965164
0.9700441509485245
0.999999925494194
0.9711004018783569
0.9999999403953552
0.9838559372084481
0.9999999674883756
0.9525632659594218
0.9999999829701015
0.9746410846710205
0.9999999829701015
0.9537508686383566
0.999999980131785
0.9855321844418844
1.0000000238418578
0.9758574536868504
1.0
0.9744108830179486
0.9999999582767487
0.9812007248401642
1.0000000198682149
0.9811380939050154
1.0000000198682149
0.9847477542029487
0.9999999523162841
0.9606876373291016
0.9999999880790711
0.9639871269464493
0.9999999850988388
0.9767684459686279
1.0
0.9621096134185791
0.9999999403953552
0.9762979944547018
1.000000011920929
0.9554348886013031
1.0000000596046448
0.9612228989601135
0.9999999783255837
0.9770202040672302
0.9999999503294627
0.9804266757435269
1.0000000425747462
0.9918388843536377
0.9999999761581421
0.976157009601593
1.000000005418604
0.9556694179773331
0.9999999489103045
0.9713332891464234
0.9999999602635702
0.9770654340585073
1.0
0.9673151969909668
0.999999965940203
0.9770489666197035
0.9999999304612478
0.9740342259407043
0.9999999284744263
0.9829631805419922
1.0000000298023224
0.9702099859714508
1.0
0.9617591500282288
1.0000000596046448
0.9611833592255911
0.9999999701976776
0.9794484674930573
0.9999999602635702
0.9812899008393288
0.9999999403953552
0.9666615525881449
0.9999999602635702
0.979958693186442
0.9999999403953552
0.9841523170471191
0.9999999105930328
0.9654335230588913
0.9999999933772616
0.9802571296691894
0.9999999701976776
0.9758971929550171
0.9999999523162841
0.9660034418106079
0.9999999880790711
0.979844257235527
0.9999999850988388
0.9710785031318665
0.9999999403953552
0.9792310425213405
0.9999999552965164
0.973584309220314
0.9999999403953552
0.967329740524292
0.9999999701976776
0.9725395043691
0.9999999602635702
0.9712214767932892
0.9999999180436134
0.9817106485366821
0.9999999900658926
0.9814158856868744
0.9999999880790711
0.982385343975491
1.0000000085149492
0.977916247314877
0.9999999574252537
0.9886234317507062
1.000000005418604
0.9665769139925638
0.9999999735090468
0.9754873459989374
1.0000000132454767
0.9760022064050039
0.999999975456911
0.9690358440081278
0.9999999165534973
0.9724275171756744
1.0000000298023224
0.9654596547285715
0.9999999880790711
0.9735465220042637
1.0000000198682149
0.9690308372179667
0.9999999523162841
0.9649064432490956
0.999999925494194
0.9733160436153412
0.9999999574252537
0.9727814644575119
0.9999999850988388
0.9783621331055959
1.0000000298023224
0.9664938688278198
0.9999999403953552
0.9641069769859314
0.9999999602635702
0.9720766067504882
0.9999999552965164
0.9811983505884806
0.999999980131785
0.9729935675859451
0.9999999668863084
0.9856547266244888
1.0
0.959761381149292
0.9999999105930328
0.9666837871074676
1.0
