0.9916939820562091
1
0.585910975933075
1
0.994165763258934
1
0.9880434036254883
1
0.9939881265163422
1
0.9538504083951315
1
0.9935296326875687
1
0.9939777970314025
1
0.994279126326243
1
0.8090174184523194
1
0.9885724484920502
1
0.9734887778759003
1
0.9918445093291146
1
0.9915173252423605
1
0.7964444218203426
1
0.927295412336077
1
0.9928088486194611
1
0.9021202110581927
1
0.9933136701583862
1
0.991990840435028
1
0.994231233994166
1
0.9937665263811747
1
0.8801203519105911
1
0.9937722086906433
1
0.8960728086531162
1
0.9937256673971812
1
0.7089585242792964
1
0.9922758340835571
1
0.9940552881785801
1
0.9108605533838272
1
0.9939152300357819
1
0.9917525847752889
1
0.9540579848819308
1
0.9941810028893607
1
0.9937914780208043
1
0.9927920997142792
1
0.9919111403551969
1
0.9941291875309415
1
0.9768918603658676
1
0.989261195063591
1
0.9838794708251953
1
0.9929062128067017
1
0.9942938089370728
1
0.9938549548387527
1
0.988841426372528
1
0.8547329298619714
1
0.9941670497258505
1
0.9940510571002961
1
0.7819474637508392
1
0.9919368922710419
1
0.9013024806976319
1
0.9939991037050883
1
0.9902427673339844
1
0.9941789640320672
1
0.9931895732879639
1
0.9926344156265259
1
0.992259070277214
1
0.99456387758255
1
0.9675331910451254
1
0.7469528408255428
1
0.992366723716259
1
0.6701089056829611
1
0.9941372076670328
1
0.9929866194725037
1
0.992247611284256
1
0.9836848855018616
1
0.9929661452770233
1
0.9882773756980896
1
0.994075670838356
1
0.9873958349227905
1
0.99149808713368
1
0.9945872724056244
1
0.9769409894943237
1
0.9936448931694031
1
0.9941480755805969
1
0.8853304862976075
1
0.9827527821063995
1
0.9926673571268717
1
0.992335405614641
1
0.9931709510939462
1
0.9785719911257426
1
0.9887987266887318
1
0.8304399896102647
1
0.9886310597260793
1
0.755995849147439
1
0.9433944622675577
1
0.982966457094465
1
0.9525625507036845
1
0.9933309013193304
1
0.9939960837364197
1
0.8940601609647274
1
0.9874333341916403
1
0.9915346503257751
1
0.9904875854651133
1
0.9906152009963989
1
0.9939999431371689
1
0.9912341386079788
1
0.9943094253540039
1
0.9923825263977051
1
0.9851761937141419
1
