0.7915227371758033
1
0.5149137436922602
1
0.8160561757838694
1
0.7751487008243765
1
0.8464947607625299
1
0.7458139686691804
1
0.7853390665591687
1
0.6628131041890439
1
0.7724280094833839
1
0.7351592448025966
1
0.7847530369148208
1
0.7887147055319487
1
0.8531352992005974
1
0.7576626186144846
1
0.7237798546209762
1
0.6982596528051073
1
0.7940813620044059
1
0.703763122073757
1
0.7621894960212202
1
0.7754641045453018
1
0.7857727367888484
1
0.6830518414894022
1
0.7995681581685744
1
0.7803324945928916
1
0.8274647887323945
1
0.7769123607096547
1
0.7853390665591687
1
0.7566567519333729
1
0.8360831194759059
1
0.7678930716293108
1
0.7732401128924635
1
0.6047457627118644
1
0.8252057941947856
1
0.7994583741887284
1
0.7423886745763112
1
0.7885301145788741
1
0.7999326099512356
1
0.7394914965986396
1
0.6761808745114747
1
0.7262181036355454
1
0.7829439100959472
1
0.769838492454851
1
0.8092067226890758
1
0.686425420449197
1
0.8086478587121547
1
0.8537290705713663
1
0.8260764898255814
1
0.8932697003167209
1
0.7945145679012348
1
0.7103992382506972
1
0.8110389062368132
1
0.7667895362663496
1
0.7402939214939025
1
0.7850594075520835
1
0.8004752177576268
1
0.8338249754178958
1
0.7246914954104672
1
0.7626742008190215
1
0.7067819754210287
1
0.7132686987639908
1
0.7782847129943189
1
0.731902355394405
1
0.8228523973309441
1
0.8149245260234271
1
0.7175717388159247
1
0.7889533978422868
1
0.7736978503482886
1
0.6639835321422567
1
0.7902102126288659
1
0.8143619381534338
1
0.7359084178621449
1
0.7420515210679037
1
0.7526608892807046
1
0.7440828046905037
1
0.7350914213237854
1
0.7731130469126866
1
0.802253351182931
1
0.8520091683015717
1
0.8311806966518632
1
0.8810024337440103
1
0.7376501014102662
1
0.7896747020462231
1
0.8417730811677827
1
0.768011754065857
1
0.7478199473916525
1
0.7666986431290918
1
0.7391017251200216
1
0.7641465677179964
1
0.6723072150910008
1
0.8169338480372446
1
0.761455997792302
1
0.7964463142272531
1
0.704059093516925
1
0.66882616612971
1
0.698054282974643
1
0.8137015102409034
1
0.7782311816689278
1
0.8329318210911804
1
0.7285690763604907
1
0.6948674332374531
1
