0.9149654507637024
1.0000003576278687
0.9491448402404785
1.0000001192092896
0.9670352339744568
0.9999998807907104
0.9299941658973694
1.000000238418579
0.9881802201271057
0.9999998807907104
0.9698932766914368
1.0000004768371582
0.9172750115394592
1.0
0.9776288270950317
1.000000238418579
0.9755202531814575
0.9999998807907104
0.9708145260810852
0.9999999403953552
0.9194721579551697
1.0000001192092896
0.9337639808654785
0.9999997019767761
0.9848939180374146
1.0000004768371582
0.9346224665641785
0.999999463558197
0.9794835448265076
1.0
0.9884740710258484
0.9999998211860657
0.9811872839927673
0.9999997019767761
0.9807953834533691
1.0000001192092896
0.9796172976493835
0.9999998807907104
0.975346565246582
1.0000001192092896
0.9790723919868469
1.0000003576278687
0.9614422917366028
1.0000001192092896
0.9596180319786072
1.000000238418579
0.9851078987121582
0.9999999403953552
0.921758234500885
0.9999995231628418
0.9738119840621948
0.9999997019767761
0.9792616367340088
1.000000238418579
0.9437398314476013
0.9999998211860657
0.938087522983551
1.000000238418579
0.8381949067115784
0.9999996423721313
0.9440335035324097
0.9999997019767761
0.9838870763778687
1.0000003576278687
0.9744344353675842
0.9999997019767761
0.9877532720565796
0.9999999403953552
0.9612026214599609
1.0
0.9544530510902405
1.0
0.9697465300559998
0.9999998807907104
0.9618061780929565
0.9999997019767761
0.9055389165878296
1.0000008344650269
0.9903602600097656
1.0
0.9703835844993591
1.0000005960464478
0.9900142550468445
0.9999995827674866
0.9675132036209106
0.999999463558197
0.84949791431427
1.0
0.9529646635055542
1.0
0.9647056460380554
0.9999998807907104
0.9884556531906128
1.0
0.9154671430587769
1.0
0.9794588685035706
0.9999997615814209
0.9462260007858276
1.0000003576278687
0.9707444310188293
0.9999999403953552
0.9730412364006042
0.9999994039535522
0.9913215041160583
0.9999998211860657
0.9696726202964783
1.0000001192092896
0.9832121729850769
0.9999997615814209
0.9766885042190552
1.000000238418579
0.8933081030845642
1.0000003576278687
0.9690324664115906
1.0
0.9672715663909912
1.0000003576278687
0.9902280569076538
1.0
0.9639490842819214
1.0
0.9675085544586182
1.0000001192092896
0.9737619757652283
0.9999998211860657
0.9681966304779053
1.0000003576278687
0.9603848457336426
1.0000003576278687
0.8381173014640808
1.0
0.9808682203292847
1.0000003576278687
0.9649984836578369
0.9999996423721313
0.9671488404273987
1.0000005960464478
0.8150361776351929
1.000000238418579
0.9540525078773499
1.0000003576278687
0.977635383605957
1.0
0.9589462876319885
0.9999996423721313
0.9441843628883362
1.0000003576278687
0.9904972314834595
1.000000238418579
0.9367052912712097
1.0
0.9860681295394897
1.000000238418579
0.9679237008094788
1.0
0.9601294994354248
0.9999998807907104
0.9727915525436401
0.9999998211860657
0.9445957541465759
1.0000003576278687
0.9550889730453491
1.0000007152557373
0.924919605255127
0.9999998807907104
0.9724578857421875
1.0000001192092896
0.9655665159225464
1.0000004768371582
0.8922370076179504
1.000000238418579
0.9730945825576782
1.0000004768371582
0.9765856862068176
1.0
0.9774274230003357
0.9999997615814209
0.9829738140106201
1.0
0.9620285630226135
0.9999998211860657
0.9750511050224304
1.0000003576278687
0.9772863984107971
0.9999999403953552
0.9849578738212585
1.0000009536743164
0.9628427028656006
1.0
0.951790452003479
1.000000238418579
0.9492127895355225
1.0000001192092896
0.9119426608085632
0.9999993443489075
0.9678124785423279
1.0
0.941010057926178
1.000000238418579
