[[21, 12, 7, 18, 0, 5], [22, 2, 11], [11, 15, 19, 3], [14, 11, 23], [2, 9, 3], [15, 18, 8, 2], [37, 7, 15, 25]]
[]
[[27, 39, 54, 0, 18, 40, 5], [32, 42, 52, 63, 74, 82, 9, 4, 35, 26, 33, 43, 53, 56, 64, 75, 83, 11, 17, 77, 85, 5, 24]]
[]
[[3, 15, 2, 9, 8], [43, 47, 52, 4], [20, 2, 16, 19], [9, 20, 2]]
[]
[[18, 11, 0], [9, 10, 6], [8, 23, 17], [45, 27, 30, 33], []]
[]
[[17, 5, 8], [19, 14], [11, 6], [34, 4, 11]]
[]
[[15, 11, 18, 21, 14], [21, 1, 8], [2, 4, 7, 26], [14, 18, 22, 3], [8, 5, 11, 0], [18, 0], [0, 4], [9, 1, 5], [5, 16, 21, 24, 34], [1, 5, 3, 11], [11, 36, 20], [1, 23, 2, 15, 0, 25, 24]]
[]
[[11, 3, 2, 9, 10], [13, 2, 8], [5, 10, 15, 2, 1], [9, 6, 16]]
[]
[[6, 8, 11, 15, 3, 12, 2, 10], [9, 18, 2, 1, 14, 12], [2], [7, 2], [4, 23, 10, 11, 31, 7, 1]]
[]
[[17, 7, 0, 3, 13], [10, 1], [15, 12, 2, 9], [2, 11, 17], [0], [25, 11, 14]]
[]
[[11, 6, 0], [8, 4, 14, 2, 5, 19, 18], [11, 5, 8], [2, 7, 15], [5, 8, 18], [3, 26, 28, 24, 4], [], [2, 3], [11, 1, 14, 7], [2], [14, 7], [2, 3], [5, 8, 20], [2, 9, 6, 3], [2], [10, 14], [5]]
[]
[[4, 6], [5, 0, 11], [12, 13, 18, 14], [0]]
[]
[[6, 12, 16], [10, 7, 17], [20, 22, 4, 7], [8, 16], [24, 3, 7, 0, 23, 36], [16, 25, 19]]
[]
[[6, 8], [1, 11, 8], [7, 10, 2], [9, 11, 12], [11, 16], [8, 15], [1, 35]]
[]
[[0, 1, 18, 19], [6], [10, 11, 13, 2, 1]]
[]
[[5, 1, 3, 8, 12, 9], [5, 4, 7, 10, 13, 8, 38, 3], [5, 4, 7, 9], [9, 5, 7, 13, 14, 11, 15, 16], [4, 3, 6]]
[]
[[14, 4, 9, 13], [10, 12, 16, 25, 4, 20, 24, 1], [6, 10, 24, 18, 16], [7, 11, 18, 0, 12], [1, 3], [2, 13, 0, 3], [10, 7, 19, 27, 4, 16, 28]]
[]
[[23, 11, 21, 5, 9, 25], [18, 26, 30, 22, 28], [1], [13, 21, 4, 16]]
[]
[[8, 10, 13, 2], [5, 17, 11, 0, 12, 18], [18, 0], [7, 5, 0, 9], [22, 7, 2], [1, 11], [5, 14, 0], [8, 11, 22], [21, 19]]
[]
[[20, 6], [0, 3], [6, 9], [18], [7, 28, 0, 3, 11], [32, 13, 33, 24, 27, 37, 8], [27, 5, 13, 0]]
[]
[[13], [19, 0, 17, 3, 20, 28], [], [15, 7, 20, 22, 26, 4, 23], [8, 2, 20, 3]]
[]
[[5, 10, 2, 9], [5, 7, 8], [6, 9, 4], [10], [6, 24, 28], [13], [6, 9, 15, 18], [5, 2, 0], [2, 5], [9], [3, 4], [6, 18]]
[]
[[17, 28], [12, 17], [10, 17, 2], [6, 0, 3, 11], [5, 6], [25, 7, 13, 16, 19, 22, 31], [1, 7, 21], [3, 13, 20, 23, 41, 11, 21, 29, 39, 42, 8], [20, 4, 16]]
[]
[[0, 6, 5, 7, 3], [5, 13, 18, 1, 10], [0, 3], [1, 8, 18, 26, 13, 24], [4, 20, 0, 17, 35], [0, 13, 3, 55, 57, 59, 63, 65, 68, 10]]
[]
[[9, 2, 0, 7, 6, 17, 16, 10], [1], [2, 0, 3], [12, 2, 15, 48, 0, 19, 27, 40, 49], [9, 12, 0, 3, 2, 10]]
[]
[[16], [1, 3, 6, 31, 4, 7], [9, 19, 5, 0, 8, 24], [18, 7], [7, 12, 9], [9, 11, 10, 13, 43], [18, 22], [8, 0, 4, 24]]
[]
[[0, 8, 11, 22, 25, 36, 6, 23, 9], [23, 4, 19, 27, 30, 0, 15, 28, 5, 16], [7, 18, 20, 4, 12], [8, 19, 29, 21, 3], [11, 16, 2, 13], [8, 0, 5, 6, 9]]
[]
[[12, 5, 17], [5, 18, 10, 1, 0], [2, 7, 0, 14, 13], [10, 13]]
[]
[[0, 10, 6], [1, 5], [9, 15, 0, 20, 4], [3, 0, 5, 1], [14, 17, 20, 30, 6, 15, 18, 27, 33]]
[]
[[22, 33, 0, 11], [14, 20, 23], [23, 3, 5, 11, 12], [16, 22, 30, 18, 9], [8], [10, 13, 18, 1], [31, 4]]
[]
[[2], [4, 1], [25, 30, 1, 7, 8], [2, 4, 0], [3], [9, 1]]
[]
[[6], [1], [10, 51, 0, 2, 7, 25, 30, 4, 27, 34], [9, 2, 0, 6]]
[]
[[10, 2, 11, 4, 1], [8, 15, 9, 5, 13, 2, 1, 0], [1, 15, 22, 8, 2]]
[]
[[13, 2], [6, 0], [19, 1, 0], [12, 0, 4, 9], [12, 0, 13], [23], [25, 0, 15, 26, 24], [], [3]]
[]
[[29, 10, 26, 2, 11, 18, 23], [20, 3, 8, 12], [4, 8, 13], [11, 14, 5, 1], [9, 25, 3, 11, 19, 4], [12, 22, 3, 25, 4, 23, 10], [10, 12]]
[]
[[15, 3, 16], [3, 6, 13, 12, 11, 4], [4, 14, 7], [3], [21, 17, 19, 1], [2], [12, 19, 16, 14, 22]]
[]
[[18, 3, 30, 0], [1], [3, 15, 0, 4], [7, 13, 2], [19, 9, 21], [18, 21]]
[]
[[8, 14, 31], [4, 13, 7], [], [9], [12], [24, 17, 8, 10, 21], [17, 14], [8, 1, 6, 16], [32, 6, 11, 17, 24], [], [14, 2, 7, 3]]
[]
[[10, 0, 4, 11, 19], [26, 4, 20, 23, 0, 5], [12], [5, 10, 13, 9, 3], [16, 26, 4], [10, 5], [10], [15, 2, 3, 0], []]
[]
[[15, 8, 14, 1, 4, 10], [1, 18, 7, 10, 22], [14, 2, 9, 19, 0, 3, 7, 5], [1]]
[]
[[5, 10, 2, 6], [15, 1, 13], [2, 9, 4, 11, 14, 27, 0], [22, 20, 26, 2, 13]]
[]
[[12, 2, 14, 9, 11, 13], [2, 8, 4, 0], [12, 7, 9, 19, 29, 30], [], [11, 6]]
[]
[[5, 2], [10, 2, 8], [12, 25, 29, 2, 14, 26, 1, 9], [7, 0, 13, 17, 18, 1], [20, 13, 18, 26, 5]]
[]
[[14, 7, 9], [7, 13], [20, 10, 5], [22, 4, 7], [2, 22, 10], [17, 6, 7]]
[]
[[14, 9, 11, 8, 10], [1, 9], [9, 25, 32, 2, 4, 7, 12, 17, 0, 29, 3], [12]]
[]
[[9, 5, 13, 19, 0, 4], [6, 9, 7], [7, 2, 4, 10, 0], [12, 8, 2, 14, 20, 27], [7, 9], [11, 3, 2, 12]]
[]
[[22, 0, 8, 15, 14, 11], [16, 0, 17], [1, 28, 7, 16, 11], [5, 12, 13], [11, 0, 7, 15], [1], [6, 14, 21, 24, 32, 0]]
[]
[[17, 28, 11], [3], [18, 24], [21, 4], [11, 7, 4, 17, 21], [29, 14, 27, 0], [11], [14, 1, 4], [12, 5, 0]]
[]
[[7], [11], [], [], [3], [7, 0], [16, 28, 10], [10], [7, 12], [1]]
[]
[[18, 1, 2, 5, 4, 6], [2, 0], [11, 22, 0, 19, 21, 2], [2, 21, 10, 0, 7]]
[]
[[19, 2, 1], [1, 10, 14, 15, 2], [2, 16, 4, 9], [18, 4, 2, 8, 1, 13, 12, 11, 9]]
[]
[[10, 0, 5, 6], [3, 1, 0, 2, 13], [2, 4, 18, 0, 10], [2, 8, 0, 3], [11, 0]]
[]
[[9, 17, 2], [22, 1, 13, 19], [2, 1, 4, 5], [23, 46, 51], [32, 4, 2, 0, 18, 6], [5, 20]]
[]
[[3, 4], [5, 16, 19, 3, 14, 17], [8, 2], [0, 3], [21, 8, 11, 17, 2]]
[]
[[10, 13, 2, 11], [22, 11, 19], [16, 21, 11], [19, 22, 5, 4], [7, 15, 0, 5, 12], [6, 14, 19, 16], [12, 19, 2, 16, 0], [17, 23, 7], [16]]
[]
[[11, 6, 5, 10], [0, 6], [16, 15], [2, 5, 8], [11, 13]]
[]
[[2, 12], [6, 16, 0, 4, 13, 3, 10, 9], [0, 3], [], [26]]
[]
[[5, 8, 24, 3], [19, 5, 2, 16], [2, 12, 0, 21], [2, 8, 15, 18, 24, 32, 0, 5]]
[]
[[19, 6, 14]]
[]
[[9, 3, 4], [15, 1, 5, 27, 29, 6, 11, 16, 20, 24], [16], [0, 1, 16, 14, 13], [3, 5, 10, 15], [2, 14, 18, 24, 21, 5]]
[]
[[5], [3, 6, 4], [5, 17, 19], [27, 2, 11, 24, 30, 23, 3]]
[]
[[2, 5, 0], [11, 8, 21], [7, 0, 1, 2], [14, 5, 11], [], [47, 18, 40, 51, 27, 43, 3], [4, 1, 14, 23], [14, 8]]
[]
[[13, 20, 24, 17, 1, 31, 6, 16, 5, 25, 32], [23, 14], [11, 4, 2]]
[]
[[22], [16, 0], [28, 39, 21], [10, 8, 14, 6, 5, 4], [11, 1, 4], [27, 23, 5, 22]]
[]
[[0], [13, 5, 18, 0, 3], [9, 15, 12], [6, 0], [0], [4, 14, 10], [3, 0, 4], [15, 26, 9], [13, 3, 0, 17], [11, 1, 8, 15]]
[]
[[13, 12, 11, 2], [11, 22, 28, 0, 3, 8], [2, 28, 16, 32, 0, 20, 30], [20, 11, 5, 0]]
[]
[[2, 1, 12], [18, 12, 14, 2, 5, 1], [16, 39, 6, 14, 37], [6, 1, 3], [1, 4]]
[]
[[11, 0, 19], [15, 6, 20, 0, 3, 7], [3, 6], [5, 11]]
[]
[[15, 0, 3], [1, 3, 7, 14], [7, 21, 0, 3, 17, 24, 16, 15], [4, 0], [7, 17, 0, 15, 18]]
[]
[[14, 20, 35, 37, 0, 3, 32, 2, 9, 36], [19, 5, 0], [12, 0], [15, 3, 1]]
[]
[[19, 5, 6, 15, 21], [], [12, 14, 25, 3, 9], [40, 2, 0, 7, 42, 45, 53, 6, 39, 5, 47, 9, 46, 55, 38], [31, 5, 9, 11]]
[]
[[29, 11, 16, 23, 26, 34, 39, 42], [41, 2, 4, 7, 20, 38, 46, 52, 5, 21], [], [0], [31, 2, 14, 17, 28, 39, 0, 3], [19, 0, 1, 9, 12], [4, 6, 9, 25, 0, 7, 10]]
[]
[[13, 2, 1, 6, 23], [16, 32, 37, 1, 3], [7, 5, 20, 9, 2, 13, 1, 11], [7, 13, 14, 11, 4]]
[]
[[11, 0, 1], [1], [6, 23, 25, 0, 3, 14, 18, 17], [27, 2, 4]]
[]
[[15, 2, 7, 5], [0, 13, 7, 14, 16], [15, 2]]
[]
[[6, 13, 9], [17, 2, 19, 21, 24, 22, 25, 1], [16, 13, 19, 0], [6, 16, 37, 13, 32, 4, 3, 25, 7, 8]]
[]
[[15, 20, 14, 3, 10, 9], [], [6], [2], [21, 15, 17, 24]]
[]
[[19, 21, 26, 13, 3], [2, 19, 27, 1, 0, 20], [13], [], [14, 3, 12], [2, 18, 9], [10, 3, 6], [4], [], [7, 14, 17, 12, 15, 11]]
[]
[[3, 8, 2], [1, 3], [32, 21, 6], [4, 34, 17, 30], [], [17, 13, 20], [11, 13, 15, 20], [2, 14], [28, 1, 4, 29]]
[]
[[24, 10], [5, 13], [2, 26, 0], [20, 11], [2, 5, 14], [13], [14], [10, 15, 21, 16, 19], [18, 25, 28, 8]]
[]
[[0, 4], [62, 12, 20, 38, 44], [], [8, 11, 14], [2, 1, 6], [1, 6], [13, 2]]
[]
[[4, 25, 30, 34, 0, 9, 1, 7], [11, 9, 4, 16, 20, 37, 45, 2, 28, 5, 30, 33], [30, 5, 13, 23, 27, 25, 35, 24, 33, 29, 36]]
[]
[[4, 7], [19, 9, 14, 4], [10], [21, 26, 8, 18], [1], [8, 13], [1], [22, 8, 11], [3, 1], [8, 12, 20], [1, 4, 11]]
[]
[[16, 21, 11, 22], [8], [20, 17, 24, 0, 12, 21, 25], [13, 1, 5], [15, 22, 0, 26, 27], [23, 0, 9, 4]]
[]
[[14, 2], [17, 2], [7, 8, 13, 2, 1], [13, 3, 9, 4, 1, 0, 22], [8, 7, 4, 11, 24, 31, 0], [8, 5, 6]]
[]
[[5, 7, 0], [9, 12, 31], [5, 15, 25, 0, 31, 30], [16, 2, 5, 6, 18, 21, 0, 7]]
[]
[[10, 22, 11, 19, 16, 9], [17, 8, 5, 4, 3, 6], [14, 10], [8, 24, 14, 0, 10, 15, 13], [11, 26, 17, 21, 24], [21, 8, 2]]
[]
[[12, 17, 21, 13, 15, 10], [19, 17, 1, 0, 14], [4, 7, 13, 20, 0], [2, 0], [5, 0, 11], [4, 20], [11, 5, 6]]
[]
[[17, 14, 19, 11, 13, 10], [5, 1], [10, 32, 4, 0, 16]]
[]
[[6, 8, 16, 3, 17, 2, 12], [9, 1, 10, 21, 3, 12, 25], [6, 17, 0, 1], [5, 3, 7], [8], [10, 0, 7, 14], [3, 5, 15], [1, 3, 18, 22, 8, 16, 23], [16, 13, 2], [10, 2, 13, 14, 5], [7, 9, 10, 4, 12, 2, 1, 0]]
[]
[[18, 3, 13], [2], [15], [23, 2, 4, 7, 17, 0]]
[]
[[26, 23, 30, 24, 28, 31, 12, 27, 15, 25], [15, 10], [2, 7, 12], [5, 2, 0, 14], [15, 7, 25, 28, 38, 42, 50, 53], [7, 10, 12], [5, 15, 6], [8, 1, 0]]
[]
[[13, 16, 3, 8, 10], [7, 2, 1, 0, 11], [4, 15], [23, 2], [14, 17], [7, 24, 0, 5]]
[]
[[18, 23, 25, 4, 15, 24], [6, 28, 4, 16, 0, 19], [19, 17, 23, 2, 18, 20, 16], [7, 0, 9, 16, 27, 34, 20], [2, 1]]
[]
[[3, 4], [11, 3, 9, 2], [6, 9, 14, 5, 17], [1, 12, 8, 21, 13, 0, 11], [12, 16, 1, 14], [5, 9, 12, 17, 20, 18, 8]]
[]
[[5, 0], [16, 1, 3, 12, 11, 0], [10, 2, 17, 0], [1, 7, 16], [0, 28, 13, 21, 29, 22, 10]]
[]
[[6, 8, 11, 2], [3, 16], [24, 4, 6, 0], [1, 2], [5, 18, 16], [1, 3], [4], [4], [5, 10], [7], [11], [22, 8]]
[]
[[0, 3, 10], [1, 12], [11, 2, 6, 5], [15, 35, 0, 3, 6]]
[]
[[24, 30, 34, 37, 4, 7], [9, 17, 20], [18], [11, 16, 1], [7, 1, 22], [9, 13], [6, 25, 10, 32], [19, 12]]
[]
[[7, 0, 5, 6], [3, 1, 5, 11, 17], [21, 4, 15, 18, 0, 19, 3], [8, 14, 6, 18, 21]]
[]
[[18, 24, 4, 22, 3, 16, 14, 19], [8, 29, 9, 15, 23, 2, 20, 32, 0, 12], [10, 1, 8, 12, 2], [4, 2, 13], [10, 18, 19, 2, 12], [2, 11, 21, 10, 15, 12], [12], [8, 0, 6, 1], [7, 3, 10, 2, 1, 0], [5, 2, 7, 16]]
[]
