-1.3538074493408203
-0.7388087511062622
-2.0179529190063477
-0.697802722454071
-1.7691947221755981
-0.632361650466919
-1.2033518552780151
-0.6648979187011719
-1.6017760038375854
-0.5542678833007812
-1.2584666013717651
-0.818916916847229
-1.7844680547714233
-0.5787414908409119
-2.0141379833221436
-0.7486171126365662
-1.3850420713424683
-0.6883077621459961
-1.4727836847305298
-1.2457648515701294
-1.9552088975906372
-0.6723031997680664
-1.5725408792495728
-0.7353347539901733
-1.3386945724487305
-0.7080556750297546
-1.6778897047042847
-0.6167717576026917
-1.599657416343689
-0.6214731335639954
-1.817673921585083
-0.9706851840019226
-1.7390356063842773
-0.7243659496307373
-1.3835586309432983
-0.7003558874130249
-1.7746312618255615
-0.6803704500198364
-1.5399107933044434
-0.6597470045089722
-1.3248670101165771
-0.48813390731811523
-1.467649221420288
-0.6995567083358765
-1.2404718399047852
-0.6963902711868286
-1.672741413116455
-0.7020246386528015
-1.453857183456421
-0.666904628276825
-2.056673288345337
-0.7112943530082703
-1.6511163711547852
-0.7691017389297485
-1.8578920364379883
-0.6651257872581482
-1.1608010530471802
-0.6219939589500427
-1.8633607625961304
-0.5404377579689026
-1.58299720287323
-0.7588484883308411
-2.198103904724121
-0.7464982271194458
-1.100400686264038
-0.8428427577018738
-1.2736823558807373
-0.7487331032752991
-1.7307169437408447
-0.6666187047958374
-1.1879513263702393
-0.6721162796020508
-1.363170862197876
-0.764663815498352
-1.222866177558899
-0.7221341133117676
-2.098367691040039
-0.7410879731178284
-1.9062669277191162
-0.8811364769935608
-1.675896167755127
-0.5685185194015503
-2.007016181945801
-0.9273305535316467
-1.5188912153244019
-0.5967656970024109
-2.7602720260620117
-0.750602662563324
-1.655869960784912
-2.041210174560547
-1.236149787902832
-0.7377004027366638
-1.0950381755828857
-0.6636924743652344
-1.2281898260116577
-0.7322107553482056
-1.6011147499084473
-0.7332282662391663
-2.0849549770355225
-0.7722621560096741
-1.6604137420654297
-1.0929685831069946
-1.7168375253677368
-0.8442970514297485
-1.8988622426986694
-0.6470532417297363
-1.537915587425232
-0.5942961573600769
-1.8560398817062378
-0.600608229637146
-1.0707372426986694
-0.7004572153091431
-1.741791009902954
-0.5561347007751465
-1.9382789134979248
-0.930760383605957
-1.9327665567398071
-0.5795106887817383
-1.6175330877304077
-0.525381326675415
-1.368726372718811
-0.875191330909729
-2.122331380844116
-0.6824436783790588
-1.2603542804718018
-0.7648276686668396
-1.1339162588119507
-0.658916175365448
-1.8250715732574463
-0.699057400226593
-1.7919905185699463
-0.7331406474113464
-1.5445458889007568
-0.6988347768783569
-1.7475559711456299
-0.9338258504867554
-1.4493204355239868
-0.7907317876815796
-1.7545702457427979
-0.7694491147994995
-1.422133445739746
-0.3363874852657318
-1.52688729763031
-0.7910563945770264
-2.0251500606536865
-0.5389449000358582
-1.797170877456665
-1.114006757736206
-1.6884912252426147
-1.832932710647583
-1.4721088409423828
-0.7241352200508118
-1.3151296377182007
-0.7410767674446106
-1.1721395254135132
-0.6242948174476624
-1.3105494976043701
-0.5320583581924438
-1.1726515293121338
-0.5793013572692871
-1.7729648351669312
-0.6272692680358887
-1.2090909481048584
-0.6146603226661682
-1.7232346534729004
-0.5669017434120178
-1.8702269792556763
-0.8018812537193298
-1.8308333158493042
-0.6519644260406494
-1.7112149000167847
-0.6495960354804993
-1.7463690042495728
-0.706816554069519
-1.8501032590866089
-0.7354089617729187
-2.076920747756958
-0.7212137579917908
-1.745169997215271
-0.8351141810417175
-1.6119511127471924
-0.761962354183197
-1.460900902748108
-0.7188001871109009
-1.836747169494629
-0.7483065128326416
-1.577151894569397
-0.7034704089164734
-1.903936505317688
-0.842953085899353
-1.2233940362930298
-0.6493148803710938
-1.4358999729156494
-0.5486640334129333
-1.0616563558578491
-0.7547598481178284
-1.832098126411438
-0.856572151184082
-1.930100917816162
-0.8330814242362976
