0.9924586159842355
1
0.5823490917682648
1
0.9675553292036057
1
0.991288936138153
1
0.9931101351976395
1
0.8733113954464594
1
0.9927301704883575
1
0.7992750346660614
1
0.9936089118321737
1
0.7260293617899365
1
0.7548601534217596
1
0.8083683575193087
1
0.8585056896720614
1
0.9918791651725769
1
0.7958634795621038
1
0.9250277025359017
1
0.9928540885448456
1
0.8217463079426024
1
0.9814531292234149
1
0.9900725483894348
1
0.9926773558060328
1
0.9238405923048655
1
0.876661683122317
1
0.9938569903373718
1
0.9424875974655151
1
0.9937085310618082
1
0.4636540833162144
1
0.9881264686584472
1
0.9931589279856
1
0.9100451916456223
1
0.7530325213447213
1
0.9920137921969095
1
0.8625857167773776
1
0.9928222979818072
1
0.9893651519502912
1
0.993236909310023
1
0.9923777959563516
1
0.992537796497345
1
0.9759656488895416
1
0.9839372336864471
1
0.974872100353241
1
0.9913644671440125
1
0.994352122147878
1
0.9778489619493484
1
0.96872878074646
1
0.8416901222829308
1
0.9898095859421624
1
0.8952899703755974
1
0.4900670703500509
1
0.9898279011249542
1
0.7055041713640093
1
0.9942741890748342
1
0.9813910484313965
1
0.9936403963300917
1
0.9931686639785766
1
0.9918708086013794
1
0.7456595548428595
1
0.9945306181907654
1
0.7440495615204176
1
0.9209818691015244
1
0.9928853437304497
1
0.670186904569467
1
0.8213507880767187
1
0.9925111651420593
1
0.9919943660497665
1
0.986051058769226
1
0.9899508208036423
1
0.7919223031029106
1
0.9940793514251709
1
0.9860256552696228
1
0.9869569795472282
1
0.9945965707302094
1
0.7286857283324935
1
0.6762584360937277
1
0.7815455012023449
1
0.9165663480758667
1
0.9799609184265137
1
0.9920898808373345
1
0.9935589962535434
1
0.9876378944941929
1
0.9785719911257426
1
0.9899473081935536
1
0.8293926441110671
1
0.8279102053493261
1
0.7444035186199471
1
0.9565703173478445
1
0.9872785806655884
1
0.9525623520215353
1
0.9059795222499154
1
0.9935934394598007
1
0.9137335680425167
1
0.8292618536700805
1
0.600245822314173
1
0.9265666306018829
1
0.7728035036474467
1
0.9931373248497645
1
0.7722986731678247
1
0.9943717122077942
1
0.9889693856239319
1
0.6098090096376836
1
