0.9670664668083191
1.000000238418579
0.9677575826644897
1.0000003576278687
0.9638901948928833
1.0
0.9319401979446411
0.9999999403953552
0.9637851715087891
0.9999997615814209
0.9871120452880859
1.0
0.9334845542907715
1.000000238418579
0.9224945902824402
1.0000001192092896
0.9321722984313965
0.9999997019767761
0.9611384868621826
1.000000238418579
0.9241447448730469
1.0
0.9081048965454102
1.0
0.9848417043685913
1.0
0.9727203845977783
1.0
0.9848088026046753
0.9999996423721313
0.9660181999206543
1.0
0.9860299825668335
1.0
0.972132682800293
1.0
0.9633013010025024
1.0
0.9952526092529297
1.0000003576278687
0.9724414944648743
0.9999999403953552
0.9726005792617798
1.0
0.9613789916038513
1.0
0.9733330607414246
1.0
0.9136632680892944
1.0000003576278687
0.9795888662338257
1.000000238418579
0.987238347530365
1.000000238418579
0.9578977823257446
0.9999997615814209
0.9482086896896362
0.9999999403953552
0.8743261694908142
0.9999998211860657
0.915006697177887
0.9999996423721313
0.9723552465438843
1.0
0.984362006187439
1.0
0.9895055294036865
0.9999996423721313
0.979857861995697
1.0000001192092896
0.9653427600860596
1.0000003576278687
0.962059497833252
0.9999999403953552
0.9673981666564941
0.9999996423721313
0.8406341075897217
1.0
0.9816128015518188
1.0
0.9730716943740845
1.0000001192092896
0.9596515893936157
1.000000238418579
0.8847540616989136
0.9999997615814209
0.876481294631958
1.000000238418579
0.9802650213241577
1.0000003576278687
0.9848891496658325
1.0
0.9929858446121216
0.9999996423721313
0.9498769044876099
1.0
0.9454780220985413
1.0
0.9685262441635132
0.9999997615814209
0.9918416142463684
0.9999998807907104
0.948960542678833
1.0000003576278687
0.9876415729522705
1.0
0.9761762619018555
0.9999996423721313
0.9829221963882446
1.0000001192092896
0.9788354635238647
1.0
0.9041212797164917
1.0000001192092896
0.9725830554962158
1.0000001192092896
0.9724663496017456
1.000000238418579
0.9924640655517578
0.9999998211860657
0.9488339424133301
1.0000001192092896
0.9772903919219971
1.000000238418579
0.9735013246536255
0.9999996423721313
0.9810540676116943
1.0000001192092896
0.9697566032409668
1.0
0.8480111360549927
0.9999997615814209
0.975360631942749
1.0
0.9545106887817383
1.0
0.9609029293060303
1.0000001192092896
0.8907253742218018
0.9999998807907104
0.9909161329269409
1.0
0.9768041372299194
1.0000001192092896
0.9788346290588379
1.0
0.9611414670944214
1.000000238418579
0.995803713798523
0.9999997019767761
0.9611651301383972
1.0000001192092896
0.9895746111869812
1.0000001192092896
0.9231703877449036
1.000000238418579
0.9436076879501343
1.000000238418579
0.9840915203094482
1.000000238418579
0.9744275808334351
1.000000238418579
0.9689785242080688
0.9999997615814209
0.9273589849472046
1.0000003576278687
0.9564756155014038
0.9999998807907104
0.9760693311691284
1.000000238418579
0.967003583908081
0.9999995231628418
0.990612804889679
1.0
0.9759494066238403
1.0
0.9736862182617188
1.0000001192092896
0.982465386390686
1.0
0.9704933166503906
0.9999997615814209
0.9608806371688843
0.9999999403953552
0.9876247644424438
0.9999998807907104
0.9777544736862183
1.0000001192092896
0.97542405128479
0.9999997615814209
0.9565099477767944
0.9999995827674866
0.9105018377304077
1.0000001192092896
0.9336236715316772
1.0000003576278687
0.9517025947570801
0.9999998807907104
0.9425255060195923
1.0
