-0.8941354155540466
-0.7388087511062622
-0.9626893997192383
-0.6978026032447815
-1.470959186553955
-0.632361650466919
-0.9212123155593872
-0.6648979187011719
-1.0620126724243164
-0.554267942905426
-0.8849831223487854
-0.8189169764518738
-1.0191344022750854
-0.5787414908409119
-1.1071374416351318
-0.7486171126365662
-0.8104282021522522
-0.6883076429367065
-1.0428617000579834
-1.245764970779419
-1.5306211709976196
-0.6723031997680664
-1.1688838005065918
-0.7353347539901733
-0.9126468300819397
-0.7080556750297546
-1.123767375946045
-0.6167717576026917
-0.7893267273902893
-0.6214731335639954
-1.0836005210876465
-0.9706851840019226
-0.8789811134338379
-0.7243659496307373
-1.0066765546798706
-0.7003558874130249
-0.9870633482933044
-0.6803704500198364
-0.974066972732544
-0.6597470045089722
-1.01496422290802
-0.48813390731811523
-1.0013912916183472
-0.6995567083358765
-1.0539857149124146
-0.6963902711868286
-0.8991084694862366
-0.7020246386528015
-0.9103137850761414
-0.666904628276825
-0.9207876324653625
-0.7112943530082703
-1.1793837547302246
-0.7691017389297485
-1.1885921955108643
-0.6651257872581482
-0.9627814292907715
-0.6219939589500427
-1.1603245735168457
-0.5404377579689026
-1.023982048034668
-0.7588484883308411
-1.2317001819610596
-0.7464982271194458
-0.8421828150749207
-0.8428427577018738
-0.751219630241394
-0.7487331032752991
-0.9657752513885498
-0.6666187047958374
-0.8782063126564026
-0.6721162796020508
-0.8686897158622742
-0.764663815498352
-0.8264997005462646
-0.7221341133117676
-1.2327001094818115
-0.7410879731178284
-0.9320452213287354
-0.8811364769935608
-0.9638951420783997
-0.5685185194015503
-0.9530541896820068
-0.9273305535316467
-0.938569962978363
-0.5967656970024109
-1.0919158458709717
-0.750602662563324
-0.963706374168396
-2.041210174560547
-0.9087545275688171
-0.7377004027366638
-0.7810245156288147
-0.6636924743652344
-0.945053219795227
-0.7322107553482056
-1.0988391637802124
-0.7332282662391663
-1.1821359395980835
-0.7722621560096741
-1.0255204439163208
-1.0929685831069946
-1.009385585784912
-0.8442970514297485
-1.0770982503890991
-0.6470532417297363
-0.9493746757507324
-0.5942961573600769
-1.2461764812469482
-0.600608229637146
-0.9743024110794067
-0.7004572153091431
-0.9373803734779358
-0.5561347007751465
-1.6347683668136597
-0.930760383605957
-0.9732295870780945
-0.5795106887817383
-1.0020323991775513
-0.525381326675415
-0.8398019075393677
-0.875191330909729
-1.1201250553131104
-0.6824436783790588
-1.0076031684875488
-0.7648276686668396
-0.8053712844848633
-0.658916175365448
-0.9592278599739075
-0.699057400226593
-1.1776975393295288
-0.7331406474113464
-1.1523581743240356
-0.6988347768783569
-0.9832921624183655
-0.9338258504867554
-1.0097482204437256
-0.7907317280769348
-0.9484817981719971
-0.7694491744041443
-1.0277348756790161
-0.3363874852657318
-0.912015438079834
-0.7910563945770264
-1.0238572359085083
-0.5389449000358582
-1.0240542888641357
-1.114006757736206
-0.9736201167106628
-1.832932710647583
-0.9004756808280945
-0.7241352200508118
-0.9956596493721008
-0.7410767674446106
-0.7264642119407654
-0.6242945790290833
-0.8528155088424683
-0.5320583581924438
-0.9904980063438416
-0.5793013572692871
-0.8285456299781799
-0.6272692680358887
-0.9479138851165771
-0.6146603226661682
-0.9180836081504822
-0.5669017434120178
-1.1865438222885132
-0.8018812537193298
-0.9406469464302063
-0.6519644260406494
-1.1238096952438354
-0.6495959758758545
-0.9148942232131958
-0.706816554069519
-1.2061066627502441
-0.7354089617729187
-1.116041898727417
-0.7212138175964355
-0.9811918139457703
-0.8351141810417175
-1.160762906074524
-0.761962354183197
-1.0160202980041504
-0.7188001275062561
-0.9140065312385559
-0.7483065128326416
-0.8868404626846313
-0.7034704089164734
-1.16014564037323
-0.842953085899353
-0.7516605257987976
-0.6493148803710938
-1.0239022970199585
-0.5486640334129333
-0.8012605309486389
-0.7547598481178284
-1.0222418308258057
-0.856572151184082
-1.2118496894836426
-0.8330814242362976
