[[21, 12, 7, 18, 0, 5, 16, 19, 22, 13, 15, 11], [22, 2, 11, 19, 0, 3, 16, 20, 7, 18, 17], [11, 15, 19, 3, 9, 12, 8], [14, 11, 23, 29, 12, 18, 24, 5, 15, 1, 25, 31, 32, 35], [2, 9, 3, 13, 17, 5, 1, 25, 22, 18], [15, 18, 8, 2, 19, 0, 3, 21, 10, 9, 22, 12, 16, 14, 23], [37, 7, 15, 25, 10, 19, 32, 11, 20, 33, 17, 27, 24, 26, 36, 18]]
[]
[[27, 39, 54, 0, 18, 40, 5], [32, 42, 52, 63, 74, 82, 9, 4, 35, 26, 33, 43, 53, 56, 64, 75, 83, 11, 17, 77, 85, 5, 24, 79, 87]]
[]
[[3, 15, 2, 9, 8, 13, 18], [43, 47, 52, 4, 3, 18, 14, 44, 45, 49, 7, 16, 8, 42, 51], [20, 2, 16, 19, 11, 22, 1, 6, 27, 4, 12], [9, 20, 2, 3, 0, 10, 15, 21, 7, 11]]
[]
[[18, 11, 0, 3, 8, 2, 12, 10, 16], [9, 10, 6, 13, 1, 0, 2], [8, 23, 17, 6, 12, 3, 9, 16, 11, 18, 24, 4, 10, 20], [45, 27, 30, 33, 36, 0, 24, 34, 37, 28, 20, 39, 18, 16, 26, 35], [6, 3, 19]]
[]
[[17, 5, 8], [19, 14, 16, 11, 8, 9, 0], [11, 6, 3, 12, 2, 17], [34, 4, 11, 26, 8, 14, 1, 18, 0, 24, 27, 31, 12, 3]]
[]
[[15, 11, 18, 21, 14], [21, 1, 8, 10, 4, 5, 19, 24, 0, 11], [2, 4, 7, 26, 0, 24, 27, 21, 8], [14, 18, 22, 3, 10, 17, 21, 20], [8, 5, 11, 0, 9, 15, 12, 14, 6], [18, 0, 2, 14, 20, 21], [0, 4, 3, 5, 9], [9, 1, 5, 13, 2, 8, 0, 7, 14, 12], [5, 16, 21, 24, 34, 9, 17, 32, 19, 1, 8, 27, 0, 26, 20], [1, 5, 3, 11, 2, 9, 0, 10, 6], [11, 36, 20, 2, 10, 7, 21, 33, 34], [1, 23, 2, 15, 0, 25, 24, 18, 28]]
[]
[[11, 3, 2, 9, 10], [13, 2, 8, 0, 11, 19], [5, 10, 15, 2, 1, 14, 6, 11, 16, 18], [9, 6, 16, 20, 0, 5, 7, 13, 17, 3]]
[]
[[6, 8, 11, 15, 3, 12, 2, 10, 9], [9, 18, 2, 1, 14, 12, 0], [2, 4, 10, 0, 9], [7, 2, 1, 0, 8, 4], [4, 23, 10, 11, 31, 7, 1, 0, 28, 3]]
[]
[[17, 7, 0, 3, 13, 2, 8, 24, 6, 4], [10, 1, 2, 19, 25, 18, 0, 14, 5, 28], [15, 12, 2, 9], [2, 11, 17, 9, 12, 18, 3], [0, 8, 14, 2, 15, 19], [25, 11, 14, 5, 8, 9, 15, 23, 1, 0, 22, 20, 16]]
[]
[[11, 6, 0, 1, 7, 12, 13, 4, 10], [8, 4, 14, 2, 5, 19, 18, 9, 0, 24, 15, 28, 27], [11, 5, 8, 27, 14, 18, 1, 0, 20, 9, 31, 25, 30], [2, 7, 15], [5, 8, 18, 11, 1, 0, 13, 9, 19], [3, 26, 28, 24, 4, 30, 29], [], [2, 3, 9], [11, 1, 14, 7, 15], [2, 9], [14, 7, 5, 1, 18, 17], [2, 3, 10, 9], [5, 8, 20, 11, 1, 0, 13, 9, 24, 18, 23], [2, 9, 6, 3, 13, 12], [2, 0, 8], [10, 14, 7, 4], [5, 11, 1, 4, 14, 0]]
[]
[[4, 6, 13, 12, 0, 8, 9], [5, 0, 11, 1, 10, 6, 3], [12, 13, 18, 14, 5, 8], [0, 2, 3, 12, 14, 7, 4]]
[]
[[6, 12, 16, 23, 0, 17, 24, 5, 11, 10, 1, 14, 18], [10, 7, 17, 8, 21], [20, 22, 4, 7, 16, 14, 23, 15, 0, 8, 10], [8, 16, 14, 3, 1, 0, 12, 13], [24, 3, 7, 0, 23, 36], [16, 25, 19, 26, 8, 31, 3, 13, 14, 23]]
[]
[[6, 8, 10, 9, 3], [1, 11, 8, 0, 5], [7, 10, 2, 5, 12], [9, 11, 12, 10, 0, 2, 4], [11, 16, 12, 5, 8, 0, 17, 7, 15], [8, 15, 18, 2, 19, 1, 10, 0, 6, 16], [1, 35, 30, 27, 29, 11, 36, 22, 0, 32, 38]]
[]
[[0, 1, 18, 19, 9], [6, 3, 10, 11, 12], [10, 11, 13, 2, 1, 3, 15, 18, 22]]
[]
[[5, 1, 3, 8, 12, 9, 6], [5, 4, 7, 10, 13, 8, 38, 3, 11], [5, 4, 7, 9], [9, 5, 7, 13, 14, 11, 15, 16], [4, 3, 6, 14, 18, 10, 15, 12]]
[]
[[14, 4, 9, 13], [10, 12, 16, 25, 4, 20, 24, 1, 0, 11, 21], [6, 10, 24, 18, 16], [7, 11, 18, 0, 12, 10, 2, 8, 6], [1, 3, 7, 0], [2, 13, 0, 3, 19, 23, 27, 9, 5, 22, 21, 15, 24], [10, 7, 19, 27, 4, 16, 28, 14, 15, 20]]
[]
[[23, 11, 21, 5, 9, 25, 1, 0, 2], [18, 26, 30, 22, 28], [1], [13, 21, 4, 16, 1, 11, 3, 0, 14, 22, 20, 12]]
[]
[[8, 10, 13, 2, 1, 17, 5], [5, 17, 11, 0, 12, 18], [18, 0, 11, 3, 6], [7, 5, 0, 9, 6, 8, 10], [22, 7, 2, 14, 1, 21, 24], [1, 11, 7, 15, 3, 17], [5, 14, 0, 13, 17], [8, 11, 22, 2, 10, 17, 19, 20, 26], [21, 19, 0, 16]]
[]
[[20, 6, 8], [0, 3, 8, 7], [6, 9, 1, 7, 13, 0], [18], [7, 28, 0, 3, 11, 21], [32, 13, 33, 24, 27, 37, 8, 28, 14, 34, 26, 29, 38], [27, 5, 13, 0, 28, 11, 4]]
[]
[[13], [19, 0, 17, 3, 20, 28, 31, 18], [], [15, 7, 20, 22, 26, 4, 23, 24, 8], [8, 2, 20, 3, 12, 17]]
[]
[[5, 10, 2, 9], [5, 7, 8, 12, 15, 18, 19], [6, 9, 4, 2], [10, 11, 2, 3, 0], [6, 24, 28, 2, 1, 8, 0, 13, 16], [13, 4, 8, 5], [6, 9, 15, 18, 16, 19, 1, 4, 0, 2], [5, 2, 0, 18, 3, 13, 14, 8], [2, 5, 23, 0, 11, 3, 16, 14], [9, 7, 1, 16, 0, 10, 2], [3, 4, 15, 18, 11, 10], [6, 18, 16, 21, 1, 4, 0, 7, 5]]
[]
[[17, 28, 5, 20, 1, 26, 27, 0, 23, 6, 21, 2], [12, 17, 25, 44, 6, 40, 2, 18, 9, 10], [10, 17, 2, 8], [6, 0, 3, 11, 9, 7, 12], [5, 6, 2, 1, 0, 19], [25, 7, 13, 16, 19, 22, 31, 20, 23, 29, 9, 17, 1], [1, 7, 21, 24, 33, 5, 8, 19, 22, 2, 15, 40, 0, 29, 34, 25, 35], [3, 13, 20, 23, 41, 11, 21, 29, 39, 42, 8, 37, 35, 40, 0, 1, 30], [20, 4, 16, 14, 7, 11, 17, 18]]
[]
[[0, 6, 5, 7, 3], [5, 13, 18, 1, 10, 12, 15, 16, 2, 0, 9, 6], [0, 3, 12, 6], [1, 8, 18, 26, 13, 24, 0], [4, 20, 0, 17, 35, 26, 27, 28, 10, 14, 29], [0, 13, 3, 55, 57, 59, 63, 65, 68, 10]]
[]
[[9, 2, 0, 7, 6, 17, 16, 10, 21], [1, 6, 4, 0, 7], [2, 0, 3], [12, 2, 15, 48, 0, 19, 27, 40, 49, 36], [9, 12, 0, 3, 2, 10]]
[]
[[16, 4, 3, 8, 0, 1], [1, 3, 6, 31, 4, 7, 21, 24, 23, 0, 15, 37, 13], [9, 19, 5, 0, 8, 24, 3, 16, 25], [18, 7, 15, 13, 2, 3, 12, 23], [7, 12, 9, 0, 5], [9, 11, 10, 13, 43, 29, 47, 3, 4, 14, 41, 44, 0, 1, 7, 15, 16, 19], [18, 22, 16, 14, 7, 4, 11], [8, 0, 4, 24, 9, 21, 2, 19, 23, 6, 25]]
[]
[[0, 8, 11, 22, 25, 36, 6, 23, 9, 32], [23, 4, 19, 27, 30, 0, 15, 28, 5, 16, 25], [7, 18, 20, 4, 12], [8, 19, 29, 21, 3, 17, 33, 12, 22, 27, 0, 20, 34, 32], [11, 16, 2, 13, 7, 8, 4, 20, 15, 17, 12, 18, 0], [8, 0, 5, 6, 9, 7]]
[]
[[12, 5, 17], [5, 18, 10, 1, 0, 3, 16], [2, 7, 0, 14, 13], [10, 13, 0, 7, 2, 11]]
[]
[[0, 10, 6], [1, 5, 2], [9, 15, 0, 20, 4, 14, 16, 21], [3, 0, 5, 1], [14, 17, 20, 30, 6, 15, 18, 27, 33, 32, 10, 16, 28, 34, 35]]
[]
[[22, 33, 0, 11, 16, 34, 4, 25, 13, 9, 12, 35], [14, 20, 23, 29, 4, 13, 18, 30], [23, 3, 5, 11, 12, 16, 6, 4, 13], [16, 22, 30, 18, 9, 32, 34, 10, 35, 1, 0, 17, 37, 11, 36, 3], [8, 19, 24], [10, 13, 18, 1, 15, 3, 0, 8], [31, 4, 5, 16, 34, 14, 20, 0, 18, 29, 26, 17]]
[]
[[2], [4, 1, 0, 5, 8, 11], [25, 30, 1, 7, 8, 19, 22, 26, 3, 0, 14], [2, 4, 0, 3, 20, 9], [3], [9, 1, 11, 2, 7, 0, 12, 17]]
[]
[[6, 4], [1, 4, 0], [10, 51, 0, 2, 7, 25, 30, 4, 27, 34, 5, 15, 36, 40], [9, 2, 0, 6, 14, 16]]
[]
[[10, 2, 11, 4, 1], [8, 15, 9, 5, 13, 2, 1, 0, 10, 20], [1, 15, 22, 8, 2, 5]]
[]
[[13, 2, 0, 7], [6, 0, 3, 12, 10], [19, 1, 0, 2, 20], [12, 0, 4, 9], [12, 0, 13, 18, 4, 24, 7, 14, 19], [23, 0, 13, 24, 22, 20, 6, 9], [25, 0, 15, 26, 24, 22, 11], [1, 0], [3, 5]]
[]
[[29, 10, 26, 2, 11, 18, 23, 27, 32, 37, 21, 5, 22, 20, 28], [20, 3, 8, 12, 17, 4, 9, 13, 16], [4, 8, 13, 2, 23, 6, 9, 17, 28], [11, 14, 5, 1, 18, 9, 15, 0, 19, 20, 21], [9, 25, 3, 11, 19, 4], [12, 22, 3, 25, 4, 23, 10], [10, 12, 13]]
[]
[[15, 3, 16, 8, 14, 4], [3, 6, 13, 12, 11, 4, 14, 8], [4, 14, 7, 0, 8, 12], [3, 13, 4, 2, 11, 10, 18, 0, 19, 5, 14, 15], [21, 17, 19, 1, 6, 18, 9, 15, 13], [2, 11, 9, 1, 0, 12], [12, 19, 16, 14, 22, 7, 0, 25, 13, 15, 2, 1]]
[]
[[18, 3, 30, 0, 4, 24, 28, 16, 27, 7, 26, 11, 31], [1, 3, 14, 7, 15, 12, 0, 11], [3, 15, 0, 4, 7, 12, 19, 17], [7, 13, 2, 11, 14, 1, 6, 0, 17, 3, 19], [19, 9, 21, 10, 22, 0, 4, 2], [18, 21, 24, 27, 3, 9, 14, 28, 2, 12, 1, 17, 0, 15, 25]]
[]
[[8, 14, 31, 12, 3, 17, 16, 13, 29], [4, 13, 7, 15, 1, 2, 5, 0, 6, 14, 9, 16], [8, 6], [9, 2, 6, 4], [12, 7, 16, 5, 13, 11, 3, 8, 17, 19], [24, 17, 8, 10, 21, 14, 18, 20, 9, 22], [17, 14, 6, 12, 11, 4, 2, 15], [8, 1, 6, 16, 14, 17, 5, 0, 11], [32, 6, 11, 17, 24, 18, 22, 12, 28], [4, 1, 7, 8, 3, 0, 5, 9], [14, 2, 7, 3, 5, 23, 0]]
[]
[[10, 0, 4, 11, 19, 17, 5, 7, 14, 23], [26, 4, 20, 23, 0, 5, 30, 19, 8, 29, 27, 32, 6, 10, 13, 17], [12, 4], [5, 10, 13, 9, 3, 6], [16, 26, 4, 12, 10, 3, 5, 13], [10, 5, 7], [10, 0, 2], [15, 2, 3, 0, 4, 9], [0, 7, 8]]
[]
[[15, 8, 14, 1, 4, 10, 12], [1, 18, 7, 10, 22, 21, 0, 23], [14, 2, 9, 19, 0, 3, 7, 5], [1, 0, 6]]
[]
[[5, 10, 2, 6], [15, 1, 13, 8, 2, 0, 5], [2, 9, 4, 11, 14, 27, 0, 18, 20], [22, 20, 26, 2, 13, 4, 16]]
[]
[[12, 2, 14, 9, 11, 13], [2, 8, 4, 0], [12, 7, 9, 19, 29, 30, 4, 0, 14, 17, 27], [11, 14, 1, 12], [11, 6, 20, 7, 8]]
[]
[[5, 2], [10, 2, 8, 12, 1, 0], [12, 25, 29, 2, 14, 26, 1, 9, 11, 27], [7, 0, 13, 17, 18, 1], [20, 13, 18, 26, 5, 4, 12, 0, 22, 19, 29]]
[]
[[14, 7, 9, 1, 6, 10, 2], [7, 13, 21], [20, 10, 5, 11, 17, 19, 16, 9, 0], [22, 4, 7, 5, 2, 18, 19, 10, 20], [2, 22, 10, 8, 19, 25, 12], [17, 6, 7, 1, 8, 0, 20]]
[]
[[14, 9, 11, 8, 10], [1, 9, 15, 25, 13, 28, 0, 17], [9, 25, 32, 2, 4, 7, 12, 17, 0, 29, 3, 34, 10, 26, 30], [12, 4, 0, 5, 15]]
[]
[[9, 5, 13, 19, 0, 4], [6, 9, 7], [7, 2, 4, 10, 0, 15, 17, 16], [12, 39, 8, 41, 2, 14, 20, 27, 35, 1, 37, 0, 13, 47, 11, 3, 10], [11, 3, 2, 12, 13]]
[]
[[22, 0, 8, 15, 14, 11, 26], [16, 0, 17], [1, 28, 7, 16, 11, 2, 20, 0, 8, 9, 29], [5, 12, 13, 0, 3, 2, 29, 14, 7], [11, 0, 7, 15, 8, 16, 5], [1, 22, 8, 14, 29, 15, 7, 28, 3, 31, 33, 30], [6, 14, 21, 24, 32, 0, 25, 3, 19, 20, 15, 33, 38, 39]]
[]
[[17, 28, 11, 26, 31, 4, 25, 8], [3, 13, 15, 1, 12, 19, 18, 2], [18, 24, 0, 12, 22, 25, 7, 19], [21, 4, 18, 8, 15], [11, 7, 4, 17, 21, 0, 8], [29, 14, 27, 0, 4, 9, 2, 5, 10, 16, 18, 24, 28, 6, 8], [11, 8, 15], [14, 1, 4, 11, 0, 6], [12, 5, 0, 8, 22, 3, 13, 7, 21, 23, 15, 18, 10]]
[]
[[7, 15, 1, 11, 17, 19, 21, 14], [11, 2, 21, 1, 19, 6, 4, 15, 14, 22, 0], [20, 10, 15, 9, 13, 18, 21, 1], [2, 1, 11, 0, 8], [3, 7, 0, 5], [7, 0], [16, 28, 10, 25, 1, 20, 8, 13, 29, 5, 0, 27, 22, 11, 14], [10, 15, 1, 9, 2, 0], [7, 12, 16, 1, 14, 17, 11], [1, 4, 8, 0]]
[]
[[18, 1, 2, 5, 4, 6], [2, 0, 9, 8, 7, 12], [11, 22, 0, 19, 21, 2, 3, 26], [2, 21, 10, 0, 7, 8]]
[]
[[19, 2, 1, 18, 5, 14, 3], [1, 10, 14, 15, 2, 0], [2, 16, 4, 9, 28, 0, 21, 15, 25, 10, 22], [18, 4, 2, 8, 1, 13, 12, 11, 9, 10]]
[]
[[10, 0, 5, 6], [3, 1, 0, 2, 13], [2, 4, 18, 0, 10, 7, 14, 5, 11, 15], [2, 8, 0, 3], [11, 0]]
[]
[[9, 17, 2, 4, 12, 15, 7, 10], [22, 1, 13, 19, 3, 16, 5, 0, 32, 7, 27], [2, 1, 4, 5, 20, 21], [23, 46, 51, 25, 34, 2, 49, 22, 3, 24, 30, 43, 6, 26, 33, 8, 14], [32, 4, 2, 0, 18, 6, 24, 22, 29, 25], [5, 20, 8, 23, 1, 7, 0, 11, 9]]
[]
[[3, 4, 7], [5, 16, 19, 3, 14, 17, 2, 4, 18], [8, 2, 13, 1, 0], [0, 3, 10, 11], [21, 8, 11, 17, 2, 22]]
[]
[[10, 13, 2, 11, 7, 12], [22, 11, 19, 9, 8, 7, 21, 10, 12, 14, 23], [16, 21, 11, 9, 8, 7, 19, 12, 17, 22, 13], [19, 22, 5, 4, 6, 18, 11, 15, 10, 14], [7, 15, 0, 5, 12, 4, 6, 13, 22], [6, 14, 19, 16, 13, 5, 15, 8], [12, 19, 2, 16, 0, 23], [17, 23, 7, 4, 13, 20, 10, 21, 18, 24, 25, 12], [16, 15, 19, 17, 23, 8, 10, 20]]
[]
[[11, 6, 5, 10], [0, 6], [16, 15, 18, 2, 11, 1, 5, 0, 14, 8], [2, 5, 8, 13, 0, 9, 6, 4, 12, 15], [11, 13, 0, 3, 14, 28, 10, 24]]
[]
[[2, 12, 1, 7], [6, 16, 0, 4, 13, 3, 10, 9, 11], [0, 3, 8, 26, 14, 18, 21, 9], [14, 10, 4, 20], [26, 0, 18, 15, 6, 23]]
[]
[[5, 8, 24, 3], [19, 5, 2, 16, 3, 6, 13, 20, 14], [2, 12, 0, 21, 25, 14, 24, 9], [2, 8, 15, 18, 24, 32, 0, 5, 30, 10]]
[]
[[19, 6, 14, 1, 7, 15, 20, 4, 17]]
[]
[[9, 3, 4], [15, 1, 5, 27, 29, 6, 11, 16, 20, 24, 30, 2, 0, 25], [16, 3, 12, 10], [0, 1, 16, 14, 13, 7, 18], [3, 5, 10, 15, 0, 2, 11, 19], [2, 14, 18, 24, 21, 5, 6, 7]]
[]
[[5], [3, 6, 4, 19, 11, 9], [5, 17, 19, 9, 0, 18, 15], [27, 2, 11, 24, 30, 23, 3, 28, 14, 12, 31]]
[]
[[2, 5, 0, 18, 3, 11, 7, 19], [11, 8, 21, 6, 24, 22, 5, 13, 14, 17], [7, 0, 1, 2, 10, 22, 9], [14, 5, 11, 0, 8, 19, 7, 15], [5], [47, 18, 40, 51, 27, 43, 3, 6, 9, 21, 31, 14, 36, 20, 42, 49, 50, 0, 45], [4, 1, 14, 23, 11, 18, 21, 10, 0, 3, 12], [14, 8, 19, 3, 6, 9, 2, 0, 13, 15, 17, 20]]
[]
[[13, 20, 24, 17, 1, 31, 6, 16, 5, 25, 32, 8], [23, 14, 0, 6, 15, 7, 12, 24, 20], [11, 4, 2, 1, 0]]
[]
[[22, 16, 15, 23, 4, 7, 34], [16, 0, 2, 6, 17, 11, 22, 4], [28, 39, 21, 36, 35, 19, 40, 4, 5, 37], [10, 8, 14, 6, 5, 4, 12], [11, 1, 4, 9, 3, 8, 2, 0, 10, 17], [27, 23, 5, 22, 18, 25, 12, 14, 0, 24, 7]]
[]
[[0], [13, 5, 18, 0, 3, 19, 14, 6, 10], [9, 15, 12, 6, 22, 1, 0, 7], [6, 0, 4, 8], [0, 1, 4], [4, 14, 10, 0, 18, 9, 12], [3, 0, 4, 16], [15, 26, 9, 20, 2, 24, 1, 16, 12, 18, 27], [13, 3, 0, 17, 4, 14], [11, 1, 8, 15, 6, 9, 23, 38, 30, 33]]
[]
[[13, 12, 11, 2], [11, 22, 28, 0, 3, 8, 18, 23, 32, 7, 6, 16, 21, 30, 35, 4], [2, 28, 16, 32, 0, 20, 30, 11, 17], [20, 11, 5, 0, 3, 6, 15, 19, 18, 27, 1, 21, 9, 30]]
[]
[[2, 1, 12], [18, 12, 14, 2, 5, 1, 11, 6, 16], [16, 39, 6, 14, 37, 5, 12, 34, 17], [6, 1, 3, 15, 18, 11, 14, 17, 10, 4, 19, 12], [1, 4, 5, 17, 19, 23, 0]]
[]
[[11, 0, 19, 10, 9], [15, 6, 20, 0, 3, 7, 13, 17, 21, 10, 16], [3, 6, 1, 4, 0, 9, 10], [5, 11, 0, 12, 19, 27, 17, 26, 16, 25]]
[]
[[15, 0, 3, 16], [1, 3, 7, 14, 0, 5], [7, 21, 0, 3, 17, 24, 16, 15, 25, 18], [4, 0, 11, 3, 12], [7, 17, 0, 15, 18, 2, 13, 21]]
[]
[[14, 20, 35, 37, 0, 3, 32, 2, 9, 36, 15, 40], [19, 5, 0, 12, 7, 17, 21, 11, 20, 16], [12, 0, 9, 18, 2, 8, 6, 10], [15, 3, 1, 0, 12]]
[]
[[19, 5, 6, 15, 21, 24, 23, 3, 18, 20, 9, 25, 4], [16, 14, 21, 20, 6, 2, 10, 12, 7, 3], [12, 14, 25, 3, 9, 27, 22, 0, 4, 26], [40, 2, 0, 7, 42, 45, 53, 6, 39, 5, 47, 9, 46, 55, 38], [31, 5, 9, 11, 14, 27, 10, 18, 25, 4, 0, 17, 32, 6, 7, 20, 3]]
[]
[[29, 11, 16, 23, 26, 34, 39, 42, 12, 27, 37, 40, 43, 22, 2], [41, 2, 4, 7, 20, 38, 46, 52, 5, 21, 31, 36, 39, 43, 50, 26, 25, 42, 55], [0, 16, 18, 25, 23, 13, 4, 10, 3, 1, 7], [0, 6, 8, 2], [31, 2, 14, 17, 28, 39, 0, 3, 22, 6, 25, 9, 13], [19, 0, 1, 9, 12, 32, 2, 10, 13, 22, 24, 33], [4, 6, 9, 25, 0, 7, 10, 22, 24]]
[]
[[13, 2, 1, 6, 23], [16, 32, 37, 1, 3, 39, 15, 22, 0, 19, 40, 26], [7, 5, 20, 9, 2, 13, 1, 11, 16, 23], [7, 13, 14, 11, 4, 18]]
[]
[[11, 0, 1], [1, 4, 12, 10, 0, 13], [6, 23, 25, 0, 3, 14, 18, 17, 2, 1, 4, 28], [27, 2, 4, 16, 21, 0, 17, 25, 23, 28, 1, 14, 6, 26]]
[]
[[15, 2, 7, 5, 17], [0, 13, 7, 14, 16, 20, 23, 15], [15, 2, 22, 0, 4, 8, 19, 14, 23, 21, 25]]
[]
[[6, 13, 9], [17, 2, 19, 21, 24, 22, 25, 1, 20, 23, 32], [16, 13, 19, 0, 2, 17, 20], [6, 16, 37, 13, 32, 4, 3, 25, 7, 8]]
[]
[[15, 20, 14, 3, 10, 9, 19], [6, 11, 0, 12], [6, 11, 0, 9, 20, 14, 1, 13], [2], [21, 15, 17, 24, 0, 7, 26, 4, 8, 12, 22, 28, 1, 19]]
[]
[[19, 21, 26, 13, 3, 18, 22, 30], [2, 19, 27, 1, 0, 20], [13, 6, 5], [17, 4, 11, 0, 2, 14, 21, 6, 12], [14, 3, 12, 18, 2, 11, 16, 0, 9, 17, 4], [2, 18, 9, 11, 14, 5], [10, 3, 6, 11, 0, 4, 12, 13, 22], [4, 17, 14, 13, 5, 19, 6, 7], [8, 16, 2, 12, 0, 9, 3], [7, 14, 17, 12, 15, 11, 19, 26]]
[]
[[3, 8, 2, 7, 6, 4], [1, 3, 0], [32, 21, 6, 24, 27, 25, 7, 4, 38, 3, 26, 28, 14, 33], [4, 34, 17, 30, 1, 8, 31, 38, 24, 19, 20, 27, 36, 40, 9, 39, 25], [1, 2], [17, 13, 20, 4, 12, 5, 14, 23], [11, 13, 15, 20, 27, 35, 37, 21, 28, 38, 34, 19, 33, 22, 25, 39], [2, 14, 17, 23, 11, 10, 15, 19], [28, 1, 4, 29, 0, 5]]
[]
[[24, 10, 14, 29, 11, 5, 6, 26, 18, 30], [5, 13, 12, 6, 10], [2, 26, 0, 3, 5, 19], [20, 11, 27, 23, 25, 9, 0, 5, 17, 26], [2, 5, 14, 0, 7, 4], [13, 9, 3, 8, 10, 1, 11, 29], [14, 3], [10, 15, 21, 16, 19, 12, 20], [18, 25, 28, 8, 24, 13]]
[]
[[0, 4, 6], [62, 12, 20, 38, 44, 47, 59, 13, 21, 26, 31, 60, 73, 76, 80, 83, 2, 35, 67, 1, 0, 8, 53, 64, 72, 56, 74, 49, 61, 81, 4, 63, 68, 16], [4, 2, 5, 8, 3], [8, 11, 14, 6, 12, 0, 17], [2, 1, 6, 12, 7, 13, 0], [1, 6, 27, 7, 12, 20, 32, 0, 10], [13, 2, 9, 15]]
[]
[[4, 25, 30, 34, 0, 9, 1, 7], [11, 9, 4, 16, 20, 37, 45, 2, 28, 5, 30, 33], [30, 5, 13, 23, 27, 25, 35, 24, 33, 29, 36]]
[]
[[4, 7, 3], [19, 9, 14, 4, 10, 13, 8], [10, 6], [21, 26, 8, 18, 23, 29, 17, 5, 10, 11], [1], [8, 13, 7], [1], [22, 8, 11, 7, 15], [3, 1], [8, 12, 20, 10, 21, 4, 9, 7, 15, 13, 18], [1, 4, 11, 3, 16, 2, 0]]
[]
[[16, 21, 11, 22, 15, 4, 14, 13, 19], [8, 1, 9, 6, 13, 2, 12, 0, 14], [20, 17, 24, 0, 12, 21, 25, 10, 18], [13, 1, 5, 6, 4, 23, 0, 18, 11, 8, 24], [15, 22, 0, 26, 27, 23, 4, 1, 18], [23, 0, 9, 4, 11, 5, 24, 3]]
[]
[[14, 2, 1, 15, 10], [17, 2, 1, 16, 0, 18, 9, 14, 21], [7, 8, 13, 2, 1, 10, 14], [13, 3, 9, 4, 1, 0, 22, 2], [8, 7, 4, 11, 24, 31, 0, 12, 19, 18, 9, 10, 32, 33, 34], [8, 5, 6, 10, 9, 13, 14]]
[]
[[5, 7, 0], [9, 12, 31, 1, 11, 27, 0, 16, 17, 32], [5, 15, 25, 0, 31, 30, 20, 27, 23], [16, 2, 5, 6, 18, 21, 0, 7, 9]]
[]
[[10, 22, 11, 19, 16, 9, 4], [17, 8, 5, 4, 3, 6, 14, 18], [14, 10, 20, 19, 8, 5, 9], [8, 24, 14, 0, 10, 15, 13, 9, 25], [11, 26, 17, 21, 24, 22, 25, 8, 12, 18, 23, 15, 30], [21, 8, 2, 4, 18, 22, 19]]
[]
[[12, 17, 21, 13, 15, 10, 16], [19, 17, 1, 0, 14], [4, 7, 13, 20, 0, 18, 21, 3, 14], [2, 0, 12], [5, 0, 11, 22], [4, 20, 12], [11, 5, 6, 0]]
[]
[[17, 14, 19, 11, 13, 10], [5, 1, 10, 0, 12], [10, 32, 4, 0, 16, 19, 27, 36, 33, 2, 15, 41, 26, 30, 34, 37, 3, 24]]
[]
[[6, 8, 16, 3, 17, 2, 12, 4], [9, 1, 10, 21, 3, 12, 25, 0, 22], [6, 17, 0, 1, 23, 22, 7, 20, 21, 16, 12, 18], [5, 3, 7, 16, 6, 0], [8, 6, 5, 10, 4], [10, 0, 7, 14], [3, 5, 15, 12, 9, 1, 0, 7], [1, 3, 18, 22, 8, 16, 23, 9, 4, 0, 11], [16, 13, 2], [10, 2, 13, 14, 5, 11, 6], [7, 9, 10, 4, 12, 2, 1, 0, 25]]
[]
[[18, 3, 13, 21, 22, 5], [2, 0, 6, 4], [15, 4, 9, 16, 0, 18, 10], [23, 2, 4, 7, 17, 0, 19, 29, 3]]
[]
[[26, 23, 30, 24, 28, 31, 12, 27, 15, 25, 32], [15, 10, 11, 2, 5], [2, 7, 12, 0, 4, 8], [5, 2, 0, 14, 8], [15, 7, 25, 28, 38, 42, 50, 53, 3, 8, 26, 39, 48, 51, 33, 46, 47, 17, 40, 55, 18, 23], [7, 10, 12, 0, 24, 25, 5, 20], [5, 15, 6, 0, 21], [8, 1, 0, 4]]
[]
[[13, 16, 3, 8, 10], [7, 2, 1, 0, 11], [4, 15, 0, 12, 6, 16], [23, 2, 1, 9, 18, 0, 8, 17, 3], [14, 17, 13, 0, 8], [7, 24, 0, 5, 25, 33, 36, 21, 2, 35, 10, 16, 29, 22, 26, 3]]
[]
[[18, 23, 25, 4, 15, 24, 5, 16], [6, 28, 4, 16, 0, 19, 25, 29, 24], [19, 17, 23, 2, 18, 20, 16, 22, 30], [7, 0, 9, 16, 27, 34, 20, 4, 23], [2, 1]]
[]
[[3, 4], [11, 3, 9, 2, 6, 4], [6, 9, 14, 5, 17, 12], [1, 12, 8, 21, 13, 0, 11, 22, 2], [12, 16, 1, 14, 9, 17], [5, 9, 12, 17, 20, 18, 8, 6]]
[]
[[5, 0, 4, 8], [16, 1, 3, 12, 11, 0, 15, 13], [10, 2, 17, 0, 12, 14], [1, 7, 16, 0, 15], [0, 28, 13, 21, 29, 22, 10, 1, 17, 11, 23]]
[]
[[6, 8, 11, 2, 12, 1], [3, 16, 8, 1, 0, 4], [24, 4, 6, 0, 14, 13, 8, 25, 19], [1, 2, 0, 15, 3], [5, 18, 16], [1, 3, 11, 0], [4, 15], [4, 6, 12, 11, 15, 16, 8], [5, 10, 8, 12, 19], [7, 2, 1, 0, 12, 3, 10, 11], [11, 17, 4, 7, 5, 15], [22, 8, 16, 1, 0, 12]]
[]
[[0, 3, 10, 9, 8, 7], [1, 12, 11, 16, 19, 14, 3, 5, 0, 10], [11, 2, 6, 5, 26, 0, 20, 3, 16, 10, 21], [15, 35, 0, 3, 6, 29, 28, 19, 11, 7, 30]]
[]
[[24, 30, 34, 37, 4, 7, 16, 22, 15, 33, 17, 1, 28], [9, 17, 20, 0, 5, 12, 21, 4, 10, 13, 16], [18, 0, 3, 16, 29, 13, 24, 17], [11, 16, 1, 2, 15, 19, 8, 21, 26], [7, 1, 22, 13, 16, 2, 3, 19, 4], [9, 13, 17, 10, 25], [6, 25, 10, 32, 0, 23, 26, 30, 9, 29, 3, 2, 31, 18, 15], [19, 12, 14, 23, 6, 9, 25, 28, 4, 5, 0, 18, 21]]
[]
[[7, 0, 5, 6], [3, 1, 5, 11, 17, 2, 4, 0, 9, 18, 19], [21, 4, 15, 18, 0, 19, 3, 11, 22, 6], [8, 14, 6, 18, 21, 25, 0, 12]]
[]
[[18, 24, 4, 22, 3, 16, 14, 19, 23, 25], [8, 29, 9, 15, 23, 2, 20, 32, 0, 12, 30, 3, 13, 34], [10, 1, 8, 12, 2, 9], [4, 2, 13, 0, 16], [10, 18, 19, 2, 12, 0, 13, 20], [2, 11, 21, 10, 15, 12, 14], [12, 13, 2, 10, 0, 3], [8, 0, 6, 1, 5, 9], [7, 3, 10, 2, 1, 0, 9], [5, 2, 7, 16, 10, 1, 11, 14, 3, 8]]
[]
