0.98460853099823
1.0000003576278687
0.9494925737380981
1.0000001192092896
0.9938920736312866
0.9999998807907104
0.9825068116188049
1.000000238418579
0.9963630437850952
0.9999998807907104
0.9898807406425476
1.0000004768371582
0.9401748180389404
1.0
0.9878888130187988
1.000000238418579
0.9979443550109863
0.9999998807907104
0.9917072057723999
0.9999999403953552
0.9822750687599182
1.0000001192092896
0.9923719167709351
0.9999997019767761
0.9963376522064209
1.0000004768371582
0.9959487915039062
0.999999463558197
0.9848849177360535
1.0
0.9925817251205444
0.9999997019767761
0.9878252148628235
0.9999997019767761
0.9966942667961121
1.0000001192092896
0.9952865242958069
0.9999998807907104
0.984315812587738
1.0000001192092896
0.994589626789093
1.0000003576278687
0.9936316013336182
1.0000001192092896
0.9722952246665955
1.000000238418579
0.9877750873565674
0.9999999403953552
0.9952713847160339
0.9999995231628418
0.989868700504303
0.9999997019767761
0.9912618398666382
1.000000238418579
0.9507066607475281
0.9999998211860657
0.9960172176361084
1.000000238418579
0.9128780364990234
0.9999996423721313
0.9928675293922424
0.9999997019767761
0.9860411286354065
1.0000003576278687
0.989123523235321
0.9999997615814209
0.995576798915863
0.9999999403953552
0.9903140068054199
1.0
0.9965440630912781
1.0
0.9971301555633545
0.9999998807907104
0.9959855079650879
0.9999997019767761
0.9146770238876343
1.0000008344650269
0.9940757155418396
1.0
0.9894729852676392
1.0000005960464478
0.9917649626731873
0.9999997019767761
0.9963501691818237
0.999999463558197
0.8641148209571838
1.0
0.9668649435043335
1.0
0.9968547224998474
0.9999998211860657
0.9981189966201782
1.0
0.9913524389266968
1.0
0.9815741181373596
0.9999997615814209
0.9710522294044495
1.0000003576278687
0.9760221838951111
1.0
0.9903049468994141
0.9999994039535522
0.9967429041862488
0.9999998807907104
0.9927024245262146
1.0000001192092896
0.992696225643158
0.9999997615814209
0.99767005443573
1.000000238418579
0.913373589515686
1.0000003576278687
0.9974597692489624
1.0
0.9874784350395203
1.0000003576278687
0.9949899315834045
1.0
0.9932722449302673
1.0
0.969212532043457
1.0000001192092896
0.9972841739654541
0.9999998211860657
0.9959957003593445
1.0000003576278687
0.9824205636978149
1.0000003576278687
0.8749041557312012
1.0
0.9975016713142395
1.0000003576278687
0.9883906841278076
0.9999996423721313
0.985733687877655
1.0000005960464478
0.9082601070404053
1.000000238418579
0.9955321550369263
1.0000003576278687
0.9876739978790283
1.0
0.9686648845672607
0.9999996423721313
0.9720001816749573
1.0000003576278687
0.9954928159713745
1.000000238418579
0.9462356567382812
1.0
0.9970034956932068
1.000000238418579
0.9944901466369629
1.0
0.9940219521522522
0.9999998807907104
0.9906834363937378
0.9999998211860657
0.9445957541465759
1.0000003576278687
0.9932116866111755
1.0000007152557373
0.9826231598854065
0.9999998807907104
0.9897929430007935
1.0000001192092896
0.9883750677108765
1.0000004768371582
0.9074609875679016
1.000000238418579
0.983924925327301
1.0000004768371582
0.9883103370666504
1.0
0.9885333776473999
0.9999997615814209
0.996847927570343
1.0
0.985519289970398
0.9999998211860657
0.9804278016090393
1.0000003576278687
0.9871663451194763
0.9999999403953552
0.9910288453102112
1.0000009536743164
0.9872878789901733
1.0
0.9934468865394592
1.000000238418579
0.9864530563354492
1.0000001192092896
0.9968034625053406
0.9999993443489075
0.9770128726959229
1.0
0.9783540964126587
1.000000238418579
