20.270198822021484
5.126979351043701
17.213932037353516
7.037195205688477
32.27381896972656
3.784846544265747
20.97603416442871
6.06259298324585
22.73118019104004
6.760489463806152
15.118260383605957
8.712628364562988
37.59062957763672
4.736603736877441
53.17575454711914
5.594628810882568
20.787633895874023
4.900716781616211
16.877323150634766
7.469065189361572
30.968595504760742
6.031159400939941
16.735641479492188
7.275912284851074
18.555574417114258
6.037750244140625
40.75477981567383
6.014075756072998
11.23702335357666
5.492518424987793
42.70781326293945
10.700719833374023
21.444175720214844
12.87420654296875
22.55224609375
10.111879348754883
26.396703720092773
5.112466335296631
13.952120780944824
5.724532127380371
21.492307662963867
4.015411853790283
30.62931251525879
8.130014419555664
14.429594993591309
6.778702259063721
19.927993774414062
5.629505157470703
24.380205154418945
8.293041229248047
23.737470626831055
8.48961067199707
18.863821029663086
6.300084590911865
64.1385498046875
5.149656772613525
20.55867576599121
4.5954084396362305
34.1826286315918
4.574398517608643
33.708251953125
8.156716346740723
30.25254249572754
8.333645820617676
19.753765106201172
9.844154357910156
18.28736686706543
5.111793041229248
39.46921920776367
5.896458148956299
15.504119873046875
7.185031414031982
25.079029083251953
11.062799453735352
17.838186264038086
7.720376491546631
74.30303192138672
8.833810806274414
29.482473373413086
6.070786952972412
23.562620162963867
2.4986648559570312
26.843151092529297
8.094812393188477
28.35443115234375
4.736841678619385
67.75824737548828
8.01485538482666
43.52908706665039
6.613637447357178
11.874414443969727
7.071227550506592
13.488045692443848
6.052044868469238
14.30559253692627
7.654482364654541
27.176002502441406
4.27487850189209
40.69041061401367
8.233312606811523
15.687056541442871
11.78759765625
28.046249389648438
14.85451602935791
39.16441345214844
6.891844749450684
21.56239891052246
4.800832748413086
36.939266204833984
5.122318267822266
18.47931480407715
5.438541889190674
31.634723663330078
4.592445373535156
44.66140365600586
6.324280738830566
57.919376373291016
3.4358792304992676
34.1538200378418
5.3087286949157715
20.831134796142578
9.049607276916504
76.69635772705078
7.037055015563965
21.554988861083984
8.216851234436035
13.475972175598145
6.028247833251953
36.94222640991211
4.662475109100342
22.888280868530273
8.483222961425781
23.79986000061035
6.788025379180908
56.84726333618164
5.887661457061768
28.257896423339844
5.508737564086914
25.779083251953125
10.71786880493164
23.99805450439453
2.572418451309204
33.33866882324219
6.062956809997559
47.89905548095703
3.8468034267425537
22.031034469604492
5.765107154846191
25.8392333984375
7.8681511878967285
21.61746597290039
3.580742597579956
18.753379821777344
9.22677230834961
15.232671737670898
6.4001617431640625
13.792418479919434
5.101419448852539
15.534438133239746
4.591341018676758
33.23518753051758
7.586971759796143
16.843093872070312
6.22652006149292
22.844154357910156
6.145463466644287
51.22438430786133
6.319919109344482
25.449371337890625
6.498235702514648
34.93812561035156
10.79739761352539
20.691844940185547
5.018130302429199
53.53017807006836
9.275701522827148
33.94223403930664
9.347122192382812
17.999134063720703
6.258676528930664
30.78143882751465
7.358029842376709
26.414621353149414
13.538822174072266
50.07334518432617
6.433110237121582
22.483652114868164
8.412318229675293
39.57755661010742
8.023835182189941
18.913150787353516
5.5836968421936035
19.94267463684082
4.612180233001709
12.396930694580078
6.24617338180542
31.90860939025879
9.542864799499512
42.403907775878906
6.524820804595947
