-0.8569981455802917
-0.7388087511062622
-0.9626893997192383
-0.6978026032447815
-1.3791532516479492
-0.632361650466919
-0.8638738393783569
-0.6648979187011719
-1.0623658895492554
-0.554267942905426
-0.7778025269508362
-0.8189169764518738
-0.9502894878387451
-0.5787414908409119
-1.08637273311615
-0.7486171126365662
-0.7584832310676575
-0.6883076429367065
-0.8933390378952026
-1.245764970779419
-1.446716070175171
-0.6723031997680664
-0.9954981207847595
-0.7353347539901733
-0.8038759827613831
-0.7080556750297546
-0.9954894781112671
-0.6167717576026917
-0.7878945469856262
-0.6214731335639954
-1.0763373374938965
-0.9706851840019226
-0.8604285717010498
-0.7243659496307373
-0.9434460401535034
-0.7003558874130249
-0.9396977424621582
-0.6803704500198364
-0.974066972732544
-0.6597470045089722
-0.9055992364883423
-0.48813390731811523
-0.911865234375
-0.6995567083358765
-0.9445920586585999
-0.6963902711868286
-0.8991084694862366
-0.7020246386528015
-0.8155468702316284
-0.666904628276825
-0.900604248046875
-0.7112943530082703
-1.15628182888031
-0.7691017389297485
-1.1293829679489136
-0.6651257872581482
-0.8739928007125854
-0.6219939589500427
-1.100540280342102
-0.5404377579689026
-1.010871410369873
-0.7588484883308411
-1.199234127998352
-0.7464982271194458
-0.8061131238937378
-0.8428427577018738
-0.7366596460342407
-0.7487331032752991
-0.9594610929489136
-0.6666187047958374
-0.8044331073760986
-0.6721162796020508
-0.7814322710037231
-0.764663815498352
-0.7777120471000671
-0.7221341133117676
-1.1435256004333496
-0.7410879731178284
-0.8944161534309387
-0.8811364769935608
-0.9562751054763794
-0.5685185194015503
-0.9001632928848267
-0.9273305535316467
-0.8178619146347046
-0.5967656970024109
-1.1245771646499634
-0.750602662563324
-0.8931031227111816
-2.041210174560547
-0.7866470217704773
-0.7377004027366638
-0.7440494298934937
-0.6636924743652344
-0.922530472278595
-0.7322107553482056
-1.0785499811172485
-0.7332282662391663
-1.1387629508972168
-0.7722621560096741
-0.9204226732254028
-1.0929685831069946
-0.9563749432563782
-0.8442970514297485
-1.0768344402313232
-0.6470532417297363
-0.8286164402961731
-0.5942961573600769
-1.2262464761734009
-0.600608229637146
-0.7487982511520386
-0.7004572153091431
-0.9092345833778381
-0.5561347007751465
-1.6201257705688477
-0.930760383605957
-0.9659706354141235
-0.5795106887817383
-0.9695631265640259
-0.525381326675415
-0.8132178783416748
-0.875191330909729
-1.1117218732833862
-0.6824436783790588
-0.8783646821975708
-0.7648276686668396
-0.7160155773162842
-0.658916175365448
-0.9395532011985779
-0.699057400226593
-1.1369457244873047
-0.7331406474113464
-1.1459347009658813
-0.6988347768783569
-0.9596223831176758
-0.9338258504867554
-0.9822283983230591
-0.7907317280769348
-0.865773618221283
-0.7694491744041443
-0.9493842720985413
-0.3363874852657318
-0.9091978669166565
-0.7910563945770264
-0.995729923248291
-0.5389449000358582
-0.9917137026786804
-1.114006757736206
-0.9176961779594421
-1.832932710647583
-0.8882459998130798
-0.7241352200508118
-0.9316627979278564
-0.7410767674446106
-0.6874353289604187
-0.6242945790290833
-0.9366086721420288
-0.5320583581924438
-0.9487784504890442
-0.5793013572692871
-0.8285456299781799
-0.6272692680358887
-0.8898729681968689
-0.6146603226661682
-0.9030295014381409
-0.5669017434120178
-1.127902626991272
-0.8018812537193298
-0.9147132635116577
-0.6519644260406494
-1.0444213151931763
-0.6495959758758545
-0.8817652463912964
-0.706816554069519
-1.0978522300720215
-0.7354089617729187
-1.0443000793457031
-0.7212138175964355
-0.9196393489837646
-0.8351141810417175
-1.0702180862426758
-0.761962354183197
-0.9363719820976257
-0.7188001275062561
-0.915327787399292
-0.7483065128326416
-0.8868404626846313
-0.7034704089164734
-1.1528840065002441
-0.842953085899353
-0.7397298812866211
-0.6493148803710938
-0.8879613876342773
-0.5486640334129333
-0.725362241268158
-0.7547598481178284
-0.9671524167060852
-0.856572151184082
-1.13455331325531
-0.8330814242362976
