0.9920360190527779
1
0.5823490917682648
1
0.9682875275611877
1
0.990121865272522
1
0.9925558120012283
1
0.9544939001401266
1
0.993439108133316
1
0.7995427310466766
1
0.9941997230052948
1
0.777127942755161
1
0.751189922913909
1
0.9758837819099426
1
0.9925190040043422
1
0.9903342326482137
1
0.7958297314122319
1
0.9249856301716396
1
0.9928542524576187
1
0.8972815722227097
1
0.9929846780640739
1
0.9900725483894348
1
0.9932632098595301
1
0.9938596288363138
1
0.8799181431531906
1
0.9938569903373718
1
0.9482629671692848
1
0.9937591453393301
1
0.46177840104792267
1
0.9920789003372192
1
0.9939461861337934
1
0.9103486289580663
1
0.7530172476544976
1
0.9919899106025696
1
0.8706350458992852
1
0.9941200869424003
1
0.9935047541345868
1
0.9927188555399576
1
0.9910522970286283
1
0.9931289354960123
1
0.9767618328332901
1
0.9844255745410919
1
0.9837759613990784
1
0.9926455616950989
1
0.9942812621593475
1
0.9914565980434418
1
0.9828350424766541
1
0.8530616667121649
1
0.9903429879082574
1
0.9940594077110291
1
0.49065068922936916
1
0.9892035126686096
1
0.899588692188263
1
0.994000236193339
1
0.9816740274429321
1
0.9940517014927335
1
0.9932057619094848
1
0.99315847158432
1
0.7457296648062766
1
0.99456387758255
1
0.7439010168115298
1
0.9209609478712082
1
0.9930189922451973
1
0.6701774274309477
1
0.9920726219813029
1
0.9930534303188324
1
0.9920141100883484
1
0.9838483333587646
1
0.9904825240373611
1
0.7934318741783499
1
0.9940801411867142
1
0.9873770833015442
1
0.9914387464523315
1
0.994594544172287
1
0.9575795382261276
1
0.671776200334231
1
0.7815351001918316
1
0.9165729761123658
1
0.9796883225440979
1
0.991609169377221
1
0.9922134611341689
1
0.9861878837857928
1
0.9785719911257426
1
0.9887859171087091
1
0.8280556240739921
1
0.8269937541335821
1
0.7444851173786446
1
0.9402192135651907
1
0.9863693032945905
1
0.9525538086891174
1
0.9866365627809004
1
0.9937138259410858
1
0.9101821780204773
1
0.9878360033035278
1
0.6002214440144599
1
0.9265666306018829
1
0.7727619234472514
1
0.9924791405598322
1
0.9920986294746399
1
0.994324617087841
1
0.9925143867731094
1
0.7038306198082864
1
