5.519535541534424
5.126979351043701
2.8645756244659424
7.037195205688477
8.14297866821289
3.784846544265747
7.886714458465576
6.06259298324585
9.2266206741333
6.760489463806152
4.663301944732666
8.712628364562988
7.884819030761719
4.736603736877441
8.637847900390625
5.594628810882568
7.012856960296631
4.900716781616211
4.394680500030518
7.469065189361572
9.421367645263672
6.031159400939941
6.604288578033447
7.275912284851074
6.048065185546875
6.037750244140625
7.486936569213867
6.014075756072998
3.6293084621429443
5.492518424987793
7.4012250900268555
10.700719833374023
5.357645034790039
12.87420654296875
6.6047515869140625
10.111879348754883
8.065592765808105
5.112466335296631
4.426057815551758
5.724532127380371
8.134299278259277
4.015411853790283
7.556036472320557
8.130014419555664
4.750049114227295
6.778702259063721
6.467325687408447
5.629505157470703
6.96735954284668
8.293041229248047
5.722208023071289
8.48961067199707
5.803142547607422
6.300084590911865
14.728959083557129
5.149656772613525
6.924906253814697
4.5954084396362305
8.613258361816406
4.574398517608643
6.4662041664123535
8.156716346740723
5.573450088500977
8.333645820617676
5.52876615524292
9.844154357910156
5.780279159545898
5.111793041229248
7.354969501495361
5.896458148956299
6.241009712219238
7.185031414031982
7.212449073791504
11.062799453735352
5.964468479156494
7.720376491546631
17.75676727294922
8.833810806274414
5.291225433349609
6.070786952972412
6.921407222747803
2.4986648559570312
5.143475532531738
8.094812393188477
7.23785400390625
4.736841678619385
6.749207973480225
8.01485538482666
9.688085556030273
6.613637447357178
3.735024929046631
7.071227550506592
6.071054935455322
6.052044868469238
7.837861061096191
7.654482364654541
9.141286849975586
4.27487850189209
5.221302032470703
8.233312606811523
3.496955156326294
11.78759765625
6.752020359039307
14.85451602935791
6.430603504180908
6.891844749450684
6.884175777435303
4.800832748413086
13.372507095336914
5.122318267822266
6.912511825561523
5.438541889190674
4.9183149337768555
4.592445373535156
29.381622314453125
6.324280738830566
5.845738887786865
3.4358792304992676
8.243858337402344
5.3087286949157715
5.342695713043213
9.049607276916504
12.66495418548584
7.037055015563965
7.6994428634643555
8.216851234436035
5.444972515106201
6.028247833251953
8.423591613769531
4.662475109100342
8.008211135864258
8.483222961425781
6.598454475402832
6.788025379180908
11.506388664245605
5.887661457061768
7.521932125091553
5.508737564086914
7.408778190612793
10.71786880493164
5.617416858673096
2.572418451309204
7.182713508605957
6.062956809997559
7.551852703094482
3.8468034267425537
8.045458793640137
5.765107154846191
8.267075538635254
7.8681511878967285
6.1065473556518555
3.580742597579956
7.2858991622924805
9.22677230834961
5.07758092880249
6.4001617431640625
5.862215995788574
5.101419448852539
7.373297691345215
4.591341018676758
9.061882972717285
7.586971759796143
7.194390773773193
6.22652006149292
6.602566242218018
6.145463466644287
8.541509628295898
6.319919109344482
4.485838413238525
6.498235702514648
9.335287094116211
10.79739761352539
5.053862571716309
5.018130302429199
10.051830291748047
9.275701522827148
6.573173999786377
9.347122192382812
5.892495632171631
6.258676528930664
10.277274131774902
7.358029842376709
7.480372905731201
13.538822174072266
9.708232879638672
6.433110237121582
5.431621074676514
8.412318229675293
6.3388190269470215
8.023835182189941
6.013484477996826
5.5836968421936035
6.7724127769470215
4.612180233001709
5.00111722946167
6.24617338180542
5.795811653137207
9.542864799499512
6.160276889801025
6.524820804595947
