0.7888109439649007
1
0.8836496243759355
1
0.9289110037626298
1
0.7353177092019114
1
0.8251217578434704
1
0.7867151383137911
1
0.8363765908999408
1
0.8508112386228731
1
0.790592277139398
1
0.8508324592530643
1
0.7515967970271402
1
0.9005187404658258
1
0.8351971545428161
1
0.7780480199563455
1
0.777434726205821
1
0.7339028905161953
1
0.8597361244751732
1
0.8695517500774371
1
0.9148188838762665
1
0.7179085737286794
1
0.8613687584622772
1
0.7839881228292925
1
0.786743606722795
1
0.907265866873065
1
0.8903488144228885
1
0.8219335657529158
1
0.8628322716547485
1
0.9323414965986394
1
0.9150720614636558
1
0.6888853297249398
1
0.5645109916838472
1
0.9120082668187001
1
0.9489795918367347
1
0.8333049003401224
1
0.8546247091912346
1
0.7740419908970784
1
0.7821814603064604
1
0.9996243425995492
1
0.8313856427378966
1
0.8802238034421941
1
0.677921025754429
1
0.9005380039777467
1
0.9020289923200321
1
0.9999951841114204
1
0.8068749848625675
1
0.9416777020532867
1
0.9112071909383989
1
0.9162177171051739
1
0.8500230951799588
1
0.7979835226337947
1
0.8027537738183619
1
0.8228194373246758
1
0.8153714533276298
1
0.8071724400299779
1
0.7048150248902736
1
0.5829891479381082
1
0.749823349744712
1
0.8617183528215558
1
0.9065508647865723
1
0.8949081751735152
1
0.8856981413425074
1
0.8882666861947284
1
0.7369276747005893
1
0.8037983326505395
1
0.8555610334325996
1
0.8345982523540446
1
0.833783507813962
1
0.8560298147099928
1
0.8711205762006173
1
0.7850572336632129
1
0.8181675247653805
1
0.7756676253213162
1
0.9225603070175439
1
0.8366396525737184
1
0.8686896481439017
1
0.873183892697704
1
0.8084883225270905
1
0.7218136645962733
1
0.7637067659327709
1
0.7486727219574822
1
0.8427134569167923
1
0.7667011294343185
1
0.9457677573514041
1
0.7850154247745612
1
0.806022471425665
1
0.7228929031725748
1
0.8369747899159665
1
0.6215394538497216
1
0.8430165394402036
1
0.8674827139467294
1
0.6821482201492102
1
0.8480134113352107
1
0.8581081081081081
1
0.8847130630630631
1
0.84808603871216
1
0.8455371495421676
1
0.833449025868851
1
0.6313080983634555
1
0.7845595966408434
1
0.8809235980696689
1
