[]
[1]
[]
[]
[0]
[]
[3]
[]
[]
[0]
[]
[7]
[]
[0]
[]
[4]
[]
[]
[]
[0, 8]
[]
[0]
[]
[1]
[]
[2]
[]
[0]
[8]
[]
[3]
[]
[1]
[]
[4]
[]
[]
[4]
[]
[2]
[]
[1]
[]
[0]
[]
[1]
[]
[3]
[]
[4]
[]
[4]
[]
[]
[]
[0]
[]
[3]
[]
[1]
[]
[2]
[]
[4]
[]
[]
[5]
[]
[3]
[]
[6]
[]
[]
[2]
[]
[7]
[]
[]
[2]
[]
[4]
[]
[]
[4]
[]
[]
[]
[0]
[8]
[]
[]
[0]
[]
[]
[0]
[]
[2]
[]
[3]
[]
[]
[0]
[]
[4]
[]
[]
[5]
[]
[]
[3]
[8]
[]
[]
[3]
[]
[3]
[]
[]
[1]
[]
[]
[2]
[]
[4]
[]
[0]
[]
[5]
[]
[]
[2]
[]
[2]
[]
[1]
[]
[2]
[]
[4]
[]
[]
[]
[0]
[]
[3]
[]
[]
[2]
[]
[4]
[]
[]
[]
[1]
[]
[3]
[8]
[]
[11]
[]
[3]
[]
[4]
[]
[1]
[]
[10]
[]
[3]
[8]
[]
[2]
[]
[]
[3]
[]
[]
[3]
[8]
[]
[]
[8]
[]
[]
[0]
[]
[2]
[]
[2]
[]
[3]
[]
[]
[2]
[]
[0]
[8]
[]
[8]
[]
