0.8707188859686407
1
0.8203353867201886
1
0.9428633479312499
1
0.7552813343590501
1
0.8251217578434704
1
0.8404197084377525
1
0.8471897620326793
1
0.8508112386228731
1
0.7895323540818117
1
0.8508324592530643
1
0.8615146370748623
1
0.9062169127230715
1
0.8434545737275106
1
0.8298582579092414
1
0.8099744222046431
1
0.8444254463178621
1
0.8597361244751732
1
0.9134360233657031
1
0.9337719626168226
1
0.8080051087758744
1
0.8759013391388889
1
0.8602596869578194
1
0.8434728518221898
1
0.9384893789343827
1
0.9098179007083695
1
0.8719010123164429
1
0.8209846862925896
1
0.9462130529656815
1
0.9150720614636558
1
0.775177778740272
1
0.5645109916838472
1
0.9669867063468632
1
0.9489795918367347
1
0.8482942314484733
1
0.8579807516551395
1
0.7843372530197584
1
0.8218960458574777
1
0.9996243425995492
1
0.9073710125410319
1
0.9166160091641533
1
0.6662881540697673
1
0.8996757854759634
1
0.9297249326562353
1
0.9999951841114204
1
0.8448726208942804
1
0.9416777020532867
1
0.9746828130776686
1
0.9231205530071862
1
0.8649596490081334
1
0.9040366580508907
1
0.9552979087795206
1
0.895294422151186
1
0.9257735963786231
1
0.8071724400299779
1
0.8332498822698073
1
0.7218277667038124
1
0.7036762817122739
1
0.8958693771626297
1
0.9065508647865723
1
0.8949081751735152
1
0.9245933845029239
1
0.9140791327913279
1
0.8808110729625183
1
0.8037983326505395
1
0.8847401570973468
1
0.8680423600605145
1
0.833783507813962
1
0.8560298147099928
1
0.8711205762006173
1
0.7850572336632129
1
0.8825368382605778
1
0.8400328336985243
1
0.9410130885807579
1
0.8366396525737184
1
0.9211779262581312
1
0.873183892697704
1
0.8377302898256388
1
0.7879772961816306
1
0.8048359207525878
1
0.8447780111201115
1
0.8250989130874938
1
0.778426284174395
1
0.9457677573514041
1
0.8260617685806377
1
0.8208120130007427
1
0.766460111043229
1
0.8369747899159665
1
0.6379877068262778
1
0.8982829263929124
1
0.8655617939957309
1
0.8140815446088789
1
0.8480134113352107
1
0.8833353855160303
1
0.8847130630630631
1
0.84808603871216
1
0.8455371495421676
1
0.8376197417742608
1
0.6984967517266388
1
0.8074847481818757
1
0.8560766622873169
1
