0.9666006565093994
1
0.9596883654594421
1
0.9782343506813049
1
0.974797248840332
1
0.989284336566925
1
0.4461347460746765
1
0.9329226016998291
1
0.9835250377655029
1
0.9713573455810547
1
0.4372033178806305
1
0.9056350588798523
1
0.9779344201087952
1
0.9504780173301697
1
0.47098061442375183
1
0.827307939529419
1
0.030632413923740387
1
0.9868295788764954
1
0.8447341322898865
1
0.9517456293106079
1
0.9426748752593994
1
0.8954213261604309
1
0.9336331486701965
1
0.9679029583930969
1
0.9532658457756042
1
0.9627293944358826
1
0.9752041697502136
1
0.9436156153678894
1
0.9788515567779541
1
0.8708223104476929
1
0.9739790558815002
1
0.971183717250824
1
0.9572394490242004
1
0.9457324147224426
1
0.9850164651870728
1
0.897955596446991
1
0.9562872052192688
1
0.9238438010215759
1
0.9819508790969849
1
0.9493915438652039
1
0.8807520866394043
1
0.9844547510147095
1
0.9692696332931519
1
0.13942721486091614
1
0.9896260499954224
1
0.039407406002283096
1
0.955746591091156
1
0.9768393635749817
1
0.843002200126648
1
0.7157297730445862
1
0.960991382598877
1
0.9652689695358276
1
0.9153420329093933
1
0.9554486870765686
1
0.913791298866272
1
0.9448124170303345
1
0.1326017826795578
1
0.9704984426498413
1
0.9819267392158508
1
0.9597746729850769
1
0.9931023120880127
1
0.8214373588562012
1
0.8556488752365112
1
0.9611798524856567
1
0.9124495983123779
1
0.9576404094696045
1
0.9661832451820374
1
0.9699282646179199
1
0.9588057994842529
1
0.9815003871917725
1
0.9626765251159668
1
0.8093952536582947
1
0.9891684055328369
1
0.7643452286720276
1
0.9757651090621948
1
0.9551626443862915
1
0.9829899072647095
1
0.9819625020027161
1
0.8914634585380554
1
0.8412683606147766
1
0.7803171873092651
1
0.7914299964904785
1
0.9282313585281372
1
0.9586301445960999
1
0.9434109330177307
1
0.9636105895042419
1
0.97116619348526
1
0.9882717728614807
1
0.8888500928878784
1
0.9475836157798767
1
0.012975398451089859
1
0.963498055934906
1
0.9639084339141846
1
0.9076288342475891
1
0.7294170260429382
1
0.7916542887687683
1
0.8127561211585999
1
0.9809662103652954
1
0.9719926714897156
1
0.8363034725189209
1
0.3759675621986389
1
