0.8508463778804428
1
0.8836496243759355
1
0.9428633479312499
1
0.7552813343590501
1
0.8251217578434704
1
0.8404197084377525
1
0.8471897620326793
1
0.8508112386228731
1
0.8100628882455243
1
0.8508324592530643
1
0.796896570389581
1
0.9062169127230715
1
0.8351971545428161
1
0.8119022396573188
1
0.7658326355611602
1
0.8206617253640296
1
0.8597361244751732
1
0.9134360233657031
1
0.9148188838762665
1
0.7179085737286794
1
0.8470330666063074
1
0.8263713557345064
1
0.8130615822923516
1
0.907265866873065
1
0.8903488144228885
1
0.8219335657529158
1
0.8209846862925896
1
0.9462130529656815
1
0.9150720614636558
1
0.775177778740272
1
0.5645109916838472
1
0.9120082668187001
1
0.9489795918367347
1
0.8482942314484733
1
0.8579807516551395
1
0.7843372530197584
1
0.7821814603064604
1
0.9996243425995492
1
0.8497888319414454
1
0.9166160091641533
1
0.6662881540697673
1
0.9005380039777467
1
0.9393889361235293
1
0.9999951841114204
1
0.8268658980958611
1
0.9416777020532867
1
0.9746828130776686
1
0.9162177171051739
1
0.8537781405669029
1
0.8714035446665165
1
0.9552979087795206
1
0.8228194373246758
1
0.8153714533276298
1
0.8071724400299779
1
0.7048150248902736
1
0.7055591787764405
1
0.749823349744712
1
0.8617183528215558
1
0.9065508647865723
1
0.8949081751735152
1
0.9418645055300725
1
0.8882666861947284
1
0.8156540646114041
1
0.8037983326505395
1
0.8573449975692065
1
0.8636024286765157
1
0.833783507813962
1
0.8560298147099928
1
0.8711205762006173
1
0.7850572336632129
1
0.8181675247653805
1
0.8034705008623587
1
0.9410130885807579
1
0.8366396525737184
1
0.8686896481439017
1
0.873183892697704
1
0.8377302898256388
1
0.7218136645962733
1
0.7905393766964184
1
0.7543266184083257
1
0.8442000202573433
1
0.778426284174395
1
0.9457677573514041
1
0.7897371628632223
1
0.8208120130007427
1
0.7228929031725748
1
0.8369747899159665
1
0.6379877068262778
1
0.8430165394402036
1
0.8727987267484779
1
0.8140815446088789
1
0.8480134113352107
1
0.8954518429647405
1
0.8847130630630631
1
0.84808603871216
1
0.8455371495421676
1
0.833449025868851
1
0.6984967517266388
1
0.7957089268334895
1
0.8809235980696689
1
