0.7734560212400978
1
0.9088046647230322
1
0.7339399511707978
1
0.5948289412162632
1
0.8251217578434704
1
0.648550421286031
1
0.8202979971026142
1
0.7408404782031156
1
0.6803669866587547
1
0.8023379620348465
1
0.6577148480791566
1
0.7438957481489988
1
0.6292244327548872
1
0.6278747448941191
1
0.70414888962368
1
0.5766212684556525
1
0.5314159828703199
1
0.8380871817542905
1
0.7320536978484665
1
0.599093247749627
1
0.8109475926188713
1
0.6572667879021774
1
0.6839699956114453
1
0.9377435184600155
1
0.6223845200402522
1
0.7983022508038584
1
0.7233832556336951
1
0.933039455782313
1
0.6458171278190412
1
0.5859732479564417
1
0.5437608864840826
1
0.8126527347889295
1
0.8076678576908743
1
0.7128292204435223
1
0.768772698516835
1
0.743016335403839
1
0.5565268561229626
1
0.7886904761904763
1
0.8103975535168195
1
0.7909737526111967
1
0.66061686382542
1
0.7747331855474553
1
0.9330560903912539
1
0.8728305443125157
1
0.7159813163622933
1
0.8038614163614164
1
0.6308916736712112
1
0.8186371148802183
1
0.7421548956636332
1
0.6537814459290996
1
0.7875131572311491
1
0.810698691056661
1
0.7194879666558399
1
0.7089198242681315
1
0.6563857190835566
1
0.6003908987956706
1
0.6734777829072361
1
0.8093980557617975
1
0.8700136832226496
1
0.8949081751735152
1
0.8197131926335852
1
0.8329783633311767
1
0.6794392235467215
1
0.7426316776796036
1
0.6458626663259962
1
0.6955261249329928
1
0.7730948279067977
1
0.7050202714933798
1
0.7790525495275329
1
0.6390424395974951
1
0.7250116225011624
1
0.7520269586436714
1
0.7448572579142149
1
0.6928038469183371
1
0.7411443425774793
1
0.9686199271592091
1
0.7802289661368395
1
0.6031796490258295
1
0.5311593701980799
1
0.6609820326278659
1
0.6613566600177306
1
0.6808465160734694
1
0.8760040642601127
1
0.631174097019287
1
0.750861812425297
1
0.5812798989078436
1
0.9997106481481481
1
0.5561786574795853
1
0.801367143349628
1
0.7136995329470075
1
0.7412859698045828
1
0.7295594081233947
1
0.7151709915230884
1
0.8210928193482931
1
0.6741873112615363
1
0.8311778436691691
1
0.7924722736182506
1
0.5558973589435774
1
0.7385824608528432
1
0.8142965878376457
1
