0.9754500389099121
1
0.9596883654594421
1
0.9865177273750305
1
0.9764917492866516
1
0.989284336566925
1
0.4974551498889923
1
0.9321974515914917
1
0.9835250377655029
1
0.9734379053115845
1
0.4372033178806305
1
0.9054692983627319
1
0.9791683554649353
1
0.9504780173301697
1
0.4416678845882416
1
0.8545356392860413
1
0.03609811142086983
1
0.9868295788764954
1
0.781833827495575
1
0.9517456293106079
1
0.9426748752593994
1
0.8860693573951721
1
0.9421945810317993
1
0.969944179058075
1
0.9532658457756042
1
0.9627293944358826
1
0.9752041697502136
1
0.9457826614379883
1
0.9791967272758484
1
0.8708223104476929
1
0.978820264339447
1
0.971183717250824
1
0.9572394490242004
1
0.9457324147224426
1
0.9848490357398987
1
0.8763750791549683
1
0.9484626650810242
1
0.9238438010215759
1
0.9819508790969849
1
0.9573460817337036
1
0.8994654417037964
1
0.9852077960968018
1
0.9692696332931519
1
0.3218728005886078
1
0.9896260499954224
1
0.032648682594299316
1
0.955746591091156
1
0.956436812877655
1
0.843002200126648
1
0.2799301743507385
1
0.9645611643791199
1
0.9560369849205017
1
0.9153420329093933
1
0.9552385807037354
1
0.913791298866272
1
0.9448124170303345
1
0.12814387679100037
1
0.9704984426498413
1
0.9819267392158508
1
0.9597746729850769
1
0.9931023120880127
1
0.831513524055481
1
0.8556488752365112
1
0.9650376439094543
1
0.9124495983123779
1
0.9480985403060913
1
0.9594927430152893
1
0.9699282646179199
1
0.9588057994842529
1
0.9815003871917725
1
0.9626765251159668
1
0.8093952536582947
1
0.9910705089569092
1
0.7853595018386841
1
0.9757651090621948
1
0.9551626443862915
1
0.9829899072647095
1
0.9812479019165039
1
0.8914634585380554
1
0.8562339544296265
1
0.8011329770088196
1
0.8008283376693726
1
0.9337558150291443
1
0.9586301445960999
1
0.9474688768386841
1
0.971402108669281
1
0.97116619348526
1
0.9882717728614807
1
0.8993919491767883
1
0.9475836157798767
1
0.01503607165068388
1
0.9532505869865417
1
0.9639084339141846
1
0.9241618514060974
1
0.7294170260429382
1
0.7916542887687683
1
0.8127561211585999
1
0.9809662103652954
1
0.9718876481056213
1
0.7886860966682434
1
0.3759675621986389
1
