0.7805857114751344
1
0.9259259259259258
1
0.8624148976128861
1
0.5600133868808568
1
0.5402650356778795
1
0.8929463866140909
1
0.8412545136866628
1
0.8750653136296913
1
0.8209583163123776
1
0.8889681962291394
1
0.7465982535380911
1
0.9084331630632165
1
0.7465265336168954
1
0.6294218236261157
1
0.5942917388026265
1
0.7830742652512594
1
0.7934931123118784
1
0.9096387245600328
1
0.7529914814855972
1
0.7855626913937369
1
0.7052403846153846
1
0.8555406471377504
1
0.7977144391342618
1
0.9247339512530038
1
0.7153202667650607
1
0.8648917202543829
1
0.8686637051791088
1
0.7453496108890576
1
0.7807983821957466
1
0.8358733758334612
1
0.848379130262395
1
0.8118434801852275
1
0.7329589669169452
1
0.6343918685392906
1
0.9135528579431298
1
0.8540210897900072
1
0.7852740720828305
1
0.9996243425995492
1
0.8059595158597663
1
0.8650193949565687
1
0.4719369370549835
1
0.8667580535592213
1
0.9309530731466498
1
0.6246287451150673
1
0.8603318599232456
1
0.8226083380865153
1
0.886403116845445
1
0.7931511251716798
1
0.8002224807507416
1
0.679873576644564
1
0.7292403354190133
1
0.6633439218204283
1
0.8734305872605741
1
0.8710099250238797
1
0.8845531279005268
1
0.7826781611674708
1
0.7678019339327309
1
0.9006733711307606
1
0.8221302998965875
1
0.7898009950248758
1
0.8760026658827322
1
0.9138754578754578
1
0.6627095730382458
1
0.7766061731654385
1
0.6960102780750911
1
0.8953606314901527
1
0.6765266585463569
1
0.7973141855263352
1
0.8701195629767058
1
0.7508319341483964
1
0.651276065021404
1
0.8789824596922625
1
0.8802045019179602
1
0.8708360460069444
1
0.8603429386735967
1
0.8210336643918432
1
0.7661341579886989
1
0.805787907552443
1
0.7284579685112447
1
0.8972964122967411
1
0.6879278353643222
1
0.9143558131358145
1
0.8080756130404771
1
0.7349780313155759
1
0.7710130589631975
1
0.8323954824648307
1
0.9997106481481481
1
0.5353137431932962
1
0.8041998384677513
1
0.7215666332822576
1
0.7479131039252412
1
0.6477929614733586
1
0.8774619953286621
1
0.7994201062836085
1
0.8004711333676717
1
0.8847715736040608
1
0.8453730615001701
1
0.8273096973660424
1
0.769852752400806
1
0.8327609561777772
