0.7810175184797812
1
0.8836496243759355
1
0.7825337268967164
1
0.6066835300771692
1
0.8251217578434704
1
0.7498212261184133
1
0.8413928695130166
1
0.8614814564692649
1
0.7371618776020984
1
0.8081704767696207
1
0.7562952522324011
1
0.8510901290291711
1
0.8351971545428161
1
0.7780480199563455
1
0.7472002045847121
1
0.6643595443657482
1
0.6328499298737726
1
0.8695517500774371
1
0.7563320825515949
1
0.6942007164485329
1
0.791416473322136
1
0.7839881228292925
1
0.786743606722795
1
0.8964571397686736
1
0.6999988166592629
1
0.8219335657529158
1
0.7084897681487793
1
0.9323414965986394
1
0.8786007345642833
1
0.6813240858134929
1
0.5653797223818992
1
0.9222535386328894
1
0.7934528862478778
1
0.7693209344774058
1
0.7738421020897103
1
0.7740419908970784
1
0.7558959858453185
1
0.7886904761904763
1
0.8027519029040324
1
0.8405675966284522
1
0.677921025754429
1
0.9005380039777467
1
0.933272996673804
1
0.9394811312424949
1
0.7723354561637086
1
0.8407460521489724
1
0.6967905405405406
1
0.8929015844924371
1
0.7805541807306645
1
0.7500340917347105
1
0.8027537738183619
1
0.8228194373246758
1
0.741671668667467
1
0.7330594895217992
1
0.7140663390663391
1
0.5829891479381082
1
0.7257435359264056
1
0.8617183528215558
1
0.8522550878512178
1
0.8949081751735152
1
0.8673742063969994
1
0.8646434202861718
1
0.7533690482183715
1
0.7951794098827787
1
0.7522830605493304
1
0.7865651746799505
1
0.7538486160506854
1
0.7786081062286816
1
0.8088818306034719
1
0.7002996678222109
1
0.8181675247653805
1
0.7626294400884757
1
0.8358787828947367
1
0.8366396525737184
1
0.8844210887493517
1
0.9211051960643494
1
0.789036364823399
1
0.6664951855595701
1
0.6179342901967125
1
0.707172460671548
1
0.6849317196713657
1
0.7073737303086117
1
0.8760040642601127
1
0.7817714702231142
1
0.7789062500000001
1
0.6692073470652564
1
0.9997106481481481
1
0.581259213172481
1
0.8309008002890804
1
0.8422382851264605
1
0.6821482201492102
1
0.8480134113352107
1
0.7190448309178743
1
0.8246554880866444
1
0.7508130626162762
1
0.8455371495421676
1
0.7902040816326531
1
0.6082320920652726
1
0.7845595966408434
1
0.8523358672593406
1
