[1, 4, 6]
[1]
[1]
[2, 4]
[0, 1]
[1, 4]
[0, 3]
[1, 4, 6]
[]
[0]
[3, 6, 8]
[0, 1, 4, 7]
[1, 4, 6]
[0]
[1]
[2, 4]
[0, 1, 3]
[0, 1, 3]
[]
[0, 5, 8, 9, 10]
[1, 4, 6]
[0]
[1, 4, 5]
[1]
[1, 4]
[0, 2, 3]
[1, 4, 6]
[0]
[1, 4, 5, 8]
[1, 4]
[1, 3, 4, 5]
[1, 4, 6]
[1]
[1]
[2, 4]
[0, 1, 3]
[1]
[0, 2, 4]
[1, 4]
[0, 2]
[1, 4, 6]
[1]
[1, 4, 6]
[0, 1]
[1, 4, 6]
[1, 2]
[1, 4]
[0, 3]
[1]
[0, 1, 4]
[1]
[0, 2, 4]
[0]
[1]
[0, 2]
[0, 1]
[1]
[1, 3, 4, 5, 7]
[1, 4, 6]
[1, 2, 3]
[1]
[0, 2, 3, 4, 6]
[1]
[0, 2, 4]
[]
[1]
[1, 3, 5]
[1, 4]
[1, 3]
[1]
[4, 6]
[0, 1, 3]
[1, 4]
[0, 2]
[]
[0, 3, 5, 7]
[0, 1]
[1, 4]
[0, 2]
[1]
[0, 2, 4]
[0]
[1]
[0, 4]
[0, 1]
[1, 4]
[]
[0, 1, 2]
[1, 4, 5, 8]
[1]
[0]
[0]
[0, 1]
[1, 4, 6]
[0, 1, 2]
[1, 4]
[0, 2, 3, 4]
[1, 4]
[1, 3, 4, 5]
[1]
[0, 2]
[0]
[1]
[0, 4]
[0, 1]
[1]
[1, 5]
[0, 1]
[1, 4]
[1, 3]
[1, 4, 6, 8]
[0]
[1, 4]
[0, 3]
[1, 4]
[1, 3]
[0]
[1, 4, 6]
[1]
[]
[1, 4, 5]
[2]
[1]
[0, 2, 4]
[1, 4, 6]
[0]
[1]
[1, 3, 5]
[0, 1]
[1]
[0, 2, 3, 4, 6]
[1, 4, 5]
[2]
[1, 4, 6]
[1]
[1, 4, 5]
[2]
[1]
[0, 4]
[0, 1]
[1]
[0]
[0, 1, 2]
[1, 4]
[1, 3]
[1]
[2]
[0, 2]
[1]
[0, 2, 4]
[]
[1]
[1, 3]
[1]
[1, 4]
[0, 3]
[1, 4, 5, 8]
[1]
[1, 3, 4, 5, 11]
[1, 4]
[3, 4, 5]
[1]
[0, 2, 4]
[1, 4, 5]
[1]
[1]
[0, 2, 3, 4, 10]
[1, 4]
[1, 3]
[1, 4, 6, 8]
[1, 4]
[0, 2]
[]
[0, 3]
[1, 3]
[0, 1]
[1, 4]
[0, 3]
[1, 4, 6, 8]
[1]
[3]
[0, 1, 2, 8]
[1]
[0, 2]
[0, 1, 2]
[1, 4, 5]
[2]
[1, 4, 5]
[2]
[1, 4]
[3]
[0, 1]
[1, 4]
[0, 2]
[1, 4, 6]
[0, 1, 2]
[1, 4, 6, 8]
[0]
[1, 4, 8]
[0, 1]
