0.9814762473106384
1
0.9445964694023132
1
0.9782404899597168
1
0.929119884967804
1
0.989284336566925
1
0.6999771595001221
1
0.9535191059112549
1
0.923797607421875
1
0.9761248230934143
1
0.5001116991043091
1
0.9170418381690979
1
0.9759359955787659
1
0.9813432097434998
1
0.3232959508895874
1
0.883178174495697
1
0.05501658096909523
1
0.9883337020874023
1
0.7936198711395264
1
0.9491645693778992
1
0.9584388732910156
1
0.8897646069526672
1
0.9458821415901184
1
0.9698110818862915
1
0.8914163708686829
1
0.9316753149032593
1
0.983970582485199
1
0.9301427006721497
1
0.9792832732200623
1
0.7810699343681335
1
0.9792320728302002
1
0.9547922611236572
1
0.9640132188796997
1
0.9480230212211609
1
0.9822853803634644
1
0.9013479948043823
1
0.9663143754005432
1
0.8416104316711426
1
0.9659826755523682
1
0.9680646061897278
1
0.859174370765686
1
0.9844211339950562
1
0.852294921875
1
0.29912829399108887
1
0.992203950881958
1
0.024798844009637833
1
0.9699811935424805
1
0.9572040438652039
1
0.8188689351081848
1
0.655778169631958
1
0.97220379114151
1
0.956241250038147
1
0.9188823103904724
1
0.960293710231781
1
0.9642935991287231
1
0.9313002824783325
1
0.16281715035438538
1
0.9561929702758789
1
0.984022319316864
1
0.9628920555114746
1
0.9931023120880127
1
0.8725877404212952
1
0.9474867582321167
1
0.9427359700202942
1
0.9108288288116455
1
0.9522334337234497
1
0.9629819393157959
1
0.9691497087478638
1
0.9811567664146423
1
0.9816237688064575
1
0.9662337899208069
1
0.8299720287322998
1
0.9894376993179321
1
0.8576106429100037
1
0.9675653576850891
1
0.9568046927452087
1
0.9847880601882935
1
0.9829438328742981
1
0.8808369040489197
1
0.9006204009056091
1
0.7190977334976196
1
0.8998081088066101
1
0.9422176480293274
1
0.9467335343360901
1
0.9522503018379211
1
0.9696808457374573
1
0.9652440547943115
1
0.9880472421646118
1
0.8399771451950073
1
0.9574934840202332
1
0.008837704546749592
1
0.9538095593452454
1
0.9400309920310974
1
0.9326473474502563
1
0.8004254102706909
1
0.9682260751724243
1
0.8463576436042786
1
0.9829927086830139
1
0.9354774951934814
1
0.7497606873512268
1
0.20885252952575684
1
