0.9754500389099121
1
0.9596883654594421
1
0.9865685701370239
1
0.9740272164344788
1
0.989284336566925
1
0.4974551498889923
1
0.9321974515914917
1
0.9817204475402832
1
0.9759686589241028
1
0.48211127519607544
1
0.9054692983627319
1
0.9791683554649353
1
0.9504780173301697
1
0.4416678845882416
1
0.8026494383811951
1
0.06461164355278015
1
0.9880251288414001
1
0.781833827495575
1
0.9517456293106079
1
0.9426748752593994
1
0.8860693573951721
1
0.9421945810317993
1
0.969944179058075
1
0.9532658457756042
1
0.9627293944358826
1
0.9752041697502136
1
0.9204542636871338
1
0.9791967272758484
1
0.8597203493118286
1
0.978820264339447
1
0.978057324886322
1
0.9572394490242004
1
0.9480230212211609
1
0.9810379147529602
1
0.8837589621543884
1
0.9484626650810242
1
0.9238438010215759
1
0.9819508790969849
1
0.9680646061897278
1
0.9192280769348145
1
0.9852077960968018
1
0.9692696332931519
1
0.24384692311286926
1
0.9901913404464722
1
0.04157622531056404
1
0.965571403503418
1
0.9597451090812683
1
0.8188689351081848
1
0.6626417636871338
1
0.9651757478713989
1
0.9560369849205017
1
0.9153420329093933
1
0.9615198969841003
1
0.9404452443122864
1
0.9448124170303345
1
0.12814387679100037
1
0.9704984426498413
1
0.9819267392158508
1
0.958617627620697
1
0.9931023120880127
1
0.831513524055481
1
0.8556488752365112
1
0.9650376439094543
1
0.9124495983123779
1
0.9522334337234497
1
0.9675547480583191
1
0.9705345630645752
1
0.9811567664146423
1
0.9791871309280396
1
0.9599290490150452
1
0.8093952536582947
1
0.9910304546356201
1
0.8092329502105713
1
0.9757651090621948
1
0.9551626443862915
1
0.9847880601882935
1
0.9812479019165039
1
0.8914634585380554
1
0.8690245747566223
1
0.7449275851249695
1
0.8944566249847412
1
0.9387051463127136
1
0.9467335343360901
1
0.9518312811851501
1
0.9699333310127258
1
0.97116619348526
1
0.9882717728614807
1
0.8993919491767883
1
0.9475836157798767
1
0.006609662435948849
1
0.9532505869865417
1
0.9639084339141846
1
0.9326473474502563
1
0.7761117219924927
1
0.8787544965744019
1
0.8105021119117737
1
0.9809662103652954
1
0.9718876481056213
1
0.7886860966682434
1
0.2755003571510315
1
