0.7810175184797812
1
0.9088046647230322
1
0.7825337268967164
1
0.5948289412162632
1
0.8251217578434704
1
0.7230272291058655
1
0.8059616519082677
1
0.7408404782031156
1
0.7371618776020984
1
0.8081704767696207
1
0.7108883694125191
1
0.7903788283600979
1
0.7329050737068544
1
0.6590519214983741
1
0.7580676245295264
1
0.6643595443657482
1
0.5314159828703199
1
0.8695517500774371
1
0.7563320825515949
1
0.6942007164485329
1
0.791416473322136
1
0.7059235531823128
1
0.7621786319263001
1
0.8964571397686736
1
0.6999988166592629
1
0.8111612995070792
1
0.7084897681487793
1
0.933039455782313
1
0.7599315329886773
1
0.5947984137600211
1
0.5619747567917002
1
0.9222535386328894
1
0.7934528862478778
1
0.76377275136751
1
0.7508020883899055
1
0.7661640858503828
1
0.6063509546803328
1
0.7886904761904763
1
0.8027519029040324
1
0.7909737526111967
1
0.66061686382542
1
0.8693148965084061
1
0.933272996673804
1
0.9394811312424949
1
0.756605486930709
1
0.8407460521489724
1
0.6967905405405406
1
0.8929015844924371
1
0.7805541807306645
1
0.7500340917347105
1
0.7875131572311491
1
0.810698691056661
1
0.741671668667467
1
0.7330594895217992
1
0.7140663390663391
1
0.592046206762209
1
0.7257435359264056
1
0.8624856888436586
1
0.8522550878512178
1
0.8949081751735152
1
0.8673742063969994
1
0.8646434202861718
1
0.7093043887864858
1
0.7951794098827787
1
0.7522830605493304
1
0.7865651746799505
1
0.7730948279067977
1
0.7786081062286816
1
0.7790525495275329
1
0.7002996678222109
1
0.8198773837513063
1
0.7626294400884757
1
0.7710655508060099
1
0.8107797143087137
1
0.8844210887493517
1
0.9211051960643494
1
0.789036364823399
1
0.6664951855595701
1
0.5462675552428271
1
0.707172460671548
1
0.6849317196713657
1
0.6937819709098513
1
0.8760040642601127
1
0.7817714702231142
1
0.7518322555359593
1
0.6692073470652564
1
0.9997106481481481
1
0.581259213172481
1
0.8309008002890804
1
0.7917872856982843
1
0.735416473448577
1
0.8203000572199703
1
0.7190448309178743
1
0.8210928193482931
1
0.6741873112615363
1
0.8455371495421676
1
0.7902040816326531
1
0.5545315865986626
1
0.7664898667791354
1
0.8357690870672086
1
