0.9864867925643921
1
0.9498059153556824
1
0.9858179688453674
1
0.9789177775382996
1
0.9882959723472595
1
0.08515780419111252
1
0.9668798446655273
1
0.9752447009086609
1
0.9682327508926392
1
0.4698600471019745
1
0.95489102602005
1
0.9797376990318298
1
0.9685171842575073
1
0.7648158669471741
1
0.696442186832428
1
0.03568992391228676
1
0.9836454391479492
1
0.8896657228469849
1
0.9643282890319824
1
0.977631151676178
1
0.9727555513381958
1
0.9439858794212341
1
0.9750866293907166
1
0.9573603868484497
1
0.9601938724517822
1
0.9777088761329651
1
0.9412446022033691
1
0.984418511390686
1
0.8832535743713379
1
0.9780489206314087
1
0.9710258841514587
1
0.9657315611839294
1
0.9779159426689148
1
0.9867556095123291
1
0.9239405989646912
1
0.96373450756073
1
0.9743350744247437
1
0.9911545515060425
1
0.9532656669616699
1
0.8259052634239197
1
0.9433177709579468
1
0.9778575897216797
1
0.18419614434242249
1
0.9893578886985779
1
0.02927500195801258
1
0.9557410478591919
1
0.960041344165802
1
0.9168484807014465
1
0.7879681587219238
1
0.9698342084884644
1
0.9721030592918396
1
0.9313097596168518
1
0.9614728093147278
1
0.9377968907356262
1
0.9484373927116394
1
0.8862541317939758
1
0.9767970442771912
1
0.982858419418335
1
0.9686955213546753
1
0.9912904500961304
1
0.8063853979110718
1
0.7609137892723083
1
0.9748141169548035
1
0.9592238068580627
1
0.9684297442436218
1
0.9715837240219116
1
0.9761507511138916
1
0.9700270891189575
1
0.9873829483985901
1
0.9500442147254944
1
0.8933647871017456
1
0.9883137941360474
1
0.8134721517562866
1
0.9757130146026611
1
0.9639766812324524
1
0.9895042181015015
1
0.9798570275306702
1
0.928392231464386
1
0.5610393285751343
1
0.8289114832878113
1
0.9144624471664429
1
0.955712616443634
1
0.9722977876663208
1
0.9523148536682129
1
0.963431179523468
1
0.9752498865127563
1
0.9888439178466797
1
0.8058591485023499
1
0.936657726764679
1
0.16633497178554535
1
0.965090274810791
1
0.9736167788505554
1
0.9398095011711121
1
0.6955530047416687
1
0.8707557320594788
1
0.8537060618400574
1
0.978369414806366
1
0.9634395837783813
1
0.7805396318435669
1
0.32635363936424255
1
