0.9797296524047852
1
0.8773103356361389
1
0.9881644248962402
1
0.9073178172111511
1
0.0021754680201411247
1
0.8387823700904846
1
0.9137271046638489
1
0.9826173186302185
1
0.9698986411094666
1
0.6543536186218262
1
0.9251430630683899
1
0.949889063835144
1
0.594975471496582
1
0.9045475721359253
1
0.5360875129699707
1
0.0797538310289383
1
0.9852771162986755
1
0.9608551859855652
1
0.9239568710327148
1
0.9704247713088989
1
0.946673572063446
1
0.9575860500335693
1
0.9325361251831055
1
0.9538700580596924
1
0.9505544900894165
1
0.9789936542510986
1
0.9519273042678833
1
0.9321549534797668
1
0.7178356051445007
1
0.9778319597244263
1
0.9698933959007263
1
0.9699087738990784
1
0.9316498637199402
1
0.97765052318573
1
0.893380880355835
1
0.9619616866111755
1
0.9821021556854248
1
0.9819508790969849
1
0.9839892983436584
1
0.918006956577301
1
0.8745499849319458
1
0.9568974375724792
1
0.2928798794746399
1
0.9893122315406799
1
0.016730552539229393
1
0.9690750241279602
1
0.9687605500221252
1
0.5625853538513184
1
0.1137901246547699
1
0.9738374948501587
1
0.924659788608551
1
0.8985230922698975
1
0.9753502607345581
1
0.9670825004577637
1
0.9411112070083618
1
0.8861366510391235
1
0.9796177744865417
1
0.9839247465133667
1
0.9586988091468811
1
0.9937166571617126
1
0.8592617511749268
1
0.9690297842025757
1
0.9507746696472168
1
0.9478037357330322
1
0.9546303749084473
1
0.9627570509910583
1
0.9805575609207153
1
0.9804486632347107
1
0.9746530652046204
1
0.9716853499412537
1
0.919111967086792
1
0.8094606995582581
1
0.913233757019043
1
0.9649024605751038
1
0.7995873689651489
1
0.9799725413322449
1
0.8768977522850037
1
0.9366281032562256
1
0.7964282035827637
1
0.8516424894332886
1
0.8984969258308411
1
0.9542620778083801
1
0.8357992768287659
1
0.9420504570007324
1
0.7741720080375671
1
0.9280813336372375
1
0.9880472421646118
1
0.3244267404079437
1
0.8982962965965271
1
0.3807436525821686
1
0.9246754050254822
1
0.9704115390777588
1
0.9259974360466003
1
0.9202826023101807
1
0.957125723361969
1
0.9588471055030823
1
0.9817320704460144
1
0.9582445621490479
1
0.838686466217041
1
0.2997329533100128
