0.9824696779251099
1
0.9191953539848328
1
0.9878842234611511
1
0.9291651248931885
1
0.0021754680201411247
1
0.8001566529273987
1
0.9433087706565857
1
0.9828113913536072
1
0.966969907283783
1
0.590018093585968
1
0.9173084497451782
1
0.9718748927116394
1
0.31201496720314026
1
0.7431638836860657
1
0.3629591166973114
1
0.07884857058525085
1
0.9852332472801208
1
0.9596724510192871
1
0.9294807314872742
1
0.951289176940918
1
0.9536709785461426
1
0.9528017044067383
1
0.9766740798950195
1
0.9440538883209229
1
0.9376774430274963
1
0.975920557975769
1
0.9454602003097534
1
0.9424608945846558
1
0.7848493456840515
1
0.9733784794807434
1
0.9739171862602234
1
0.9659116864204407
1
0.9393575191497803
1
0.9759280681610107
1
0.8581234216690063
1
0.9586360454559326
1
0.9782628417015076
1
0.9819508790969849
1
0.9815840125083923
1
0.9061241149902344
1
0.8908295035362244
1
0.9556158185005188
1
0.07456527650356293
1
0.9879758954048157
1
0.010631486773490906
1
0.9656817317008972
1
0.9685922861099243
1
0.5529404878616333
1
0.5572195649147034
1
0.9646260142326355
1
0.9261123538017273
1
0.8567133545875549
1
0.9767135381698608
1
0.9528022408485413
1
0.9714576601982117
1
0.8749663829803467
1
0.9801473617553711
1
0.9850174784660339
1
0.9598361253738403
1
0.9937166571617126
1
0.8743346333503723
1
0.9624398946762085
1
0.9241988062858582
1
0.9431225061416626
1
0.9387915134429932
1
0.967107355594635
1
0.9797092080116272
1
0.9839057326316833
1
0.9740106463432312
1
0.9455292820930481
1
0.9092981219291687
1
0.9502847194671631
1
0.8523463010787964
1
0.9324357509613037
1
0.8339977860450745
1
0.9810367822647095
1
0.9133107662200928
1
0.9340701103210449
1
0.8713175654411316
1
0.8516784906387329
1
0.8823328018188477
1
0.9542620778083801
1
0.8357992768287659
1
0.954530656337738
1
0.6334580183029175
1
0.9431836009025574
1
0.9859511256217957
1
0.4315033257007599
1
0.7997305989265442
1
0.5514543056488037
1
0.8882630467414856
1
0.9728783965110779
1
0.8072783946990967
1
0.9248470664024353
1
0.9619030952453613
1
0.9740816354751587
1
0.9769207239151001
1
0.9692400693893433
1
0.2754015028476715
1
0.3876942992210388
