0.9799041748046875
1
0.9191953539848328
1
0.9848217368125916
1
0.9598710536956787
1
0.0021754680201411247
1
0.7722300291061401
1
0.9466779232025146
1
0.9828113913536072
1
0.9748913049697876
1
0.6909440755844116
1
0.9294792413711548
1
0.9718748927116394
1
0.7788646221160889
1
0.8555541038513184
1
0.7222639322280884
1
0.17399419844150543
1
0.9803163409233093
1
0.9602438807487488
1
0.9294807314872742
1
0.951289176940918
1
0.9755645990371704
1
0.9251142740249634
1
0.9766740798950195
1
0.9440538883209229
1
0.9376774430274963
1
0.9605130553245544
1
0.9304940104484558
1
0.9424608945846558
1
0.8303323984146118
1
0.9733784794807434
1
0.9745263457298279
1
0.9659116864204407
1
0.9509118795394897
1
0.9670236110687256
1
0.8581234216690063
1
0.9370751976966858
1
0.9871835708618164
1
0.9895562529563904
1
0.9815840125083923
1
0.9061241149902344
1
0.9748054146766663
1
0.9516684412956238
1
0.07456527650356293
1
0.9879758954048157
1
0.012262018397450447
1
0.9615358710289001
1
0.9713020324707031
1
0.5077688097953796
1
0.49647945165634155
1
0.9607641696929932
1
0.9002288579940796
1
0.8567133545875549
1
0.9717891216278076
1
0.9512901902198792
1
0.9714576601982117
1
0.8942731022834778
1
0.9801473617553711
1
0.9850174784660339
1
0.9604465365409851
1
0.9937166571617126
1
0.8743346333503723
1
0.9503909945487976
1
0.9320715665817261
1
0.9498267769813538
1
0.9387915134429932
1
0.9696304798126221
1
0.9797092080116272
1
0.9839057326316833
1
0.9740106463432312
1
0.93958979845047
1
0.9519455432891846
1
0.9502847194671631
1
0.8523463010787964
1
0.9426584243774414
1
0.9482828974723816
1
0.9819775223731995
1
0.9133107662200928
1
0.9343206286430359
1
0.4284341335296631
1
0.7758219838142395
1
0.8823328018188477
1
0.942359983921051
1
0.8192925453186035
1
0.9487888216972351
1
0.5225042700767517
1
0.9431836009025574
1
0.9859511256217957
1
0.488702654838562
1
0.7997305989265442
1
0.12095868587493896
1
0.8882630467414856
1
0.9728783965110779
1
0.9017743468284607
1
0.9315330386161804
1
0.9782584309577942
1
0.9724741578102112
1
0.9769207239151001
1
0.9789252281188965
1
0.0652812272310257
1
0.40125855803489685
