[4]
[2]
[]
[2]
[0]
[4]
[3]
[4]
[]
[0]
[1]
[1, 3]
[4]
[2]
[]
[0, 4]
[]
[3]
[]
[0, 8, 10]
[4]
[2]
[4]
[]
[0]
[4]
[1]
[]
[1, 5]
[4]
[3]
[4]
[1]
[1]
[4]
[1]
[]
[0, 4]
[]
[1]
[0]
[]
[0]
[1]
[4]
[3]
[4]
[3]
[]
[1, 5]
[]
[4]
[3]
[]
[]
[0, 4]
[]
[4, 8]
[4]
[3]
[1]
[2, 4]
[]
[0, 4]
[]
[]
[1]
[0]
[4]
[]
[1]
[4]
[1]
[1, 4]
[]
[1]
[4]
[2]
[4]
[3]
[]
[]
[0]
[0]
[4]
[3]
[1]
[1, 5]
[]
[]
[0]
[0]
[]
[4]
[0]
[4]
[2]
[4]
[3]
[]
[0]
[0]
[]
[0, 4]
[]
[]
[1]
[1]
[4]
[3]
[4]
[2]
[4]
[2]
[4]
[3]
[]
[4]
[1]
[]
[4]
[3]
[]
[4]
[0]
[]
[0]
[1]
[]
[0, 4]
[4]
[0]
[]
[0, 4]
[4]
[3]
[]
[0]
[0]
[4]
[]
[0]
[4]
[2]
[4]
[]
[0]
[4]
[2]
[4]
[]
[0]
[]
[0]
[0]
[4]
[3]
[4]
[3]
[]
[]
[0]
[0]
[4]
[1]
[4]
[2]
[3]
[3]
[4, 7]
[4]
[2]
[]
[0, 3]
[3]
[]
[4]
[3]
[4]
[0]
[4]
[3]
[]
[0]
[0]
[4]
[2]
[4]
[2]
[4]
[3]
[]
[]
[0, 4]
[]
[4]
[1]
[]
[0, 4]
