0.9824696779251099
1
0.9191953539848328
1
0.9848217368125916
1
0.9683303236961365
1
0.0021754680201411247
1
0.8132411241531372
1
0.9433087706565857
1
0.9828113913536072
1
0.9770517945289612
1
0.6909440755844116
1
0.9173084497451782
1
0.9718748927116394
1
0.31430792808532715
1
0.8575011491775513
1
0.342853307723999
1
0.43210721015930176
1
0.9803163409233093
1
0.9596724510192871
1
0.9294807314872742
1
0.951289176940918
1
0.9755645990371704
1
0.9528017044067383
1
0.9766740798950195
1
0.9440538883209229
1
0.9376774430274963
1
0.9719584584236145
1
0.9454602003097534
1
0.9424608945846558
1
0.7874922752380371
1
0.9733784794807434
1
0.9745263457298279
1
0.9659116864204407
1
0.9509118795394897
1
0.9759280681610107
1
0.8581234216690063
1
0.9482266306877136
1
0.9871835708618164
1
0.9819508790969849
1
0.9815840125083923
1
0.9061241149902344
1
0.8466733694076538
1
0.9556158185005188
1
0.07456527650356293
1
0.9879758954048157
1
0.02741730399429798
1
0.9615358710289001
1
0.9705275297164917
1
0.5261563658714294
1
0.565743088722229
1
0.9711043238639832
1
0.9261123538017273
1
0.8567133545875549
1
0.9703277945518494
1
0.9528022408485413
1
0.9714576601982117
1
0.8749663829803467
1
0.9801473617553711
1
0.9850174784660339
1
0.9548114538192749
1
0.9937166571617126
1
0.8743346333503723
1
0.951130747795105
1
0.9281677007675171
1
0.9431225061416626
1
0.9387915134429932
1
0.9696304798126221
1
0.9797092080116272
1
0.9839057326316833
1
0.9740106463432312
1
0.9400728940963745
1
0.9092981219291687
1
0.9502847194671631
1
0.8523463010787964
1
0.9426584243774414
1
0.9482828974723816
1
0.9810367822647095
1
0.9133107662200928
1
0.9303123950958252
1
0.5026856660842896
1
0.7758219838142395
1
0.8823328018188477
1
0.942359983921051
1
0.8192925453186035
1
0.9522095322608948
1
0.5225042700767517
1
0.9431836009025574
1
0.9859511256217957
1
0.4315033257007599
1
0.7997305989265442
1
0.5514543056488037
1
0.8882630467414856
1
0.9728783965110779
1
0.90288907289505
1
0.9315330386161804
1
0.967589259147644
1
0.9724741578102112
1
0.9769207239151001
1
0.9789252281188965
1
0.14258308708667755
1
0.24243780970573425
