0.9750794172286987
1
0.4359755516052246
1
0.9848217368125916
1
0.9598710536956787
1
0.0021754680201411247
1
0.8051769733428955
1
0.9335718750953674
1
0.979548454284668
1
0.9869721531867981
1
0.6909440755844116
1
0.9268815517425537
1
0.97594153881073
1
0.7788646221160889
1
0.8555541038513184
1
0.20805878937244415
1
0.17399419844150543
1
0.9803163409233093
1
0.9602438807487488
1
0.9381715059280396
1
0.9509844183921814
1
0.9755645990371704
1
0.9207730293273926
1
0.978133499622345
1
0.9416705965995789
1
0.935181736946106
1
0.9605130553245544
1
0.9304940104484558
1
0.9818214774131775
1
0.8510687947273254
1
0.9695585370063782
1
0.9687225222587585
1
0.9605886340141296
1
0.9509118795394897
1
0.9763985276222229
1
0.8471181392669678
1
0.9370751976966858
1
0.9871835708618164
1
0.9895562529563904
1
0.9844529032707214
1
0.9075789451599121
1
0.9777380228042603
1
0.9599587321281433
1
0.07273106276988983
1
0.9788955450057983
1
0.015301925130188465
1
0.9701897501945496
1
0.9447172284126282
1
0.7072105407714844
1
0.49647945165634155
1
0.9607641696929932
1
0.8912039995193481
1
0.869175910949707
1
0.9371842741966248
1
0.9492469429969788
1
0.9664506316184998
1
0.9157528877258301
1
0.978188693523407
1
0.9844448566436768
1
0.9604465365409851
1
0.9937166571617126
1
0.9166406989097595
1
0.9503909945487976
1
0.9320715665817261
1
0.9447429776191711
1
0.9404847621917725
1
0.9475849866867065
1
0.9801945686340332
1
0.9870098829269409
1
0.9759407639503479
1
0.93958979845047
1
0.9519455432891846
1
0.9452760815620422
1
0.8806102871894836
1
0.9426584243774414
1
0.9482828974723816
1
0.9819775223731995
1
0.6297622323036194
1
0.9343206286430359
1
0.4284341335296631
1
0.7758219838142395
1
0.891277551651001
1
0.942359983921051
1
0.8192925453186035
1
0.9487888216972351
1
0.5225042700767517
1
0.9307885766029358
1
0.9859511256217957
1
0.488702654838562
1
0.8452044725418091
1
0.014648811891674995
1
0.9603227972984314
1
0.9683285355567932
1
0.9018020033836365
1
0.9315330386161804
1
0.9782584309577942
1
0.9724741578102112
1
0.9719666838645935
1
0.9789252281188965
1
0.06979372352361679
1
0.4187083840370178
