0.9833847284317017
1
0.9392507076263428
1
0.9782343506813049
1
0.974797248840332
1
0.989284336566925
1
0.08472221344709396
1
0.9388467669487
1
0.9727214574813843
1
0.9671316742897034
1
0.4372033178806305
1
0.9059832096099854
1
0.9780785441398621
1
0.9511460661888123
1
0.8052213191986084
1
0.6725931167602539
1
0.02188868075609207
1
0.9868295788764954
1
0.8447341322898865
1
0.9516491293907166
1
0.9539480209350586
1
0.9731131196022034
1
0.9244414567947388
1
0.9751634001731873
1
0.9522759914398193
1
0.965031087398529
1
0.9732112288475037
1
0.9436156153678894
1
0.9798604846000671
1
0.8827996850013733
1
0.9682756662368774
1
0.9709300994873047
1
0.9489986300468445
1
0.9457324147224426
1
0.9852761030197144
1
0.897955596446991
1
0.9562872052192688
1
0.9742101430892944
1
0.9819508790969849
1
0.9455797672271729
1
0.8807520866394043
1
0.9771076440811157
1
0.9688132405281067
1
0.15166792273521423
1
0.9896260499954224
1
0.012420878745615482
1
0.9524482488632202
1
0.9768393635749817
1
0.887119472026825
1
0.7093899250030518
1
0.9487193822860718
1
0.9609681367874146
1
0.9162968397140503
1
0.9557833075523376
1
0.9137160778045654
1
0.9299570918083191
1
0.14790479838848114
1
0.9744753241539001
1
0.9796367287635803
1
0.9597746729850769
1
0.9931023120880127
1
0.8242867588996887
1
0.7527387738227844
1
0.9614480137825012
1
0.943576991558075
1
0.9518194794654846
1
0.9722889065742493
1
0.9699282646179199
1
0.9588057994842529
1
0.9815003871917725
1
0.9676330089569092
1
0.9348317384719849
1
0.989967942237854
1
0.7643452286720276
1
0.9729483723640442
1
0.95682692527771
1
0.9829899072647095
1
0.9736527800559998
1
0.9243990778923035
1
0.815261721611023
1
0.7854183912277222
1
0.8452650904655457
1
0.9295608401298523
1
0.9586301445960999
1
0.9166268706321716
1
0.9636105895042419
1
0.9735254645347595
1
0.9882717728614807
1
0.8888500928878784
1
0.9295966625213623
1
0.009013976901769638
1
0.963498055934906
1
0.9554280042648315
1
0.9091730713844299
1
0.7294170260429382
1
0.7916542887687683
1
0.8127561211585999
1
0.9751656651496887
1
0.962017297744751
1
0.7956133484840393
1
0.33185717463493347
1
