0.9749923348426819
1
0.9445964694023132
1
0.9782404899597168
1
0.929119884967804
1
0.989284336566925
1
0.5961467027664185
1
0.9529012441635132
1
0.923797607421875
1
0.9761248230934143
1
0.48211127519607544
1
0.9177766442298889
1
0.973240852355957
1
0.9754778146743774
1
0.288550466299057
1
0.8510860800743103
1
0.030749116092920303
1
0.9883337020874023
1
0.781833827495575
1
0.9473652839660645
1
0.9459080696105957
1
0.8897646069526672
1
0.9403026103973389
1
0.9687000513076782
1
0.903986930847168
1
0.9131108522415161
1
0.9837086796760559
1
0.9301427006721497
1
0.9792832732200623
1
0.813411295413971
1
0.9803577065467834
1
0.9767037630081177
1
0.9665473103523254
1
0.9480230212211609
1
0.9824123978614807
1
0.9013479948043823
1
0.9677336812019348
1
0.8457247018814087
1
0.9659826755523682
1
0.9680646061897278
1
0.859174370765686
1
0.9844211339950562
1
0.9652655124664307
1
0.29912829399108887
1
0.9901913404464722
1
0.035115379840135574
1
0.965571403503418
1
0.9572040438652039
1
0.8188689351081848
1
0.655778169631958
1
0.96357661485672
1
0.956241250038147
1
0.9142904877662659
1
0.960293710231781
1
0.9404452443122864
1
0.9388233423233032
1
0.14228245615959167
1
0.9724718332290649
1
0.9837295413017273
1
0.9628920555114746
1
0.9931023120880127
1
0.8450322151184082
1
0.8675159811973572
1
0.9407918453216553
1
0.9081714749336243
1
0.9522334337234497
1
0.9629819393157959
1
0.9691497087478638
1
0.9811567664146423
1
0.9816237688064575
1
0.9599290490150452
1
0.762413740158081
1
0.9894376993179321
1
0.8576106429100037
1
0.9747985005378723
1
0.9590635895729065
1
0.9847880601882935
1
0.9829438328742981
1
0.8903512358665466
1
0.8808285593986511
1
0.7190977334976196
1
0.8981710076332092
1
0.9422176480293274
1
0.9467335343360901
1
0.9522503018379211
1
0.9696808457374573
1
0.961562991142273
1
0.9880472421646118
1
0.841460645198822
1
0.946357011795044
1
0.007836281321942806
1
0.9539667367935181
1
0.9663763046264648
1
0.9326473474502563
1
0.8004254102706909
1
0.9682260751724243
1
0.8105021119117737
1
0.9786615371704102
1
0.9805229306221008
1
0.7939914464950562
1
0.28720369935035706
1
