0.9723705649375916
1
0.9392507076263428
1
0.9782343506813049
1
0.974797248840332
1
0.989284336566925
1
0.4461347460746765
1
0.9322618842124939
1
0.9835250377655029
1
0.9725712537765503
1
0.4372033178806305
1
0.9078128337860107
1
0.9790410995483398
1
0.9506860971450806
1
0.49266359210014343
1
0.8271891474723816
1
0.02188868075609207
1
0.9868295788764954
1
0.8447341322898865
1
0.9516491293907166
1
0.9441640973091125
1
0.972612738609314
1
0.9323034286499023
1
0.9704886674880981
1
0.9488019943237305
1
0.965031087398529
1
0.9732112288475037
1
0.9436156153678894
1
0.9788515567779541
1
0.8708223104476929
1
0.9739790558815002
1
0.971183717250824
1
0.9489986300468445
1
0.9457324147224426
1
0.9850164651870728
1
0.897955596446991
1
0.9562872052192688
1
0.9756937623023987
1
0.9819508790969849
1
0.9455797672271729
1
0.8807520866394043
1
0.9844547510147095
1
0.9688132405281067
1
0.15166792273521423
1
0.9896260499954224
1
0.031159058213233948
1
0.955746591091156
1
0.9768393635749817
1
0.887119472026825
1
0.7093899250030518
1
0.9487193822860718
1
0.9652689695358276
1
0.9162968397140503
1
0.9557833075523376
1
0.913791298866272
1
0.9373431205749512
1
0.12866942584514618
1
0.9712245464324951
1
0.9798469543457031
1
0.9597746729850769
1
0.9931023120880127
1
0.8174813985824585
1
0.7527387738227844
1
0.9623311758041382
1
0.9124495983123779
1
0.9518194794654846
1
0.965196430683136
1
0.9699282646179199
1
0.9588057994842529
1
0.9815003871917725
1
0.9626765251159668
1
0.9348317384719849
1
0.989967942237854
1
0.7643452286720276
1
0.9757651090621948
1
0.95682692527771
1
0.9829899072647095
1
0.9819625020027161
1
0.8923355340957642
1
0.8211971521377563
1
0.6209258437156677
1
0.8452650904655457
1
0.9282313585281372
1
0.9586301445960999
1
0.9271392822265625
1
0.9636105895042419
1
0.9672644734382629
1
0.9882717728614807
1
0.8888500928878784
1
0.9238095283508301
1
0.015674380585551262
1
0.963498055934906
1
0.9639084339141846
1
0.9091730713844299
1
0.7294170260429382
1
0.7916542887687683
1
0.8127561211585999
1
0.9796621799468994
1
0.9719926714897156
1
0.7835265398025513
1
0.3279452621936798
1
