0.8751812540541358
1
0.8536546943919345
1
0.9107763834411027
1
0.7823922341423214
1
0.8474438388395722
1
0.7343005022800853
1
0.7437964774951077
1
0.8035331703338028
1
0.8209810846868798
1
0.8179564976623873
1
0.82599633324271
1
0.8665498386303375
1
0.8044613194114856
1
0.7560602168119476
1
0.8325459006428474
1
0.7761247831417748
1
0.8722489444003315
1
0.8519077546816075
1
0.7533047031410056
1
0.8275129734849488
1
0.760675266668588
1
0.8748826314232487
1
0.7846680521195072
1
0.8082439846670226
1
0.7871775290955232
1
0.7904449727404022
1
0.804646159640577
1
0.7879580352885074
1
0.8393989701159665
1
0.9242649687558222
1
0.8857907305008935
1
0.8160908122306931
1
0.9672351885098744
1
0.8505106628287231
1
0.8229905504348735
1
0.7664393940209039
1
0.8714252008901664
1
0.868875893437297
1
0.8305720265085454
1
0.8039720985833192
1
0.8147107139070923
1
0.8608936651240883
1
0.844191919191919
1
0.813058811610084
1
0.8400448648433155
1
0.7769798646942778
1
0.8463607328962851
1
0.8328453298658942
1
0.8831368663075304
1
0.8129501599069576
1
0.7436226000656994
1
0.8167100823610469
1
0.8459467696058512
1
0.7896134410367918
1
0.8313290953852661
1
0.8761125639248152
1
0.7915664912302957
1
0.8455031912620119
1
0.8155012636899746
1
0.7997889168145874
1
0.8629253932407923
1
0.7323448879798758
1
0.8236037505151977
1
0.7075956309479668
1
0.766762699143362
1
0.8122617870393402
1
0.7863168957054663
1
0.9290116215450765
1
0.7877454390847247
1
0.8457536380859854
1
0.8519797228203044
1
0.8661307469309885
1
0.8277146303211056
1
0.9101379664027419
1
0.7902081248463042
1
0.8733127188209844
1
0.8708151914630798
1
0.895288177618567
1
0.8834190563098562
1
0.8589815706373496
1
0.7850161322907753
1
0.8905343474867715
1
0.6773139753318914
1
0.7983305841563492
1
0.7083590269965073
1
0.772664057405059
1
0.7591722736398382
1
0.8583900341695837
1
0.8143166619544938
1
0.8263400721609288
1
0.8221350653278803
1
0.7949567337323804
1
0.8081560867350221
1
0.8220425255200736
1
0.8760184883957021
1
0.8963480248230932
1
0.8091651363804293
1
0.9104041966183285
1
0.7120936282296519
1
0.8623975674451294
