0.9708994626998901
1
0.6738108396530151
1
0.984745979309082
1
0.9825856685638428
1
0.9820380210876465
1
0.22074094414710999
1
0.979655385017395
1
0.9478484988212585
1
0.9855723977088928
1
0.20408792793750763
1
0.905073344707489
1
0.8520984053611755
1
0.9566946625709534
1
0.9381377100944519
1
0.9515554904937744
1
0.8545461893081665
1
0.8438194990158081
1
0.7391844987869263
1
0.9308164119720459
1
0.8912889957427979
1
0.9779117107391357
1
0.9566797614097595
1
0.8827583193778992
1
0.8991352319717407
1
0.6142038106918335
1
0.032411057502031326
1
0.9279001355171204
1
0.9497010707855225
1
0.011958635412156582
1
0.9738103747367859
1
0.7295403480529785
1
0.9797705411911011
1
0.978015124797821
1
0.7182037830352783
1
0.983502209186554
1
0.8668161630630493
1
0.9810996651649475
1
0.9924612641334534
1
0.16881969571113586
1
0.9898720383644104
1
0.6001668572425842
1
0.9818321466445923
1
0.988044798374176
1
0.9694188237190247
1
0.9782881736755371
1
0.9354961514472961
1
0.9587394595146179
1
0.9537138938903809
1
0.9567835927009583
1
0.8843430876731873
1
0.9652174115180969
1
0.9411035180091858
1
0.6724286675453186
1
0.9558700919151306
1
0.9565205574035645
1
0.9753559231758118
1
0.9749577045440674
1
0.22289533913135529
1
0.9565395712852478
1
0.975788950920105
1
0.968217670917511
1
0.9586424231529236
1
0.9102960824966431
1
0.8540726900100708
1
0.9554613828659058
1
0.6895423531532288
1
0.9738913178443909
1
0.9165299534797668
1
0.9230638742446899
1
0.38472697138786316
1
0.37739118933677673
1
0.9083267450332642
1
0.7573087811470032
1
0.9224178194999695
1
0.9417110681533813
1
0.9697831869125366
1
0.9580385088920593
1
0.9868707656860352
1
0.9833153486251831
1
0.9799067378044128
1
0.9872702360153198
1
0.9676063656806946
1
0.9173524975776672
1
0.9502972364425659
1
0.9593265056610107
1
0.9327011704444885
1
0.7522948384284973
1
0.9760087728500366
1
0.8497965931892395
1
0.8789732456207275
1
0.8852375149726868
1
0.6196302175521851
1
0.8419892191886902
1
0.38409680128097534
1
0.9837501645088196
1
0.9906235337257385
1
0.6060013771057129
1
0.9869553446769714
1
0.9619839787483215
1
0.370879203081131
