0.9586935639381409
1
0.8553171753883362
1
0.9880361557006836
1
0.982835054397583
1
0.9843144416809082
1
0.2711617946624756
1
0.9796128273010254
1
0.9436888694763184
1
0.9802708625793457
1
0.2053026258945465
1
0.9119699597358704
1
0.8792595863342285
1
0.9604736566543579
1
0.9383935928344727
1
0.9300421476364136
1
0.8183035254478455
1
0.7825349569320679
1
0.6542816758155823
1
0.9200595617294312
1
0.8882685899734497
1
0.9776611924171448
1
0.9639884233474731
1
0.8238368034362793
1
0.8869255781173706
1
0.37444618344306946
1
0.10296263545751572
1
0.9369896650314331
1
0.9655665755271912
1
0.005396050401031971
1
0.9729081988334656
1
0.9317107200622559
1
0.9750702977180481
1
0.9867210388183594
1
0.7420426607131958
1
0.9833498001098633
1
0.8663032054901123
1
0.9603398442268372
1
0.9865706562995911
1
0.07410673052072525
1
0.9898238778114319
1
0.5695948004722595
1
0.9824299812316895
1
0.9888112545013428
1
0.9700500965118408
1
0.9794389009475708
1
0.9539101719856262
1
0.9667953848838806
1
0.9607183337211609
1
0.9486246109008789
1
0.9670198559761047
1
0.9648854732513428
1
0.9538999795913696
1
0.7944552898406982
1
0.9546163082122803
1
0.9686636924743652
1
0.9812244176864624
1
0.9790313839912415
1
0.5389544367790222
1
0.9634613990783691
1
0.9783986210823059
1
0.9863141775131226
1
0.9642255306243896
1
0.8943817615509033
1
0.9143087267875671
1
0.9510619640350342
1
0.8060494065284729
1
0.9755513668060303
1
0.9301444292068481
1
0.9335395693778992
1
0.6361246109008789
1
0.3990281820297241
1
0.9026417136192322
1
0.9116171598434448
1
0.9496292471885681
1
0.9313581585884094
1
0.9690989851951599
1
0.9580385088920593
1
0.986791729927063
1
0.9849958419799805
1
0.9848504066467285
1
0.9880855083465576
1
0.973296046257019
1
0.9153223633766174
1
0.9203327298164368
1
0.9718430638313293
1
0.9568408131599426
1
0.5204717516899109
1
0.9782187342643738
1
0.8984261155128479
1
0.877250611782074
1
0.8902046084403992
1
0.6410510540008545
1
0.8364689350128174
1
0.4698820114135742
1
0.9849693775177002
1
0.9879280924797058
1
0.48131588101387024
1
0.9864158034324646
1
0.9587035179138184
1
0.5455681681632996
