0.9662904739379883
1
0.7509698271751404
1
0.984745979309082
1
0.9825856685638428
1
0.979438066482544
1
0.24044150114059448
1
0.9796128273010254
1
0.931557297706604
1
0.9855723977088928
1
0.1675649732351303
1
0.9047312140464783
1
0.8831016421318054
1
0.9604736566543579
1
0.9383935928344727
1
0.9573354721069336
1
0.8183035254478455
1
0.836090087890625
1
0.7321367859840393
1
0.9185147881507874
1
0.8882685899734497
1
0.9776611924171448
1
0.9639884233474731
1
0.8697901964187622
1
0.8993110656738281
1
0.6586459279060364
1
0.032411057502031326
1
0.9381561875343323
1
0.9497010707855225
1
0.006833565421402454
1
0.9745302200317383
1
0.8707741498947144
1
0.9797705411911011
1
0.978015124797821
1
0.7286472916603088
1
0.9833498001098633
1
0.8663032054901123
1
0.9810996651649475
1
0.9924612641334534
1
0.17398475110530853
1
0.9898238778114319
1
0.563447117805481
1
0.9820706844329834
1
0.988044798374176
1
0.9694188237190247
1
0.9768555164337158
1
0.9354961514472961
1
0.9672465324401855
1
0.9597731232643127
1
0.9552076458930969
1
0.9683659076690674
1
0.9639685153961182
1
0.9411035180091858
1
0.7758557200431824
1
0.9601180553436279
1
0.9670072197914124
1
0.9753559231758118
1
0.9722106456756592
1
0.5582078695297241
1
0.961671769618988
1
0.9779606461524963
1
0.9806566834449768
1
0.9586424231529236
1
0.8645943403244019
1
0.8540726900100708
1
0.9554613828659058
1
0.6895423531532288
1
0.973909318447113
1
0.9301444292068481
1
0.9335395693778992
1
0.5655393600463867
1
0.19622699916362762
1
0.9153368473052979
1
0.7765712141990662
1
0.9496292471885681
1
0.9417110681533813
1
0.9690989851951599
1
0.9580385088920593
1
0.9868707656860352
1
0.9833153486251831
1
0.9799067378044128
1
0.9872702360153198
1
0.9676063656806946
1
0.9128890633583069
1
0.9306051731109619
1
0.9593265056610107
1
0.9346250891685486
1
0.7820373177528381
1
0.977111279964447
1
0.8458433151245117
1
0.8703230619430542
1
0.8699721097946167
1
0.6019955277442932
1
0.8364689350128174
1
0.4201986789703369
1
0.983859121799469
1
0.9906235337257385
1
0.47984522581100464
1
0.98631751537323
1
0.9573569893836975
1
0.47359517216682434
