0.8751812540541358
1
0.7795148930612222
1
0.5855417074027254
1
0.7823922341423214
1
0.8474438388395722
1
0.6984962081607484
1
0.6708079107870557
1
0.8035331703338028
1
0.8209810846868798
1
0.7529093988871199
1
0.7382670958755507
1
0.8187091199780063
1
0.6933656016071481
1
0.716119078466734
1
0.8325459006428474
1
0.7010251819834128
1
0.8133847855808469
1
0.8023885227759888
1
0.7720185728679463
1
0.6873447790505988
1
0.7312079013733522
1
0.8189709414490289
1
0.7383591983284524
1
0.747106960883781
1
0.7871775290955232
1
0.7829968357650521
1
0.8178461394341862
1
0.7879580352885074
1
0.828293298544822
1
0.9242649687558222
1
0.8677987248086801
1
0.7807902737255947
1
0.9283366854240257
1
0.7523507197891323
1
0.8236763157449283
1
0.7361270921228897
1
0.8190672017224803
1
0.738606872210111
1
0.7396112557646316
1
0.7775992527997381
1
0.7979017517654478
1
0.7680925752561896
1
0.844191919191919
1
0.7986452910052909
1
0.7631366682010783
1
0.75084752020828
1
0.8463607328962851
1
0.7988414756223895
1
0.8831368663075304
1
0.8129501599069576
1
0.7436226000656994
1
0.8094889616214671
1
0.7973826151663194
1
0.8236245997348406
1
0.8313290953852661
1
0.8704370068592988
1
0.7915664912302957
1
0.8536248032029282
1
0.7907971485069736
1
0.7997889168145874
1
0.8629253932407923
1
0.6967637051039698
1
0.7774707049907658
1
0.6388857798003148
1
0.6934355792603235
1
0.809565521391341
1
0.7073125383212665
1
0.9373504482564261
1
0.7427738915401796
1
0.8079876169880972
1
0.8351225368198621
1
0.8378208972094666
1
0.7738640956634035
1
0.8571063970018545
1
0.7916390266579618
1
0.8163219118833771
1
0.8208446572119716
1
0.895288177618567
1
0.9027937374317724
1
0.8026367349908247
1
0.6470297582500567
1
0.8298320458093666
1
0.6773139753318914
1
0.7983305841563492
1
0.7330345606721189
1
0.7990331185199274
1
0.7402306697205591
1
0.8583900341695837
1
0.8143166619544938
1
0.8065597263313611
1
0.732445188633696
1
0.7584132392625301
1
0.7560602168119476
1
0.7968191973520893
1
0.8419957418683564
1
0.8842113220348984
1
0.7892461655419063
1
0.8450736897613101
1
0.6155790120155111
1
0.770412922830641
