0.8865997534777248
1
0.8907235043248518
1
0.9107763834411027
1
0.8797747785502608
1
0.8933390401188324
1
0.8151767832024563
1
0.8235777423032253
1
0.8358362033435817
1
0.8347838546539383
1
0.8683062542299705
1
0.8983050847457628
1
0.9090714177734586
1
0.9103765480180133
1
0.8049028468142793
1
0.8673835125448027
1
0.871014384123542
1
0.9080282692953735
1
0.870384908578797
1
0.7997617282207311
1
0.8880751063965096
1
0.855707345971564
1
0.8899045556282272
1
0.8227945295765365
1
0.8378601399506277
1
0.8362570603049038
1
0.8725626622770547
1
0.804646159640577
1
0.8466070894976736
1
0.8506315779341243
1
0.9242649687558222
1
0.8737645981493336
1
0.8441924011179911
1
0.9609608590443675
1
0.9166751005713151
1
0.8746319252581066
1
0.8477852518525945
1
0.910018703465997
1
0.868875893437297
1
0.8275747101490526
1
0.8746010361338036
1
0.828598793970683
1
0.845385629531971
1
0.8788235294117647
1
0.8102976640391606
1
0.8606195483520354
1
0.8341197790534487
1
0.8795533474928904
1
0.8276539453501209
1
0.8925983991506014
1
0.833034503904759
1
0.8769027134348114
1
0.853525954810888
1
0.8663645471264909
1
0.8320430950229697
1
0.8313290953852661
1
0.90325001682482
1
0.7915664912302957
1
0.8784029038112523
1
0.8155012636899746
1
0.8618321716247281
1
0.874492894497047
1
0.8664092214238046
1
0.8860153762593912
1
0.8106353296135997
1
0.7780921784087553
1
0.8708344954159689
1
0.8386839676057646
1
0.9372298140319283
1
0.82593050382627
1
0.894649852903792
1
0.8491572797638456
1
0.9020371843537334
1
0.9162258020873648
1
0.935388688597152
1
0.8559030212717864
1
0.9075054328630474
1
0.8930717801095738
1
0.8973118568764035
1
0.9116814707149009
1
0.8824130397520278
1
0.8825139263751024
1
0.8930723208509247
1
0.7288618995334117
1
0.8692306589474795
1
0.8820440462201877
1
0.8246492239163772
1
0.804296537562967
1
0.8885302882630524
1
0.8929728442115293
1
0.8777883496828894
1
0.8762637621841005
1
0.8277810307569395
1
0.8582697686664902
1
0.8404803885987958
1
0.934286838096348
1
0.8963480248230932
1
0.8370121414720767
1
0.9180933249949379
1
0.792101973320793
1
0.8841829705577945
