0.8912034869471545
1
0.768865766277761
1
0.8022025274906753
1
0.7443883718177814
1
0.7901516789651424
1
0.7814905094704813
1
0.7989747578931219
1
0.7854080643143143
1
0.841459021524913
1
0.7224684238900866
1
0.7815247174639378
1
0.8109290496847598
1
0.6627853482875137
1
0.7553324574767993
1
0.7670839217585858
1
0.7194197627586632
1
0.7761517847907229
1
0.7577051710756247
1
0.7571991641750078
1
0.6738534728863071
1
0.6186184761904762
1
0.7380127490454101
1
0.8327487126868562
1
0.6069397968558763
1
0.7644913341987738
1
0.729906279766943
1
0.7442425501514705
1
0.7266332856461611
1
0.7698205546492659
1
0.8626191772163011
1
0.8123100096399655
1
0.6529801513433325
1
0.8600648260104514
1
0.831496758367504
1
0.8349464144416919
1
0.723946362350801
1
0.7861875993640699
1
0.43809523809523804
1
0.7537883118392006
1
0.742296918767507
1
0.7155291477409242
1
0.7186239875637505
1
0.8194777911164465
1
0.7497204939045659
1
0.7608315467488652
1
0.7489483173076924
1
0.7586035699603294
1
0.7134014361610106
1
0.8670733410942958
1
0.7200606366851945
1
0.7482445837322834
1
0.815653543915201
1
0.7131440925199589
1
0.8431951879625442
1
0.8445033214192956
1
0.7258121704006275
1
0.7123946359336752
1
0.7873566703344068
1
0.8045268809938889
1
0.8093248789924051
1
0.8336054318271126
1
0.6190719285797256
1
0.6620588994792674
1
0.6092436974789917
1
0.7035256388539183
1
0.7462987195158521
1
0.7517207293779979
1
0.8114095121640473
1
0.7509967090590296
1
0.7965889879271506
1
0.7599533039254368
1
0.8164116547997778
1
0.8063651454623354
1
0.6728432130398954
1
0.8129380399108935
1
0.6365187481863717
1
0.7675583280881776
1
0.8899028978910636
1
0.8662699843136012
1
0.7847523607855977
1
0.6688860257865685
1
0.8043803106358943
1
0.7752363013707724
1
0.8404900421707144
1
0.7103373677875972
1
0.7212039807762063
1
0.7667456210435666
1
0.8320822271517216
1
0.7579462929886288
1
0.7109930627857898
1
0.7942772871169657
1
0.7906874257112089
1
0.7251438484406397
1
0.7795354685931861
1
0.8103195474990347
1
0.8780542270615945
1
0.7858629752093081
1
0.7057446249127699
1
0.6434343893259546
1
0.6961419933655821
