0.9040381257815682
1
0.9166499316130553
1
0.8625138290310077
1
0.8846254333762718
1
0.9221163157465448
1
0.9124089646834951
1
0.9011379814487424
1
0.8805070284077013
1
0.9070559913307727
1
0.8848226250049374
1
0.9432802921509058
1
0.909531392630365
1
0.8814159292035398
1
0.8456465428999077
1
0.8892641543949512
1
0.8398562602010092
1
0.9021624950535528
1
0.8886698063139152
1
0.8898130684333996
1
0.8471653432827017
1
0.8267816287978561
1
0.8575299785306594
1
0.9196975425330813
1
0.8695121766544418
1
0.905828437614218
1
0.8661136232762613
1
0.8972452098194281
1
0.9037186188618126
1
0.8187764863864576
1
0.9175318919335569
1
0.8786862126145183
1
0.8649958967070539
1
0.9025939612376492
1
0.9298316745164252
1
0.9354848410487366
1
0.8674174555624947
1
0.8690256460711007
1
0.6024983376080554
1
0.841076158562491
1
0.9026703423304805
1
0.8588810200242075
1
0.9199014836197636
1
0.7600069613644276
1
0.88594194196557
1
0.9014019760725355
1
0.8912905687206732
1
0.843023330088205
1
0.8601322358498288
1
0.9299830804869186
1
0.9086146062567654
1
0.9203016928017451
1
0.9261670119311947
1
0.8387057871570799
1
0.9339131268860998
1
0.9396090225563909
1
0.8075404248243755
1
0.9129163654010761
1
0.8597242433239436
1
0.898152640390596
1
0.9230774652553112
1
0.9377557354412901
1
0.886247845467581
1
0.8708966702790191
1
0.866085639942073
1
0.8742600136981251
1
0.8611983592246032
1
0.8668829745568741
1
0.9010537660715344
1
0.8707571570294784
1
0.9027356870412822
1
0.8886528232103327
1
0.8764325244861738
1
0.9150549924505699
1
0.9289874167000821
1
0.8881934474772212
1
0.9208638453276048
1
0.8764773243989512
1
0.9212449252136753
1
0.9370910192202107
1
0.94049684570897
1
0.9334090392988025
1
0.9409240579044117
1
0.9093605125419812
1
0.8994757727652464
1
0.9315861221337407
1
0.8693432438542432
1
0.903539917182823
1
0.9557936821634523
1
0.9034637251022293
1
0.8847434852674737
1
0.8641584800835386
1
0.9202226884526858
1
0.8754308181485593
1
0.9276611316669683
1
0.9275331783601015
1
0.9054188416604525
1
0.872541495800629
1
0.9203809559774057
1
0.885078528624384
1
0.8974747396369729
