0.9040381257815682
1
0.9231125326150997
1
0.9214040578564419
1
0.8846254333762718
1
0.9221163157465448
1
0.9200312293105818
1
0.9073270606944077
1
0.9001222258287012
1
0.8959968520327708
1
0.9148492042669465
1
0.9432802921509058
1
0.9041413547586388
1
0.8814159292035398
1
0.8703240452164355
1
0.901996334631278
1
0.9236988913212345
1
0.9013683379276253
1
0.9260072292412675
1
0.9130280315968864
1
0.8682021328377362
1
0.8800353894181963
1
0.9088626090132871
1
0.9139090401785714
1
0.9279436899863959
1
0.9164879364779346
1
0.9091863934160124
1
0.8895260808605615
1
0.9037186188618126
1
0.8501280477304671
1
0.9175318919335569
1
0.8709534950343774
1
0.9399901108992018
1
0.9025939612376492
1
0.9298316745164252
1
0.9354848410487366
1
0.9082118141374197
1
0.9283601014370245
1
0.7600069613644276
1
0.8614334934782732
1
0.8959539261141563
1
0.9159433330348398
1
0.9199014836197636
1
0.7600069613644276
1
0.88594194196557
1
0.9006729463384058
1
0.8912905687206732
1
0.8971613631341377
1
0.9082356016258369
1
0.9230297909109049
1
0.8982722199995327
1
0.9203016928017451
1
0.9261670119311947
1
0.8940533851091054
1
0.9339131268860998
1
0.9396090225563909
1
0.8075404248243755
1
0.9129163654010761
1
0.8981050909735869
1
0.898152640390596
1
0.9230774652553112
1
0.9309931182865235
1
0.886247845467581
1
0.9320301137362262
1
0.9159668401183553
1
0.8874982085702002
1
0.8683915200479374
1
0.9041337727637639
1
0.942440055121435
1
0.9102601129176795
1
0.9408463888443742
1
0.8856127358385121
1
0.9169593122137532
1
0.9290347515559637
1
0.9289874167000821
1
0.9029557013211306
1
0.9577574536510337
1
0.9206319681636801
1
0.9121184391349383
1
0.9370910192202107
1
0.9286761264161247
1
0.9334090392988025
1
0.9409240579044117
1
0.9093605125419812
1
0.8994757727652464
1
0.9315861221337407
1
0.9211472074536216
1
0.9396731868263386
1
0.9557936821634523
1
0.8976818732959271
1
0.8990678065454034
1
0.8853482103132662
1
0.9340417248216886
1
0.9037201893501892
1
0.9293480711307727
1
0.9275331783601015
1
0.9054188416604525
1
0.873717824072689
1
0.9203809559774057
1
0.9193986768116866
1
0.9050123850131886
1
