0.9219095706939697
1
0.3177412152290344
1
0.9862567782402039
1
0.9819552302360535
1
0.9814988970756531
1
0.7122461199760437
1
0.9840973019599915
1
0.9251516461372375
1
0.8832849264144897
1
0.7208306789398193
1
0.8912069797515869
1
0.9652086496353149
1
0.9531592726707458
1
0.9463136792182922
1
0.9499784708023071
1
0.959934651851654
1
0.800450325012207
1
0.7368504405021667
1
0.8654724955558777
1
0.9409282803535461
1
0.9812372326850891
1
0.9765875935554504
1
0.9241870045661926
1
0.8633837699890137
1
0.67363440990448
1
0.8084643483161926
1
0.9619864821434021
1
0.9558892846107483
1
0.4703802168369293
1
0.9681974649429321
1
0.9294577240943909
1
0.6962287425994873
1
0.9856019616127014
1
0.791734516620636
1
0.9818927049636841
1
0.9103776812553406
1
0.9599372148513794
1
0.9768635034561157
1
0.1681900918483734
1
0.9890468716621399
1
0.41799280047416687
1
0.9869232773780823
1
0.9746299982070923
1
0.9818936586380005
1
0.967624843120575
1
0.9656087160110474
1
0.9566946625709534
1
0.96168452501297
1
0.9607238173484802
1
0.9590523838996887
1
0.9234398603439331
1
0.9038416147232056
1
0.6264743208885193
1
0.9370719194412231
1
0.9773119688034058
1
0.9844047427177429
1
0.9723055362701416
1
0.6117445826530457
1
0.9630196690559387
1
0.9859467148780823
1
0.9798620939254761
1
0.9845808148384094
1
0.7292708158493042
1
0.9556053876876831
1
0.9590734839439392
1
0.4985259175300598
1
0.9768332242965698
1
0.8763202428817749
1
0.9383156895637512
1
0.8118167519569397
1
0.24295566976070404
1
0.8269751071929932
1
0.7416871190071106
1
0.9203863143920898
1
0.3278321921825409
1
0.9572097063064575
1
0.9660172462463379
1
0.9785756468772888
1
0.9457631707191467
1
0.9616158604621887
1
0.962738037109375
1
0.9762276411056519
1
0.9491217732429504
1
0.24261963367462158
1
0.9862242937088013
1
0.8731686472892761
1
0.6423247456550598
1
0.9799802899360657
1
0.9043382406234741
1
0.949567973613739
1
0.250048965215683
1
0.35721373558044434
1
0.8800325989723206
1
0.10607168823480606
1
0.9484021067619324
1
0.9855395555496216
1
0.5854701995849609
1
0.9584590196609497
1
0.9577500224113464
1
0.6198248863220215
