0.9708994626998901
1
0.7762277126312256
1
0.9803548455238342
1
0.9825856685638428
1
0.9820380210876465
1
0.2369193136692047
1
0.9810116291046143
1
0.9478484988212585
1
0.9855723977088928
1
0.15363234281539917
1
0.8999965786933899
1
0.945868730545044
1
0.9739332795143127
1
0.9221765995025635
1
0.9515554904937744
1
0.9559074640274048
1
0.8698265552520752
1
0.7307813167572021
1
0.9157052040100098
1
0.8948131203651428
1
0.9812014102935791
1
0.9543523192405701
1
0.9218627214431763
1
0.8963205814361572
1
0.5714455842971802
1
0.0637124702334404
1
0.9124277234077454
1
0.9497010707855225
1
0.010624743066728115
1
0.9738103747367859
1
0.8992993831634521
1
0.9779085516929626
1
0.9761695861816406
1
0.8252243995666504
1
0.983272135257721
1
0.8481369018554688
1
0.9809978604316711
1
0.9863025546073914
1
0.19057302176952362
1
0.9896434545516968
1
0.5194371342658997
1
0.9781675934791565
1
0.988044798374176
1
0.9645176529884338
1
0.9576345086097717
1
0.9481443762779236
1
0.9587394595146179
1
0.9538912177085876
1
0.9567835927009583
1
0.8843430876731873
1
0.9652174115180969
1
0.9281701445579529
1
0.606665313243866
1
0.9570246338844299
1
0.9565205574035645
1
0.9690292477607727
1
0.9749577045440674
1
0.2028576284646988
1
0.9295409321784973
1
0.975788950920105
1
0.968217670917511
1
0.9490472674369812
1
0.8891937732696533
1
0.8442103862762451
1
0.9642177820205688
1
0.7855506539344788
1
0.9713250398635864
1
0.9233764410018921
1
0.9391313791275024
1
0.586249053478241
1
0.2374495416879654
1
0.9021161198616028
1
0.5724019408226013
1
0.909328281879425
1
0.9545314908027649
1
0.9706835150718689
1
0.9543775320053101
1
0.9868707656860352
1
0.9852675199508667
1
0.9802143573760986
1
0.987027108669281
1
0.969919741153717
1
0.9173524975776672
1
0.9502972364425659
1
0.950070858001709
1
0.9305190443992615
1
0.587120771408081
1
0.9760087728500366
1
0.8497965931892395
1
0.8857874274253845
1
0.8729996085166931
1
0.5845156908035278
1
0.8582862019538879
1
0.27319154143333435
1
0.9801658391952515
1
0.9902418255805969
1
0.6031854748725891
1
0.9850817918777466
1
0.962926983833313
1
0.6751222014427185
