0.9690508246421814
1
0.6678909063339233
1
0.9803548455238342
1
0.9825019836425781
1
0.9783585071563721
1
0.7669749855995178
1
0.9784995317459106
1
0.9369258284568787
1
0.9837730526924133
1
0.38352951407432556
1
0.9469307065010071
1
0.8348626494407654
1
0.9731442928314209
1
0.9386044144630432
1
0.9178499579429626
1
0.9833600521087646
1
0.8149678111076355
1
0.7215146422386169
1
0.9114770889282227
1
0.9091270565986633
1
0.9849023222923279
1
0.9582914113998413
1
0.9233409762382507
1
0.9012212753295898
1
0.7121984362602234
1
0.2966316342353821
1
0.9399791359901428
1
0.9171758890151978
1
0.011837131343781948
1
0.9549155831336975
1
0.9035670161247253
1
0.9729048013687134
1
0.975925862789154
1
0.8893919587135315
1
0.9795963764190674
1
0.9173911213874817
1
0.9818523526191711
1
0.9863025546073914
1
0.20850704610347748
1
0.984334409236908
1
0.503788411617279
1
0.987520694732666
1
0.9842066764831543
1
0.9669186472892761
1
0.9351038336753845
1
0.9789745807647705
1
0.9264708757400513
1
0.9548169374465942
1
0.94576495885849
1
0.8592027425765991
1
0.9744902849197388
1
0.926207959651947
1
0.800183892250061
1
0.9653969407081604
1
0.9605251550674438
1
0.9715849161148071
1
0.9464263319969177
1
0.12755277752876282
1
0.9767862558364868
1
0.9654059410095215
1
0.9715296626091003
1
0.9709185361862183
1
0.9394601583480835
1
0.7252373099327087
1
0.9605207443237305
1
0.6570991277694702
1
0.9651288986206055
1
0.8914015293121338
1
0.9150347709655762
1
0.4691275656223297
1
0.4083237648010254
1
0.8847829699516296
1
0.36393213272094727
1
0.9763323068618774
1
0.9201970100402832
1
0.9687795639038086
1
0.9459603428840637
1
0.9850406050682068
1
0.9846274256706238
1
0.9559682607650757
1
0.9825101494789124
1
0.9690342545509338
1
0.875194787979126
1
0.9756532311439514
1
0.9551854729652405
1
0.882518470287323
1
0.6492500305175781
1
0.9793450236320496
1
0.8308612108230591
1
0.824856698513031
1
0.8788198828697205
1
0.581473171710968
1
0.9219089150428772
1
0.15074297785758972
1
0.9789365530014038
1
0.9883484840393066
1
0.6974530220031738
1
0.9818151593208313
1
0.9625576138496399
1
0.4464074969291687
