0.9348558187484741
1
0.380720317363739
1
0.9862567782402039
1
0.9839344620704651
1
0.9824553728103638
1
0.7723299264907837
1
0.9829434156417847
1
0.938020646572113
1
0.9195079803466797
1
0.7366815209388733
1
0.9252392649650574
1
0.9654778242111206
1
0.9728509783744812
1
0.9628146290779114
1
0.8968883156776428
1
0.9611855149269104
1
0.7469810247421265
1
0.7768770456314087
1
0.8175731301307678
1
0.951414167881012
1
0.9815264344215393
1
0.9757035374641418
1
0.9276987910270691
1
0.9050132036209106
1
0.7356347441673279
1
0.8017480373382568
1
0.9667697548866272
1
0.9588930010795593
1
0.6156925559043884
1
0.9673704504966736
1
0.9336116313934326
1
0.6962287425994873
1
0.9839682579040527
1
0.775855541229248
1
0.981172502040863
1
0.8886121511459351
1
0.9630040526390076
1
0.9768635034561157
1
0.15050695836544037
1
0.9883415102958679
1
0.6816946268081665
1
0.9869521856307983
1
0.9737600684165955
1
0.9823729991912842
1
0.9723204374313354
1
0.9674041271209717
1
0.9566946625709534
1
0.9727140069007874
1
0.9516458511352539
1
0.9586631059646606
1
0.9269912242889404
1
0.8927590847015381
1
0.5916001796722412
1
0.9423352479934692
1
0.9710586071014404
1
0.9876018166542053
1
0.9672466516494751
1
0.49184244871139526
1
0.9191238284111023
1
0.9838199615478516
1
0.9779690504074097
1
0.9846455454826355
1
0.69863361120224
1
0.9605122804641724
1
0.9699901938438416
1
0.6117143034934998
1
0.977554440498352
1
0.8645070791244507
1
0.9357776045799255
1
0.7685751914978027
1
0.2678210139274597
1
0.8286321759223938
1
0.8171796202659607
1
0.9175522923469543
1
0.20454877614974976
1
0.9605587124824524
1
0.9648110866546631
1
0.9779983758926392
1
0.9440650343894958
1
0.9774695038795471
1
0.9594805836677551
1
0.97612065076828
1
0.9453594088554382
1
0.2622394859790802
1
0.9862631559371948
1
0.9327762722969055
1
0.7709150910377502
1
0.9777008891105652
1
0.8946391344070435
1
0.9568048119544983
1
0.7089151740074158
1
0.3986679017543793
1
0.9702343344688416
1
0.16088081896305084
1
0.9487636685371399
1
0.9858196973800659
1
0.37463951110839844
1
0.9581648707389832
1
0.9633997678756714
1
0.5695704221725464
