0.9137796782204946
1
0.9357128347507901
1
0.9694035584489108
1
0.8938674713989121
1
0.9103792125135565
1
0.9115998170705011
1
0.8696117148157966
1
0.9001913612840913
1
0.896259433646332
1
0.9237059376318515
1
0.9050751130251835
1
0.903586125808348
1
0.9103765480180133
1
0.9038249140412602
1
0.878399303995397
1
0.8964103281916334
1
0.9178438874779236
1
0.8999800096408355
1
0.8706101365124229
1
0.9201285604831441
1
0.9055751028463292
1
0.8956248573124516
1
0.8421193648651905
1
0.8711025761384974
1
0.9114570040012155
1
0.934646427780343
1
0.8462193872112084
1
0.9314589469403904
1
0.8867645687557419
1
0.927360604507682
1
0.882221885060762
1
0.8935199130998348
1
0.9505988023952096
1
0.9329627155309538
1
0.9261407359980488
1
0.930785805393586
1
0.9334305150631681
1
0.8788235294117647
1
0.8892387657458334
1
0.9068256123937428
1
0.8663797595457223
1
0.8960945890620313
1
0.8788235294117647
1
0.8637443063993335
1
0.9579736177884616
1
0.9073031622705003
1
0.9180883232818585
1
0.9080409112941832
1
0.903174910980831
1
0.925929648241206
1
0.9447813798760865
1
0.8904125925379979
1
0.900531895081266
1
0.8420423067237472
1
0.9532885005619636
1
0.9115631557892863
1
0.8934194441321943
1
0.8679046746637586
1
0.8790221302950388
1
0.8900730939829544
1
0.9079481913288732
1
0.9108295651234146
1
0.9131998980503525
1
0.9192933494288867
1
0.9077362229789804
1
0.9291021038364603
1
0.9614181273005868
1
0.922573301982073
1
0.8884632719657696
1
0.9138754412815019
1
0.8579333174838505
1
0.91198409453712
1
0.912197912453673
1
0.935388688597152
1
0.8954587232708693
1
0.9520087200249144
1
0.8824872359060001
1
0.8990980507139152
1
0.9130060292850991
1
0.9044325735094373
1
0.9081655918504578
1
0.8998486870294423
1
0.8567300827036354
1
0.9463984981349822
1
0.9002677778764205
1
0.8698418979002647
1
0.8877849910548945
1
0.8879714641823837
1
0.896583198516512
1
0.9102905127255941
1
0.9110199114101301
1
0.9092673901812823
1
0.9190073674064891
1
0.8876532558913265
1
0.9491730130912674
1
0.9229324750034242
1
0.8798068231536441
1
0.9410083261402068
1
0.8934444602710618
1
0.9097719570366821
1
