0.9230048656463623
1
0.3656073808670044
1
0.9815889596939087
1
0.9822679758071899
1
0.9808803200721741
1
0.6781430840492249
1
0.9841252565383911
1
0.9074135422706604
1
0.8654191493988037
1
0.8295239210128784
1
0.9000822305679321
1
0.9514962434768677
1
0.9500517249107361
1
0.9520701169967651
1
0.9476063251495361
1
0.9547314047813416
1
0.7834565043449402
1
0.7180546522140503
1
0.8962307572364807
1
0.943936824798584
1
0.9797555208206177
1
0.9697153568267822
1
0.9501094222068787
1
0.8305156826972961
1
0.7606725692749023
1
0.12924478948116302
1
0.9581901431083679
1
0.9274981021881104
1
0.31100019812583923
1
0.9704993367195129
1
0.9111918210983276
1
0.6268523931503296
1
0.9756945371627808
1
0.7908303737640381
1
0.9798901081085205
1
0.8978224396705627
1
0.9821104407310486
1
0.9918388724327087
1
0.12031127512454987
1
0.9888507723808289
1
0.07008139789104462
1
0.9858350157737732
1
0.990185022354126
1
0.959378719329834
1
0.9595663547515869
1
0.9666323065757751
1
0.9587258696556091
1
0.9662532806396484
1
0.937813937664032
1
0.9442074298858643
1
0.9214961528778076
1
0.8932389616966248
1
0.20810481905937195
1
0.9194609522819519
1
0.9509753584861755
1
0.9831007719039917
1
0.9731824398040771
1
0.37720176577568054
1
0.971592366695404
1
0.9746448993682861
1
0.964931845664978
1
0.9847821593284607
1
0.7258368134498596
1
0.9437388777732849
1
0.9613664746284485
1
0.3381599187850952
1
0.9740797281265259
1
0.8734694123268127
1
0.9269521236419678
1
0.7095150351524353
1
0.29142382740974426
1
0.8816363215446472
1
0.8664105534553528
1
0.9209185242652893
1
0.7013859152793884
1
0.951521098613739
1
0.9660172462463379
1
0.9711472988128662
1
0.9813798069953918
1
0.9610629081726074
1
0.9775140285491943
1
0.9727441668510437
1
0.9423791766166687
1
0.18553149700164795
1
0.9860119223594666
1
0.6605391502380371
1
0.5970194935798645
1
0.9806028008460999
1
0.9018269777297974
1
0.9508292078971863
1
0.878456711769104
1
0.3557417392730713
1
0.7948731780052185
1
0.1948036104440689
1
0.9480746388435364
1
0.9874453544616699
1
0.5003249049186707
1
0.9601593613624573
1
0.9575408101081848
1
0.6842893362045288
