0.9515150189399719
1
0.510274350643158
1
0.9864487051963806
1
0.9845259189605713
1
0.9571613669395447
1
0.8344774842262268
1
0.9690460562705994
1
0.9393479228019714
1
0.8471453785896301
1
0.4540461301803589
1
0.973201334476471
1
0.9672443866729736
1
0.9554769396781921
1
0.9408325552940369
1
0.886542797088623
1
0.9489405751228333
1
0.7300257086753845
1
0.758358359336853
1
0.9292448163032532
1
0.9606527090072632
1
0.9828833937644958
1
0.9773019552230835
1
0.9281228184700012
1
0.8888794779777527
1
0.8368713855743408
1
0.1322953999042511
1
0.9572814702987671
1
0.9227843284606934
1
0.22166088223457336
1
0.9771385192871094
1
0.8725698590278625
1
0.5575227737426758
1
0.9699851274490356
1
0.7445410490036011
1
0.9827414155006409
1
0.9317059516906738
1
0.9773136973381042
1
0.9925456643104553
1
0.10865168273448944
1
0.9852965474128723
1
0.02378839999437332
1
0.9866855144500732
1
0.9925456643104553
1
0.9716547131538391
1
0.963151752948761
1
0.9844485521316528
1
0.9099598526954651
1
0.9694424867630005
1
0.9624854326248169
1
0.9169312715530396
1
0.9749607443809509
1
0.8852214217185974
1
0.5295787453651428
1
0.9525540471076965
1
0.9634262323379517
1
0.9822955131530762
1
0.9444045424461365
1
0.42392879724502563
1
0.9730499386787415
1
0.9743444919586182
1
0.9804319143295288
1
0.9617756009101868
1
0.8044033050537109
1
0.9151684641838074
1
0.961845338344574
1
0.5978754162788391
1
0.9641637206077576
1
0.9410330057144165
1
0.9319689869880676
1
0.7313984036445618
1
0.3439958095550537
1
0.86847984790802
1
0.7328760623931885
1
0.9793848991394043
1
0.8437772393226624
1
0.9643932580947876
1
0.9612717628479004
1
0.9825933575630188
1
0.9766358733177185
1
0.9724870324134827
1
0.9622140526771545
1
0.9829855561256409
1
0.9355481266975403
1
0.13847757875919342
1
0.968748152256012
1
0.7235789895057678
1
0.6965180039405823
1
0.9796252250671387
1
0.9269533753395081
1
0.9468602538108826
1
0.8711198568344116
1
0.468095064163208
1
0.848987340927124
1
0.08804342895746231
1
0.9342776536941528
1
0.9896441698074341
1
0.708999514579773
1
0.9538664817810059
1
0.9650092124938965
1
0.8233015537261963
1
