0.9265448451042175
1
0.22815264761447906
1
0.9815889596939087
1
0.9822679758071899
1
0.9814988970756531
1
0.684479832649231
1
0.9840973019599915
1
0.9284650087356567
1
0.8654191493988037
1
0.6579968929290771
1
0.8912069797515869
1
0.9590590000152588
1
0.9531592726707458
1
0.9463136792182922
1
0.9499495029449463
1
0.959934651851654
1
0.7948795557022095
1
0.7306714653968811
1
0.8873573541641235
1
0.9409282803535461
1
0.9812372326850891
1
0.9765875935554504
1
0.9535335302352905
1
0.8367890119552612
1
0.7444574236869812
1
0.12924478948116302
1
0.9619864821434021
1
0.9274981021881104
1
0.4942421019077301
1
0.9754701256752014
1
0.9310999512672424
1
0.6268523931503296
1
0.9756945371627808
1
0.7933489680290222
1
0.9818927049636841
1
0.9103776812553406
1
0.9821104407310486
1
0.9918388724327087
1
0.273602694272995
1
0.9890468716621399
1
0.4256882667541504
1
0.9869232773780823
1
0.990185022354126
1
0.959378719329834
1
0.967624843120575
1
0.9666323065757751
1
0.966017484664917
1
0.9625789523124695
1
0.9544405937194824
1
0.9505020976066589
1
0.92201828956604
1
0.8932389616966248
1
0.5209717750549316
1
0.9370719194412231
1
0.9711805582046509
1
0.9831007719039917
1
0.9726698398590088
1
0.6167018413543701
1
0.9630196690559387
1
0.9848918914794922
1
0.9748415350914001
1
0.9847821593284607
1
0.6509110927581787
1
0.9556053876876831
1
0.9613664746284485
1
0.4178440272808075
1
0.9767374396324158
1
0.8763202428817749
1
0.9383156895637512
1
0.7018871307373047
1
0.2856285572052002
1
0.7029682397842407
1
0.8383678197860718
1
0.9203863143920898
1
0.7013859152793884
1
0.9572097063064575
1
0.9660172462463379
1
0.9711472988128662
1
0.9813798069953918
1
0.9610629081726074
1
0.9775140285491943
1
0.9727441668510437
1
0.9463065266609192
1
0.21270431578159332
1
0.9860119223594666
1
0.7806910276412964
1
0.6278961300849915
1
0.981908917427063
1
0.8995727896690369
1
0.949567973613739
1
0.2867043614387512
1
0.3483385443687439
1
0.8800325989723206
1
0.09351228177547455
1
0.9484021067619324
1
0.9874453544616699
1
0.6613101959228516
1
0.9584590196609497
1
0.958141028881073
1
0.6198248863220215
