0.9661005735397339
1
0.8722230792045593
1
0.9880361557006836
1
0.9777400493621826
1
0.979438066482544
1
0.2425672858953476
1
0.9796128273010254
1
0.9318313002586365
1
0.9855231046676636
1
0.19420310854911804
1
0.9047312140464783
1
0.8792595863342285
1
0.9604736566543579
1
0.9383935928344727
1
0.9513776898384094
1
0.8183035254478455
1
0.8293218612670898
1
0.7599672079086304
1
0.9189171195030212
1
0.8882685899734497
1
0.9776611924171448
1
0.9639884233474731
1
0.8355984687805176
1
0.8623918294906616
1
0.6460615396499634
1
0.10296263545751572
1
0.9381561875343323
1
0.9635498523712158
1
0.005626893602311611
1
0.9740934371948242
1
0.9109274744987488
1
0.9750702977180481
1
0.9871050119400024
1
0.752522885799408
1
0.9833498001098633
1
0.8663032054901123
1
0.9603398442268372
1
0.9865706562995911
1
0.08842973411083221
1
0.9898238778114319
1
0.5684640407562256
1
0.9820706844329834
1
0.9795777201652527
1
0.9704861640930176
1
0.9768555164337158
1
0.9513526558876038
1
0.9667953848838806
1
0.963320255279541
1
0.9589483737945557
1
0.9687036275863647
1
0.964927613735199
1
0.9434400200843811
1
0.8069581985473633
1
0.9601180553436279
1
0.9759829044342041
1
0.97757488489151
1
0.9725230932235718
1
0.4577985405921936
1
0.961671769618988
1
0.9784625768661499
1
0.9886434674263
1
0.9651906490325928
1
0.8871947526931763
1
0.9143087267875671
1
0.9510619640350342
1
0.7702634930610657
1
0.9752442240715027
1
0.9301444292068481
1
0.9335395693778992
1
0.6370898485183716
1
0.17096863687038422
1
0.9040759801864624
1
0.7164178490638733
1
0.9496292471885681
1
0.9313581585884094
1
0.9690989851951599
1
0.9580385088920593
1
0.9868430495262146
1
0.9842092990875244
1
0.9798551797866821
1
0.988811731338501
1
0.9712643027305603
1
0.9119702577590942
1
0.9330662488937378
1
0.9722089767456055
1
0.9451791644096375
1
0.7559493184089661
1
0.9760146737098694
1
0.8577889204025269
1
0.8703230619430542
1
0.8420457243919373
1
0.5864627957344055
1
0.8364689350128174
1
0.5046135783195496
1
0.983859121799469
1
0.9881395101547241
1
0.5359724760055542
1
0.98631751537323
1
0.9570531249046326
1
0.47359517216682434
