0.8359580462450437
0.956773933939436
0.8126358182161755
0.9735477684858403
0.8498105363499805
0.9999994521586593
0.8919695766159859
0.9762656307663276
0.8721442407024793
0.9772340868589987
0.8515950651773203
0.9762160442270215
0.8758004285277013
0.9816186556927298
0.7902974194488994
0.9855161958851373
0.8744866358090753
0.9803308823529412
0.8059551125622959
0.9785297846223912
0.8596914762056245
0.9932303164091244
0.774054983225031
0.970097799818633
0.8189703751742028
0.9764837409544371
0.8134301270417423
0.9879537066194768
0.914245719268062
0.9758656645866322
0.8754852848756276
0.9860229451828342
0.8703615959075016
0.9313891074350097
0.8200602864974637
0.9701216550384175
0.8854121313503975
0.9741275520224056
0.9094173438756719
0.9610886458141066
0.8746277347812039
0.9750776114551318
0.8161130109035399
0.9869647859930929
0.899250845907636
0.9793660222177799
0.9077404529321009
0.980024770153783
0.8306571846840017
0.9786448487712667
0.836317059750555
0.942327580634736
0.9198249667436813
0.9865887509130753
0.8316230255005765
0.9803308823529412
0.795249399959048
0.9804579820538266
0.7417978369805791
0.9806694170881022
0.9193019010405842
0.984820467993545
0.912348003998977
0.951070926882266
0.875572666551724
0.9802862745098039
0.8796710332847186
0.9841104669408519
0.7822464923469388
0.9815037460448619
0.8030999212683357
0.9641469392862806
0.7917284560883177
0.9732248520710061
0.8688543941195547
0.9803789215686274
0.8726493126707651
0.9849646842278961
0.8732131695869191
0.9888832779250657
0.8595914288218358
0.9798298011619344
0.9006883826309352
0.9786831838474843
0.8406322827140856
0.9571235120254244
0.8132684426229507
0.98176946938521
0.9482320299096222
0.9510490971912617
0.9026925910679245
0.9819345900904692
0.8445521097061474
0.9733691926382956
0.8943334561399081
0.959542226038431
0.9442783544790464
0.9798875468554769
0.8592653895274585
0.9769327105951271
0.8740790142276422
0.9999957500701239
0.8149761429341793
0.9515493720210787
0.8785758251965837
0.974288191730986
0.8427022267702705
0.9743758294379204
0.7931345087993031
0.9802862745098039
0.8780420353982301
0.9797397058823529
0.840889995523038
0.9727088578025405
0.8710513608986251
0.97796070615119
0.8973979669245942
0.976641189421505
0.8617712803789415
0.9831491418643307
0.8558146399055491
0.9788159263924641
0.8401002652933832
0.9733975640182263
0.7864148551743348
0.9707768861220959
0.864795918367347
0.9746607744823093
0.8415383435329943
0.9740416144625142
0.8603383657094595
0.9745892948271141
0.855153081336779
0.9585584651345189
0.8586564533622559
0.9859385239620327
0.860968657222339
0.9866569271974679
0.8791161189681178
0.9810775615440437
0.8938962677766394
0.9757407832929027
0.7981135283784246
0.9610131037549566
0.8238311117613093
0.982155492071491
0.8549121900826446
0.9793083900226757
0.8545835773183897
0.9689782592506231
0.8079927884615384
0.9677989745747133
0.830912914102423
0.9247367731782009
0.8450676401700089
0.9827703737674846
0.8034697199369846
0.9752185121884155
0.8065669626332472
0.9778895473113398
0.9354583981460907
0.9631017921906285
0.8068649481871769
0.9843929764442585
0.8585707516298797
0.9775464691976751
0.8758891941864348
0.9563073935288241
0.9342854316863021
0.9815648335938959
0.8602041322645075
0.9830114850158206
0.8940421359057878
0.960405634606656
0.7975090874565972
0.943256464011181
0.8894996658690639
0.9126070760520648
0.8343027649464866
0.9728939380258349
0.8499005070491003
0.9819345900904692
0.861203007518797
0.9641479099678456
0.8504976221296047
0.9741369923845675
0.8587766113424433
0.9774059817057735
0.8288102025468257
0.9539387243736848
0.8474191285830178
0.9821133956959438
0.8382178217821782
0.96800405101452
0.8115338677406793
0.9741664512470561
0.9313855389108214
0.9772519851025124
0.8655016181229772
0.973424760453844
