0.9856842756271362
0.9981741309165955
0.9727529883384705
0.9990825653076172
0.9766392111778259
0.9983699917793274
0.9957413077354431
0.9970182180404663
0.9819586277008057
0.9988707900047302
0.9919617176055908
0.9984936118125916
0.9850926399230957
0.9980939626693726
0.9625179767608643
0.9956839084625244
0.987153947353363
0.9964938759803772
0.9880593419075012
0.9972886443138123
0.9871495366096497
0.9928706884384155
0.969801127910614
0.9904603362083435
0.9957982897758484
0.9459383487701416
0.951281726360321
0.9983769059181213
0.9915643334388733
0.9903659224510193
0.9868231415748596
0.9903249144554138
0.9840540289878845
0.9890629053115845
0.9895992279052734
0.9989274740219116
0.9728460907936096
0.9963009357452393
0.9917305111885071
0.9893320798873901
0.9933699369430542
0.9958692789077759
0.981048047542572
0.9977455735206604
0.9801487326622009
0.9873945116996765
0.983207106590271
0.9985738396644592
0.9874869585037231
0.9987998604774475
0.990027904510498
0.9936625361442566
0.9948647022247314
0.9988501667976379
0.9941654801368713
0.9902165532112122
0.8951400518417358
0.9995478391647339
0.9844569563865662
0.9955787658691406
0.998600423336029
0.9948726296424866
0.9713757038116455
0.998055636882782
0.9886502623558044
0.9902727603912354
0.9861755967140198
0.9929599165916443
0.9808681011199951
0.997306764125824
0.9944400191307068
0.9927543997764587
0.9825948476791382
0.9973272681236267
0.9911748766899109
0.9999246001243591
0.9931536912918091
0.9987800717353821
0.9928469657897949
0.9819871187210083
0.990341067314148
0.9971852898597717
0.9903377890586853
0.9074464440345764
0.9890382289886475
0.9972948431968689
0.8714369535446167
0.9884915351867676
0.9852697253227234
0.9984786510467529
0.9902665615081787
0.9985933303833008
0.9889933466911316
0.974757194519043
0.9482724666595459
0.9967244863510132
0.9985844492912292
0.9903564453125
0.9944437742233276
0.9968426823616028
0.989353597164154
0.9996808171272278
0.9120076298713684
0.9990733861923218
0.9985429644584656
0.9972673654556274
0.9839532375335693
0.9926912188529968
0.9896621704101562
0.9867303967475891
0.9899217486381531
0.9976108074188232
0.9575590491294861
0.9994957447052002
0.9871097803115845
0.9957844614982605
0.9926178455352783
0.9966492056846619
0.9237556457519531
0.99785977602005
0.9743010401725769
0.9974313378334045
0.9836206436157227
0.9970823526382446
0.9826360940933228
0.9886586666107178
0.9944670796394348
0.995703399181366
0.9885898232460022
0.9888151288032532
0.9370477199554443
0.9937734603881836
0.9857295751571655
0.9970977306365967
0.9812899827957153
0.99781334400177
0.9789432287216187
0.9928775429725647
0.9786036014556885
0.9972826242446899
0.9845367670059204
0.9937853217124939
0.986691951751709
0.9901100397109985
0.996255099773407
0.9984018206596375
0.945956826210022
0.9557723999023438
0.9772109985351562
0.9923713803291321
0.9876619577407837
0.9820371866226196
0.9931139349937439
0.9503151774406433
0.9865128993988037
0.9989449977874756
0.9900917410850525
0.9947514533996582
0.9883567690849304
0.9947375059127808
0.9887003898620605
0.9981099367141724
0.9354930520057678
0.9988940358161926
0.9815579056739807
0.9978391528129578
0.9876554608345032
0.9891112446784973
0.9762752652168274
0.9995229840278625
0.9935427904129028
0.9993176460266113
0.9935700297355652
0.9975507855415344
0.9888304471969604
0.995616614818573
0.9881691932678223
0.9993771314620972
0.9510626196861267
0.9970958232879639
0.9914206266403198
0.9990566372871399
0.9826164841651917
0.9962142705917358
0.9736475944519043
0.9839959144592285
0.9803057312965393
0.9930025339126587
0.9863594770431519
0.9972795248031616
0.9909750819206238
0.9811865091323853
0.9563721418380737
0.9966863989830017
0.9882485866546631
0.9990164637565613
0.9965643286705017
0.9913576245307922
0.982661783695221
0.9925451278686523
