0.9878311157226562
0.9995177984237671
0.9757152795791626
0.9992045164108276
0.9773640036582947
0.9987974762916565
0.9959703683853149
0.9984342455863953
0.9831074476242065
0.9996300339698792
0.9958217740058899
0.9993754625320435
0.9856325387954712
0.9989652037620544
0.9638800024986267
0.9997493028640747
0.98939049243927
0.999753475189209
0.9913663268089294
0.9988218545913696
0.9873849153518677
0.9938409328460693
0.9704527854919434
0.9987804293632507
0.9963706135749817
0.9716119170188904
0.9508687257766724
0.9995406270027161
0.9918495416641235
0.9992631077766418
0.9897719621658325
0.9990964531898499
0.9842409491539001
0.9949037432670593
0.9946359395980835
0.9990641474723816
0.9791689515113831
0.9991584420204163
0.9941246509552002
0.9990844130516052
0.9941228032112122
0.9962195158004761
0.9833992719650269
0.9979959726333618
0.9803671836853027
0.9990431666374207
0.996245265007019
0.9989832043647766
0.9871668815612793
0.9998956322669983
0.993316650390625
0.9999997019767761
0.9958305954933167
0.9999117851257324
0.994078516960144
0.9914311766624451
0.8892223834991455
0.9995962977409363
0.9882041215896606
0.9982104897499084
0.9994351863861084
0.9993276596069336
0.994027316570282
0.9992987513542175
0.9895601272583008
0.9911239147186279
0.9872344136238098
0.9930846095085144
0.9805215001106262
0.9987318515777588
0.9947147965431213
0.9989179372787476
0.9837296605110168
0.9981105327606201
0.993416965007782
0.9999372959136963
0.9959348440170288
0.9993377923965454
0.9956071376800537
0.9902663230895996
0.9913891553878784
0.9978318810462952
0.9902365803718567
0.9893921613693237
0.9919725656509399
0.9983133673667908
0.8669962286949158
0.9914746880531311
0.9947277307510376
0.9994493722915649
0.9943821430206299
0.9997304081916809
0.9901699423789978
0.9875254034996033
0.9512410163879395
0.9972879886627197
0.9989789724349976
0.9994169473648071
0.9948259592056274
0.9995694756507874
0.992457926273346
1.0
0.9846527576446533
0.9991857409477234
0.9986018538475037
0.9988008141517639
0.9859928488731384
0.9990304112434387
0.9903797507286072
0.986994743347168
0.9900888204574585
0.9981873631477356
0.958948016166687
0.9997750520706177
0.994851291179657
0.9966995120048523
0.9965900182723999
0.9996446967124939
0.98538738489151
0.9976687431335449
0.9753144979476929
0.997835099697113
0.9920573234558105
0.9992084503173828
0.9844649434089661
0.9984360933303833
0.9950282573699951
0.9991133809089661
0.9889822006225586
0.995833158493042
0.9380213618278503
0.9991660118103027
0.9912492632865906
0.9974496364593506
0.983690619468689
0.9982668161392212
0.98041170835495
0.9988001585006714
0.9808656573295593
0.9996587634086609
0.9954484701156616
0.9944667220115662
0.9870132207870483
0.9997156858444214
0.9967801570892334
0.9987835884094238
0.954138994216919
0.9935383796691895
0.9775096774101257
0.9982855916023254
0.9875613451004028
0.9864464402198792
0.9977309107780457
0.982199490070343
0.9900521636009216
0.9997082352638245
0.9927316308021545
0.9970548152923584
0.9882920384407043
0.9982796907424927
0.9914424419403076
0.9994565844535828
0.9432611465454102
0.9996513724327087
0.9833781123161316
0.9987667202949524
0.9886215329170227
0.999180793762207
0.9990031719207764
0.9998072981834412
0.9946602582931519
0.9996432662010193
0.9941555261611938
0.9993590712547302
0.9892415404319763
0.9966066479682922
0.989714503288269
0.9995691180229187
0.9513583183288574
0.9993690252304077
0.9938784241676331
0.9996877908706665
0.9826616048812866
0.9967032074928284
0.9742904305458069
0.9997196197509766
0.9861622452735901
0.9969998598098755
0.9865007996559143
0.9981950521469116
0.9923776388168335
0.9906494617462158
0.9574306011199951
0.997788667678833
0.9898865222930908
0.9996654987335205
0.9967447519302368
0.9916484355926514
0.9864528179168701
0.9936326146125793
