0.6135952025651932
0.4861867549479939
0.13904289435595274
0.8205790147185326
0.9510665982961655
0.6570972353219986
0.49520176351070405
0.9763732022709317
0.9770297408103943
0.47393456665385103
0.7615620847791433
0.7159521505236626
0.728393416851759
0.9651676565408707
0.7906204212456942
0.8543262372591666
0.701991921911637
0.7854299023747444
0.8189865871065516
0.8229796573868953
0.744637377676554
0.6892050243914127
0.6561068546773944
0.8075697148839632
0.74528636730143
0.6199740477216741
0.9717122713724772
0.49369693676837617
0.24568025581538677
0.9008469760417939
0.7202217982017568
0.9846423715353012
0.6975990695646033
0.5564152115024626
0.5634475750848651
0.5396617434016662
0.7779315200501254
0.6714871213771403
0.5824376771925017
0.9260415690285819
0.9072255929374174
0.13763268504823958
0.7204150705494814
0.9858171343803406
0.880133698383967
0.7966890535317361
0.7844636167399586
0.8638037517666817
0.7788142764475197
0.7460306414868683
0.7620883195195347
0.7833187915384769
0.993309885263443
0.7384353708475828
0.6858807116746902
0.6709902375936508
0.7003033935491528
0.8972974108447406
0.9596617519855499
0.5161709309156451
0.9564329981803894
0.591612109914422
0.3379915586847346
0.7347595741351446
0.5641430773151418
0.7214082087390125
0.9338708519935608
0.7764787971973419
0.7063338356092572
0.6969136463478207
0.4044130608284225
0.8704493640818529
0.9515500556338917
0.829132834992682
0.6972879454907444
0.7339497625827789
0.3613658093381673
0.993546462059021
0.5368215320631862
0.5212214505590964
0.766031926497817
0.6772032748907805
0.4808384643867612
0.07705626791963975
0.8105884939432144
0.908426995575428
0.8286795392632484
0.7438446953892708
0.41409803330898287
0.9106729274446314
0.5336267446733213
0.8032400691881776
0.8644208295477761
0.8161743219409671
0.8110927484929562
0.7904915448278189
0.14773519276059233
0.7967643805525519
0.49352031778835226
0.7160526567937008
0.4052917195658665
0.6693581410994133
0.9004638145367304
0.7379317946732045
0.7994345664978028
0.4593852155542533
0.6552849424705427
0.719933753212293
0.9853602170944213
0.8729000449180603
0.44275619585532694
0.9845331609249115
0.9781306236982346
0.9315652847290039
0.9746564626693726
0.5117504695829537
0.41374943125993013
0.4287422150373459
0.576664239866659
0.7723134110371271
0.46039791874500224
0.5008968636102509
0.6640412926208228
0.8189157701078026
0.6169967389044663
0.795331209897995
0.7791167574003339
0.19268497708253562
0.9648529291152954
0.45116567846788613
0.9312976956367492
0.6615572646260262
0.9887649714946747
0.9085184454917907
0.79795977845788
0.8330775558948517
0.2524922996526584
0.5694808578118682
0.948811936378479
0.41885168105363846
0.931965708732605
0.5487534376346351
0.9945418536663055
0.819715540856123
0.9765069484710693
0.9696609914302826
0.8154439330101013
0.07715019389676551
0.8040345683693886
0.8858126774430275
0.7253865042934194
0.6835681816252569
0.9298403978347778
0.4584822691977024
0.7377343852486875
0.8096525967121124
0.7357752161980089
0.8237936020595953
0.9623345647539411
0.8006813666698608
0.33211412901679677
0.7099890460570654
0.8431454104456034
0.4457243241680165
0.6596151571720839
0.6795934385565274
0.5172130080560843
0.9430672526359558
0.5048117547412403
0.990386888384819
0.6097271339967847
0.5620366997085512
0.890240239245551
0.585968402097933
0.28864262194838375
0.5663862437009811
0.06737135350704193
0.8304727077484131
0.9879719614982605
0.9520238382475716
0.7488756862003356
0.5080594934988767
0.8272765640867874
0.528329380787909
0.24172170393867418
0.31118264465476386
0.3647685156514247
0.5351763615229478
0.3964203474577516
0.5304981459339615
0.7009215172341404
0.7463171674559513
0.9668182730674744
0.6718194099246628
0.6672208784148097
0.655841201916337
0.9125394374132156
0.9492839475472769
0.6012259522161912
0.6966540068387985
