0.9937540292739868
0.9916273951530457
0.9507261514663696
0.995669424533844
0.977997899055481
0.9914961457252502
0.9946119785308838
0.9756836891174316
0.9803780317306519
0.9989371299743652
0.9880464673042297
0.9937736988067627
0.9531309604644775
0.9969496726989746
0.9767851233482361
0.9987773895263672
0.9749816060066223
0.9978345632553101
0.9954015016555786
0.9935654401779175
0.9936498403549194
0.9759843349456787
0.9646042585372925
0.9980135560035706
0.9928147196769714
0.9731038808822632
0.9800861477851868
0.9922611713409424
0.9968284368515015
0.9897351264953613
0.9926735162734985
0.9958254098892212
0.9911523461341858
0.9818158149719238
0.9971767663955688
0.9894877672195435
0.9876997470855713
0.9301953315734863
0.9942447543144226
0.9861267805099487
0.9958224296569824
0.9964488744735718
0.9693930149078369
0.9967988729476929
0.9896776080131531
0.9944767355918884
0.9913330078125
0.9943225383758545
0.9512593746185303
0.9991490840911865
0.9920211434364319
0.9959001541137695
0.9974778890609741
0.9968361854553223
0.9915642738342285
0.9931384921073914
0.9178204536437988
0.9611539840698242
0.9868426322937012
0.9917954206466675
0.9962303638458252
0.9880788326263428
0.9938910007476807
0.9960142374038696
0.9860712289810181
0.9935307502746582
0.9859709143638611
0.9834709167480469
0.9756996035575867
0.9559743404388428
0.9965147972106934
0.9973264932632446
0.980158269405365
0.9987409114837646
0.9979294538497925
0.9987324476242065
0.9924189448356628
0.9977261424064636
0.9963739514350891
0.9927513599395752
0.9870275259017944
0.9973856806755066
0.9891214370727539
0.8190666437149048
0.9815559387207031
0.9969930648803711
0.8824769258499146
0.9853730797767639
0.9863637685775757
0.992708683013916
0.9936704635620117
0.998231053352356
0.9851911067962646
0.9266929626464844
0.9590754508972168
0.9979869723320007
0.9964280128479004
0.9868740439414978
0.9940198063850403
0.995866060256958
0.9898029565811157
0.9868580102920532
0.9703216552734375
0.9973312616348267
0.9965559840202332
0.9968798160552979
0.988239049911499
0.9933490753173828
0.9897023439407349
0.9918593168258667
0.9923538565635681
0.9962950348854065
0.9633837938308716
0.9950000643730164
0.983818531036377
0.9954178929328918
0.9925925135612488
0.9966873526573181
0.9299426078796387
0.9888452291488647
0.9704669117927551
0.9898862838745117
0.9864393472671509
0.9967386722564697
0.9960664510726929
0.9919333457946777
0.9930275678634644
0.9920710325241089
0.9912559986114502
0.996619701385498
0.9756399393081665
0.9969053268432617
0.9727563858032227
0.9972467422485352
0.9782832860946655
0.9913603663444519
0.9695158004760742
0.9886907339096069
0.9817358255386353
0.9976755380630493
0.9939857721328735
0.997765064239502
0.9877163171768188
0.9873905777931213
0.9947535991668701
0.9864482879638672
0.9537408351898193
0.9582229852676392
0.987747848033905
0.9876124858856201
0.9927504062652588
0.9704420566558838
0.9771818518638611
0.9886565208435059
0.9797427654266357
0.9991025924682617
0.9825504422187805
0.9963538646697998
0.9951503276824951
0.9920167922973633
0.9870566129684448
0.9966390132904053
0.9504998922348022
0.9986122846603394
0.9706011414527893
0.9977757334709167
0.9918450117111206
0.9794160723686218
0.9639599323272705
0.9981056451797485
0.9965912103652954
0.9986845254898071
0.9946955442428589
0.9782838821411133
0.9958274364471436
0.9760404229164124
0.9876770377159119
0.9968776702880859
0.967216968536377
0.9973294734954834
0.9863507747650146
0.9946862459182739
0.9934747219085693
0.9973089694976807
0.9920049905776978
0.9885854721069336
0.9653277397155762
0.9971047639846802
0.9746785163879395
0.9970625042915344
0.9958618879318237
0.9890872240066528
0.9828011989593506
0.9739976525306702
0.9866986274719238
0.9962371587753296
0.9932863712310791
0.963798463344574
0.9920819401741028
0.9900422096252441
