-2.807734251022339
-2.7548160552978516
-3.3989145755767822
-2.8325226306915283
-3.1492667198181152
-2.6425061225891113
-2.7371461391448975
-2.484786033630371
-2.6175665855407715
-2.529608726501465
-2.529667377471924
-2.7550442218780518
-2.3928158283233643
-2.728527545928955
-3.195683240890503
-2.844430923461914
-2.7894582748413086
-2.411527633666992
-2.788591146469116
-2.950397253036499
-2.8774948120117188
-2.9110987186431885
-2.4233641624450684
-2.497149705886841
-2.9447760581970215
-2.591776132583618
-2.796238899230957
-2.607642412185669
-2.869412422180176
-2.481372833251953
-2.890947103500366
-2.7740702629089355
-2.8648388385772705
-2.8435301780700684
-2.8042871952056885
-2.920199394226074
-3.0430400371551514
-2.5369222164154053
-2.52544903755188
-2.562551975250244
-2.6183743476867676
-2.5133378505706787
-2.8469607830047607
-2.527803897857666
-2.657780408859253
-2.371783494949341
-2.635653018951416
-2.7824618816375732
-2.524883508682251
-2.1226394176483154
-2.8314080238342285
-2.66369891166687
-2.498866319656372
-2.460812568664551
-3.077629804611206
-2.4999539852142334
-2.8560292720794678
-2.387408971786499
-3.407118320465088
-2.6268019676208496
-2.596721887588501
-2.5979576110839844
-2.992171049118042
-2.79423189163208
-2.632303476333618
-2.7030911445617676
-2.5138766765594482
-2.532663106918335
-2.9470012187957764
-2.710907459259033
-2.645941734313965
-2.683595657348633
-2.5835013389587402
-2.280684232711792
-2.9813876152038574
-2.5485785007476807
-2.882296085357666
-2.7129218578338623
-2.657682180404663
-2.468398094177246
-2.8734049797058105
-2.20306134223938
-2.501758337020874
-2.6803841590881348
-3.0296757221221924
-2.4322938919067383
-2.96606707572937
-2.9595553874969482
-3.0159153938293457
-3.776792287826538
-2.6749773025512695
-2.4715640544891357
-2.3687527179718018
-2.4341769218444824
-3.266425371170044
-2.5775318145751953
-2.8781003952026367
-2.6855623722076416
-2.779989719390869
-2.421373128890991
-3.1967520713806152
-2.313289165496826
-3.340245246887207
-2.4366743564605713
-2.6604535579681396
-2.877167224884033
-3.058576822280884
-2.415275812149048
-3.3630173206329346
-2.83192777633667
-2.564990997314453
-2.7680068016052246
-3.0679068565368652
-2.169039487838745
-2.9278829097747803
-2.8419432640075684
-2.680232286453247
-2.8361318111419678
-2.5512607097625732
-2.545346736907959
-2.774843215942383
-2.6776583194732666
-3.088239908218384
-2.351975679397583
-2.4456725120544434
-2.857680320739746
-2.979768991470337
-2.513477325439453
-2.3866779804229736
-2.6761555671691895
-3.4005420207977295
-2.8546979427337646
-2.5858099460601807
-2.5753977298736572
-2.6255943775177
-2.8969979286193848
-2.7686514854431152
-3.0934982299804688
-2.9379754066467285
-2.742107391357422
-2.4323508739471436
-2.261892080307007
-2.762319326400757
-2.562946319580078
-2.8047258853912354
-2.4999020099639893
-2.725172519683838
-3.2545883655548096
-3.0601792335510254
-3.4847893714904785
-2.9850857257843018
-3.0489399433135986
-2.707927703857422
-2.995211601257324
-3.26007080078125
-2.3325324058532715
-2.918442487716675
-2.5688600540161133
-2.465237855911255
-2.391183853149414
-2.4566397666931152
-2.5347156524658203
-2.531869888305664
-2.466052532196045
-3.148961067199707
-2.668456792831421
-2.8741672039031982
-2.9757919311523438
-2.3975930213928223
-2.2792391777038574
-2.512906551361084
-3.0297420024871826
-2.7494876384735107
-2.7015678882598877
-2.9597792625427246
-2.7461764812469482
-2.8278584480285645
-2.800776243209839
-2.658547878265381
-2.9152636528015137
-2.5240113735198975
-2.3346543312072754
-2.725712776184082
-2.486783027648926
-2.822683095932007
-3.3091373443603516
-2.546560287475586
-2.671229124069214
-2.8320038318634033
-2.792947292327881
-2.464001417160034
-2.5975518226623535
-2.89766001701355
-2.5551133155822754
-2.5912303924560547
-2.8033547401428223
-2.44064998626709
-2.6845927238464355
-2.701889991760254
-2.853271484375
