0.9657362103462219
0.9152246713638306
0.9398959875106812
0.9332106113433838
0.9736872911453247
0.988070547580719
0.9428610801696777
0.9692542552947998
0.979452908039093
0.9554513692855835
0.9588741660118103
0.9596437215805054
0.9484921097755432
0.986632227897644
0.9547884464263916
0.9939439296722412
0.9577531814575195
0.9964193105697632
0.9924901723861694
0.9643012285232544
0.8057193756103516
0.967255175113678
0.960605263710022
0.9654488563537598
0.9535589218139648
0.9670008420944214
0.9794145226478577
0.984620213508606
0.9940756559371948
0.8917938470840454
0.9742082953453064
0.9637193083763123
0.9899652004241943
0.9077560901641846
0.987863302230835
0.9855243563652039
0.9770258665084839
0.9221481084823608
0.9922661185264587
0.9161237478256226
0.9928006529808044
0.9598407745361328
0.9110057950019836
0.9893401861190796
0.9795373678207397
0.9906190037727356
0.9910135269165039
0.991557240486145
0.8931170105934143
0.9950432777404785
0.9891055822372437
0.9770721197128296
0.9959180355072021
0.9916126132011414
0.9888924360275269
0.9919670820236206
0.8747102618217468
0.9517555236816406
0.9828637838363647
0.9710089564323425
0.9853883981704712
0.9851571321487427
0.8558127284049988
0.995361328125
0.9823965430259705
0.989149808883667
0.9848098754882812
0.985995888710022
0.9693769812583923
0.9296261072158813
0.983422040939331
0.9924699068069458
0.9653364419937134
0.9973545074462891
0.9664609432220459
0.9975310564041138
0.9887300729751587
0.990654706954956
0.9915516376495361
0.9900597333908081
0.9880839586257935
0.9918183088302612
0.9468369483947754
0.8166502714157104
0.9770128726959229
0.9922576546669006
0.8814051747322083
0.977588415145874
0.984468936920166
0.9603286385536194
0.9535976648330688
0.993580162525177
0.9883487820625305
0.9162442088127136
0.9437772035598755
0.9777119159698486
0.9954179525375366
0.9695221185684204
0.9907587766647339
0.9904422760009766
0.984359860420227
0.9178341627120972
0.944748044013977
0.9956824779510498
0.9956598281860352
0.9910579323768616
0.9819408655166626
0.9750820398330688
0.9897489547729492
0.9702481031417847
0.9912770986557007
0.9950442910194397
0.9438318610191345
0.987484335899353
0.63187575340271
0.9904194474220276
0.9902033805847168
0.993140697479248
0.9243921041488647
0.9349049925804138
0.9330941438674927
0.9881814122200012
0.972291111946106
0.9903638362884521
0.9805970191955566
0.9882943630218506
0.9861404895782471
0.9758033752441406
0.9886500835418701
0.9942663908004761
0.9699761271476746
0.9936012029647827
0.9772881269454956
0.9966154098510742
0.9677953720092773
0.9771255254745483
0.9369726181030273
0.9797356128692627
0.9610018730163574
0.9945449233055115
0.9885397553443909
0.9937698841094971
0.987880527973175
0.9879769086837769
0.9941689968109131
0.9754825830459595
0.9429236650466919
0.9554805755615234
0.980676531791687
0.9550189971923828
0.9849134087562561
0.9514328241348267
0.9614895582199097
0.986762285232544
0.7993876338005066
0.898384690284729
0.9731408357620239
0.9762756824493408
0.9735305309295654
0.9520584344863892
0.9740583896636963
0.9813120365142822
0.9706273078918457
0.9523530602455139
0.9381095170974731
0.9917820692062378
0.9893097877502441
0.9731810092926025
0.9577368497848511
0.9962992668151855
0.9890920519828796
0.9963482618331909
0.9921808242797852
0.9389523267745972
0.9730160236358643
0.9697495698928833
0.9718707799911499
0.9871631860733032
0.9741599559783936
0.9935864210128784
0.980005145072937
0.9748873710632324
0.9912197589874268
0.9922165870666504
0.9380768537521362
0.9830012321472168
0.9719037413597107
0.9835997819900513
0.9731548428535461
0.9945803284645081
0.9717746376991272
0.9539724588394165
0.9834922552108765
0.9492470026016235
0.9589464664459229
0.9669919013977051
0.98390793800354
0.9643950462341309
0.9806687831878662
0.9835809469223022
