-1.37641179561615
-1.3736841678619385
-1.5918006896972656
-1.0643928050994873
-1.687217116355896
-1.0524228811264038
-1.6180214881896973
-1.2412887811660767
-1.5024391412734985
-0.9725838899612427
-1.120453119277954
-1.3070425987243652
-1.5914125442504883
-1.1248719692230225
-1.7636746168136597
-1.2767350673675537
-1.6159559488296509
-1.156260371208191
-1.6235148906707764
-1.7776076793670654
-1.6859227418899536
-1.3326970338821411
-1.6120882034301758
-1.3012878894805908
-1.48976731300354
-1.2065519094467163
-1.6866692304611206
-1.1357659101486206
-1.2221728563308716
-1.1797574758529663
-1.4461145401000977
-1.2784180641174316
-1.5859493017196655
-1.4334014654159546
-1.5408754348754883
-1.2217367887496948
-1.6083866357803345
-1.21613347530365
-1.1838101148605347
-1.28653085231781
-1.4739055633544922
-1.136042594909668
-1.8356212377548218
-1.1094458103179932
-1.36300528049469
-1.0384290218353271
-1.3756883144378662
-1.180150032043457
-1.3318876028060913
-0.9818019866943359
-1.6337816715240479
-1.3779586553573608
-1.109500527381897
-1.393578290939331
-1.7349058389663696
-1.1880775690078735
-1.7892049551010132
-1.0591284036636353
-2.025388240814209
-1.1142849922180176
-1.1230849027633667
-1.3272912502288818
-1.6713812351226807
-1.423493504524231
-1.2451484203338623
-1.2349437475204468
-1.3738654851913452
-1.2554528713226318
-1.799627423286438
-1.2591907978057861
-1.255167841911316
-1.1865673065185547
-1.4765396118164062
-1.1717524528503418
-1.2769694328308105
-1.156947135925293
-1.7681986093521118
-1.2526439428329468
-1.3028687238693237
-1.2593305110931396
-1.382266879081726
-1.0163896083831787
-1.2254889011383057
-1.4872883558273315
-1.679883360862732
-1.1755276918411255
-2.084160804748535
-1.2338917255401611
-1.29707670211792
-2.517738103866577
-1.427707552909851
-1.1082725524902344
-1.42433500289917
-1.2235190868377686
-1.4721856117248535
-1.1462676525115967
-1.3754794597625732
-1.2411807775497437
-1.6926383972167969
-1.199727177619934
-1.5852115154266357
-1.2956088781356812
-1.8843721151351929
-1.3033521175384521
-1.5171914100646973
-1.193434238433838
-1.776239037513733
-1.0919727087020874
-2.25105357170105
-1.2824980020523071
-1.2954747676849365
-1.2146568298339844
-1.4453486204147339
-1.1001142263412476
-2.5305590629577637
-1.4467716217041016
-1.3986629247665405
-1.3152830600738525
-1.421467900276184
-0.9847347736358643
-1.6890392303466797
-1.3635791540145874
-1.7911924123764038
-1.0502408742904663
-1.3116323947906494
-1.3721638917922974
-1.3867863416671753
-1.1060457229614258
-1.429110050201416
-1.3072134256362915
-2.177149772644043
-1.083866834640503
-1.6575582027435303
-1.3081504106521606
-1.794813632965088
-1.4105850458145142
-1.5085186958312988
-1.4603540897369385
-1.4437410831451416
-1.2331955432891846
-1.4091743230819702
-0.8920735716819763
-1.6270869970321655
-1.2634987831115723
-1.648337960243225
-1.0015151500701904
-1.786371111869812
-1.8970218896865845
-1.4163222312927246
-2.3396260738372803
-1.7019028663635254
-1.424813151359558
-1.517056941986084
-1.273939847946167
-1.4432802200317383
-1.0649983882904053
-1.6335591077804565
-0.9926953315734863
-1.8103934526443481
-1.0859872102737427
-1.1259071826934814
-1.202109456062317
-1.4319794178009033
-1.1674998998641968
-1.5233732461929321
-1.1505556106567383
-1.5080121755599976
-1.3798514604568481
-1.1846562623977661
-1.076299786567688
-1.1615679264068604
-1.267547369003296
-1.398772954940796
-1.2857812643051147
-1.65969979763031
-1.483074426651001
-1.5050898790359497
-1.5050251483917236
-1.8837783336639404
-1.2245122194290161
-1.3449376821517944
-1.2374571561813354
-1.4920170307159424
-1.036283254623413
-1.514177680015564
-1.3599679470062256
-1.3951977491378784
-1.256340503692627
-1.473469853401184
-1.5183014869689941
-1.389866828918457
-1.0848857164382935
-1.8391339778900146
-1.2326738834381104
-1.4258629083633423
-1.366456151008606
-1.1895911693572998
-1.296893835067749
-1.4718481302261353
-1.4644577503204346
