0.9938449944768634
0.9940265864133835
0.6806378215551376
0.9941644370555878
0.9152388572692871
0.9918720841407775
0.99335275888443
0.9035978068908056
0.9898781031370163
0.8843769258302119
0.9859413852294286
0.9905904307961464
0.9791146367788315
0.9930880069732666
0.7949535835534334
0.994479605129787
0.9706566433111826
0.9943182319402695
0.9347294814446393
0.9935792237520218
0.9919646233320236
0.9925971371786935
0.9662249883015951
0.9882928530375162
0.9788130096026829
0.8848692565742466
0.9733018676439921
0.8862521300713221
0.8158231437206268
0.9931316256523133
0.9906407339232308
0.9917210638523102
0.9914657920598984
0.953445315361023
0.7794015047450861
0.9925455152988434
0.9935418963432312
0.9943080147107443
0.7586156379431486
0.9858644604682922
0.909758292225888
0.13887052025113786
0.9906238714853922
0.9812836476734706
0.9117525219917297
0.9939740061759949
0.9941094636917114
0.9943598210811615
0.9113966599106789
0.9944063127040863
0.9908481438954672
0.9938100576400757
0.9942384511232376
0.994172528386116
0.9929270029067994
0.9940840244293213
0.7509989812970161
0.9934732480482622
0.9668573339780172
0.870497390627861
0.9940435290336609
0.9939551864351545
0.9937303066253662
0.9947693347930908
0.8830242756133279
0.7990696497261525
0.9935124516487122
0.981100857257843
0.9939713648387364
0.9818151235580445
0.9939387937386831
0.9940250449710422
0.9863521294160322
0.9940129915873209
0.8544335125221146
0.9929283261299133
0.7496404843404889
0.9942106962203979
0.9927557110786438
0.7595354840159416
0.9622917294502258
0.7987890783697367
0.8759614408016205
0.6747231967747211
0.8556727468967438
0.9939074516296387
0.9937969148159027
0.7616171613335609
0.9886430621147155
0.9936707615852356
0.896626957825252
0.9940341711044312
0.9940745499398973
0.9287737778254918
0.898176358640194
0.7966736047528684
0.7530872691422701
0.968154555017298
0.9927196800708771
0.8530591166179095
0.8060297936201095
0.9914455811182658
0.9109668433666229
0.9638523101806641
0.9867051005363464
0.9044121631554195
0.9030349353949229
0.9218626022338867
0.9873048305511475
0.9939005613327027
0.8058024972677231
0.9851969331502914
0.9901305735111237
0.9930277977670942
0.994502067565918
0.8524662763146418
0.8430987149477005
0.9779112637042999
0.953533872961998
0.9121777792461216
0.7966609055001754
0.7461120119405678
0.9934893250465393
0.9932825366655985
0.9917403956254324
0.9839529891808828
0.8901757597923279
0.9937986955046654
0.9519479274749756
0.8288306739802161
0.9367971420288086
0.9935199419657389
0.9932362288236618
0.8791316330432892
0.9755920886993408
0.99349365234375
0.9697410315275192
0.9921875298023224
0.9933964729309082
0.9906609654426575
0.9780637707029071
0.8877733697493871
0.9944656044244766
0.9931845515966415
0.9738690257072449
0.9932592034339904
0.9939268231391907
0.6621856893859027
0.9748358875513077
0.9935243204236031
0.9919352412223816
0.9537543952465057
0.9919728577136994
0.812439139187336
0.9526958333121406
0.9942080804279873
0.9188827276229858
0.9939881392887661
0.9918121695518494
0.9932517030022361
0.6625018677829454
0.9781608581542969
0.9871739582581953
0.9939446647961935
0.818642565359672
0.988720623885884
0.8458393116792043
0.9941438794136047
0.993991956114769
0.9939429312944412
0.9028069327274958
0.9858006834983826
0.9685262015887669
0.9941226045290629
0.9937064250310262
0.7167047083377838
0.9035176798193292
0.9928054213523865
0.9829137772321701
0.9929920775549752
0.9888627603650093
0.9943695962429047
0.9940749009450277
0.99281045794487
0.7893898531794548
0.9936999827623367
0.9582070012887319
0.9942776163419088
0.9875479102134704
0.9903402626514435
0.945865735411644
0.9874412616093954
0.9752148985862732
0.9943748116493225
0.8452041829004884
0.948282104730606
0.9916912764310837
0.9770456751187643
0.8903251506388188
0.8601275086402893
