-0.6616919040679932
-0.7876967787742615
-0.6736711859703064
-0.7570161819458008
-1.111609935760498
-0.6538887619972229
-0.8604258298873901
-0.7672094106674194
-1.1636115312576294
-0.6146233677864075
-0.6650032997131348
-0.9191763997077942
-0.963862955570221
-0.6317917704582214
-1.2006967067718506
-0.7538201808929443
-0.8651458621025085
-0.737699031829834
-0.8321114182472229
-1.5162882804870605
-1.1843931674957275
-0.8243741989135742
-1.1691170930862427
-0.8154458403587341
-0.8154764771461487
-0.9468958973884583
-1.054262638092041
-0.6689639687538147
-0.802909791469574
-0.7344458699226379
-0.8887832164764404
-1.014381766319275
-0.8375678658485413
-0.8490412831306458
-0.8964318037033081
-0.7522886395454407
-0.9895042777061462
-0.7260083556175232
-0.7980858087539673
-0.7172874212265015
-0.9556743502616882
-0.5973098278045654
-1.0624240636825562
-0.7923988699913025
-0.8069772124290466
-0.7853943109512329
-0.9230314493179321
-0.7183326482772827
-0.8728740215301514
-0.7345424294471741
-0.8532087206840515
-0.764763593673706
-0.8051679730415344
-0.8057378530502319
-0.9786181449890137
-0.7714446187019348
-0.95192950963974
-0.6865180730819702
-1.3196967840194702
-0.6061564683914185
-0.7260388135910034
-0.8019534349441528
-1.0360074043273926
-0.7840309739112854
-0.7250536680221558
-0.925875723361969
-0.7154943346977234
-0.789762020111084
-1.1009312868118286
-0.7161127924919128
-0.7994179129600525
-0.7854545712471008
-0.8539435863494873
-0.8257652521133423
-0.7891643047332764
-0.7240184545516968
-1.0424939393997192
-0.8234769105911255
-0.8861815929412842
-1.014293909072876
-1.0473582744598389
-0.6561888456344604
-0.8197735548019409
-1.0876127481460571
-0.8861945867538452
-0.6900414228439331
-0.9761253595352173
-0.8545255661010742
-0.9118934273719788
-0.8327905535697937
-0.7487157583236694
-0.83659827709198
-0.7972675561904907
-0.7551001310348511
-0.9985434412956238
-0.9284220337867737
-0.9228886365890503
-0.8302814364433289
-0.9947739839553833
-0.8589417338371277
-0.8251541256904602
-1.1093015670776367
-1.0970256328582764
-0.9688734412193298
-0.9239660501480103
-0.7211017608642578
-0.8736604452133179
-0.7176294922828674
-1.53020179271698
-0.7036792635917664
-0.796626091003418
-0.7374941110610962
-0.877972424030304
-0.6059704422950745
-1.577247977256775
-0.7244459390640259
-0.8230143189430237
-0.7144414782524109
-1.0270897150039673
-0.6014245748519897
-0.9261287450790405
-0.9322560429573059
-1.015284776687622
-0.7838848829269409
-1.005082607269287
-0.8730974793434143
-0.761757493019104
-0.7996248602867126
-0.8995953798294067
-0.8985047340393066
-1.844090461730957
-0.8583299517631531
-1.1606786251068115
-0.9225331544876099
-0.9083586931228638
-0.8124613165855408
-0.8447896838188171
-0.86448734998703
-0.7421934008598328
-0.9516741633415222
-0.8805890679359436
-0.4473242461681366
-0.9543636441230774
-0.9389455914497375
-0.882377028465271
-0.5778853297233582
-1.0168416500091553
-1.2156881093978882
-0.9482401013374329
-0.7763387560844421
-0.8560205101966858
-0.9483718872070312
-0.9329665899276733
-0.9149782657623291
-0.7763707637786865
-0.6693521738052368
-1.1339060068130493
-0.6259907484054565
-1.1197562217712402
-0.6697888970375061
-0.8867148160934448
-0.7650405168533325
-0.8670118451118469
-0.7181023955345154
-0.8399126529693604
-0.6774608492851257
-0.9539549350738525
-0.9708337187767029
-0.75989830493927
-0.7154624462127686
-0.8529312610626221
-0.7234405279159546
-0.8437209129333496
-0.7850709557533264
-1.2118847370147705
-0.9202961921691895
-0.8586563467979431
-0.8812179565429688
-1.101487159729004
-0.932243287563324
-0.8651240468025208
-0.80876225233078
-0.8904560208320618
-0.8191145062446594
-0.8256775736808777
-0.83363276720047
-0.8731697797775269
-0.7720726132392883
-1.0572683811187744
-0.9738871455192566
-0.8255568742752075
-0.7562101483345032
-0.9471310377120972
-0.5870323181152344
-0.8079369068145752
-0.8167352676391602
-0.7988083958625793
-0.9555346965789795
-0.8777711391448975
-0.9082580804824829
