0.5114794005838926
0.5953842588829119
0.3804657193455895
0.5915035149244597
0.5266623966792929
0.5596310222384329
0.5150085473238882
0.5570376998541808
0.6130775510204082
0.6144505160898605
0.526391128323313
0.5342656449553002
0.613203125
0.563131313131313
0.42601169590643273
0.6341869456244964
0.49526788273883904
0.5845328635471719
0.5098004871318677
0.5928967184192375
0.6460369873145007
0.5852649006622518
0.5293258035313818
0.49572966084888137
0.5309456778841194
0.49599344598054285
0.5988147709174414
0.5173693854708261
0.48506269605148267
0.5671633128636543
0.5459527793768966
0.6005015432098765
0.6563434618996312
0.553596256684492
0.5481924108243783
0.5773131125780884
0.5415897043143969
0.5312920697536082
0.5487632244888292
0.5079456653076866
0.5693690652426292
0.567200276184143
0.5167978377706192
0.6063788574374585
0.48221053727613494
0.650659437969475
0.5529949750728972
0.6066600725354434
0.580186253293076
0.5670828204677334
0.5942387130054269
0.5179853820355789
0.5792592592592593
0.6016293333333333
0.5986616933362495
0.6395998399359745
0.543467520192473
0.5270565773608299
0.5390899902672756
0.542088189215461
0.6373571314047506
0.5756729330340441
0.5303945723093685
0.6512390272398699
0.5156798388145067
0.5569852941176471
0.6288389254006688
0.5781098153547133
0.5355878038962508
0.5276763826168553
0.42174383924219083
0.5131180418866232
0.5396149611025645
0.6228289643595042
0.5299306868304978
0.698057752182751
0.5973840932377049
0.5213397455762696
0.5640857308477035
0.6449847428683407
0.5740594059405941
0.5305072661600617
0.5745261405494553
0.5977393617021276
0.5140401638954318
0.5381236409873258
0.4586515270776885
0.58586378202671
0.6400274395472475
0.5399078798419958
0.5821049863244268
0.6258336739105971
0.5748718800848441
0.5755683948859474
0.5098984413590709
0.5397932571961627
0.5387501651473114
0.5485478966888301
0.5468949667653964
0.5985207746838135
0.4967330618482404
0.6640862227243839
0.530218068694506
0.590246893186612
0.48230067981910835
0.5957152257225561
0.5663969327368137
0.5920000112604529
0.6315904139433552
0.5818395330708189
0.5395451594779915
0.5563145969498912
0.4966908489245259
0.5915107290274716
0.4973942782693665
0.5383292279090981
0.613986140655625
0.578295562411011
0.6982408321619913
0.5429380604247231
0.5259835414163845
0.631460571844837
0.4674444430940502
0.6136689202429944
0.5337947529805774
0.5718552617125281
0.5291825509346776
0.554750587079766
0.5826000430292598
0.5537083528249909
0.6155037067245573
0.5615194244604316
0.4939949367088608
0.545116935808634
0.506475708826444
0.5108077000956882
0.4966908489245259
0.5960117903370499
0.6256769522692661
0.5680293501048218
0.5801078348478511
0.4842271293375394
0.48808568923953544
0.5294686357982394
0.5721393034825871
0.5559644011790342
0.5785446797520661
0.6219916983206365
0.5539160569888332
0.5239106587784482
0.5759834581398404
0.5156867790719727
0.55917207282279
0.5285989077376637
0.549606082822866
0.5894734606316774
0.5533679865903589
0.5824300612496054
0.5466021898430877
0.5904352936080411
0.6382982320229205
0.5689966124998096
0.5518124226924749
0.5239378849609724
0.5681991403740918
0.5775510371155899
0.5391818283290546
0.5177187288840377
0.5244857106886568
0.5660099166653192
0.5771972932492748
0.5538008364785235
0.5324833882893685
0.5010407414903303
0.6260581016779364
0.5760592734538784
0.5711309523809524
0.6079063225219217
0.6065639244309604
0.5431579144185982
0.6287369039268734
0.5427794658563889
0.6217895873900251
0.6500555041149136
0.49099449915170634
0.5266841211116168
0.549252544529262
0.6165133950856952
0.5831988589150048
0.5449734503671075
0.4762199863073988
0.5880404532426453
0.5628731618985021
0.6084036203823117
0.45624619116933524
0.58142711122112
0.5426828856339855
0.6316680908203125
0.559618654860362
0.6036166139751079
