0.29001925114010063
0.3232789224712178
0.11669557774439454
0.7229637634009123
0.7664069011807442
0.28489523474127054
0.7409578531980514
0.7778567082455589
0.7165197713766247
0.3989869985315535
0.76608587273707
0.48840099410153925
0.21684464148711413
0.502801263704896
0.580909660179168
0.41271444506544086
0.5602795693363684
0.4856373406946659
0.6457407637773191
0.5057822244125418
0.744316010051989
0.45159586359347614
0.5917734176521966
0.6577282392730316
0.4462036612842764
0.4953600183620842
0.6612518206238747
0.27338429550743765
0.2171065428527072
0.8044667519629002
0.32210304900737746
0.9677912294864655
0.5007356563583016
0.4534657221287489
0.2555466602530537
0.5782682006683899
0.4803281511579241
0.5008542318052301
0.5879248825833201
0.6923052742079433
0.7903283351867382
0.4127003243629588
0.5921907625678513
0.844923350427832
0.854425052801768
0.2724003057926893
0.40637624990195037
0.24752782506402582
0.7608255725353956
0.5659398915595375
0.5176573103138556
0.09982216954231263
0.30972087793634273
0.7446165746077895
0.6078593518584967
0.5603408336639404
0.6452138628810644
0.7330131812486798
0.5146241199690849
0.4434505517128855
0.6702353395521641
0.2345234918674188
0.26117776401224546
0.6620867541059852
0.4804087471113437
0.5237836468964815
0.7388274967670441
0.5872068330645561
0.5851264580019883
0.5317262390162796
0.5418551155986885
0.7918604003886381
0.7377952567979016
0.5851132740887502
0.46212951955385506
0.6238898374140263
0.01577329696738161
0.9721294522285462
0.6103189624845982
0.28735700852121226
0.012490234803408384
0.39078993648290633
0.2836432063486427
0.15909581910818815
0.8274714847405752
0.9047922313213348
0.7195157804526389
0.7324581653811038
0.013557309110183269
0.8221328603950414
0.45897145343146156
0.7991421859090527
0.7731119063165452
0.6678598693438939
0.8905127108097076
0.6073863133788109
0.008359348808880895
0.7475774369456551
0.36103661902598105
0.42081743345728945
0.008277334659942426
0.6649778683980306
0.9511944552262624
0.5620264736004174
0.43346024327911437
0.26198460002030644
0.5461355037663856
0.5725011627267426
0.9564026951789856
0.5552495903801173
0.4502299315296113
0.8082386255264282
0.5949445106089115
0.7254162235185504
0.9533632397651672
0.40056531809802565
0.4293554487327735
0.32277835346758366
0.5725024710409343
0.5770283945603296
0.5075444905087352
0.4336888591060415
0.33578641299391165
0.661844256692954
0.4915507021166074
0.6899180884162585
0.6277130422182381
0.07978710776660591
0.6132709030789556
0.43892462462342036
0.31659144461154937
0.545141619630158
0.7519325772300363
0.69719253256917
0.5878993947058916
0.6580734090413898
0.2500019093276933
0.06871192390099168
0.9640696763992309
0.08593794219195842
0.6374463013240269
0.3026236585962276
0.7503983383066952
0.6275116614997387
0.49270409961172845
0.9518529772758484
0.7110562175512314
0.04500711629710471
0.6129199343267828
0.7006082138395868
0.6141326442535501
0.6942189145289982
0.7428703066892922
0.26485698521137235
0.6776000472406546
0.7376137716429574
0.7482804032560024
0.6271336236968637
0.9264949985912868
0.4575492130931128
0.286302560629944
0.40909800991519457
0.684655652243898
0.33282454749375273
0.3335455370446046
0.5177786733667531
0.37958270899252966
0.6830165456980467
0.3468008986674249
0.9804110378026962
0.5468521549676856
0.23314237371087074
0.912217344556536
0.6287622474289188
0.505000528821256
0.6545339524745941
0.053234110275904335
0.2635911477264017
0.8264214545488358
0.41915696965796606
0.523191080079414
0.27263040095567703
0.8096080409207692
0.38358468003571033
0.1970461827237159
0.056986047653481364
0.31238297497232753
0.47839593739869696
0.5770075668347999
0.5667467929888517
0.5189660907296153
0.5410569378097231
0.9406621903181076
0.6008270606657283
0.6121142897754908
0.6382158430293202
0.5054495848889928
0.943312923113505
0.38534007107373325
0.317899818578735
