0.6837196865608364
0.8148641911704396
0.6228874283205251
0.7959399063465634
0.754555910543131
0.7952560978100838
0.7201314369345698
0.7519976172560823
0.7932770672218917
0.8062911470860841
0.7267985130111524
0.7909409287211641
0.8093971154707518
0.8065178318039921
0.6714100064977259
0.7716995338664986
0.723902402003567
0.8066666666666668
0.6943227205091876
0.8039372251653862
0.7971423199849597
0.816587477756783
0.7635921753766002
0.7702039000632516
0.725040213246559
0.7155807378588991
0.744888699581466
0.7631702003737267
0.7179195331037017
0.7737267187467981
0.726475954548612
0.7804387138327388
0.7419375826845084
0.7650691454186206
0.7248266099053866
0.7873472017636747
0.7140920691760209
0.7518916939916216
0.7884937146379588
0.744079057105198
0.7442733942917806
0.7785192841854529
0.7002051749013029
0.7979430682946992
0.7023437500000002
0.8531395376019822
0.7450271632691292
0.795357501721427
0.7619095142282265
0.8217160370508001
0.7420451580869667
0.7505406290956749
0.7961845300034686
0.8026916406520985
0.7826131687242799
0.7989666870208292
0.6776886885816255
0.7423230453259804
0.6466895889972812
0.737260230607009
0.8085592981797712
0.8422202683108001
0.7170829194835154
0.8196872012355062
0.7324314365426121
0.8014495400485468
0.7893797576985435
0.8133746595285056
0.7191051136363636
0.7639483977974909
0.6817271630650649
0.6963345203902871
0.6971269172361568
0.8315624229536489
0.772517384404006
0.8542718862693006
0.7349169175867066
0.7630094795434816
0.7749623280324419
0.8302561796068288
0.7572220184981462
0.8195270181001453
0.7904411764705882
0.7650132191867053
0.7750653980600506
0.7527332583852999
0.6671756758514606
0.7772540646167021
0.8572939715827159
0.7417249775538406
0.8016040125242536
0.8117116097537103
0.7337987525730433
0.7950317293644996
0.7674156020087244
0.7981250570415278
0.7583046642063344
0.7644168369982706
0.7268660355812432
0.8420333954284235
0.7682587245787806
0.8444340321162479
0.7298874576867279
0.8051204890539777
0.6994645006450497
0.8087120538196376
0.780285264799512
0.7512313763257445
0.7750895233095846
0.8261626185422514
0.8119142845248811
0.7972597434035342
0.7173872690407517
0.7953379523902981
0.6753312945973496
0.7157601463614232
0.7775282745022866
0.776132227363526
0.8342147834743654
0.7468043049792532
0.711432397261039
0.8385323161584805
0.6996920323361231
0.8146161299453482
0.7685131213497729
0.8112120535714287
0.7028456028044506
0.7989819866990007
0.7934056765248568
0.7488281990264355
0.8330825166497416
0.8170481115107914
0.7544131576681307
0.7847700485687844
0.7062092285167856
0.7063168788501027
0.7305674743695918
0.806938775510204
0.810161895495277
0.8299743768926159
0.7654549348802763
0.7564280965664677
0.7316427692026474
0.738076137493824
0.7695895522388058
0.7198441063124782
0.7773466392381657
0.7372263238289206
0.7463787008514098
0.7733134720407425
0.7844043473673102
0.7448794027565084
0.7617820958836191
0.7547628501738208
0.7883526731552691
0.8237090609740783
0.722354660897913
0.7681412739131164
0.7267145576285389
0.7911013478656493
0.7879293350519373
0.7666831789755624
0.7212626883519082
0.7728403569323005
0.7483043325350438
0.798084849748723
0.7317770161290322
0.7445446312696987
0.7690268241291919
0.7762916009087598
0.7842987824112044
0.806298929118517
0.7656006310263698
0.6861075597967479
0.7715635149623182
0.8057013136838972
0.6545214382896016
0.7668150570556541
0.7673422310100511
0.7808663504464286
0.8055514806222707
0.8114571387204063
0.8040489653886782
0.809771628779791
0.6836079189840827
0.7862497191221632
0.7788592500404077
0.8249841472446519
0.7857249284806104
0.7991355329848736
0.7187004131508
0.7801618446713011
0.7146084420972141
0.8008751683015966
0.6335979821571314
0.7466079295154184
0.7426423523428732
0.8007578600794966
0.6979215685060433
0.8213467841254487
