0.8409326076507568
0.7674784064292908
0.21314778458327055
0.9940349832177162
0.9435321688652039
0.6070819392800331
0.7730000466108322
0.9602109061347114
0.9942559003829956
0.7751787264520923
0.8378288466483355
0.9149610996246338
0.6722055766731501
0.9936547577381134
0.7905080791562795
0.8537749040073582
0.8336510099470615
0.993895873427391
0.9299280533895773
0.9407438859343529
0.9923099726438522
0.8008496227142002
0.6969939963892102
0.9908735454082489
0.8577638694218227
0.6573330514236457
0.9823851585388184
0.7110682729916233
0.2765001588501036
0.9326210856437683
0.9844212872641427
0.9916880279779434
0.7021137762349099
0.948544192314148
0.5811661688817872
0.7241943990156869
0.7779022536872487
0.6734589850530028
0.8214339971542358
0.9698605196816581
0.9082023195175376
0.13702428340911865
0.7948298902354307
0.984474675995963
0.8923801978429159
0.7963266571983695
0.9901970148086547
0.98286372423172
0.952681414783001
0.7459443121624645
0.696940642160674
0.9868550151586533
0.9938920587301254
0.7488800634164363
0.6628327742218971
0.9855816006660462
0.6624576497290816
0.9366356784647162
0.983994315067927
0.5536495854945055
0.9932947605848312
0.7358019426465034
0.7437485257784525
0.7128762106100718
0.5871944606511129
0.8049174472689629
0.9764238766261509
0.8544190526008606
0.9470110365322658
0.8241683725267649
0.6179347211339822
0.8687512858046426
0.9723662517287515
0.8290986242548873
0.7804343029856682
0.8479641914367676
0.5244148480705917
0.9939898014068603
0.743805650388822
0.8176583349704742
0.9629135966300965
0.8012800883501768
0.7941879885271191
0.06397533571968476
0.7003500709931055
0.9929255187511444
0.7832548469305038
0.7616142258048058
0.24466937398537994
0.9588265689936551
0.7483953725978998
0.8287573957738156
0.9596949219703674
0.814198008605412
0.967409324645996
0.7932384641841054
0.3057503151940182
0.9286445812745527
0.7455505810503382
0.6841426187061838
0.6358660161495209
0.9919967452685038
0.9934590955575308
0.8743122220039368
0.8436790525913238
0.6345750889075654
0.7773930676695373
0.7915554344654083
0.9774974346160888
0.993581485748291
0.6076592236757279
0.9851555079221725
0.98926842212677
0.9199352094105312
0.9945319890975952
0.7066133503269937
0.4292569759612282
0.8926655650138855
0.7423903260496445
0.8863412582625946
0.8679623199423077
0.539745870482875
0.6631289214128628
0.9846958418687185
0.9884284834067026
0.8950644234816233
0.8286597242578864
0.5277007518452592
0.9926753044128418
0.6059275983004935
0.7935461178421974
0.7250631103912989
0.991834431886673
0.9028350591659546
0.7954873746261001
0.86298366189003
0.8966305106878281
0.7537329383194447
0.993708336353302
0.727679368108511
0.9148542540413993
0.6566533511892582
0.9946315288543701
0.8196955062448978
0.9734246730804443
0.9778764963150024
0.9943580428759257
0.1197781487814306
0.9604078382253647
0.9577075839042664
0.9938822865486145
0.6776776360347867
0.9779143631458282
0.641733492910862
0.8714738455083635
0.9186555785792214
0.9550628529654609
0.8288721405634922
0.988064067704337
0.8532333309677514
0.31099238867561024
0.8052404655350579
0.8223519199951128
0.7818310586040348
0.9780894021193186
0.7552653913495734
0.7022683968146642
0.8855636477470398
0.7504371237009764
0.9925500452518463
0.9500358402729034
0.8053880572319031
0.833796214312315
0.9374412298202515
0.9902326067288717
0.7343503385782242
0.7265552898964167
0.8322526961565018
0.9914411008358002
0.9876838156155178
0.7585398029186763
0.5054815525654703
0.9912844697634379
0.9920899420976639
0.766774271428585
0.312941818498075
0.6431272389988104
0.675846271837751
0.5944919882342219
0.8865000009536743
0.9278645714124044
0.9205902417500814
0.9944386184215546
0.735806703968491
0.8187992610037327
0.9454080939292908
0.9919563978910446
0.9369088808695475
0.7969014583155513
0.7017319768667221
