0.9938260061400277
0.9940265864133835
0.680919423699379
0.9941644370555878
0.9153787344694138
0.9918720841407775
0.9909729599952698
0.9035978068908056
0.9941861033439636
0.8843769258302119
0.9923370778560638
0.9905904307961464
0.9889336377382278
0.9930880069732666
0.7855957742780447
0.994479605129787
0.9866746862729391
0.9943182319402695
0.9374000885907341
0.9935792237520218
0.9923541843891144
0.9925971371786935
0.9670668542385101
0.9882928530375162
0.8800642490386963
0.8848692565742466
0.973281721274058
0.8862521300713221
0.8086022704839706
0.9931316256523133
0.9905977078846523
0.9917210638523102
0.9914873838424683
0.953445315361023
0.8851753096613619
0.9925455152988434
0.993635722569057
0.9943080147107443
0.8084733262658119
0.9858644604682922
0.9103445777509478
0.13887052025113786
0.9859245551957024
0.9812836476734706
0.8933134923378626
0.9939740061759949
0.9941808462142945
0.9943598210811615
0.970641978085041
0.9944063127040863
0.9912759761015574
0.9938100576400757
0.9942159950733185
0.994172528386116
0.9931319713592529
0.9940840244293213
0.7056845894881657
0.9934732480482622
0.9821952482064565
0.870497390627861
0.9940435290336609
0.9939551864351545
0.9937303066253662
0.9947693347930908
0.8858247264805768
0.7990696497261525
0.9942272135189602
0.981100857257843
0.9939697214535305
0.9818151235580445
0.9940833250681559
0.9940250449710422
0.9931880018927834
0.9940129915873209
0.8865138569639789
0.9929283261299133
0.7488533074501902
0.9942106962203979
0.9927618354558945
0.7595354840159416
0.9629564642906189
0.7987890783697367
0.9940542101860046
0.6747231967747211
0.8425972747306029
0.9939074516296387
0.9937962144613266
0.7616171613335609
0.9886134982109069
0.9936707615852356
0.9711417385510036
0.9940341711044312
0.9943203661176894
0.9287737778254918
0.9912850618362427
0.7966736047528684
0.7531933356076479
0.968154555017298
0.9938314110040665
0.8530591166179095
0.8026178151369094
0.9914455811182658
0.9932741721471151
0.9638523101806641
0.9867051005363464
0.9044121631554195
0.8811498540971014
0.9218626022338867
0.9883935689926148
0.9939005613327027
0.9931644916534423
0.9851969331502914
0.9914864748716354
0.9930277977670942
0.9945054650306702
0.8524662763146418
0.870801662405332
0.9779112637042999
0.9899169951677322
0.9121777792461216
0.9914761558175087
0.7461120119405678
0.9941289027531942
0.9932825366655985
0.9922649264335632
0.9839529891808828
0.9103167146444321
0.9937986955046654
0.9922008812427521
0.8288306739802161
0.8005993511527777
0.9935199419657389
0.9932024478912354
0.8791316330432892
0.9935354351997375
0.99349365234375
0.9554252475500107
0.9921875298023224
0.9940060496330261
0.9906609654426575
0.9778702173914228
0.8877733697493871
0.9946771115064621
0.9931845515966415
0.9732037782669067
0.9932592034339904
0.9942711790402731
0.6621856893859027
0.9737688302993774
0.9935243204236031
0.9939120292663575
0.9537543952465057
0.9935478031635284
0.812439139187336
0.9611112740304735
0.9942080804279873
0.9902387923664517
0.9939881392887661
0.9923242841448102
0.9932517030022361
0.6632825098155687
0.9781608581542969
0.9940214590592817
0.9939446647961935
0.9783213138580322
0.988720623885884
0.846271425485611
0.9941438794136047
0.9939925670623779
0.9939429312944412
0.991175909837087
0.9858006834983826
0.9684504696301052
0.9941226045290629
0.9937782883644104
0.7167047083377838
0.9023646218702197
0.9928054213523865
0.9936638027429581
0.9929920775549752
0.9922603666782379
0.9943695962429047
0.9925101399421692
0.99281045794487
0.7685293344780803
0.9936999827623367
0.9913434286912283
0.9942776163419088
0.9938053727149964
0.9903402626514435
0.9505880375703176
0.9874412616093954
0.9943390935659409
0.9943748116493225
0.9942076876759529
0.948282104730606
0.9927601367235184
0.9770456751187643
0.9852563440799713
0.8601275086402893
