-1.0633506774902344
-0.9315579533576965
-1.2993640899658203
-0.8439704775810242
-1.3667176961898804
-0.795939564704895
-1.057041049003601
-0.9974551796913147
-1.131797432899475
-0.7177026271820068
-0.9790235161781311
-0.9951635003089905
-0.98396897315979
-0.726752758026123
-1.3503073453903198
-0.7908089756965637
-0.8865363597869873
-0.8050243854522705
-1.0071290731430054
-0.8874503374099731
-1.5357165336608887
-0.9594172239303589
-1.3347519636154175
-0.8574523329734802
-1.0380796194076538
-1.0114589929580688
-1.5469027757644653
-0.7661860585212708
-1.2025082111358643
-0.8868446946144104
-1.1621564626693726
-1.1073731184005737
-0.9856812953948975
-0.9057288765907288
-1.1159658432006836
-0.8898424506187439
-1.2413268089294434
-0.8404039144515991
-1.080135464668274
-0.7539429068565369
-1.00102961063385
-0.7648057341575623
-1.1766109466552734
-0.8407666087150574
-1.1226913928985596
-0.8104861974716187
-1.0593029260635376
-0.8238625526428223
-0.9691440463066101
-0.7622472047805786
-1.156265377998352
-0.8073108792304993
-1.3220887184143066
-0.944991409778595
-1.3394811153411865
-0.8233383893966675
-1.0699952840805054
-0.7726637721061707
-1.2288799285888672
-0.7871413826942444
-1.182021975517273
-0.9147407412528992
-1.4059170484542847
-0.7929731607437134
-0.912060558795929
-0.9868412613868713
-0.8721908330917358
-0.9003067016601562
-1.242364525794983
-0.8753722310066223
-0.9406269788742065
-0.8858026266098022
-0.852265477180481
-0.9388964772224426
-0.9407960176467896
-0.8370708227157593
-1.4228659868240356
-0.9200397729873657
-1.0589567422866821
-1.0859527587890625
-1.1045352220535278
-0.6861308813095093
-1.033927083015442
-1.1040923595428467
-0.9088464975357056
-0.7555108666419983
-1.3526866436004639
-0.884069561958313
-1.2972497940063477
-0.9084476232528687
-0.8801539540290833
-0.9084145426750183
-0.9229310154914856
-0.9007627964019775
-1.0768221616744995
-0.9827666878700256
-1.2453607320785522
-0.9151071310043335
-1.217201828956604
-0.9466798305511475
-1.0462483167648315
-1.1769939661026
-1.0691584348678589
-1.1016002893447876
-1.298809289932251
-0.8815267086029053
-0.9908151626586914
-0.7620596289634705
-1.3691182136535645
-0.755479633808136
-0.8695486187934875
-0.7568761706352234
-1.0576386451721191
-0.7042121887207031
-1.6848077774047852
-0.8002614378929138
-1.169525146484375
-0.8502436280250549
-1.1326054334640503
-0.6655084490776062
-0.9588611721992493
-0.9899727702140808
-1.3601551055908203
-0.8448594212532043
-1.0515525341033936
-1.0066579580307007
-0.8702475428581238
-0.8962987065315247
-1.025543451309204
-0.9685023427009583
-1.3553941249847412
-0.9562827944755554
-1.3164284229278564
-0.9623887538909912
-1.0440253019332886
-0.9956822991371155
-1.144989013671875
-1.0187610387802124
-0.964079737663269
-1.0592581033706665
-1.2251781225204468
-0.5511353611946106
-1.0154613256454468
-0.9872957468032837
-1.1046684980392456
-0.6743393540382385
-1.0834790468215942
-1.331710696220398
-1.030556321144104
-0.8340755701065063
-0.9863994121551514
-1.0904796123504639
-1.0156757831573486
-0.9695900082588196
-0.9309733510017395
-0.757565438747406
-0.9517841339111328
-0.6854557991027832
-1.1508692502975464
-0.7967707514762878
-1.1111516952514648
-0.8434627056121826
-1.0611270666122437
-0.7933259010314941
-1.0348366498947144
-0.7896664142608643
-1.208374261856079
-1.084118127822876
-1.052201271057129
-0.7382354140281677
-1.2826956510543823
-0.9787598848342896
-1.1000407934188843
-0.9130688905715942
-1.1482675075531006
-0.9847968816757202
-1.1749846935272217
-1.0126187801361084
-1.0752737522125244
-1.0059058666229248
-1.3084460496902466
-0.9161208868026733
-1.0812270641326904
-0.9548254609107971
-0.9210451245307922
-1.162132740020752
-0.9072580337524414
-0.8959082961082458
-1.4641366004943848
-0.9977579116821289
-0.9075607657432556
-0.8575593829154968
-0.9155503511428833
-0.698599100112915
-0.8706966042518616
-0.909982442855835
-1.1527553796768188
-1.0438042879104614
-1.2577664852142334
-1.0120917558670044
