0.7266882658004761
0.7736820578575134
0.8455590605735779
0.98341304063797
0.8840526938438416
0.981322169303894
0.918240487575531
0.9605327844619751
0.9758942127227783
0.9715525507926941
0.9043503403663635
0.9647944569587708
0.8349121809005737
0.979767918586731
0.9001082181930542
0.920763373374939
0.935067892074585
0.9576848745346069
0.9320520162582397
0.941586434841156
0.5865039229393005
0.9728705883026123
0.8679840564727783
0.9415217041969299
0.9565111398696899
0.9245622158050537
0.865610659122467
0.9588421583175659
0.9485876560211182
0.8989615440368652
0.9363294243812561
0.6187203526496887
0.9485989809036255
0.9561578631401062
0.9457716941833496
0.8358854651451111
0.7502624988555908
0.9883196353912354
0.9479150772094727
0.8948703408241272
0.9676913619041443
0.9567739367485046
0.9255144000053406
0.9852099418640137
0.9213855266571045
0.897503674030304
0.9201735854148865
0.871741771697998
0.8955855369567871
0.942270040512085
0.9373399019241333
0.8738402128219604
0.9199067950248718
0.7170470356941223
0.9234042167663574
0.9159834384918213
0.7753391265869141
0.9303523898124695
0.8236192464828491
0.9274706244468689
0.8035165071487427
0.9809386730194092
0.8867309093475342
0.9461811184883118
0.9097155928611755
0.959170401096344
0.9272943735122681
0.9247213006019592
0.8422295451164246
0.9647189974784851
0.9341652393341064
0.9658405780792236
0.894490659236908
0.9830558896064758
0.953987181186676
0.9590977430343628
0.8521828055381775
0.9756470322608948
0.960745632648468
0.8795062899589539
0.7051885724067688
0.9676867723464966
0.8061135411262512
0.8310618996620178
0.9225679039955139
0.9261879920959473
0.6645082831382751
0.9268102049827576
0.9246296882629395
0.898809552192688
0.9469525218009949
0.970855176448822
0.9240038394927979
0.8139498829841614
0.9021942019462585
0.9693074822425842
0.969777524471283
0.9544874429702759
0.7810062170028687
0.9628045558929443
0.9191480278968811
0.8385598659515381
0.954237163066864
0.6664960980415344
0.9831172823905945
0.9879815578460693
0.94282066822052
0.9503352642059326
0.9247754812240601
0.9778202176094055
0.9578365087509155
0.9882094264030457
0.854505717754364
0.9788986444473267
0.9656095504760742
0.8949503898620605
0.8587775826454163
0.9650353193283081
0.8712922930717468
0.9453805685043335
0.8386639952659607
0.8915837407112122
0.897613525390625
0.9722753763198853
0.9361971616744995
0.9245522022247314
0.9395961761474609
0.9361947774887085
0.9303143620491028
0.948115348815918
0.82625812292099
0.8702319264411926
0.932862401008606
0.9738320708274841
0.9314766526222229
0.9092574715614319
0.9447492957115173
0.876839816570282
0.7454267740249634
0.9850953817367554
0.9372898936271667
0.9093163013458252
0.9467092156410217
0.9495283365249634
0.8379297852516174
0.9325734376907349
0.8493616580963135
0.9039130210876465
0.9245243668556213
0.9012646675109863
0.8889929056167603
0.945277750492096
0.9097375273704529
0.9183281660079956
0.9358677864074707
0.9264558553695679
0.9188368916511536
0.9661591053009033
0.9722540378570557
0.9133010506629944
0.8684454560279846
0.9178702235221863
0.9299771189689636
0.885560154914856
0.9092215895652771
0.9404993057250977
0.9629973769187927
0.8625529408454895
0.9294456243515015
0.9775353074073792
0.8860589265823364
0.7943273782730103
0.9576030969619751
0.885584831237793
0.8915558457374573
0.8996530771255493
0.9143895506858826
0.8470218777656555
0.9779278635978699
0.9842893481254578
0.8994717001914978
0.9709855318069458
0.8924161791801453
0.9745426774024963
0.9145331978797913
0.9787750840187073
0.9547767639160156
0.9033513069152832
0.9177006483078003
0.9699432253837585
0.8926861882209778
0.9611160159111023
0.9029955863952637
0.9488930702209473
0.9107384085655212
0.9649984836578369
0.9382867217063904
0.9462777972221375
0.8435767889022827
0.957892656326294
