[47, 32, 185, 126, 90, 64, 52, 137, 176, 138, 207, 134, 80, 129, 70, 200, 67, 31, 88]
[28, 17, 68, 51, 38, 31, 73]
[26, 16, 104, 71, 50, 35, 28, 76, 97, 78, 154]
[52, 36, 132, 97, 69, 56, 145, 146, 189, 141, 85, 135, 75, 183, 72, 35]
[26, 15, 94, 64, 47, 35, 28, 71, 90, 72, 139, 69]
[29, 17, 104, 68, 51, 36, 31, 73, 99]
[24, 15, 94, 61, 45, 32, 26, 66, 90, 67, 138, 65]
[52, 33, 194, 133, 99, 69, 57, 145, 183, 146, 210, 142, 87, 136, 78, 203, 72, 32]
[26, 15, 91, 62, 46, 33, 28, 68, 86]
[53, 33, 200, 133, 97, 69, 58, 148, 191, 149, 214, 145, 84, 137, 75, 207, 72, 32]
[107, 73, 262, 195, 141, 118, 284, 287, 109, 279, 174, 267, 157, 117, 150, 70, 190, 104, 139, 48, 294, 58, 213, 301, 170, 295, 302]
[52, 35, 191, 131, 98, 72, 56, 145, 182, 146, 196, 142, 87, 135, 78, 189, 75]
[27, 19, 67, 50, 36, 29, 73]
[26, 15, 99, 66, 50, 33, 28, 72, 95, 74, 132]
[26, 16, 93, 63, 47, 33, 28, 68, 88]
[54, 38, 131, 100, 74, 58, 143, 144, 161, 140, 89, 134, 80, 155]
[53, 33, 133, 102, 71, 60, 145, 146, 166, 142, 91, 136, 80, 160]
[29, 21, 100, 70, 50, 37, 31, 75, 95, 77]
[114, 77, 288, 214, 151, 127, 311, 313, 57, 319, 94, 145, 284, 86, 63, 81, 289, 221, 38, 103, 167, 216, 244, 253, 53, 278]
[51, 36, 186, 127, 95, 68, 55, 139, 176, 140, 203, 136, 84, 130, 75, 196, 72, 35]
[12, 8, 46, 30, 23, 17]
[55, 37, 133, 99, 72, 59, 145, 146, 177, 142, 87, 137, 79, 171, 76]
[49, 33, 128, 93, 67, 54, 143, 144, 173, 139, 82, 132, 73, 167, 70]
[52, 36, 186, 128, 94, 68, 56, 140, 177, 141, 195, 137, 84, 131, 74, 188, 71]
[54, 35, 132, 100, 73, 60, 144, 145, 156, 141, 42, 69, 130]
[51, 34, 193, 132, 99, 67, 55, 144, 183, 145, 245, 141, 85, 136, 75, 238, 71, 202, 33, 96, 153]
[13, 8, 49, 34, 27]
[51, 34, 195, 132, 98, 67, 55, 145, 185, 146, 199, 141, 88, 135, 77, 192, 73]
[29, 18, 115, 78, 58, 37, 31, 86, 108, 88]
[56, 37, 199, 136, 103, 74, 60, 148, 188, 149, 248, 144, 92, 139, 84, 241, 79, 207, 36, 101, 157]
[53, 34, 130, 96, 71, 57, 141, 180, 142, 189, 138, 86, 133, 77, 183, 74]
[27, 16, 66, 51, 37, 29, 71]
[24, 15, 92, 63, 45, 33, 26, 69, 88]
[26, 16, 98, 68, 49, 33, 28, 73, 93]
[58, 41, 193, 133, 101, 75, 62, 146, 184, 147, 198, 142, 90, 137, 82, 191, 79]
[24, 15, 95, 66, 46, 32, 26, 71, 91, 72, 121]
[60, 42, 140, 106, 80, 66, 151, 153, 183, 148, 95, 143, 86, 175]
[54, 35, 192, 131, 96, 69, 58, 145, 183, 146, 199, 140, 84, 134, 76, 196, 72]
[28, 19, 104, 69, 53, 36, 31, 74, 97, 75]
[50, 34, 124, 94, 66, 55, 142, 143, 25, 148, 41, 63, 123]
[51, 33, 186, 125, 93, 67, 55, 137, 176, 138, 274, 133, 82, 128, 249, 73, 266, 70, 252, 194, 32, 91, 145, 189, 214]
[48, 32, 205, 133, 97, 67, 54, 147, 193, 148, 223, 144, 84, 138, 76, 216, 72, 31]
[102, 67, 255, 192, 134, 111, 279, 281, 103, 274, 168, 261, 150, 53, 69, 256, 198, 32, 90, 148, 193, 218, 225, 47, 246, 269]
[50, 33, 129, 96, 66, 54, 141, 142, 177, 138, 83, 132, 73, 171, 69]
[57, 40, 134, 101, 73, 61, 150, 152, 200, 144, 90, 139, 79, 191, 76]
[31, 22, 99, 70, 52, 38, 33, 75, 95]
[26, 17, 102, 70, 51, 34, 29, 75, 98, 76, 134]
[29, 20, 100, 67, 49, 36, 31, 72, 95]
[52, 36, 194, 133, 97, 70, 58, 145, 183, 146, 245, 142, 86, 136, 76, 238, 73, 202, 34, 95, 153]
[26, 17, 97, 66, 46, 34, 28, 72, 93]
[61, 42, 135, 103, 76, 65, 147, 148, 184, 144, 93, 138, 83, 178, 79, 40]
[28, 19, 66, 49, 35, 30, 73]
[32, 23, 71, 54, 39, 34, 77]
[31, 23, 67, 51, 38, 33, 72]
[27, 18, 98, 68, 51, 38, 33, 75, 94, 76]
[30, 18, 97, 65, 50, 37, 32, 71, 92, 72]
[53, 36, 190, 128, 96, 68, 57, 140, 179, 141, 222, 137, 84, 131, 75, 215, 72, 198, 35, 94]
[102, 68, 252, 190, 135, 112, 275, 277, 103, 270, 166, 257, 250, 74, 54, 70, 253, 196, 31, 92, 146, 191, 215, 222, 48, 244]
[27, 18, 105, 69, 50, 34, 29, 78, 101]
[113, 76, 270, 204, 148, 122, 294, 296, 114, 303, 91, 141, 267, 82, 62, 78, 271, 211, 35, 100, 162, 205, 231, 238, 52, 261]
[31, 22, 67, 51, 38, 33, 74, 75]
[56, 39, 134, 101, 37, 32, 143, 73, 95, 75, 28, 72, 45]
[11, 7, 45, 29, 22]
[31, 19, 98, 68, 52, 38, 33, 73]
[52, 34, 133, 98, 70, 58, 144, 146, 180, 141, 87, 136, 78, 174, 75]
[27, 19, 97, 67, 48, 35, 30, 72, 92, 73]
[50, 34, 189, 126, 95, 67, 55, 138, 179, 139, 199, 135, 84, 129, 74, 192, 70]
[12, 8, 47, 32, 22, 16]
[61, 41, 142, 105, 78, 66, 154, 155, 165, 160, 50, 74, 141]
[52, 34, 191, 128, 96, 68, 56, 142, 181, 143, 266, 138, 84, 132, 75, 259, 71, 199, 33, 94, 150, 194, 219, 225]
[50, 34, 124, 94, 66, 54, 136, 137, 161, 133, 84, 127, 73, 155, 70]
[50, 32, 184, 125, 92, 67, 54, 136, 174, 137, 239, 133, 81, 128, 73, 232, 70, 192, 31, 90, 146]
[52, 36, 189, 130, 96, 70, 58, 142, 180, 143, 258, 139, 85, 133, 77, 251, 73, 199, 35, 94, 150, 193, 219]
[24, 15, 93, 62, 45, 31, 26, 67, 89, 68, 134, 66]
[53, 36, 128, 96, 70, 57, 143, 144, 190, 139, 86, 133, 76, 184, 73, 35]
[26, 15, 92, 64, 46, 33, 28, 69, 88]
[30, 19, 68, 50, 38, 32, 73]
[48, 32, 122, 90, 64, 52, 134, 135, 150, 130, 79, 125, 71, 144]
[25, 16, 95, 64, 45, 33, 27, 71, 90]
[26, 15, 69, 50, 34, 28, 75, 76]
[28, 16, 98, 67, 50, 36, 30, 72, 93, 74]
[27, 18, 100, 69, 50, 35, 29, 74, 96]
[26, 16, 97, 66, 50, 35, 29, 72, 92]
[14, 9, 48, 33]
[26, 16, 97, 66, 50, 36, 28, 71, 92, 72, 140, 70]
[97, 63, 253, 188, 133, 109, 275, 277, 98, 270, 166, 258, 148, 108, 142, 61, 183, 293, 94, 131, 91, 132, 110, 207, 284, 111, 307, 120]
[31, 18, 98, 69, 53, 39, 33, 75, 93, 76]
[24, 15, 89, 61, 44, 31, 26, 66, 85, 67]
[26, 17, 94, 64, 47, 34, 28, 69, 89, 70, 129]
[51, 34, 193, 125, 94, 67, 55, 137, 179, 138, 250, 134, 82, 129, 74, 243, 71, 201, 33, 91, 146, 196]
[53, 36, 192, 129, 95, 68, 57, 143, 181, 144, 221, 140, 85, 133, 76, 214, 72, 201, 35]
[25, 15, 92, 63, 46, 32, 27, 68, 88, 69, 124]
[55, 37, 197, 134, 102, 75, 62, 146, 184, 147, 241, 143, 90, 138, 81, 233, 78, 205, 35, 100]
[49, 33, 188, 127, 96, 68, 54, 139, 179, 140, 194, 136, 84, 131, 75, 187, 72]
[51, 34, 185, 126, 95, 69, 58, 138, 175, 139, 202, 134, 84, 129, 76, 195, 73, 32]
[51, 35, 123, 93, 67, 55, 134, 135, 173, 131, 83, 126, 74, 167, 71, 34]
[28, 17, 97, 66, 50, 36, 30, 72, 93]
[56, 38, 206, 137, 107, 76, 61, 151, 194, 152, 295, 147, 93, 140, 278, 85, 288, 80, 215, 37, 104, 160, 209, 236]
[28, 19, 98, 68, 51, 36, 30, 73]
[54, 37, 132, 99, 71, 59, 144, 145, 163, 140, 87, 135, 77, 156]
[25, 17, 66, 50, 34, 27, 73, 74]
[13, 8, 46, 31, 23]
[50, 34, 188, 128, 93, 67, 56, 140, 177, 141, 199, 137, 83, 131, 74, 192, 71, 33]
[29, 18, 69, 52, 39, 32, 75, 77]
[26, 17, 67, 49, 34, 28, 73, 74]
[51, 34, 131, 98, 67, 55, 144, 145, 156, 140, 41, 64, 130]
[51, 34, 188, 129, 96, 66, 55, 142, 179, 143, 224, 138, 85, 133, 74, 216, 71, 197, 33]
[56, 38, 194, 134, 103, 74, 62, 146, 183, 147, 203, 142, 93, 137, 84, 200, 81]
[27, 17, 94, 64, 48, 36, 29, 69, 89]
[26, 16, 103, 68, 50, 34, 28, 75, 99, 76]
[24, 16, 96, 65, 46, 31, 26, 71, 92, 73, 134]
[26, 17, 99, 66, 47, 34, 28, 71, 95, 73]
[28, 18, 98, 68, 49, 36, 30, 73, 93]
[29, 18, 104, 75, 58, 43, 31, 80, 100, 81]
[5, 3]
[54, 38, 131, 96, 71, 59, 143, 145, 164, 140, 86, 134, 77, 158]
[51, 16, 97, 64, 47, 33, 28, 70, 92, 71, 25, 69]
[30, 19, 75, 56, 39, 33, 80, 81]
[25, 17, 63, 45, 33, 27, 68, 69]
[51, 33, 194, 133, 94, 67, 55, 144, 185, 145, 274, 141, 83, 136, 259, 73, 267, 70, 203, 32, 91, 153, 198, 225]
[50, 35, 187, 128, 95, 68, 55, 139, 178, 140, 225, 136, 85, 131, 76, 218, 72, 195, 34, 93]
[25, 17, 93, 64, 46, 33, 27, 70, 89]
[27, 19, 66, 49, 36, 29, 71]
[26, 17, 97, 66, 48, 34, 28, 72, 92, 73, 143, 71]
[57, 37, 136, 104, 75, 61, 149, 150, 187, 145, 92, 139, 81, 181, 78, 36]
[53, 36, 131, 100, 71, 59, 145, 146, 160, 142, 88, 135, 78, 30]
[52, 37, 192, 128, 96, 68, 57, 142, 182, 143, 228, 139, 86, 132, 77, 221, 74, 200, 36, 94]
[51, 34, 127, 95, 68, 55, 139, 175, 140, 184, 135, 83, 130, 75, 178, 71]
[27, 19, 92, 63, 47, 35, 29, 69, 88, 70, 129]
[56, 34, 135, 101, 73, 60, 147, 148, 181, 144, 89, 139, 80, 175, 76]
[26, 17, 95, 65, 47, 33, 28, 71, 91, 72, 126]
[48, 32, 123, 91, 65, 53, 134, 136, 152, 131, 81, 126, 72, 26]
[30, 19, 66, 50, 37, 32, 72, 74]
[27, 16, 93, 64, 48, 36, 30, 69, 89]
[29, 21, 97, 67, 51, 38, 31, 73, 93]
[52, 36, 127, 93, 68, 56, 139, 140, 163, 135, 82, 130, 74, 156]
[27, 15, 96, 67, 51, 37, 31, 72, 91]
[26, 17, 72, 53, 36, 29, 77]
[50, 35, 127, 92, 67, 56, 138, 140, 176, 135, 82, 130, 73, 170, 70, 34]
[24, 15, 94, 64, 46, 32, 26, 70, 89, 71]
[51, 35, 198, 128, 97, 70, 55, 140, 187, 141, 261, 137, 86, 131, 77, 254, 73, 206, 34, 95, 156, 201]
[120, 77, 312, 229, 160, 130, 341, 343, 121, 333, 200, 318, 179, 129, 170, 74, 223, 362, 116, 157, 112, 158, 132, 253, 352, 133, 379, 145]
[27, 17, 96, 64, 48, 35, 29, 71, 90, 72, 126]
[51, 34, 132, 97, 70, 56, 143, 183, 145, 193, 140, 84, 135, 76, 187, 73, 33]
[27, 18, 67, 50, 35, 29, 73, 74]
[51, 34, 183, 124, 94, 66, 55, 136, 174, 137, 250, 132, 82, 127, 73, 243, 70, 193, 33, 92, 144, 187, 212]
[28, 8, 56, 36, 25, 17]
[14, 9, 49, 35]
[24, 16, 94, 64, 46, 32, 26, 69, 90, 70]
[56, 39, 220, 154, 116, 81, 65, 167, 210, 168, 225, 163, 97, 158, 88, 218, 85]
[29, 19, 102, 71, 52, 37, 31, 76, 98, 77]
[99, 64, 252, 187, 134, 108, 274, 175, 138, 47, 282, 78, 128, 250, 69, 51, 66, 253, 193, 31, 88, 145, 188, 212, 218, 45]
[56, 38, 197, 138, 105, 74, 63, 149, 187, 150, 255, 146, 91, 141, 81, 246, 77, 205, 37, 102, 158, 200]
[26, 18, 65, 48, 33, 28, 70, 71]
[53, 36, 191, 131, 98, 70, 58, 144, 181, 145, 235, 140, 88, 135, 79, 229, 73, 201, 35, 96]
[52, 35, 182, 124, 94, 69, 56, 135, 173, 136, 192, 132, 83, 127, 75, 185, 72]
[52, 36, 195, 134, 101, 72, 57, 147, 185, 148, 250, 142, 89, 137, 78, 243, 75, 205, 35, 99, 155]
[50, 33, 131, 96, 66, 54, 143, 144, 184, 140, 82, 135, 73, 178, 70, 32]
[48, 33, 179, 120, 89, 63, 52, 132, 170, 133, 209, 129, 78, 124, 69, 202, 66, 187, 32]
[49, 32, 202, 132, 98, 68, 53, 152, 191, 153, 271, 147, 82, 135, 74, 263, 71, 212, 31, 96, 160, 206]
[32, 21, 111, 79, 55, 41, 34, 85, 106, 87]
[54, 37, 196, 134, 100, 74, 61, 147, 186, 148, 265, 143, 89, 138, 80, 258, 77, 205, 35, 97, 156, 199, 226]
[52, 35, 196, 135, 100, 70, 56, 147, 186, 148, 207, 144, 87, 138, 77, 200, 73, 34]
[50, 34, 188, 128, 93, 67, 54, 140, 178, 141, 221, 136, 83, 131, 73, 214, 70, 196, 33, 91]
[52, 36, 126, 95, 68, 56, 139, 140, 159, 135, 85, 129, 75, 153]
[114, 72, 272, 207, 150, 124, 293, 295, 115, 288, 184, 277, 167, 123, 160, 70, 201, 312, 110, 147, 106, 148, 125, 225, 304, 126, 351, 134, 186, 346]
[24, 15, 95, 63, 45, 32, 26, 68, 91, 69, 141, 67]
[49, 34, 128, 96, 68, 53, 140, 89, 70, 25, 144, 40, 65]
[26, 17, 100, 66, 46, 33, 28, 75]
[28, 18, 98, 67, 51, 35, 30, 73, 94, 74]
[58, 37, 133, 103, 73, 62, 147, 148, 163, 144, 90, 137, 80, 30]
[27, 16, 97, 65, 47, 34, 29, 72, 92, 73, 135, 70]
[51, 35, 125, 94, 68, 56, 138, 139, 157, 135, 83, 129, 74, 151]
[104, 70, 255, 190, 137, 114, 278, 280, 105, 272, 168, 260, 151, 113, 144, 68, 184, 149, 191, 216, 223, 52, 244, 274, 267, 229, 285]
[29, 19, 69, 53, 38, 31, 74]
[30, 21, 98, 68, 51, 39, 32, 74, 93]
[52, 32, 196, 129, 95, 68, 56, 142, 186, 143, 243, 139, 84, 132, 75, 233, 71, 204, 31, 92, 151]
[31, 19, 116, 82, 53, 40, 33, 90, 112]
[25, 16, 63, 46, 32, 27, 68, 69]
[53, 36, 131, 98, 72, 58, 143, 183, 145, 193, 140, 87, 134, 79, 187, 75, 35]
[53, 36, 198, 134, 102, 69, 57, 146, 185, 147, 213, 142, 91, 137, 79, 203, 72, 35]
[27, 18, 96, 66, 48, 35, 30, 71, 91, 72, 126]
[52, 35, 131, 98, 34, 29, 138, 70, 91, 71, 27, 69, 42]
[25, 16, 104, 70, 50, 34, 27, 77, 100]
[25, 17, 97, 64, 48, 33, 27, 72, 92, 73, 134]
[24, 16, 65, 48, 33, 26, 71, 72]
[27, 19, 97, 65, 48, 35, 29, 71, 93, 72, 134]
[56, 36, 133, 101, 72, 61, 145, 146, 166, 142, 89, 136, 80, 159]
[27, 19, 95, 65, 48, 35, 29, 71, 91, 72]
[51, 32, 132, 98, 70, 58, 144, 145, 164, 141, 86, 135, 77, 156]
[51, 33, 203, 136, 101, 67, 55, 150, 192, 151, 241, 146, 87, 141, 77, 234, 71, 211, 32, 98]
[51, 33, 183, 123, 92, 66, 55, 135, 174, 136, 253, 132, 81, 127, 72, 246, 69, 193, 32, 90, 145, 187, 214]
[25, 16, 92, 63, 46, 32, 27, 69, 88]
[53, 38, 200, 138, 101, 71, 58, 152, 190, 153, 211, 148, 89, 141, 77, 204, 74]
[50, 33, 191, 127, 92, 66, 54, 142, 179, 143, 261, 137, 82, 130, 73, 254, 70, 200, 31, 90, 150, 195, 219]
[51, 33, 189, 129, 99, 69, 57, 141, 179, 142, 258, 138, 87, 132, 75, 251, 72, 197, 32, 97, 150, 192, 218]
[28, 17, 96, 64, 48, 35, 30, 70]
[28, 18, 69, 52, 38, 31, 74, 75]
[50, 34, 194, 129, 96, 67, 55, 141, 182, 142, 231, 138, 86, 133, 76, 224, 71, 203, 33, 94]
[27, 17, 97, 65, 48, 35, 29, 70, 92, 71, 136, 69]
