-0.8651740550994873
-0.7588977813720703
-1.0419052839279175
-0.726472795009613
-1.4200596809387207
-0.6328084468841553
-0.886787474155426
-0.7157064080238342
-1.0984355211257935
-0.5875909328460693
-0.8257562518119812
-0.8643481731414795
-0.9517753720283508
-0.6096934080123901
-1.2200226783752441
-0.7508314251899719
-0.8190123438835144
-0.7056921720504761
-0.9326633810997009
-1.365065336227417
-1.4597740173339844
-0.7136155366897583
-1.1267845630645752
-0.7850540280342102
-0.8243282437324524
-0.8488225936889648
-1.3767045736312866
-0.6173940300941467
-0.9317225813865662
-0.6765793561935425
-1.1049180030822754
-0.9808434844017029
-0.8849340677261353
-0.8323602080345154
-0.9480851888656616
-0.7254334688186646
-0.9693999290466309
-0.6932461261749268
-1.0521514415740967
-0.6871858239173889
-0.9412781000137329
-0.5412895083427429
-0.9896679520606995
-0.7590337991714478
-0.9976664185523987
-0.7400147318840027
-0.9177703857421875
-0.7030425667762756
-0.8853183388710022
-0.6768651008605957
-0.9413346648216248
-0.7311554551124573
-1.1523224115371704
-0.780072033405304
-1.1360468864440918
-0.6732117533683777
-0.8991835713386536
-0.6578594446182251
-1.1529655456542969
-0.5827344059944153
-1.002589225769043
-0.7647507786750793
-1.1896328926086426
-0.7492508292198181
-0.8038210868835449
-0.9026319980621338
-0.7683095932006836
-0.7551635503768921
-0.9870218634605408
-0.701539158821106
-0.8393409848213196
-0.6840705871582031
-0.7725167274475098
-0.7957720160484314
-0.8154255151748657
-0.7252058386802673
-1.2846466302871704
-0.7673943042755127
-0.8991343379020691
-0.9622285962104797
-1.0869255065917969
-0.6418206095695496
-0.9159299731254578
-0.984803318977356
-0.8223731517791748
-0.6377353668212891
-1.1765533685684204
-0.8452795743942261
-0.9351406097412109
-0.8065010905265808
-0.8096522688865662
-0.7470834851264954
-0.8154190182685852
-0.7141379117965698
-0.987541139125824
-0.911409854888916
-1.116987705230713
-0.7982974052429199
-1.1089048385620117
-0.8064101934432983
-0.9684053063392639
-1.0929685831069946
-0.9822711944580078
-0.9289911389350891
-1.204280972480774
-0.6979465484619141
-0.8431755900382996
-0.6522244215011597
-1.241137146949768
-0.6959373354911804
-0.7639145255088806
-0.7220684289932251
-0.9682449698448181
-0.5726380944252014
-1.6201257705688477
-0.6874483823776245
-1.01019287109375
-0.685241162776947
-1.0076051950454712
-0.5583456754684448
-0.8426458239555359
-0.9103689789772034
-1.096991777420044
-0.7281992435455322
-0.9438831806182861
-0.797463059425354
-0.753578782081604
-0.7029117345809937
-0.9501607418060303
-0.7914552092552185
-1.4355312585830688
-0.7815940380096436
-1.1457995176315308
-0.9112783670425415
-0.9589863419532776
-1.0107420682907104
-1.0433366298675537
-0.8437406420707703
-0.8871544599533081
-0.8442188501358032
-1.0139871835708618
-0.40558484196662903
-0.9299697875976562
-0.8239747881889343
-1.0028600692749023
-0.5568644404411316
-1.0026310682296753
-1.1634188890457153
-0.9741555452346802
-1.2432056665420532
-0.8992693424224854
-0.862920880317688
-0.9503545165061951
-0.830148458480835
-0.7489550113677979
-0.648119330406189
-0.8417128324508667
-0.5913097262382507
-1.0370279550552368
-0.6093475818634033
-0.9937769174575806
-0.6688801646232605
-0.89516681432724
-0.6543242931365967
-0.9291899800300598
-0.6421208381652832
-1.121804118156433
-0.828406572341919
-0.9234678745269775
-0.6639218926429749
-1.0981078147888184
-0.6847559809684753
-0.9781702756881714
-0.7320569753646851
-1.0745923519134521
-0.8622704148292542
-1.0636110305786133
-1.0280190706253052
-0.9988699555397034
-0.8709043264389038
-1.0960794687271118
-0.7821381688117981
-0.9805254340171814
-0.7580848336219788
-0.9149979948997498
-0.7814688086509705
-0.8775465488433838
-0.7093257904052734
-1.2818201780319214
-0.948245108127594
-0.7675735354423523
-0.6785417795181274
-0.8938809633255005
-0.5596151947975159
-0.7388609647750854
-0.7931315302848816
-1.0352897644042969
-0.9304201006889343
-1.1560959815979004
-0.8732253909111023
