-2.3151986598968506
-1.7730941772460938
-2.962169885635376
-1.8014156818389893
-2.3750123977661133
-1.6191192865371704
-2.053617477416992
-1.6134735345840454
-2.4207441806793213
-1.6089783906936646
-2.146843910217285
-1.6800389289855957
-2.4589977264404297
-1.6772466897964478
-2.807213068008423
-1.705984354019165
-2.2079386711120605
-1.559964656829834
-2.287468671798706
-2.1868627071380615
-2.5975341796875
-1.917142391204834
-2.34560489654541
-1.7840911149978638
-2.2072324752807617
-1.7173309326171875
-2.7197744846343994
-1.6104300022125244
-2.347709894180298
-1.6545135974884033
-2.5954833030700684
-1.8764171600341797
-2.53426194190979
-2.0070149898529053
-2.206505060195923
-1.7278196811676025
-2.4161956310272217
-1.6094802618026733
-2.286377191543579
-1.6681452989578247
-1.9561656713485718
-1.7193363904953003
-2.4627511501312256
-1.7108031511306763
-1.9127012491226196
-1.486049771308899
-2.3602421283721924
-1.486930251121521
-2.1329095363616943
-1.2664685249328613
-2.5466177463531494
-1.7383508682250977
-1.9842199087142944
-1.7853420972824097
-2.640547037124634
-1.5796949863433838
-1.739357352256775
-1.5026954412460327
-2.5479023456573486
-1.6689045429229736
-2.5961222648620605
-1.7403762340545654
-3.1672232151031494
-1.7268956899642944
-1.733950138092041
-1.8600226640701294
-1.7998110055923462
-1.513093113899231
-2.3662712574005127
-1.7201590538024902
-1.7809693813323975
-1.6600580215454102
-2.0723936557769775
-1.5136966705322266
-2.1456189155578613
-1.554080843925476
-3.18982195854187
-1.698960304260254
-2.433809280395508
-1.8401968479156494
-2.304136276245117
-1.3197691440582275
-2.724254608154297
-1.956966757774353
-2.2065818309783936
-1.6502307653427124
-3.485199213027954
-1.7820618152618408
-2.6609902381896973
-2.973930835723877
-2.0488088130950928
-1.6248899698257446
-1.8882431983947754
-1.5693804025650024
-2.128070116043091
-1.6664725542068481
-2.51869535446167
-1.762589454650879
-2.9452805519104004
-1.6133445501327515
-2.0591824054718018
-1.781633734703064
-2.551178216934204
-1.715498924255371
-2.6969289779663086
-1.9325041770935059
-2.494460344314575
-1.5560283660888672
-2.4759795665740967
-1.8314813375473022
-1.9456232786178589
-1.582227110862732
-2.502969741821289
-1.4777772426605225
-3.0355188846588135
-1.7716120481491089
-2.47532057762146
-1.9490212202072144
-2.639450788497925
-1.634126901626587
-2.0046873092651367
-1.759070634841919
-2.521730899810791
-1.5158560276031494
-1.8802608251571655
-1.9149680137634277
-2.195063352584839
-1.6352570056915283
-2.1877553462982178
-1.7696956396102905
-2.7439472675323486
-1.5492151975631714
-2.1215555667877197
-1.7330145835876465
-2.4872608184814453
-2.1857810020446777
-2.29185152053833
-1.9018114805221558
-2.6338984966278076
-1.6109482049942017
-2.157721757888794
-1.3580011129379272
-1.9537140130996704
-1.636466145515442
-2.8185300827026367
-1.618343472480774
-2.077186346054077
-2.3955397605895996
-2.1326186656951904
-2.828575849533081
-2.3426928520202637
-1.928325891494751
-2.183750629425049
-1.9220690727233887
-2.276732921600342
-1.4169038534164429
-2.199949264526367
-1.5463839769363403
-1.8932641744613647
-1.536550521850586
-2.3041129112243652
-1.8051269054412842
-1.7830501794815063
-1.64072847366333
-2.558331251144409
-1.6809189319610596
-2.5770680904388428
-1.87172269821167
-2.5697009563446045
-1.4664865732192993
-2.2963809967041016
-1.775383710861206
-2.633681535720825
-1.736415147781372
-2.533902168273926
-2.020512819290161
-2.853714942932129
-1.858707308769226
-2.5127458572387695
-1.6652790307998657
-2.023867130279541
-1.4985021352767944
-2.1134510040283203
-1.3683973550796509
-2.3479745388031006
-2.023261547088623
-2.282860517501831
-1.780929684638977
-2.7056946754455566
-1.8912432193756104
-2.1336746215820312
-1.6717920303344727
-2.1424646377563477
-1.6902592182159424
-1.9712580442428589
-1.9142459630966187
-2.823143720626831
-1.7507290840148926
-2.700711250305176
-1.8857368230819702
