[47, 32, 185, 126]
[28]
[26, 16]
[52, 36, 132, 97]
[26, 15, 94]
[29, 17]
[24, 15, 94]
[52, 33, 194, 133]
[26, 15]
[53, 33, 200, 133]
[107, 73, 262, 195, 141, 118]
[52, 35, 191, 131]
[27]
[26, 15]
[26, 16]
[54, 38, 131]
[53, 33, 133]
[29, 21]
[114, 77, 288, 214, 151, 127]
[51, 36, 186, 127]
[12]
[55, 37, 133]
[49, 33, 128]
[52, 36, 186, 128]
[54, 35, 132]
[51, 34, 193, 132, 99]
[13]
[51, 34, 195, 132]
[29, 18]
[56, 37, 199, 136, 103]
[53, 34, 130, 96]
[27]
[24, 15]
[26, 16]
[58, 41, 193, 133]
[24, 15]
[60, 42, 140]
[54, 35, 192, 131]
[28, 19]
[50, 34, 124]
[51, 33, 186, 125, 93, 67]
[48, 32, 205, 133]
[102, 67, 255, 192, 134, 111]
[50, 33, 129]
[57, 40, 134]
[31, 22]
[26, 17]
[29, 20]
[52, 36, 194, 133, 97]
[26, 17]
[61, 42, 135, 103]
[28]
[32]
[31]
[27, 18]
[30, 18]
[53, 36, 190, 128, 96]
[102, 68, 252, 190, 135, 112]
[27, 18]
[113, 76, 270, 204, 148, 122]
[31, 22]
[56, 39, 134]
[11]
[31, 19]
[52, 34, 133]
[27, 19]
[50, 34, 189, 126]
[12]
[61, 41, 142]
[52, 34, 191, 128, 96, 68]
[50, 34, 124]
[50, 32, 184, 125, 92]
[52, 36, 189, 130, 96]
[24, 15, 93]
[53, 36, 128, 96]
[26, 15]
[30]
[48, 32, 122]
[25, 16]
[26, 15]
[28, 16]
[27, 18]
[26, 16]
[14]
[26, 16, 97]
[97, 63, 253, 188, 133, 109, 275]
[31, 18]
[24, 15]
[26, 17]
[51, 34, 193, 125, 94]
[53, 36, 192, 129]
[25, 15]
[55, 37, 197, 134, 102]
[49, 33, 188, 127]
[51, 34, 185, 126]
[51, 35, 123, 93]
[28, 17]
[56, 38, 206, 137, 107, 76]
[28, 19]
[54, 37, 132]
[25, 17]
[13]
[50, 34, 188, 128]
[29, 18]
[26, 17]
[51, 34, 131]
[51, 34, 188, 129]
[56, 38, 194, 134]
[27, 17]
[26, 16]
[24, 16]
[26, 17]
[28, 18]
[29, 18]
[]
[54, 38, 131]
[51, 16, 97]
[30, 19]
[25, 17]
[51, 33, 194, 133, 94, 67]
[50, 35, 187, 128, 95]
[25, 17]
[27]
[26, 17, 97]
[57, 37, 136, 104]
[53, 36, 131]
[52, 37, 192, 128, 96]
[51, 34, 127, 95]
[27, 19]
[56, 34, 135]
[26, 17]
[48, 32, 123]
[30, 19]
[27, 16]
[29, 21]
[52, 36, 127]
[27, 15]
[26]
[50, 35, 127, 92]
[24, 15]
[51, 35, 198, 128, 97]
[120, 77, 312, 229, 160, 130, 341]
[27, 17]
[51, 34, 132, 97]
[27, 18]
[51, 34, 183, 124, 94]
[28]
[14]
[24, 16]
[56, 39, 220, 154]
[29, 19]
[99, 64, 252, 187, 134, 108]
[56, 38, 197, 138, 105]
[26, 18]
[53, 36, 191, 131, 98]
[52, 35, 182, 124]
[52, 36, 195, 134, 101]
[50, 33, 131, 96]
[48, 33, 179, 120]
[49, 32, 202, 132, 98]
[32, 21]
[54, 37, 196, 134, 100]
[52, 35, 196, 135]
[50, 34, 188, 128, 93]
[52, 36, 126]
[114, 72, 272, 207, 150, 124, 293]
[24, 15, 95]
[49, 34, 128]
[26, 17]
[28, 18]
[58, 37, 133]
[27, 16, 97]
[51, 35, 125]
[104, 70, 255, 190, 137, 114]
[29]
[30, 21]
[52, 32, 196, 129, 95]
[31, 19]
[25, 16]
[53, 36, 131, 98]
[53, 36, 198, 134]
[27, 18]
[52, 35, 131]
[25, 16]
[25, 17]
[24, 16]
[27, 19]
[56, 36, 133]
[27, 19]
[51, 32, 132]
[51, 33, 203, 136, 101]
[51, 33, 183, 123, 92]
[25, 16]
[53, 38, 200, 138]
[50, 33, 191, 127, 92]
[51, 33, 189, 129, 99]
[28, 17]
[28, 18]
[50, 34, 194, 129, 96]
[27, 17, 97]
