0.9599564160619464
0.7674784064292908
0.2699877405539155
0.9940349832177162
0.6608284013345838
0.6070819392800331
0.9113407254219055
0.9602109061347114
0.9934617131948471
0.7751787264520923
0.8720252215862274
0.9149610996246338
0.9924819469451904
0.9936547577381134
0.5952825276181102
0.8537749040073582
0.9925542573134104
0.993895873427391
0.6691695964237785
0.9407438859343529
0.7556055393069983
0.8008496227142002
0.5942909246465812
0.9908735454082489
0.7143350381936345
0.6573330514236457
0.6627381869281331
0.7110682729916233
0.4467696820385754
0.9326210856437683
0.798790014215878
0.9916880279779434
0.7451635161414742
0.948544192314148
0.5975404599060615
0.7241943990156869
0.5704229192009994
0.6734589850530028
0.8026709496974945
0.9698605196816581
0.8872889808553737
0.13702428340911865
0.8299410591522852
0.984474675995963
0.626304053196994
0.7963266571983695
0.9910626769065857
0.98286372423172
0.917601652443409
0.7459443121624645
0.7822952637992179
0.9868550151586533
0.4596969434933271
0.7488800634164363
0.8663238704204559
0.9855816006660462
0.9289244753973824
0.9366356784647162
0.909193550546964
0.5536495854945055
0.7518774727359414
0.7358019426465034
0.7234946886698405
0.7128762106100718
0.7147360593080521
0.8049174472689629
0.9516172323908124
0.8544190526008606
0.9599046451704842
0.8241683725267649
0.934776763121287
0.8687512858046426
0.9779333688996055
0.8290986242548873
0.880589017799745
0.8479641914367676
0.9173579216003418
0.9939898014068603
0.712190386839211
0.8176583349704742
0.9427511692047119
0.8012800883501768
0.7973044749349356
0.06397533571968476
0.8528089125951132
0.9929255187511444
0.9567556381225586
0.7616142258048058
0.5227704970166087
0.9588265689936551
0.7239798628808265
0.8287573957738156
0.8271366846230295
0.814198008605412
0.7981177291832864
0.7932384641841054
0.3283445369452238
0.9286445812745527
0.9905609041452408
0.6841426187061838
0.4773078111931682
0.9919967452685038
0.9630375305811564
0.8743122220039368
0.7743603564798832
0.6345750889075654
0.8857872544063462
0.7915554344654083
0.650095583498478
0.993581485748291
0.8107835233211518
0.9851555079221725
0.7286821083107498
0.9199352094105312
0.9945940375328064
0.7066133503269937
0.5735845770686865
0.8926655650138855
0.6901860353536904
0.8863412582625946
0.8694298859336413
0.539745870482875
0.5322187673300505
0.9846958418687185
0.7932702849308649
0.8950644234816233
0.8902030733413995
0.5277007518452592
0.9904432445764542
0.6059275983004935
0.848192173242569
0.7250631103912989
0.9032135009765625
0.9028350591659546
0.5971987899392843
0.86298366189003
0.9534390568733215
0.7537329383194447
0.988248598575592
0.727679368108511
0.862036698630878
0.6566533511892582
0.9941188246011734
0.8196955062448978
0.7257071562344208
0.9778764963150024
0.5831022945543131
0.1197781487814306
0.7878967672586441
0.9577075839042664
0.8850086212158204
0.6776776360347867
0.9540879487991333
0.641733492910862
0.7728238943964243
0.9186555785792214
0.8277473342087533
0.8288721405634922
0.9809625744819641
0.8532333309677514
0.34526636078953743
0.8052404655350579
0.7167927487330004
0.7818310586040348
0.9631604552268982
0.7552653913495734
0.8176958582674464
0.8855636477470398
0.6399283422506414
0.9925500452518463
0.8761091530323029
0.8053880572319031
0.8429109076948537
0.9374412298202515
0.962674081325531
0.7343503385782242
0.6724934193559668
0.8322526961565018
0.7330241582822055
0.9876838156155178
0.8685610890388489
0.5054815525654703
0.6874939203262329
0.9920899420976639
0.6002767986617983
0.312941818498075
0.7697587211926779
0.675846271837751
0.43217936707660554
0.8865000009536743
0.9726384331782659
0.9205902417500814
0.5352560123428702
0.735806703968491
0.8127623265609145
0.9454080939292908
0.697873173514381
0.9369088808695475
0.507658655103296
0.7017319768667221
