0.9923249227660043
0.9940265864133835
0.36241376399993896
0.9941644370555878
0.795020118355751
0.9918720841407775
0.9912934184074402
0.9035978068908056
0.9923869520425797
0.8843769258302119
0.953345462679863
0.9905904307961464
0.9934579282999039
0.9930880069732666
0.6041346251964569
0.994479605129787
0.9923536976178488
0.9943182319402695
0.7764088722931988
0.9935792237520218
0.7507178457453847
0.9925971371786935
0.9576613306999207
0.9882928530375162
0.9925752622740609
0.8848692565742466
0.6628931708013018
0.8862521300713221
0.6178394375368953
0.9931316256523133
0.9199756554194859
0.9917210638523102
0.9928880929946899
0.953445315361023
0.8982728438244926
0.9925455152988434
0.8649402239492961
0.9943080147107443
0.8004178568720818
0.9858644604682922
0.9048226492644366
0.13887052025113786
0.9921712941593595
0.9812836476734706
0.8118427842855453
0.9939740061759949
0.9938913941383362
0.9943598210811615
0.9388084262609482
0.9944063127040863
0.9017152736584345
0.9938100576400757
0.46156041976064444
0.994172528386116
0.9921587705612183
0.9940840244293213
0.9727486797741481
0.9934732480482622
0.9098086208105087
0.870497390627861
0.7528287181630731
0.9939551864351545
0.9922535220781962
0.9947693347930908
0.8403729879193835
0.7990696497261525
0.9203112508569445
0.981100857257843
0.9935050180980137
0.9818151235580445
0.9613036413987478
0.9940250449710422
0.9909314892508767
0.9940129915873209
0.8830614304170012
0.9929283261299133
0.9675580561161041
0.9942106962203979
0.9843255132436752
0.7595354840159416
0.9673845410346985
0.7987890783697367
0.9926358819007873
0.6747231967747211
0.9942919115225474
0.9939074516296387
0.9907099902629852
0.7616171613335609
0.9815688610076905
0.9936707615852356
0.8414534809333938
0.9940341711044312
0.9763162136077881
0.9287737778254918
0.953143972158432
0.7966736047528684
0.5082062836736441
0.968154555017298
0.9885838776826859
0.8530591166179095
0.796410272270441
0.9914455811182658
0.9891018470128378
0.9638523101806641
0.8592827320098877
0.9044121631554195
0.9939871099260118
0.9218626022338867
0.9657270431518554
0.9939005613327027
0.9931026697158813
0.9851969331502914
0.730150128249079
0.9930277977670942
0.99456387758255
0.8524662763146418
0.6469857543706894
0.9779112637042999
0.9209875464439392
0.9121777792461216
0.9930667579174042
0.7461120119405678
0.6699525776008765
0.9932825366655985
0.9870997567971548
0.9839529891808828
0.9888478100299836
0.9937986955046654
0.9920361042022705
0.8288306739802161
0.8088645607233047
0.9935199419657389
0.98850516974926
0.8791316330432892
0.794089980982244
0.99349365234375
0.9884589314460754
0.9921875298023224
0.9837835550308227
0.9906609654426575
0.9799685563359942
0.8877733697493871
0.994621142745018
0.9931845515966415
0.9562588781118393
0.9932592034339904
0.6718941976626714
0.6621856893859027
0.7942758277058601
0.9935243204236031
0.8850490093231201
0.9537543952465057
0.9857150137424469
0.812439139187336
0.9851029846403334
0.9942080804279873
0.9619489908218384
0.9939881392887661
0.9863901308604649
0.9932517030022361
0.686786616841952
0.9781608581542969
0.9892082431099631
0.9939446647961935
0.8272456863584617
0.988720623885884
0.8260095240548253
0.9941438794136047
0.7451199907809496
0.9939429312944412
0.849885826309522
0.9858006834983826
0.9840639999934605
0.9941226045290629
0.9525904258092245
0.7167047083377838
0.9134920686483383
0.9928054213523865
0.74459033558378
0.9929920775549752
0.9152010716497898
0.9943695962429047
0.9878317912419637
0.99281045794487
0.6002295621670782
0.9936999827623367
0.9265579084555308
0.9942776163419088
0.6135486174374819
0.9903402626514435
0.9603135834137598
0.9874412616093954
0.9921014904975891
0.9943748116493225
0.9942333474755287
0.948282104730606
0.9653778374195099
0.9770456751187643
0.7040637013502419
0.8601275086402893
