0.4801114983856678
0.3232789224712178
0.3112623183988035
0.7229637634009123
0.8896569162607193
0.28489523474127054
0.7778367519378662
0.7778567082455589
0.5027565233176574
0.3989869985315535
0.7095888573676348
0.48840099410153925
0.5072236600099131
0.502801263704896
0.5958196457475424
0.41271444506544086
0.5184869675722439
0.4856373406946659
0.5471043645580614
0.5057822244125418
0.7512080995365977
0.45159586359347614
0.4982232382026268
0.6577282392730316
0.5230487120736923
0.4953600183620842
0.129656667355448
0.27338429550743765
0.20743458569049836
0.8044667519629002
0.4135564207099378
0.9677912294864655
0.4590398110449314
0.4534657221287489
0.4154703106938137
0.5782682006683899
0.5349385152970042
0.5008542318052301
0.4341816071420908
0.6923052742079433
0.797146540164249
0.4127003243629588
0.5762320825209221
0.844923350427832
0.7293219069639841
0.2724003057926893
0.6164438106119633
0.24752782506402582
0.6691269758157432
0.5659398915595375
0.3496589062269777
0.09982216954231263
0.07694880024064332
0.7446165746077895
0.7840852115303278
0.5603408336639404
0.6672069852107337
0.7330131812486798
0.748182604710261
0.4434505517128855
0.8406162708997726
0.2345234918674188
0.33902467290560406
0.6620867541059852
0.48145322905232507
0.5237836468964815
0.7166711847696986
0.5872068330645561
0.4061970114707947
0.5317262390162796
0.4934077672660351
0.7918604003886381
0.617691602229818
0.5851132740887502
0.4898352005596583
0.6238898374140263
0.10873109591193497
0.9721294522285462
0.5308259576559067
0.28735700852121226
0.026094283256679774
0.39078993648290633
0.25673773847520354
0.15909581910818815
0.7813576112190882
0.9047922313213348
0.49959178012795746
0.7324581653811038
0.01664359692367725
0.8221328603950414
0.4820365263149142
0.7991421859090527
0.6741716673132032
0.6678598693438939
0.894205442070961
0.6073863133788109
0.017107295352616347
0.7475774369456551
0.385341806395445
0.42081743345728945
0.16057536833977792
0.6649778683980306
0.9105600019296011
0.5620264736004174
0.4557428755797446
0.26198460002030644
0.5100157736904092
0.5725011627267426
0.6941824674606323
0.5552495903801173
0.5379330934491009
0.8082386255264282
0.3679651767015457
0.7254162235185504
0.9790399074554443
0.40056531809802565
0.3735310857494672
0.32277835346758366
0.5030609354143962
0.5770283945603296
0.49776376621593954
0.4336888591060415
0.3421165412097859
0.661844256692954
0.3210141077967516
0.6899180884162585
0.5811666053719818
0.07978710776660591
0.6030732057988644
0.43892462462342036
0.17199812028557063
0.545141619630158
0.7528329212218523
0.69719253256917
0.6448460893705488
0.6580734090413898
0.25912640837486833
0.06871192390099168
0.7845639828592539
0.08593794219195842
0.6921494869249207
0.3026236585962276
0.777301948517561
0.6275116614997387
0.49473069822852267
0.9518529772758484
0.6671029056111971
0.04500711629710471
0.5378207685425878
0.7006082138395868
0.550532284291694
0.6942189145289982
0.7255376860499382
0.26485698521137235
0.5564105068333447
0.7376137716429574
0.5032983562753847
0.6271336236968637
0.9171453246048519
0.4575492130931128
0.26151811331510544
0.40909800991519457
0.6185024694370275
0.33282454749375273
0.667272774502635
0.5177786733667531
0.21130420201613256
0.6830165456980467
0.500477778899949
0.9804110378026962
0.6612259497245153
0.23314237371087074
0.8808207128729139
0.6287622474289188
0.4165514487152298
0.6545339524745941
0.43792390797964553
0.2635911477264017
0.6293527313973755
0.41915696965796606
0.5597648162547557
0.27263040095567703
0.7755893830520412
0.38358468003571033
0.25983687237021513
0.056986047653481364
0.39230174850672483
0.47839593739869696
0.46982972929254174
0.5667467929888517
0.6215665906202048
0.5410569378097231
0.7394794407300651
0.6008270606657283
0.6582267414778471
0.6382158430293202
0.46974307345226407
0.943312923113505
0.49304597270675005
0.317899818578735
