-1.2980433702468872
-1.434579849243164
-1.8712857961654663
-1.6007357835769653
-1.6833549737930298
-1.307357668876648
-1.4809820652008057
-1.4499019384384155
-1.5435991287231445
-1.3750216960906982
-1.3127816915512085
-1.5863189697265625
-1.3958107233047485
-1.2169586420059204
-1.6503920555114746
-1.395473837852478
-1.4136625528335571
-1.207223892211914
-1.3785781860351562
-1.361645221710205
-1.5447406768798828
-1.692714810371399
-1.7358218431472778
-1.2932636737823486
-1.5833797454833984
-1.5110385417938232
-1.9354701042175293
-1.2651351690292358
-1.6335326433181763
-1.528570294380188
-1.854661464691162
-1.3902794122695923
-1.3787691593170166
-1.8554035425186157
-1.73891019821167
-1.4881030321121216
-1.5377426147460938
-1.3298851251602173
-1.5368183851242065
-1.3014380931854248
-1.434692621231079
-1.3056193590164185
-1.6711140871047974
-1.5797580480575562
-1.4618569612503052
-1.2541477680206299
-1.5772068500518799
-1.2104089260101318
-1.42637300491333
-1.2848210334777832
-1.2449003458023071
-1.3641515970230103
-1.4595937728881836
-1.6689881086349487
-1.9335612058639526
-1.3754733800888062
-1.3905446529388428
-1.23544180393219
-1.9498200416564941
-1.2912499904632568
-1.5320160388946533
-1.4324476718902588
-1.7381718158721924
-1.2424756288528442
-1.2045981884002686
-1.5697680711746216
-1.1361080408096313
-1.3086316585540771
-1.5465506315231323
-1.3349075317382812
-1.3388688564300537
-1.3825982809066772
-1.3181674480438232
-1.6287943124771118
-1.4112203121185303
-1.43974769115448
-2.117774248123169
-1.2983824014663696
-1.5809587240219116
-1.8462575674057007
-1.630538821220398
-1.160222053527832
-1.5965979099273682
-1.6256684064865112
-1.406419038772583
-1.3024122714996338
-1.559772253036499
-1.4476330280303955
-1.8997232913970947
-1.3674871921539307
-1.461804747581482
-1.3488999605178833
-1.2044596672058105
-1.323632836341858
-1.6450598239898682
-1.3618578910827637
-2.2316479682922363
-1.5350863933563232
-1.7244539260864258
-1.4396241903305054
-1.6670312881469727
-1.7516601085662842
-1.4773775339126587
-1.621337652206421
-1.6157454252243042
-1.7758736610412598
-1.365681529045105
-1.2152273654937744
-1.793872594833374
-1.4076391458511353
-1.5066487789154053
-1.361999750137329
-1.6647001504898071
-1.0261764526367188
-2.5665228366851807
-1.325884461402893
-1.444236397743225
-1.3907684087753296
-1.6298426389694214
-1.2838976383209229
-1.3913196325302124
-1.6982780694961548
-1.8141409158706665
-1.4640192985534668
-1.5647246837615967
-1.54194974899292
-2.09043550491333
-1.4817739725112915
-1.64714515209198
-1.5697184801101685
-1.9370182752609253
-1.8079205751419067
-1.5157514810562134
-1.2270814180374146
-1.3625136613845825
-1.274778127670288
-1.540561556816101
-1.5838003158569336
-1.6410876512527466
-1.766957402229309
-1.6278938055038452
-1.0886907577514648
-1.4105193614959717
-1.5169836282730103
-1.723778247833252
-1.1043870449066162
-1.5133949518203735
-1.5596821308135986
-1.8661179542541504
-1.449119210243225
-1.375247597694397
-1.5773767232894897
-1.4135138988494873
-1.9487354755401611
-1.4211612939834595
-1.3127073049545288
-1.2927937507629395
-1.2330933809280396
-1.6013216972351074
-1.5442513227462769
-1.4950553178787231
-1.299230933189392
-1.5818997621536255
-1.459257960319519
-1.430908441543579
-1.4365227222442627
-1.7355619668960571
-1.728203296661377
-1.3556485176086426
-1.0360066890716553
-1.607117772102356
-1.798200249671936
-1.294304370880127
-1.4686942100524902
-1.6754364967346191
-1.3996206521987915
-1.5918593406677246
-1.682491421699524
-1.3884025812149048
-1.4675542116165161
-1.7814594507217407
-1.4563331604003906
-1.4207961559295654
-1.3944226503372192
-1.4151033163070679
-1.7233043909072876
-1.3956174850463867
-1.4206562042236328
-1.8099077939987183
-1.8257532119750977
-1.3706676959991455
-1.2956218719482422
-1.3133920431137085
-1.2725958824157715
-1.2621731758117676
-1.3428441286087036
-1.54811429977417
-1.4899204969406128
-1.581614375114441
-1.4635463953018188
