0.9832774996757507
0.9995177984237671
0.9334573745727539
0.9992045164108276
0.9864957332611084
0.9987974762916565
0.9797784090042114
0.9984342455863953
0.9958098530769348
0.9996300339698792
0.9869197607040405
0.9993754625320435
0.9388390183448792
0.9989652037620544
0.9795346856117249
0.9997493028640747
0.9947671294212341
0.999753475189209
0.9898730516433716
0.9988218545913696
0.9812597036361694
0.9938409328460693
0.9833050966262817
0.9987804293632507
0.9955987930297852
0.9716119170188904
0.9865040183067322
0.9995406270027161
0.9804929494857788
0.9992631077766418
0.9852102994918823
0.9990964531898499
0.9841930270195007
0.9949037432670593
0.9962769150733948
0.9990641474723816
0.9932218790054321
0.9991584420204163
0.9829612374305725
0.9990844130516052
0.9921731948852539
0.9962195158004761
0.9920464754104614
0.9979959726333618
0.9639554619789124
0.9990432858467102
0.9879105091094971
0.9989832043647766
0.9945628046989441
0.9998956322669983
0.9900148510932922
0.9999997019767761
0.9909796118736267
0.9999117851257324
0.9486624002456665
0.9914311766624451
0.9915482401847839
0.9995962977409363
0.9012738466262817
0.9982104897499084
0.992458164691925
0.9993276596069336
0.9875770211219788
0.9992987513542175
0.9871095418930054
0.9911236763000488
0.9952747225761414
0.9930846095085144
0.9739988446235657
0.9987318515777588
0.9962409734725952
0.9989179372787476
0.9968254566192627
0.9981105327606201
0.9954039454460144
0.9999372959136963
0.9145472049713135
0.9993377923965454
0.9936525225639343
0.9902663230895996
0.9824123382568359
0.9978318810462952
0.991716742515564
0.9893921613693237
0.9964311122894287
0.9983133673667908
0.858156681060791
0.9914746880531311
0.9475002884864807
0.9994493722915649
0.992897629737854
0.9997304081916809
0.9970744252204895
0.9875254034996033
0.9578712582588196
0.9972879886627197
0.9803096652030945
0.9994169473648071
0.9755192399024963
0.9995694756507874
0.9777420163154602
1.0
0.9888069033622742
0.9991857409477234
0.9941899180412292
0.9988008141517639
0.9909865260124207
0.9990304112434387
0.9935560822486877
0.986994743347168
0.9966389536857605
0.9981873631477356
0.9146971702575684
0.9997750520706177
0.9974597692489624
0.9966995120048523
0.9821306467056274
0.9996446967124939
0.9949202537536621
0.9976687431335449
0.9920008778572083
0.997835099697113
0.9761478304862976
0.9992084503173828
0.9961569309234619
0.9984360933303833
0.9939457774162292
0.9991133809089661
0.9811856150627136
0.995833158493042
0.8261806964874268
0.9991660118103027
0.9979950785636902
0.9974496364593506
0.9886131882667542
0.9982668161392212
0.984345555305481
0.9988001585006714
0.9068145155906677
0.9996587634086609
0.9937905073165894
0.9944667220115662
0.9869057536125183
0.9997156858444214
0.964966356754303
0.9987835884094238
0.962147057056427
0.9935383796691895
0.9849354028701782
0.9982855916023254
0.9480643272399902
0.9864464402198792
0.9957466721534729
0.982199490070343
0.9923538565635681
0.9997082352638245
0.9915746450424194
0.9970548152923584
0.9900990724563599
0.9982796907424927
0.9420250058174133
0.9994565844535828
0.9931573271751404
0.9996513724327087
0.9825305342674255
0.9987667202949524
0.9890887141227722
0.999180793762207
0.9877498149871826
0.9998072981834412
0.9063879251480103
0.9996432662010193
0.9832457304000854
0.9993590712547302
0.9883184432983398
0.9966066479682922
0.9771013855934143
0.9995691180229187
0.9951598048210144
0.9993690252304077
0.9834712147712708
0.9996877908706665
0.9810136556625366
0.9967032074928284
0.9850322604179382
0.9997196197509766
0.9907854795455933
0.9969998598098755
0.9855484962463379
0.9981950521469116
0.9920963048934937
0.9906494617462158
0.9839210510253906
0.997788667678833
0.9968847632408142
0.9996654987335205
0.9598773717880249
0.9916484355926514
0.9775411486625671
0.9936326146125793
