0.9604765857969012
0.9939985871315002
0.39011964201927185
0.9940541014075279
0.656703001819551
0.9918307423591614
0.9910352945327758
0.9678678976164924
0.9932991862297058
0.8847107109096315
0.8719969888528188
0.9138446375727654
0.9920900166034698
0.9928086847066879
0.5785208381712437
0.9895604252815247
0.9935044546922048
0.9940666556358337
0.7246223485425991
0.9908861443400383
0.7555304672569036
0.9650996497699192
0.6452802941203117
0.9907745718955994
0.8585073756320136
0.660884090906216
0.664192719074587
0.7738378294614248
0.6049392428249121
0.9369695067405701
0.7920810867633138
0.991666704416275
0.9935677200555801
0.9514021396636962
0.7049068115237687
0.9924548715353012
0.7188803573538151
0.9654207428296407
0.8007305547595024
0.968738181250436
0.9059778190179107
0.13775548764637538
0.9175310134887695
0.9843661699976239
0.6481060663160557
0.7968942556530237
0.993469750881195
0.9943194687366486
0.933911569416523
0.7459207056963351
0.944358249505361
0.9913491606712341
0.46369997039437294
0.9941174387931824
0.988738191127777
0.9779771447181702
0.9753465141568866
0.9931471564553
0.9094115247329077
0.8051142724496978
0.7529011527076364
0.8738609339509692
0.7247448166211446
0.7129085759321848
0.8561037066910002
0.799125749617815
0.9898221748215812
0.9799976050853729
0.9887960297720773
0.9843101263046264
0.9688915908336639
0.842695742017693
0.9902611591599204
0.9940752883752187
0.8801975596903099
0.9929722666740417
0.9156914800405502
0.9942013144493103
0.937568262219429
0.7594859078526497
0.9494606733322144
0.7987695280462503
0.9918452858924866
0.34582487400621176
0.8582890381415685
0.9932515561580658
0.9781394898891449
0.7615659758448601
0.7734390882775187
0.9703152559020303
0.7781482775296483
0.8286145045033967
0.9771087500784132
0.7892971741301673
0.7899145088158548
0.7966373055242002
0.5170580968260765
0.9499060945077376
0.9903465062379837
0.8529924956549492
0.6023083796724678
0.9917458295822144
0.959855854511261
0.9632715225219727
0.9216456174850464
0.7657279358910662
0.9908214807510376
0.9204399784406027
0.9657650947570801
0.9939215302467346
0.7991777081042528
0.98512202501297
0.7300782152451575
0.9515442763056073
0.994522213935852
0.71117687557957
0.658535877863566
0.9783125519752502
0.671790148713626
0.912727024871856
0.8694313817832153
0.7461059024644783
0.6278720274567604
0.9918318589528402
0.7995724429686865
0.895822674036026
0.8907251265831292
0.7555831824429333
0.9904563128948212
0.6060732906270359
0.8469359517097473
0.7188526143630346
0.9834980815649033
0.8791438996791839
0.5983103014528751
0.9935788512229919
0.988495334982872
0.7530374769121408
0.9721457481384277
0.8020430199801922
0.8703927610601697
0.8540497379920756
0.9946038126945496
0.7618952132761478
0.7237784840399399
0.9931779384613038
0.5717680950959524
0.34017579004284926
0.7959972135722637
0.9488361924886703
0.8849705219268799
0.8650234440962473
0.9553699433803559
0.6308845490217209
0.8877157337135739
0.9941495742116656
0.854998922182454
0.8288382134799447
0.9873154333659581
0.8726131460544738
0.4061521788438161
0.7960583799415164
0.9896439639004794
0.8835044775494478
0.8280427024389306
0.9284238575423575
0.8270782154674331
0.9069886803627014
0.6408020487288013
0.9924131631851196
0.9001905620098114
0.985789668560028
0.984897894518716
0.9389203588167826
0.9627588391304016
0.7126936376094818
0.8390967331149362
0.9927861839532852
0.7450870356988162
0.9928706969533648
0.9461813494563103
0.9943239241838455
0.6876929588615894
0.9926569759845734
0.5998856890015304
0.7760173045098782
0.9357120990753174
0.9943138957023621
0.5881856772117317
0.9903778433799744
0.9709855963786443
0.9894984033372667
0.5375802097842097
0.9943671027819315
0.8929224777966738
0.9477883398532867
0.9438821524381638
0.9771011273066202
0.6050898004323244
0.8600642323493958
