-2.857844591140747
-2.7548160552978516
-3.8215413093566895
-2.8325226306915283
-3.3356666564941406
-2.6425061225891113
-2.8699612617492676
-2.484786033630371
-3.0441417694091797
-2.529608726501465
-2.8709168434143066
-2.7550439834594727
-2.981628179550171
-2.728527545928955
-3.708061933517456
-2.844430923461914
-3.02883243560791
-2.411527633666992
-3.0766825675964355
-2.95039701461792
-3.5323939323425293
-2.9110987186431885
-2.9000244140625
-2.497149705886841
-2.745638370513916
-2.591776132583618
-3.606492519378662
-2.607642412185669
-3.1798887252807617
-2.481372833251953
-3.367964029312134
-2.7740702629089355
-3.4016997814178467
-2.8435304164886475
-2.968437671661377
-2.920199394226074
-3.029381275177002
-2.5369222164154053
-2.9755327701568604
-2.562551975250244
-2.544235944747925
-2.5133378505706787
-3.0621328353881836
-2.527803897857666
-2.486372709274292
-2.371783494949341
-3.28893780708313
-2.7824618816375732
-2.907024383544922
-2.1226394176483154
-2.993304491043091
-2.66369891166687
-2.7710719108581543
-2.460812568664551
-3.303143262863159
-2.4999539852142334
-2.43880295753479
-2.387408971786499
-3.4025380611419678
-2.6268019676208496
-3.257087469100952
-2.5979576110839844
-3.291898012161255
-2.79423189163208
-2.4820125102996826
-2.7030911445617676
-2.4103214740753174
-2.532663106918335
-2.9729132652282715
-2.710907459259033
-2.3674890995025635
-2.683595657348633
-2.765338182449341
-2.280684232711792
-2.9534196853637695
-2.5485785007476807
-3.6957101821899414
-2.7129218578338623
-3.5088629722595215
-2.468398094177246
-3.034271717071533
-2.20306134223938
-3.4770071506500244
-2.6803841590881348
-3.1520235538482666
-2.4322938919067383
-3.9597413539886475
-2.9595553874969482
-3.522019386291504
-3.776792287826538
-2.8923447132110596
-2.4715640544891357
-2.547758102416992
-2.4341766834259033
-3.345900535583496
-2.5775318145751953
-3.410972833633423
-2.6855623722076416
-3.7244229316711426
-2.421373128890991
-3.100961685180664
-2.313289165496826
-3.502110719680786
-2.4366743564605713
-3.289717674255371
-2.877167224884033
-3.094542980194092
-2.415275812149048
-3.292778491973877
-2.83192777633667
-2.7307615280151367
-2.7680063247680664
-3.339693069458008
-2.169039487838745
-3.4027488231658936
-2.8419432640075684
-3.1602113246917725
-2.8361318111419678
-3.3917837142944336
-2.545346736907959
-2.6200013160705566
-2.6776583194732666
-3.3658926486968994
-2.351975679397583
-2.6292598247528076
-2.857680559158325
-2.9545071125030518
-2.5134775638580322
-2.9787492752075195
-2.6761555671691895
-3.829847574234009
-2.8546979427337646
-2.7671546936035156
-2.5753977298736572
-2.9245784282684326
-2.8969979286193848
-2.942979335784912
-3.0934982299804688
-3.4180333614349365
-2.742107391357422
-2.6732735633850098
-2.261892080307007
-2.6888184547424316
-2.562946319580078
-3.6117172241210938
-2.4999020099639893
-2.54909086227417
-3.2545883655548096
-3.2058792114257812
-3.4847893714904785
-3.210110664367676
-3.0489399433135986
-2.7752184867858887
-2.995211601257324
-3.2312142848968506
-2.3325324058532715
-2.9879541397094727
-2.5688600540161133
-2.464217185974121
-2.391183853149414
-2.7692008018493652
-2.5347156524658203
-2.540565013885498
-2.466052532196045
-3.7292544841766357
-2.668456792831421
-3.428429126739502
-2.9757919311523438
-3.002639055252075
-2.2792391777038574
-3.028644323348999
-3.0297417640686035
-3.35501766204834
-2.7015678882598877
-2.7827188968658447
-2.7461764812469482
-3.121216058731079
-2.8007760047912598
-2.813443183898926
-2.9152629375457764
-2.6244776248931885
-2.3346545696258545
-2.8152730464935303
-2.4867827892303467
-3.0806946754455566
-3.3091373443603516
-3.103506565093994
-2.671229124069214
-3.183077096939087
-2.792947292327881
-2.699702739715576
-2.5975518226623535
-2.8907392024993896
-2.5551133155822754
-2.60384202003479
-2.8033547401428223
-3.3761403560638428
-2.6845927238464355
-3.2957427501678467
-2.853271484375
