[47, 32, 185, 126, 90, 64, 52, 137, 176, 138, 207, 134, 80, 129, 70, 200, 67, 31, 88, 146, 45, 63, 44, 184, 53, 99, 161, 142, 181, 197, 58, 81, 192, 1, 92, 114, 59, 170, 150, 93, 160, 147, 72, 179, 82, 154, 30, 77, 195, 141, 38, 198, 42, 49, 55, 122, 34, 115, 144, 158, 26, 177, 69, 71, 119, 183, 110, 167, 117, 116, 89, 163, 182, 11, 65, 18]
[28, 17, 68, 51, 38, 31, 73, 75, 85, 80, 23, 37, 67, 18, 12, 69, 53, 7, 25, 41, 52, 59, 11, 83, 10, 61, 82, 77]
[26, 16, 104, 71, 50, 35, 28, 76, 97, 78, 154, 75, 43, 72, 39, 143, 38, 111, 150, 48, 81, 106, 25, 145, 22, 117, 129, 55, 88, 79, 114, 138, 30, 45, 130, 0, 52, 62, 31, 96, 83, 53, 126, 82, 40, 87]
[52, 36, 132, 97, 69, 56, 145, 146, 189, 141, 85, 135, 75, 183, 72, 35, 95, 153, 50, 68, 49, 167, 58, 108, 149, 164, 180, 63, 87, 175, 2, 100, 119, 64, 170, 101, 77, 162, 88, 78, 15, 42, 184, 81, 136, 173, 19, 71, 154, 117, 91, 134, 22, 26, 29, 93, 176, 151, 159, 17, 60, 73, 143, 83, 13, 105]
[26, 15, 94, 64, 47, 35, 28, 71, 90, 72, 139, 69, 42, 65, 38, 132, 37, 99, 137, 46, 75, 96, 108, 111, 25, 133, 24, 114, 122, 105, 51, 83, 73, 115, 116, 129, 30, 43, 123, 0, 48, 56, 31, 136, 77, 49, 85, 107, 76, 39]
[29, 17, 104, 68, 51, 36, 31, 73, 99, 74, 120, 72, 46, 69, 39, 113, 38, 118, 50, 78, 28, 114, 27, 95, 103, 56, 75, 92, 110, 33, 47, 117, 0, 53, 61, 34, 59, 89, 86]
[24, 15, 94, 61, 45, 32, 26, 66, 90, 67, 138, 65, 39, 62, 35, 131, 34, 98, 136, 44, 72, 96, 107, 110, 23, 132, 22, 111, 122, 104, 49, 81, 69, 108, 115, 128, 28, 40, 123, 0, 46, 54, 30, 95, 75, 47, 85, 105, 74, 36]
[52, 33, 194, 133, 99, 69, 57, 145, 183, 146, 210, 142, 87, 136, 78, 203, 72, 32, 97, 153, 49, 68, 48, 188, 58, 108, 169, 149, 201, 200, 63, 88, 195, 1, 101, 120, 64, 171, 158, 103, 154, 80, 165, 89, 31, 84, 198, 148, 39, 178, 46, 55, 59, 130, 35, 121, 160, 27, 135, 105, 147, 197, 150, 79, 126, 186, 117, 181, 123, 122, 98, 164, 184, 11]
[26, 15, 91, 62, 46, 33, 28, 68, 86, 69, 106, 66, 40, 63, 36, 99, 35, 104, 45, 72, 25, 100, 24, 83, 89, 50, 70, 80, 96, 30, 41, 103, 0, 47, 56, 31, 54, 79, 77]
[53, 33, 200, 133, 97, 69, 58, 148, 191, 149, 214, 145, 84, 137, 75, 207, 72, 32, 95, 157, 50, 68, 49, 205, 59, 109, 173, 152, 186, 204, 63, 86, 198, 1, 99, 122, 64, 171, 161, 100, 158, 78, 164, 87, 31, 81, 201, 151, 41, 180, 47, 56, 60, 130, 35, 183, 73, 208, 82, 12, 136, 104, 27, 211, 150, 77, 127, 188, 120, 169, 125, 124]
[107, 73, 262, 195, 141, 118, 284, 287, 109, 279, 174, 267, 157, 117, 150, 70, 190, 104, 139, 48, 294, 58, 213, 301, 170, 295, 302, 234, 197, 260, 253, 219, 242, 147, 62, 208, 89, 79, 1, 101, 120, 64, 224, 211, 266, 159, 103, 299, 169, 155, 81, 239, 276, 176, 206, 90, 163, 33, 84, 305, 167, 149, 42, 273, 200, 230, 184, 235, 46, 55, 59, 189, 237, 128, 37, 121, 152, 243, 257, 29, 205, 281, 173, 78, 158, 100, 192, 161, 291, 25, 145, 252, 222, 43, 271, 23, 74, 229, 27, 263, 105, 233, 280, 296, 171, 215, 256, 268, 38]
[52, 35, 191, 131, 98, 72, 56, 145, 182, 146, 196, 142, 87, 135, 78, 189, 75, 34, 96, 153, 50, 71, 49, 173, 57, 107, 168, 149, 170, 186, 61, 88, 181, 1, 101, 119, 62, 158, 102, 154, 80, 175, 89, 33, 83, 184, 41, 74, 159, 117, 92, 144, 24, 28, 30, 95, 188, 156, 164, 17, 58, 76, 190, 85, 13, 104, 29, 183, 37]
[27, 19, 67, 50, 36, 29, 73, 74, 84, 72, 22, 35, 66, 20, 12, 69, 53, 7, 24, 40, 51, 57, 60, 11, 82, 10, 61, 68, 75]
[26, 15, 99, 66, 50, 33, 28, 72, 95, 74, 132, 70, 42, 67, 36, 125, 35, 104, 130, 48, 80, 102, 25, 126, 24, 110, 113, 54, 87, 75, 101, 121, 30, 44, 114, 0, 51, 59, 31, 88, 82, 52, 81, 38]
[26, 16, 93, 63, 47, 33, 28, 68, 88, 70, 104, 67, 41, 64, 36, 97, 35, 102, 45, 73, 25, 98, 24, 80, 86, 51, 71, 77, 94, 30, 42, 95, 0, 79, 74, 15, 55, 76]
[54, 38, 131, 100, 74, 58, 143, 144, 161, 140, 89, 134, 80, 155, 77, 37, 49, 79, 101, 112, 116, 28, 127, 119, 145, 27, 136, 31, 109, 152, 87, 146, 132, 137, 142, 111, 122, 76, 33, 106, 46, 40, 0, 51, 59, 34, 108, 113, 81, 52, 150, 129, 148, 42, 104, 90, 118]
[53, 33, 133, 102, 71, 60, 145, 146, 166, 142, 91, 136, 80, 160, 75, 32, 99, 50, 128, 143, 140, 121, 149, 21, 155, 27, 111, 157, 89, 150, 139, 159, 103, 129, 114, 124, 74, 29, 108, 41, 36, 0, 48, 61, 30, 116, 110, 119, 81, 147, 154, 135, 152, 37, 127, 92, 123, 83]
[29, 21, 100, 70, 50, 37, 31, 75, 95, 77, 118, 74, 44, 71, 40, 110, 39, 115, 49, 80, 28, 111, 27, 94, 101, 54, 88, 78, 91, 107, 33, 46, 102, 0, 51, 64, 35, 79, 41, 108]
[114, 77, 288, 214, 151, 127, 311, 313, 57, 319, 94, 145, 284, 86, 63, 81, 289, 221, 38, 103, 167, 216, 244, 253, 53, 278, 259, 75, 52, 295, 64, 237, 115, 182, 159, 291, 296, 217, 280, 242, 269, 156, 70, 231, 95, 310, 1, 107, 129, 71, 247, 234, 270, 171, 108, 186, 181, 168, 88, 256, 188, 229, 97, 176, 37, 91, 314, 180, 158, 46, 297, 219, 200, 50, 60, 66, 207, 240, 137, 41, 130, 162, 245, 258, 32, 317, 185, 85, 170, 106, 210, 174, 148, 25, 155, 281, 226, 47, 301, 23, 79, 27, 320, 112, 235]
[51, 36, 186, 127, 95, 68, 55, 139, 176, 140, 203, 136, 84, 130, 75, 196, 72, 35, 93, 148, 49, 67, 48, 181, 56, 104, 163, 143, 177, 193, 62, 85, 188, 1, 98, 115, 63, 166, 152, 99, 149, 78, 159, 87, 156, 34, 81, 191, 142, 42, 172, 46, 53, 58, 124, 38, 116, 153, 30, 129, 101, 141, 190, 144, 77, 121, 180, 113, 164, 119, 118, 94, 158, 179]
[12, 8, 46, 30, 23, 17, 13, 34, 44, 62, 70, 33, 20, 32, 18, 63, 54, 48, 68, 22, 36, 58, 64, 11, 61]
[55, 37, 133, 99, 72, 59, 145, 146, 177, 142, 87, 137, 79, 171, 76, 36, 97, 155, 53, 71, 52, 156, 61, 108, 149, 152, 169, 32, 106, 44, 39, 0, 158, 148, 33, 113, 150, 140, 80, 157, 166, 85, 163, 40, 122, 129, 89, 104, 144, 82, 14, 42, 172, 84, 161, 19, 75, 101, 93, 24, 28]
[49, 33, 128, 93, 67, 54, 143, 144, 173, 139, 82, 132, 73, 167, 70, 32, 91, 151, 47, 65, 46, 153, 55, 103, 147, 150, 165, 59, 101, 40, 35, 0, 152, 148, 30, 108, 149, 137, 74, 154, 162, 80, 160, 36, 117, 125, 83, 99, 166, 76, 15, 38, 168, 78, 158, 19, 69, 95, 87, 21, 25, 27]
[52, 36, 186, 128, 94, 68, 56, 140, 177, 141, 195, 137, 84, 131, 74, 188, 71, 35, 92, 149, 50, 67, 49, 173, 57, 104, 163, 144, 169, 185, 62, 85, 180, 1, 97, 117, 63, 158, 153, 98, 150, 77, 152, 86, 34, 81, 183, 143, 43, 164, 47, 26, 30, 91, 159, 156, 167, 17, 58, 72, 189, 82, 13, 100, 28, 182, 38, 75, 122, 171, 115]
[54, 35, 132, 100, 73, 60, 144, 145, 156, 141, 42, 69, 130, 38, 27, 37, 133, 103, 16, 46, 78, 101, 113, 116, 23, 127, 119, 34, 22, 126, 146, 109, 147, 86, 76, 123, 138, 111, 75, 30, 106, 43, 142, 0, 48, 61, 31, 115, 80, 50, 88, 128, 79, 39]
[51, 34, 193, 132, 99, 67, 55, 144, 183, 145, 245, 141, 85, 136, 75, 238, 71, 202, 33, 96, 153, 196, 49, 66, 48, 220, 56, 216, 107, 169, 149, 217, 198, 235, 61, 86, 230, 1, 101, 120, 62, 201, 157, 102, 173, 168, 154, 78, 192, 176, 87, 162, 32, 81, 233, 167, 148, 41, 208, 46, 53, 58, 129, 37, 121, 151, 184, 194, 28, 210, 74, 156, 100, 160, 139, 25, 237, 181, 171, 42, 164, 23, 70, 26, 104, 177]
[13, 8, 49, 34, 27, 19, 15, 38, 47, 53, 63, 37, 24, 35, 22, 55, 46, 61, 26, 40, 50]
[51, 34, 195, 132, 98, 67, 55, 145, 185, 146, 199, 141, 88, 135, 77, 192, 73, 33, 96, 155, 49, 66, 48, 175, 56, 107, 151, 172, 189, 60, 89, 182, 1, 101, 119, 61, 161, 102, 156, 82, 177, 90, 32, 85, 186, 41, 71, 162, 116, 93, 144, 23, 27, 29, 95, 191, 158, 166, 18, 57, 74, 193, 86, 13, 104, 28, 190, 37, 79]
[29, 18, 115, 78, 58, 37, 31, 86, 108, 88, 145, 85, 48, 80, 43, 138, 41, 122, 143, 56, 92, 119, 28, 139, 27, 142, 128, 64, 99, 89, 110, 135, 33, 50, 129, 0, 60, 70, 34, 96, 61, 44, 121]
[56, 37, 199, 136, 103, 74, 60, 148, 188, 149, 248, 144, 92, 139, 84, 241, 79, 207, 36, 101, 157, 202, 54, 72, 53, 224, 61, 112, 173, 153, 221, 203, 238, 66, 93, 233, 1, 105, 124, 67, 205, 162, 106, 178, 172, 158, 86, 196, 180, 94, 166, 34, 89, 236, 170, 152, 44, 212, 49, 58, 62, 133, 40, 125, 155, 239, 245, 30, 215, 82, 161, 104, 164, 142, 27, 240, 185, 175, 45, 163, 25, 78, 28, 109, 194]
[53, 34, 130, 96, 71, 57, 141, 180, 142, 189, 138, 86, 133, 77, 183, 74, 33, 94, 150, 50, 70, 49, 166, 58, 106, 146, 163, 181, 62, 87, 174, 1, 99, 117, 64, 152, 100, 79, 148, 88, 32, 83, 184, 143, 134, 172, 20, 73, 153, 115, 91, 135, 23, 27, 29, 93, 136, 168, 158, 17, 59, 75, 159, 84, 12, 102, 28]
[27, 16, 66, 51, 37, 29, 71, 73, 82, 77, 19, 36, 65, 17, 13, 67, 53, 8, 24, 40, 52, 57, 12, 80, 11, 59, 79, 74]
[24, 15, 92, 63, 45, 33, 26, 69, 88, 70, 101, 67, 40, 64, 36, 94, 35, 99, 44, 73, 23, 95, 22, 79, 85, 49, 71, 76, 91, 28, 48, 20, 16, 0, 78, 72, 14]
[26, 16, 98, 68, 49, 33, 28, 73, 93, 74, 115, 72, 42, 69, 37, 103, 35, 112, 48, 78, 24, 108, 23, 86, 92, 53, 75, 83, 99, 30, 44, 100, 0, 85, 79, 15, 57, 82]
[58, 41, 193, 133, 101, 75, 62, 146, 184, 147, 198, 142, 90, 137, 82, 191, 79, 40, 99, 155, 55, 74, 54, 176, 64, 110, 170, 151, 172, 188, 69, 91, 183, 1, 103, 121, 70, 161, 105, 156, 84, 178, 92, 38, 87, 186, 48, 78, 162, 119, 95, 145, 24, 30, 34, 98, 190, 158, 166, 17, 65, 80, 192, 88, 12, 107, 31, 185, 44]
[24, 15, 95, 66, 46, 32, 26, 71, 91, 72, 121, 70, 40, 67, 36, 114, 35, 99, 119, 45, 75, 97, 23, 115, 22, 103, 105, 53, 83, 73, 94, 111, 28, 42, 106, 0, 47, 59, 29, 82, 77, 49, 76, 37]
[60, 42, 140, 106, 80, 66, 151, 153, 183, 148, 95, 143, 86, 175, 83, 41, 104, 58, 78, 55, 157, 67, 118, 170, 93, 161, 35, 127, 107, 178, 137, 120, 131, 82, 37, 114, 50, 44, 1, 156, 154, 38, 122, 117, 134, 87, 158, 168, 150, 164, 45, 142, 96, 113, 138, 89, 17, 47, 176]
[54, 35, 192, 131, 96, 69, 58, 145, 183, 146, 199, 140, 84, 134, 76, 196, 72, 34, 94, 154, 51, 68, 50, 176, 59, 105, 169, 149, 173, 189, 63, 85, 184, 1, 99, 117, 64, 161, 158, 100, 155, 78, 156, 86, 33, 81, 187, 148, 43, 71, 162, 115, 91, 144, 23, 27, 29, 93, 191, 159, 167, 19, 60, 73, 193, 82, 14, 102, 28, 186]
[28, 19, 104, 69, 53, 36, 31, 74, 97, 75, 120, 73, 46, 70, 39, 113, 38, 118, 52, 78, 27, 114, 26, 95, 117, 58, 87, 76, 91, 110, 33, 48, 105, 0, 54, 63, 34, 61, 89, 84]
[50, 34, 124, 94, 66, 55, 142, 143, 25, 148, 41, 63, 123, 37, 27, 36, 125, 97, 16, 45, 72, 95, 106, 110, 23, 113, 33, 22, 118, 132, 103, 154, 80, 69, 115, 135, 105, 68, 30, 100, 42, 133, 0, 47, 56, 31, 99, 74, 48, 83, 112, 73, 38, 90]
[51, 33, 186, 125, 93, 67, 55, 137, 176, 138, 274, 133, 82, 128, 249, 73, 266, 70, 252, 194, 32, 91, 145, 189, 214, 221, 49, 242, 227, 66, 48, 241, 56, 206, 102, 161, 141, 238, 243, 190, 211, 263, 61, 201, 83, 256, 1, 95, 113, 62, 216, 204, 246, 150, 96, 166, 160, 147, 75, 209, 168, 199, 84, 154, 31, 79, 261, 159, 140, 41, 229, 192, 177, 46, 53, 57, 181, 121, 36, 114, 143, 226, 230, 27, 233, 165, 72, 149, 94, 152, 131, 24, 265, 198, 185, 42, 173, 22, 69, 25]
[48, 32, 205, 133, 97, 67, 54, 147, 193, 148, 223, 144, 84, 138, 76, 216, 72, 31, 94, 158, 45, 65, 44, 200, 55, 108, 178, 152, 196, 213, 59, 85, 208, 1, 100, 120, 61, 183, 163, 101, 177, 160, 78, 175, 86, 169, 30, 81, 211, 150, 38, 190, 42, 51, 56, 129, 34, 121, 165, 25, 137, 104, 149, 210, 153, 77, 126, 199, 117, 180, 124, 123, 96, 174]
[102, 67, 255, 192, 134, 111, 279, 281, 103, 274, 168, 261, 150, 53, 69, 256, 198, 32, 90, 148, 193, 218, 225, 47, 246, 269, 231, 65, 45, 267, 54, 210, 288, 164, 142, 264, 271, 194, 254, 248, 216, 238, 138, 59, 205, 83, 73, 1, 95, 113, 60, 220, 208, 243, 152, 96, 286, 163, 149, 75, 232, 170, 202, 84, 157, 30, 79, 292, 162, 141, 39, 251, 196, 179, 43, 51, 55, 183, 275, 122, 35, 114, 145, 224, 235, 26, 201, 259, 167, 72, 151, 94, 187, 155, 132, 23, 137, 241, 206, 40, 293, 21, 68, 24, 195, 99, 213]
[50, 33, 129, 96, 66, 54, 141, 142, 177, 138, 83, 132, 73, 171, 69, 32, 93, 150, 48, 65, 47, 155, 55, 106, 146, 152, 169, 59, 84, 163, 1, 154, 140, 149, 30, 112, 151, 170, 75, 156, 165, 81, 145, 36, 119, 174, 157, 101, 40, 77, 14, 38, 172, 80, 161, 18, 68, 98, 89, 20, 24, 27, 92]
[57, 40, 134, 101, 73, 61, 150, 152, 200, 144, 90, 139, 79, 191, 76, 39, 99, 165, 54, 72, 53, 163, 63, 110, 157, 122, 102, 197, 131, 114, 125, 75, 36, 107, 48, 42, 0, 161, 154, 37, 117, 155, 133, 81, 167, 181, 88, 177, 43, 187, 92, 106, 179, 84, 22, 45, 193, 87, 173, 26]
[31, 22, 99, 70, 52, 38, 33, 75, 95, 76, 113, 74, 45, 71, 41, 101, 40, 110, 51, 79, 30, 102, 29, 85, 91, 57, 77, 81, 98, 35, 55, 27, 23, 0, 84, 78, 21]
[26, 17, 102, 70, 51, 34, 29, 75, 98, 76, 134, 74, 45, 71, 41, 127, 36, 106, 132, 50, 80, 104, 24, 128, 23, 108, 118, 56, 88, 77, 105, 124, 31, 46, 119, 0, 52, 62, 32, 92, 82, 54, 81, 42, 84]
[29, 20, 100, 67, 49, 36, 31, 72, 95, 73, 115, 71, 44, 68, 40, 108, 39, 113, 48, 77, 28, 109, 27, 91, 97, 54, 75, 86, 104, 33, 45, 98, 0, 50, 59, 19, 57, 85, 82]
[52, 36, 194, 133, 97, 70, 58, 145, 183, 146, 245, 142, 86, 136, 76, 238, 73, 202, 34, 95, 153, 197, 221, 50, 69, 49, 219, 59, 213, 109, 169, 149, 216, 198, 235, 64, 87, 230, 1, 99, 121, 65, 226, 158, 100, 173, 168, 154, 79, 242, 175, 88, 162, 32, 83, 233, 167, 148, 42, 208, 46, 55, 60, 130, 38, 122, 151, 185, 196, 26, 210, 75, 157, 98, 160, 140, 23, 237, 182, 172, 43, 161, 21, 72, 24, 104, 178]
[26, 17, 97, 66, 46, 34, 28, 72, 93, 73, 108, 70, 41, 67, 37, 105, 36, 106, 45, 76, 25, 102, 24, 79, 86, 52, 74, 82, 57, 47, 104, 63, 54, 61, 35, 15]
[61, 42, 135, 103, 76, 65, 147, 148, 184, 144, 93, 138, 83, 178, 79, 40, 101, 156, 58, 75, 57, 163, 66, 112, 151, 160, 176, 70, 94, 171, 1, 105, 124, 37, 118, 159, 157, 85, 165, 173, 90, 152, 46, 126, 172, 154, 109, 52, 87, 21, 49, 179, 89, 169, 26, 78, 150, 121, 98, 28, 32, 35, 100, 149]
[28, 19, 66, 49, 35, 30, 73, 74, 90, 71, 44, 67, 64, 20, 14, 78, 87, 51, 9, 25, 40, 50, 55, 58, 13, 88, 12, 57, 70, 79]
[32, 23, 71, 54, 39, 34, 77, 78, 91, 83, 26, 38, 70, 24, 15, 72, 56, 9, 28, 42, 55, 60, 14, 86, 13, 63, 85, 79]
[31, 23, 67, 51, 38, 33, 72, 73, 86, 71, 46, 68, 42, 16, 24, 83, 53, 9, 28, 78, 52, 57, 59, 15, 60, 84, 14, 63, 79, 77]
[27, 18, 98, 68, 51, 38, 33, 75, 94, 76, 117, 73, 46, 69, 41, 110, 40, 115, 50, 80, 26, 111, 25, 108, 100, 56, 87, 77, 91, 107, 35, 47, 101, 0, 52, 62, 36, 96, 53, 103]
[30, 18, 97, 65, 50, 37, 32, 71, 92, 72, 116, 70, 44, 66, 40, 109, 39, 114, 49, 75, 29, 110, 26, 107, 100, 54, 82, 73, 88, 106, 34, 45, 101, 0, 51, 59, 35, 94, 52, 103]
[53, 36, 190, 128, 96, 68, 57, 140, 179, 141, 222, 137, 84, 131, 75, 215, 72, 198, 35, 94, 149, 193, 51, 67, 49, 204, 58, 105, 164, 145, 195, 212, 62, 85, 207, 1, 99, 117, 63, 182, 153, 100, 168, 163, 150, 77, 173, 171, 86, 157, 34, 80, 210, 161, 144, 43, 219, 47, 55, 59, 125, 39, 118, 147, 165, 29, 191, 74, 98, 134, 25, 214, 200, 152, 22, 69, 11, 220, 93, 12]
[102, 68, 252, 190, 135, 112, 275, 277, 103, 270, 166, 257, 250, 74, 54, 70, 253, 196, 31, 92, 146, 191, 215, 222, 48, 244, 228, 66, 46, 263, 55, 208, 285, 162, 142, 259, 264, 192, 251, 246, 213, 234, 139, 60, 203, 84, 279, 1, 96, 114, 62, 217, 206, 240, 150, 98, 282, 161, 147, 76, 287, 169, 200, 86, 155, 30, 79, 289, 160, 141, 39, 247, 194, 178, 43, 52, 56, 183, 214, 123, 35, 115, 144, 219, 230, 26, 199, 254, 165, 72, 149, 95, 186, 152, 132, 23, 138, 216, 245, 40, 189, 20, 69, 24, 291, 100]
[27, 18, 105, 69, 50, 34, 29, 78, 101, 79, 111, 75, 44, 70, 38, 104, 37, 109, 49, 85, 26, 108, 25, 87, 95, 55, 82, 60, 51, 107, 67, 57, 62, 36, 16, 53]
[113, 76, 270, 204, 148, 122, 294, 296, 114, 303, 91, 141, 267, 82, 62, 78, 271, 211, 35, 100, 162, 205, 231, 238, 52, 261, 245, 74, 51, 277, 64, 223, 299, 178, 157, 274, 279, 206, 263, 228, 251, 152, 68, 217, 92, 301, 1, 105, 124, 69, 234, 221, 253, 166, 107, 182, 177, 163, 85, 243, 184, 215, 93, 171, 33, 88, 298, 176, 155, 44, 262, 208, 192, 48, 60, 65, 196, 227, 134, 39, 125, 160, 265, 295, 28, 268, 181, 80, 165, 104, 201, 169, 146, 25, 151, 229, 239, 45, 202, 23, 77, 26, 286, 109, 273]
[31, 22, 67, 51, 38, 33, 74, 75, 100, 72, 46, 68, 41, 94, 40, 98, 50, 79, 30, 95, 29, 82, 86, 56, 91, 44, 85, 19, 60, 52, 64, 57, 62, 39]
[56, 39, 134, 101, 37, 32, 143, 73, 95, 75, 28, 72, 45, 68, 132, 41, 147, 40, 104, 18, 51, 78, 102, 115, 118, 26, 121, 148, 25, 122, 150, 112, 153, 87, 76, 125, 127, 146, 34, 109, 48, 135, 0, 53, 61, 35, 117, 80, 54, 90, 126, 79]
[11, 7, 45, 29, 22, 15, 12, 32, 43, 55, 64, 31, 19, 30, 17, 56, 46, 62, 21, 35, 52, 57, 10]
[31, 19, 98, 68, 52, 38, 33, 73, 94, 74, 103, 72, 46, 69, 41, 96, 40, 101, 51, 77, 30, 97, 29, 78, 87, 56, 45, 85, 16, 61, 53, 99, 65, 58, 63]
[52, 34, 133, 98, 70, 58, 144, 146, 180, 141, 87, 136, 78, 174, 75, 33, 96, 156, 50, 69, 48, 158, 59, 107, 149, 154, 172, 64, 105, 42, 36, 0, 157, 151, 30, 113, 153, 140, 79, 159, 168, 85, 166, 37, 123, 129, 88, 104, 173, 82, 14, 40, 175, 84, 163, 19, 74, 101, 93, 21, 26, 28]
[27, 19, 97, 67, 48, 35, 30, 72, 92, 73, 116, 71, 43, 68, 38, 109, 37, 114, 47, 77, 26, 110, 25, 107, 99, 55, 84, 74, 89, 106, 32, 44, 101, 0, 50, 60, 33, 94, 53, 103]
[50, 34, 189, 126, 95, 67, 55, 138, 179, 139, 199, 135, 84, 129, 74, 192, 70, 33, 92, 148, 48, 66, 47, 175, 56, 103, 163, 143, 171, 196, 60, 85, 184, 1, 97, 114, 61, 159, 153, 98, 149, 76, 156, 86, 32, 80, 187, 142, 41, 166, 45, 52, 28, 91, 160, 157, 164, 18, 57, 71, 193, 81, 13, 100, 27, 186, 36, 75, 120, 174, 112]
[12, 8, 47, 32, 22, 16, 13, 35, 45, 59, 68, 34, 19, 33, 17, 60, 52, 49, 65, 21, 37, 56, 61, 11]
[61, 41, 142, 105, 78, 66, 154, 155, 165, 160, 50, 74, 141, 43, 30, 42, 143, 108, 18, 56, 83, 106, 118, 121, 27, 138, 125, 37, 26, 134, 150, 115, 156, 91, 81, 131, 162, 117, 80, 34, 112, 51, 151, 0, 58, 67, 35, 111, 86, 59, 93, 124, 84, 44]
[52, 34, 191, 128, 96, 68, 56, 142, 181, 143, 266, 138, 84, 132, 75, 259, 71, 199, 33, 94, 150, 194, 219, 225, 50, 232, 67, 49, 238, 58, 211, 105, 166, 146, 235, 195, 216, 256, 62, 205, 85, 251, 1, 98, 115, 63, 208, 243, 155, 99, 171, 165, 152, 78, 228, 173, 203, 86, 160, 32, 81, 254, 164, 145, 41, 227, 182, 46, 54, 59, 186, 125, 36, 116, 148, 200, 234, 27, 230, 169, 74, 154, 97, 158, 136, 23, 258, 197, 185, 42, 206, 21, 70, 25, 177, 101]
[50, 34, 124, 94, 66, 54, 136, 137, 161, 133, 84, 127, 73, 155, 70, 33, 92, 48, 65, 47, 142, 55, 102, 81, 146, 28, 113, 95, 158, 121, 106, 116, 69, 30, 100, 42, 37, 0, 141, 139, 31, 108, 138, 120, 74, 143, 150, 153, 148, 38, 110, 85, 99, 132, 77, 16, 40, 156, 80, 154]
[50, 32, 184, 125, 92, 67, 54, 136, 174, 137, 239, 133, 81, 128, 73, 232, 70, 192, 31, 90, 146, 187, 214, 48, 66, 47, 212, 55, 205, 101, 161, 141, 209, 188, 229, 59, 82, 224, 1, 95, 113, 61, 193, 150, 96, 165, 160, 147, 75, 185, 167, 83, 155, 30, 78, 227, 159, 140, 40, 201, 45, 52, 56, 122, 36, 114, 143, 178, 216, 26, 203, 72, 149, 93, 152, 131, 22, 231, 230, 202, 41, 181, 20, 69, 24, 98, 170]
[52, 36, 189, 130, 96, 70, 58, 142, 180, 143, 258, 139, 85, 133, 77, 251, 73, 199, 35, 94, 150, 193, 219, 226, 50, 69, 49, 232, 59, 211, 106, 165, 146, 228, 194, 217, 248, 64, 206, 87, 243, 1, 99, 119, 65, 209, 227, 154, 100, 170, 164, 151, 79, 201, 172, 88, 159, 34, 82, 246, 163, 145, 42, 235, 181, 47, 55, 61, 127, 38, 120, 148, 236, 203, 29, 222, 169, 76, 153, 98, 157, 137, 24, 250, 255, 179, 43, 166, 22, 72, 26, 204]
[24, 15, 93, 62, 45, 31, 26, 67, 89, 68, 134, 66, 40, 63, 34, 127, 33, 98, 132, 44, 72, 96, 108, 23, 128, 22, 110, 118, 49, 80, 70, 105, 111, 124, 28, 41, 119, 0, 46, 54, 29, 91, 74, 47, 83, 103, 73, 35]
[53, 36, 128, 96, 70, 57, 143, 144, 190, 139, 86, 133, 76, 184, 73, 35, 94, 153, 51, 68, 50, 167, 58, 106, 147, 164, 182, 62, 87, 177, 1, 99, 117, 63, 169, 101, 78, 162, 88, 79, 15, 41, 185, 82, 134, 174, 20, 72, 154, 115, 91, 132, 22, 26, 30, 93, 178, 151, 159, 18, 59, 74, 140, 84, 13, 103]
[26, 15, 92, 64, 46, 33, 28, 69, 88, 70, 109, 68, 41, 65, 36, 101, 35, 107, 45, 73, 25, 102, 24, 85, 91, 51, 71, 82, 98, 30, 42, 105, 0, 47, 58, 31, 56, 81, 79]
[30, 19, 68, 50, 38, 32, 73, 74, 89, 72, 45, 36, 67, 21, 16, 71, 84, 52, 10, 26, 41, 51, 57, 59, 15, 86, 14, 60, 70]
[48, 32, 122, 90, 64, 52, 134, 135, 150, 130, 79, 125, 71, 144, 33, 123, 93, 15, 43, 70, 91, 103, 106, 23, 118, 109, 31, 22, 147, 26, 100, 141, 77, 68, 119, 143, 128, 102, 67, 28, 96, 40, 34, 0, 45, 53, 29, 98, 101, 72, 46, 139, 116, 137, 35, 110]
[25, 16, 95, 64, 45, 33, 27, 71, 90, 72, 101, 70, 40, 67, 36, 94, 35, 99, 44, 75, 23, 98, 22, 77, 84, 50, 74, 56, 46, 97, 61, 52, 59, 34, 14, 48]
[26, 15, 69, 50, 34, 28, 75, 76, 102, 73, 41, 70, 37, 96, 36, 100, 49, 79, 25, 97, 23, 81, 87, 55, 93, 40, 85, 12, 59, 51, 67, 56, 65, 35]
[28, 16, 98, 67, 50, 36, 30, 72, 93, 74, 116, 71, 45, 68, 39, 109, 38, 114, 49, 78, 26, 110, 25, 91, 99, 55, 85, 75, 88, 105, 32, 46, 100, 0, 51, 60, 34, 77, 41, 106]
[27, 18, 100, 69, 50, 35, 29, 74, 96, 75, 110, 73, 45, 70, 40, 101, 39, 107, 49, 78, 26, 102, 25, 83, 91, 54, 76, 80, 98, 16, 53, 23, 19, 0, 82, 77]
[26, 16, 97, 66, 50, 35, 29, 72, 92, 73, 116, 71, 44, 68, 40, 107, 38, 113, 48, 76, 25, 108, 24, 89, 95, 54, 74, 86, 103, 31, 45, 111, 0, 51, 59, 32, 57, 85, 82]
[14, 9, 48, 33, 24, 18, 15, 36, 44, 52, 35, 21, 34, 19, 45, 10, 49, 25]
[26, 16, 97, 66, 50, 36, 28, 71, 92, 72, 140, 70, 45, 67, 40, 132, 39, 101, 138, 49, 76, 99, 112, 25, 133, 24, 114, 122, 54, 84, 73, 109, 115, 129, 31, 46, 123, 0, 51, 59, 32, 94, 78, 52, 86, 106, 77, 42]
[97, 63, 253, 188, 133, 109, 275, 277, 98, 270, 166, 258, 148, 108, 142, 61, 183, 293, 94, 131, 91, 132, 110, 207, 284, 111, 307, 120, 169, 302, 3, 193, 229, 57, 217, 206, 287, 150, 93, 304, 161, 147, 71, 233, 305, 288, 200, 81, 154, 30, 74, 310, 160, 141, 38, 139, 281, 224, 177, 254, 42, 49, 53, 182, 255, 228, 121, 34, 112, 144, 260, 272, 25, 199, 52, 165, 68, 149, 297, 222, 280, 185, 152, 294, 22, 137, 257, 239, 39, 230, 20, 65, 248, 23, 227, 95, 249, 312, 301, 163, 232, 192, 271, 1, 35, 194, 252, 220, 290, 276, 47, 106, 114, 243, 268]
[31, 18, 98, 69, 53, 39, 33, 75, 93, 76, 117, 74, 47, 70, 43, 110, 42, 115, 51, 79, 26, 111, 25, 108, 100, 57, 86, 77, 90, 107, 36, 48, 101, 1, 54, 62, 37, 96, 55, 103]
[24, 15, 89, 61, 44, 31, 26, 66, 85, 67, 116, 65, 39, 62, 34, 109, 33, 94, 114, 43, 70, 92, 23, 110, 22, 91, 99, 49, 77, 68, 87, 106, 28, 40, 100, 0, 45, 54, 29, 75, 72, 47, 35]
[26, 17, 94, 64, 47, 34, 28, 69, 89, 70, 129, 68, 42, 65, 37, 122, 36, 99, 127, 46, 73, 96, 25, 123, 24, 104, 112, 51, 81, 71, 101, 119, 31, 43, 114, 0, 48, 57, 32, 88, 76, 49, 110, 74, 38, 80]
[51, 34, 193, 125, 94, 67, 55, 137, 179, 138, 250, 134, 82, 129, 74, 243, 71, 201, 33, 91, 146, 196, 220, 49, 66, 48, 224, 56, 213, 102, 165, 142, 221, 197, 240, 60, 207, 83, 235, 1, 96, 113, 61, 206, 151, 97, 169, 164, 147, 76, 198, 171, 84, 159, 32, 79, 238, 163, 140, 41, 214, 180, 45, 53, 57, 122, 36, 114, 144, 186, 200, 27, 216, 168, 73, 150, 95, 154, 132, 24, 242, 183, 172, 42, 161, 22, 70, 25, 99]
[53, 36, 192, 129, 95, 68, 57, 143, 181, 144, 221, 140, 85, 133, 76, 214, 72, 201, 35, 93, 151, 195, 51, 67, 50, 194, 58, 104, 166, 147, 191, 211, 62, 86, 204, 1, 97, 116, 63, 177, 156, 98, 171, 165, 152, 78, 169, 87, 160, 34, 81, 209, 146, 42, 184, 48, 55, 59, 125, 38, 117, 149, 162, 30, 185, 75, 96, 138, 13, 69, 22, 215, 23, 213, 12, 219, 92, 159]
[25, 15, 92, 63, 46, 32, 27, 68, 88, 69, 124, 67, 41, 64, 36, 116, 35, 97, 122, 45, 73, 94, 24, 117, 23, 98, 106, 51, 80, 71, 100, 113, 29, 42, 108, 0, 47, 57, 30, 82, 75, 48, 74, 37, 76]
[55, 37, 197, 134, 102, 75, 62, 146, 184, 147, 241, 143, 90, 138, 81, 233, 78, 205, 35, 100, 155, 200, 53, 74, 52, 215, 64, 110, 169, 151, 211, 201, 229, 68, 92, 224, 2, 104, 121, 69, 198, 159, 105, 175, 168, 156, 83, 187, 177, 93, 163, 34, 86, 227, 167, 149, 45, 204, 49, 58, 65, 131, 41, 122, 153, 179, 28, 207, 80, 158, 103, 141, 25, 232, 176, 165, 46, 157, 23, 77, 26, 107, 31]
[49, 33, 188, 127, 96, 68, 54, 139, 179, 140, 194, 136, 84, 131, 75, 187, 72, 32, 93, 148, 47, 67, 46, 171, 55, 104, 165, 144, 168, 184, 61, 85, 185, 1, 98, 116, 62, 154, 99, 149, 77, 150, 86, 31, 81, 182, 143, 39, 71, 156, 114, 89, 138, 21, 26, 28, 92, 186, 152, 162, 16, 56, 73, 191, 82, 12, 101, 27, 181, 35]
[51, 34, 185, 126, 95, 69, 58, 138, 175, 139, 202, 134, 84, 129, 76, 195, 73, 32, 93, 146, 48, 68, 47, 178, 59, 103, 161, 142, 193, 192, 63, 85, 186, 1, 97, 114, 64, 163, 150, 98, 147, 78, 157, 86, 31, 81, 189, 141, 41, 169, 45, 55, 60, 123, 36, 115, 151, 27, 128, 100, 140, 188, 143, 77, 119, 177, 112, 173, 117, 116, 94, 156, 176, 12]
[51, 35, 123, 93, 67, 55, 134, 135, 173, 131, 83, 126, 74, 167, 71, 34, 91, 143, 49, 66, 48, 151, 57, 101, 138, 148, 165, 61, 84, 159, 2, 95, 112, 62, 107, 147, 145, 75, 153, 162, 80, 141, 39, 114, 127, 142, 98, 43, 77, 16, 41, 168, 79, 157, 20, 70, 146, 110, 88, 137, 23, 28, 30, 90]
[28, 17, 97, 66, 50, 36, 30, 72, 93, 73, 104, 70, 44, 67, 40, 101, 39, 102, 49, 78, 26, 98, 25, 81, 88, 54, 75, 83, 59, 51, 100, 63, 56, 61, 37, 14]
[56, 38, 206, 137, 107, 76, 61, 151, 194, 152, 295, 147, 93, 140, 278, 85, 288, 80, 215, 37, 104, 160, 209, 236, 244, 54, 250, 74, 52, 261, 63, 228, 115, 180, 155, 256, 210, 234, 283, 67, 223, 94, 277, 1, 109, 126, 68, 226, 237, 166, 110, 184, 179, 162, 87, 227, 186, 219, 95, 173, 36, 90, 281, 178, 154, 45, 246, 195, 49, 58, 64, 201, 134, 40, 127, 158, 217, 229, 30, 249, 183, 83, 165, 108, 170, 143, 27, 287, 213, 207, 46, 188, 25, 78, 28, 191]
[28, 19, 98, 68, 51, 36, 30, 73, 94, 74, 103, 72, 45, 69, 40, 96, 38, 101, 49, 77, 27, 97, 25, 79, 85, 55, 43, 84, 15, 62, 52, 99, 66, 58, 64]
[54, 37, 132, 99, 71, 59, 144, 145, 163, 140, 87, 135, 77, 156, 74, 133, 102, 18, 49, 76, 100, 114, 117, 27, 127, 120, 36, 26, 154, 30, 110, 153, 85, 146, 130, 134, 139, 113, 73, 32, 106, 45, 40, 0, 51, 60, 33, 109, 121, 78, 52, 151, 126, 148, 41, 101]
[25, 17, 66, 50, 34, 27, 73, 74, 95, 72, 44, 68, 40, 88, 37, 93, 49, 24, 64, 83, 71, 59, 77, 10, 81, 12, 55, 84, 43, 78, 87, 51]
[13, 8, 46, 31, 23, 17, 14, 34, 44, 47, 55, 33, 20, 32, 18, 48, 39, 53, 22, 52]
[50, 34, 188, 128, 93, 67, 56, 140, 177, 141, 199, 137, 83, 131, 74, 192, 71, 33, 91, 148, 48, 66, 47, 175, 57, 104, 163, 144, 172, 189, 61, 84, 182, 1, 95, 114, 62, 160, 152, 97, 149, 76, 154, 85, 32, 79, 186, 143, 40, 166, 45, 54, 58, 90, 161, 158, 165, 18, 142, 72, 193, 80, 14, 130, 100, 28, 185, 36, 75, 120, 174, 112]
[29, 18, 69, 52, 39, 32, 75, 77, 106, 74, 46, 70, 42, 100, 41, 104, 51, 82, 27, 101, 26, 86, 92, 57, 97, 45, 91, 13, 62, 53, 66, 59, 64, 40]
[26, 17, 67, 49, 34, 28, 73, 74, 99, 72, 43, 68, 38, 92, 37, 97, 47, 77, 25, 93, 24, 76, 14, 55, 89, 41, 81, 91, 60, 51, 57, 62, 36, 15]
[51, 34, 131, 98, 67, 55, 144, 145, 156, 140, 41, 64, 130, 37, 28, 36, 132, 101, 15, 45, 74, 99, 114, 117, 25, 127, 120, 33, 24, 126, 146, 110, 147, 83, 71, 123, 138, 113, 69, 30, 105, 42, 141, 0, 48, 56, 31, 116, 77, 49, 86, 128, 75, 38]
[51, 34, 188, 129, 96, 66, 55, 142, 179, 143, 224, 138, 85, 133, 74, 216, 71, 197, 33, 94, 150, 191, 49, 65, 47, 194, 56, 104, 165, 146, 202, 213, 60, 86, 207, 1, 98, 116, 61, 180, 154, 99, 170, 164, 151, 76, 172, 87, 159, 32, 81, 211, 163, 145, 40, 186, 45, 53, 57, 126, 36, 117, 148, 189, 27, 187, 73, 97, 136, 24, 215, 162, 217, 20, 68, 10, 222, 92, 11]
[56, 38, 194, 134, 103, 74, 62, 146, 183, 147, 203, 142, 93, 137, 84, 200, 81, 37, 101, 154, 53, 73, 52, 177, 63, 112, 169, 150, 173, 191, 67, 94, 185, 1, 105, 122, 68, 162, 158, 106, 155, 86, 156, 95, 36, 89, 189, 149, 44, 76, 163, 120, 98, 145, 24, 29, 33, 100, 193, 159, 167, 18, 64, 82, 195, 90, 14, 108, 30, 187]
[27, 17, 94, 64, 48, 36, 29, 69, 89, 70, 103, 68, 43, 65, 39, 96, 38, 101, 47, 74, 26, 97, 25, 79, 86, 52, 71, 76, 92, 33, 51, 22, 18, 1, 78, 73, 16]
[26, 16, 103, 68, 50, 34, 28, 75, 99, 76, 123, 74, 45, 70, 39, 116, 37, 121, 49, 79, 25, 117, 24, 100, 107, 55, 90, 77, 97, 113, 30, 46, 108, 0, 51, 60, 32, 81, 53, 41, 61]
[24, 16, 96, 65, 46, 31, 26, 71, 92, 73, 134, 69, 41, 66, 35, 124, 33, 101, 132, 45, 77, 98, 23, 126, 22, 104, 115, 51, 85, 74, 113, 121, 28, 42, 116, 0, 47, 58, 29, 89, 79, 48, 78, 37, 82, 93]
[26, 17, 99, 66, 47, 34, 28, 71, 95, 73, 122, 70, 41, 67, 37, 115, 36, 120, 46, 78, 25, 116, 24, 97, 103, 52, 86, 74, 94, 110, 30, 42, 104, 0, 48, 58, 31, 80, 49, 38, 90]
[28, 18, 98, 68, 49, 36, 30, 73, 93, 74, 113, 72, 43, 69, 39, 106, 38, 111, 47, 78, 27, 107, 26, 88, 95, 54, 76, 85, 102, 32, 44, 96, 0, 50, 60, 16, 58, 84, 82]
[29, 18, 104, 75, 58, 43, 31, 80, 100, 81, 128, 79, 51, 76, 46, 120, 45, 125, 57, 84, 28, 121, 27, 102, 108, 62, 91, 82, 99, 117, 40, 53, 112, 0, 59, 69, 41, 86, 60, 47, 96]
[5, 3, 17, 12, 7, 6, 19, 20]
[54, 38, 131, 96, 71, 59, 143, 145, 164, 140, 86, 134, 77, 158, 74, 37, 49, 76, 97, 109, 114, 26, 127, 117, 146, 24, 135, 30, 106, 155, 84, 147, 132, 136, 142, 108, 121, 73, 33, 103, 46, 40, 0, 51, 60, 34, 105, 111, 78, 52, 152, 129, 149, 41, 100, 87, 116]
[51, 16, 97, 64, 47, 33, 28, 70, 92, 71, 25, 69, 41, 66, 128, 37, 137, 35, 101, 144, 45, 75, 99, 110, 114, 24, 138, 23, 115, 126, 107, 146, 84, 72, 112, 119, 133, 30, 42, 127, 0, 48, 58, 31, 98, 78, 49, 86, 108, 76, 38]
[30, 19, 75, 56, 39, 33, 80, 81, 107, 79, 49, 76, 43, 101, 42, 105, 55, 84, 28, 102, 27, 83, 14, 62, 98, 48, 89, 100, 66, 57, 63, 68, 41, 16]
[25, 17, 63, 45, 33, 27, 68, 69, 89, 67, 40, 64, 36, 83, 35, 87, 44, 24, 84, 23, 73, 14, 51, 80, 39, 74, 79, 56, 47, 52, 34, 15, 49]
[51, 33, 194, 133, 94, 67, 55, 144, 185, 145, 274, 141, 83, 136, 259, 73, 267, 70, 203, 32, 91, 153, 198, 225, 232, 48, 238, 66, 47, 245, 56, 217, 104, 170, 149, 242, 199, 223, 264, 60, 210, 84, 258, 1, 97, 118, 61, 215, 226, 158, 98, 175, 169, 154, 76, 216, 177, 208, 85, 163, 31, 80, 262, 168, 147, 40, 234, 186, 45, 53, 57, 190, 129, 36, 119, 151, 206, 218, 27, 237, 174, 72, 157, 95, 160, 139, 24, 266, 202, 195, 41, 179, 22, 69, 25, 182]
[50, 35, 187, 128, 95, 68, 55, 139, 178, 140, 225, 136, 85, 131, 76, 218, 72, 195, 34, 93, 149, 190, 48, 66, 47, 200, 56, 105, 163, 144, 196, 191, 215, 61, 86, 209, 1, 97, 116, 62, 184, 153, 98, 167, 162, 150, 78, 175, 170, 87, 157, 33, 82, 213, 161, 143, 41, 202, 45, 52, 57, 124, 37, 117, 146, 179, 28, 192, 75, 96, 134, 25, 217, 164, 155, 42, 148, 23, 223, 92, 13, 174]
[25, 17, 93, 64, 46, 33, 27, 70, 89, 71, 109, 68, 40, 65, 36, 102, 35, 107, 45, 74, 24, 103, 23, 86, 92, 52, 72, 82, 99, 30, 41, 106, 0, 47, 58, 31, 56, 81, 79]
[27, 19, 66, 49, 36, 29, 71, 72, 83, 70, 43, 33, 65, 20, 16, 69, 80, 51, 9, 24, 39, 50, 56, 58, 15, 81, 13, 59, 68]
[26, 17, 97, 66, 48, 34, 28, 72, 92, 73, 143, 71, 42, 67, 37, 135, 36, 101, 141, 47, 76, 99, 111, 114, 25, 136, 24, 115, 126, 108, 54, 84, 74, 112, 120, 132, 31, 43, 127, 0, 49, 60, 32, 98, 78, 51, 86, 109, 77, 38]
[57, 37, 136, 104, 75, 61, 149, 150, 187, 145, 92, 139, 81, 181, 78, 36, 102, 159, 55, 74, 54, 167, 62, 114, 154, 164, 179, 68, 94, 174, 1, 106, 124, 69, 119, 163, 161, 82, 168, 176, 88, 157, 41, 126, 140, 158, 111, 47, 85, 18, 43, 182, 87, 172, 22, 77, 162, 122, 99, 153, 24, 29, 32, 101]
[53, 36, 131, 100, 71, 59, 145, 146, 160, 142, 88, 135, 78, 30, 37, 132, 103, 17, 47, 77, 101, 112, 115, 26, 126, 118, 35, 25, 129, 152, 109, 151, 86, 75, 144, 157, 138, 111, 73, 32, 106, 44, 38, 0, 49, 61, 33, 125, 79, 51, 149, 123, 147, 40, 119, 90]
[52, 37, 192, 128, 96, 68, 57, 142, 182, 143, 228, 139, 86, 132, 77, 221, 74, 200, 36, 94, 152, 195, 50, 67, 49, 201, 58, 105, 168, 147, 198, 218, 62, 87, 212, 1, 98, 116, 63, 187, 156, 99, 172, 167, 153, 79, 178, 174, 88, 161, 35, 82, 216, 165, 145, 43, 193, 47, 54, 59, 124, 39, 117, 150, 170, 31, 194, 76, 97, 136, 25, 220, 180, 183, 44, 69, 11, 226, 93, 12]
[51, 34, 127, 95, 68, 55, 139, 175, 140, 184, 135, 83, 130, 75, 178, 71, 33, 93, 147, 49, 67, 48, 163, 56, 104, 143, 159, 176, 62, 84, 170, 1, 97, 115, 63, 149, 98, 77, 145, 86, 31, 80, 179, 141, 131, 168, 20, 70, 150, 112, 89, 132, 22, 26, 28, 92, 133, 165, 154, 18, 58, 72, 155, 81, 13, 100, 27]
[27, 19, 92, 63, 47, 35, 29, 69, 88, 70, 129, 68, 42, 64, 38, 122, 37, 97, 127, 46, 73, 94, 26, 123, 25, 104, 112, 51, 80, 71, 101, 106, 118, 32, 43, 113, 0, 48, 57, 33, 119, 75, 49, 82, 99, 74, 39]
[56, 34, 135, 101, 73, 60, 147, 148, 181, 144, 89, 139, 80, 175, 76, 33, 98, 157, 53, 72, 52, 160, 61, 111, 151, 162, 173, 66, 90, 37, 0, 159, 152, 31, 117, 155, 145, 81, 161, 170, 87, 168, 38, 124, 134, 149, 108, 43, 84, 17, 40, 176, 86, 166, 21, 75, 103, 95, 23, 27, 29, 97]
[26, 17, 95, 65, 47, 33, 28, 71, 91, 72, 126, 70, 42, 66, 37, 119, 36, 100, 124, 46, 75, 97, 25, 120, 24, 106, 108, 51, 83, 73, 96, 116, 30, 43, 110, 0, 48, 57, 31, 84, 78, 49, 76, 38]
[48, 32, 123, 91, 65, 53, 134, 136, 152, 131, 81, 126, 72, 26, 33, 124, 94, 15, 42, 71, 92, 104, 107, 23, 118, 111, 31, 22, 121, 143, 101, 142, 78, 69, 133, 149, 128, 103, 67, 28, 98, 39, 34, 0, 45, 54, 29, 117, 73, 46, 139, 115, 137, 35, 112, 82]
[30, 19, 66, 50, 37, 32, 72, 74, 94, 70, 44, 67, 40, 88, 39, 92, 49, 29, 64, 83, 69, 59, 76, 12, 81, 15, 55, 84, 43, 78, 87, 51]
[27, 16, 93, 64, 48, 36, 30, 69, 89, 70, 105, 68, 43, 65, 39, 98, 38, 103, 47, 73, 24, 99, 22, 83, 96, 53, 71, 79, 95, 33, 44, 90, 0, 82, 76, 15, 56, 78]
[29, 21, 97, 67, 51, 38, 31, 73, 93, 74, 105, 72, 45, 69, 41, 98, 40, 103, 50, 77, 28, 99, 27, 82, 88, 55, 75, 79, 95, 19, 54, 25, 22, 0, 81, 76]
[52, 36, 127, 93, 68, 56, 139, 140, 163, 135, 82, 130, 74, 156, 71, 35, 91, 49, 67, 48, 146, 29, 103, 153, 80, 147, 155, 114, 94, 159, 124, 105, 117, 70, 32, 100, 43, 38, 0, 141, 57, 33, 107, 102, 150, 75, 143, 151, 152, 149, 39, 128, 83, 99, 122, 77, 15, 41]
[27, 15, 96, 67, 51, 37, 31, 72, 91, 73, 113, 71, 46, 68, 40, 104, 39, 111, 50, 76, 25, 106, 23, 86, 93, 55, 74, 83, 100, 33, 47, 94, 0, 52, 60, 14, 58, 82, 80]
[26, 17, 72, 53, 36, 29, 77, 78, 91, 76, 46, 73, 41, 13, 18, 88, 55, 7, 23, 83, 54, 60, 62, 12, 65, 89, 11, 67, 84, 82]
[50, 35, 127, 92, 67, 56, 138, 140, 176, 135, 82, 130, 73, 170, 70, 34, 90, 147, 48, 66, 47, 155, 57, 101, 143, 152, 168, 61, 83, 163, 1, 95, 116, 62, 109, 151, 149, 74, 156, 165, 79, 145, 38, 118, 131, 146, 98, 42, 76, 17, 40, 171, 78, 161, 21, 69, 150, 114, 87, 142, 23, 28, 30, 89]
[24, 15, 94, 64, 46, 32, 26, 70, 89, 71, 119, 69, 39, 66, 35, 112, 34, 98, 117, 45, 74, 23, 113, 22, 116, 102, 50, 82, 72, 91, 108, 28, 41, 103, 0, 47, 56, 29, 79, 48, 36, 96]
[51, 35, 198, 128, 97, 70, 55, 140, 187, 141, 261, 137, 86, 131, 77, 254, 73, 206, 34, 95, 156, 201, 225, 232, 49, 69, 48, 233, 56, 218, 107, 172, 152, 229, 202, 251, 62, 213, 87, 245, 1, 99, 117, 63, 215, 160, 100, 176, 171, 157, 79, 241, 178, 88, 165, 33, 83, 248, 169, 151, 41, 222, 188, 46, 53, 57, 125, 37, 118, 154, 199, 208, 28, 224, 175, 76, 159, 98, 163, 135, 25, 253, 195, 182, 42, 181, 23, 72, 26, 102, 189]
[120, 77, 312, 229, 160, 130, 341, 343, 121, 333, 200, 318, 179, 129, 170, 74, 223, 362, 116, 157, 112, 158, 132, 253, 352, 133, 379, 145, 204, 374, 3, 236, 282, 68, 267, 252, 355, 183, 115, 376, 193, 178, 88, 286, 377, 357, 245, 97, 188, 30, 91, 383, 192, 169, 40, 165, 349, 276, 218, 314, 47, 58, 62, 222, 315, 280, 146, 35, 134, 173, 320, 335, 26, 244, 61, 199, 84, 181, 368, 275, 348, 225, 186, 365, 23, 164, 317, 293, 42, 283, 20, 80, 303, 24, 278, 117, 305, 385, 373, 196, 285, 233, 334, 1, 37, 237, 310, 270, 360, 342, 56, 126, 138, 297, 329]
[27, 17, 96, 64, 48, 35, 29, 71, 90, 72, 126, 70, 42, 65, 38, 119, 37, 101, 124, 47, 75, 99, 26, 120, 25, 100, 110, 53, 82, 73, 123, 116, 31, 43, 111, 0, 49, 58, 32, 92, 77, 50, 76, 39]
[51, 34, 132, 97, 70, 56, 143, 183, 145, 193, 140, 84, 135, 76, 187, 73, 33, 95, 154, 49, 69, 48, 171, 58, 106, 149, 168, 184, 63, 86, 179, 1, 99, 117, 64, 158, 100, 78, 153, 87, 32, 81, 182, 147, 136, 177, 20, 72, 159, 115, 91, 138, 23, 27, 29, 94, 139, 156, 163, 16, 59, 74, 188, 82, 12, 103, 28, 181]
[27, 18, 67, 50, 35, 29, 73, 74, 95, 71, 45, 68, 40, 88, 39, 93, 49, 26, 89, 25, 78, 15, 55, 85, 43, 79, 84, 60, 51, 56, 37, 16, 53]
[51, 34, 183, 124, 94, 66, 55, 136, 174, 137, 250, 132, 82, 127, 73, 243, 70, 193, 33, 92, 144, 187, 212, 219, 49, 65, 48, 223, 56, 205, 102, 160, 140, 220, 188, 210, 240, 60, 200, 83, 235, 1, 96, 112, 61, 204, 148, 97, 164, 159, 145, 75, 196, 166, 84, 152, 32, 79, 238, 158, 139, 40, 211, 175, 45, 53, 57, 121, 36, 113, 142, 227, 198, 28, 215, 163, 72, 147, 95, 150, 130, 25, 242, 247, 172, 41, 161, 22, 68, 26, 199, 99]
[28, 8, 56, 36, 25, 17, 13, 40, 54, 71, 12, 38, 21, 37, 18, 72, 63, 58, 77, 24, 43, 68, 73, 11, 55]
[14, 9, 49, 35, 28, 21, 15, 38, 45, 55, 37, 24, 36, 22, 46, 11, 52, 29]
[24, 16, 94, 64, 46, 32, 26, 69, 90, 70, 122, 68, 40, 65, 36, 115, 34, 99, 120, 45, 74, 97, 23, 116, 22, 96, 104, 50, 83, 72, 92, 112, 28, 41, 105, 0, 47, 56, 29, 81, 77, 48, 37]
[56, 39, 220, 154, 116, 81, 65, 167, 210, 168, 225, 163, 97, 158, 88, 218, 85, 38, 108, 175, 54, 79, 52, 201, 66, 129, 193, 171, 197, 214, 73, 99, 209, 1, 123, 140, 74, 182, 124, 177, 90, 204, 100, 36, 93, 212, 45, 84, 183, 138, 103, 166, 27, 31, 33, 107, 216, 179, 188, 21, 68, 86, 219, 94, 14, 126, 32, 211, 41]
[29, 19, 102, 71, 52, 37, 31, 76, 98, 77, 131, 75, 46, 72, 40, 120, 39, 129, 51, 82, 27, 122, 26, 100, 106, 56, 91, 78, 97, 115, 33, 48, 107, 0, 53, 63, 34, 85, 54, 43, 94]
[99, 64, 252, 187, 134, 108, 274, 175, 138, 47, 282, 78, 128, 250, 69, 51, 66, 253, 193, 31, 88, 145, 188, 212, 218, 45, 243, 225, 62, 44, 256, 52, 205, 100, 161, 141, 268, 257, 189, 210, 232, 278, 56, 199, 79, 271, 1, 94, 112, 58, 214, 203, 258, 150, 95, 166, 160, 146, 71, 221, 168, 197, 80, 155, 30, 75, 275, 159, 140, 38, 240, 191, 176, 42, 49, 53, 180, 207, 122, 34, 114, 143, 261, 223, 25, 247, 164, 68, 148, 93, 184, 152, 132, 22, 137, 209, 195, 39, 183, 20, 65, 23, 186, 97]
[56, 38, 197, 138, 105, 74, 63, 149, 187, 150, 255, 146, 91, 141, 81, 246, 77, 205, 37, 102, 158, 200, 224, 53, 73, 52, 228, 64, 217, 115, 173, 154, 223, 201, 243, 68, 212, 92, 238, 1, 108, 125, 69, 209, 162, 109, 177, 172, 159, 84, 231, 179, 93, 166, 36, 87, 241, 171, 153, 45, 216, 50, 58, 65, 134, 41, 126, 156, 192, 202, 31, 218, 79, 161, 107, 164, 144, 26, 245, 189, 198, 47, 169, 24, 76, 28, 111, 185]
[26, 18, 65, 48, 33, 28, 70, 71, 102, 69, 43, 66, 39, 90, 36, 99, 47, 74, 25, 92, 24, 76, 80, 53, 86, 42, 79, 14, 57, 49, 62, 54, 60, 34]
[53, 36, 191, 131, 98, 70, 58, 144, 181, 145, 235, 140, 88, 135, 79, 229, 73, 201, 35, 96, 152, 196, 50, 69, 49, 210, 59, 107, 167, 148, 207, 197, 226, 64, 89, 221, 1, 100, 119, 65, 192, 156, 101, 171, 166, 153, 81, 183, 173, 90, 161, 34, 84, 224, 165, 147, 43, 200, 47, 56, 60, 128, 38, 120, 150, 175, 29, 203, 78, 155, 99, 138, 26, 228, 172, 163, 44, 154, 24, 72, 27, 103, 30]
[52, 35, 182, 124, 94, 69, 56, 135, 173, 136, 192, 132, 83, 127, 75, 185, 72, 34, 92, 144, 50, 68, 49, 170, 57, 102, 158, 140, 167, 189, 61, 84, 177, 1, 96, 112, 63, 154, 148, 97, 145, 77, 151, 85, 33, 80, 180, 139, 42, 160, 47, 54, 30, 91, 155, 152, 159, 16, 58, 73, 186, 81, 12, 99, 28, 179, 38, 76, 118, 169, 110]
[52, 36, 195, 134, 101, 72, 57, 147, 185, 148, 250, 142, 89, 137, 78, 243, 75, 205, 35, 99, 155, 200, 225, 50, 70, 49, 224, 58, 217, 110, 170, 151, 221, 201, 240, 62, 90, 234, 1, 104, 122, 63, 206, 159, 105, 175, 169, 156, 81, 196, 178, 91, 164, 33, 84, 237, 168, 150, 42, 212, 47, 55, 59, 131, 38, 123, 153, 188, 227, 28, 214, 77, 158, 102, 162, 140, 24, 242, 241, 213, 43, 192, 22, 74, 25, 107, 181]
[50, 33, 131, 96, 66, 54, 143, 144, 184, 140, 82, 135, 73, 178, 70, 32, 94, 154, 48, 65, 47, 164, 55, 105, 148, 161, 176, 60, 84, 171, 1, 98, 117, 61, 149, 99, 173, 80, 166, 36, 120, 141, 155, 102, 41, 76, 15, 38, 179, 78, 169, 20, 69, 150, 114, 90, 124, 22, 26, 28, 93, 126, 156, 18, 56]
[48, 33, 179, 120, 89, 63, 52, 132, 170, 133, 209, 129, 78, 124, 69, 202, 66, 187, 32, 86, 141, 182, 46, 62, 45, 183, 53, 97, 156, 137, 180, 199, 57, 79, 194, 1, 91, 108, 58, 169, 145, 92, 160, 155, 142, 71, 164, 80, 149, 31, 74, 197, 136, 39, 175, 43, 50, 54, 117, 35, 109, 139, 154, 27, 176, 68, 90, 127, 23, 201, 19, 203, 20, 64, 10, 207, 85, 11]
[49, 32, 202, 132, 98, 68, 53, 152, 191, 153, 271, 147, 82, 135, 74, 263, 71, 212, 31, 96, 160, 206, 234, 242, 47, 66, 46, 238, 55, 224, 106, 177, 156, 235, 207, 258, 60, 219, 83, 252, 1, 100, 120, 61, 218, 165, 101, 182, 175, 162, 76, 208, 184, 85, 169, 30, 79, 256, 173, 155, 38, 226, 192, 43, 51, 56, 129, 34, 122, 158, 200, 210, 26, 229, 181, 73, 164, 99, 167, 140, 23, 262, 196, 185, 39, 171, 21, 70, 24, 103]
[32, 21, 111, 79, 55, 41, 34, 85, 106, 87, 128, 84, 50, 80, 44, 121, 43, 126, 54, 92, 31, 122, 30, 104, 125, 59, 99, 88, 101, 118, 37, 51, 113, 0, 56, 69, 39, 66, 100, 97]
[54, 37, 196, 134, 100, 74, 61, 147, 186, 148, 265, 143, 89, 138, 80, 258, 77, 205, 35, 97, 156, 199, 226, 233, 52, 239, 73, 51, 238, 62, 218, 109, 171, 151, 235, 200, 223, 255, 67, 212, 90, 250, 1, 102, 120, 68, 216, 234, 160, 103, 176, 170, 157, 82, 207, 178, 91, 164, 34, 85, 253, 169, 150, 45, 242, 187, 49, 57, 64, 131, 41, 122, 153, 243, 209, 30, 229, 174, 79, 159, 101, 162, 141, 26, 257, 262, 185, 46, 172, 24, 76, 27, 211]
[52, 35, 196, 135, 100, 70, 56, 147, 186, 148, 207, 144, 87, 138, 77, 200, 73, 34, 98, 156, 50, 69, 48, 183, 58, 109, 172, 152, 180, 197, 64, 89, 191, 1, 102, 123, 65, 168, 160, 103, 157, 79, 161, 90, 33, 83, 195, 151, 42, 175, 46, 54, 60, 97, 170, 165, 174, 17, 150, 74, 201, 84, 13, 137, 105, 27, 194, 38, 78, 128, 182, 120]
[50, 34, 188, 128, 93, 67, 54, 140, 178, 141, 221, 136, 83, 131, 73, 214, 70, 196, 33, 91, 148, 191, 48, 66, 47, 195, 56, 103, 164, 144, 192, 211, 61, 84, 204, 1, 95, 114, 62, 180, 152, 97, 168, 163, 149, 76, 171, 85, 157, 32, 79, 209, 162, 143, 40, 187, 45, 52, 57, 124, 36, 115, 146, 165, 28, 218, 72, 94, 134, 23, 213, 190, 151, 20, 68, 10, 219, 90, 11, 170]
[52, 36, 126, 95, 68, 56, 139, 140, 159, 135, 85, 129, 75, 153, 72, 35, 93, 50, 122, 136, 133, 115, 143, 24, 149, 29, 105, 150, 83, 144, 132, 152, 96, 123, 107, 118, 71, 31, 102, 44, 38, 0, 49, 57, 32, 109, 104, 112, 76, 141, 148, 128, 146, 39, 121, 86, 117, 78]
[114, 72, 272, 207, 150, 124, 293, 295, 115, 288, 184, 277, 167, 123, 160, 70, 201, 312, 110, 147, 106, 148, 125, 225, 304, 126, 351, 134, 186, 346, 3, 211, 248, 136, 324, 213, 315, 171, 170, 189, 67, 177, 287, 301, 91, 296, 101, 120, 128, 265, 79, 250, 349, 179, 26, 276, 217, 56, 183, 78, 168, 258, 337, 242, 321, 255, 252, 203, 317, 338, 23, 153, 41, 354, 42, 279, 21, 74, 200, 24, 282, 111, 57, 240, 196, 345, 310, 181, 251, 290, 210, 234, 166, 1, 37, 237, 212, 280, 347, 335, 332, 51, 121, 129, 36, 82, 218, 353, 259, 216, 359, 40, 105, 300, 224, 190, 94, 35, 135, 214, 319, 4, 298]
[24, 15, 95, 63, 45, 32, 26, 68, 91, 69, 141, 67, 40, 64, 35, 134, 34, 99, 139, 44, 74, 97, 109, 112, 23, 135, 22, 115, 125, 106, 49, 83, 71, 116, 117, 131, 29, 41, 126, 0, 46, 54, 30, 138, 76, 47, 86, 108, 75, 36]
[49, 34, 128, 96, 68, 53, 140, 89, 70, 25, 144, 40, 65, 127, 36, 27, 35, 129, 101, 15, 44, 73, 99, 110, 113, 24, 116, 33, 23, 120, 132, 107, 149, 81, 71, 121, 125, 109, 142, 29, 104, 41, 134, 0, 46, 55, 30, 130, 76, 47, 83, 123, 75]
[26, 17, 100, 66, 46, 33, 28, 75, 76, 108, 74, 40, 67, 36, 97, 35, 103, 45, 79, 24, 98, 23, 81, 88, 50, 39, 87, 14, 59, 47, 102, 64, 56, 61, 34]
[28, 18, 98, 67, 51, 35, 30, 73, 94, 74, 119, 71, 44, 68, 39, 112, 37, 117, 50, 79, 27, 113, 26, 96, 103, 55, 87, 76, 93, 109, 32, 46, 104, 0, 52, 60, 33, 81, 53, 40, 90]
[58, 37, 133, 103, 73, 62, 147, 148, 163, 144, 90, 137, 80, 30, 38, 134, 107, 18, 51, 79, 105, 116, 119, 25, 129, 122, 36, 24, 132, 155, 113, 154, 88, 77, 146, 160, 140, 115, 76, 32, 110, 47, 39, 0, 53, 63, 33, 128, 82, 54, 152, 126, 150, 41, 123, 91]
[27, 16, 97, 65, 47, 34, 29, 72, 92, 73, 135, 70, 42, 67, 37, 128, 36, 101, 133, 46, 77, 99, 111, 26, 129, 25, 108, 118, 52, 85, 75, 105, 112, 125, 31, 43, 119, 0, 48, 57, 32, 126, 80, 49, 87, 103, 79, 39]
[51, 35, 125, 94, 68, 56, 138, 139, 157, 135, 83, 129, 74, 151, 71, 127, 97, 18, 46, 73, 95, 107, 110, 25, 121, 113, 34, 24, 149, 29, 104, 148, 81, 140, 123, 128, 134, 106, 70, 31, 100, 43, 37, 0, 48, 57, 32, 102, 114, 75, 49, 146, 120, 143, 38, 96]
[104, 70, 255, 190, 137, 114, 278, 280, 105, 272, 168, 260, 151, 113, 144, 68, 184, 149, 191, 216, 223, 52, 244, 274, 267, 229, 285, 51, 291, 59, 209, 292, 163, 286, 269, 273, 192, 254, 248, 214, 235, 141, 63, 203, 85, 76, 1, 99, 116, 64, 218, 206, 259, 153, 100, 290, 162, 150, 78, 233, 257, 170, 201, 86, 157, 32, 81, 296, 161, 143, 43, 256, 195, 179, 48, 56, 60, 183, 220, 125, 36, 117, 146, 226, 238, 28, 200, 263, 167, 75, 152, 97, 187, 155, 135, 24, 140, 279, 275, 44, 258, 22, 71, 215, 25, 198, 102, 293]
[29, 19, 69, 53, 38, 31, 74, 75, 89, 73, 47, 70, 41, 83, 20, 86, 55, 11, 25, 76, 54, 60, 62, 15, 63, 87, 14, 64, 16, 59]
[30, 21, 98, 68, 51, 39, 32, 74, 93, 75, 112, 73, 46, 69, 42, 104, 41, 110, 50, 78, 29, 105, 28, 88, 94, 55, 76, 84, 101, 34, 47, 95, 1, 52, 103, 81, 20, 60]
[52, 32, 196, 129, 95, 68, 56, 142, 186, 143, 243, 139, 84, 132, 75, 233, 71, 204, 31, 92, 151, 199, 49, 67, 48, 216, 57, 104, 169, 147, 212, 200, 230, 62, 85, 225, 1, 98, 117, 63, 207, 159, 99, 174, 168, 153, 77, 191, 176, 86, 163, 30, 80, 228, 167, 146, 41, 206, 45, 54, 58, 126, 34, 118, 149, 184, 26, 208, 74, 157, 96, 161, 137, 23, 232, 180, 193, 42, 197, 21, 70, 24, 101, 194]
[31, 19, 116, 82, 53, 40, 33, 90, 112, 91, 125, 89, 47, 83, 43, 118, 42, 123, 51, 97, 27, 119, 26, 102, 108, 65, 93, 99, 115, 37, 63, 24, 20, 0, 101, 96, 18]
[25, 16, 63, 46, 32, 27, 68, 69, 93, 67, 41, 64, 35, 87, 34, 91, 45, 72, 23, 88, 22, 75, 79, 52, 84, 40, 78, 13, 56, 47, 61, 53, 58, 33]
[53, 36, 131, 98, 72, 58, 143, 183, 145, 193, 140, 87, 134, 79, 187, 75, 35, 96, 155, 51, 71, 50, 172, 59, 108, 150, 169, 184, 65, 88, 179, 1, 101, 119, 66, 158, 103, 81, 154, 89, 34, 84, 182, 148, 135, 177, 20, 74, 159, 117, 92, 138, 23, 28, 30, 94, 139, 156, 163, 17, 60, 76, 188, 85, 12, 105, 29, 181]
[53, 36, 198, 134, 102, 69, 57, 146, 185, 147, 213, 142, 91, 137, 79, 203, 72, 35, 100, 155, 50, 68, 49, 184, 58, 110, 170, 150, 181, 200, 62, 92, 194, 1, 104, 122, 63, 168, 159, 105, 156, 83, 161, 93, 34, 87, 210, 149, 43, 176, 47, 55, 59, 131, 19, 186, 73, 205, 89, 15, 136, 107, 29, 197, 38, 80, 128, 183, 120, 166, 126, 125]
[27, 18, 96, 66, 48, 35, 30, 71, 91, 72, 126, 70, 43, 67, 38, 119, 37, 101, 124, 47, 76, 98, 26, 120, 25, 102, 110, 52, 84, 74, 104, 116, 32, 44, 111, 0, 49, 58, 33, 86, 79, 50, 77, 40, 80]
[52, 35, 131, 98, 34, 29, 138, 70, 91, 71, 27, 69, 42, 65, 130, 37, 142, 36, 102, 17, 46, 75, 99, 112, 115, 26, 118, 143, 25, 119, 145, 109, 148, 82, 72, 121, 124, 141, 31, 105, 43, 132, 0, 49, 57, 32, 114, 77, 50, 85, 123, 76]
[25, 16, 104, 70, 50, 34, 27, 77, 100, 80, 116, 75, 42, 71, 37, 109, 36, 114, 49, 83, 24, 110, 23, 92, 99, 55, 81, 87, 105, 30, 44, 107, 0, 91, 84, 15, 58, 86]
[25, 17, 97, 64, 48, 33, 27, 72, 92, 73, 134, 71, 40, 65, 36, 125, 35, 101, 131, 47, 76, 99, 24, 126, 23, 108, 116, 52, 84, 74, 104, 110, 122, 30, 42, 117, 0, 49, 57, 31, 90, 78, 50, 102, 77, 37, 83]
[24, 16, 65, 48, 33, 26, 71, 72, 91, 70, 42, 66, 38, 85, 36, 89, 47, 23, 63, 81, 69, 58, 74, 10, 79, 13, 54, 82, 41, 76, 84, 49]
[27, 19, 97, 65, 48, 35, 29, 71, 93, 72, 134, 69, 42, 66, 38, 128, 37, 101, 133, 47, 76, 99, 26, 129, 25, 111, 119, 52, 85, 73, 107, 113, 125, 31, 43, 120, 0, 49, 58, 32, 126, 78, 50, 87, 104, 77, 39]
[56, 36, 133, 101, 72, 61, 145, 146, 166, 142, 89, 136, 80, 159, 76, 35, 99, 52, 128, 143, 140, 120, 149, 25, 155, 30, 110, 156, 87, 150, 139, 158, 102, 129, 112, 123, 75, 32, 107, 44, 38, 0, 50, 62, 33, 114, 109, 118, 81, 147, 154, 135, 152, 39, 127, 90, 122, 83]
[27, 19, 95, 65, 48, 35, 29, 71, 91, 72, 115, 70, 42, 66, 38, 108, 37, 113, 46, 75, 26, 109, 25, 92, 99, 53, 83, 73, 89, 105, 32, 43, 100, 0, 49, 59, 33, 76, 50, 39, 60]
[51, 32, 132, 98, 70, 58, 144, 145, 164, 141, 86, 135, 77, 156, 73, 31, 46, 75, 99, 113, 116, 23, 128, 120, 146, 22, 136, 26, 109, 153, 84, 147, 133, 137, 143, 112, 123, 72, 28, 104, 42, 34, 0, 48, 59, 29, 108, 114, 78, 49, 151, 130, 149, 36, 102, 87, 119]
[51, 33, 203, 136, 101, 67, 55, 150, 192, 151, 241, 146, 87, 141, 77, 234, 71, 211, 32, 98, 160, 206, 49, 66, 48, 212, 56, 110, 177, 154, 209, 231, 60, 88, 224, 1, 103, 122, 61, 198, 164, 104, 182, 176, 161, 80, 187, 184, 89, 169, 31, 84, 229, 175, 153, 40, 204, 44, 53, 57, 132, 36, 123, 157, 180, 27, 205, 75, 102, 144, 24, 233, 189, 193, 41, 68, 10, 239, 97, 11]
[51, 33, 183, 123, 92, 66, 55, 135, 174, 136, 253, 132, 81, 127, 72, 246, 69, 193, 32, 90, 145, 187, 214, 221, 49, 65, 48, 226, 56, 206, 100, 159, 139, 222, 189, 212, 243, 60, 200, 82, 237, 1, 94, 111, 61, 204, 149, 95, 164, 158, 146, 74, 196, 166, 83, 153, 31, 78, 241, 157, 138, 40, 213, 175, 46, 53, 57, 120, 36, 112, 143, 230, 198, 27, 216, 163, 71, 148, 93, 151, 130, 24, 245, 250, 173, 41, 160, 21, 68, 25, 199, 97]
[25, 16, 92, 63, 46, 32, 27, 69, 88, 70, 107, 68, 40, 64, 36, 100, 34, 105, 44, 73, 24, 101, 23, 85, 91, 52, 71, 81, 97, 29, 41, 104, 0, 48, 57, 30, 55, 80, 78]
[53, 38, 200, 138, 101, 71, 58, 152, 190, 153, 211, 148, 89, 141, 77, 204, 74, 37, 98, 160, 51, 70, 50, 186, 59, 113, 175, 156, 183, 208, 64, 90, 194, 1, 104, 124, 65, 171, 164, 106, 161, 80, 168, 91, 36, 85, 198, 155, 44, 178, 48, 56, 30, 97, 172, 169, 177, 19, 60, 75, 205, 86, 15, 108, 29, 197, 40, 78, 131, 185, 122]
[50, 33, 191, 127, 92, 66, 54, 142, 179, 143, 261, 137, 82, 130, 73, 254, 70, 200, 31, 90, 150, 195, 219, 225, 47, 232, 65, 46, 233, 55, 212, 101, 166, 146, 230, 196, 217, 251, 59, 206, 83, 245, 1, 94, 113, 60, 210, 214, 154, 96, 170, 165, 151, 75, 204, 172, 84, 159, 30, 79, 249, 164, 145, 40, 221, 180, 44, 52, 56, 185, 123, 35, 114, 148, 197, 237, 26, 224, 169, 72, 153, 93, 157, 135, 23, 253, 194, 252, 41, 168, 21, 68, 24, 171]
[51, 33, 189, 129, 99, 69, 57, 141, 179, 142, 258, 138, 87, 132, 75, 251, 72, 197, 32, 97, 150, 192, 218, 226, 48, 67, 47, 230, 58, 211, 107, 165, 145, 227, 193, 216, 248, 62, 204, 88, 243, 1, 101, 118, 63, 209, 154, 102, 169, 164, 151, 78, 199, 171, 89, 158, 31, 83, 246, 163, 144, 39, 217, 180, 44, 54, 59, 126, 35, 119, 147, 235, 202, 27, 220, 168, 74, 153, 100, 156, 135, 24, 250, 255, 177, 40, 166, 22, 71, 25, 203, 104]
[28, 17, 96, 64, 48, 35, 30, 70, 90, 71, 102, 69, 43, 65, 38, 93, 37, 100, 47, 76, 26, 94, 25, 77, 83, 53, 42, 82, 13, 58, 49, 98, 62, 55, 60]
[28, 18, 69, 52, 38, 31, 74, 75, 98, 73, 47, 70, 41, 92, 40, 96, 51, 27, 93, 26, 80, 13, 57, 88, 46, 81, 87, 62, 53, 58, 39, 16, 55]
[50, 34, 194, 129, 96, 67, 55, 141, 182, 142, 231, 138, 86, 133, 76, 224, 71, 203, 33, 94, 153, 197, 48, 66, 47, 211, 56, 106, 167, 146, 199, 221, 60, 87, 215, 1, 98, 116, 61, 185, 157, 101, 172, 166, 154, 78, 177, 174, 88, 161, 32, 83, 219, 165, 145, 40, 228, 44, 52, 57, 126, 36, 117, 150, 168, 27, 195, 75, 97, 136, 23, 223, 206, 156, 20, 68, 10, 229, 93, 11]
[27, 17, 97, 65, 48, 35, 29, 70, 92, 71, 136, 69, 42, 66, 38, 129, 37, 101, 134, 46, 77, 99, 110, 25, 130, 24, 112, 120, 52, 85, 73, 107, 113, 126, 31, 43, 121, 0, 49, 58, 32, 94, 80, 50, 87, 105, 79, 39]
