-1.0701736211776733
-0.9315579533576965
-1.2993640899658203
-0.8439704775810242
-1.3032270669937134
-0.795939564704895
-1.1648098230361938
-0.9974551796913147
-1.130007266998291
-0.7177026271820068
-0.9856135249137878
-0.9951635003089905
-1.020707607269287
-0.726752758026123
-1.330185890197754
-0.7908089756965637
-0.8956003189086914
-0.8050243854522705
-1.1458790302276611
-0.8874503374099731
-1.562274694442749
-0.9594172239303589
-1.3371297121047974
-0.8574523329734802
-1.1137820482254028
-1.0114589929580688
-1.6722966432571411
-0.7661860585212708
-1.152881145477295
-0.8868446946144104
-1.1668788194656372
-1.1073731184005737
-1.005810022354126
-0.9057288765907288
-1.2028553485870361
-0.8898424506187439
-1.3325103521347046
-0.8404039144515991
-1.080135464668274
-0.7539429068565369
-1.1428905725479126
-0.7648058533668518
-1.1676207780838013
-0.8407666087150574
-1.168392300605774
-0.8104861974716187
-1.0593029260635376
-0.8238625526428223
-1.0440584421157837
-0.7622472047805786
-1.1655360460281372
-0.8073108792304993
-1.3394705057144165
-0.944991409778595
-1.3990188837051392
-0.8233383893966675
-1.1499665975570679
-0.7726637721061707
-1.2946544885635376
-0.7871413826942444
-1.2029188871383667
-0.9147407412528992
-1.4335724115371704
-0.7929731607437134
-0.9333013892173767
-0.9868412613868713
-0.8678023815155029
-0.9003067016601562
-1.1517775058746338
-0.8753722310066223
-1.0167156457901
-0.8858026266098022
-0.9294577240943909
-0.9388964772224426
-0.9803133606910706
-0.8370708227157593
-1.5121296644210815
-0.9200397729873657
-1.0839663743972778
-1.0859527587890625
-1.132810115814209
-0.6861308813095093
-1.0941647291183472
-1.1040923595428467
-1.0288221836090088
-0.7555108666419983
-1.2427105903625488
-0.884069561958313
-1.3751877546310425
-0.9084476232528687
-0.9740704298019409
-0.9084145426750183
-0.9813145995140076
-0.9007627964019775
-1.0999033451080322
-0.9827666878700256
-1.265375018119812
-0.9151071310043335
-1.2201437950134277
-0.9466798305511475
-1.154598593711853
-1.1769939661026
-1.1321767568588257
-1.1016002893447876
-1.3162221908569336
-0.8815267086029053
-1.1293443441390991
-0.7620596289634705
-1.3468619585037231
-0.755479633808136
-1.1037940979003906
-0.7568761706352234
-1.0758509635925293
-0.7042121887207031
-1.680483102798462
-0.8002614378929138
-1.171047568321228
-0.8502436280250549
-1.1408079862594604
-0.6655084490776062
-0.994408369064331
-0.9899727702140808
-1.3745917081832886
-0.8448594212532043
-1.18251371383667
-1.0066579580307007
-0.9541282653808594
-0.8962987065315247
-1.0590226650238037
-0.9685023427009583
-1.4013479948043823
-0.9562827944755554
-1.397981882095337
-0.9623887538909912
-1.1193618774414062
-0.9956822991371155
-1.156490445137024
-1.0187610387802124
-1.039898157119751
-1.0592581033706665
-1.2841534614562988
-0.5511353611946106
-1.019065022468567
-0.9872957468032837
-1.153122067451477
-0.6743393540382385
-1.1554309129714966
-1.331710696220398
-1.0466059446334839
-0.8340755701065063
-0.9972918629646301
-1.0904796123504639
-1.076246976852417
-0.9695900082588196
-0.9678341746330261
-0.757565438747406
-1.0178037881851196
-0.6854557991027832
-1.2015844583511353
-0.7967707514762878
-1.1111516952514648
-0.8434627056121826
-1.1331650018692017
-0.7933259010314941
-1.0408440828323364
-0.7896664142608643
-1.304084062576294
-1.084118127822876
-1.0859018564224243
-0.7382354140281677
-1.3146957159042358
-0.9787598848342896
-1.0743248462677002
-0.9130688905715942
-1.2609227895736694
-0.9847968816757202
-1.252441167831421
-1.0126187801361084
-1.1502366065979004
-1.0059058666229248
-1.3840081691741943
-0.9161208868026733
-1.1798685789108276
-0.9548254609107971
-0.9206811785697937
-1.162132740020752
-0.9072580337524414
-0.8959082961082458
-1.3776166439056396
-0.9977579116821289
-0.8744001984596252
-0.8575593829154968
-1.0416784286499023
-0.698599100112915
-0.9520807266235352
-0.909982442855835
-1.2180938720703125
-1.0438042879104614
-1.3313347101211548
-1.0120917558670044
