-0.9486913084983826
-1.0656704902648926
-1.427032232284546
-1.1522799730300903
-1.4008564949035645
-0.9033317565917969
-1.1802066564559937
-1.1155526638031006
-1.2133371829986572
-1.0017558336257935
-1.1161035299301147
-1.1323373317718506
-1.1315737962722778
-0.8825076222419739
-1.4290624856948853
-0.9138504266738892
-1.0714678764343262
-0.844115674495697
-1.0379289388656616
-2.043125867843628
-1.3326671123504639
-1.1497808694839478
-1.4555847644805908
-1.01846182346344
-1.2695205211639404
-1.1809653043746948
-1.5765080451965332
-0.9259898066520691
-1.4773805141448975
-1.0705052614212036
-1.276616096496582
-1.2628889083862305
-1.1130917072296143
-1.3056782484054565
-1.210362195968628
-1.1166902780532837
-1.2239809036254883
-0.9809206128120422
-1.218823790550232
-0.9445233345031738
-1.0751264095306396
-0.9327737092971802
-1.3946928977966309
-1.0622045993804932
-1.2378549575805664
-0.8681176900863647
-1.172998070716858
-0.9495965242385864
-1.0698975324630737
-0.8504557013511658
-1.0440891981124878
-1.0604580640792847
-1.223044991493225
-1.145193338394165
-1.575690746307373
-1.086129069328308
-1.0520058870315552
-0.9795917272567749
-1.422532558441162
-0.9438984394073486
-1.3490163087844849
-1.0698819160461426
-1.4971834421157837
-0.8384164571762085
-0.9686134457588196
-1.2295726537704468
-0.9041605591773987
-1.0164281129837036
-1.2319506406784058
-1.0047478675842285
-1.0126171112060547
-0.9929044246673584
-0.9265403747558594
-1.1769617795944214
-1.1239253282546997
-1.0205817222595215
-1.816117763519287
-1.030684232711792
-1.116248369216919
-1.5229227542877197
-1.1681419610977173
-0.7790879607200623
-1.2453763484954834
-1.2265145778656006
-1.0350897312164307
-0.9331556558609009
-1.3339353799819946
-1.039923906326294
-1.407771348953247
-1.0931239128112793
-1.0647846460342407
-1.0319819450378418
-0.9449077248573303
-0.9795069694519043
-1.278160572052002
-1.3162438869476318
-1.524204134941101
-1.139729380607605
-1.4340815544128418
-1.0686571598052979
-1.202733039855957
-1.2737548351287842
-1.117089033126831
-1.3170552253723145
-1.2796697616577148
-1.2662193775177002
-1.0975980758666992
-0.878262996673584
-1.4649853706359863
-1.055903434753418
-1.0575411319732666
-0.9017707705497742
-1.1228073835372925
-0.7982920408248901
-2.144758462905884
-0.9621338248252869
-1.1618341207504272
-0.9835085272789001
-1.283735752105713
-0.8967138528823853
-1.058434247970581
-1.1492291688919067
-1.3923006057739258
-0.9958146810531616
-1.1859949827194214
-1.2183276414871216
-1.086742639541626
-1.0540850162506104
-1.1110601425170898
-1.1879695653915405
-1.454346776008606
-1.1579347848892212
-1.2107720375061035
-1.0678073167800903
-1.0917857885360718
-0.8963516354560852
-1.1940330266952515
-1.3302987813949585
-1.1673403978347778
-1.2639719247817993
-1.2613682746887207
-0.7140302062034607
-1.0656055212020874
-1.1053025722503662
-1.2380479574203491
-0.7537727355957031
-1.1209616661071777
-1.3722864389419556
-1.2688106298446655
-1.0173735618591309
-1.1666213274002075
-1.2181720733642578
-1.0777904987335205
-1.5583016872406006
-1.0486562252044678
-0.9719224572181702
-1.0698134899139404
-0.8361421227455139
-1.3233880996704102
-1.0585174560546875
-1.2319550514221191
-0.9954182505607605
-1.1167007684707642
-1.0516183376312256
-1.060410737991333
-1.0698429346084595
-1.3641526699066162
-1.1985480785369873
-1.0718061923980713
-0.8324007391929626
-1.3399391174316406
-1.2281872034072876
-0.9802564382553101
-1.1501445770263672
-1.4246779680252075
-1.2074737548828125
-1.3288651704788208
-1.1691596508026123
-1.1362305879592896
-1.3284565210342407
-1.4214928150177002
-1.0752837657928467
-1.157345175743103
-1.0585857629776
-1.0954785346984863
-1.2240402698516846
-1.0939098596572876
-1.0322383642196655
-1.4628098011016846
-1.2056185007095337
-1.0237698554992676
-0.9526280164718628
-1.0447571277618408
-0.9033240675926208
-0.9772760272026062
-1.0597256422042847
-1.3203518390655518
-1.294082760810852
-1.2523473501205444
-1.1988426446914673
