-0.683274507522583
-0.7588977813720703
-1.0234777927398682
-0.726472795009613
-1.3397630453109741
-0.6328084468841553
-0.8741855025291443
-0.7157064080238342
-1.026346206665039
-0.5875909328460693
-0.7914851307868958
-0.8643481731414795
-0.9297164678573608
-0.6096934080123901
-1.0945764780044556
-0.7508314251899719
-0.7633785605430603
-0.7056921720504761
-0.7995262145996094
-1.365065336227417
-1.1681188344955444
-0.7136155366897583
-1.1205624341964722
-0.7850540280342102
-0.7930206060409546
-0.8488225936889648
-1.3204046487808228
-0.6173940300941467
-0.873859703540802
-0.6765793561935425
-0.9506367444992065
-0.9808434844017029
-0.8692970275878906
-0.8323602080345154
-0.83292156457901
-0.7254334688186646
-0.9369067549705505
-0.6932461261749268
-0.9555549621582031
-0.6871858239173889
-0.8585235476493835
-0.5412895083427429
-0.9298684000968933
-0.7590337991714478
-0.9684408903121948
-0.7400147318840027
-0.9163617491722107
-0.7030425667762756
-0.8426636457443237
-0.6768651008605957
-0.8643444180488586
-0.7311554551124573
-1.1234406232833862
-0.780072033405304
-1.0904314517974854
-0.6732117533683777
-0.8012532591819763
-0.6578594446182251
-1.1286085844039917
-0.5827344059944153
-0.8100563287734985
-0.7647507786750793
-1.1431560516357422
-0.7492508292198181
-0.6789951324462891
-0.9026319980621338
-0.7042616009712219
-0.7551635503768921
-0.9653782248497009
-0.701539158821106
-0.8009883165359497
-0.6840705871582031
-0.7288564443588257
-0.7957720160484314
-0.7329649329185486
-0.7252058386802673
-1.115279197692871
-0.7673943042755127
-0.830201268196106
-0.9622285962104797
-1.0600733757019043
-0.6418206095695496
-0.9089326858520508
-0.984803318977356
-0.7523321509361267
-0.6377353668212891
-1.064100742340088
-0.8452795743942261
-0.8955915570259094
-0.8065010905265808
-0.7403489947319031
-0.7470834851264954
-0.7487695813179016
-0.7141379117965698
-0.9604160189628601
-0.911409854888916
-0.9728615283966064
-0.7982974052429199
-1.0418355464935303
-0.8064101934432983
-0.9072557091712952
-1.0929685831069946
-0.9131525754928589
-0.9289911389350891
-1.0091882944107056
-0.6979465484619141
-0.7664011716842651
-0.6522244215011597
-1.2163262367248535
-0.6959373354911804
-0.7072137594223022
-0.7220684289932251
-0.9115710258483887
-0.5726380944252014
-1.6201257705688477
-0.6874483823776245
-0.8686944842338562
-0.685241162776947
-0.8872805237770081
-0.5583456754684448
-0.7878706455230713
-0.9103689789772034
-1.0650709867477417
-0.7281992435455322
-0.8633288741111755
-0.797463059425354
-0.7101879715919495
-0.7029117345809937
-0.901931643486023
-0.7914552092552185
-1.2663031816482544
-0.7815940380096436
-1.03511381149292
-0.9112783670425415
-0.7846208214759827
-1.0107420682907104
-0.9277222752571106
-0.8437406420707703
-0.8571009635925293
-0.8442188501358032
-0.9198060035705566
-0.40558484196662903
-0.8875318765640259
-0.8239747881889343
-0.9281099438667297
-0.5568644404411316
-0.9464095830917358
-1.1634188890457153
-0.8780691623687744
-1.2432056665420532
-0.8837452530860901
-0.862920880317688
-0.8637917637825012
-0.8301486968994141
-0.6861914992332458
-0.6481192708015442
-0.8100837469100952
-0.5913097262382507
-0.9465919733047485
-0.6093475818634033
-0.9937769174575806
-0.6688801646232605
-0.8121859431266785
-0.6543242931365967
-0.8725495338439941
-0.6421208381652832
-0.9946831464767456
-0.828406572341919
-0.7734144926071167
-0.6639218926429749
-1.040625810623169
-0.6847559809684753
-0.9121190309524536
-0.7320569753646851
-1.058274745941162
-0.8622704148292542
-1.0278923511505127
-1.0280190706253052
-1.0829205513000488
-0.8709043264389038
-1.0448360443115234
-0.7821381688117981
-1.001131296157837
-0.7580848336219788
-0.809108316898346
-0.7814688086509705
-0.7979905605316162
-0.7093257904052734
-1.0609678030014038
-0.948245108127594
-0.7242553234100342
-0.6785417795181274
-0.865074872970581
-0.5596151947975159
-0.6876122355461121
-0.7931315302848816
-0.9578055739402771
-0.9304201006889343
-0.9226405024528503
-0.8732253909111023
