-1.4149754047393799
-1.434579849243164
-1.9742109775543213
-1.6007357835769653
-1.813295841217041
-1.307357668876648
-1.4722226858139038
-1.4499019384384155
-1.500322699546814
-1.3750216960906982
-1.3687381744384766
-1.5863189697265625
-1.4405547380447388
-1.2169586420059204
-1.7934417724609375
-1.395473837852478
-1.931241512298584
-1.207223892211914
-1.3886075019836426
-1.361645221710205
-1.7087759971618652
-1.692714810371399
-1.8279253244400024
-1.2932636737823486
-1.538926124572754
-1.5110385417938232
-1.9365534782409668
-1.2651351690292358
-1.667148232460022
-1.528570294380188
-1.7092866897583008
-1.3902794122695923
-1.4015963077545166
-1.8554035425186157
-1.7368760108947754
-1.4881030321121216
-1.6745926141738892
-1.3298851251602173
-1.541487216949463
-1.3014380931854248
-1.4547779560089111
-1.3056193590164185
-1.6121033430099487
-1.5797580480575562
-1.5172502994537354
-1.2541477680206299
-1.5748928785324097
-1.2104089260101318
-1.4605427980422974
-1.2848210334777832
-1.4328185319900513
-1.3641515970230103
-1.6324838399887085
-1.6689881086349487
-2.002319812774658
-1.3754733800888062
-1.5016331672668457
-1.23544180393219
-1.8430819511413574
-1.2912499904632568
-2.0309031009674072
-1.4324476718902588
-2.0311906337738037
-1.2424756288528442
-1.2201974391937256
-1.5697680711746216
-1.2159427404403687
-1.3086316585540771
-1.6653786897659302
-1.3349075317382812
-1.36603581905365
-1.3825982809066772
-1.3141981363296509
-1.6287943124771118
-1.3530434370040894
-1.43974769115448
-2.1796987056732178
-1.2983824014663696
-1.6783796548843384
-1.8462575674057007
-1.6215695142745972
-1.160222053527832
-1.6033213138580322
-1.6256684064865112
-1.4931371212005615
-1.3024122714996338
-1.6656289100646973
-1.4476330280303955
-2.0498299598693848
-1.3674871921539307
-1.4414936304092407
-1.3488999605178833
-1.2149176597595215
-1.323632836341858
-1.5648212432861328
-1.3618578910827637
-2.1859822273254395
-1.5350863933563232
-1.7213852405548096
-1.4396241903305054
-1.7108209133148193
-1.7516601085662842
-1.5469677448272705
-1.621337652206421
-1.9246903657913208
-1.7758736610412598
-1.395126461982727
-1.2152273654937744
-1.7605676651000977
-1.4076391458511353
-1.5259275436401367
-1.361999750137329
-1.696154236793518
-1.0261764526367188
-2.5665228366851807
-1.325884461402893
-1.4852972030639648
-1.3907684087753296
-1.634224534034729
-1.2838976383209229
-1.4546701908111572
-1.6982780694961548
-1.897335410118103
-1.4640192985534668
-1.576578974723816
-1.54194974899292
-1.4774922132492065
-1.4817739725112915
-1.5421533584594727
-1.5697184801101685
-2.010556221008301
-1.8079205751419067
-1.721083641052246
-1.2270814180374146
-1.5708754062652588
-1.274778127670288
-1.6057277917861938
-1.5838003158569336
-1.6091610193252563
-1.766957402229309
-1.6751374006271362
-1.0886907577514648
-1.5208948850631714
-1.5169836282730103
-1.6779283285140991
-1.1043870449066162
-1.5912559032440186
-1.5596821308135986
-2.0090723037719727
-1.449119210243225
-1.4845527410507202
-1.5773767232894897
-1.400397777557373
-1.9487354755401611
-1.4940425157546997
-1.3127073049545288
-1.2889217138290405
-1.2330933809280396
-1.7395731210708618
-1.5442513227462769
-1.4950553178787231
-1.299230933189392
-1.6585427522659302
-1.459257960319519
-1.5012602806091309
-1.4365227222442627
-1.8275730609893799
-1.728203296661377
-1.4115722179412842
-1.0360066890716553
-1.8798190355300903
-1.798200249671936
-1.4560197591781616
-1.4686942100524902
-1.6625038385391235
-1.3996206521987915
-1.5859602689743042
-1.682491421699524
-1.4540656805038452
-1.4675542116165161
-1.8576631546020508
-1.4563331604003906
-1.4541891813278198
-1.3944226503372192
-1.3522582054138184
-1.7233043909072876
-1.4675503969192505
-1.4206562042236328
-1.9867318868637085
-1.8257532119750977
-1.4693148136138916
-1.2956218719482422
-1.2691078186035156
-1.2725958824157715
-1.325643539428711
-1.3428441286087036
-1.5720303058624268
-1.4899204969406128
-1.6910033226013184
-1.4635463953018188
