0.320751052615898
0.3232789224712178
0.3117502653039992
0.7229637634009123
0.8163100332021713
0.28489523474127054
0.7624250233173371
0.7778567082455589
0.6593414288945496
0.3989869985315535
0.6677790703251958
0.48840099410153925
0.5129380383295938
0.502801263704896
0.6108897108584642
0.41271444506544086
0.7180206999182701
0.4856373406946659
0.49585017209242593
0.5057822244125418
0.7571551743894815
0.45159586359347614
0.4045082328787733
0.6577282392730316
0.5384941710425275
0.4953600183620842
0.32468788356830675
0.27338429550743765
0.21495668347924948
0.8044667519629002
0.34816266553077313
0.9677912294864655
0.4571996221784502
0.4534657221287489
0.4168157540132395
0.5782682006683899
0.45712530000933577
0.5008542318052301
0.43020880185067656
0.6923052742079433
0.8036120354421049
0.4127003243629588
0.5656192168179486
0.844923350427832
0.7411524827281634
0.2724003057926893
0.6045649364590645
0.24752782506402582
0.6441207602620125
0.5659398915595375
0.3725971016101539
0.09982216954231263
0.18568219400185626
0.7446165746077895
0.7933457110077142
0.5603408336639404
0.6675802413374186
0.7330131812486798
0.7374516179164251
0.4434505517128855
0.7336827525869012
0.2345234918674188
0.25052073535819847
0.6620867541059852
0.4470021240413189
0.5237836468964815
0.5051056987472943
0.5872068330645561
0.6052983768417367
0.5317262390162796
0.507792296508948
0.7918604003886381
0.6063559371978045
0.5851132740887502
0.45064010057184434
0.6238898374140263
0.054957245010882616
0.9721294522285462
0.5482339654117823
0.28735700852121226
0.015749051980674268
0.39078993648290633
0.21316022165119647
0.15909581910818815
0.8645409941673279
0.9047922313213348
0.7467603832483292
0.7324581653811038
0.022672255628276617
0.8221328603950414
0.5035495397501758
0.7991421859090527
0.6805291765421215
0.6678598693438939
0.8785305619239807
0.6073863133788109
0.05846408707293449
0.7475774369456551
0.6361453448043903
0.42081743345728945
0.16084749076107982
0.6649778683980306
0.8956788778305054
0.5620264736004174
0.3521218956448138
0.26198460002030644
0.5269507623484565
0.5725011627267426
0.6918315351009369
0.5552495903801173
0.5248454979620873
0.8082386255264282
0.2009698909241706
0.7254162235185504
0.9790399074554443
0.40056531809802565
0.35775678666929406
0.32277835346758366
0.5840436732396483
0.5770283945603296
0.5106154786335537
0.4336888591060415
0.38246316063062596
0.661844256692954
0.49008419337527204
0.6899180884162585
0.5689762343652547
0.07978710776660591
0.5833142437040806
0.43892462462342036
0.3441822431981564
0.545141619630158
0.702837847173214
0.69719253256917
0.4839087242260575
0.6580734090413898
0.2842566167237237
0.06871192390099168
0.9695243835449219
0.08593794219195842
0.7729301303625107
0.3026236585962276
0.8920746743679047
0.6275116614997387
0.5086483317936654
0.9518529772758484
0.2896948531270027
0.04500711629710471
0.48151160031557083
0.7006082138395868
0.5340705207607244
0.6942189145289982
0.7401423423667438
0.26485698521137235
0.47035463211230105
0.7376137716429574
0.6857710553126203
0.6271336236968637
0.9240625330380031
0.4575492130931128
0.26151811331510544
0.40909800991519457
0.619525330860845
0.33282454749375273
0.6251048482954502
0.5177786733667531
0.37207424103204784
0.6830165456980467
0.4930671558249742
0.9804110378026962
0.8878018061319987
0.23314237371087074
0.7091128661808658
0.6287622474289188
0.23994837204615274
0.6545339524745941
0.34547078592533415
0.2635911477264017
0.6284920388716273
0.41915696965796606
0.5699502853931335
0.27263040095567703
0.7616992446904381
0.38358468003571033
0.4470018414780498
0.056986047653481364
0.36164510203525424
0.47839593739869696
0.26733790077269076
0.5667467929888517
0.6270331850003762
0.5410569378097231
0.7419509366154671
0.6008270606657283
0.614726937841624
0.6382158430293202
0.2996077951975167
0.943312923113505
0.3932824787450954
0.317899818578735
