0.7917665243148804
0.8982292413711548
0.8982770442962646
0.9922219514846802
0.9645324349403381
0.9830752015113831
0.9049184918403625
0.9781959652900696
0.9780225157737732
0.9857383966445923
0.9322490692138672
0.9738143086433411
0.9209158420562744
0.9927774667739868
0.9458240270614624
0.9802701473236084
0.9535984396934509
0.9883272051811218
0.9596133232116699
0.9664337635040283
0.8170647025108337
0.9825297594070435
0.9021356105804443
0.9698007702827454
0.9642530679702759
0.9595008492469788
0.9188161492347717
0.9775098562240601
0.9651570916175842
0.9291157722473145
0.9599787592887878
0.9000352621078491
0.9695590734481812
0.9787761569023132
0.9575000405311584
0.9764522910118103
0.82073575258255
0.9939119815826416
0.9499219059944153
0.938401997089386
0.9675370454788208
0.9660910367965698
0.9423441290855408
0.9911476969718933
0.9280322790145874
0.9581813216209412
0.9365026354789734
0.9484574198722839
0.9100417494773865
0.9862974286079407
0.9535875916481018
0.9254218935966492
0.9531727433204651
0.9735918045043945
0.9262312054634094
0.976413905620575
0.8072964549064636
0.9870859980583191
0.8326810002326965
0.9828959703445435
0.9370795488357544
0.9882497191429138
0.9397618174552917
0.9884230494499207
0.933500349521637
0.9676464796066284
0.9344143271446228
0.9632447361946106
0.9218553304672241
0.9737864136695862
0.9434840083122253
0.9809361696243286
0.9276745915412903
0.989941418170929
0.9598100185394287
0.990519106388092
0.8732507228851318
0.987097442150116
0.9651486873626709
0.9119501113891602
0.9523358941078186
0.9777021408081055
0.9577001929283142
0.8909618258476257
0.9654381275177002
0.9849836826324463
0.757550835609436
0.964709997177124
0.926516592502594
0.9598580002784729
0.9588965773582458
0.9896199107170105
0.9602799415588379
0.8643527626991272
0.9334971308708191
0.9731135964393616
0.9757555723190308
0.9818704128265381
0.930552065372467
0.9772990345954895
0.947292149066925
0.9351251125335693
0.9571353197097778
0.987223207950592
0.98703932762146
0.9936376214027405
0.9519220590591431
0.9679455757141113
0.9664417505264282
0.9951425194740295
0.9585230350494385
0.990449070930481
0.8723804950714111
0.9947277307510376
0.9701961874961853
0.9063012599945068
0.9520375728607178
0.9734053015708923
0.8965619206428528
0.9729201197624207
0.8952565789222717
0.9517236948013306
0.925502598285675
0.9850972890853882
0.9474214315414429
0.9659860730171204
0.9472876191139221
0.9853165149688721
0.960349977016449
0.9825252890586853
0.8261473178863525
0.977127194404602
0.961388885974884
0.9924740791320801
0.9548951387405396
0.9735254049301147
0.9334797263145447
0.9758650064468384
0.7766403555870056
0.9886722564697266
0.9507971405982971
0.9605562090873718
0.9573842883110046
0.9779616594314575
0.9462848901748657
0.9596922397613525
0.9018459320068359
0.9589763283729553
0.9587551355361938
0.9119868278503418
0.9258909821510315
0.9596775770187378
0.9612348675727844
0.9741851687431335
0.9406487345695496
0.9671384692192078
0.9327536225318909
0.9794079065322876
0.9710734486579895
0.941246747970581
0.893516480922699
0.9775133728981018
0.9331289529800415
0.9259692430496216
0.9265809059143066
0.9849035739898682
0.9626955389976501
0.9505968689918518
0.9379308819770813
0.9962006211280823
0.942547082901001
0.9306187629699707
0.9706835150718689
0.8887092471122742
0.9545546174049377
0.9395593404769897
0.9402602910995483
0.96783447265625
0.9840104579925537
0.9928423166275024
0.9176207184791565
0.9808346629142761
0.9617283940315247
0.9849439859390259
0.9410238862037659
0.9829912781715393
0.9744670391082764
0.926918089389801
0.9492576718330383
0.9845782518386841
0.9158058166503906
0.9748721718788147
0.9334926605224609
0.9834462404251099
0.9183527827262878
0.9873391389846802
0.9434011578559875
0.9698657393455505
0.9011462926864624
0.9611823558807373
