0.9776867628097534
0.934553861618042
0.8931673169136047
0.9909529685974121
0.9826744198799133
0.9908361434936523
0.9760043621063232
0.9647419452667236
0.994718074798584
0.9972384572029114
0.9774255156517029
0.9946262836456299
0.9403508901596069
0.994049608707428
0.9735451936721802
0.9940020442008972
0.9846404790878296
0.9947630763053894
0.984931230545044
0.9917286038398743
0.9711356163024902
0.9829979538917542
0.9682773947715759
0.990580677986145
0.9895967245101929
0.9424293637275696
0.9856652617454529
0.9786399006843567
0.9765259623527527
0.9853873252868652
0.9794767498970032
0.9855881333351135
0.9829384088516235
0.9885185956954956
0.9923815727233887
0.9935189485549927
0.9832318425178528
0.9423457384109497
0.981265664100647
0.9789718389511108
0.9910632967948914
0.9903404712677002
0.9728373885154724
0.9966737031936646
0.9615386724472046
0.982953667640686
0.9785211086273193
0.9858563542366028
0.984855592250824
0.997050404548645
0.9855207800865173
0.990619957447052
0.9923227429389954
0.9930129647254944
0.9501662850379944
0.9894770383834839
0.9031206965446472
0.9148804545402527
0.8986167311668396
0.9803324341773987
0.9914891719818115
0.9919874668121338
0.9671668410301208
0.9975005984306335
0.9668028950691223
0.9883177280426025
0.9891361594200134
0.9661316871643066
0.9476936459541321
0.9419333338737488
0.9829371571540833
0.9891815781593323
0.9947945475578308
0.9952256083488464
0.9922401905059814
0.9981790781021118
0.8868961334228516
0.9974097013473511
0.9844962358474731
0.9781972765922546
0.9752627015113831
0.9967129826545715
0.9873201251029968
0.9052477478981018
0.9950408935546875
0.9962055087089539
0.8044549822807312
0.9843974113464355
0.9114730954170227
0.9922797083854675
0.9869828820228577
0.9974384307861328
0.992747962474823
0.8929904699325562
0.9459817409515381
0.9947935938835144
0.9801383018493652
0.9866722822189331
0.9654785394668579
0.9899522662162781
0.9743820428848267
0.9939403533935547
0.9791430830955505
0.9972841739654541
0.9932103753089905
0.9916393160820007
0.9796849489212036
0.9888406991958618
0.9882072806358337
0.9820916652679443
0.9943243265151978
0.9944679141044617
0.9120488166809082
0.9885251522064209
0.9954266548156738
0.9933748245239258
0.9707586169242859
0.9888473153114319
0.9162545204162598
0.9790151119232178
0.9810166954994202
0.98146653175354
0.9674885272979736
0.9973248839378357
0.99619460105896
0.9862797260284424
0.9917564392089844
0.9930451512336731
0.9816332459449768
0.9873090982437134
0.8003779053688049
0.9930233359336853
0.990981936454773
0.9944918751716614
0.9794764518737793
0.9946206212043762
0.9595186114311218
0.992335319519043
0.9027648568153381
0.9963189959526062
0.9714800119400024
0.9910414218902588
0.9852240085601807
0.9902377724647522
0.9546377062797546
0.986176609992981
0.9521878361701965
0.9586166739463806
0.9778503775596619
0.9915189146995544
0.9491206407546997
0.973357617855072
0.9619495868682861
0.9465452432632446
0.9793896675109863
0.9978801012039185
0.9835156798362732
0.9930342435836792
0.9888225793838501
0.9884967803955078
0.936204731464386
0.9916890859603882
0.9904921650886536
0.9962359070777893
0.9825609922409058
0.9938294887542725
0.987112283706665
0.9861063957214355
0.9680216908454895
0.9989712834358215
0.909686803817749
0.9941706657409668
0.9408549070358276
0.9936363101005554
0.9913046956062317
0.9948451519012451
0.9738855957984924
0.9770635962486267
0.9928903579711914
0.996441125869751
0.9665163159370422
0.9959309697151184
0.9708051085472107
0.9921234846115112
0.977405846118927
0.9803195595741272
0.9752437472343445
0.9913880228996277
0.9721226692199707
0.9776908755302429
0.9900206327438354
0.979483962059021
0.9823077917098999
0.9806997776031494
0.9839003682136536
0.9975470304489136
0.9427061676979065
0.9311726689338684
0.9595069289207458
0.9706161618232727
