0.573306978014963
0.4861867549479939
0.23170699458569288
0.8205790147185326
0.929707333445549
0.6570972353219986
0.8378398895263672
0.9763732022709317
0.9856444001197815
0.47393456665385103
0.7493738923221827
0.7159521505236626
0.9136925041675568
0.9651676565408707
0.7683181066066027
0.8543262372591666
0.6606243817756573
0.7854299023747444
0.6934908213006565
0.8229796573868953
0.7484838659875095
0.6892050243914127
0.5959252534885309
0.8075697148839632
0.7109906880983284
0.6199740477216741
0.6660618341217438
0.49369693676837617
0.21577434884384275
0.9008469760417939
0.7143608808650502
0.9846423715353012
0.6411529131000862
0.5564152115024626
0.6659252937469218
0.5396617434016662
0.7088847630989871
0.6714871213771403
0.7113278537988663
0.9260415690285819
0.8989428441976391
0.13763268504823958
0.7136964859027002
0.9858171343803406
0.7801551471153895
0.7966890535317361
0.7928452780470252
0.8638037517666817
0.7141427681781352
0.7460306414868683
0.6027039019390941
0.7833187915384769
0.701588663039729
0.7384353708475828
0.7993619613349437
0.6709902375936508
0.7997411932530147
0.8972974108447406
0.8990658770004908
0.5161709309156451
0.9904574155807495
0.591612109914422
0.36176272357503575
0.7347595741351446
0.49278545193374157
0.7214082087390125
0.9619789378983634
0.7764787971973419
0.7550584780318397
0.6969136463478207
0.7414671505490938
0.8704493640818529
0.9309556348757311
0.829132834992682
0.6395306513748236
0.7339497625827789
0.11742375651374459
0.993546462059021
0.5219792434945703
0.5212214505590964
0.7563990298658609
0.6772032748907805
0.6292647361755371
0.07705626791963975
0.7253652960062027
0.908426995575428
0.8600170761346817
0.7438446953892708
0.45258579067885873
0.9106729274446314
0.5733739150372068
0.8032400691881776
0.8668228830728266
0.8161743219409671
0.9098633110523224
0.7904915448278189
0.12362795323133469
0.7967643805525519
0.2651804352644831
0.7160526567937008
0.4516130885283928
0.6693581410994133
0.9065744976202647
0.7379317946732045
0.7758153952658177
0.4593852155542533
0.653820483531389
0.719933753212293
0.6554303467273712
0.8729000449180603
0.5477803932502866
0.9845331609249115
0.9721524566411972
0.9315652847290039
0.9827657341957092
0.5117504695829537
0.5222659856081009
0.4287422150373459
0.5008761034114286
0.7723134110371271
0.6212901274484466
0.5008968636102509
0.3459576004340003
0.8189157701078026
0.3322721275423343
0.795331209897995
0.8429713868536055
0.19268497708253562
0.9555269628763199
0.45116567846788613
0.7759787656366826
0.6615572646260262
0.9898703098297119
0.9085184454917907
0.7912300731986761
0.8330775558948517
0.27872285759076476
0.5694808578118682
0.7594364744145423
0.41885168105363846
0.9756977132388523
0.5487534376346351
0.9927030056715012
0.819715540856123
0.9714778363704681
0.9696609914302826
0.86174209912618
0.07715019389676551
0.808704748749733
0.8858126774430275
0.5691418150672689
0.6835681816252569
0.8792348351329565
0.4584822691977024
0.6448636344737477
0.8096525967121124
0.6371329515758488
0.8237936020595953
0.9220907858439854
0.8006813666698608
0.35097941756248474
0.7099890460570654
0.7860862064090642
0.4457243241680165
0.9916101098060608
0.6795934385565274
0.47292596474289894
0.9430672526359558
0.740215479163453
0.990386888384819
0.9006816695133845
0.5620366997085512
0.8837861333574567
0.585968402097933
0.5956519525498152
0.5663862437009811
0.6035843507640741
0.8304727077484131
0.7393022511678282
0.9520238382475716
0.8303330428898335
0.5080594934988767
0.7509002846976122
0.528329380787909
0.7077607503626495
0.31118264465476386
0.5177516176675757
0.5351763615229478
0.4080838732421398
0.5304981459339615
0.7531820159056224
0.7463171674559513
0.7211940395645797
0.6718194099246628
0.9299449771642685
0.655841201916337
0.5710189698729664
0.9492839475472769
0.7349005237221717
0.6966540068387985
