0.8741417527198792
0.9357656240463257
0.9101557731628418
0.9955573678016663
0.9635952115058899
0.9911604523658752
0.903289794921875
0.9791824817657471
0.9841921925544739
0.9904066920280457
0.9463989734649658
0.9892306327819824
0.9170585870742798
0.9942066669464111
0.9634528756141663
0.987850546836853
0.9655761122703552
0.990782618522644
0.9617805480957031
0.9692751169204712
0.82981276512146
0.9912422299385071
0.902050793170929
0.9790968894958496
0.9684679508209229
0.9692814946174622
0.9366903305053711
0.9824457764625549
0.9674456119537354
0.9406964778900146
0.9632514119148254
0.9049853682518005
0.9752619862556458
0.9877875447273254
0.981400191783905
0.977933406829834
0.9304739236831665
0.99627286195755
0.9622344374656677
0.9272398352622986
0.9725911021232605
0.9682440161705017
0.9658194780349731
0.9940269589424133
0.9344871044158936
0.9801117181777954
0.9760542511940002
0.9845655560493469
0.916394829750061
0.9909147620201111
0.9499682784080505
0.9819731116294861
0.9617924690246582
0.9902019500732422
0.9324049949645996
0.9831650257110596
0.8067191243171692
0.9942697286605835
0.828675389289856
0.985899031162262
0.9427793622016907
0.9913349151611328
0.9373014569282532
0.9957016110420227
0.9539254903793335
0.9850717782974243
0.9662953615188599
0.9650782942771912
0.9362567663192749
0.9803174138069153
0.9516087174415588
0.9835718870162964
0.9455531239509583
0.9922941327095032
0.9524558186531067
0.9963591694831848
0.8640894889831543
0.9910420775413513
0.9768698215484619
0.9463345408439636
0.9600656032562256
0.988883376121521
0.9668753147125244
0.898034930229187
0.9686012268066406
0.9897105097770691
0.7608020901679993
0.9716652035713196
0.9378023147583008
0.9704124927520752
0.9715299010276794
0.9932368397712708
0.9624396562576294
0.8692894577980042
0.9335188865661621
0.9787126779556274
0.9767116904258728
0.9856589436531067
0.9287022352218628
0.9882304668426514
0.9655162692070007
0.9491972327232361
0.9539550542831421
0.9942778944969177
0.98714679479599
0.9963338375091553
0.9508122205734253
0.9716034531593323
0.9709613919258118
0.9958519339561462
0.9561982154846191
0.9936304688453674
0.8856009840965271
0.9963428378105164
0.9335966110229492
0.9318740963935852
0.9490513205528259
0.9832644462585449
0.9075116515159607
0.9753791093826294
0.9156168103218079
0.9812139868736267
0.9538540840148926
0.9934001564979553
0.9555661082267761
0.9677000641822815
0.9618529677391052
0.9858757853507996
0.964923620223999
0.9898475408554077
0.8081304430961609
0.9831691980361938
0.9708558917045593
0.9935542941093445
0.959998607635498
0.9907146096229553
0.930489182472229
0.9865797758102417
0.768306314945221
0.9955418109893799
0.9540571570396423
0.9803407788276672
0.970703661441803
0.9902821183204651
0.9501597285270691
0.9820238351821899
0.9051942825317383
0.9747148752212524
0.9793919324874878
0.9575909972190857
0.9294610023498535
0.9859359860420227
0.9645612239837646
0.9760802984237671
0.9431092739105225
0.969248354434967
0.9420469999313354
0.989476203918457
0.9663943648338318
0.969338059425354
0.9049065113067627
0.983597457408905
0.9520930051803589
0.9348437786102295
0.9171761870384216
0.9902746677398682
0.9672221541404724
0.9891119599342346
0.9466238617897034
0.9975170493125916
0.9424752593040466
0.9476493000984192
0.9744347333908081
0.887406051158905
0.9510617852210999
0.9880800843238831
0.9546580910682678
0.9740791916847229
0.9851034283638
0.9941582083702087
0.9347475171089172
0.9907823204994202
0.9682577848434448
0.9897461533546448
0.9503394365310669
0.9836217761039734
0.9747096300125122
0.9815824627876282
0.9472346305847168
0.9925853610038757
0.9235160946846008
0.9811407327651978
0.9318607449531555
0.9893765449523926
0.9169637560844421
0.9928598403930664
0.9389780759811401
0.9700164794921875
0.9141356348991394
0.9675837755203247
