0.992458701133728
0.9997707605361938
0.9633709192276001
0.9994212985038757
0.9882668256759644
0.9997647404670715
0.9933573007583618
0.999639093875885
0.9966769218444824
0.9998369216918945
0.9898766279220581
0.9996038675308228
0.9738512635231018
0.9985474944114685
0.9444315433502197
0.9999231696128845
0.9931479692459106
0.9997192621231079
0.9875686764717102
0.997514545917511
0.8832204341888428
0.9914577007293701
0.9867384433746338
0.9992321133613586
0.995302677154541
0.9896879196166992
0.9807763695716858
0.9995862245559692
0.9886528849601746
0.9995263814926147
0.9823808670043945
0.9991976618766785
0.9870501756668091
0.9973877668380737
0.9955660104751587
0.9993892908096313
0.9932961463928223
0.999622106552124
0.9955904483795166
0.999334454536438
0.9965478181838989
0.9988879561424255
0.9796187877655029
0.9987730383872986
0.9466768503189087
0.9994634389877319
0.9779736995697021
0.9987162351608276
0.9938405156135559
0.9999269247055054
0.9876013994216919
1.000000238418579
0.9919130802154541
0.9992873668670654
0.9613022804260254
0.9956547021865845
0.9938758015632629
0.9993844032287598
0.9482734203338623
0.9989560842514038
0.9822863340377808
0.9998319149017334
0.9798034429550171
0.9994055032730103
0.9897760152816772
0.9972131252288818
0.9955310225486755
0.9906319975852966
0.9750410318374634
0.9966686964035034
0.9971290826797485
0.9997265338897705
0.9978955388069153
0.9998675584793091
0.9961411952972412
0.999912440776825
0.8814113736152649
0.999565064907074
0.9874984622001648
0.9939794540405273
0.9869235754013062
0.9989664554595947
0.9809666872024536
0.9926354885101318
0.9930993318557739
0.9986332654953003
0.8919858336448669
0.9928094148635864
0.9808823466300964
0.9995374083518982
0.9958876371383667
0.9999699592590332
0.9991406798362732
0.9979736804962158
0.9789237380027771
0.9992112517356873
0.9412928223609924
0.9994606971740723
0.9874414205551147
0.9989441633224487
0.993606448173523
0.9999997615814209
0.9963218569755554
0.99907386302948
0.9944667816162109
0.9991461038589478
0.9979047775268555
0.9986394643783569
0.9934254288673401
0.9967048168182373
0.9937723875045776
0.9971071481704712
0.9320446252822876
0.9989409446716309
0.9976785182952881
0.9985830783843994
0.9805222153663635
0.999620258808136
0.9917476177215576
0.9978737831115723
0.9925718307495117
0.9984815120697021
0.9824745655059814
0.9993910789489746
0.998593807220459
0.9991124868392944
0.9923510551452637
0.9996832609176636
0.9777325987815857
0.9983035326004028
0.8440091609954834
0.9995771646499634
0.9980431795120239
0.9991939067840576
0.978183388710022
0.995179295539856
0.9800890684127808
0.9966149926185608
0.9784727096557617
0.999427080154419
0.9945197105407715
0.9990239143371582
0.9824131727218628
0.9998060464859009
0.9889079332351685
0.9989967346191406
0.9669517278671265
0.9900621175765991
0.9930727481842041
0.9998983144760132
0.9714443683624268
0.9981585144996643
0.9956754446029663
0.9939615726470947
0.9758806228637695
0.9996783137321472
0.993520975112915
0.9985712766647339
0.9964737892150879
0.9985363483428955
0.9720395803451538
0.9992236495018005
0.9971827268600464
0.9998491406440735
0.9799628257751465
0.9996949434280396
0.994674026966095
0.9996752738952637
0.9789270162582397
0.9994667768478394
0.9862688779830933
0.9998717904090881
0.9925520420074463
0.99965500831604
0.9891929626464844
0.9762430191040039
0.9652299880981445
0.9997618198394775
0.9969648122787476
0.9995907545089722
0.9884127974510193
0.9996167421340942
0.9700920581817627
0.9992061853408813
0.9758089184761047
0.9998525381088257
0.9864242672920227
0.9984707236289978
0.9879813194274902
0.999133825302124
0.9917027950286865
0.9948908090591431
0.9799652695655823
0.999237060546875
0.9975385665893555
0.9989734292030334
0.9647829532623291
0.9970018267631531
0.9659610986709595
0.997696042060852
