0.9885450601577759
0.9916273951530457
0.9207279682159424
0.995669424533844
0.9868524074554443
0.9914961457252502
0.9899353981018066
0.9756836891174316
0.9930446147918701
0.9989370107650757
0.9843876361846924
0.9937736988067627
0.9225901365280151
0.9969496726989746
0.9377979040145874
0.9987773895263672
0.9902955889701843
0.9978345632553101
0.987393856048584
0.9935654401779175
0.972644567489624
0.9759843349456787
0.9806041717529297
0.9980133771896362
0.9922653436660767
0.9731038808822632
0.9779509902000427
0.9922611713409424
0.9878218173980713
0.9897351264953613
0.9793214797973633
0.9958254098892212
0.981410801410675
0.9818158149719238
0.9930621981620789
0.9894877672195435
0.989097535610199
0.9301953315734863
0.9918990731239319
0.9861267805099487
0.9932435750961304
0.996448814868927
0.967216968536377
0.9967988729476929
0.9431792497634888
0.9944767951965332
0.9665864706039429
0.9943225383758545
0.9778826236724854
0.9991490840911865
0.980920672416687
0.9959001541137695
0.9937868118286133
0.9968361854553223
0.961936891078949
0.9931384921073914
0.951142430305481
0.9611539840698242
0.945085883140564
0.9917954206466675
0.9827254414558411
0.9880788326263428
0.9787753820419312
0.9960142374038696
0.9792550802230835
0.9935307502746582
0.9924039840698242
0.9834709167480469
0.9387591481208801
0.9559743404388428
0.9899051785469055
0.9973264932632446
0.9953645467758179
0.9987409114837646
0.9941383600234985
0.9987324476242065
0.8749663233757019
0.9977261424064636
0.9792851209640503
0.9927513599395752
0.986417829990387
0.9973856806755066
0.9805160164833069
0.8190666437149048
0.9907182455062866
0.9969930648803711
0.8853269219398499
0.9853730797767639
0.971396803855896
0.992708683013916
0.9894300103187561
0.998231053352356
0.9964401721954346
0.9266929030418396
0.950688898563385
0.9979869723320007
0.9396305680274963
0.9868740439414978
0.9857311844825745
0.995866060256958
0.9906332492828369
0.9868580102920532
0.9923253059387207
0.9973312616348267
0.9928072690963745
0.9968798160552979
0.9872751235961914
0.993349015712738
0.9913027286529541
0.9918593168258667
0.9923648834228516
0.9962950348854065
0.9179291725158691
0.9950000643730164
0.9949218034744263
0.9954178929328918
0.9743187427520752
0.9966873526573181
0.9169708490371704
0.9888452291488647
0.9776386618614197
0.9898862838745117
0.9828433990478516
0.9967386722564697
0.9976283311843872
0.9919333457946777
0.9875749945640564
0.9920710325241089
0.9778075218200684
0.996619701385498
0.8397892713546753
0.9969053268432617
0.9936699867248535
0.9972467422485352
0.9616187810897827
0.9913603663444519
0.9658706188201904
0.9886907339096069
0.9524143934249878
0.9976755380630493
0.9915587902069092
0.997765064239502
0.9824404716491699
0.9873906373977661
0.9857087135314941
0.9864482879638672
0.9591546654701233
0.9582229852676392
0.9904074668884277
0.9876124262809753
0.9711660742759705
0.9704420566558838
0.9701628684997559
0.9886565208435059
0.9575408697128296
0.9991028308868408
0.9818980693817139
0.9963538646697998
0.9955918788909912
0.9920167922973633
0.9667404294013977
0.9966389536857605
0.9903244376182556
0.9986125230789185
0.980889081954956
0.9977757334709167
0.9929569363594055
0.9794160723686218
0.9240496158599854
0.9981056451797485
0.9757662415504456
0.9986845254898071
0.9845502376556396
0.9782838821411133
0.9892810583114624
0.9760404229164124
0.9582453966140747
0.9968776702880859
0.9945046901702881
0.9973294734954834
0.9824022054672241
0.9946862459182739
0.9635377526283264
0.9973089694976807
0.9010601043701172
0.9885854721069336
0.9662597179412842
0.9971047639846802
0.9720813632011414
0.9970625042915344
0.9907337427139282
0.9890872240066528
0.980202317237854
0.9739977121353149
0.9840129017829895
0.9962371587753296
0.9594038128852844
0.963798463344574
0.9565367698669434
0.9900422096252441
