0.9848865866661072
0.9981741309165955
0.9328453540802002
0.9990825653076172
0.9849673509597778
0.9983699917793274
0.9798346161842346
0.9970182180404663
0.9953708052635193
0.9988707900047302
0.9837048053741455
0.9984936118125916
0.9467023611068726
0.9980939626693726
0.9791283011436462
0.9956839084625244
0.9924407601356506
0.9964938759803772
0.9873756170272827
0.9972886443138123
0.9829885959625244
0.9928706884384155
0.9779521822929382
0.9904603362083435
0.9950906038284302
0.9459383487701416
0.9874812364578247
0.9983769059181213
0.979892909526825
0.9903659224510193
0.9843185544013977
0.9903249144554138
0.9846124053001404
0.9890629053115845
0.994937539100647
0.9989274740219116
0.985100507736206
0.9963009357452393
0.9811109304428101
0.9893320798873901
0.9915477633476257
0.9958692789077759
0.990476131439209
0.9977455735206604
0.9634462594985962
0.9873945116996765
0.9810060262680054
0.9985738396644592
0.9940447807312012
0.9987998604774475
0.9874154925346375
0.9936625361442566
0.9915371537208557
0.9988501667976379
0.9475648999214172
0.9902165532112122
0.9905685782432556
0.9995478391647339
0.8989478349685669
0.9955787658691406
0.9923585653305054
0.9948726296424866
0.9650052785873413
0.998055636882782
0.9862024784088135
0.9902727603912354
0.9948306679725647
0.9929599165916443
0.9733557105064392
0.997306764125824
0.9826415181159973
0.9927543997764587
0.995769202709198
0.9973272681236267
0.9917565584182739
0.9999247789382935
0.8878094553947449
0.9987800717353821
0.9859166741371155
0.9819871187210083
0.9769739508628845
0.9971852898597717
0.9908302426338196
0.9074464440345764
0.9952195882797241
0.9972948431968689
0.8520402312278748
0.9884915351867676
0.9405841827392578
0.9984786510467529
0.9905482530593872
0.9985933303833008
0.9962499737739563
0.974757194519043
0.952370285987854
0.9967244863510132
0.9797847270965576
0.9903564453125
0.9754128456115723
0.9968426823616028
0.9792796969413757
0.9996808171272278
0.9823970198631287
0.9990733861923218
0.9933334589004517
0.9972673654556274
0.9884304404258728
0.9926912188529968
0.9936402440071106
0.9867303967475891
0.9954057335853577
0.9976108074188232
0.9167202711105347
0.9994957447052002
0.9966191053390503
0.9957844614982605
0.9784224629402161
0.9966492056846619
0.9124264121055603
0.99785977602005
0.9890153408050537
0.9974313378334045
0.9744694828987122
0.9970823526382446
0.9969434142112732
0.9886586666107178
0.9932175874710083
0.995703399181366
0.9818565249443054
0.9888151288032532
0.8150400519371033
0.9937734603881836
0.9931939244270325
0.9970977306365967
0.9875742197036743
0.99781334400177
0.9819295406341553
0.9928775429725647
0.8930133581161499
0.9972826242446899
0.9806807041168213
0.9937853217124939
0.9867486357688904
0.9901100397109985
0.9640340805053711
0.9984018206596375
0.9557906985282898
0.9557723999023438
0.9811686873435974
0.9923713803291321
0.9478448629379272
0.9820371866226196
0.9915829300880432
0.9503151774406433
0.9878745079040527
0.9989449977874756
0.9894564151763916
0.9947514533996582
0.9894843101501465
0.9947375059127808
0.9359456300735474
0.9981099367141724
0.9920899868011475
0.9988940358161926
0.9801298975944519
0.9978391528129578
0.9899463653564453
0.9891112446784973
0.9873778820037842
0.9995229840278625
0.9070704579353333
0.9993176460266113
0.9463127255439758
0.9975507855415344
0.9911878108978271
0.995616614818573
0.9777665734291077
0.9993771314620972
0.9941907525062561
0.9970958232879639
0.9809014797210693
0.9990566372871399
0.9796813130378723
0.9962142705917358
0.9844682216644287
0.9839959144592285
0.989599883556366
0.9930025339126587
0.982896089553833
0.9972795248031616
0.9917863607406616
0.9811865091323853
0.9822093844413757
0.9966863989830017
0.9963774085044861
0.9990164637565613
0.9593464136123657
0.9913576245307922
0.9737529158592224
0.9925451278686523
