-1.4938069581985474
-1.1812273263931274
-2.2222957611083984
-0.8317658305168152
-1.769644021987915
-0.7339781522750854
-1.4756693840026855
-0.9580023288726807
-1.6562323570251465
-0.7273285984992981
-1.4895483255386353
-1.1170752048492432
-1.941756010055542
-0.7544976472854614
-2.1759331226348877
-0.9917830228805542
-1.4189231395721436
-0.9066587686538696
-1.6729538440704346
-1.5525997877120972
-1.922133207321167
-0.9860872626304626
-1.8384323120117188
-1.1139789819717407
-1.5159997940063477
-0.9917166829109192
-2.326237678527832
-0.8306490778923035
-1.816921353340149
-0.8470231890678406
-1.873702883720398
-1.1085925102233887
-1.873608112335205
-1.1343798637390137
-1.5361462831497192
-1.045135736465454
-2.0123515129089355
-0.9420753121376038
-1.7544937133789062
-1.004305362701416
-1.4774709939956665
-0.7597846388816833
-1.7755309343338013
-0.8771737813949585
-1.4955220222473145
-0.8912336230278015
-1.8551335334777832
-0.9255155920982361
-1.6301101446151733
-0.806964099407196
-2.208542585372925
-1.039554476737976
-1.6512305736541748
-0.9838587045669556
-1.991808533668518
-0.9958682060241699
-1.2679864168167114
-0.8564352989196777
-1.9491147994995117
-0.7974300980567932
-1.8165004253387451
-0.9355119466781616
-2.3726861476898193
-1.1824729442596436
-1.2850159406661987
-1.0544263124465942
-1.3482377529144287
-0.9127008318901062
-1.8284651041030884
-0.9194490909576416
-1.3241710662841797
-0.9333662390708923
-1.4221256971359253
-0.9760664701461792
-1.3460026979446411
-0.8245855569839478
-2.3210859298706055
-0.911855161190033
-2.1561014652252197
-1.1412389278411865
-1.9714382886886597
-0.8179502487182617
-2.182675361633301
-1.2057344913482666
-1.709962010383606
-1.0033265352249146
-2.8071606159210205
-1.002901554107666
-2.0124430656433105
-2.280254602432251
-1.4144502878189087
-0.9235027432441711
-1.3474057912826538
-0.939808189868927
-1.3396490812301636
-0.9496003985404968
-1.7796604633331299
-0.979534924030304
-2.332209587097168
-0.975924015045166
-1.4660826921463013
-1.1169837713241577
-1.8864775896072388
-1.0362457036972046
-2.2495975494384766
-0.8816397786140442
-1.8649895191192627
-0.8010478615760803
-1.9938361644744873
-0.9898921251296997
-1.288887858390808
-0.9803885817527771
-1.7611567974090576
-0.8025849461555481
-2.2100367546081543
-1.2215917110443115
-2.139714241027832
-0.9990643858909607
-1.8673406839370728
-0.7825833559036255
-1.5372618436813354
-1.093180775642395
-2.064310073852539
-0.886584997177124
-1.4345364570617676
-1.1102465391159058
-1.5253448486328125
-0.8605891466140747
-1.9244850873947144
-0.9926150441169739
-2.035930633544922
-0.9104198813438416
-1.6658363342285156
-1.0649914741516113
-1.8014031648635864
-1.1226871013641357
-1.6851983070373535
-1.0485148429870605
-2.0343611240386963
-1.0590251684188843
-1.785668134689331
-0.648042619228363
-1.6900815963745117
-1.104156255722046
-2.3020613193511963
-0.7713997960090637
-1.9194855690002441
-1.5173344612121582
-1.713388442993164
-2.08901047706604
-1.81300950050354
-1.1455656290054321
-1.5471241474151611
-1.1373618841171265
-1.4134997129440308
-0.8350992202758789
-1.6035583019256592
-0.7611305713653564
-1.3820213079452515
-0.8467158675193787
-2.0495638847351074
-0.9744036197662354
-1.324429988861084
-0.8727343082427979
-1.8604143857955933
-0.8943096995353699
-1.969106674194336
-1.0676838159561157
-2.0174777507781982
-0.8957819938659668
-1.8631635904312134
-0.950977623462677
-2.0589749813079834
-1.0228279829025269
-1.8090119361877441
-1.2754780054092407
-2.333638906478882
-1.2174344062805176
-2.014491081237793
-1.0226778984069824
-1.742047905921936
-0.9262682795524597
-1.77315354347229
-0.9367561936378479
-1.947590708732605
-0.9256949424743652
-1.6330233812332153
-1.009624719619751
-1.9716267585754395
-1.1631226539611816
-1.5275592803955078
-0.8718090653419495
-1.519426941871643
-0.8395799398422241
-1.2890679836273193
-1.0608597993850708
-2.0605545043945312
-1.0302886962890625
-2.056589365005493
-1.1293376684188843
