[[9, 12, 7, 16, 18, 0, 5, 19, 22, 21, 4, 13], [13, 15, 24, 2, 8, 11, 19, 22, 0, 3, 9, 16], [7, 0, 9, 11, 14, 15, 19, 3, 12, 16], [9, 14, 3, 26, 0, 11, 17], [2, 20, 15, 9, 3, 6], [15, 18, 7, 8, 2, 11, 19], [23, 35, 7, 37, 15, 25, 10, 19, 28, 32]]
[[2, 4, 8, 12, 5, 9, 3, 13, 6], [8, 3, 12, 14], [9, 10, 5, 13, 14, 2, 15, 1, 11, 12, 3], [11, 20, 1, 12, 4, 6, 14]]
[[50, 12, 14, 0, 9, 18, 27, 35, 39, 45, 54, 57, 1, 7, 19, 28, 40, 55, 34, 13, 29, 41, 31, 43, 56, 58, 20], [32, 42, 53, 64, 75, 9, 12, 0, 4, 20, 25, 35, 45, 56, 57, 7, 21, 26, 33, 43, 54, 65, 76, 83, 11, 10, 18, 17, 34, 8, 5, 24, 22, 66, 85, 87]]
[[10, 9, 17, 6, 12, 13, 18], [9, 3, 1], [9, 21, 1, 11, 4, 10], [14, 3, 6, 18, 11, 19, 10, 5, 4, 15, 16], [19, 8, 11, 0, 3, 7, 9, 12, 5], [17, 25, 5, 3, 7, 10, 14, 6, 4, 22, 2, 8], [19, 12, 14, 23, 24, 7, 16], [14, 15, 11, 18]]
[[12, 3, 6, 15, 4, 16, 2, 9, 8, 13], [13, 34, 41, 47, 52, 2, 14, 4, 6, 10, 21, 29, 32, 54, 0, 19, 43, 3, 25, 18, 26, 55, 23, 24], [15, 26, 20, 23, 19, 2, 10, 3, 7, 11], [9, 14, 20, 18, 2, 6, 3]]
[[10, 4, 13, 23, 3, 12, 2, 11, 5, 7, 24], [4, 8, 2, 9, 7, 1, 0, 10], [2, 6, 12, 19, 4, 9, 13, 17, 1, 16, 3, 15], [16, 1, 7, 10, 5, 4, 2, 14, 17], [6, 9, 20]]
[[14, 11, 5, 7, 18, 0, 3, 8, 15], [10, 3, 6, 9, 15, 17, 4], [8, 15, 23, 1, 17, 6, 12, 3, 9, 19], [15, 45, 17, 27, 36, 6, 10, 23, 30, 33, 43, 0, 7, 21, 24, 31], [8, 15, 1, 13, 17, 6, 11, 18, 3]]
[[10, 15, 7, 12, 2, 13, 1], [7, 0, 12, 15, 18, 22, 1, 4, 13, 19, 10, 20], [9, 12, 0, 2, 7, 14, 10], [16, 4, 6, 9, 7, 5, 18, 17], [18, 3, 8, 15, 0, 4, 6, 2, 14], [13, 5, 0, 17], [9, 15, 29, 11, 18, 0, 5, 25, 16, 21, 3, 26, 12, 19, 27], [11, 15, 4, 6, 9, 18, 24, 2, 7, 16], [17, 18, 21, 10, 7, 11, 6, 0, 19, 20, 16, 8]]
[[11, 15, 17, 5, 12, 4, 10, 9, 8, 14, 16, 18], [13, 19, 14, 4], [10, 9, 11, 16, 6, 18, 21, 0, 3], [30, 4, 23, 17, 11, 13, 19, 26, 34, 8]]
[[21, 9, 16, 5, 11, 3, 19], [16, 24, 7, 10, 2, 8, 1, 6, 5], [7, 16, 19, 2, 9, 13, 0], [4, 9, 6, 0], [14, 4, 7, 19, 17, 2, 0, 3], [7, 9, 23, 1, 4, 11, 14, 18, 5, 12], [17, 3, 9, 14, 15, 0, 2], [0, 14, 18, 4, 7, 21, 1], [20, 6, 12, 5, 14, 3]]
[[7, 17, 15, 22, 11, 23, 10, 18, 13, 21, 14, 16], [15, 17, 1, 10, 21, 6, 8], [17, 23, 2, 4, 7, 12, 26, 29, 0, 5, 24, 30], [22, 8, 9, 3, 12, 18, 4, 14, 1, 10], [8, 3, 5, 11, 0, 9, 4], [13, 18, 0, 8], [2, 4, 8], [9, 1, 5, 13], [5, 15, 16, 30, 21, 24, 34, 6, 9, 17], [9, 1, 5, 3, 11, 2], [11, 15, 25, 36, 6, 8, 27, 28, 20, 32], [22, 1, 26, 19, 20, 2, 27, 15, 16, 30, 0, 25, 23, 17, 24, 9, 28]]
[[2, 10, 4, 7, 16, 5, 14, 3, 13, 11, 19], [0, 7, 9, 13, 16, 21, 5], [13, 4, 7, 9, 16, 5, 10], [7, 14, 0, 11, 12, 10, 16, 6, 15, 8], [1, 3, 12, 4, 13, 2, 6, 0, 7], [10, 22, 8, 17, 20, 18, 2, 14, 1, 15, 16, 0, 13, 3, 4, 5], [31, 2, 19, 22, 0, 16, 14, 5, 17, 4, 21, 12], [9, 27, 6, 12, 15, 23, 30, 4, 7, 16, 24, 28, 31, 3, 20, 19, 10, 8, 13]]
[[5, 11, 3, 10, 2, 9, 8, 12], [4, 18, 10, 13, 2, 8, 1, 7, 0, 6], [5, 10, 15, 2, 1, 17, 6], [4, 9, 12, 6, 19, 16, 20, 1, 2]]
[[13, 20, 10, 15, 2, 8, 1, 7, 6, 14, 3, 11], [4, 11, 23, 7, 1, 2, 6, 9, 0, 12, 21, 8], [10, 13, 30, 37, 2, 4, 7, 18, 0, 16, 3, 39, 35, 14, 15, 25, 5, 40], [15, 26, 30, 0, 2, 12, 19, 10, 9, 33, 8, 16, 24, 28, 31, 3, 1, 21]]
[[15, 8, 11, 3, 6, 2, 12, 10, 13, 4, 9], [9, 18, 5, 2, 1, 12, 14, 0, 11, 15, 3], [6, 2, 7], [6, 9, 2, 10, 1, 3, 7], [21, 6, 23, 4, 10, 15, 27, 30, 8, 11, 28, 31, 25, 1, 19, 0]]
[[4, 10, 13, 11, 3, 14], [9, 10, 14, 17, 0, 12, 18], [9, 6, 0, 1, 13, 16, 19, 21, 2, 11], [1, 3, 12, 2, 11, 9, 17, 10, 0, 13, 16], [12, 26, 6, 14, 16, 18, 19], [12, 17, 4], [11, 19, 16, 15, 7, 21, 4, 8, 22]]
[[15, 7, 12, 21, 0, 3, 13, 19, 18, 2, 8, 17], [10, 17, 1, 3, 8, 13, 4, 2, 19], [0, 21, 1, 5, 8, 11, 22, 15, 2, 3, 9, 12], [13, 22, 9, 15, 2, 7, 10], [13, 3, 6, 10, 18, 0, 4, 8, 14], [19, 25, 11, 21, 5, 8, 14]]
[[6, 8, 14, 3, 9, 13], [12, 15, 17, 20, 5, 9, 23], [18, 3, 24, 5, 8, 12, 22, 34, 19, 28, 35, 4, 27, 25, 21, 0], [12, 16, 27, 18, 3, 8, 21, 23, 30, 5, 9, 24]]
[[11, 6, 0, 1], [0, 8, 23, 4, 14, 26, 2, 5, 19, 18, 1, 9, 29], [11, 22, 17, 3, 5, 8, 13, 27, 29, 6, 14, 24], [2, 10, 7, 11, 6, 15, 14, 3, 8], [15, 5, 10, 3, 8, 18, 6, 11, 1], [23, 12, 16, 3, 26, 28, 14, 19, 11, 13, 21, 24, 4, 30, 27, 29, 15], [4, 6, 2, 8, 0, 9], [2, 8, 6, 3, 10, 9], [11, 5, 14, 7, 1, 13, 6, 2, 3], [2, 8, 6, 3, 10, 9], [12, 0, 16, 3, 14, 6, 5], [2, 8, 6, 11, 9], [15, 3, 5, 8, 20, 22, 6], [2, 11, 9, 6, 3, 13, 12], [2, 7, 0], [6, 12, 10, 14, 0, 7], [8, 15, 3, 10, 13, 5, 11]]
[[5, 10, 2, 11, 9, 1], [25, 40, 1, 26, 4, 16, 12, 22, 31, 36, 23, 15, 2, 18, 20, 27, 33, 3, 30, 17, 28, 0, 13, 34], [0, 10, 1], [15, 2, 0, 8, 11, 19, 21], [7, 16, 5, 12, 13, 0], [10, 24, 14, 16, 6, 8, 19, 21, 3], [16, 9, 24, 5], [0, 17, 13, 10, 8, 6]]
[[4, 6, 11], [5, 0, 11, 13, 2, 12, 1], [11, 13, 7, 17, 0, 4, 8, 18, 3], [8]]
[[3, 6, 11, 13, 18, 4, 2, 10, 9, 14, 17], [8, 14, 17, 3, 11, 18, 2, 15, 4, 12, 19], [13, 20, 1, 8, 17, 18, 22, 5, 3, 2], [8, 25, 2, 17, 5, 21, 22, 28, 4, 18, 3, 11, 9], [19, 2, 1, 7, 10, 5, 4, 3, 17], [16, 17, 0, 11, 3, 8, 9, 1, 12, 19], [2, 15, 5, 7, 17, 18]]
[[20, 21, 3, 6, 12, 16, 23, 0, 7], [14, 2, 4, 7, 10, 17, 0, 5, 15], [13, 20, 6, 18, 22, 4, 7], [8, 11, 5, 14, 16, 3], [18, 34, 3, 7, 27, 0, 4, 9, 25, 22, 23, 24, 20, 8, 1, 5, 26], [16, 25, 7, 9, 5, 12, 19, 28, 30, 2, 10, 17]]
[[30, 9, 13, 17, 24, 34, 37, 0, 6, 19, 38, 8, 5, 21, 36, 32, 18, 40, 25, 31], [7, 22, 30, 26, 11, 14, 19, 0, 3, 9, 20, 23, 28, 31, 27], [5, 7, 11, 15, 0, 8, 12, 6, 9], [12, 39, 2, 25, 33, 45, 9, 26, 34, 43, 46, 8, 18, 21, 29, 32, 38, 24, 31, 42, 40], [2, 8, 11, 18, 4, 22, 0, 9, 23, 7], [5, 13, 8, 18]]
[[6, 8, 7, 4, 10, 12], [18, 1, 4, 7, 11, 8, 14, 3, 2, 0], [7, 10, 8, 2, 6, 5], [9, 11, 12, 1], [11, 16, 12, 5], [8, 9, 12, 15, 18, 2], [14, 19, 1, 10, 20, 35, 12, 30, 37]]
[[6, 18, 12, 14, 4, 15, 3, 10, 9, 7, 5, 16, 17], [10, 13, 1, 3, 7, 16, 4], [31, 12, 6, 7, 16, 19, 24, 0, 8, 17, 20, 14, 3, 4, 22, 5, 13, 15, 1], [5, 16, 0, 9, 1, 6, 17, 7], [20, 26, 5, 7, 13, 29, 34, 0, 3, 8, 27, 30, 2, 24, 25, 28, 6, 33, 9, 10, 31, 32], [7, 14, 19, 0, 5, 8, 12, 20, 4, 17, 3, 16], [18, 0, 2, 11, 16, 21, 25, 9, 12, 19, 22, 8, 17], [0, 5, 7, 11, 14, 21, 8, 12, 15, 19, 1, 2], [11, 17, 29, 8, 14, 23, 26, 6, 20, 24, 5, 0, 18, 12, 19, 9, 10, 21]]
[[0, 1, 10, 15, 16, 8, 18, 19, 20, 17, 9], [6, 7, 0, 3], [21, 11, 5, 8, 13, 2, 6, 1, 12, 22, 10, 14, 3, 15, 18]]
[[15, 18, 17, 9, 0, 4, 7], [12, 1, 4, 9], [8, 14, 24, 5, 16, 21, 2, 6, 17, 22], [3, 0, 10, 6], [8, 13, 20, 16], [67, 9, 32, 4, 11, 27, 34, 35, 54, 60, 64, 2, 6, 25, 29, 36, 49, 55, 61, 65, 1, 0, 23, 59, 10, 33, 3, 52, 53, 68, 50, 26, 5, 28, 57, 62, 48], [3, 7, 0, 8, 6, 5], [], [3]]
[[5, 20, 1, 3, 8, 9, 17, 12, 2], [37, 5, 4, 0, 7, 22, 8, 13, 6, 25, 27, 3, 14, 10], [22, 5, 4, 0, 7, 10, 19, 9, 6], [13, 33, 5, 0, 7, 9, 17, 1, 14, 16, 6, 4, 8], [3, 4, 6, 13, 17, 14, 18]]
[[22, 8, 10, 0, 4, 11, 3, 9, 7], [28, 8, 31, 32, 1, 4, 21, 35, 2, 5, 18, 36], [14, 3, 0, 4, 1, 5], [12, 6, 8, 9], [8, 12, 21, 2, 15, 1], [17, 22, 12, 21, 24, 7], [6, 8, 14, 19, 3, 9, 16, 15, 7], [6, 8, 14, 17, 3, 9, 18], [21, 8, 10, 6, 14, 9, 7, 12, 0, 1], [16, 19, 7, 10, 17, 21]]
[[11, 14, 4, 9, 3, 10, 8, 13], [9, 10, 3, 12, 16, 27, 4, 13, 20, 26, 1, 21], [8, 3, 6, 17, 24, 14, 5, 21, 4, 19, 20, 15, 16, 10, 9, 23, 18], [20, 5, 7, 11, 14, 18, 0, 3, 12, 10, 2, 6], [6, 19, 3, 14, 12, 11], [2, 13, 18, 27, 0, 3, 6, 10, 14, 19], [10, 13, 24, 16, 7, 19, 26, 27, 4, 8, 3, 14, 15, 28, 5, 17, 20]]
[[4, 13, 16, 10, 0, 5], [14, 9, 11, 17, 4, 3, 8], [9, 23, 28, 1, 14, 27], []]
[[23, 18, 8, 11, 13, 26, 5, 14, 27, 21], [12, 3, 6, 25, 29, 18, 30, 21, 17, 20, 0, 22, 19, 26, 28, 5, 27], [1, 9, 10], [13, 21, 4, 8, 16, 19, 5]]
[[23, 11, 15, 13, 0, 4, 21, 3, 12, 24, 10, 14, 5, 6, 22], [18, 7, 11, 0, 5, 4, 16, 19, 8], [14, 2, 4, 7, 3, 15, 10, 0, 5], [8, 15, 23, 3, 18, 5, 21, 4, 9, 19, 11, 20, 6, 16, 7], [1, 8, 6, 3, 0, 2, 4]]
[[8, 4, 10, 13, 16, 2, 11, 1, 9], [17, 11, 0, 5, 12, 18, 1], [5, 15, 18, 7, 0, 11], [5, 0, 7, 9], [7, 9, 12, 15, 2, 10, 16, 23, 14, 1, 8, 20, 21], [1, 14, 11, 4], [5, 14, 7, 0, 8, 16, 3, 12, 13, 15], [16, 25, 1, 9, 11, 8, 18, 0, 3, 22, 6, 23, 10], [8, 21, 2, 9, 4, 13, 11, 19, 0]]
[[9, 13, 4, 10, 3, 8, 7, 6, 12], [4, 11, 2, 6, 15, 19, 0, 7, 14, 3, 5], [13, 19, 2, 4, 7, 16, 33, 0, 9, 24, 29, 23, 3], [9, 23, 31, 15, 5, 11, 20, 33, 38, 0, 6, 18, 21, 24, 34, 30, 2, 16, 29, 17, 32, 25, 4]]
[[15, 17, 22, 6, 5, 14, 8, 13, 23, 7, 10, 21], [6, 3, 0, 2], [6, 9, 1], [14, 17, 18, 4, 0, 1, 2, 20, 19], [19, 22, 5, 7, 14, 28, 0, 3, 11, 13, 24, 2, 26, 23, 20, 27], [12, 32, 26, 36, 6, 11, 7, 15, 24, 27, 4, 22], [27, 5, 24, 0, 25, 7, 2, 23, 3]]
[[23, 33, 14, 16, 21, 28, 10, 19, 9, 15, 27, 26, 35, 13, 24, 17, 32, 11, 31, 29], [3, 13, 17, 22, 28, 0, 25, 30, 33, 31, 34, 8, 4, 20, 23], [7, 14, 18, 1, 16, 5, 4, 2, 8], [6, 13, 25, 3, 8, 17, 19, 4, 1, 7, 18, 11, 20, 26, 9], [3, 6, 23, 29, 32, 4, 7, 16, 30, 33, 2, 20, 1, 0, 19, 34, 17, 21, 26, 24, 13], [9, 18, 30, 1, 21, 6, 13, 26, 28, 3, 7, 23, 2, 22, 19, 10, 20, 31, 4, 24]]
[[0, 10, 1, 9, 13], [11, 16, 30, 2, 19, 4, 22, 0, 12, 17, 3, 20, 21, 28, 31, 18], [0, 4, 5], [14, 35, 15, 4, 7, 10, 18, 20, 22, 26, 23, 17, 3, 16, 37, 21, 24, 5, 8, 36], [16, 0, 2, 20, 3, 21, 9, 10, 8, 19, 11, 12, 17]]
[[8, 11, 0, 3], [], [21, 6, 19, 0, 7, 12], [10, 1, 11, 4, 7, 17], [9, 0, 7, 10], [8, 25, 2, 9, 20, 26, 22], [18, 0, 3, 4, 15, 23, 14, 22, 17]]
[[5, 2, 1, 9, 8, 7, 10], [5, 24, 17, 0, 7, 11, 14, 1, 12, 18], [0, 6, 9, 4], [8, 15, 1, 4, 10, 5], [18, 26, 6, 9, 15, 21, 24, 28, 2], [7, 1, 10, 13, 2, 12, 4], [3, 6, 9, 12, 15, 18, 7], [5, 11, 2, 12, 7, 21, 0, 15, 18, 3, 13, 14], [21, 2, 5, 8, 10, 15, 18], [20, 6, 3, 9, 12, 17, 4, 13, 18], [20, 0, 3, 14, 1, 4, 8, 12, 15, 18, 11, 10], [6, 13, 18, 25, 3, 14]]
[[14, 22, 25, 9, 16, 19, 0, 4, 10, 17, 20, 3, 8], [4, 11, 22, 6, 8, 2, 13, 9, 1], [0, 4, 10, 9, 1, 8], [29, 11, 0, 17, 22, 33, 15, 34, 12, 14, 31, 1, 18, 21, 23], [23, 56, 9, 39, 20, 27, 45, 49, 61, 28, 43, 62, 10, 40, 12, 42, 54, 59, 38, 44, 35, 29, 63, 13, 19, 21, 48, 57, 58], [21, 7, 9, 17, 26, 27, 0, 8, 10, 11, 16, 18], [12, 21, 8, 0, 14, 18, 6, 15, 5, 9]]
[[22, 14, 8, 11, 17, 28, 5, 9, 15, 20], [12, 15, 29, 36, 39, 42, 17, 19, 1, 16, 3, 5, 8, 22, 27, 33, 44, 6], [1, 6, 10, 17, 2, 8, 16], [13, 6, 0, 3, 2, 10, 11, 9, 4], [10, 13, 1, 5, 8, 16, 6, 2, 0], [25, 7, 13, 16, 19, 22, 28, 31, 4, 10, 20, 23, 29], [28, 1, 30, 39, 42, 3, 7, 18, 21, 24, 33, 5, 8, 16, 19], [25, 28, 36, 3, 6, 13, 20, 23, 38, 41, 4, 11, 29, 42, 8, 17, 37, 16, 31, 35, 21, 39, 0, 1], [20, 6, 12, 4, 14, 22, 25, 2, 8, 16, 23, 7]]
[[13, 23, 5, 0, 3, 19, 24, 18, 2, 12, 8, 11, 7, 20, 21, 25], [8, 1, 2, 5], [12, 10, 7, 14, 2, 6, 11], [0, 12, 15, 27, 18, 20, 24, 1, 8, 16, 17, 2], [11, 3, 0, 6, 2, 1], [15, 23, 26, 6, 10, 21, 29, 32, 4, 11, 33, 14, 19, 3, 2, 27, 9, 30], [19, 22, 26, 6, 12, 16, 28, 7, 24, 29, 9, 2, 1, 0, 23]]
[[14, 0, 6, 5, 10, 7, 3], [5, 13, 18, 1, 10, 3, 12], [5, 8, 13, 0, 3, 12, 2], [6, 23, 1, 8, 12, 15, 26, 13, 24, 4, 2, 18, 9], [12, 25, 31, 2, 4, 20, 0, 9, 13, 17, 35, 8, 3, 34, 26], [9, 67, 2, 4, 0, 3, 12, 13, 49, 51, 53, 55, 57, 59, 61, 63, 65, 68, 1, 10]]
[[3, 5, 11, 4, 6], [4, 17, 9, 12, 20, 23, 26, 2, 13, 21, 27, 8], [11, 2, 4, 16, 1, 0, 12, 5, 17, 13, 14], [14, 17, 23, 1, 4, 6, 10, 7, 11, 3, 2, 20], [2, 6, 12, 3]]
[[16, 20, 2, 12, 22, 0, 9, 18, 23, 6, 17, 21, 7, 11, 19], [1, 3, 6], [19, 2, 4, 8, 0, 9, 13, 3, 1, 22], [12, 32, 38, 2, 9, 18, 42, 47, 48, 0, 7, 16, 27, 33, 40, 15, 6, 39, 36, 13, 19, 49], [7, 12, 0, 3, 14, 2, 10, 9, 4]]
[[4, 20, 19, 3, 12, 10, 18, 21, 5], [16, 5, 8, 12, 23, 25, 0, 6, 21, 26, 20, 3, 4, 22, 24, 28, 27], [13, 35, 9, 11, 16, 22, 4, 17, 3, 8, 7, 14, 36, 15, 10, 12, 5, 18], [9, 11, 15, 6, 20, 2]]
[[9, 16, 4, 11], [28, 36, 1, 3, 6, 17, 20, 31, 39, 4, 7, 10, 18, 21, 29, 40], [19, 5, 0, 2, 10, 8, 24, 3, 7, 9], [22, 5, 1, 18, 7, 15, 19], [12, 7, 9, 14, 0, 15], [9, 40, 43, 10, 11, 32, 45, 13, 20, 36, 6, 22, 25, 29, 37], [10, 20, 6, 0, 18, 22, 1, 8, 23, 14, 16, 7], [8, 27, 2, 0, 4, 20, 24, 9, 21]]
[[3, 5, 1, 2], [9, 13, 18, 30, 35, 27, 2, 4, 21, 23, 33, 38, 0, 7, 39, 20, 6, 28, 14, 26, 10, 15], [10, 26, 22, 7, 13, 18, 24, 34, 16, 21, 6, 30, 5, 15, 11, 12, 33, 8, 14, 25], [6, 8, 15, 7, 14, 5, 18]]
[[26, 42, 0, 11, 24, 30, 6, 20, 28, 37, 8, 19, 27, 40, 44, 38, 35, 9, 31, 33, 34, 43], [4, 6, 14, 19, 23, 27, 30, 0, 20, 24, 12, 5, 3, 15, 28, 16, 17, 25], [15, 11, 7, 13, 18, 20, 4, 8, 12, 16, 17, 9, 14, 19], [8, 1, 11, 21, 19, 3, 5, 14, 17], [11, 16, 2, 13, 5, 7], [8, 11, 14, 5, 12, 4, 6, 9, 10, 13, 7]]
[[19, 9, 6, 8, 5, 14, 7, 10], [9, 25, 30, 2, 20, 5, 22, 18, 26], [12, 3, 27, 2, 5, 16, 29, 0, 17, 30, 4, 28, 26]]
[[12, 7, 14, 6, 13, 5, 15, 17], [5, 13, 18, 27, 2, 10, 15, 28, 1, 26, 0, 14, 29, 3, 11, 16], [12, 18, 2, 4, 7, 14, 0, 19, 3, 13, 17], [6, 10, 13, 0, 3, 7]]
[[14, 5, 16, 4, 15, 3, 12, 17], [3, 1, 5, 9, 13, 7, 10, 6, 2], [8, 18, 3, 2, 13, 15, 12, 20, 4, 5], [11, 13, 6, 15, 18, 20, 3]]
[[0, 9, 11, 10, 6], [1, 5, 12, 3, 6, 11], [18, 6, 25, 0, 26, 14, 20, 4, 15, 9, 13, 19], [13, 3, 0, 4, 6, 5, 1], [22, 31, 14, 17, 20, 26, 30, 6, 18, 5, 11, 32, 10, 15, 27, 33, 16, 21, 12]]
[[12, 7, 14, 18, 26, 4, 23, 13, 24, 17, 25, 27, 5], [12, 3, 5, 15, 6, 9, 13, 8, 4, 0], [12, 18, 1, 3, 9, 15], [23, 3, 5, 8, 11, 15, 6, 4, 25, 12, 16, 24, 9], [6, 7, 9, 11, 2, 13, 1]]
[[10, 31, 22, 6, 33, 0, 7, 11, 16, 26], [7, 20, 2, 14, 23, 25, 28, 17, 26, 29], [20, 3, 2, 5, 8, 16, 23, 6, 12, 4, 11, 21], [6, 22, 30, 16, 18, 4, 9, 32, 34, 10], [7, 18, 23, 2, 12, 14, 21, 8, 15, 19], [4, 10, 13, 18, 1, 15], [21, 27, 19, 31, 15, 22, 8, 9, 30]]
[[2, 11, 8, 18, 15, 19, 5, 12, 14], [9, 12, 20, 6, 17, 0, 4, 15, 18], [2, 7, 4], [13, 16, 6, 19, 0, 8, 11, 21, 4, 9, 17, 22], [12, 15, 25, 28, 4, 0, 6, 10, 20], [8, 21, 12, 16, 5, 26, 29], [11, 14, 6, 17, 0, 8, 19, 4, 15], [11, 19, 4, 18, 0, 8], [9, 18, 25, 2, 22, 13], [7, 17, 5, 13, 19, 22, 2, 11, 14], [13, 28, 6, 23, 16, 0, 8, 11, 17, 25, 4, 9]]
[[2], [10, 4, 13, 1, 0, 6], [11, 25, 30, 1, 7, 15, 28, 8, 16, 19], [15, 18, 2, 0, 5, 3], [0], [9, 16, 1]]
[[17, 8, 3, 2, 6, 9, 5, 10, 13, 18, 7], [16, 4, 8, 5, 9, 1], [19, 2, 4, 7, 10, 5, 3, 17, 21, 20], [4], [0, 19, 34, 20, 5, 16, 22, 28, 13, 1, 12, 11], [8, 13, 7, 10, 14, 3, 9], [10, 18, 29, 11, 13, 23, 4], [4, 10, 2], [12, 16, 20, 4, 8, 18, 5], [19, 7, 10, 16, 5, 8, 4, 14, 0], [13, 5, 2, 17, 0, 14, 6, 4, 10, 15], [3, 11, 8, 1], [24, 6, 14, 19, 3, 15, 0, 4, 8, 7], [15, 5, 9, 20, 6, 11]]
[[6, 8, 7, 4], [5, 1, 7], [10, 17, 33, 51, 21, 0, 2, 11, 7, 25, 30, 41, 4, 26, 35, 14, 3, 22, 27, 24, 1, 12, 34, 20, 29, 5, 15, 28, 36, 40], [2, 12, 5, 9, 0, 6, 14]]
[[4, 6, 22, 24, 10, 18, 3, 9, 17, 2], [11, 0, 5, 8, 13, 16], [20, 13, 9, 2, 5, 7, 15, 18, 0], [7, 18, 24, 0, 11, 20, 4, 19, 21, 1, 5, 10, 15, 22], [6, 28, 35, 17, 9, 14, 21, 26, 10, 15, 19, 22, 2, 1, 0], [], [3]]
[[5, 10, 14, 2, 6, 11, 4, 1, 13], [9, 5, 11, 13, 15, 18, 1, 10, 12, 0, 8, 2], [17, 1, 3, 7, 15, 22, 4, 8, 2, 11, 14, 18, 21]]
[[6, 8, 29, 18, 23, 33, 36, 40, 0, 19, 31, 37, 41, 7, 22, 21, 30, 39, 24, 35, 42, 3], [11, 13, 25, 33, 0, 8, 28, 31, 1, 6, 16, 20, 29], [9, 12, 10, 18, 0, 16]]
[[13, 2, 4, 8], [9, 6, 0, 3], [0, 8, 19, 6, 18, 12, 1, 2, 15], [12, 15, 0, 4, 3, 9, 8], [2, 9, 12, 17, 22, 0, 10, 13, 23, 4, 18, 6, 7], [19, 2, 8, 12, 23, 26, 28, 0, 13, 24], [21, 2, 10, 14, 25, 28, 30, 0, 11, 24, 6, 19, 22, 8, 15, 17, 26], [3], [3]]
[[6, 0, 5], [11, 14, 21, 23, 2, 7, 19, 24, 18, 1, 6, 0, 5, 26], [3, 8, 20, 0, 5, 18, 21], [6, 10, 4], [15, 24, 2, 18, 21, 26, 0, 3, 8, 22, 7, 9, 16]]
[[13, 32, 29, 36, 1, 7, 10, 26, 2, 11, 18, 23, 27, 33, 6, 17], [6, 20, 1, 3, 8, 12, 17, 4, 9], [27, 4, 22, 13, 1, 8, 18, 2, 7, 23, 5, 6], [14, 3, 1, 5, 8, 11, 18, 9, 16], [9, 17, 28, 6, 1, 3, 11, 19, 25, 4, 12, 20, 7, 24, 21], [12, 22, 25, 6, 1, 3, 4, 23, 7, 10, 17, 13], [16, 10, 12, 7]]
[[17, 10, 13, 19, 22, 26, 11, 20, 8, 18, 2, 6, 7, 21, 27, 5, 9], [21, 4, 7, 10, 23, 26, 29, 34, 36, 0, 8, 11, 17, 24, 30, 16, 6, 5]]
[[10, 12, 15, 16, 3, 13, 2, 8, 7], [1, 3, 6, 8, 9, 14, 2, 13, 12, 0, 4, 15, 30], [4, 11, 14, 2, 7, 17, 18, 1, 15], [17, 1, 3, 8, 13, 4], [8, 12, 21, 0, 19, 1, 6, 5, 17], [2], [12, 19, 5, 14, 7, 16, 22, 23, 3, 0]]
[[10, 38, 1, 16, 6, 21, 25, 28, 42, 3, 11, 26, 29, 39, 43, 2, 17, 20], [15, 0, 7, 17, 20, 23, 13], [14, 5, 0, 11, 1, 9, 12], [14, 3, 19, 9, 17, 22, 25, 7, 15], [0, 9, 17, 8, 15, 16, 11], [19, 2, 1, 4, 6, 8, 14, 27, 9, 24, 3, 23], [5, 0, 11, 14, 1, 9], [5, 13, 8, 10, 16, 19, 6], [9, 2, 11, 6], [14, 36, 21, 6, 8, 20, 30, 23, 25, 15]]
[[13, 18, 20, 3, 9, 22, 25, 32, 0, 4, 10, 23, 26], [9, 1, 3], [18, 3, 15, 0, 4, 7, 13], [16, 7, 10, 13, 2, 8, 11], [3, 12, 19, 9, 21, 1, 10], [5, 8, 13, 16, 18, 21, 24, 27, 3]]
[[21, 8, 12, 15, 18, 10, 13], [28, 4, 6, 10, 16, 26, 31, 33, 2, 13, 19, 23, 34, 1, 22], [12, 24, 17, 16, 0, 5, 8, 19, 22], [19, 24, 22, 8, 13, 17, 26, 1, 6, 11], [10, 2, 5, 7, 12, 15, 3], [21, 26, 31, 7, 24, 25, 18, 1, 5, 10, 16, 29, 32], [10, 12, 5, 16, 0, 3, 8], [15, 6, 13, 18, 20, 4, 21, 8, 7], [10, 5, 12, 7]]
[[14, 28, 18, 5, 8, 20, 23, 31, 21, 4, 12, 19, 3, 17, 15, 16], [4, 12, 23, 13, 7, 18, 8], [0, 5, 7, 10], [1, 9, 2], [2, 12, 6, 7], [8, 4, 10, 13, 17, 21, 24, 0, 11, 14], [17, 3, 5, 8, 14, 0, 6, 12, 11], [8, 1, 6, 16, 14, 17], [21, 4, 2, 6, 9, 11, 17, 24, 29, 32, 7, 15, 18, 22, 5], [11, 12, 16], [14, 2, 15, 11, 7, 6, 3, 10, 5]]
[[17, 6, 13, 0, 4, 11, 14, 3, 10], [9, 2, 4, 7], [7, 3, 8, 5, 10, 13, 16, 18, 0], [21, 13, 4, 6, 15, 2, 1, 14, 7], [12, 16, 24, 1, 4, 6, 10, 21, 7, 3, 2, 11], [9, 10, 6, 16, 7, 13, 2, 3, 12]]
[[30, 10, 13, 18, 21, 24, 0, 4, 19, 9, 17, 3, 11, 5, 1], [26, 4, 20, 23, 0, 5, 9, 16, 21, 24], [8, 3, 11, 6, 12, 5], [5, 9, 12, 10, 13, 3, 8], [24, 28, 16, 26, 8, 11, 19, 22, 4, 12], [9, 4, 10, 3, 7], [8, 12, 10, 3], [15, 6, 2, 10, 3, 9], [3, 6, 9, 0]]
[[19, 6, 9, 14, 0, 4, 8, 3, 12, 15], [9, 1, 10, 12, 3, 6], [10, 5, 3, 6, 1, 4], [1, 12, 3, 6, 14, 17, 19, 4, 7], [14, 21, 23, 2, 8, 9, 12]]
[[24, 1, 17, 2, 8, 16, 7, 4, 15, 13, 14], [1, 3, 7, 4, 10, 22, 2, 14, 18, 21], [2, 4, 14, 19, 0, 9, 15, 3, 20, 5, 6], [1, 3, 5]]
[[8, 10, 13, 22, 27, 30, 33, 0, 5, 11, 14, 19, 23, 28, 31], [9, 24, 3, 6, 15, 0, 11, 16, 22, 19, 5, 4], [5, 11, 14, 7], [16, 2, 18, 9, 12, 0, 4, 10, 13, 20], [13, 17, 20, 8, 24, 26, 7, 21, 28, 0, 10, 32, 1]]
[[5, 2, 6, 1, 10, 9], [13, 3, 7, 15, 4, 8, 1, 11, 12], [8, 2, 11, 9, 4, 14, 27], [5, 12, 22, 26, 14, 8, 17, 20, 29, 2, 18, 27, 1, 13, 15, 0, 16, 3, 4]]
[[8, 11, 3, 5, 14, 16, 0, 4, 12, 13, 15, 17], [8, 12, 14, 19, 21, 0, 15, 13, 18, 22, 1], [7, 1, 4, 10, 13, 3, 2, 0, 12, 14], [22, 33, 3, 10, 14, 28, 0, 6, 11, 29, 5, 4, 26, 27, 20, 7, 12, 23]]
[[24, 1, 3, 7, 8, 12, 2, 0, 9, 11, 14, 13], [2, 6, 8, 4, 0, 9, 3, 5], [24, 12, 7, 9, 16, 19, 29, 2, 20, 30, 15, 4, 0, 5, 14], [4, 0, 8, 11, 13, 9, 14], [5, 11, 15, 17, 19, 12, 3, 2, 6, 20]]
[[5, 9, 11, 3, 2, 4, 10, 12], [1, 25, 3, 27, 9, 12, 16, 18, 21, 33, 36, 40, 42, 45, 10, 13, 34, 2, 26, 8, 32, 7, 31, 0, 24, 19, 43], [1, 3, 9, 12, 16, 18, 21, 10, 13, 2, 8, 7, 19, 17, 22], [1, 3, 9, 12, 16, 18, 21, 10, 13, 2, 8, 7, 19, 17, 20, 22]]
[[5, 2, 4], [10, 2, 6, 8, 15, 12, 16, 1, 11, 0, 7, 9], [22, 25, 16, 29, 2, 14, 26, 23, 1, 13, 24, 0, 12], [7, 9, 0, 13, 17, 10, 14, 8, 1, 6, 2, 15], [3, 8, 13, 16, 18, 20, 22, 26, 28, 5, 9, 14, 2]]
[[0, 1, 7, 4, 10, 2, 5], [8, 10, 9, 4, 12, 15, 2, 5, 13], [1, 0, 3, 9, 12, 17, 4, 10, 13, 8, 2, 16]]
[[7, 12, 14, 9, 5, 1], [20, 5, 0, 7, 10, 1, 8, 13, 6, 16], [20, 2, 10, 12, 5, 14], [13, 16, 22, 17, 4, 7, 11, 0, 5, 3], [18, 9, 7, 0, 2, 13, 24, 25, 22, 10, 8, 19, 11], [3, 6, 17, 7]]
[[10, 19, 21, 24, 5, 8, 13, 3, 6, 14], [8, 11, 2, 12, 26, 5, 28, 24, 25], [13, 20, 30, 2, 9, 16, 23, 27, 32, 35, 6, 3, 5, 24, 28], [7, 15, 26, 2, 10, 28, 5, 17, 22], [24, 35, 3, 34, 0, 7, 10, 16, 20, 28, 41, 4, 8, 11, 17, 26], [13, 4, 18, 2, 6, 11], [14, 23, 27, 4, 10, 2, 16, 19, 29, 25, 30, 34], [11, 7, 6, 9, 0, 15, 1], [15, 8, 17, 19, 5, 12, 3, 22, 25], [6, 10, 0, 16, 19, 11, 17, 13, 9]]
[[12, 14, 9, 11, 8, 13, 10, 15], [9, 19, 27, 1, 3, 22, 10, 2, 25, 20, 0, 26, 28], [9, 25, 4, 12, 20, 28, 36, 0, 5, 21, 26, 17, 2, 35, 7, 34, 10, 18, 29, 8, 22, 30, 32, 3], [6, 10, 12, 14]]
[[11, 5, 3, 2, 6, 12], [6, 20, 10, 15, 23, 26, 35, 3, 12, 16, 24, 27, 36, 2, 11, 4, 31, 9], [15, 7, 9, 12, 17, 20, 3, 10, 18, 2, 8, 6, 16, 21, 13], [9, 26, 1, 10, 3, 7, 18, 30, 15, 23, 2, 14, 11, 27, 19]]
[[23, 5, 9, 7, 13, 26, 0, 19, 6, 10, 4, 8, 1], [6, 9, 3, 7, 2, 5, 8], [2, 8, 4, 10, 14, 18, 0, 11, 15, 3, 9, 7], [29, 39, 34, 6, 8, 16, 2, 9, 14, 20, 27, 43, 38, 41, 1, 35, 13, 24, 46, 0, 12, 23, 45, 30], [9, 11, 3, 2, 7, 6, 12, 8, 13]]
[[7, 15, 18, 20, 23, 0, 8, 13, 16, 21, 24, 6], [16, 2, 5, 13, 3, 6], [2, 4, 7, 10, 16, 0, 5], [10, 13, 0, 4, 11, 14], [18, 11, 13, 20, 0, 4, 14, 21, 3, 12], [9, 13, 3, 4], [13, 15, 8, 3, 10, 18, 22, 25, 26], [2, 4, 7, 13, 5, 8], [3, 5, 10, 13, 0, 6, 9], [6, 13, 7, 11, 16, 0, 9, 4, 8, 14], [29, 31, 35, 3, 18, 21, 32, 9, 15, 26, 0, 6, 11]]
[[20, 25, 22, 0, 8, 7, 14, 13, 21, 27, 11, 15, 23, 26], [2, 4, 7, 16, 0, 3, 6, 17], [5, 13, 26, 1, 14, 11, 19, 28, 31, 7, 16, 21], [23, 28, 5, 9, 12, 13, 16, 26, 0, 3], [3, 11, 0, 7, 15, 2, 5], [13, 34, 4, 25, 20, 1, 11, 22, 32], [12, 18, 30, 37, 6, 14, 21, 24, 32, 35, 0, 7, 22, 25, 4]]
[[12, 15, 1, 6, 8, 9, 5], [9, 11, 1, 7, 12, 6, 0, 5], [13, 0, 11, 3, 4, 17, 2], [13, 6, 8, 11, 19, 20, 26, 24, 1, 23, 2, 17], [3, 6, 9, 7, 5, 4], [8, 21, 0, 15, 19, 1, 16]]
[[21, 6, 13, 17, 24, 28, 34, 11, 15, 18, 26, 31, 5], [11, 12, 3, 7], [11, 18, 15, 2, 14, 24, 0], [6, 14, 21, 4, 12, 19, 11, 3, 18, 10], [2, 4, 13, 17, 21, 5, 11, 18, 3, 7, 0, 8], [23, 21, 29, 14, 27, 0, 4, 9, 2], [21, 3, 11, 16, 9, 8, 6, 4, 5], [7, 14, 1, 11, 3, 2], [5, 19, 23, 0]]
[[15, 2, 4, 0, 6, 9, 12], [18, 0, 11, 21, 1, 5, 8, 12, 19], [16, 2, 1, 4, 9, 3, 18, 0, 5, 8], [19, 0, 2, 10, 14, 22, 9, 20, 23, 15], [18, 31, 6, 20, 0, 11, 24, 27, 34], [21, 12, 2, 22, 7, 18], [20, 8, 3, 29, 32, 5, 9, 26, 30, 4]]
[[20, 7, 16, 12], [11, 23, 2, 21], [0, 14, 17, 20, 7, 10], [2, 4, 7, 10, 12, 15], [11, 7, 0], [6, 7, 9, 12, 0, 4], [16, 23, 2, 28, 10, 25, 1], [10], [18, 7, 12, 16], [1]]
[[2, 27, 36, 10, 17, 9, 19, 24, 30, 34], [12, 18, 36, 39, 23, 19, 21, 2, 14, 25, 31, 33], [13, 20, 2, 5, 8, 16, 0, 6, 14, 4, 3, 9], [11, 17, 26, 5, 18, 14, 24, 28, 30, 6, 9, 22, 1, 8, 20, 4], [15, 21, 29, 24, 26, 14, 1]]
[[28, 1, 11, 18, 20, 2, 5, 17, 4, 19, 6, 12, 0], [2, 4, 10, 0], [28, 7, 9, 2, 11, 13, 18, 22, 0, 6, 12, 4, 3, 21, 10, 20], [14, 2, 4, 6, 10, 21, 0, 7, 16, 20, 3, 15, 24, 8, 17]]
[[14, 16, 5, 4, 15, 13, 17, 6], [4, 16, 9, 8], [33, 1, 5, 12, 24, 28, 2, 21, 20, 9, 0, 3, 13, 22, 34, 19], [7, 10, 16, 14, 13, 5, 8, 6], [11, 15, 18, 22, 13, 19, 9, 5, 12, 8, 6, 20], [9, 12, 5, 2, 8, 14, 17, 15, 18], [19, 8, 12, 14, 6, 5, 17, 13, 15], [25, 11, 14, 17, 21, 22, 27], [24, 28, 31, 6, 32, 10, 27, 30, 5, 20, 17, 0, 16, 22, 25, 7], [27, 9, 8, 1, 11, 15, 18, 12, 0, 10], [8, 22, 15, 14, 17, 26, 6, 5, 16, 18, 0, 11]]
[[10, 13, 21, 2, 1, 19, 6, 17, 18, 5, 11, 14], [7, 1, 3, 10, 14, 2, 0, 11, 8, 15], [14, 23, 2, 16, 4, 6, 9, 20, 28], [13, 18, 20, 4, 2, 8, 1, 14, 15, 21, 9, 11]]
[[13, 0, 9, 17, 4, 10, 8, 14, 7], [14, 4, 28, 20, 30, 0, 1, 8, 11, 23], [10, 0, 3, 18, 1, 14], [13, 5, 16, 9, 3, 14, 2, 12, 10], [9, 5, 1, 2, 6, 10], [7, 14, 8, 4], [10, 13, 19, 14, 6, 16, 22, 29, 3, 23, 28, 2, 15, 4, 17, 24]]
[[0, 5, 10, 9, 4, 6], [3, 7, 15, 1, 0, 2, 19, 13, 21], [6, 12, 2, 4, 9, 18, 0, 3, 13, 7, 14, 10], [2, 8, 0, 3], [10, 5, 12, 1, 11, 9, 2, 14]]
[[4, 8, 15, 17], [5, 0, 11], [6, 1, 9]]
[[14, 17, 2, 6, 9, 4, 1, 12, 15], [22, 1, 9, 13, 19, 29, 6, 17, 24, 3], [10, 24, 1, 4, 5, 8, 12, 22, 2, 6], [17, 29, 42, 51, 1, 5, 10, 23, 25, 34, 37, 44, 46], [13, 4, 20, 2, 7, 10, 17, 28, 32, 0, 8, 18, 25, 6, 24, 5], [10, 14, 18, 20, 5, 8]]
[[9, 13, 4, 8, 3, 7, 14, 5], [16, 3, 0, 2, 1, 18, 5], [4, 15, 11, 18, 9, 19, 8, 0, 7, 16, 17, 12, 20], [10, 6, 13, 16, 7, 3, 12, 0, 9, 4], [6, 17, 3, 15, 0, 2, 9, 11, 7]]
[[4, 5, 3, 7], [5, 9, 13, 16, 19, 3, 6, 14, 12, 2, 17, 15, 18], [2, 8, 12, 15, 9, 13], [3, 16, 0, 9, 7, 8, 6, 15, 10, 11, 13], [8, 15, 17, 4, 21, 5, 11, 2, 16, 14, 18, 6, 19, 22]]
[[14, 20, 23, 33, 7, 24, 4, 9, 12, 27, 31, 2], [5, 2, 15, 18, 0, 9, 19], [18, 5, 4, 7], [7, 9, 2, 12], [8, 15, 5, 9, 3, 0], [9, 18, 2, 11, 10, 5], [10, 16, 15, 6, 12, 18, 2, 13, 19]]
[[4, 8, 10, 13, 2, 7, 1, 12, 11], [16, 11, 0, 3, 9, 19, 1, 17, 22, 8], [21, 16, 0, 3, 11, 1], [13, 4, 5, 7, 19, 20], [18, 7, 15, 21, 0, 12, 19, 4, 3, 6], [6, 0, 16, 19, 15, 4, 14, 12, 13], [12, 19, 4, 6, 2, 10, 16, 25, 0], [23, 7, 17, 1, 9, 4], [14, 24, 15]]
[[23, 6, 18, 25, 28, 13, 26, 29, 5, 12, 16, 4, 15, 24, 14, 27, 31, 30], [17, 34, 1, 28, 30, 3, 7, 11, 20, 4, 2, 31, 29, 37, 0, 27, 5, 35, 36, 15, 24], [29, 3, 18, 24, 32, 34, 0, 14, 22, 25, 30, 21, 2], [4, 6, 17, 18, 2, 9, 12, 23, 26, 29, 0, 7, 24, 27, 30, 5], [9, 16, 23, 5, 12, 26, 0], [14, 18, 25, 5, 7, 10, 20, 0, 3, 2, 15, 19, 8]]
[[11, 10, 14, 6, 13, 5, 12, 19, 7, 8], [0, 6, 8], [6, 10, 15, 4, 18, 2], [11, 2, 5, 8, 13, 0], [15, 11, 13, 17, 26, 2, 23, 0, 3, 6]]
[[6, 17, 10, 14, 12, 3, 2, 11, 7, 9, 18, 13, 4], [17, 2, 4, 12, 0, 3, 5, 6], [26, 3, 5, 10, 13, 16, 19, 11, 14, 6, 4, 7], [15, 19, 0, 4, 1, 20], [4, 14, 24, 0, 2, 17, 21, 12, 3, 5, 25, 6, 22, 1, 7, 18]]
[[4, 8, 11, 2, 9, 12, 1, 7, 0], [21, 6, 12, 16, 0, 4, 13, 3, 10, 9, 7, 14, 11], [13, 16, 33, 17, 25, 2, 27, 0, 3, 8], [9, 16, 2, 12, 5, 14, 10], [8, 22, 31, 2, 14, 10, 20, 26, 0, 18, 4, 15]]
[[2, 19, 11, 10, 15, 14, 18, 13, 16], [9, 15, 38, 5, 12, 17, 22, 25, 29, 2, 18, 23, 1, 10, 16, 39, 11, 28, 24, 3, 6, 13, 19], [13, 19, 25, 5, 8, 21, 2], [7, 13, 21, 9, 15, 24, 0, 5, 4, 2]]
[[21, 24, 5, 7, 4, 8, 6, 3, 9], [10, 5, 7, 2, 16, 19, 0, 3, 17], [7, 17, 2, 12, 22, 0, 13, 23, 21, 10, 9, 25, 14, 24], [29, 2, 4, 8, 11, 18, 24, 32, 0, 12, 16, 22, 30, 33, 15]]
[[1], [4, 15, 0], [9, 2, 4], [5, 7, 12, 2], [13, 22, 27, 32, 1, 15, 23, 3, 6, 10, 19, 25, 29, 7, 34], [8, 5, 10], [8, 5, 10, 14]]
[[], [5, 0, 2]]
[[9, 14, 3, 10, 15, 8], [14, 1, 3, 8, 11, 15], [11, 2, 13, 0, 3, 6, 14], [2, 5, 21, 24, 0, 6, 9, 14, 18], [9, 15, 22, 25, 6, 12, 0, 3, 7, 10, 13, 23], [5, 21, 0, 6, 10, 19, 22], [16, 0, 1, 2, 22, 3, 10, 20, 9]]
[[5, 9, 3, 6, 2, 7], [23, 3, 5, 10, 15, 19, 27, 29, 11, 16, 20, 24, 30, 2, 1, 0, 6, 21, 31], [2, 11, 4, 9, 14, 16], [12, 0, 1, 9, 10, 16, 19, 13, 15, 7, 11, 18, 14], [15, 3, 5, 10, 18, 0], [18, 30, 2, 20, 24, 0, 16, 21, 5, 15, 12, 7, 14, 11, 6, 8, 25, 13]]
[[0, 6, 60, 65, 82, 61, 66, 76, 83, 1, 31, 39, 63, 75, 59, 74, 81, 5, 64, 62, 69, 84, 3, 77, 57, 71], [15, 2, 4, 8, 11, 18, 0, 10, 17, 3]]
[[5, 3, 6, 4], [15, 3, 6, 7, 12, 0, 8, 13, 11, 4, 5, 19, 9], [14, 3, 17, 11, 19, 6], [18, 27, 9, 15, 23, 28, 16, 24, 30, 14, 1, 10, 29, 8, 2, 11, 13, 3]]
[[9, 15, 0], [14, 6, 8, 12, 11, 1, 7], [22, 3, 10, 5, 15, 16, 19, 25, 1], [27, 3, 7, 19, 21, 0, 5, 8, 25, 17], [31, 3, 21, 0, 12, 9, 16, 5, 24, 22, 7, 26, 4], [4, 8, 11, 16, 6, 9], [4], [13, 11, 1, 0, 6, 8], [2, 9, 6, 11, 15, 22, 3, 7, 12], [15, 3, 11, 20, 1, 4, 7, 21, 0, 19], [2, 5, 14, 3, 7, 12, 15], [22, 5, 15]]
[[2, 5, 14, 17, 0, 15], [0, 11, 21, 18, 8, 4, 23, 27, 6, 12], [7, 0, 1, 17, 21, 22, 2, 5, 10], [11, 14, 5, 13, 16, 18], [0, 3, 8, 5], [30, 48, 15, 37, 47, 18, 40, 2, 5, 27, 43, 51, 3, 6, 9, 16, 21, 25, 31], [20, 4, 9, 1, 14, 17, 23, 25, 7], [5, 12, 22, 1, 14, 8, 19]]
[[13, 7, 15, 18, 23, 25, 16, 19, 6, 14, 5, 11, 22, 24, 20, 21], [6, 21, 10, 15, 2, 8, 1, 5, 0], [8, 25, 11, 18, 2, 6, 12], [16, 4, 7, 9, 13, 19, 6, 5, 14, 17, 18, 21, 12]]
[[13, 15, 22, 28, 26, 1, 19, 33, 2, 6, 29, 18, 27, 5, 34, 7, 8, 20], [9, 2, 5, 14, 18, 23, 0, 6, 15], [9, 11, 13, 10, 4, 16, 2, 5, 17, 1, 0, 12, 14]]
[[5, 13, 15, 17, 10, 18, 4, 9, 3, 0], [11, 16, 4, 14, 2, 5, 9, 1, 0, 10], [13, 5, 19, 24, 21, 17, 20, 25, 23, 0, 4, 6, 22], [2, 10, 16, 19, 7, 22, 4], [8, 12, 2, 5, 17, 20, 6, 4, 3], [3, 5, 9, 14, 7, 10, 6]]
[[10, 19, 31, 35, 22, 24, 6, 33, 16, 5], [10, 15, 19, 16, 21, 0, 3, 2, 6, 17], [28, 31, 7, 9, 34, 0, 12, 15, 21, 39, 3, 10, 13, 32, 36], [10, 8, 14, 5, 4, 11, 6, 0, 1], [11, 24, 1, 7, 13, 18, 4, 9, 3, 8], [21, 27, 10, 23, 25, 22, 15, 18, 5, 16]]
[[10, 13, 0, 7, 12, 6, 11, 9, 18], [6, 12, 16, 13, 17, 9, 1], [18, 5, 2, 7, 11, 0, 3, 6, 16], [9, 16, 29, 36, 2, 6, 18, 33, 3, 19, 25, 30, 34, 5, 14], [4, 13, 8, 17, 9, 14, 18, 2, 5, 6], [16, 25, 31, 34, 9, 6, 28, 0, 4, 21, 3, 2, 22, 20, 14, 18, 17, 23, 29, 32]]
[[0, 2], [13, 5, 15, 18, 0, 3, 16, 19, 2], [15, 21, 9, 5, 12, 18, 2, 6, 19], [10, 6, 0, 7], [5, 0, 3], [7, 2, 8, 4, 10, 14, 23, 0, 5], [11, 3, 17, 21, 0, 9, 22, 6, 8, 12], [14, 15, 8, 17, 20, 26, 6, 9, 25, 29], [11, 3, 13, 0, 7, 17, 2, 12, 10, 4], [11, 34, 29, 19, 1, 5, 8, 15, 26, 31, 37, 2, 6, 9, 13, 16, 23, 32]]
[[26, 3, 5, 11, 20, 24, 29, 6, 12, 21, 4, 18, 17, 31, 7, 9, 22, 27, 19], [14, 20, 7, 4, 17, 0], [5, 7, 3, 8], [11, 2, 13, 5, 6, 4], [10, 2, 13, 4, 15, 0], [6, 12, 2, 10, 14, 0], [2, 13, 6, 5, 8, 10, 17, 20, 0], [7, 16, 8, 3, 11, 18, 12]]
[[0, 1, 13, 12, 11, 2], [31, 15, 11, 20, 22, 28, 34, 0, 3, 8, 12, 18, 23, 29, 32, 36], [2, 14, 4, 28, 8, 12, 16, 19, 32, 0, 5, 17, 20, 3, 15, 29, 11, 27, 30, 13, 6], [8, 20, 11, 3, 5, 14, 28, 0, 6, 15]]
[[13, 7, 0, 4, 6, 3, 15], [8, 15, 1, 4, 10, 13], [7, 31, 2, 24, 28, 1, 23, 8, 6, 27, 13, 29], [4, 8, 10], [5, 13, 2, 6, 14, 9], [9, 2, 12, 0], [6, 10, 1, 4], [0, 27, 4, 9, 13, 16, 20, 31, 5, 10, 14, 29, 12, 1, 28, 2, 17, 19], [2]]
[[5, 1, 0, 2, 12, 3], [12, 14, 8, 18, 2, 5, 1, 13, 11], [9, 33, 23, 35, 0, 13, 16, 26, 30, 39, 1, 6, 14, 37, 25, 29, 5, 12, 11], [9, 1, 3, 13, 6, 15], [12, 22, 1, 4, 18, 7]]
[[13, 10, 15, 18, 3, 8, 11, 19, 2, 7, 6, 4], [10, 18, 1, 4, 7, 13, 20, 5, 11, 14, 3, 2, 0], [6, 0, 9, 12, 21, 1, 10, 18, 8, 17, 7, 16], [12, 23, 14, 8, 16, 20, 0], [12, 18, 4, 6, 9, 22, 2, 23, 1, 7], [6, 4, 14, 25, 0, 16, 19, 22, 26]]
[[17, 7, 11, 12, 0, 13, 10, 8, 9, 18], [6, 12, 15, 17, 20, 0, 3, 7, 13, 21, 2, 10], [8, 6, 12, 1, 2, 3], [21, 2, 15, 5, 6, 11, 0, 7, 12]]
[[3, 6, 0, 4, 8, 1], [10, 3, 5, 12, 19, 6, 4, 11, 2, 14], [9, 5, 13, 17, 2, 6, 10, 14, 1, 0], [10, 18, 25, 2, 4, 13, 16, 22, 0, 14, 3, 11, 20, 26, 15, 27, 23, 24], [9, 16, 10, 7, 12, 19, 0, 4, 20]]
[[10, 12, 15, 0, 11, 3, 16, 2], [9, 1, 3, 7, 14, 4], [5, 2, 7, 21, 23, 0, 3, 17, 24, 6, 16, 15, 20, 25, 18], [2, 4, 10, 14, 0, 11, 8, 3, 7], [12, 23, 5, 7, 9, 17, 0, 3, 15, 18, 2, 14, 13, 21]]
[[11, 16, 5, 17, 4, 6, 10, 19, 8, 9, 15, 18], [13, 19, 1, 5, 3, 8, 16, 25, 29, 32, 34, 6, 17, 26, 30, 2], [15, 7, 10, 12, 18, 28, 31, 8, 13, 16, 19, 26, 6, 25, 24, 32, 27, 30, 33, 29], [16, 18, 20, 8, 11, 0, 9, 12, 21, 2, 19, 17, 23, 22], [14, 24, 4, 16, 9, 28, 31, 35, 0, 10, 26, 29, 36, 6, 19, 15, 17, 25, 37]]
[[14, 31, 35, 6, 10, 16, 37, 0, 3, 11, 38, 36, 2, 9, 20, 8, 32, 15, 33, 4, 17], [15, 19, 5, 0, 10, 12, 22], [15, 7, 12, 17, 0, 3, 9, 13, 18], [21, 8, 11, 3, 12, 15, 1, 2, 0]]
[[5, 8, 11, 6, 12, 2, 7, 3], [28, 2, 6, 7, 1, 0, 20, 26, 30, 4, 3], [10, 12, 14, 2, 1, 13, 0], [9, 21, 10, 0, 12, 16, 7, 13, 17, 22, 6, 11, 1, 15]]
[[19, 5, 17, 23, 6, 15, 21], [4, 1, 8, 16], [12, 3, 21, 9, 14, 18, 25, 6, 16, 19], [48, 51, 2, 44, 0, 7, 45, 53, 5, 11, 52, 6, 40, 1, 36, 43, 49, 56, 47, 39, 50, 8, 9, 38, 42, 46, 54, 55], [29, 31, 9, 11, 13, 21, 24, 5, 14, 22, 27, 33]]
[[13, 7, 4, 10, 15, 11, 16], [6, 19, 2, 17, 0, 8], [22, 25, 29, 33, 7, 13, 17, 31, 4, 14, 28, 1], [5], [9, 25, 11, 5, 14, 17, 22, 2, 15, 1, 12, 13]]
[[29, 35, 20, 26, 14, 19, 0, 11, 16, 23, 34, 39, 42, 1, 5, 12, 24, 27, 37, 40, 43], [41, 49, 2, 20, 21, 4, 7, 12, 27, 30, 35, 38, 46, 52, 0, 5, 8, 31, 36, 39, 43, 50, 3, 25, 26, 56, 16], [8, 9, 12, 11], [0, 3, 5], [5, 7, 24, 14, 17, 28, 31, 35, 39, 0, 3, 8, 15, 22, 26, 2, 25, 6, 12], [20, 7, 19, 0, 1, 9, 12, 25, 27, 29, 32, 35, 2, 5, 10], [20, 2, 4, 6, 9, 15, 25, 0, 7, 10]]
[[6, 9, 3, 12, 16, 0, 4, 10, 19], [5, 9, 24, 38, 47, 2, 6, 10, 35, 39, 8, 23, 42, 1, 34, 0, 43, 11, 48, 3, 36, 20, 33], [9, 20, 29, 14, 17, 21, 8, 24, 16, 18, 15, 25, 19, 30, 5], [8, 21, 30, 15, 18, 22, 7, 25, 17, 26, 29, 20, 23, 31, 19, 11], [8, 19, 28, 13, 16, 20, 7, 23, 15, 14, 24, 27, 18, 29, 17], [9, 23, 32, 17, 20, 24, 27, 19, 18, 28, 31, 22, 25, 33, 21, 5, 8], [8, 21, 30, 15, 18, 22, 7, 25, 17, 19, 16, 26, 29, 20, 31], [8, 19, 28, 13, 16, 20, 7, 23, 15, 14, 24, 27, 18, 29, 17], [9, 21, 30, 15, 18, 22, 8, 25, 17, 26, 20, 31, 19, 5], [9, 20, 29, 14, 17, 21, 8, 24, 16, 25, 19, 30, 18], [10, 21, 30, 15, 18, 22, 9, 25, 17, 26, 29, 20, 23, 31, 19, 6], [7, 8, 9, 5, 11, 12, 15]]
[[20, 9, 2, 7, 13, 1, 6, 5, 18, 23], [12, 16, 21, 32, 37, 22, 14, 3, 30, 39, 34, 36, 1, 15, 10], [7, 14, 23, 30, 5, 10, 3, 21, 2, 13, 1, 20, 11, 15, 33], [7, 16, 19, 0, 13, 14, 11, 4, 20, 18, 9, 8]]
[[8, 14, 20, 5, 9, 4, 13], [3, 15, 1, 5, 10, 6, 2, 4, 16, 0, 11, 17], [21, 4, 8, 12, 13, 9, 2, 22, 3, 10], [8, 2, 4, 11, 5, 12, 3, 10, 7], [7, 14, 9, 10, 1, 8, 2, 11], [24, 1, 8, 20, 2, 12, 21, 25, 11, 3, 4, 0, 27, 6], [10, 6, 13, 0, 4, 14, 3, 2, 5, 7, 15], [9, 15, 26, 10, 7, 12, 21, 24, 28, 33, 3, 30, 34, 2, 19]]
[[9, 0, 13, 10, 11, 1], [6, 1, 7], [10, 19, 23, 25, 0, 3, 14, 20, 26, 17, 2, 1, 4, 8, 6, 15], [13, 19, 2, 4, 8, 16, 21, 24, 0]]
[[0, 9, 11, 8], [23, 28, 3, 13, 16, 0, 11, 17, 20, 26, 6, 15], [13, 16, 21, 5, 8, 3, 9, 19, 7], [0, 11, 4, 8], [14, 22, 30, 5, 8, 19, 24, 27, 3, 9, 20, 25, 28, 16, 7, 11], [2, 7, 15, 18, 25, 9, 29, 27, 11, 20, 31, 0], [17, 5, 8, 3, 9, 12, 15, 7, 14, 11], [14, 9, 16, 0, 3, 2], [18, 5, 8, 3, 9, 12, 16, 7, 15, 11], [15, 19, 27, 11, 23, 8]]
[[0, 15, 1, 6, 8, 10, 11, 16, 2, 7, 5, 17], [12, 9, 22, 0, 13, 7, 14, 20, 21, 10, 23, 1, 15], [7, 18, 2, 9]]
[[0, 8, 6, 5, 7, 1], [2], [17, 1, 4, 9, 11, 13, 21, 19, 28, 8, 0, 18, 2, 31, 16, 30]]
[[11, 2, 6, 8, 3, 9, 4, 12], [17, 2, 12, 19, 21, 24, 31, 34, 5, 26, 4, 18, 25, 1, 16, 22, 3, 20, 32], [11, 16, 13, 0, 3, 14, 2], [10, 31, 2, 6, 12, 26, 37, 17, 32, 16, 4, 3, 7, 1, 11, 13]]
[[23, 6, 13, 5, 12, 4, 19, 21, 24, 7, 17, 9, 14], [7, 3, 14, 17, 1, 12], [4, 7, 5, 2, 1, 8], [3, 16, 13, 17, 1, 12], [6, 31, 45, 2, 8, 14, 40, 49, 9, 47, 50, 1, 42, 39, 3, 0, 46, 44, 41, 4, 10, 11, 43, 28, 36], [17, 20, 27, 8, 21, 0, 2, 11, 25, 23, 10, 9, 22, 3], [7, 19, 3, 1, 5, 11, 26, 16, 4, 2, 8, 0, 12, 13], [8, 20, 11, 16, 25, 17, 26, 12, 14, 0, 18, 21]]
[[10, 5, 21, 15, 22, 4, 20, 14, 11, 3, 9, 19], [8, 4, 9, 6, 11, 0], [15, 6, 8, 11, 17, 0], [13, 5, 0, 3, 2, 15], [14, 24, 26, 15, 6, 17, 21]]
[[12, 14, 17, 2, 23, 0, 9, 8, 13, 18, 20, 1, 16, 11, 22, 21], [9, 13, 19, 24, 2, 15, 26, 0, 5, 11, 27, 8, 4, 10, 21, 22], [1, 3, 11, 12, 2, 0, 10, 14], [22, 25, 29, 40, 45, 53, 60, 64, 77, 86, 146, 158, 105, 125, 142, 8, 19, 56, 80, 92, 109, 129, 147, 48, 58, 82, 94, 111, 131, 2, 5, 16, 31, 43, 66, 70, 72, 88, 97], [12, 9, 0, 4, 16, 2, 11, 10, 1, 13, 7, 14], [8, 18, 1, 10]]
[[16, 22, 17, 5, 19, 24, 11, 25, 4, 10, 3, 28, 18, 20, 26, 30], [14, 2, 9, 19, 25, 27, 20, 8, 24, 1, 3, 7, 0, 23, 21, 26, 28], [0, 11, 7, 13, 14, 1, 6], [13, 20, 9], [14, 3, 12, 19, 18, 2], [16, 20, 9, 12, 0, 2, 18, 13, 10, 11], [21, 27, 1, 3, 6, 11, 4, 25, 2, 10], [9, 1, 4, 18, 21, 22, 14], [5, 13, 6, 8], [5, 25, 7, 14, 17, 8, 15, 11, 0, 27, 12, 18, 19, 22, 26]]
[[12, 2, 8, 14, 0, 3, 9, 13], [9, 3, 7, 13, 16, 18, 4], [7, 9, 1, 3, 14, 11, 15], [14, 15, 0, 2, 9, 17, 10], [2, 4, 8, 1]]
[[3, 8, 2, 7], [1, 3, 4, 2], [0, 13, 32, 6, 21, 36, 16, 24, 27, 25], [4, 34, 26, 1, 7, 12, 17, 30, 37, 8, 31, 38, 24, 19, 15, 20], [], [11, 17, 20, 9, 3, 13, 4], [5, 17, 32, 0, 10, 11, 15, 20, 26, 27, 35, 37, 21], [9, 0, 2, 5, 14, 17, 21], [15, 21, 3, 24, 11, 18, 28, 26, 1, 4, 0, 9, 16, 25, 5, 12, 19, 29]]
[[9, 22, 27, 15, 24, 0, 3, 2, 6, 7, 12, 5, 18], [0, 14, 25, 22, 30, 5, 9, 18, 24, 19], [10, 18, 24, 6, 12, 0, 15, 20, 22, 3, 8, 7, 13, 19, 1], [7, 12, 20, 3, 16, 18, 0, 5, 4, 11, 13, 6, 17], [19, 3, 12, 15, 17, 0, 5, 4, 9, 16, 10, 20], [0, 10, 21, 4, 8, 17, 19, 1, 6, 11, 5, 15], [14, 20, 26, 4, 16, 0, 9, 12, 22, 23, 10, 17, 8]]
[[0, 28, 19, 24, 14, 10, 17], [5, 2, 8, 13, 12, 7], [17, 28, 34, 2, 18, 4, 6, 8, 10, 20, 23, 21, 26, 3, 5], [13, 20, 11, 2, 6, 15, 27, 22, 14], [2, 5, 14, 0], [13, 25, 18, 7, 27, 0, 4, 20, 23, 9], [5, 14, 10, 2], [8, 10, 2, 21, 13, 16, 15, 12, 11, 19], [18, 20, 23, 8, 14, 25, 28, 2, 6]]
[[1, 3, 10, 13, 8, 2, 7, 6, 12], [5, 8, 9, 3, 14, 17, 20, 11, 18, 1], [8, 11, 5, 15], [29, 2, 12, 11, 5, 14, 18, 21, 0, 6, 16, 13, 4], [27, 3, 11, 1, 13, 17, 21, 14, 4, 12, 2, 6, 28], [27, 13, 7, 10, 17, 20, 24, 4, 18, 9, 16, 14, 15], [6, 18, 10, 12, 16, 23, 25, 28, 4, 13]]
[[12, 10, 14, 0, 4, 8, 15, 3, 7], [9, 17, 33, 40, 52, 62, 82, 12, 20, 25, 30, 38, 42, 44, 47, 50, 57, 59, 75, 78, 3, 7, 13, 15, 21, 23, 26], [7, 1, 4], [8, 11, 6, 13, 16, 2, 14], [15, 2, 6, 1, 4, 9], [19, 30, 2, 4, 1, 22, 6, 11, 7, 28], [13, 17, 2, 6, 5, 12, 10]]
[[9, 15, 2, 10, 12, 4, 18, 5, 3], [11, 14, 15, 5, 9, 17, 0, 6, 2], [18, 3, 5, 0, 10, 14], [11, 13, 0, 4, 8, 14, 3, 7, 17], [10, 24, 4, 8, 14, 17, 0, 5, 2, 3, 11, 6, 15], [18, 10, 16, 24, 27, 0, 4, 11, 3], [6, 10, 25, 2, 4, 13, 16, 20, 0], [11, 0, 5, 9], [11, 0, 12, 1, 5, 13, 18], [11, 14, 25, 4, 6, 17, 20, 0, 5, 12, 15, 1, 18], [20, 2, 4, 7, 11, 22, 8, 23, 3, 21, 0, 5]]
[[20, 4, 23, 25, 30, 34, 0, 19, 9, 26, 1, 7], [11, 13, 9, 4, 16, 20, 37, 45, 2, 12, 1, 28, 5, 26, 0, 27, 10, 30, 33, 21, 35], [7, 5, 9, 13, 24, 27, 30, 34, 10, 25, 35, 23, 8, 0, 2, 33, 36, 28, 21]]
[[23, 5, 15, 4, 22, 14, 19, 3, 20], [3, 0, 6, 2, 1], [20, 2, 4, 8, 11, 23, 25, 5, 9, 15, 26, 3, 21, 12, 27], [16, 6, 23, 3, 8, 12, 20, 0, 4, 9, 17, 21], [18, 29, 1, 9, 24, 40, 42, 3, 12, 35], [11, 23, 25, 3, 6, 18, 4, 15, 27, 0], [7, 20, 3, 13, 15, 1, 11, 24, 0], [17, 22, 3, 14, 1, 4, 9, 18, 26], [14, 19, 6, 12, 24, 26, 29, 3, 27]]
[[2, 4, 7, 5], [6, 12, 19, 9, 4, 14, 11, 1, 10, 13], [10, 3, 8], [0, 21, 26, 16, 18, 4, 8, 23, 29, 14], [6, 1, 0], [6, 8, 11, 13, 4, 9, 7, 1], [7, 1, 0, 8], [22, 6, 8, 11, 16, 19, 4, 9, 17], [3, 1, 0], [8, 14, 25, 2, 5, 12, 19, 21, 28, 31], [13, 17, 1, 15, 4, 11, 5, 9, 16]]
[[10, 17, 3, 15, 8, 20, 6, 5, 4, 16, 18, 19, 14], [5, 0, 7, 10, 13, 3, 11, 6], [24, 18, 28, 2, 8, 11, 20, 26, 0, 9, 21, 30, 29, 7, 19], [5, 17, 2, 8, 14, 19, 0], [17, 5, 0, 7, 3, 19, 6, 13, 22], [10, 8, 19, 0, 12, 22, 25, 1, 5, 13, 27, 26], [4, 8, 0, 3, 10, 13, 16], [5, 11, 25, 16, 7, 14, 21, 27, 0, 8, 18, 22], [7, 5, 0]]
[[6, 16, 21, 11, 17, 22, 5, 10, 15], [8], [17, 3, 11, 14, 20, 0, 12, 25, 10, 24, 6, 18, 1], [13, 1, 2, 3, 5, 10, 17], [22, 0, 15, 3, 8, 21, 24, 26, 5], [19, 0, 9, 4, 13, 21, 23, 11, 17]]
[[18, 10, 5, 12, 15, 3, 13, 2, 11], [10, 15, 22, 1, 19, 4, 11], [52, 5, 9, 44, 55, 2, 45, 50, 49, 1, 25, 0, 6, 4, 24, 51, 16, 29, 56, 3, 28], [8, 11, 1, 9, 12, 6], [3, 1, 5], [4, 19, 24, 0, 15, 1, 8, 20, 25, 7, 2, 16], [1], [9, 4, 1, 5, 0, 12], [5, 8, 3, 1, 6, 0], [12, 29, 37, 0, 32, 38, 9, 24, 6, 10], [3, 0, 5, 4], [0, 7, 13, 18, 21, 24, 10, 15, 22, 2], [18, 16, 5, 8, 19, 1, 14, 20, 23, 13, 0, 4], [5, 12, 14, 7], [], [12, 14, 19, 8, 2, 17, 4, 20, 5], [7, 1, 9, 4, 3, 10, 2]]
[[9, 4, 6, 12, 14, 2, 7], [19, 5, 15, 17, 2, 1, 8], [19, 8, 5, 11, 13, 2, 1, 10, 9], [20, 3, 6, 4, 13, 9, 1, 0, 22, 10, 12, 14], [26, 8, 7, 2, 4, 11, 22, 24, 0, 5, 12, 19, 31], [8, 3, 5, 12, 6, 10]]
[[7, 13, 4, 8, 3, 9, 6, 12, 5], [12], [6, 27, 14, 16, 19, 22, 3, 17, 11, 1, 9, 2, 0, 8, 4], [23, 41, 47, 48, 5, 18, 31, 39, 43, 50, 2, 6, 11, 28, 37, 51, 17, 36, 1, 0, 24, 35, 25, 27, 49, 44, 32, 40, 3, 12], [11, 14, 17, 23, 21, 4, 7, 25, 2, 5, 26, 1, 22]]
[[5, 7, 0, 6], [15, 9, 10, 26, 5, 25, 12, 28, 31, 2, 19, 23, 29, 1, 11], [3, 18, 31, 5, 11, 15, 28, 0, 21, 33, 20, 4, 25, 27, 1, 29], [16, 6, 10, 18, 21, 0, 7, 2, 9, 17, 5, 15]]
[[14, 5, 10, 0, 3, 2, 8], [26, 8, 15, 12, 17, 0, 10, 13, 18, 9], [26, 1, 9, 5, 12, 14, 7], [23, 37, 33, 9, 17, 25, 0, 3, 11, 19, 27, 30, 35, 1, 4]]
[[9, 12, 21, 3, 19, 16, 2, 18, 10, 22], [19, 10, 0, 5, 20, 4, 3, 6, 8, 16], [14, 10, 20, 2, 11, 16, 0], [24, 14, 19, 0, 4, 15, 25, 10, 3, 9], [11, 21, 29, 5, 9, 17, 24, 26, 14, 22, 7, 3], [20, 13, 21, 8, 23, 14, 16, 4, 0, 2]]
[[8, 21, 12, 2, 10, 1, 7, 0, 6, 9, 3, 18], [6, 24, 3, 11, 15, 20, 4, 12, 16, 21], [3, 16, 23, 5, 17, 18, 21, 25, 15, 24], [9, 20, 25, 2, 4, 14, 28, 0, 3, 18, 19, 27, 5, 21, 24, 30, 29], [11, 21, 6, 18, 14, 2]]
[[14, 23, 0, 9, 15, 24, 20, 8, 19, 22, 13, 17, 12, 16, 21, 10, 18], [13, 19, 5, 16, 3, 17, 20, 1, 23, 14, 0, 15, 18], [16, 2, 4, 7, 13, 20, 0, 5, 18, 21], [11, 2, 4, 13, 7, 0, 5, 14, 3, 12], [21, 5, 7, 0, 12, 19, 15], [13, 0, 14, 19, 1, 4, 3, 20, 9, 16], [11, 5, 8, 6, 3, 0]]
[[9, 12, 15, 17, 22, 25, 3, 18, 23, 2, 14, 13, 19, 11, 16], [12, 4, 7, 5, 1, 10, 13], [19, 27, 0, 10, 14, 17, 22, 25, 5, 8, 15, 23, 4, 13, 12], [5, 8, 11, 19, 6, 9, 17, 2, 16], [20, 4, 0, 7, 10, 17, 24, 15, 18], [17, 5, 13, 19, 22, 0, 3, 11, 20], [21, 3, 9, 12, 23, 7, 10, 6, 22, 18, 5, 19, 17, 13], [4, 7, 5, 1, 9, 10, 2], [4, 15, 18, 2, 10, 16, 19], [10, 15, 7, 23, 26, 0, 5, 8, 24], [10, 19, 0, 2, 5, 23, 26, 16, 24, 27, 14, 15, 11, 20, 3], [24, 1, 4, 5, 9, 13, 17, 20, 27, 6]]
[[14, 19, 11, 13, 18, 10, 7, 17, 22], [5, 1, 3, 14, 7, 11], [29, 25, 32, 40, 4, 10, 18, 27, 35, 0, 16, 19]]
[[20, 10, 14, 1, 2, 7, 9, 6, 3], [7, 1, 4, 9, 3, 2], [9, 10, 4, 13, 18, 0], [7, 17, 1, 3, 15, 19, 22, 13, 20, 23, 2, 12], [12, 23, 3, 5, 2, 8, 0, 9, 18]]
[[], [10, 5, 7, 12, 15, 2, 1], [1, 10, 3, 7, 12, 21, 24, 4, 2, 11, 0, 9, 25], [14, 6, 15, 20, 0, 8, 10, 17, 1, 11, 22, 7], [5, 1, 3, 7, 13, 16, 14], [8, 0, 6, 1], [1, 8, 7, 12, 14, 2, 11, 9, 15], [3, 5, 15, 6, 12, 9], [1, 14, 3, 18, 22, 5, 8, 23, 15, 2, 4, 0, 16], [8, 11, 2, 16, 19, 21, 13, 17, 3, 12, 14], [4, 8, 10, 13, 16, 14, 2, 5, 11, 6, 3], [24, 10, 4, 7, 17, 2, 1, 11, 0, 9, 8, 5, 25]]
[[6, 3, 2, 8, 4], [13, 1, 3, 8, 16, 21, 2, 14, 15, 0, 17], [6, 26, 37, 4, 9, 12, 16, 39, 43, 2, 10, 17, 45, 1, 35, 36, 13, 11, 41, 47, 42, 23, 32], [10, 14, 24, 1, 17, 3, 20, 26, 2]]
[[12, 14, 10, 18, 3, 15, 2, 13, 9, 21, 4, 8], [9, 2, 5], [17, 3, 15, 5], [9, 23, 2, 17, 4, 7, 26, 28, 0, 5]]
[[22, 8, 4, 10, 13, 16, 2, 11, 1, 9, 20, 7], [12, 1, 4, 9], [21, 6, 5, 0, 8, 11, 14, 1, 9, 7, 4, 18], [10, 36, 1, 3, 5, 15, 23, 28, 39, 6, 13, 24, 29], [10, 21, 1, 4, 6, 15, 18, 19, 3], [13, 17, 19, 22, 2, 5, 8, 21, 26, 3], [7, 10, 4, 14, 18, 22, 12, 15, 20, 9, 1, 2]]
[[26, 0, 23, 20, 24, 28, 31, 32, 15, 17, 30, 27, 18, 19, 25, 29, 22], [13, 3, 10, 15, 0, 4, 11], [10, 7, 2, 12], [5, 2, 6, 14, 1, 0, 3], [11, 32, 15, 7, 21, 25, 28, 38, 42, 45, 50, 53, 57, 3, 8, 26, 29, 39, 43, 48, 51], [7, 10, 2, 12, 23, 0, 13, 18, 24, 22], [20, 9, 11, 6, 12, 8, 15, 1, 5], [13, 2, 8, 3, 1, 0, 14]]
[[10, 14, 18, 21, 27, 0, 3, 19, 26, 17, 7, 6, 15, 4, 8, 22], [10, 12, 14, 15, 3, 17, 20, 28, 31, 0, 4, 18, 24, 29, 27, 7, 16, 13, 11], [18, 30, 4, 9, 16, 22, 23, 26, 0, 5, 10, 14], [5, 18, 19, 2, 8, 15, 22, 0, 3, 6, 9, 12, 21, 20, 13, 16]]
[[5, 17, 13, 4, 16, 12, 3, 15, 10, 14], [7, 12, 2, 8, 1, 0, 6, 11, 9], [18, 2, 8, 11, 4, 13, 15, 0, 5], [15, 6, 23, 2, 19, 14, 1, 9, 18, 0], [7, 17, 2, 14, 1, 12, 13, 0, 8], [19, 7, 9, 4, 15, 24, 28, 32, 0, 5, 11, 25, 33, 36, 21]]
[[2, 11, 15, 19, 0, 5, 12, 16, 4], [10, 24, 1, 13, 16, 19, 14, 3, 2, 5, 0, 11], [20, 0, 5, 8, 3, 21, 11, 14, 24, 13, 26, 22, 28], [16, 23, 31, 3, 33, 12, 17, 28, 0, 7, 13, 19]]
[[10, 18, 23, 25, 4, 15, 19, 3, 14, 13, 24, 5, 16, 26], [20, 3, 6, 22, 16, 23, 27, 1, 21, 0, 19, 4, 28, 29, 2, 25, 17, 24], [19, 17, 4, 13, 21, 23, 26, 2, 5, 11, 27, 1, 18, 20, 16, 24, 22], [11, 25, 0, 9, 16, 19, 31, 34, 17, 20, 28, 15, 5, 26, 7, 4, 27, 1], [2]]
[[7, 4, 2, 8, 6, 1, 9], [9, 22, 14, 17, 2, 11, 1, 8, 7, 10], [18, 3, 14, 20, 4, 13, 1, 7, 0], [15, 2, 21, 17, 20, 4, 9]]
[[8, 10, 3, 2, 11, 4], [6, 8, 11, 0, 3, 2, 7, 9, 4], [22, 0, 8, 20, 24, 1, 6, 9, 14, 18, 5, 17, 4, 16, 23, 19], [17, 6, 1, 20, 8, 21, 12, 5, 7, 13, 0, 11], [6, 12, 16, 22, 1, 14, 5, 10, 0, 11, 9, 17], [2, 5, 9, 12, 17, 20, 0, 10, 18, 8, 16, 15, 14, 6]]
[[7, 9, 2, 1, 8, 6], [17, 32, 1, 5, 9, 13, 20, 23, 6, 24, 28, 12, 3, 2, 0, 14, 7, 15, 18, 22], [26, 0, 30, 9, 14, 22, 27, 31, 12, 4, 17, 13, 16, 24, 1, 33, 10, 32], [9, 19, 4, 2, 6, 15, 25, 0, 26, 5], [5, 9, 12], [12, 21, 13, 8, 15, 19, 25, 5, 9, 1, 4, 0, 14, 26, 6, 2]]
[[5, 7, 0, 6, 4, 8], [9, 10, 12, 1, 3, 16, 13, 2, 0, 11, 15], [10, 21, 2, 5, 13, 17, 0, 6, 18, 4, 3, 11, 12, 23, 14], [11, 14, 24, 21, 2, 18, 7, 1, 15], [16, 7, 0, 13, 20, 28, 3, 29, 8, 17, 22, 10, 19, 18, 21]]
[[7, 0, 4, 8, 6, 3, 5, 9], [6, 13, 24, 14, 4, 8, 11, 17, 2, 9, 18, 1], [32, 20, 25, 3, 0, 4, 13, 17, 27, 36], [3, 10, 16, 19, 4, 11, 17], [2], [1], [], []]
[[6, 1, 8, 11, 2, 9], [3, 16, 11, 14, 8, 12], [24, 20, 4, 6, 13, 17, 0, 14, 22], [14, 1, 4, 2], [15, 5, 4, 7, 16, 6, 8, 18], [6, 14, 17, 11, 15, 9, 2], [14, 3, 4, 5, 7, 2, 15], [14, 3, 4, 6, 12, 10], [18, 5, 4, 7, 13, 6, 12, 19, 21, 10], [7, 6, 9], [6, 10, 11, 13], [6, 22, 19, 8, 16, 20, 14]]
[[8, 14, 18, 0, 3, 15, 19, 17, 2, 7], [13, 1, 4, 15, 3, 6], [12, 27, 2, 13, 15, 16, 4, 10, 20, 24], [0, 15, 14, 24, 7, 10, 19], [6, 22, 8, 3, 24, 25, 11, 15, 27, 33, 0, 4, 16, 28, 2, 7, 26, 23, 31], [16, 2, 5, 6, 8, 11, 14, 3, 9, 1, 7, 0], [26, 11, 14, 0, 6, 18, 21, 28, 1, 4, 7, 19], [22, 4, 8, 12, 1, 20, 2, 15, 0], [10, 23, 28, 19, 18, 6, 13, 21, 26, 0, 7, 14, 20, 4, 8, 3]]
[[0, 4, 3, 10, 9, 8], [12, 9, 1, 11], [14, 2, 5, 7, 10, 18, 23], [10, 18, 38, 27, 5, 13, 15, 24, 32, 35, 0, 3, 6, 21, 29, 33, 2, 28, 19]]
[[22, 20, 7, 11, 15, 6, 10, 9, 8, 12], [20, 27, 23, 12, 10, 14, 25, 1, 2, 17], [4, 2, 1, 11], [15, 1, 3, 2, 10, 4, 6, 12], [12, 24, 2, 1, 4, 15, 19, 3, 22], [15, 18, 3, 1, 5, 9, 4, 10, 16], [0, 7, 22, 25, 13, 18, 4], [16, 12, 5, 3, 14, 20, 7], [3, 15, 9, 0, 7, 18, 10]]
[[20, 24, 30, 0, 9, 11, 26, 34, 37, 4, 7, 13, 16, 22, 27], [9, 2, 14, 17, 20, 0], [10, 18, 23, 19, 2, 7, 15, 28, 0, 3, 8, 16], [11, 25, 1, 4, 9, 17, 22, 3, 16], [7, 12, 25, 1, 15, 22, 13, 16, 23], [15, 33, 18, 16, 0, 12, 26, 1, 5, 10, 13, 7, 9, 17, 21], [6, 10, 8, 16, 19, 22, 25, 32, 0, 11], [27, 17, 3, 19, 8, 12]]
[[7, 11, 3, 8, 6, 2, 1, 4], [6, 35, 10, 14, 19, 22, 2, 8, 15, 20, 23, 18, 1, 0, 7, 21, 3, 12], [8], [14, 2, 4, 9, 0, 3, 5], [12, 11, 18, 21, 4, 16], [0, 19, 30, 13, 5, 8, 16, 21, 27, 34, 2, 6, 9, 17, 22, 32, 1, 14, 11], [22, 1, 7, 16, 19, 4, 8, 13, 17, 20], [0, 12, 16, 6, 19, 7, 13, 1, 2, 10], [5, 12, 15, 17, 0, 19, 1], [7, 13, 27, 17, 21, 24, 31, 5, 16, 28, 32, 4]]
[[11, 9, 0, 5, 4, 3, 6, 8], [3, 14, 1, 5, 8, 11, 17], [21, 2, 4, 15, 18, 0, 5, 3, 12, 11, 23, 16], [29, 2, 8, 13, 4, 6, 17, 20, 24, 0, 21, 3]]
[[9, 11, 13, 0, 4, 3, 10], [1], [7, 0, 1, 14, 15, 8, 9, 13], [7, 12, 0], [13, 7, 11, 0, 4, 8, 14, 3, 2], [14, 6, 11, 1, 2, 3, 0]]
[[14, 15, 4, 8, 18, 21, 24, 22, 3, 16, 17, 19, 7, 20, 23], [9, 11, 15, 23, 29, 12, 20, 24, 34, 33, 1, 10, 32, 27, 0, 28, 8, 2, 30, 3, 13, 21], [3, 8, 12, 15, 10, 11, 9, 16, 1], [10, 4, 7, 15, 2, 14, 13, 1, 9], [11, 6, 16, 18, 3, 7, 2, 13, 1, 12], [26, 0, 2, 5, 11, 16, 12, 17, 21, 10, 9, 3, 22, 13, 14], [8, 1, 9, 5, 12, 15, 6], [0, 6, 10, 15, 17, 1, 11, 5, 9, 8], [3, 8, 11, 7, 2, 1, 0, 9, 16], [4, 13, 5, 2]]
[[19, 3, 7, 22, 0, 4, 8, 12, 23], [8, 17, 15, 5, 12, 2], [6, 7, 0, 1, 13, 17, 20, 2, 14, 18, 16, 8, 9, 10, 25], [19, 16, 9, 23, 15, 33, 34], [11, 17, 4, 12, 15, 1, 9]]
