-1.1450064182281494
-1.0656704902648926
-1.4339869022369385
-1.1522799730300903
-1.5104330778121948
-0.9033317565917969
-1.341955542564392
-1.1155526638031006
-1.2904009819030762
-1.0017558336257935
-1.198794960975647
-1.1323373317718506
-1.1829371452331543
-0.8825076222419739
-1.513764500617981
-0.9138504266738892
-1.0300301313400269
-0.844115674495697
-1.2210646867752075
-2.043125867843628
-1.604453682899475
-1.1497808694839478
-1.5259109735488892
-1.01846182346344
-1.3753937482833862
-1.1809653043746948
-1.6643338203430176
-0.9259898066520691
-1.5294698476791382
-1.0705052614212036
-1.2429184913635254
-1.2628889083862305
-1.1870710849761963
-1.3056782484054565
-1.2720437049865723
-1.1166902780532837
-1.5557459592819214
-0.9809206128120422
-1.2290021181106567
-0.9445233345031738
-1.2486085891723633
-0.9327735304832458
-1.363371729850769
-1.0622048377990723
-1.3315165042877197
-0.8681176900863647
-1.1843671798706055
-0.9495965242385864
-1.141033411026001
-0.8504557013511658
-1.250773310661316
-1.0604580640792847
-1.474748969078064
-1.145193338394165
-1.7075653076171875
-1.086129069328308
-1.2015875577926636
-0.9795917272567749
-1.4907504320144653
-0.9438984394073486
-1.54217529296875
-1.0698819160461426
-1.7242406606674194
-0.8384164571762085
-1.0817102193832397
-1.2295726537704468
-0.9364386796951294
-1.0164281129837036
-1.2773537635803223
-1.0047478675842285
-1.0639489889144897
-0.9929044246673584
-1.0296145677566528
-1.1769617795944214
-1.2159537076950073
-1.0205817222595215
-2.031168222427368
-1.030684232711792
-1.2272995710372925
-1.5229227542877197
-1.1842033863067627
-0.7790879607200623
-1.2684030532836914
-1.2265145778656006
-1.191429853439331
-0.9331556558609009
-1.3665088415145874
-1.039923906326294
-1.5120102167129517
-1.0931239128112793
-1.1243038177490234
-1.0319819450378418
-1.0649175643920898
-0.9795069694519043
-1.2352544069290161
-1.3162438869476318
-1.4778640270233154
-1.139729380607605
-1.52225661277771
-1.0686571598052979
-1.3747280836105347
-1.2737548351287842
-1.2627291679382324
-1.3170552253723145
-1.5718109607696533
-1.2662193775177002
-1.2902112007141113
-0.878262996673584
-1.473128080368042
-1.055903434753418
-1.3466112613677979
-0.9017707705497742
-1.1965340375900269
-0.7982920408248901
-2.1987979412078857
-0.9621338248252869
-1.3307039737701416
-0.9835085272789001
-1.332466721534729
-0.8967138528823853
-1.1240479946136475
-1.1492291688919067
-1.5260028839111328
-0.9958146810531616
-1.424540400505066
-1.2183276414871216
-1.200738787651062
-1.0540850162506104
-1.1626708507537842
-1.1879695653915405
-1.4823368787765503
-1.1579347848892212
-1.5040793418884277
-1.0678073167800903
-1.3283207416534424
-0.8963516354560852
-1.2931472063064575
-1.3302987813949585
-1.2471650838851929
-1.2639719247817993
-1.4623961448669434
-0.7140302062034607
-1.1324667930603027
-1.1053025722503662
-1.3014965057373047
-0.7537727355957031
-1.2127963304519653
-1.3722864389419556
-1.341048002243042
-1.0173735618591309
-1.2277401685714722
-1.2181720733642578
-1.1940643787384033
-1.5583019256591797
-1.1654616594314575
-0.9719224572181702
-1.1952593326568604
-0.8361421227455139
-1.3380310535430908
-1.0585174560546875
-1.2319550514221191
-0.9954182505607605
-1.3083491325378418
-1.0516183376312256
-1.127036690711975
-1.0698429346084595
-1.5874226093292236
-1.1985480785369873
-1.2005366086959839
-0.8324007391929626
-1.5891340970993042
-1.2281872034072876
-1.2853049039840698
-1.1501445770263672
-1.537705659866333
-1.2074737548828125
-1.4423854351043701
-1.1691596508026123
-1.2152775526046753
-1.3284565210342407
-1.5530850887298584
-1.0752837657928467
-1.2762830257415771
-1.0585857629776
-1.010854721069336
-1.2240402698516846
-1.1514166593551636
-1.0322383642196655
-1.5801492929458618
-1.2056185007095337
-1.0535067319869995
-0.9526280164718628
-1.1730200052261353
-0.9033240675926208
-1.1193791627883911
-1.0597256422042847
-1.4555851221084595
-1.294082760810852
-3.1064302921295166
-1.1988426446914673
