0.9920772314071655
0.9990296959877014
0.9628459215164185
0.9987623691558838
0.9870033264160156
0.9995239973068237
0.9914969205856323
0.9988082647323608
0.9962207078933716
0.9996451735496521
0.9885354042053223
0.998091995716095
0.9700900316238403
0.9979022145271301
0.9420945644378662
0.9993707537651062
0.9928635358810425
0.998405933380127
0.9884096384048462
0.9954509139060974
0.9559978246688843
0.9899915456771851
0.9844447374343872
0.9986687302589417
0.99479079246521
0.9777661561965942
0.9780268669128418
0.9990943074226379
0.9883282780647278
0.9986086487770081
0.9821329116821289
0.9974149465560913
0.9853109121322632
0.9831212162971497
0.9945840835571289
0.9991859197616577
0.9921087622642517
0.9991981983184814
0.993426501750946
0.9965479373931885
0.9960809350013733
0.9987447261810303
0.979910135269165
0.9986196160316467
0.9463934302330017
0.9987708330154419
0.9670209884643555
0.9983198642730713
0.9937335252761841
0.9998281002044678
0.9849357604980469
0.9989001750946045
0.9907932281494141
0.9986963868141174
0.96135413646698
0.9953949451446533
0.9940881729125977
0.9994199872016907
0.9484747648239136
0.9964748620986938
0.9828289747238159
0.9987340569496155
0.977236270904541
0.9986913204193115
0.9894000291824341
0.996762752532959
0.995761513710022
0.9913657903671265
0.9748950004577637
0.9951395988464355
0.9907064437866211
0.9977000951766968
0.9972659349441528
0.9996328353881836
0.9948839545249939
0.9999068975448608
0.8739436268806458
0.9984041452407837
0.982164740562439
0.9912588596343994
0.98454749584198
0.9984065294265747
0.9786912202835083
0.8179469704627991
0.9910545349121094
0.9973553419113159
0.8931992053985596
0.9874932169914246
0.9792352318763733
0.9978657960891724
0.99347323179245
0.9990066289901733
0.9983463287353516
0.9898176193237305
0.958422064781189
0.9987255334854126
0.9402658939361572
0.9958019256591797
0.9873702526092529
0.9966045022010803
0.9942193627357483
0.9989485740661621
0.9942680597305298
0.9988897442817688
0.9930758476257324
0.9982881546020508
0.9968591332435608
0.9955340623855591
0.9929661750793457
0.9963529706001282
0.9928657412528992
0.9966548681259155
0.9304932355880737
0.9985829591751099
0.9970563054084778
0.9977626800537109
0.9772968292236328
0.9989979267120361
0.9104883670806885
0.9975153207778931
0.9846044778823853
0.9984003305435181
0.9827470183372498
0.9969996213912964
0.9983110427856445
0.9926441311836243
0.9896883964538574
0.9974879622459412
0.9772317409515381
0.9970306158065796
0.8422102928161621
0.9985092878341675
0.995690107345581
0.9992127418518066
0.9761487245559692
0.9951474666595459
0.9764221906661987
0.9881038665771484
0.9665205478668213
0.9979565143585205
0.9926924705505371
0.9987982511520386
0.982408881187439
0.9881078004837036
0.9880293011665344
0.9985665082931519
0.9611204862594604
0.9600179195404053
0.9921389818191528
0.987982988357544
0.9712342023849487
0.9946680068969727
0.9921094179153442
0.9889348745346069
0.973556399345398
0.9994699954986572
0.9892820715904236
0.9969590902328491
0.9962589740753174
0.994152307510376
0.9675031900405884
0.9980296492576599
0.9921369552612305
0.9996663331985474
0.9789806008338928
0.9996281862258911
0.993614912033081
0.9817465543746948
0.978588342666626
0.999274492263794
0.9815640449523926
0.9997986555099487
0.9846049547195435
0.993910551071167
0.9896088242530823
0.9760845899581909
0.9612933993339539
0.9995726346969604
0.9961330890655518
0.9980934858322144
0.9861698150634766
0.9989582300186157
0.9695298671722412
0.9985355734825134
0.9672056436538696
0.9895395040512085
0.9850939512252808
0.9977431297302246
0.9883190393447876
0.9986069202423096
0.9915525913238525
0.9932186007499695
0.9798332452774048
0.9985389113426208
0.9973428249359131
0.9966486692428589
0.9634270668029785
0.9966555833816528
0.965380072593689
0.9962201714515686
