[1, 6]
[0, 1, 2, 8]
[1, 4, 5, 8]
[1, 4, 6]
[1]
[1, 4, 8, 9, 10]
[1, 4]
[2, 3, 4]
[1, 4]
[0, 2]
[1, 4, 6, 8, 9, 10]
[1, 6, 8]
[0, 1, 7]
[1, 4, 5, 8]
[1, 4, 6, 8]
[0, 1]
[1, 4]
[2, 3, 4]
[1, 4, 6, 8, 9]
[1, 4]
[1, 3, 4, 5]
[1, 4]
[1, 3, 4]
[1, 4, 8]
[0, 1]
[1]
[0, 2, 3, 4, 10]
[3]
[0, 2, 3, 7, 8, 10]
[1, 4, 6]
[1, 2, 3]
[1, 4, 6, 8]
[1, 4, 8, 9, 10]
[1, 4, 8, 9, 10]
[1, 4, 6, 8]
[0, 1, 3]
[0, 2, 7, 10, 11]
[1, 4]
[2, 3, 4]
[1, 4]
[1, 2, 3]
[1, 4, 6]
[1, 2, 3]
[1, 4, 6, 8]
[1, 4, 6, 8, 9]
[3, 6, 8, 9, 10, 13, 16]
[1, 4, 5, 8]
[1, 6, 8, 9, 10, 16]
[1, 4, 6, 8, 9, 10]
[3, 6]
[0, 1, 2, 5, 8]
[1, 4, 5, 8]
[0, 3]
[1, 2, 6, 7, 9, 12]
[1, 4]
[0, 2, 3]
[1, 4, 6, 8]
[1, 4, 8, 9, 10]
[1, 4]
[0, 2, 3, 4]
[1, 4, 6, 8, 9, 10]
[1, 4]
[0, 2]
[1, 4, 6, 8]
[1, 4]
[1, 2, 3]
[1, 4, 6, 8]
[1, 6, 8]
[0, 1, 3]
[1]
[0, 2, 3, 4, 6]
[1, 4]
[1, 3]
[1, 4, 5]
[2]
[1, 4, 6, 8, 9]
[1, 4, 6, 8]
[1, 6, 8]
[0, 1, 7]
[0, 1, 3]
[0, 2, 7, 10, 11]
[1, 4, 6, 8, 9]
[0, 3]
[1, 2, 6, 7, 9, 12]
[1]
[0, 2, 4, 5]
[1, 4]
[0, 1, 2]
[0, 3, 8]
[0, 4, 5, 7, 10]
[0, 1, 3, 6]
[0, 5, 8, 9]
[0, 3]
[0, 5, 8, 10, 11, 13, 14, 16, 17, 19]
[1, 4, 6, 8]
[1, 4, 6, 8]
[1, 6, 8]
[0, 1, 7]
[1, 4, 6, 8]
[0, 1]
[3, 6]
[1, 2, 3, 6, 9]
[1, 6]
[0, 1, 2, 4]
[1, 4, 5, 8]
[1, 4, 6, 8]
[3, 6, 8]
[0, 4, 5, 7]
[3]
[1, 3, 4, 5, 8, 11]
[1, 6]
[1, 2, 3, 5]
[1, 4]
[0, 2, 3, 4]
[1, 4, 6, 8, 9, 10]
[1, 4, 6, 8]
[3]
[0, 2, 3, 7, 8, 10]
[1, 4, 6]
[1, 2, 3]
[3, 6, 8]
[0, 1, 4, 7]
[0, 1, 3, 6]
[0, 5, 8, 9]
[1, 4, 6, 8]
[3, 6]
[0, 1, 2, 5, 8]
[1]
[0, 2, 4]
[1, 4, 5, 8]
[1, 4, 6, 8]
[1, 4, 6, 8]
[1, 4, 5, 8]
[1, 4]
[0, 2, 3, 4]
[1, 6]
[0, 1, 2, 8]
[1, 4, 6, 8]
[1, 4, 6, 8, 9]
[1, 4, 6, 8]
[0, 3, 6, 8, 13, 16, 18, 19, 20]
[0, 1, 3, 8]
[4, 7, 8, 9]
[1, 4, 6, 8]
[1, 4, 6, 8, 9]
[1, 4, 8]
[0, 1]
[3, 6]
[1, 2, 3, 6, 9]
[1, 6]
[0, 1, 2, 4]
[1, 4, 6]
[0, 1, 2]
[1, 4, 5, 8]
[1, 4, 6]
[1, 2]
[1, 6]
[1, 2, 3, 5]
[0, 3, 6, 8]
[4, 7, 9, 10, 11]
[0, 1, 3, 6]
[1, 6, 9, 10]
[1, 4]
[1, 2, 3]
[1, 6, 8]
[0, 1, 7]
[1, 4]
[0, 2]
[0, 1, 3, 6]
[0, 5, 8, 9]
[1, 4, 6, 8, 9, 10]
[0, 3, 8, 13, 16, 18, 19, 20, 21, 22]
[1, 6, 8, 9, 10, 16]
[3, 6, 8, 9, 10, 13, 16]
[3, 6]
[0, 1, 2, 5, 8]
[1, 6]
[0, 1, 2, 8]
[0, 3, 8]
[0, 4, 5, 7, 10]
[1, 4, 5, 8]
[1, 4, 5, 8]
[1, 4, 6, 8]
[1, 6]
[1, 2, 3, 5]
[1, 4, 6, 8]
[1, 4, 6, 8, 9, 10]
[3, 6, 8, 9, 10, 13, 16]
[3, 6]
[1, 2, 6, 7, 9]
[1]
[0, 2, 3, 4, 6]
[3, 6, 8, 9, 13, 14, 16]
[1, 4, 6, 8]
[3, 6]
[1, 2, 6, 7, 9]
[1, 4, 5, 8]
[1, 4, 6, 8]
[1, 4, 8, 9, 10]
