0.8470761099481932
1
0.8534159861221641
1
0.7283762897823307
1
0.8258911166542388
1
0.9202909618019574
1
0.815908194998029
1
0.7781737665246995
1
0.8327890945619478
1
0.9025320513190296
1
0.8085860565120333
1
0.7949577998722975
1
0.7584441362425174
1
0.7248689998911957
1
0.8309111241590433
1
0.7959346808267672
1
0.8100566283132073
1
0.8813552236796109
1
0.842000775007763
1
0.8236615273114017
1
0.7134051845590307
1
0.7717892467104726
1
0.7815443335676417
1
0.868197840051037
1
0.8280785546515764
1
0.8486590664096952
1
0.8718598096922615
1
0.8389110877438953
1
0.7903256255187951
1
0.8490869843293706
1
0.8645698536189989
1
0.8559658275005098
1
0.8950999846759347
1
0.8789120560569005
1
0.7821961497149469
1
0.8574919499848903
1
0.7769570432409153
1
0.8216657342335103
1
0.5580357142857143
1
0.8142339497013381
1
0.876390506628523
1
0.8109345800456811
1
0.8165609529702971
1
0.8813071895424837
1
0.8544720947223287
1
0.7704485867494254
1
0.7851385122146368
1
0.8500377738604886
1
0.7087572576590001
1
0.8782213320627025
1
0.7862904886555682
1
0.8764019552901092
1
0.8911028597997419
1
0.8140100992240596
1
0.8557895881011219
1
0.8839563018651113
1
0.8121388778667039
1
0.850058514115362
1
0.8109189154504551
1
0.8355121570268287
1
0.8385246946785408
1
0.8756711409395972
1
0.7996055664245
1
0.8491322376028759
1
0.7810954375799121
1
0.7736722524961118
1
0.7114829170615249
1
0.7324647899194062
1
0.7475601212403039
1
0.6870714715595412
1
0.8560031621302335
1
0.816883588689476
1
0.8402161252116715
1
0.8809902173991259
1
0.7052616608979484
1
0.7739573746746491
1
0.7031215435164501
1
0.8695838137825652
1
0.8485385679695606
1
0.895678883355555
1
0.7961734697112653
1
0.7916454903307769
1
0.8906859832489141
1
0.877447378404016
1
0.8880408406990618
1
0.70509550468185
1
0.8357629120569048
1
0.8363994091647987
1
0.864846968169044
1
0.8022335283276985
1
0.8385358090674999
1
0.7682235700998534
1
0.851199393442373
1
0.8429374089914412
1
0.8450567659565076
1
0.8236159264567308
1
0.8657578638845758
1
0.7926768405873735
1
0.6641623444087867
1
0.7891399120680356
1
0.7089987588293638
1
