0.8836892440379374
1
0.8678574410322462
1
0.8981852297008548
1
0.8258911166542388
1
0.9202909618019574
1
0.8825889811805306
1
0.8809811106929404
1
0.8456319459113217
1
0.9025320513190296
1
0.8726412334577426
1
0.9270776718550163
1
0.909531392630365
1
0.8690521014200285
1
0.8410132784145833
1
0.8182184358770362
1
0.8614045852536402
1
0.8987559866174751
1
0.9115533300476851
1
0.8676166165185566
1
0.8196234875210182
1
0.8284058848010115
1
0.8770718232044199
1
0.8970896364063279
1
0.8756711409395973
1
0.8840965616921862
1
0.9184064336461348
1
0.8699748788758711
1
0.7903256255187951
1
0.8526599337935723
1
0.9018196547734552
1
0.8697518179497993
1
0.9313617159337217
1
0.8829014419906376
1
0.8968182397451214
1
0.9167607255646384
1
0.8593202662250811
1
0.9199161400579323
1
0.7600069613644276
1
0.8350852440413824
1
0.8972480707085662
1
0.861457020838832
1
0.8959942725931652
1
0.8813071895424837
1
0.870198329301371
1
0.867338455919537
1
0.8551215488395955
1
0.8503502086070701
1
0.8172109618736131
1
0.8992892989771243
1
0.8483246034166679
1
0.8956681732147769
1
0.9064410621524107
1
0.8442997036207057
1
0.9137095764406302
1
0.8927558247147674
1
0.8165985110621788
1
0.8573420436185191
1
0.8557060246375853
1
0.8730921016616816
1
0.863113634013283
1
0.9084513970795818
1
0.9018291375403806
1
0.8847787200611016
1
0.821273769574944
1
0.8167136443832174
1
0.8225834608320962
1
0.8192475608319015
1
0.8832189842848903
1
0.7791182548485741
1
0.9201941392502695
1
0.8511547593640731
1
0.8801336015444918
1
0.9240112968398326
1
0.9042785025241165
1
0.7974301578176273
1
0.8643586552166678
1
0.9028686180318852
1
0.8655659012776716
1
0.9146287974210984
1
0.881195400583134
1
0.8984572175113592
1
0.9089940278268602
1
0.877447378404016
1
0.9006833264818174
1
0.8718947168803074
1
0.9172916335507224
1
0.8900929610134908
1
0.9371525688644746
1
0.893759296384919
1
0.8388668692473685
1
0.7790350635034934
1
0.8554307314410482
1
0.8691340707133078
1
0.8824954435807824
1
0.8778037508947745
1
0.89257623727259
1
0.8430852394849966
1
0.8544432928783144
1
0.8867276364317708
1
0.860093259952296
1
