0.9583246111869812
1
0.77787184715271
1
0.9887046217918396
1
0.9116412401199341
1
0.9790493249893188
1
0.9429577589035034
1
0.9646995663642883
1
0.9540654420852661
1
0.9014931321144104
1
0.7377891540527344
1
0.9767424464225769
1
0.9425554871559143
1
0.9624582529067993
1
0.9319785237312317
1
0.9423896670341492
1
0.9657511115074158
1
0.9481377601623535
1
0.7548879384994507
1
0.8988239765167236
1
0.9632543921470642
1
0.9847291111946106
1
0.9795092344284058
1
0.9499751329421997
1
0.8622360229492188
1
0.7423667907714844
1
0.6803590655326843
1
0.9537075757980347
1
0.8864505290985107
1
0.3323785364627838
1
0.6771780252456665
1
0.9250556230545044
1
0.5954080820083618
1
0.9390299320220947
1
0.8540440797805786
1
0.9793212413787842
1
0.9340877532958984
1
0.9425808787345886
1
0.97030109167099
1
0.38127920031547546
1
0.9891746044158936
1
0.03671424463391304
1
0.9830096364021301
1
0.7784901261329651
1
0.9645525217056274
1
0.963068425655365
1
0.9827677607536316
1
0.9401057958602905
1
0.9750358462333679
1
0.962182343006134
1
0.7653027772903442
1
0.9725708365440369
1
0.9320005774497986
1
0.42235344648361206
1
0.7861617803573608
1
0.9377296566963196
1
0.9893031120300293
1
0.9104406237602234
1
0.6211428642272949
1
0.9447813630104065
1
0.9781262278556824
1
0.9772816896438599
1
0.6560576558113098
1
0.6105976700782776
1
0.9003897309303284
1
0.9733098149299622
1
0.8765079379081726
1
0.9718400835990906
1
0.9459567070007324
1
0.7904248237609863
1
0.724661648273468
1
0.49364638328552246
1
0.8381425738334656
1
0.7804311513900757
1
0.9276117086410522
1
0.5845107436180115
1
0.9639726877212524
1
0.9685012698173523
1
0.7626749277114868
1
0.9798316359519958
1
0.9691177010536194
1
0.9699692130088806
1
0.9832752346992493
1
0.940601646900177
1
0.21806903183460236
1
0.937328577041626
1
0.8111611008644104
1
0.5658544898033142
1
0.9823498725891113
1
0.8582603931427002
1
0.9459654688835144
1
0.9102096557617188
1
0.37472447752952576
1
0.7232010960578918
1
0.1650667041540146
1
0.9089189767837524
1
0.6394069194793701
1
0.8085644841194153
1
0.9663118124008179
1
0.9628697633743286
1
0.894218385219574
1
