0.8631528694224618
1
0.8674600022031111
1
0.8981852297008548
1
0.8258911166542388
1
0.9202909618019574
1
0.8508253579348278
1
0.8809811106929404
1
0.8306898634691803
1
0.9025320513190296
1
0.8449833447333752
1
0.8850959247953134
1
0.871689558867171
1
0.7500712395684916
1
0.812560604476207
1
0.8011381437450255
1
0.8608181968361768
1
0.893139511829533
1
0.9034159275750356
1
0.8614978333333333
1
0.7955589482903245
1
0.8227555499163013
1
0.8606904439630637
1
0.868197840051037
1
0.8747622033139275
1
0.8657025616509303
1
0.8990195968609177
1
0.8561269164962376
1
0.7903256255187951
1
0.8505448651866204
1
0.9018196547734552
1
0.8686299829776389
1
0.9137098526128136
1
0.8829014419906376
1
0.8821968866268313
1
0.8723756807448129
1
0.8183450098095779
1
0.9288584326291718
1
0.7600069613644276
1
0.8168372105875599
1
0.8972480707085662
1
0.8504673388249878
1
0.8493858705397167
1
0.8813071895424837
1
0.870198329301371
1
0.859998101455232
1
0.7937034977364196
1
0.8343405215406513
1
0.8105856312822696
1
0.8906669889120383
1
0.8368362498934451
1
0.8842658992011458
1
0.8946033561423067
1
0.8262722494227119
1
0.8828012919633965
1
0.8927558247147674
1
0.8233807519491361
1
0.8573420436185191
1
0.8255631996308807
1
0.8730921016616816
1
0.8368268952368465
1
0.8794952460850111
1
0.787744786908581
1
0.8309701395340762
1
0.821273769574944
1
0.7974917631314112
1
0.7904740657909156
1
0.8196740301503982
1
0.8358327613763751
1
0.7791182548485741
1
0.8701816024515368
1
0.8384422466345303
1
0.8801336015444918
1
0.9235340774029136
1
0.8037373096446702
1
0.7928190499605346
1
0.8521676134078552
1
0.8930274252016229
1
0.8485385679695606
1
0.9137137707787619
1
0.8274339271676148
1
0.8184887895676172
1
0.9089940278268602
1
0.877447378404016
1
0.9006833264818174
1
0.8292689457359281
1
0.8649848019394917
1
0.8787139626776818
1
0.9110894089467869
1
0.8207401551528745
1
0.8426460906178858
1
0.7842324163947432
1
0.8479174015942271
1
0.8738325852081863
1
0.8485839512732329
1
0.8595157576077821
1
0.89257623727259
1
0.8458370346496767
1
0.8267490253952089
1
0.8420992338468296
1
0.8287171173923708
1
