0.8194384440849088
1
0.8060956682775817
1
0.6825506366489819
1
0.8434158156816404
1
0.9594640233232393
1
0.7567797705367133
1
0.705104796838386
1
0.7861355631041566
1
0.7748625900697474
1
0.7712347591944935
1
0.7924715400177945
1
0.7725778015067924
1
0.6971532421162421
1
0.8045853411139896
1
0.7476076709162907
1
0.8357765686944634
1
0.8597320257280807
1
0.8326306755160109
1
0.8076263386880855
1
0.7016167961019426
1
0.7809702960665457
1
0.7740080687667922
1
0.848379130262395
1
0.7577944436885611
1
0.8129899350512046
1
0.7968617892036329
1
0.7761923973462436
1
0.8449106189967983
1
0.8685379927260279
1
0.7932399016392109
1
0.8494035714285715
1
0.7710937196378417
1
0.8986634749650908
1
0.7976288097102314
1
0.7786770262733201
1
0.8118535507567108
1
0.7963885934113158
1
0.7095046854083
1
0.8874450615743482
1
0.8788730394975172
1
0.7911500886488056
1
0.6978242570633875
1
0.9402573529411764
1
0.8375621754077976
1
0.8190644454973672
1
0.8322358623074653
1
0.7726101613360397
1
0.6883908545491706
1
0.8669327794244562
1
0.7536923926767677
1
0.8687576929839986
1
0.8343033091571105
1
0.7585448734823189
1
0.8124257525101756
1
0.8903705969712181
1
0.8007069296048797
1
0.8535291423339022
1
0.7708913063788829
1
0.8016199620600485
1
0.8262693262072913
1
0.7871676308300712
1
0.8195852983110723
1
0.8497866759595795
1
0.7195597940911411
1
0.7359885426813333
1
0.7926647898671564
1
0.8251439997198182
1
0.7423908024947936
1
0.7537989355853694
1
0.7534461136314302
1
0.7831080640769238
1
0.8366694641390693
1
0.7992775594801195
1
0.7728238866396762
1
0.8363865398797823
1
0.7440892704654805
1
0.8311447002296457
1
0.7595564430409699
1
0.8406987295600234
1
0.7730938952458996
1
0.7556944686468646
1
0.8334268918614438
1
0.8007174081753913
1
0.8289071930927765
1
0.7431735632723475
1
0.7745981464942445
1
0.7834247361035008
1
0.8412991668642169
1
0.8001574952663371
1
0.8952266420712731
1
0.7657878587613294
1
0.8250689956331879
1
0.7989886064567336
1
0.7213382386655277
1
0.7828646164201606
1
0.8280143492919758
1
0.7677627148026436
1
0.7727569458062912
1
0.7114776005922112
1
0.7833575915155663
1
