0.9851174354553223
1
0.9235537052154541
1
0.9824835062026978
1
0.9843326807022095
1
0.9764728546142578
1
0.8339080810546875
1
0.9808346629142761
1
0.9573226571083069
1
0.9717419147491455
1
0.459011435508728
1
0.9651286602020264
1
0.8822919726371765
1
0.9748232960700989
1
0.9651066064834595
1
0.9431958794593811
1
0.97589510679245
1
0.8708799481391907
1
0.7127590179443359
1
0.9079084396362305
1
0.9724899530410767
1
0.9854015111923218
1
0.9728649854660034
1
0.953731119632721
1
0.9202882647514343
1
0.8161971569061279
1
0.04273906350135803
1
0.9588546752929688
1
0.930557370185852
1
0.44920241832733154
1
0.9216392040252686
1
0.8821765780448914
1
0.9723252654075623
1
0.9807997941970825
1
0.8643962144851685
1
0.9811298251152039
1
0.9172499179840088
1
0.9761039614677429
1
0.9894060492515564
1
0.24448004364967346
1
0.9842727184295654
1
0.4561988413333893
1
0.9869071245193481
1
0.9894060492515564
1
0.960813045501709
1
0.9634120464324951
1
0.9816190004348755
1
0.9429413676261902
1
0.9576289057731628
1
0.854040265083313
1
0.8692377805709839
1
0.9808568954467773
1
0.9607517719268799
1
0.7530558705329895
1
0.9730603098869324
1
0.9656527638435364
1
0.9812074899673462
1
0.961894154548645
1
0.2653493583202362
1
0.9794217348098755
1
0.9708037972450256
1
0.9808129668235779
1
0.980776846408844
1
0.8909679651260376
1
0.8919849395751953
1
0.9741519093513489
1
0.7060046792030334
1
0.9762263894081116
1
0.9242625832557678
1
0.9240280985832214
1
0.5586617588996887
1
0.672066330909729
1
0.8786983489990234
1
0.3860674202442169
1
0.980634331703186
1
0.8929343223571777
1
0.968723714351654
1
0.9604058265686035
1
0.9854478240013123
1
0.9841650128364563
1
0.9325225353240967
1
0.9837546944618225
1
0.9772480130195618
1
0.9194939732551575
1
0.9727747440338135
1
0.9672520160675049
1
0.8253481388092041
1
0.7167771458625793
1
0.9696057438850403
1
0.8748891949653625
1
0.6280139088630676
1
0.8886266350746155
1
0.8738918900489807
1
0.8133682012557983
1
0.2895249128341675
1
0.976909339427948
1
0.9905338287353516
1
0.7990334630012512
1
0.9833411574363708
1
0.9787646532058716
1
0.4575929045677185
1
