0.8631528694224618
1
0.864440653930926
1
0.7283762897823307
1
0.8258911166542388
1
0.9202909618019574
1
0.815908194998029
1
0.835861462175498
1
0.8306898634691803
1
0.9025320513190296
1
0.8231473153090599
1
0.8030437191637029
1
0.8212871024758476
1
0.7272628917638484
1
0.8260658569252126
1
0.8011381437450255
1
0.8660155564006964
1
0.8826832605075862
1
0.8584496179965659
1
0.8474004557581146
1
0.7194153417929641
1
0.7650389698373445
1
0.8187814695214338
1
0.868197840051037
1
0.8394529233769594
1
0.8554058193398122
1
0.8718598096922615
1
0.8271813753918499
1
0.7903256255187951
1
0.8642913254370441
1
0.9018196547734552
1
0.8675595238095238
1
0.8950999846759347
1
0.8789120560569005
1
0.7955998674943137
1
0.8574919499848903
1
0.780521137026239
1
0.8216657342335103
1
0.5580357142857143
1
0.8248638586956522
1
0.8771559239290792
1
0.8504673388249878
1
0.8367118057919942
1
0.8813071895424837
1
0.8544720947223287
1
0.8090592042370791
1
0.7851385122146368
1
0.8343405215406513
1
0.7407763407250767
1
0.8906669889120383
1
0.8368362498934451
1
0.8842658992011458
1
0.8911028597997419
1
0.8068811785309652
1
0.8742249336760501
1
0.8927558247147674
1
0.8121388778667039
1
0.8573420436185191
1
0.8255631996308807
1
0.8344597315436241
1
0.8368268952368465
1
0.8794952460850111
1
0.7996055664245
1
0.8309701395340762
1
0.797630403826746
1
0.7736722524961118
1
0.7304772581559478
1
0.7524895121575632
1
0.7813184411483597
1
0.6912291860031738
1
0.8701816024515368
1
0.8286356635632417
1
0.8713025061771973
1
0.905309891731779
1
0.7578418310671148
1
0.7739573746746491
1
0.7810851961509496
1
0.8695838137825652
1
0.8485385679695606
1
0.895678883355555
1
0.7961734697112653
1
0.7916454903307769
1
0.8906859832489141
1
0.877447378404016
1
0.9006833264818174
1
0.70509550468185
1
0.8537341729245319
1
0.860869094927231
1
0.9110894089467869
1
0.8207401551528745
1
0.8356482155423746
1
0.7417096526743786
1
0.8479174015942271
1
0.8690691117898706
1
0.8485839512732329
1
0.8360925506105078
1
0.8657578638845758
1
0.8384545533439481
1
0.7331922404518558
1
0.8280044952588779
1
0.7747690973094049
1
