0.9858360290527344
1
0.9163239598274231
1
0.9860468506813049
1
0.98411625623703
1
0.976498007774353
1
0.816565215587616
1
0.9715301394462585
1
0.9571502208709717
1
0.9605061411857605
1
0.4216744601726532
1
0.9682297706604004
1
0.9671836495399475
1
0.9351431131362915
1
0.8675512671470642
1
0.9106740951538086
1
0.9623376727104187
1
0.9189752340316772
1
0.6983703374862671
1
0.9070428609848022
1
0.9694669842720032
1
0.9807198643684387
1
0.9531766176223755
1
0.9507603645324707
1
0.9163632988929749
1
0.8158292770385742
1
0.15516172349452972
1
0.9568984508514404
1
0.9382839798927307
1
0.31005167961120605
1
0.9216392040252686
1
0.8254150152206421
1
0.9715976715087891
1
0.9442957639694214
1
0.8741729259490967
1
0.9829056262969971
1
0.950796365737915
1
0.9738075733184814
1
0.8976090550422668
1
0.4306041896343231
1
0.986933171749115
1
0.4099687933921814
1
0.9791995882987976
1
0.9885807633399963
1
0.9452227354049683
1
0.9741891026496887
1
0.9843716025352478
1
0.9569752812385559
1
0.9561716914176941
1
0.861113429069519
1
0.8589369654655457
1
0.9787939786911011
1
0.963596761226654
1
0.7778118252754211
1
0.9618841409683228
1
0.9656527638435364
1
0.9859666228294373
1
0.961894154548645
1
0.34656253457069397
1
0.9803363680839539
1
0.9729483723640442
1
0.9795334339141846
1
0.9862030744552612
1
0.8982447385787964
1
0.8435592651367188
1
0.9650581479072571
1
0.7895994782447815
1
0.974994421005249
1
0.935416579246521
1
0.9037044644355774
1
0.7794387340545654
1
0.3735831379890442
1
0.8670949935913086
1
0.6767290830612183
1
0.9655590653419495
1
0.5451321005821228
1
0.9663790464401245
1
0.9480443000793457
1
0.9838252067565918
1
0.9871582388877869
1
0.9284567832946777
1
0.2779155373573303
1
0.9781740307807922
1
0.9195346236228943
1
0.9701657295227051
1
0.9853739738464355
1
0.7818443179130554
1
0.8290458917617798
1
0.9676845669746399
1
0.8409668207168579
1
0.6101213693618774
1
0.8955666422843933
1
0.8588688969612122
1
0.8162493705749512
1
0.304910272359848
1
0.9646404385566711
1
0.9714638590812683
1
0.7628558278083801
1
0.9847591519355774
1
0.9760840535163879
1
0.5025503635406494
1
