0.9040381257815682
1
0.9208684683654824
1
0.8981852297008548
1
0.8846254333762718
1
0.9221163157465448
1
0.908408418517282
1
0.9070754373177843
1
0.863391662924979
1
0.9070559913307727
1
0.9127460655688133
1
0.9468584629409829
1
0.909531392630365
1
0.8814159292035398
1
0.8737264299506474
1
0.8948859593093266
1
0.8820163487738419
1
0.906677970204834
1
0.9210565631816416
1
0.9116758307935611
1
0.8743465586605509
1
0.8727745817142907
1
0.9055342339615219
1
0.9073240334953023
1
0.9035759256368741
1
0.9126609380869554
1
0.9133647813773603
1
0.8972452098194281
1
0.9037186188618126
1
0.8546119785630659
1
0.9175318919335569
1
0.8851806145488383
1
0.9313617159337217
1
0.9025939612376492
1
0.932708696923785
1
0.9354848410487366
1
0.8779946276734776
1
0.9199161400579323
1
0.7600069613644276
1
0.859875562352369
1
0.9155891048243117
1
0.8978804748199424
1
0.9199014836197636
1
0.7600069613644276
1
0.88594194196557
1
0.8701343625330111
1
0.8912905687206732
1
0.8503502086070701
1
0.8941718969452247
1
0.9299830804869186
1
0.9111336723503561
1
0.9203016928017451
1
0.9261670119311947
1
0.8860443924998067
1
0.9339131268860998
1
0.9396090225563909
1
0.8075404248243755
1
0.9129163654010761
1
0.8732977973647192
1
0.898152640390596
1
0.9230774652553112
1
0.9377557354412901
1
0.886247845467581
1
0.8811611855460821
1
0.8935812996455972
1
0.8469571929025359
1
0.8505647320894066
1
0.8705281702532713
1
0.910423724489796
1
0.8515383785574764
1
0.9220797131430147
1
0.8844011142061282
1
0.9124554400755237
1
0.9290347515559637
1
0.9289874167000821
1
0.8756906072749774
1
0.9366141967720716
1
0.9091211217459657
1
0.9212449252136753
1
0.9370910192202107
1
0.9286761264161247
1
0.9334090392988025
1
0.9409240579044117
1
0.9093605125419812
1
0.8994757727652464
1
0.9315861221337407
1
0.9194174948160898
1
0.9396731868263386
1
0.9557936821634523
1
0.9034637251022293
1
0.8650324617002462
1
0.8517900510843244
1
0.8892471922606472
1
0.8720910901867963
1
0.9249387424753158
1
0.9275331783601015
1
0.9054188416604525
1
0.8743071784228225
1
0.9203809559774057
1
0.8959395669629865
1
0.8977759727667617
1
