0.9851174354553223
1
0.9306954741477966
1
0.9824835062026978
1
0.98411625623703
1
0.976498007774353
1
0.8339120149612427
1
0.9850013256072998
1
0.9573226571083069
1
0.9605061411857605
1
0.45128390192985535
1
0.9627627730369568
1
0.8822919726371765
1
0.9758121371269226
1
0.9650420546531677
1
0.9072120785713196
1
0.9644818902015686
1
0.9146335124969482
1
0.7284307479858398
1
0.9185793399810791
1
0.9557772278785706
1
0.9861451387405396
1
0.9648258686065674
1
0.9459546804428101
1
0.923763632774353
1
0.8505373001098633
1
0.08334441483020782
1
0.9588546752929688
1
0.9382839798927307
1
0.29328498244285583
1
0.9216392040252686
1
0.8607900142669678
1
0.9723252654075623
1
0.8805068135261536
1
0.8863612413406372
1
0.9818117022514343
1
0.9038207530975342
1
0.9761039614677429
1
0.9894060492515564
1
0.19958874583244324
1
0.9876070618629456
1
0.3958573639392853
1
0.9869071245193481
1
0.9885807633399963
1
0.9480981230735779
1
0.9634120464324951
1
0.9828275442123413
1
0.9429413676261902
1
0.9577844142913818
1
0.854040265083313
1
0.8692377805709839
1
0.9808568954467773
1
0.9607517719268799
1
0.7283307313919067
1
0.9730603098869324
1
0.9656527638435364
1
0.9812074899673462
1
0.961894154548645
1
0.26384878158569336
1
0.9794217348098755
1
0.9708037972450256
1
0.9808129668235779
1
0.9864722490310669
1
0.8909510374069214
1
0.8233354687690735
1
0.9741519093513489
1
0.6360995769500732
1
0.9754654765129089
1
0.9341955780982971
1
0.9144690036773682
1
0.5586617588996887
1
0.7157539129257202
1
0.8902055621147156
1
0.45379316806793213
1
0.9810945987701416
1
0.6880673170089722
1
0.9779291749000549
1
0.9604126214981079
1
0.9853760600090027
1
0.9841650128364563
1
0.9325225353240967
1
0.36552202701568604
1
0.9798428416252136
1
0.9194939732551575
1
0.9701657295227051
1
0.9727190136909485
1
0.8495548963546753
1
0.8019645810127258
1
0.9696057438850403
1
0.8748891949653625
1
0.6280139088630676
1
0.8874544501304626
1
0.8752503991127014
1
0.8912740349769592
1
0.2829897701740265
1
0.976909339427948
1
0.9905338287353516
1
0.7456185817718506
1
0.9833411574363708
1
0.9798876047134399
1
0.6423712968826294
1
