0.9841930270195007
1
0.9719386100769043
1
0.987000584602356
1
0.9797477126121521
1
0.9657915830612183
1
0.6912743449211121
1
0.9688829779624939
1
0.9580938816070557
1
0.9730246663093567
1
0.4251505434513092
1
0.9709256291389465
1
0.8971874713897705
1
0.9337323904037476
1
0.8748120665550232
1
0.9293801188468933
1
0.9775965213775635
1
0.937307596206665
1
0.7058249711990356
1
0.8706742525100708
1
0.9681767821311951
1
0.9811386466026306
1
0.9618536233901978
1
0.9512475728988647
1
0.9027516841888428
1
0.8307027220726013
1
0.20944924652576447
1
0.9603210687637329
1
0.9576759338378906
1
0.48357903957366943
1
0.9302137494087219
1
0.9032321572303772
1
0.9683295488357544
1
0.9694504141807556
1
0.7400701642036438
1
0.9851970672607422
1
0.9325225353240967
1
0.9694274663925171
1
0.8976090550422668
1
0.41459178924560547
1
0.9888349175453186
1
0.8049470782279968
1
0.9800763726234436
1
0.8964950442314148
1
0.8886368274688721
1
0.9768111705780029
1
0.9858502745628357
1
0.9390782713890076
1
0.9741888642311096
1
0.9262998104095459
1
0.8054539561271667
1
0.9718358516693115
1
0.975896954536438
1
0.8078561425209045
1
0.9528551697731018
1
0.9098156094551086
1
0.9787382483482361
1
0.9642564654350281
1
0.2849533259868622
1
0.9205113649368286
1
0.9743159413337708
1
0.9834092855453491
1
0.9864418506622314
1
0.6831616759300232
1
0.8437871932983398
1
0.9689128398895264
1
0.901396632194519
1
0.9813040494918823
1
0.9215312600135803
1
0.904982328414917
1
0.761093258857727
1
0.5049722790718079
1
0.835207462310791
1
0.6659166216850281
1
0.9301549792289734
1
0.745640218257904
1
0.9540745615959167
1
0.9461882710456848
1
0.983628511428833
1
0.9783219695091248
1
0.9409886598587036
1
0.3613135516643524
1
0.9788712859153748
1
0.9242111444473267
1
0.5873371958732605
1
0.9887430667877197
1
0.7845762968063354
1
0.7863232493400574
1
0.9701045155525208
1
0.7554736137390137
1
0.6130235195159912
1
0.9230766892433167
1
0.8869937062263489
1
0.9418981671333313
1
0.3421723544597626
1
0.9620392322540283
1
0.7333208322525024
1
0.7757346034049988
1
0.9842697381973267
1
0.9757528901100159
1
0.8713814616203308
1
