0.8011645247453224
1
0.7374822059399128
1
0.7157240607902736
1
0.7690178397647316
1
0.8289880867946687
1
0.7780166123717513
1
0.7330381199159479
1
0.7670955252589043
1
0.7279719854421608
1
0.7586479288439346
1
0.7580020757501156
1
0.6954133091896786
1
0.7466979467784167
1
0.7194350633410449
1
0.7855452674897121
1
0.8056032274590164
1
0.8543860674253827
1
0.7799094151043312
1
0.7283176234808291
1
0.6795825435780225
1
0.766544550140775
1
0.7546788396713952
1
0.8002046732595813
1
0.7402964517974264
1
0.8255741716347402
1
0.7638272476590108
1
0.8069082769754949
1
0.7642517638530024
1
0.8472525726026162
1
0.8092977450554923
1
0.7942060591259185
1
0.7997589954676482
1
0.78781512605042
1
0.7038387111291122
1
0.8195852983110723
1
0.75323153455546
1
0.8190169775969626
1
0.5580357142857143
1
0.8050902800204502
1
0.7700676710978006
1
0.7494728914254769
1
0.7301018487919512
1
0.7215909090909091
1
0.8001015592080464
1
0.7358761063466309
1
0.7007080353800279
1
0.7943265886462497
1
0.6522806648496607
1
0.8680205959970811
1
0.7196159648791268
1
0.8294456710055025
1
0.8375587858210457
1
0.7890683465375989
1
0.7567008745035609
1
0.7915801698550271
1
0.7479477223105389
1
0.8322139625277186
1
0.7714041406817325
1
0.784288468221428
1
0.7878541953937471
1
0.7931601993333066
1
0.7866426020272176
1
0.7571359575597302
1
0.7394630653432666
1
0.768698175138992
1
0.6977120110236745
1
0.6798130677847657
1
0.7448684961836508
1
0.659272548933868
1
0.8145026421444609
1
0.7857885237415133
1
0.8169592901704477
1
0.8172516095645818
1
0.7178509073822633
1
0.72402928793276
1
0.6195686538741604
1
0.8690131585039494
1
0.8025479522408315
1
0.8559066163487998
1
0.71461655718056
1
0.755449141347424
1
0.8681353441647686
1
0.8227639054036201
1
0.7548192833686661
1
0.6722048846444071
1
0.7624924311367806
1
0.8006366543451447
1
0.8615523088694711
1
0.7428012621188622
1
0.8031823554894824
1
0.7234364268118173
1
0.8019405514498803
1
0.8021361202892767
1
0.8286901066618452
1
0.8303783844376621
1
0.7593659071538473
1
0.7473294501404828
1
0.6374419187317784
1
0.7792279740261889
1
0.691965325263652
1
