0.9847702980041504
1
0.9192099571228027
1
0.9860468506813049
1
0.98411625623703
1
0.9713899493217468
1
0.8633607625961304
1
0.9670792818069458
1
0.9563270211219788
1
0.9605061411857605
1
0.41313523054122925
1
0.9661136269569397
1
0.9738499522209167
1
0.9337323904037476
1
0.8636278510093689
1
0.9269806742668152
1
0.977027177810669
1
0.9188058972358704
1
0.7744001746177673
1
0.8788081407546997
1
0.973365306854248
1
0.9783198833465576
1
0.9642764329910278
1
0.9507603645324707
1
0.892216145992279
1
0.8658355474472046
1
0.15516172349452972
1
0.9546548128128052
1
0.9382839798927307
1
0.6011095643043518
1
0.9290394186973572
1
0.8229838013648987
1
0.9715976715087891
1
0.9442957639694214
1
0.8746762275695801
1
0.9824973940849304
1
0.9462411999702454
1
0.9738075733184814
1
0.8976090550422668
1
0.4301503896713257
1
0.9875659942626953
1
0.4498859643936157
1
0.9804832935333252
1
0.9885807633399963
1
0.9452227354049683
1
0.9761985540390015
1
0.9843716025352478
1
0.9427453875541687
1
0.9635944366455078
1
0.9048771262168884
1
0.7923040390014648
1
0.9772260189056396
1
0.963596761226654
1
0.8621548414230347
1
0.9614250063896179
1
0.9701017141342163
1
0.9859666228294373
1
0.9596284031867981
1
0.32892292737960815
1
0.9804726243019104
1
0.9784305691719055
1
0.9811573624610901
1
0.9862030744552612
1
0.9035280346870422
1
0.8435592651367188
1
0.9650581479072571
1
0.8536763787269592
1
0.9763819575309753
1
0.9222774505615234
1
0.9036247730255127
1
0.672504723072052
1
0.45590701699256897
1
0.8336738348007202
1
0.5729876756668091
1
0.9335460662841797
1
0.5451321005821228
1
0.9648248553276062
1
0.9480443000793457
1
0.9838252067565918
1
0.9871582388877869
1
0.9284567832946777
1
0.2779155373573303
1
0.9781740307807922
1
0.9210017919540405
1
0.9777871370315552
1
0.9853739738464355
1
0.8024237155914307
1
0.7586179375648499
1
0.970000147819519
1
0.8329744935035706
1
0.6588485836982727
1
0.9019007682800293
1
0.8170328140258789
1
0.8812017440795898
1
0.487434059381485
1
0.9622324705123901
1
0.9714638590812683
1
0.8009859323501587
1
0.9832249879837036
1
0.974341630935669
1
0.8514811396598816
1
