0.8836892440379374
1
0.8886120710559801
1
0.8981852297008548
1
0.8475651941493098
1
0.9121507341069682
1
0.8931235799350414
1
0.9070754373177843
1
0.8456319459113217
1
0.9025320513190296
1
0.8726412334577426
1
0.9468584629409829
1
0.909531392630365
1
0.8814159292035398
1
0.8474923402580148
1
0.879998572223412
1
0.8820163487738419
1
0.9019948548304686
1
0.9115533300476851
1
0.8959290226452733
1
0.8743465586605509
1
0.8727745817142907
1
0.9055342339615219
1
0.9157974148879026
1
0.887246804145044
1
0.8911332072395536
1
0.9125554318416469
1
0.8699748788758711
1
0.8767608252015723
1
0.8481250259778046
1
0.9018196547734552
1
0.8702835617422559
1
0.9313617159337217
1
0.8929735196274118
1
0.9173752419010447
1
0.9109179168837371
1
0.8731030121097075
1
0.9199161400579323
1
0.7600069613644276
1
0.8489859976643445
1
0.9155891048243117
1
0.8924806359694145
1
0.8959942725931652
1
0.7600069613644276
1
0.8696208917902221
1
0.867338455919537
1
0.8775495222314444
1
0.8503502086070701
1
0.8485349771760757
1
0.8992892989771243
1
0.8483246034166679
1
0.8956681732147769
1
0.9064410621524107
1
0.8762306790034248
1
0.9137095764406302
1
0.8927558247147674
1
0.8165985110621788
1
0.8573420436185191
1
0.8636340492034684
1
0.8730921016616816
1
0.863113634013283
1
0.9084513970795818
1
0.8991543860103338
1
0.8811611855460821
1
0.8555198569982893
1
0.8167136443832174
1
0.838120043629645
1
0.8339721453224578
1
0.910423724489796
1
0.8085498554622135
1
0.9154463504022317
1
0.8697935468600181
1
0.9023571467338958
1
0.9290347515559637
1
0.9289874167000821
1
0.8595687856746399
1
0.9171240794256832
1
0.9091211217459657
1
0.9294785980360737
1
0.9146287974210984
1
0.881195400583134
1
0.8984572175113592
1
0.9086521483225426
1
0.877447378404016
1
0.9007704002069141
1
0.9035348451720705
1
0.914329948850826
1
0.9190347855484536
1
0.9371525688644746
1
0.893759296384919
1
0.8388668692473685
1
0.8295577536499424
1
0.8599755248394668
1
0.8819931758192237
1
0.9089204226036823
1
0.8778037508947745
1
0.89257623727259
1
0.855239879154344
1
0.8544432928783144
1
0.8964066887392969
1
0.8935832351399673
1
