0.8497896951347701
1
0.8504281783961662
1
0.7039191209046004
1
0.8485246012702894
1
0.9594640233232393
1
0.7615622305022598
1
0.705104796838386
1
0.8188800136858508
1
0.7959426095213424
1
0.7755459681957817
1
0.7924715400177945
1
0.7838795978751575
1
0.6971532421162421
1
0.8045853411139896
1
0.7423523558596673
1
0.8357765686944634
1
0.8766470376696933
1
0.84377316354903
1
0.8605272729393525
1
0.7016167961019426
1
0.7809702960665457
1
0.7740080687667922
1
0.8234152680220092
1
0.8423796031713632
1
0.8129899350512046
1
0.8179309691281008
1
0.7761923973462436
1
0.8443036024735371
1
0.8750332863493867
1
0.8306088659774005
1
0.8597946769487275
1
0.8479017167381975
1
0.9172626762134427
1
0.8112107118219758
1
0.7786770262733201
1
0.8118535507567108
1
0.8163684278170236
1
0.7095046854083
1
0.871787531878591
1
0.8788730394975172
1
0.7911500886488056
1
0.6978242570633875
1
0.9402573529411764
1
0.8360550815293638
1
0.8190644454973672
1
0.8482213813114512
1
0.8409704614924342
1
0.7158695812102779
1
0.8705238525960444
1
0.7718544833303419
1
0.8693357087477938
1
0.8578138488611461
1
0.7635340488533959
1
0.8124257525101756
1
0.8970733752620544
1
0.8711714153479406
1
0.8259738818711223
1
0.7771747581782341
1
0.8016199620600485
1
0.871284496364146
1
0.8429850291107093
1
0.8266506365271796
1
0.8585360177408997
1
0.7554560716284274
1
0.7825087420053822
1
0.8182006842690597
1
0.8251439997198182
1
0.7423908024947936
1
0.7537989355853694
1
0.7911060459547821
1
0.7883223754021489
1
0.8366694641390693
1
0.8534152758399994
1
0.7728238866396762
1
0.8299414600550965
1
0.7440892704654805
1
0.8311447002296457
1
0.7774418026376525
1
0.8896333167210034
1
0.7853171665485003
1
0.7757918858292079
1
0.8601686320754717
1
0.8091141698576207
1
0.8748065172835371
1
0.7402392681210415
1
0.8148804220973839
1
0.7930549471537043
1
0.8472484900393062
1
0.8107484772834508
1
0.8952266420712731
1
0.7888220019806443
1
0.8341530868237348
1
0.7989886064567336
1
0.7142021197714085
1
0.7828646164201606
1
0.8612047819153621
1
0.8309240811262317
1
0.7727569458062912
1
0.7174710827745222
1
0.7900572405426795
1
