0.9710756540298462
1
0.4814944565296173
1
0.9886660575866699
1
0.9845468401908875
1
0.9764337539672852
1
0.8559645414352417
1
0.9646995663642883
1
0.9557099342346191
1
0.8638641238212585
1
0.6889545917510986
1
0.9721874594688416
1
0.956095278263092
1
0.9624582529067993
1
0.9319785237312317
1
0.9418046474456787
1
0.9657511115074158
1
0.917576789855957
1
0.7342501878738403
1
0.9122524261474609
1
0.9632543921470642
1
0.9847291111946106
1
0.9795092344284058
1
0.9175562262535095
1
0.8452136516571045
1
0.8099508881568909
1
0.08177003264427185
1
0.9512482285499573
1
0.9524320363998413
1
0.28444963693618774
1
0.7370131015777588
1
0.9313579797744751
1
0.7015852928161621
1
0.9047436118125916
1
0.8362733721733093
1
0.9793212413787842
1
0.9340877532958984
1
0.93611741065979
1
0.97030109167099
1
0.3339485228061676
1
0.9891746044158936
1
0.0749855637550354
1
0.984772801399231
1
0.9922283291816711
1
0.9654995799064636
1
0.9696504473686218
1
0.9823258519172668
1
0.9241963028907776
1
0.975957453250885
1
0.9592664837837219
1
0.8466326594352722
1
0.9715624451637268
1
0.9154559969902039
1
0.5609357357025146
1
0.7864418029785156
1
0.9744555950164795
1
0.9836181998252869
1
0.9000411629676819
1
0.6185658574104309
1
0.9452984929084778
1
0.9771907329559326
1
0.9654337763786316
1
0.6480528712272644
1
0.7232389450073242
1
0.9003897309303284
1
0.9701335430145264
1
0.754854679107666
1
0.972090482711792
1
0.9459567070007324
1
0.7904248237609863
1
0.701262891292572
1
0.20165975391864777
1
0.831856906414032
1
0.6904143691062927
1
0.9276117086410522
1
0.5116068124771118
1
0.9639726877212524
1
0.9685012698173523
1
0.7522286772727966
1
0.9874575734138489
1
0.9509968161582947
1
0.9586827158927917
1
0.9829490184783936
1
0.9349917769432068
1
0.27040910720825195
1
0.985954225063324
1
0.853041410446167
1
0.6391211748123169
1
0.9870948195457458
1
0.9044449329376221
1
0.95256507396698
1
0.9041998386383057
1
0.4286617040634155
1
0.7232010960578918
1
0.1261000633239746
1
0.9053993225097656
1
0.9737763404846191
1
0.8173492550849915
1
0.9645562767982483
1
0.9628896713256836
1
0.8970783948898315
1
