0.9583246111869812
1
0.940797746181488
1
0.9887046217918396
1
0.9116412401199341
1
0.9783821105957031
1
0.9381234645843506
1
0.9613969922065735
1
0.9540654420852661
1
0.9014931321144104
1
0.7078328132629395
1
0.9767424464225769
1
0.952393651008606
1
0.9609880447387695
1
0.9450700283050537
1
0.9770575761795044
1
0.9674336910247803
1
0.9504892826080322
1
0.7923224568367004
1
0.9025018215179443
1
0.9699985980987549
1
0.9851367473602295
1
0.976905107498169
1
0.9510302543640137
1
0.8707046508789062
1
0.7470435500144958
1
0.6487399339675903
1
0.9537075757980347
1
0.8864505290985107
1
0.720028817653656
1
0.6771780252456665
1
0.9459435939788818
1
0.5954080820083618
1
0.9390299320220947
1
0.8848939538002014
1
0.9814872741699219
1
0.9387205839157104
1
0.9440861940383911
1
0.97030109167099
1
0.37092825770378113
1
0.9898161888122559
1
0.0318654328584671
1
0.9830096364021301
1
0.7784901261329651
1
0.9645525217056274
1
0.9635996222496033
1
0.9827677607536316
1
0.9401057958602905
1
0.9774103760719299
1
0.962182343006134
1
0.7653027772903442
1
0.9725708365440369
1
0.9320005774497986
1
0.446903258562088
1
0.7938597202301025
1
0.9377296566963196
1
0.9893031120300293
1
0.9104406237602234
1
0.6070133447647095
1
0.9447813630104065
1
0.9781262278556824
1
0.9772816896438599
1
0.6560576558113098
1
0.6432545781135559
1
0.9045543074607849
1
0.9725195169448853
1
0.899660587310791
1
0.9679008722305298
1
0.9452332854270935
1
0.8659048080444336
1
0.726233720779419
1
0.3947620093822479
1
0.7879035472869873
1
0.7885977029800415
1
0.9198310375213623
1
0.8302019834518433
1
0.9535862803459167
1
0.9695532917976379
1
0.7626749277114868
1
0.9798316359519958
1
0.9691177010536194
1
0.9699692130088806
1
0.9832752346992493
1
0.940601646900177
1
0.21806903183460236
1
0.937328577041626
1
0.8111611008644104
1
0.6822357177734375
1
0.9823498725891113
1
0.8582603931427002
1
0.9484918713569641
1
0.9107354879379272
1
0.3748200535774231
1
0.9700764417648315
1
0.16175425052642822
1
0.9089189767837524
1
0.6394069194793701
1
0.804900586605072
1
0.9663118124008179
1
0.9659848809242249
1
0.9038076996803284
1
