0.9844720885157585
1
0.9919792413711548
1
0.9906268492341042
1
0.9902762075265249
1
0.9649393856525421
1
0.9816367675860723
1
0.9046821743249893
1
0.9335129658381144
1
0.8330505378544331
1
0.9932658213835496
1
0.9906121790409088
1
0.9895620942115784
1
0.9940505146980285
1
0.9049235392700542
1
0.9548876931269964
1
0.9898260235786438
1
0.9916306052889142
1
0.9940970865162936
1
0.8658002443611622
1
0.9942538067698479
1
0.9852810416902814
1
0.9715874716639519
1
0.9928697943687439
1
0.8560527227818966
1
0.97640510648489
1
0.9808254659175872
1
0.9885920683542887
1
0.789292223751545
1
0.9923052915505001
1
0.6854239925742149
1
0.9941999316215515
1
0.9881796439488729
1
0.8335641984428678
1
0.9822326170073615
1
0.6748124832908312
1
0.9887896537780761
1
0.8291467633874466
1
0.8331574580886147
1
0.9880478531122208
1
0.9566993883677891
1
0.9872545770236424
1
0.978058828247918
1
0.9928382039070129
1
0.9311279654502869
1
0.9883190939823786
1
0.9168850346045061
1
0.9690974156061808
1
0.9091459744506412
1
0.9859065328325544
1
0.8151250332593918
1
0.9481212675571442
1
0.8612997730573019
1
0.9923881769180298
1
0.9819696034703936
1
0.9861080845197042
1
0.9261193903939178
1
0.8841364135344824
1
0.9944928118160793
1
0.9939288033379449
1
0.8081950170453638
1
0.9786568609150973
1
0.9937991632355584
1
0.9754617139697075
1
0.882182237776843
1
0.9926271041234335
1
0.8071297779679298
1
0.9794255544741949
1
0.8954621028155089
1
0.9751365482807159
1
0.9732536765245291
1
0.8079709693789482
1
0.8527368388392709
1
0.8556286003440619
1
0.9831570216587612
1
0.9934018424579075
1
0.853973422731672
1
0.9754666984081268
1
0.9939026066235134
1
0.8131090785775866
1
0.976971169312795
1
0.7212360439589247
1
0.9180602729320526
1
0.9535405681683466
1
0.9933441877365112
1
0.8497268399223685
1
0.9890776872634888
1
0.9523436546325683
1
0.994219877503135
1
0.9675309459368387
1
0.9921020716428757
1
0.9033101328781673
1
0.8874419132868449
1
0.9154071507877425
1
0.820437199303082
1
0.9885802745819092
1
0.9420899940388543
1
0.9796134763293796
1
0.9844203412532806
1
0.9869865504178134
1
0.8461031193534533
1
