0.8371569170983753
1
0.8658777563798788
1
0.8712555334297952
1
0.795249607284539
1
0.8639455782312925
1
0.8751494888324101
1
0.8455411204959599
1
0.7999302108150205
1
0.8787432030368318
1
0.8936671572465861
1
0.9076890953106755
1
0.8766195015287771
1
0.8444452126352016
1
0.8123001639485156
1
0.8557241700098842
1
0.8876728478233552
1
0.8588774615752981
1
0.8900656130990227
1
0.8786183850576164
1
0.8113107770753284
1
0.8545562130177515
1
0.8509890135160773
1
0.8842673405678608
1
0.7949101229895932
1
0.8815827322930109
1
0.8910427167393555
1
0.8697513141873267
1
0.7893083123325924
1
0.8059806521903525
1
0.8738629950426187
1
0.8656893333333334
1
0.8376266803446797
1
0.836695151889957
1
0.8325324637691043
1
0.8178466553062761
1
0.8941177592267973
1
0.8719765684051398
1
0.8329320978545595
1
0.8414614157006416
1
0.8636618641796717
1
0.8500077857365306
1
0.8898621927565341
1
0.8823614393563347
1
0.8059908343927397
1
0.8698305374712314
1
0.8630867891775524
1
0.9065735946745561
1
0.8436160354308218
1
0.8724122242898582
1
0.8814869834596035
1
0.8561356933434056
1
0.8712237649305375
1
0.9167383151509517
1
0.7826382230321395
1
0.8534103442477288
1
0.8843664891234129
1
0.8358621848739497
1
0.8540651462222105
1
0.9061069196659021
1
0.8336320906298198
1
0.8668349521658607
1
0.8537114117238987
1
0.8607227162394387
1
0.9147504261438361
1
0.8620315524016188
1
0.785998851987194
1
0.8748423793859649
1
0.839101537763827
1
0.8685577718319413
1
0.8691479701008402
1
0.8981412407116233
1
0.8424088111946803
1
0.8954414223719759
1
0.8795208320322953
1
0.8970082660417966
1
0.8649269300743554
1
0.9046547632810908
1
0.8787165043791256
1
0.8989948561764831
1
0.8328673164854696
1
0.8424435471951867
1
0.8911234182467296
1
0.8777460076808742
1
0.8851082177952528
1
0.8468755062338283
1
0.8373679207092141
1
0.8867626030073953
1
0.9065618520837335
1
0.8501295905213792
1
0.8986363588099133
1
0.8904233142857144
1
0.8351514630872483
1
0.8314650929780121
1
0.8751244637184636
1
0.8565330599506459
1
0.8539688075331258
1
0.8552444045608109
1
0.8392223863537434
1
0.894287222907151
1
0.8362935436339879
1
