12.385600090026855
6.9515275955200195
12.638530731201172
5.4591851234436035
16.93507957458496
4.81812047958374
27.03354835510254
6.759420871734619
17.46592140197754
6.458826541900635
14.459735870361328
6.387524604797363
16.5313720703125
7.3264665603637695
11.174285888671875
6.4328837394714355
11.088458061218262
6.116136074066162
11.365080833435059
7.682882308959961
11.002822875976562
7.522407054901123
12.211227416992188
4.699374198913574
12.138031005859375
6.010146617889404
14.827341079711914
9.202103614807129
12.411096572875977
6.140565872192383
11.22510051727295
6.480759143829346
15.259603500366211
6.666487216949463
8.871621131896973
7.613955497741699
10.070320129394531
8.657097816467285
15.367673873901367
10.820828437805176
14.892693519592285
6.710508346557617
11.948084831237793
7.640893459320068
7.980557918548584
7.2071661949157715
11.91492748260498
4.3331217765808105
11.595916748046875
5.06621789932251
22.76650619506836
6.599065780639648
10.838261604309082
10.106029510498047
26.295146942138672
5.499828338623047
11.88020133972168
9.390883445739746
12.282320976257324
6.1435723304748535
10.982280731201172
8.595388412475586
16.282848358154297
8.803458213806152
18.491125106811523
6.317226886749268
15.096829414367676
6.59735107421875
19.005979537963867
6.543630599975586
10.874306678771973
12.08821964263916
14.012747764587402
5.771483898162842
16.758962631225586
6.151355743408203
13.043295860290527
6.75784969329834
12.8661527633667
6.27358865737915
15.829950332641602
6.663090229034424
11.638899803161621
8.007793426513672
12.876574516296387
5.93245792388916
15.520814895629883
6.390815734863281
12.396014213562012
7.032018184661865
18.48273277282715
5.224156856536865
11.156027793884277
8.441744804382324
11.740998268127441
9.482934951782227
13.888250350952148
5.4004716873168945
10.346134185791016
5.324977397918701
13.139801979064941
6.6702985763549805
12.245155334472656
6.706145763397217
14.552027702331543
5.092432498931885
13.506932258605957
7.4142913818359375
13.971088409423828
4.782315731048584
17.78961944580078
7.32838249206543
16.94646644592285
6.24513053894043
11.358631134033203
6.662034034729004
10.767396926879883
5.835753440856934
19.291536331176758
5.998116493225098
16.105714797973633
5.190891742706299
7.163090229034424
6.1558661460876465
18.91700553894043
5.485677719116211
8.013154983520508
6.625945091247559
19.706958770751953
6.456127643585205
15.573535919189453
5.605930328369141
11.775805473327637
4.772308349609375
12.9689302444458
7.050851345062256
12.598745346069336
7.76015567779541
12.937143325805664
5.781869888305664
16.21141242980957
8.048691749572754
11.839966773986816
5.4192891120910645
12.682745933532715
5.355076789855957
10.98808765411377
9.260456085205078
10.554661750793457
6.156375408172607
10.01578426361084
6.702850341796875
11.323755264282227
5.509575843811035
16.092472076416016
5.2776336669921875
10.978280067443848
6.430328845977783
13.644152641296387
4.63692045211792
18.086088180541992
11.212827682495117
13.640570640563965
5.271237850189209
12.781242370605469
5.211822509765625
10.736408233642578
8.431914329528809
14.00639820098877
5.359319686889648
11.958464622497559
6.878961086273193
17.627687454223633
6.470848560333252
7.91825008392334
7.968532085418701
12.894850730895996
6.1070427894592285
7.212480068206787
5.930423259735107
14.330347061157227
6.600953578948975
16.8707332611084
5.687085151672363
18.216938018798828
5.569952011108398
15.752066612243652
6.348747730255127
13.975259780883789
5.511985778808594
11.220032691955566
7.313863277435303
13.318934440612793
7.3295207023620605
9.664917945861816
7.997654438018799
9.98652458190918
7.6530375480651855
13.733678817749023
5.708860874176025
