0.9940751492977142
1
0.9941704511642456
1
0.9922894239425659
1
0.9932150542736053
1
0.9945076604684194
1
0.982275997598966
1
0.9454051032662392
1
0.9945520361264547
1
0.8296584569228193
1
0.994465708732605
1
0.9940929189324379
1
0.9943938925862312
1
0.9938653945922852
1
0.9924415620890531
1
0.966471403837204
1
0.9904100149869919
1
0.9892221689224243
1
0.9944280331785028
1
0.9877052108446757
1
0.994588740170002
1
0.9865432551928929
1
0.9930270239710808
1
0.9939444715326483
1
0.923034627389695
1
0.9854241162538528
1
0.9872177898883819
1
0.9742558052142462
1
0.8475767895579338
1
0.9932960484709058
1
0.6751394774764776
1
0.9942938486735026
1
0.9907199591398239
1
0.9939695085797992
1
0.9821944302982755
1
0.7088078459103903
1
0.9925574421882629
1
0.9943847556908926
1
0.875420865687457
1
0.9939121901988983
1
0.9724274490560804
1
0.9921991399356297
1
0.9928517275386386
1
0.9929407934347788
1
0.9069843590259552
1
0.9893277188142141
1
0.9937723929231818
1
0.9585899048381381
1
0.912049134572347
1
0.9925454344068255
1
0.9931158572435379
1
0.9422514498233795
1
0.9763104716936747
1
0.9943590044975281
1
0.8596545244966235
1
0.9938550889492035
1
0.9917729179064433
1
0.9938453733921051
1
0.9946240356990269
1
0.9944741990831163
1
0.8844136819243431
1
0.9827046394348145
1
0.9945524069998
1
0.991029180586338
1
0.9925295385447416
1
0.9930595060189565
1
0.9224703460931778
1
0.9924321671326956
1
0.8922730814665556
1
0.99310935040315
1
0.9879167584272531
1
0.9943182468414307
1
0.9941851063208147
1
0.9866517409682274
1
0.9937160611152649
1
0.9936641454696655
1
0.955939633505685
1
0.9942188560962677
1
0.9945823465074811
1
0.9328060661043439
1
0.9904758069250319
1
0.8292552916100249
1
0.994002990424633
1
0.9926547041306129
1
0.9946061074733734
1
0.9939219951629639
1
0.9943119949764676
1
0.9571141183376313
1
0.99425808949904
1
0.9758439461390177
1
0.9563382615645727
1
0.9822393144880023
1
0.9474588135878245
1
0.8854252254884494
1
0.8866133775029864
1
0.9942385852336884
1
0.9496011648859296
1
0.9941339559025235
1
0.9941429853439331
1
0.9889225634661588
1
0.993748257557551
1
