0.9040381257815682
1
0.9231125326150997
1
0.9089895391398496
1
0.8846254333762718
1
0.9221163157465448
1
0.9200312293105818
1
0.9073270606944077
1
0.9060415471687517
1
0.9070559913307727
1
0.9148492042669465
1
0.9432802921509058
1
0.9041413547586388
1
0.8814159292035398
1
0.8703240452164355
1
0.901996334631278
1
0.9236988913212345
1
0.906677970204834
1
0.9260072292412675
1
0.9184549879291881
1
0.8682021328377362
1
0.8800353894181963
1
0.9088626090132871
1
0.9139090401785714
1
0.8542011589403973
1
0.9015517241379312
1
0.9072866687710438
1
0.9178419849384976
1
0.8469434147023852
1
0.8406565293040319
1
0.8918801939058172
1
0.9303621816291676
1
0.8874676675949265
1
0.9127192105268186
1
0.862729460745726
1
0.8738848337388484
1
0.9577330315285839
1
0.9157217630853994
1
0.8756483539377029
1
0.8959539261141563
1
0.9210196562171947
1
0.9199014836197636
1
0.9164012666316993
1
0.9313718701118642
1
0.8822188192195687
1
0.9111674874982715
1
0.9150051741469424
1
0.9299830804869186
1
0.8982722199995327
1
0.9203016928017451
1
0.9261670119311947
1
0.8940533851091054
1
0.9339131268860998
1
0.9396090225563909
1
0.8075404248243755
1
0.9129163654010761
1
0.9106841939599591
1
0.898152640390596
1
0.9230774652553112
1
0.9377557354412901
1
0.886247845467581
1
0.9118730232845689
1
0.9159668401183553
1
0.8995965539063222
1
0.9455521773935371
1
0.9064095598609012
1
0.8526329471275685
1
0.8982056420050721
1
0.8863387568683633
1
0.9169593122137532
1
0.9290347515559637
1
0.9289874167000821
1
0.9078622490732225
1
0.9577574536510337
1
0.9266831749569238
1
0.9212449252136753
1
0.9370910192202107
1
0.9286761264161247
1
0.9334090392988025
1
0.9409240579044117
1
0.9093605125419812
1
0.8994757727652464
1
0.9315861221337407
1
0.9211472074536216
1
0.9557936821634523
1
0.9034637251022293
1
0.8990678065454034
1
0.9025953900194612
1
0.9424648237795774
1
0.9037201893501892
1
0.9373314403292181
1
0.9275331783601015
1
0.9054188416604525
1
0.8735029185990725
1
0.9203809559774057
1
0.9193986768116866
1
0.9050123850131886
1
0.8967292792792793
1
0.8792810023835599
1
0.9168718277606801
1
0.9024610735247726
1
