-1.051706075668335
-0.7548933625221252
-1.0537736415863037
-1.1435155868530273
-0.9802154302597046
-0.5457519292831421
-1.3588260412216187
-0.6850401163101196
-0.9703999161720276
-0.7448068857192993
-1.1368138790130615
-0.66278475522995
-1.170946478843689
-0.6738593578338623
-1.0574090480804443
-0.6132518649101257
-1.0324946641921997
-0.6631563901901245
-1.0901802778244019
-0.7367725968360901
-0.7852945327758789
-0.7610759139060974
-1.1732662916183472
-0.5940734148025513
-1.077544927597046
-0.697005033493042
-1.3659359216690063
-0.6413161158561707
-0.9934952855110168
-0.8767606616020203
-1.0993298292160034
-0.6467606425285339
-1.389682412147522
-0.6492644548416138
-0.8131778240203857
-0.7601847052574158
-1.0596082210540771
-0.7061906456947327
-1.2352584600448608
-0.6768938302993774
-1.2132363319396973
-0.6748014092445374
-0.9991336464881897
-0.6997080445289612
-0.779563307762146
-0.5759281516075134
-1.1437098979949951
-0.5773974657058716
-1.242168664932251
-0.5732549428939819
-1.1659857034683228
-0.6417208909988403
-1.0275096893310547
-0.8208064436912537
-1.5281000137329102
-0.5829885005950928
-1.1789284944534302
-0.9483884572982788
-1.8013802766799927
-0.6413042545318604
-0.8183282613754272
-0.7344146966934204
-1.357279658317566
-0.732947826385498
-1.0915600061416626
-0.5650553703308105
-1.2230578660964966
-0.6356731653213501
-1.1559038162231445
-0.6206302642822266
-0.8674263954162598
-0.685985267162323
-1.0101667642593384
-0.7006034255027771
-1.2192797660827637
-0.6240655779838562
-1.063096284866333
-0.6304348111152649
-1.0520572662353516
-0.6515082120895386
-1.1344068050384521
-0.5794476866722107
-1.3414543867111206
-0.5888031125068665
-0.8966642022132874
-0.6008335947990417
-1.1583609580993652
-0.6642928719520569
-1.2872025966644287
-0.6479793190956116
-1.7946466207504272
-0.625994086265564
-0.9005006551742554
-0.7630080580711365
-1.1204172372817993
-0.7622624635696411
-0.9874664545059204
-0.6727006435394287
-1.0403612852096558
-0.5320202112197876
-1.0679268836975098
-0.6561160683631897
-0.8899719715118408
-0.6539542078971863
-1.1260806322097778
-0.5910327434539795
-1.433454990386963
-0.7062548398971558
-1.0086045265197754
-0.5902986526489258
-0.9768140316009521
-0.5806505084037781
-1.1448692083358765
-0.5823524594306946
-1.0023126602172852
-0.6155700087547302
-1.0063434839248657
-0.6366099119186401
-1.340182900428772
-0.6004379391670227
-1.157975435256958
-0.6447221636772156
-0.818572998046875
-0.6120661497116089
-1.2734968662261963
-0.7048863768577576
-0.8205750584602356
-0.7298234701156616
-1.0880566835403442
-0.5892777442932129
-1.1531054973602295
-0.6007785797119141
-0.9486828446388245
-0.5023093223571777
-1.1432509422302246
-0.6893264055252075
-0.9563159942626953
-0.7369341254234314
-0.9107972979545593
-0.6194890141487122
-1.0183522701263428
-0.6761084794998169
-1.115247368812561
-0.6016988754272461
-0.8180667161941528
-0.5946524143218994
-0.9225839376449585
-0.8761534094810486
-1.050094723701477
-0.6661884784698486
-0.8338430523872375
-0.6350294947624207
-1.1301116943359375
-0.6950543522834778
-1.0069464445114136
-0.5725975632667542
-0.8308336734771729
-0.7360293865203857
-0.930683970451355
-0.48990103602409363
-1.1116595268249512
-0.6599010825157166
-1.1001988649368286
-0.6099704504013062
-1.1094249486923218
-0.5826079845428467
-0.9759498238563538
-1.296499490737915
-1.1056252717971802
-0.6201484799385071
-1.0332090854644775
-0.7420030832290649
-1.2835633754730225
-0.6811788082122803
-0.8484646677970886
-0.6765274405479431
-1.0249290466308594
-0.435295045375824
-0.7374584674835205
-0.6924521327018738
-1.0131243467330933
-0.6366603374481201
-1.1865023374557495
-0.5920819640159607
-1.3857709169387817
-0.592859148979187
-0.9044807553291321
-0.6788349747657776
-1.1857069730758667
-0.5505897998809814
-1.0123870372772217
-0.7045758366584778
-1.0365029573440552
-0.49335211515426636
-1.1203041076660156
-0.6779263019561768
-1.1055399179458618
-0.6451156139373779
-1.1284682750701904
-0.6547105312347412
