0.9853702783584595
0.9999999403953552
0.9877187013626099
1.0
0.9869273900985718
1.0
0.9784145355224609
0.9999999403953552
0.989827573299408
1.0
0.9807838797569275
1.0
0.9827591180801392
1.0
0.9852688908576965
1.0
0.9815350770950317
0.9999998807907104
0.9807524681091309
1.0
0.9922019839286804
1.0
0.9801806807518005
0.9999998807907104
0.9852678775787354
0.9999999403953552
0.9770374894142151
1.0
0.9818513989448547
1.0
0.9897013902664185
1.0
0.9746180772781372
1.0
0.9896623492240906
1.0
0.9848275184631348
1.0
0.9816554188728333
1.0
0.9785923957824707
0.9999999403953552
0.9808968305587769
0.9999999403953552
0.9902965426445007
1.0
0.9772421717643738
0.9999999403953552
0.9784761667251587
1.0
0.9868285655975342
0.9999999403953552
0.986265242099762
1.0
0.9758120775222778
1.0
0.9779122471809387
0.9999999403953552
0.9766243100166321
0.9999999403953552
0.9919444918632507
0.9999999403953552
0.9771289825439453
1.0
0.9840100407600403
1.0
0.9765552878379822
0.9999999403953552
0.9828546047210693
1.0
0.9927229285240173
1.0
0.9900702834129333
1.0
0.9706196784973145
0.9999999403953552
0.9837524890899658
0.9999999403953552
0.9836657643318176
1.0
0.9765639305114746
1.0
0.9817268252372742
0.9999999403953552
0.9907253980636597
1.0
0.9785933494567871
0.9999999403953552
0.9802889823913574
1.0
0.9725489020347595
1.0
0.9911519289016724
0.9999999403953552
0.9867060780525208
1.0
0.9867488741874695
1.0
0.9882370829582214
1.0
0.9797777533531189
0.9999999403953552
0.9879502058029175
0.9999999403953552
0.9832750558853149
0.9999998807907104
0.9758654236793518
0.9999999403953552
0.986487865447998
0.9999999403953552
0.9843894839286804
0.9999998807907104
0.9833168387413025
1.0
0.9894173741340637
1.0
0.9875122904777527
1.0
0.969702959060669
1.0
0.9858161211013794
1.0
0.9893225431442261
1.0
0.9804647564888
1.0
0.9870846271514893
0.9999999403953552
0.983539342880249
0.9999998807907104
0.9743360280990601
0.9999998807907104
0.9830998778343201
0.9999999403953552
0.9795647859573364
1.0
0.9848225116729736
0.9999999403953552
0.9884578585624695
0.9999999403953552
0.9901984333992004
1.0
0.9785442352294922
1.0
0.9909406304359436
0.9999998807907104
0.9854736328125
0.9999999403953552
0.9847752451896667
0.9999998807907104
0.9910262227058411
1.0
0.980993390083313
1.0
0.9901072382926941
1.0
0.9925570487976074
1.0
0.9879422187805176
0.9999999403953552
0.9846391677856445
0.9999999403953552
0.9847128391265869
1.0
0.9827898740768433
1.0
0.9905419945716858
0.9999999403953552
0.9808997511863708
1.0
0.9820230603218079
0.9999998807907104
0.9836419224739075
1.0
0.9910926222801208
1.0
0.9856844544410706
1.0
0.9919524788856506
1.0
0.9870054721832275
1.0
0.9900547862052917
0.9999998807907104
0.9774295687675476
1.0
0.9861066341400146
1.0
0.9805992245674133
1.0
0.9868562817573547
1.0
0.9781394600868225
1.0
0.9795180559158325
1.0
0.9822903275489807
1.0
0.9802910685539246
0.9999999403953552
