0.9954560995101929
0.9999995827674866
0.9986153244972229
0.9999998211860657
0.9747309684753418
1.0000001192092896
0.993443489074707
0.9999999403953552
0.9889424443244934
1.000000238418579
0.9785498380661011
0.9999999403953552
0.9505816698074341
1.0000005960464478
0.9941782355308533
0.9999998211860657
0.9570421576499939
0.9999998211860657
0.9780495166778564
1.0000003576278687
0.9984925985336304
1.0
0.9880837202072144
1.0000003576278687
0.9925405383110046
1.0000001192092896
0.9732210636138916
1.000000238418579
0.9437476992607117
1.0000007152557373
0.9945528507232666
0.9999998211860657
0.9549327492713928
0.9999998807907104
0.996195912361145
1.000000238418579
0.9888204336166382
1.000000238418579
0.9958978891372681
1.0000003576278687
0.9761236310005188
1.0000003576278687
0.9701147675514221
0.9999998211860657
0.9980829954147339
0.9999999403953552
0.9764859080314636
0.9999997615814209
0.9947745203971863
1.0
0.9878436923027039
1.000000238418579
0.9803013205528259
0.9999999403953552
0.9415684342384338
1.0000001192092896
0.977662205696106
0.9999997615814209
0.9475783109664917
1.0000003576278687
0.9590586423873901
1.0000001192092896
0.979026734828949
1.0000001192092896
0.9970021843910217
1.0000003576278687
0.9886740446090698
0.9999998807907104
0.9816673398017883
0.9999997019767761
0.9919936060905457
0.9999996423721313
0.9873807430267334
0.9999995231628418
0.9833078384399414
1.000000238418579
0.992132306098938
1.0000003576278687
0.9540619254112244
1.000000238418579
0.9937924146652222
1.000000238418579
0.9894242286682129
1.0
0.9908621907234192
1.000000238418579
0.8981233239173889
1.0000001192092896
0.9443577527999878
1.0000008344650269
0.9911841750144958
1.0000001192092896
0.9763744473457336
0.9999997615814209
0.9887390732765198
1.0000001192092896
0.9955331683158875
1.0000001192092896
0.9895623922348022
1.0000001192092896
0.9893718361854553
1.0000003576278687
0.9950219988822937
0.9999997019767761
0.9849879741668701
1.0
0.9524213075637817
0.9999997615814209
0.9911460280418396
0.9999995231628418
0.9931676983833313
1.0
0.9692478179931641
0.9999999403953552
0.9869449734687805
0.9999997019767761
0.9975534677505493
0.9999997615814209
0.933128297328949
1.0000001192092896
0.9430668354034424
1.000000238418579
0.9940224289894104
0.9999999403953552
0.9844502806663513
1.000000238418579
0.995860755443573
1.0000005960464478
0.9827063679695129
1.0000004768371582
0.9537932276725769
1.0000001192092896
0.996601939201355
1.0000003576278687
0.9441115856170654
0.9999997615814209
0.9934871792793274
0.9999997615814209
0.9861538410186768
0.9999998807907104
0.9976410865783691
0.9999997615814209
0.9825951457023621
1.000000238418579
0.9580239057540894
1.0
0.9946836233139038
1.000000238418579
0.9582487940788269
1.0000001192092896
0.9542258381843567
1.0000001192092896
0.9774459004402161
1.000000238418579
0.9952923059463501
1.0000004768371582
0.993137538433075
1.0000001192092896
0.9859756231307983
1.0000003576278687
0.9297736883163452
1.0
0.9945840239524841
1.0000003576278687
0.9936392903327942
1.0000001192092896
0.9981522560119629
1.0000001192092896
0.994849443435669
0.9999996423721313
0.9938395619392395
0.9999998211860657
0.9957154393196106
0.9999999403953552
0.995816171169281
1.000000238418579
0.9357901215553284
1.0000001192092896
0.9952359199523926
1.0
0.8081287741661072
1.0000001192092896
0.9812210202217102
0.9999998807907104
0.9597282409667969
1.0000001192092896
0.9891803860664368
1.0000005960464478
0.992023229598999
1.0
0.9980103373527527
0.9999998807907104
0.9934824705123901
1.0000003576278687
0.9712139368057251
1.0000004768371582
0.9887732863426208
0.9999997615814209
0.9354411363601685
0.9999998211860657
