9.24207878112793
6.9515275955200195
9.299107551574707
5.4591851234436035
13.979689598083496
4.81812047958374
16.518627166748047
6.759420871734619
10.506591796875
6.458826541900635
11.011462211608887
6.387524604797363
12.13089656829834
7.3264665603637695
7.525989532470703
6.4328837394714355
9.978565216064453
6.116136074066162
10.082315444946289
7.682882308959961
9.26665210723877
7.522407054901123
10.694465637207031
4.699374198913574
10.091407775878906
6.010146617889404
11.600720405578613
9.202103614807129
10.114302635192871
6.140565872192383
9.8331298828125
6.480759143829346
11.735955238342285
6.666487216949463
7.354515075683594
7.613955497741699
9.180197715759277
8.657097816467285
12.823716163635254
10.820828437805176
12.375293731689453
6.710508346557617
8.757238388061523
7.640893459320068
7.270367622375488
7.2071661949157715
10.083298683166504
4.3331217765808105
10.624785423278809
5.06621789932251
20.127262115478516
6.599065780639648
9.114953994750977
10.106029510498047
20.87218475341797
5.499828338623047
9.255733489990234
9.390883445739746
11.858757019042969
6.1435723304748535
7.72008752822876
8.595388412475586
11.286164283752441
8.803458213806152
13.674514770507812
6.317226886749268
13.807329177856445
6.59735107421875
12.788695335388184
6.543630599975586
8.361973762512207
12.08821964263916
11.073384284973145
5.771483898162842
14.402290344238281
6.151355743408203
10.676596641540527
6.75784969329834
9.505813598632812
6.27358865737915
11.585023880004883
6.663090229034424
9.34812068939209
8.007793426513672
10.293176651000977
5.93245792388916
10.714457511901855
6.390815734863281
10.364090919494629
7.032018184661865
14.381521224975586
5.224156856536865
9.9215087890625
8.441744804382324
8.533876419067383
9.482934951782227
9.841808319091797
5.4004716873168945
7.828479766845703
5.324977397918701
9.968877792358398
6.6702985763549805
8.637913703918457
6.706145763397217
10.617412567138672
5.092432498931885
14.455595016479492
7.4142913818359375
8.779706001281738
4.782315731048584
14.786334991455078
7.32838249206543
13.705809593200684
6.24513053894043
8.726855278015137
6.662034034729004
9.19494342803955
5.835753440856934
14.776494979858398
5.998116493225098
13.705921173095703
5.190891742706299
5.74420166015625
6.1558661460876465
14.574304580688477
5.485677719116211
6.6198039054870605
6.625945091247559
13.699213027954102
6.456127643585205
12.505210876464844
5.605930328369141
9.600526809692383
4.772308349609375
10.906789779663086
7.050851345062256
10.073694229125977
7.76015567779541
10.225537300109863
5.781869888305664
15.299501419067383
8.048691749572754
8.618354797363281
5.4192891120910645
8.908467292785645
5.355076789855957
8.958528518676758
9.260456085205078
9.094060897827148
6.156375408172607
7.458233833312988
6.702850341796875
10.091415405273438
5.509575843811035
12.0048828125
5.2776336669921875
9.033740997314453
6.430328845977783
8.095187187194824
4.63692045211792
10.19357681274414
11.212827682495117
10.98867416381836
5.271237850189209
9.66084098815918
5.211822509765625
7.237411975860596
8.431914329528809
11.803093910217285
5.359319686889648
9.011724472045898
6.878961086273193
17.766704559326172
6.470848560333252
6.364610195159912
7.968532085418701
7.866484642028809
6.1070427894592285
5.744934558868408
5.930423259735107
11.975101470947266
6.600953578948975
11.140674591064453
5.687085151672363
15.090980529785156
5.569952011108398
12.414154052734375
6.348747730255127
10.53055191040039
5.511985778808594
8.295489311218262
7.313863277435303
11.449601173400879
7.3295207023620605
7.80410623550415
7.997654438018799
9.166155815124512
7.6530375480651855
10.387207984924316
5.708860874176025
