0.9982366561889648
1.000000238418579
0.9988170862197876
1.000000238418579
0.9286266565322876
1.0
0.9926254153251648
1.0000003576278687
0.9955052137374878
1.0
0.9678483605384827
0.9999999403953552
0.9429483413696289
1.0000003576278687
0.9970963001251221
1.0000003576278687
0.9669221639633179
1.0
0.9924378991127014
1.000000238418579
0.9984375238418579
1.000000238418579
0.9953404664993286
0.9999998807907104
0.9839292764663696
1.0
0.9794052839279175
0.9999998807907104
0.9389514923095703
0.9999999403953552
0.9905335903167725
1.0000001192092896
0.983073353767395
1.0
0.9990197420120239
1.0000001192092896
0.9929506182670593
0.9999998807907104
0.9930711984634399
1.000000238418579
0.9889341592788696
1.0000003576278687
0.9760461449623108
1.0
0.9984333515167236
1.000000238418579
0.9894189238548279
0.9999997019767761
0.9898382425308228
1.0
0.9939594268798828
1.0000001192092896
0.9822158813476562
1.0000004768371582
0.9665094614028931
1.0000001192092896
0.9865442514419556
1.0000003576278687
0.9289075136184692
0.9999998807907104
0.9922417402267456
1.000000238418579
0.9905940294265747
1.000000238418579
0.9974960088729858
1.0000001192092896
0.9924453496932983
1.000000238418579
0.987801194190979
1.0000001192092896
0.9920245409011841
0.9999995231628418
0.9932062029838562
1.000000238418579
0.9835861325263977
1.000000238418579
0.9950484037399292
1.0000004768371582
0.9488822221755981
0.9999997615814209
0.9984605312347412
1.0000001192092896
0.9790784120559692
0.9999998807907104
0.9964221119880676
1.000000238418579
0.94438636302948
1.0000001192092896
0.945852518081665
1.000000238418579
0.9922288656234741
1.0000004768371582
0.9875338077545166
0.9999998211860657
0.995630145072937
1.0
0.9921225309371948
1.0000001192092896
0.9970771074295044
1.0000001192092896
0.9939259886741638
1.0
0.9984025955200195
0.9999998807907104
0.9817612171173096
1.0
0.9393301606178284
1.0000003576278687
0.9800880551338196
1.0000001192092896
0.9974149465560913
0.9999998807907104
0.9745404124259949
1.0000004768371582
0.9923950433731079
0.9999997615814209
0.9983039498329163
0.9999996423721313
0.9511599540710449
1.000000238418579
0.9495688676834106
0.9999998807907104
0.9975791573524475
0.9999998807907104
0.9745784997940063
1.0
0.9988740682601929
1.000000238418579
0.9836274981498718
1.000000238418579
0.9701255559921265
0.9999999403953552
0.9980244636535645
1.0
0.9474492073059082
1.0000001192092896
0.9938315153121948
1.0
0.9868054389953613
1.000000238418579
0.9990572929382324
0.9999997615814209
0.98284912109375
0.9999997019767761
0.952900230884552
0.9999998807907104
0.9993146657943726
0.9999998807907104
0.949373722076416
0.9999997019767761
0.9875574707984924
0.9999998807907104
0.9920428395271301
1.0
0.9973448514938354
1.0000004768371582
0.9963102340698242
0.9999998807907104
0.9861438870429993
0.9999998807907104
0.9496109485626221
1.000000238418579
0.9983305931091309
1.0
0.9965340495109558
1.0
0.9970433712005615
1.0
0.9989413022994995
1.000000238418579
0.9953086376190186
1.000000238418579
0.9989794492721558
1.0
0.9971036911010742
1.0
0.9228827953338623
0.9999998807907104
0.9970880746841431
1.0
0.8581898212432861
1.000000238418579
0.9869430065155029
1.0
0.9490844011306763
1.000000238418579
0.9931674003601074
1.0
0.995881199836731
1.0000001192092896
0.998947024345398
1.000000238418579
0.9981086254119873
1.0000001192092896
0.98087477684021
1.0000001192092896
0.9959057569503784
1.000000238418579
0.9497637748718262
0.9999998807907104
