0.9882873520255089
1.0
0.991134375333786
0.9999999233654567
0.9914159998297691
0.9999999458139593
0.9834397037823995
0.999999962747097
0.991484651962916
1.0000000476837159
0.9882401525974274
0.9999999933772616
0.9911102876067162
1.000000011920929
0.990402426984575
1.0000000099341075
0.9899854858716329
0.9999999701976776
0.9894568599187411
1.0000000238418578
0.9949750751256943
0.9999999523162841
0.9832508340477943
0.9999999668863084
0.991416847705841
0.999999980131785
0.9849245927550576
0.9999999403953552
0.9917763322591782
1.0
0.991177923977375
0.9999999642372132
0.9823133093970162
0.9999999751647314
0.99465642192147
0.999999980131785
0.9897405068079631
0.9999999701976776
0.9876882955431938
0.9999999489103045
0.9832300118037632
0.999999965940203
0.9906303882598877
0.9999999602635702
0.9940026131543246
0.9999999523162841
0.9856710263660976
0.9999999403953552
0.9872521832585335
1.0000000298023224
0.9910322785377502
0.9999999233654567
0.9915183881918589
1.0
0.98069167137146
0.9999999458139593
0.9860771553856986
0.9999999900658926
0.9835634902119637
0.9999999721844991
0.994186649719874
0.9999999761581421
0.9851100146770477
1.0000000085149492
0.9908606580325535
0.9999999349767511
0.9857476287417941
1.0000000170298986
0.9863279859224955
0.9999999880790711
0.994645643234253
0.9999999304612478
0.992185244957606
0.999999986245082
0.9813627167181536
0.9999999735090468
0.991023488342762
0.9999999900658926
0.989364253623145
0.9999999512325634
0.9836167352540153
0.9999999751647314
0.9881876243485345
0.9999999701976776
0.9929614861806234
1.0000000198682149
0.9885618795048107
0.9999999552965164
0.9858143776655197
0.9999999329447746
0.9860263737765226
0.9999999783255837
0.9955575466156006
0.999999962747097
0.9902760783831278
0.9999999403953552
0.9903079271316528
0.9999999512325634
0.9919281676411629
1.0000000223517418
0.9859160900115966
0.9999999783255837
0.9925296770201789
0.9999999761581421
0.9893738865852356
0.9999999620697715
0.9845090423311506
0.9999999668863084
0.9916552801926931
0.9999999668863084
0.9906614462534586
1.0000000216744163
0.9871967335542043
0.9999999850988388
0.9922029461179461
0.9999999850988388
0.9922059641944038
1.0000000066227384
0.9806121215224266
1.0000000091699452
0.9917091944000938
0.9999999403953552
0.9939958453178406
0.999999962747097
0.9831484407186508
1.0000000496705372
0.9931422363628041
0.9999999701976776
0.9881632725397745
0.9999999470180936
0.9866291880607605
1.0000000198682149
0.9891241689523061
0.9999999950329462
0.9867497026920319
0.9999999735090468
0.9875500400861105
0.9999999566511675
0.9923737140802237
0.9999999735090468
0.9910837173461914
0.9999999489103045
0.9881275242025201
1.0000000085149492
0.9939421266317368
0.9999999776482582
0.9908040847097125
0.9999999867545234
0.9908800295421055
1.0
0.9957737326622009
1.0
0.9892302751541138
0.9999999489103045
0.9936396649905613
0.999999986245082
0.993541921888079
0.9999999489103045
0.9943242735332913
0.9999999829701015
0.9873538712660471
0.9999999602635702
0.9879131466150284
0.9999999891627919
0.9887329202431899
0.999999975456911
0.9939054995775223
0.9999999761581421
0.9873468205332756
1.0
0.9894886281755235
0.9999999458139593
0.990747594833374
0.9999999701976776
0.9938617131926797
0.9999999489103045
0.9919463396072388
0.9999999940395355
0.9953721712032954
0.9999999483426412
0.9918672016688755
0.9999999566511675
0.9906007548173269
0.9999999403953552
0.9880745159952264
0.9999999821186065
0.9905300140380859
0.9999999761581421
0.9863341093063355
0.9999999458139593
0.9921396545001439
0.9999999850988388
0.9879659745428298
1.0
0.9890094876289368
0.9999999701976776
0.9903015440160577
0.9999999180436134
0.9852744738260905
0.9999999489103045
