-0.7169792652130127
-0.7548933625221252
-0.7603262066841125
-1.1435155868530273
-0.646734356880188
-0.5457519292831421
-0.8333884477615356
-0.6850401163101196
-0.718220591545105
-0.7448068857192993
-0.7267320156097412
-0.66278475522995
-0.8283824324607849
-0.6738593578338623
-0.7406345009803772
-0.6132518649101257
-0.798815131187439
-0.6631563901901245
-0.6908250451087952
-0.7367725968360901
-0.657128095626831
-0.7610759139060974
-0.6986086964607239
-0.5940734148025513
-0.7991882562637329
-0.697005033493042
-1.020655870437622
-0.6413161158561707
-0.7450854182243347
-0.8767606616020203
-0.8457132577896118
-0.6467606425285339
-0.840669572353363
-0.6492644548416138
-0.651068925857544
-0.7601847052574158
-0.8033242225646973
-0.7061906456947327
-0.8631958365440369
-0.6768938302993774
-0.7996410131454468
-0.6748014092445374
-0.740964949131012
-0.6997080445289612
-0.5878292322158813
-0.5759281516075134
-0.8317030668258667
-0.5773974657058716
-0.8486813306808472
-0.5732549428939819
-0.9062939286231995
-0.6417208909988403
-0.8354032635688782
-0.8208064436912537
-0.8927313089370728
-0.5829885005950928
-0.7486255764961243
-0.9483884572982788
-1.2238800525665283
-0.6413042545318604
-0.7078303098678589
-0.7344146966934204
-0.8794562220573425
-0.732947826385498
-0.8786517381668091
-0.5650553703308105
-0.7866531014442444
-0.6356731653213501
-0.8718904852867126
-0.6206302642822266
-0.8113993406295776
-0.685985267162323
-0.7428736090660095
-0.7006034255027771
-0.6830787658691406
-0.6240655779838562
-0.7771651148796082
-0.6304348111152649
-0.7790800333023071
-0.6515082120895386
-0.7986487150192261
-0.5794476866722107
-0.9925206303596497
-0.5888031125068665
-0.7967223525047302
-0.6008335947990417
-0.7756274342536926
-0.6642928719520569
-0.8387819528579712
-0.6479793190956116
-1.0222022533416748
-0.625994086265564
-0.7882618308067322
-0.7630080580711365
-0.9009974002838135
-0.7622624635696411
-0.7980126142501831
-0.6727006435394287
-0.7485349774360657
-0.5320202112197876
-0.7517393827438354
-0.6561160683631897
-0.6825486421585083
-0.6539542078971863
-0.748492419719696
-0.5910327434539795
-0.9709824919700623
-0.7062548398971558
-0.7999823093414307
-0.5902986526489258
-0.6758854389190674
-0.5806504487991333
-0.7981359958648682
-0.5823524594306946
-0.8616751432418823
-0.6155700087547302
-0.745039165019989
-0.6366099119186401
-0.9893107414245605
-0.6004379391670227
-0.8553566336631775
-0.6447221636772156
-0.6399620175361633
-0.6120661497116089
-0.7492242455482483
-0.7048863768577576
-0.6281411647796631
-0.7298234701156616
-0.7829052209854126
-0.5892777442932129
-0.7583764791488647
-0.6007785797119141
-0.6563827395439148
-0.5023093223571777
-0.7600585222244263
-0.6893264055252075
-0.7060683965682983
-0.7369341254234314
-0.7194156050682068
-0.6194890141487122
-0.7772585153579712
-0.6761084794998169
-0.7872128486633301
-0.6016988754272461
-0.8027245402336121
-0.5946524143218994
-0.6957220435142517
-0.8761534094810486
-0.8148744106292725
-0.6661884784698486
-0.6644273996353149
-0.6350294947624207
-0.8319309949874878
-0.6950543522834778
-0.6978371143341064
-0.5725975632667542
-0.6533131003379822
-0.7360293865203857
-0.7035130858421326
-0.48990103602409363
-0.8540834784507751
-0.6599010825157166
-0.8345818519592285
-0.6099704504013062
-0.7693489193916321
-0.5826079845428467
-0.7390033602714539
-1.296499490737915
-0.7459761500358582
-0.6201484799385071
-0.7462923526763916
-0.7420030832290649
-0.948810338973999
-0.6811788082122803
-0.6307450532913208
-0.6765274405479431
-0.7417414784431458
-0.435295045375824
-0.5974767208099365
-0.6924521327018738
-0.8462756276130676
-0.6366603374481201
-0.829142153263092
-0.5920819640159607
-0.9969244003295898
-0.592859148979187
-0.6936662197113037
-0.6788349747657776
-0.7385077476501465
-0.5505897998809814
-0.787658154964447
-0.7045758366584778
-0.7762423157691956
-0.49335211515426636
-0.7373360991477966
-0.6779263019561768
-0.7831814885139465
-0.6451156139373779
-0.9186326861381531
-0.6547105312347412
