0.9941221922636032
1
0.9944425880908966
1
0.9939063340425491
1
0.9944112499554952
1
0.9946291446685791
1
0.9774443606535593
1
0.9456381872296333
1
0.9944408072365655
1
0.8299379331680635
1
0.9946509828934302
1
0.9944100230932236
1
0.9945883378386497
1
0.9944369673728943
1
0.9934947761622342
1
0.9943530410528183
1
0.9941605031490326
1
0.9703174361160823
1
0.9944486618041992
1
0.9940220395723979
1
0.9946415424346924
1
0.9838791063853672
1
0.9941737502813339
1
0.9939818544821306
1
0.9248392090999654
1
0.994433306157589
1
0.9884503602981567
1
0.9748192330201467
1
0.909927248954773
1
0.9941074805600303
1
0.9929777905344963
1
0.9946570893128713
1
0.9926213373740514
1
0.993895777634212
1
0.9811392492718167
1
0.9943126142024994
1
0.994459617137909
1
0.9945088028907776
1
0.9431284747340463
1
0.9942747578024864
1
0.9933384656906128
1
0.994661237512316
1
0.9942873650126987
1
0.9944717288017273
1
0.9388145154172723
1
0.9942779441674551
1
0.9945688193494623
1
0.9732575217882792
1
0.9120985269546509
1
0.9932264004434858
1
0.9943895563483238
1
0.9898255288600921
1
0.9937093522813585
1
0.9941177129745483
1
0.9943636996405465
1
0.9942712783813477
1
0.9931905825932821
1
0.9941067000230154
1
0.9946799448558262
1
0.9945039418008592
1
0.9916321486234665
1
0.994073515588587
1
0.9945581820276048
1
0.9934801980853081
1
0.9943440556526184
1
0.9938266575336456
1
0.8606691882014275
1
0.9936291923125585
1
0.9939228773117066
1
0.9944305121898651
1
0.9935651834194477
1
0.9945274710655212
1
0.99433448639783
1
0.9928001537919044
1
0.9941518647330148
1
0.9940192358834403
1
0.9946138518197196
1
0.994341291487217
1
0.9946240782737732
1
0.9943091188158307
1
0.9945671492152743
1
0.9944344262282053
1
0.9943852350115776
1
0.9926398258942825
1
0.9946173429489136
1
0.9941150397062302
1
0.9943351215786405
1
0.9257616817951202
1
0.9944007179953835
1
0.9944963455200195
1
0.9945298681656519
1
0.9941669276782444
1
0.9943040510018667
1
0.9398112499008053
1
0.993843504360744
1
0.9943696677684783
1
0.9942260810307094
1
0.9944439000553555
1
0.9944135248661041
1
0.9945658174428073
1
0.9940817058086395
1
