0.9469472727485899
1
0.948906290535282
1
0.9638150649472892
1
0.943000142758982
1
0.9534004973250716
1
0.9601843157335537
1
0.9345364921536797
1
0.9339380648815676
1
0.9629094585524874
1
0.9612290241212617
1
0.9547301572983744
1
0.9629047401810353
1
0.9268629221600145
1
0.9361235252911935
1
0.9692061482184938
1
0.9659000279342048
1
0.9291760746079636
1
0.9411952129669221
1
0.9460707139725854
1
0.9123436395431038
1
0.9524654908439365
1
0.9612594517182255
1
0.9255261610817166
1
0.918577661097574
1
0.9341090898306288
1
0.9772581593836326
1
0.9503817007153497
1
0.9327036521720102
1
0.9127289624348064
1
0.9405064338235294
1
0.9513254346706448
1
0.9437328398311896
1
0.9487772563066157
1
0.9188242848500316
1
0.9486891547531636
1
0.9999994521586593
1
0.9580182734719597
1
0.9403377646516675
1
0.9676927598566308
1
0.976645003814463
1
0.9604138169005738
1
0.9429837401602557
1
0.9657318924311985
1
0.9256026297680474
1
0.955780952995446
1
0.9549589829322344
1
0.9534095802263327
1
0.9289683626312718
1
0.9668679995377039
1
0.9619857180293501
1
0.9510030307403665
1
0.9595449648843001
1
0.9699103536739813
1
0.8777993009764711
1
0.9783752582708919
1
0.9521993432692555
1
0.9239075630252102
1
0.9591777021964284
1
0.9603432022745195
1
0.9602765685019206
1
0.9585341598839626
1
0.9330632716049383
1
0.9385786092812819
1
0.9832588630384259
1
0.940560005722626
1
0.9530815452899138
1
0.9604473042241558
1
0.9164252263739031
1
0.9604107408167654
1
0.962587964717142
1
0.9696618967452301
1
0.9458946193466485
1
0.9789378601724568
1
0.9493398517425152
1
0.9451125449340797
1
0.9689612403100775
1
0.9823845430725843
1
0.9604138169005738
1
0.9764572464201241
1
0.9701996732676285
1
0.9320054004678711
1
0.9942981447124304
1
0.9556466905901425
1
0.9622351345273589
1
0.9426521710612619
1
0.950353280882867
1
0.94386409201224
1
0.9687968790846387
1
0.9592919144099465
1
0.983328657653452
1
0.9568781227126628
1
0.9461856772629359
1
0.9491995620828209
1
0.9711983499620056
1
0.9474581622589864
1
0.9553996308420979
1
0.954785825563905
1
0.9390070626910724
1
0.9680613163194411
1
0.9376088772222886
1
