7.597392559051514
6.9515275955200195
7.872735023498535
5.4591851234436035
11.354637145996094
4.81812047958374
12.513800621032715
6.759420871734619
8.581781387329102
6.458826541900635
8.588118553161621
6.387524604797363
10.297961235046387
7.3264665603637695
6.67440938949585
6.4328837394714355
8.246294021606445
6.116136074066162
7.639483451843262
7.682882308959961
8.232157707214355
7.522407054901123
8.11380386352539
4.699374198913574
8.711732864379883
6.010146617889404
8.348761558532715
9.202103614807129
7.793907642364502
6.140565872192383
7.864596843719482
6.480759143829346
9.474591255187988
6.666487216949463
6.838572025299072
7.613955497741699
8.277865409851074
8.657097816467285
11.933586120605469
10.820828437805176
8.774591445922852
6.710508346557617
6.63875150680542
7.640893459320068
7.099483489990234
7.2071661949157715
8.03541088104248
4.3331217765808105
9.454541206359863
5.06621789932251
15.142988204956055
6.599065780639648
8.781081199645996
10.106029510498047
12.379267692565918
5.499828338623047
6.968966484069824
9.390883445739746
9.591413497924805
6.1435723304748535
7.276411056518555
8.595388412475586
8.083039283752441
8.803458213806152
12.443807601928711
6.317226886749268
10.168346405029297
6.59735107421875
9.32905101776123
6.543630599975586
6.837113857269287
12.08821964263916
8.972623825073242
5.771483898162842
9.84420394897461
6.151355743408203
8.26953411102295
6.75784969329834
7.13911771774292
6.27358865737915
8.622035026550293
6.663090229034424
8.194792747497559
8.007793426513672
8.774078369140625
5.93245792388916
8.114413261413574
6.390815734863281
8.186665534973145
7.032018184661865
9.769492149353027
5.224156856536865
9.527315139770508
8.441744804382324
8.351250648498535
9.482934951782227
7.4185404777526855
5.4004716873168945
6.119740962982178
5.324977397918701
7.827533721923828
6.6702985763549805
7.3829851150512695
6.706145763397217
8.66555404663086
5.092432498931885
10.542285919189453
7.4142913818359375
7.147026538848877
4.782315731048584
12.246369361877441
7.32838249206543
12.426576614379883
6.24513053894043
7.535701274871826
6.662034034729004
7.837852954864502
5.835753440856934
9.162590980529785
5.998116493225098
11.397951126098633
5.190891742706299
5.188121795654297
6.1558661460876465
12.10374641418457
5.485677719116211
5.547023296356201
6.625945091247559
11.535323143005371
6.456127643585205
7.608025550842285
5.605930328369141
6.903367042541504
4.772308349609375
9.081279754638672
7.050851345062256
7.666867733001709
7.76015567779541
8.802470207214355
5.781869888305664
12.004873275756836
8.048691749572754
6.898522853851318
5.4192891120910645
8.787579536437988
5.355076789855957
7.964225769042969
9.260456085205078
8.115584373474121
6.156375408172607
6.165909767150879
6.702850341796875
7.112198829650879
5.509575843811035
10.892496109008789
5.2776336669921875
8.064083099365234
6.430328845977783
5.875157356262207
4.63692045211792
7.737430095672607
11.212827682495117
8.569625854492188
5.271237850189209
8.49123764038086
5.211822509765625
6.41778039932251
8.431914329528809
9.707454681396484
5.359319686889648
6.686453342437744
6.878961086273193
15.177033424377441
6.470848560333252
5.804503917694092
7.968532085418701
6.332728385925293
6.1070427894592285
4.745697975158691
5.930423259735107
11.43972396850586
6.600953578948975
8.867609024047852
5.687085151672363
10.907913208007812
5.569952011108398
9.221516609191895
6.348747730255127
9.130011558532715
5.511985778808594
6.990346908569336
7.313863277435303
9.055747985839844
7.3295207023620605
5.613682746887207
7.997654438018799
6.838283538818359
7.6530375480651855
8.971631050109863
5.708860874176025
