15.120038032531738
6.9515275955200195
16.120397567749023
5.4591851234436035
22.05570411682129
4.81812047958374
21.649324417114258
6.759420871734619
24.747264862060547
6.458826541900635
17.328126907348633
6.387524604797363
16.935564041137695
7.3264665603637695
17.086212158203125
6.4328837394714355
18.600128173828125
6.116136074066162
12.394285202026367
7.682882308959961
14.84314250946045
7.522407054901123
20.4877986907959
4.699374198913574
20.637014389038086
6.010146617889404
14.842752456665039
9.202103614807129
15.690356254577637
6.140565872192383
17.772756576538086
6.480759143829346
17.11960792541504
6.666487216949463
12.52281665802002
7.613955497741699
13.490734100341797
8.657097816467285
30.423221588134766
10.820828437805176
29.756420135498047
6.710508346557617
17.123624801635742
7.640893459320068
15.336210250854492
7.2071661949157715
19.058835983276367
4.3331217765808105
18.50161361694336
5.06621789932251
32.96527862548828
6.599065780639648
19.718229293823242
10.106029510498047
18.229795455932617
5.499828338623047
15.860494613647461
9.390883445739746
15.36341667175293
6.1435723304748535
33.65718460083008
8.595388412475586
15.315083503723145
8.803458213806152
22.141345977783203
6.317226886749268
26.313968658447266
6.59735107421875
34.21240997314453
6.543630599975586
21.333786010742188
12.08821964263916
13.517112731933594
5.771483898162842
20.8314266204834
6.151355743408203
16.17368507385254
6.75784969329834
20.552249908447266
6.27358865737915
27.970539093017578
6.663090229034424
14.094193458557129
8.007793426513672
31.762081146240234
5.93245792388916
17.40489387512207
6.390815734863281
14.28534984588623
7.032018184661865
23.671772003173828
5.224156856536865
22.005765914916992
8.441744804382324
14.231810569763184
9.482934951782227
15.274584770202637
5.4004716873168945
20.0730037689209
5.324977397918701
19.703153610229492
6.6702985763549805
33.63614273071289
6.706145763397217
18.723041534423828
5.092432498931885
24.592803955078125
7.4142913818359375
21.064250946044922
4.782315731048584
29.165042877197266
7.32838249206543
22.556867599487305
6.24513053894043
18.534996032714844
6.662034034729004
19.610992431640625
5.835753440856934
13.193337440490723
5.998116493225098
24.244596481323242
5.190891742706299
10.097939491271973
6.1558661460876465
23.137666702270508
5.485677719116211
9.821271896362305
6.625945091247559
33.622432708740234
6.456127643585205
14.647228240966797
5.605930328369141
21.5622501373291
4.772308349609375
18.71371841430664
7.050851345062256
19.73145294189453
7.76015567779541
14.313493728637695
5.781869888305664
23.794361114501953
8.048691749572754
14.43370246887207
5.4192891120910645
16.642751693725586
5.355076789855957
18.229686737060547
9.260456085205078
14.713960647583008
6.156375408172607
17.21490478515625
6.702850341796875
21.55906867980957
5.509575843811035
17.7281551361084
5.2776336669921875
16.654329299926758
6.430328845977783
17.46809196472168
4.63692045211792
14.609484672546387
11.212827682495117
19.23857879638672
5.271237850189209
21.48567008972168
5.211822509765625
17.77579689025879
8.431914329528809
28.129756927490234
5.359319686889648
19.2457332611084
6.878961086273193
32.33271789550781
6.470848560333252
14.468218803405762
7.968532085418701
14.578812599182129
6.1070427894592285
11.976423263549805
5.930423259735107
13.315136909484863
6.600953578948975
15.791267395019531
5.687085151672363
30.89162254333496
5.569952011108398
17.493005752563477
6.348747730255127
14.350181579589844
5.511985778808594
18.747730255126953
7.313863277435303
16.013139724731445
7.3295207023620605
15.286545753479004
7.997654438018799
18.610857009887695
7.6530375480651855
15.355023384094238
5.708860874176025
