0.9919057264924049
1
0.9578846216201782
1
0.9907418116927147
1
0.9776550531387329
1
0.9943439265092214
1
0.993803083896637
1
0.9941827654838562
1
0.9544106986787584
1
0.9226263960202535
1
0.9946043812311612
1
0.9937841147184372
1
0.8860636707395315
1
0.9932428121566772
1
0.9305354248393666
1
0.9856157501538595
1
0.9926343932747841
1
0.9460472400699343
1
0.9863473285328258
1
0.9561885158220927
1
0.8150266222655773
1
0.9940759795052665
1
0.991980530321598
1
0.9744459119710055
1
0.9778585987431663
1
0.9932588562369347
1
0.8557208359241486
1
0.9938272933165232
1
0.9935577937534877
1
0.9889823028019497
1
0.9941885396838188
1
0.9937019646167755
1
0.9322875762979189
1
0.9936596580914089
1
0.893258187505934
1
0.9913013378779093
1
0.831078690290451
1
0.991396168867747
1
0.9928358901630748
1
0.9936044588685036
1
0.9753138848713466
1
0.85854942883764
1
0.9845310780737135
1
0.9936845103899637
1
0.9905495589429681
1
0.9931205411752065
1
0.9943811351602728
1
0.9654455052481757
1
0.9889859822061327
1
0.9921677197728839
1
0.8574702925980091
1
0.9919364869594574
1
0.8990212778250376
1
0.9944637417793274
1
0.9934993386268616
1
0.9933269719282786
1
0.897209503253301
1
0.9944762488206228
1
0.9917470642498561
1
0.987089024649726
1
0.9912814646959305
1
0.9941445914181796
1
0.9939028488265144
1
0.9887270405888557
1
0.9929083585739136
1
0.992172638575236
1
0.9910204783082008
1
0.9907072832187017
1
0.9858759462833404
1
0.9018942167361578
1
0.9919618322299077
1
0.9940816283226013
1
0.9925556507977572
1
0.9937560111284256
1
0.9892363718577794
1
0.9167566895484924
1
0.9915386353220258
1
0.9929563775658607
1
0.9943976402282715
1
0.8817994892597198
1
0.9916268255975511
1
0.9932101666927338
1
0.9784275367856026
1
0.9934575649408194
1
0.9847339391708374
1
0.8816862106323242
1
0.814813118841913
1
0.9835416555404664
1
0.9934984499757941
1
0.9755299290021261
1
0.9941838632027308
1
0.9918171422822135
1
0.9219617446263632
1
0.8873956439232356
1
0.9938898171697345
1
0.9913285493850708
1
0.9290531719369548
1
0.9937956796752082
1
0.9928590595722199
1
0.9546423987908796
1
0.9936685264110565
1
