-0.7853882908821106
-0.7548933625221252
-0.803135871887207
-1.1435155868530273
-0.7184286713600159
-0.5457519292831421
-0.8822389245033264
-0.6850401163101196
-0.7073236703872681
-0.7448073029518127
-0.767687201499939
-0.6627846956253052
-0.8221781849861145
-0.6738593578338623
-0.9082310199737549
-0.6132518649101257
-0.7797045111656189
-0.6631563901901245
-0.7535036206245422
-0.7367725968360901
-0.7177497744560242
-0.7610759139060974
-0.8135105967521667
-0.5940734148025513
-0.8052061796188354
-0.697005033493042
-0.9631808996200562
-0.6413161158561707
-0.7289942502975464
-0.8767606616020203
-0.8193928003311157
-0.6467606425285339
-0.8535998463630676
-0.6492644548416138
-0.7139472365379333
-0.7601847052574158
-0.7970417141914368
-0.7061906456947327
-0.897304356098175
-0.6768938302993774
-0.7562114000320435
-0.6748014092445374
-0.7477484941482544
-0.6997080445289612
-0.7111700177192688
-0.5759281516075134
-0.815588116645813
-0.5773974657058716
-0.9277312159538269
-0.5732549428939819
-0.9330703616142273
-0.6417208909988403
-0.8492187857627869
-0.8208064436912537
-0.8512154817581177
-0.5829885005950928
-0.702625572681427
-0.9483884572982788
-1.2977136373519897
-0.6413042545318604
-0.8035616874694824
-0.7344145774841309
-0.8757211565971375
-0.732947826385498
-0.8951607346534729
-0.5650553703308105
-0.9177805781364441
-0.6356731653213501
-0.8702859878540039
-0.6206302642822266
-0.8088416457176208
-0.685985267162323
-0.8609639406204224
-0.7006034255027771
-0.664572536945343
-0.6240655779838562
-0.8293694853782654
-0.630434513092041
-0.8037879467010498
-0.6515083312988281
-0.8151987791061401
-0.5794476866722107
-1.0040504932403564
-0.5888031125068665
-0.8220443725585938
-0.6008335947990417
-0.86562579870224
-0.6642929911613464
-0.8321557641029358
-0.6479793190956116
-0.9092777967453003
-0.625994086265564
-0.7757002115249634
-0.7630078196525574
-0.8560829162597656
-0.7622625827789307
-0.813815712928772
-0.6727006435394287
-0.8558963537216187
-0.5320202112197876
-0.7187269926071167
-0.6561160683631897
-0.8129066824913025
-0.6539542078971863
-0.7685428857803345
-0.5910327434539795
-0.8022347092628479
-0.7062548398971558
-0.8130722641944885
-0.5902986526489258
-0.8401679992675781
-0.5806504487991333
-0.7582418918609619
-0.5823524594306946
-0.8989347815513611
-0.6155700087547302
-0.802537202835083
-0.6366099119186401
-0.7448799014091492
-0.6004379391670227
-0.9070720076560974
-0.6447221636772156
-0.6924887895584106
-0.6120661497116089
-0.799069344997406
-0.7048863768577576
-0.6444491744041443
-0.7298234701156616
-0.836252748966217
-0.5892777442932129
-0.7091477513313293
-0.6007785797119141
-0.7906692624092102
-0.5023093223571777
-0.8348731398582458
-0.6893264055252075
-0.7851274609565735
-0.7369341254234314
-0.6854605674743652
-0.6194890141487122
-0.7821476459503174
-0.6761084794998169
-0.7680560350418091
-0.6016988754272461
-0.7264329195022583
-0.5946524143218994
-0.7796444892883301
-0.8761534094810486
-0.9056671261787415
-0.6661884784698486
-0.707005500793457
-0.6350294947624207
-0.9182184934616089
-0.6950543522834778
-0.7265914678573608
-0.5725975632667542
-0.6891475319862366
-0.7360293865203857
-0.8390829563140869
-0.48990103602409363
-0.8576324582099915
-0.6599010825157166
-0.8511618971824646
-0.6099704504013062
-0.8996841907501221
-0.5826079845428467
-0.9127887487411499
-1.296499490737915
-0.870495617389679
-0.6201484799385071
-0.7340396642684937
-0.7420030832290649
-1.0236644744873047
-0.6811788082122803
-0.6353541612625122
-0.6765274405479431
-0.720767080783844
-0.435295045375824
-0.6457043290138245
-0.6924521327018738
-0.7664855718612671
-0.6366603374481201
-0.8610468506813049
-0.5920819640159607
-1.0710391998291016
-0.5928593873977661
-0.6369110941886902
-0.6788350343704224
-0.762451708316803
-0.5505897998809814
-0.7711765170097351
-0.7045758366584778
-0.7371543645858765
-0.49335211515426636
-0.7944322824478149
-0.6779263019561768
-0.8568651080131531
-0.6451156139373779
-0.791488528251648
-0.6547105312347412
