[[8, 11, 3], [11, 1, 16, 2, 0], [9, 4, 13], [13, 6, 15, 8, 14, 29, 32, 41, 9, 16, 22], [6, 8, 9, 1, 14], [8, 31, 0, 14, 2, 11, 5, 18, 4, 12, 28], [18, 0, 22, 12, 5, 9, 24, 3, 19], [0, 10, 15, 4, 17, 25, 2, 29, 14, 26, 31, 12, 33]]
[]
[[11, 17, 14, 12, 1, 24, 25, 0, 4, 23, 21, 2], [4, 31, 19, 8, 10, 16, 25, 13, 11, 7, 9, 26, 32, 33, 34], [9, 13, 1, 6], [9, 0, 22, 20, 27, 10, 11, 1, 24], [14, 12, 0, 4], [0, 3, 6, 7, 4, 27, 17, 18, 14, 1, 15, 24], [0, 21, 25, 10, 16, 22, 15, 1, 17], [3, 18, 0, 8, 13, 16, 5], [11, 1, 2, 0, 6], [6, 0, 16, 20, 12, 10, 5, 19, 14, 8]]
[]
[[23, 8, 18, 1, 4, 0, 17, 11, 6, 22, 14, 2], [23, 8, 15, 5, 9, 26, 1, 13, 0, 24, 19, 28, 30], [12, 6, 16, 22, 3, 25], [9, 12, 2, 10, 16, 17], [4, 15, 2], [9, 2, 13, 10], [7, 12, 1, 11, 0, 17, 3], [10, 7, 0]]
[]
[[8, 12, 6, 1, 20, 16, 4, 22, 0, 9, 2, 5], [18, 19, 5, 11, 23, 0, 8, 15, 21, 34, 3, 12, 24, 9, 27, 16], [7, 12, 0, 2, 22, 23, 5, 10, 13, 6], [1, 11, 12, 13, 0, 10, 7, 4], [4, 12, 15, 8, 7, 0, 16, 9], [26, 10, 6, 28, 1, 17, 5, 0, 16, 7, 20]]
[]
[[16, 18, 9, 1, 2, 10, 15, 23, 0, 21, 4], [7, 9, 6, 15], [14, 6, 8], [8, 12, 14, 1, 4, 0, 11, 5, 15], [10, 1, 0, 11, 6, 4, 12], [10, 14, 22, 30, 13, 32, 15]]
[]
[[12, 7, 4, 0, 13], [27, 20, 5, 8, 1, 0, 19], [22, 4, 13, 8, 26, 17, 20, 24, 15], [9, 27, 18, 2, 12, 21, 22, 16, 5], [14, 31, 12, 24, 0, 10, 5, 9, 13], [12, 0, 1, 14, 8, 17], [24, 14, 10], [16, 4, 18, 0, 15, 11], [11, 5, 7, 13, 4, 8], [14, 17, 9, 0, 18, 2, 1, 7], [12, 21, 8, 1, 5, 0, 14, 24, 10, 18, 27, 15], [22, 24, 14, 25, 5, 0, 6, 18, 16]]
[]
[[4, 9, 19, 21, 17, 1, 12, 0, 8, 18], [18, 7, 8, 4, 0, 5, 20], [5, 10, 6, 3, 13, 8], [10, 19, 7, 4, 2, 13, 20], [5, 12, 4, 0, 16, 14, 17], [7, 13, 9, 16, 17, 15, 21, 23, 0, 3], [8, 5, 0, 21], [10, 5, 0, 11, 3]]
[]
[[1, 19, 22, 6, 11, 20, 15, 7, 12, 5, 23, 16, 17], [1, 7, 8, 4, 0, 5], [5, 20, 0, 16, 21, 8, 14], [0, 2, 19, 23, 21, 24, 20, 15, 12, 18, 13, 10], [13, 0, 2, 8, 24, 20], [21, 0, 11, 6, 16, 25, 2, 29, 12, 8, 22], [9, 16, 7, 10, 19, 23, 12, 13, 18, 21, 20, 14], [8, 5, 21, 22, 18, 19], [0, 13, 21, 2, 4, 7, 18, 22, 23]]
[]
[[6, 14, 20, 5, 0, 21, 2], [1, 6, 4, 13], [5, 0, 8], [23, 5, 14, 10, 17, 6, 7], [3, 13, 7, 0, 18, 4], [5, 11, 0, 15, 26, 3, 14, 9, 7, 18, 4]]
[]
[[7, 4, 0], [12, 5, 9, 1, 4, 0], [23, 4, 24, 11, 18, 33, 16, 1, 17, 0, 29, 12, 30], [13, 0, 2, 15, 25, 26, 22, 14, 4, 7, 23], [13, 20, 1, 14, 0, 35, 8, 11, 27, 3], [22, 3, 0, 2, 18, 31, 26, 32, 6, 15, 7, 19, 27], [15, 10, 18, 12, 1, 0], [26, 0, 2, 11, 6, 14, 20, 5, 4, 28], [7, 8, 12, 1, 4, 0, 16, 14], [16, 21, 22, 11, 8, 10, 18], [0, 10, 2, 12], [11, 0, 6, 7, 13], [4, 11, 20, 24, 21, 1, 0, 15, 29, 12, 23]]
[]
[[16, 31, 11, 5, 8, 24, 34, 0, 19, 36, 9, 21, 25, 29], [20, 10, 6, 0, 11], [5, 0, 7, 11, 4], [7, 3, 25, 13], [26, 7, 3, 9, 25, 13], [14, 16, 5, 12, 20], [5, 17, 9, 0, 13, 11], [2, 18, 0, 16, 8, 5, 14, 13]]
[]
[[4, 2, 8, 1, 12, 11, 15], [12, 1, 19, 26, 27, 22, 10, 0, 11], [21, 3, 5, 6, 9, 11, 18, 25], [4, 7, 5, 12, 9], [16, 9, 1, 19, 5, 0, 21, 17, 3], [27, 1, 18, 26, 13, 3, 12, 8, 2, 10, 28, 0, 11], [23, 4, 0, 19, 25, 18, 17, 1], [11, 16, 19, 17, 8, 1, 0, 13]]
[]
[[24, 30, 5, 17, 27, 28, 1, 11, 0, 34, 2], [19, 5, 17, 20, 1, 4, 0, 14, 24, 21], [0, 19, 10, 16], [9, 10, 0, 1], [17, 5, 6, 10, 1, 0, 19, 14, 12]]
[]
[[8, 6, 16, 0, 2, 7], [16, 5, 12, 6, 13, 0, 17, 18, 19], [10, 23, 0, 25, 16, 8, 5, 27, 4, 14, 22, 11, 19], [0, 3, 12, 5, 14, 1, 18, 7, 15], [11, 2, 9, 12], [16, 0], [14, 13, 5, 0, 15, 12, 17, 16], [16, 28, 6, 23, 13, 26, 12, 0, 17, 29, 10, 14, 20, 30], [3, 9, 4, 12, 0, 14], [18, 8, 15, 9, 16, 19, 20, 21], [1, 10, 0, 3, 7, 13, 12]]
[]
[[11, 8, 13, 14], [11, 13, 10, 19, 0, 5, 8], [8, 2, 4, 7, 9, 5], [12, 16, 6], [0], [18, 11, 15, 3], [4, 3, 9, 8, 15, 16], [6, 1, 3, 0, 7], [17, 18, 1, 4, 0, 9, 7, 15, 2], [6, 0], [5, 8, 1, 9, 0, 6], [14, 29, 25, 21, 20, 1, 5, 11, 0, 6, 9]]
[]
[[10, 1, 3, 8], [19, 26, 24, 14, 2, 1, 25, 15, 0, 13, 12, 16, 17], [15, 10, 20, 0, 8, 17, 18, 24, 12], [1, 3, 10, 2, 0], [15, 0, 8, 7, 19], [16, 20, 8, 17, 6, 0, 1, 14], [8, 9, 14, 1, 2, 0, 4, 18], [1, 7, 0, 5, 11]]
[]
[[12, 4, 13, 0, 9], [18, 4, 2, 16, 12, 7], [1, 3, 2, 18, 13, 0, 9, 5, 15], [6, 0, 3, 13, 23, 24, 9, 20, 21], [10, 1, 14, 7, 2, 0, 11], [4, 32, 10, 21, 11, 13, 14, 9, 6, 26], [0, 3], [11, 1, 12, 16, 2, 17, 0, 7, 13], [0, 1], [2, 5, 0, 13, 10, 14, 6], [13, 5, 15, 14, 12, 4, 1, 6], [21, 6, 15, 10, 11, 0, 22, 8, 19, 17], [4, 10], [11, 1, 4, 0, 9, 12, 5]]
[]
[[19, 0, 4, 17, 3, 10, 9, 7], [7, 0, 13, 3], [6, 8, 2, 3, 4], [2, 1, 8, 3, 0, 9], [5, 1, 4, 0, 17, 18], [19, 23, 2, 13, 0, 14, 20, 18], [9, 6, 12, 10, 14, 8], [8, 5, 20, 12, 3, 13, 22], [10, 1, 6, 7], [9, 20, 1, 19, 0, 11], [26, 9, 28, 11, 1, 0, 15, 6, 18]]
[]
[[2, 8, 5], [16, 5, 22, 17, 1, 0, 8, 19, 26], [5, 16, 20, 6, 14, 15, 25, 8], [5, 13, 0, 11, 14], [1], [7, 10, 6, 9], [9, 11, 4, 12, 0, 10, 2], [7, 11, 5, 9, 4, 8], [7, 0, 8, 4], [4, 6, 1], [1, 10], [15, 13, 12, 1, 2, 5], [5, 15, 8, 14, 1, 0], [7, 12, 1, 14, 21, 9, 15, 6, 13, 4], [8, 0, 15, 2, 16]]
[]
[[11, 22, 1, 25, 16, 8, 24, 17, 20, 3, 2, 15, 5, 12, 0, 6], [2, 0, 9, 10, 13, 19], [10, 6, 5, 1, 11, 0, 9, 7, 13], [11, 0, 4, 21, 24, 19, 8, 12, 22], [15, 9, 17, 23, 16, 18], [29, 13, 34, 0, 5, 19, 31, 23, 4, 6, 18, 36, 7, 10, 20, 24], [6, 0, 3, 10, 11, 7, 14], [25, 9, 6, 10, 22, 1, 8, 5, 0, 23, 28, 18, 29, 13, 11, 19, 27]]
[]
[[10, 4, 16, 20, 17, 19, 1, 0, 13, 21], [10, 6, 1, 4, 0, 16, 9], [13, 2, 8, 18, 16, 9, 3, 15, 1, 6, 21, 10], [4, 20, 31, 9, 2, 17, 22, 41, 0, 12, 23, 36, 42, 7, 29, 37], [14, 1, 4, 5, 0, 12, 8, 15, 6], [1, 4, 10, 0, 11, 3, 12], [11, 29, 23, 27, 1, 22, 0, 16, 14]]
[]
[[6, 14, 1, 11, 12, 0, 2], [10, 17, 20, 2, 21, 19, 16, 6, 3, 11, 22], [14, 16, 3, 17, 0, 2, 13], [4, 11, 2, 12, 17, 20], [12, 20, 4, 0, 16, 8, 19, 38, 17, 26, 33, 37], [0, 9, 13, 3], [0, 2, 6, 10, 19, 20], [1, 0, 10, 7, 5]]
[]
[[6, 8, 5], [8, 24, 14, 16, 10, 0, 17, 26, 20, 23], [9, 3, 7, 2, 8, 4, 10], [1, 3, 10, 7, 0, 4], [13, 10, 17, 3, 2, 14], [7, 11, 1, 4, 8, 5, 2, 0], [4, 7, 9, 15], [6, 1, 10, 0, 7], [6, 20, 21, 9, 17, 15], [13, 9, 12, 18, 1, 4, 0, 20, 22], [15, 7, 17]]
[]
[[9, 11, 8, 15, 23, 0, 12], [32, 13, 16, 18, 30, 22, 27, 19, 36], [7, 3, 33, 17, 32, 23, 11, 25], [9, 12, 11, 22, 19, 14, 31, 36, 3, 5, 13, 30, 34, 21], [7, 17, 25, 15, 26, 12, 18, 16, 1, 4], [19, 14, 6, 0, 22, 7, 20], [8, 12, 6], [4, 8, 23, 9, 22, 19], [17, 12, 9, 19, 7, 4, 6, 10, 20], [2, 12, 6, 13], [16, 11, 20, 8, 21, 12], [5, 0], [6, 1, 0, 4], [10, 21, 5, 17, 0, 8, 24, 23]]
[]
[[22, 2, 25, 23, 12, 5, 15], [9, 50, 10, 29, 44, 6, 41, 37, 4, 18, 32, 30, 23, 13, 47, 28, 25, 51, 43, 15], [1, 8, 2, 9, 0, 4], [19, 29, 7, 22, 17, 33, 4, 6, 0, 25, 15, 2, 10, 9, 12], [27, 15, 21, 31, 4, 0, 16, 22, 18, 24, 20, 9, 7], [5, 6, 11, 10, 0, 8], [16, 10, 23, 4, 0, 13, 6, 18, 5, 8], [5, 37, 41, 23, 31, 6, 24, 29, 0, 15, 40, 43, 19]]
[]
[[6, 3, 9], [5, 0, 4, 3], [1, 0], [0, 4, 5, 7], [2], [0, 1, 2, 7], [4, 11, 12, 0, 6, 17, 21], [8, 12, 1, 5, 11, 0, 10, 16], [9, 12, 18, 0, 10, 19, 11, 13, 20, 3], [17, 5, 13, 1, 0, 8, 18]]
[]
[[21, 2, 16, 22, 6, 15, 0, 3, 10, 12], [7, 12, 0], [5, 2, 8, 16, 1, 23, 0, 13, 10, 17], [13, 11, 17, 7, 0, 18, 8, 14], [15, 4, 9, 26, 0, 13, 24], [5, 3], [13, 22, 18, 3, 20], [12, 8, 9, 14, 11, 10], [11, 20, 0, 24, 7, 5, 14, 32, 1, 25, 33], [7, 1, 9, 5, 10, 0, 8], [6, 12, 0, 10], [19, 0, 21, 3, 16, 2, 31, 28, 23, 8, 29]]
[]
[[12, 16, 1, 0, 3], [12, 17, 1, 9, 0, 16, 13, 5, 2], [2, 9, 4, 13, 0], [19, 11, 5, 15, 14, 1, 4, 0, 22, 16], [23, 3, 0, 21, 11, 17, 19, 5], [5, 1, 12, 2, 8, 0, 10], [15, 7, 4, 11]]
[]
[[7, 10, 9, 1, 11], [9, 0, 7, 6, 13, 26, 17, 19], [2, 4, 14, 5, 12], [17, 22, 4, 11, 0, 12, 16], [7, 10, 0, 18], [11, 0, 9, 8], [17, 10, 3, 9], [10, 8, 7], [1, 15, 11, 13, 12, 5, 2, 16, 8], [0, 7, 3], [2, 12, 7, 3, 9], [6, 8, 30, 0, 3, 18, 27, 7, 10, 16, 22, 4, 33], [21, 19, 7, 14, 1, 5, 0, 22, 20, 10, 23], [18, 1, 10, 30, 35, 3, 7, 15, 2, 14, 0, 12, 8, 25]]
[]
[[16, 7, 4, 19, 18, 8, 10, 6, 14], [12, 0, 20, 18, 2, 8, 13, 23, 4], [11, 1, 13, 17, 2, 7, 0, 14], [7, 15, 5, 19, 8, 16, 18, 6, 22], [17, 8, 10, 14, 4, 9, 6, 19, 16, 12], [14, 24, 18, 0, 21, 8, 10], [1, 24, 6, 0, 3, 22, 28, 7, 18, 14], [13, 0, 17, 7, 19, 3, 10, 8, 9, 18]]
[]
[[11, 3, 7, 2], [27, 22, 18, 25, 1, 0, 23, 29, 3], [3, 22, 7, 10, 25, 5, 28, 21], [17, 34, 24, 26, 10, 35, 1, 9, 25, 7, 0, 6, 11, 27, 30, 2, 21], [0, 4, 19, 23, 5, 14, 2, 10, 9, 20, 15], [9, 13, 1, 7, 14, 0, 10, 5, 11]]
[]
[[2, 8, 6, 0, 3, 11], [10, 14, 17, 19, 18, 6, 3, 20], [5, 20, 1, 6, 18, 8, 12, 15, 0, 7, 21, 10], [7, 13, 0, 2, 21, 15, 27, 3, 25, 8, 11, 14, 16, 5, 29, 23], [14, 0, 7, 8, 6, 20], [30, 6, 22, 32, 23, 19, 1, 7, 0, 9, 10, 5, 2, 27, 28, 29], [15, 11, 12, 4, 0, 16, 13, 20, 17], [6, 14, 8, 9], [14, 4, 11, 3, 0, 15, 19, 6, 16], [1, 5, 3, 0, 7], [17, 15, 5, 16, 9, 21, 11, 13, 0, 18, 20, 14], [15, 19, 5, 7, 11, 12, 2, 20, 30, 13]]
[]
[[24, 26, 17, 5, 18, 1, 8, 4, 0, 33, 12], [12, 1], [30, 11, 13, 10, 16, 19, 5, 22, 24, 35, 36], [8, 6, 5], [0, 2, 20, 21, 17, 6, 18], [11, 15, 0, 5, 9, 16], [56, 5, 29, 38, 54, 69, 7, 21, 66, 13, 48, 59, 43, 58, 68, 40, 55, 30, 36, 70]]
[]
[[17, 11, 8, 2, 12, 18, 10], [12, 1, 17, 16, 21, 14, 0], [3, 14, 2, 11], [13, 14, 10, 19, 24, 16, 6, 11], [5, 21, 22, 1, 0, 2], [9, 14, 22, 4, 12, 7, 6, 15], [11, 17, 1, 4, 16, 0, 14, 18], [0, 2, 16, 20, 18], [17, 1, 23, 13, 0, 22, 7, 14, 10, 4]]
[]
[[6, 1, 0, 4, 2], [10, 19, 4, 3], [12, 10, 1, 0, 13, 18, 3], [0, 4, 15, 19, 16, 2, 20], [10, 20, 15, 22, 19, 5, 0, 11, 13, 3], [16, 5, 21, 28, 26, 37, 12, 35, 7]]
[]
[[10, 4, 1, 15, 0, 19, 23, 16], [0, 8, 2, 11], [10, 5, 14, 2, 11, 15, 1, 0, 16], [0, 10, 19, 5, 2, 11, 17, 7], [10, 0, 6, 3]]
[]
[[9, 1, 0, 3], [7, 23, 32, 10, 15, 19, 24, 12, 28], [4, 7, 10, 8], [12, 1, 0, 5], [9, 2, 0, 7, 26, 22, 24, 14, 4], [8, 12, 16, 6, 4, 9]]
[]
[[3, 8, 14, 16, 2, 7, 4], [6, 10, 3], [5, 7, 13, 28, 11, 29, 4, 8, 30, 20, 21], [30, 6, 27, 22, 9, 21, 25, 34, 10, 5, 2, 31, 41, 26], [10, 2, 12, 0, 3], [18, 15, 3, 11, 14, 13], [8, 20, 15, 1, 19, 5, 0, 21, 3], [21, 23, 22, 18, 10, 8, 17], [16, 13, 1, 6, 0, 8], [1, 16, 12, 6, 13], [3, 15, 19, 7, 0, 8, 12, 22, 21, 5]]
[]
[[1, 5, 0, 7, 13, 14], [8, 5, 1, 0, 9], [15, 8, 0, 3, 2, 9, 6, 11, 16], [25, 9, 11, 1, 8, 4, 17, 3, 0], [20, 19], [14, 18, 5, 21, 19, 4, 8], [25, 37, 5, 15, 14, 1, 18, 9, 23, 0, 17, 27, 29, 31, 19], [1, 4, 3, 0, 7, 10]]
[]
[[3, 2, 6, 16, 4, 9], [1, 2, 0, 7], [24, 20, 0, 18, 2, 9, 26, 7, 27, 25, 17, 4], [9, 0, 2, 18, 28, 19, 25, 12, 26], [24, 12, 10, 16, 7, 0, 4, 20], [13, 19, 17, 1, 10, 18, 0, 20], [7, 23, 13, 2, 20, 27, 41, 18, 42, 16, 17, 3, 12, 21, 31, 32, 47, 45], [10, 7, 12, 6, 2, 13], [9, 1, 10, 3, 12], [18, 11, 8, 0, 12, 7, 10, 22, 9, 2, 4, 16], [13, 23, 25, 0, 9, 29, 12, 3, 1, 20], [8, 21, 19, 17, 18, 22, 2, 7, 14], [12, 14, 25, 8, 9, 16, 1, 2, 0, 4], [1, 6, 0, 7, 9, 8]]
[]
[[4, 6, 3, 1, 12], [1, 6, 4, 7, 17, 8, 0, 15, 11, 20], [15, 0, 4, 14, 11, 18, 12, 16, 1], [5, 0, 11, 8, 12, 6, 1, 9], [0, 10, 31, 6, 11, 13], [6, 14, 20, 3, 10, 1, 12, 0, 18, 4, 21], [0, 17, 3, 1, 9, 14]]
[]
[[9, 11, 6, 10, 4, 0, 8, 12], [13, 1, 4, 0, 5], [4, 6, 14, 9, 1, 11, 0, 7, 5, 15, 16], [15, 2, 21, 5, 16, 28, 26, 20, 23, 0, 6, 10], [12, 7, 6, 1, 0, 4, 19], [13, 17, 14, 15, 19], [21, 7, 18, 14, 1, 10, 0, 4, 23, 16], [14, 2, 10, 18, 19, 8, 0, 5, 9, 13], [1, 25, 21, 22, 18, 3, 26, 2, 0, 19, 24]]
[]
[[4, 11, 12, 0, 6], [0, 15, 4, 7, 9, 18, 22, 5, 10, 19, 2, 17, 13, 21, 23], [2, 11, 13, 10, 5, 7, 18, 22], [9, 14, 6], [5, 6, 10, 1, 12, 0, 8, 13, 18], [24, 36, 15, 8, 38, 21, 29, 6, 16, 37, 19, 32, 10, 39, 40, 22, 7, 17]]
[]
[[18, 11, 20, 21, 15, 25, 4, 14, 0], [17, 6, 14, 10, 1, 4, 0, 19, 12], [8, 11, 19, 20], [13, 21, 16, 1, 9, 0, 14, 17, 18], [18, 0, 2, 9, 15, 19, 5, 13, 10], [6, 8, 11, 1, 19, 15, 0, 9], [4, 15, 9, 6, 8, 13], [33, 12, 37, 46, 50, 10, 21, 22, 24, 44, 0, 54, 52, 48, 5, 7, 29], [17, 2, 25, 0, 11, 3, 18, 20, 21, 9], [1, 4, 0, 5], [7, 0, 4]]
[]
[[13, 7, 10, 4, 0], [5, 20, 3, 2, 12, 19, 25, 18], [11, 1, 5, 10], [2, 31, 8, 26, 33, 4, 23, 11, 39, 12, 42, 28, 19, 44, 20, 35, 47, 40], [20, 3, 0, 23, 12, 17, 24], [4, 21, 0, 16, 13], [18, 16, 6, 10, 0, 20, 7, 12, 17], [11, 14, 9, 10, 3], [23, 8, 10, 13, 4, 11, 6, 0, 12, 24], [10, 0, 2, 11], [4, 0, 18, 15, 3, 13, 1, 17, 7], [10, 1, 18, 12, 16, 0, 3, 8, 6, 19]]
[]
[[7, 8, 4, 0, 15, 10], [5, 16, 0, 6], [5, 0, 10, 13, 7, 3], [4, 10, 24, 11, 13, 14, 9, 6, 19], [8, 16, 3, 9, 4], [2, 9, 0, 5], [6, 7], [2, 10, 0, 8, 7, 5], [11, 15, 3, 0, 16, 8], [18, 14, 5, 0, 7], [7, 15, 0, 16, 6, 9, 17, 3]]
[]
[[1, 11, 3, 16, 14, 21], [7, 0], [5, 17, 1, 0, 6], [6, 3, 0], [4, 10, 1, 8, 21, 0, 6, 19], [0, 12, 10, 21, 26, 6], [1, 3, 0, 9], [15, 36, 9, 25, 37, 1, 24, 0, 19, 22], [12, 16, 0]]
[]
[[], [14, 24, 40, 30, 3, 15, 28, 31, 41, 32, 0, 25, 10, 36, 21], [8, 17, 10, 4, 0, 21, 19, 15], [12, 9, 0, 13, 3], [3, 8, 16, 7, 15, 10, 4, 19], [5, 15, 1, 17, 9, 2, 0, 13], [10, 19, 12, 6, 23, 21, 17], [0, 4, 22, 5, 19, 23, 2, 8, 21, 15], [1, 3, 23, 6, 18, 0, 13, 22, 20, 9]]
[]
[[5, 4, 16, 2, 15, 0, 8, 11], [8, 5, 13, 26, 1, 0, 12, 19, 21, 2], [10, 8, 5], [18, 6, 9, 13, 19, 5, 17], [1, 5, 11, 7, 12, 0, 10, 15], [7, 0, 2, 9, 23, 4, 20, 8, 16], [8, 25, 13, 9, 22]]
[]
[[9, 15, 6, 1, 5, 16, 10], [26, 10, 8, 19, 6, 12, 18, 13, 16, 23, 4], [23, 0, 4, 11, 20, 5, 24, 2, 28, 12, 21, 6, 26, 31], [14, 5, 24, 6, 25, 1, 21, 20, 4, 0, 11, 15, 3], [4, 9, 0, 14, 23, 2, 22, 18, 10, 6, 16], [15, 8, 17, 23, 13], [17, 1, 13, 21, 4, 9, 25], [37, 0, 2, 3, 13, 12, 5, 15, 17, 22, 24]]
[]
[[7, 11, 15, 8, 4, 3], [4, 13, 16, 24, 7, 0, 11, 22], [11, 20, 13, 17, 16, 18, 14, 10], [14, 15, 9, 18, 1, 13, 0, 27, 10, 23, 3], [6, 9, 15, 0, 5, 14, 4, 12], [9, 18, 11, 19, 10], [14, 8, 11, 21, 3, 15, 0, 4, 12, 9, 22, 28], [0, 14, 11, 18, 26, 29, 19, 17, 5, 21, 8, 20, 6, 13], [5, 0, 2, 18, 9, 25, 19, 26], [20, 2, 8, 12, 22, 23, 21, 0, 16, 7, 24, 4]]
[]
[[14, 7, 1, 11, 6, 10, 13], [24, 11, 22, 0, 4, 14, 3, 10, 25, 19, 7, 8, 16], [6, 9, 11, 2, 12, 1, 7, 5, 13, 20], [5, 15, 0, 7, 14, 2, 11], [7, 34, 14, 17, 21, 12, 15, 27, 11, 9, 33, 35], [5, 13, 17, 1, 23, 16, 0, 6, 9], [7, 13, 14, 1, 12, 0, 15, 2], [0, 15, 2, 16], [1, 5, 0, 3, 11, 8, 6, 12]]
[]
[[18, 1, 0, 10, 3], [8, 10, 12, 9, 14, 19, 13, 23], [28, 10, 33, 29, 4, 9, 16, 6, 23], [23, 5, 38, 9, 19, 24, 10, 37, 27, 20], [13, 17, 11, 18, 5, 0, 6, 14, 9, 15, 3]]
[]
[[29, 12, 16, 21, 32, 33, 37, 1, 0, 8, 4, 7, 18, 25, 2], [6, 11, 0, 3, 13, 19, 2, 7, 12, 27], [7, 9, 0, 3, 13, 15, 16], [12, 15, 18, 7, 19, 5], [2, 16, 9, 3, 17], [18, 8, 1, 0, 19, 13, 23, 14, 21], [5, 0, 10, 7, 11, 12, 3]]
[]
[[13, 15, 1, 21, 4, 3, 38, 39], [9, 14, 1, 0, 7, 17, 15, 11, 2], [6, 12, 11, 10, 0, 13, 3], [1, 5, 8, 12, 3, 16, 0, 11], [2, 17, 18, 22, 12, 27, 7, 5], [17, 10, 6, 12, 20, 23, 8, 1, 0, 19, 22, 14, 15]]
[]
[[1, 6, 7], [8, 0, 4, 3, 5], [4, 2, 1, 0], [11, 16, 20, 0, 2, 19, 7, 10], [0, 3], [2, 1, 0, 3], [15, 4, 12, 18, 8, 1, 7, 0, 9, 13, 20, 3], [11, 0, 4, 15, 3, 7], [10, 19, 7, 12, 26, 33, 38, 17, 36, 6, 20, 8, 22, 23, 27, 29], [15, 18, 4, 3, 9, 13], [5, 2, 0, 3, 11, 4], [10, 2, 6, 16, 0, 7, 14, 15, 4], [0, 15, 16, 21, 28, 3, 2, 25, 22, 11], [12, 22, 16, 7, 5], [14, 11, 5, 20, 1, 22, 4, 0, 8, 12, 27, 28]]
[]
[[8, 1, 6, 0, 2], [5, 8, 3], [13, 7, 15, 21, 1, 8, 12, 0, 17], [17, 23, 9, 5, 10, 13], [14, 21, 8, 9, 16, 1, 2, 0, 27, 25, 4, 28], [4, 1, 10, 3, 6, 14, 2, 0]]
[]
[[9, 15, 11, 6, 4, 3, 10, 16], [8, 12, 1, 11, 0, 16, 20, 18], [11, 18, 2, 12, 6, 1, 20], [15, 5, 2, 9, 0, 19], [24, 0, 7, 5, 8, 1, 20], [1, 6, 21, 11], [15, 20, 1, 0, 16, 8, 17]]
[]
[[20, 14, 10, 0, 19, 21], [12, 32, 36, 5, 39, 14, 2, 37, 1, 6, 0, 8, 31, 4, 18, 26, 27, 29], [8, 24, 11, 22], [5, 3], [13, 3, 15, 10, 11, 4], [10, 5, 11, 3, 7], [19, 25, 2, 23, 11, 16], [4, 0, 13, 3, 6], [10, 7, 11, 1, 17, 0, 19, 2]]
[]
[[1, 0, 16, 11], [14, 11, 10, 15, 7, 4, 13], [10, 1, 0, 9, 3], [15, 17, 11, 8, 2, 6], [12, 1, 13, 0, 8, 9, 3], [11, 16, 3, 13, 18, 5, 12, 17, 0, 1, 15], [16, 0, 10, 4, 30, 5, 14, 31, 2, 19, 9, 22], [19, 1, 4, 17, 0, 9, 16, 3]]
[]
[[1, 8, 6, 2, 7, 9, 3, 10, 12], [0, 21, 9, 10, 5, 14], [4, 11, 19, 8, 1, 7, 0, 15, 12, 23, 3], [6, 13, 1, 9, 0, 7, 16], [11, 6, 13, 10], [18, 3, 0, 4, 7, 9, 15, 5], [10, 13, 11, 5], [19, 8, 11, 20, 6, 23, 1, 12, 29, 0, 36, 18, 9, 30, 32], [20, 13, 19, 25, 30, 22, 7, 1, 21, 27, 0, 23, 3], [8, 6, 13, 1, 11, 14, 0, 9, 18], [11, 12, 8, 9, 15, 13, 16, 10]]
[]
[[1, 25, 17, 21, 2, 15, 11, 5, 19, 3, 4], [9, 0, 20, 6], [12, 19, 15, 13, 20, 16, 3, 8], [9, 13, 14], [15, 19, 2, 3, 5], [1, 9, 11, 12, 10, 8], [12, 5, 7], [18, 6, 10, 4, 0, 20, 15, 8], [5, 10, 0, 2, 13, 25, 6, 26]]
[]
[[7, 4, 0], [16, 13, 20, 21, 0], [3, 14, 23, 0, 4, 15, 24, 2, 13, 20, 11, 21], [13, 17, 20, 1, 4, 21, 0, 26], [11, 5, 60, 88, 17, 2, 8, 33, 45, 70, 85, 26, 31, 50, 65, 73, 20, 21, 3, 6, 4, 29, 59, 82, 13, 28, 46, 43, 32, 94], [6, 12, 32, 0, 3, 5, 18, 8, 15, 10, 19, 23], [1, 4, 0, 5], [6, 1, 3, 8]]
[]
[[4, 13, 2, 14], [24, 27, 0, 21, 28, 9, 14, 12], [11, 22, 16, 5, 1, 0, 7, 12, 19, 3], [4, 7, 15, 16, 3], [14, 20, 2, 10, 4, 11, 15], [7, 14, 22, 5, 11, 23, 9, 8], [18, 2, 19, 6], [13, 17, 25, 26, 0, 1, 5, 8, 14], [18, 5, 19, 9, 0, 13, 11], [21, 13, 25, 19, 17, 18, 0, 8, 6, 9, 3], [13, 20, 8, 14, 26, 9, 10, 22]]
[]
[[20, 1, 8, 13, 10, 4, 2, 16, 0], [8, 11, 3, 16, 4, 2, 9, 12, 13], [5, 17, 2, 15, 18, 13], [11, 19, 5, 17, 1, 0, 8, 15], [0, 2, 6, 14, 17], [1, 9, 0, 16, 6, 3]]
[]
[[17, 28, 4, 24, 32, 11, 30, 1, 7, 25, 0, 10, 29, 12, 3], [23, 11, 19, 1, 0, 5, 26, 15, 21, 29], [19, 16, 0, 14, 17, 21, 12, 5, 20, 26], [3, 6, 0, 10, 14, 4], [0, 21, 25, 3, 20, 8, 22], [14, 8, 18, 11, 1, 0, 15], [25, 32, 41, 37, 44, 0, 39, 47, 1, 14, 17, 33], [12, 1, 0, 5, 19, 28, 15, 20]]
[]
[[4, 2, 8, 12, 1, 7, 25, 9, 19, 21], [7, 27, 5, 11, 0, 6, 2, 15, 18], [1, 6, 13, 7, 17], [2, 10, 13, 12, 14], [8, 14, 2, 13, 4, 9], [8, 1, 12, 10, 2, 0], [7, 3, 4, 9, 8], [0, 11, 14], [1, 2, 5], [11, 7, 19, 5, 1, 0, 8, 20], [8, 13, 5, 0, 9, 10, 3], [24, 7, 1, 19, 12, 5, 0, 23, 9, 16, 25, 20]]
[]
[[12, 8, 9, 4, 0, 6], [16, 3, 5, 11, 0], [17, 13, 1, 7, 4, 0, 21, 5, 15], [4, 10, 26, 13, 29, 14, 9, 6, 21, 22], [6, 13, 12, 9, 10, 14, 3], [3, 4, 7], [5, 3, 6], [27, 0, 3, 9, 15, 4, 10, 12, 1, 21], [9, 16, 11, 3, 7, 1], [57, 51, 23, 71, 1, 49, 27, 0, 56, 22, 36, 70, 5, 52, 65, 66, 63, 41, 17, 29, 59]]
[]
[[4, 0, 7], [2, 6, 8, 7, 11, 3, 9, 13], [13, 19, 26, 24, 8, 1, 0, 14, 10, 15], [8, 4, 23, 2, 24, 7, 20, 25], [10, 0, 14, 3, 27, 18, 23], [19, 6, 8, 25, 13, 29, 22, 30], [22, 41, 4, 16, 8, 17, 25, 39, 15, 32, 23, 40, 29], [27, 32, 12, 18, 22, 25, 26, 30, 33], [12, 26, 6, 14, 18], [12, 6, 8, 4, 1, 0, 9, 3], [12, 16, 21, 7, 1, 4, 0, 18, 13, 9], [11, 1, 17, 0, 10, 14, 7]]
[]
[[7, 16, 1, 0, 18, 22, 24, 3], [13, 21, 9, 4, 23, 6], [13, 10, 1, 0, 22, 20, 2], [26, 0, 4, 18, 17, 16, 27], [1, 4, 3, 12], [9, 0, 5, 4], [0, 2, 8, 5], [8, 3, 6, 14, 5, 24], [9, 2, 4, 10], [8, 5, 9, 1, 0], [2, 0, 18, 26, 22, 24, 13], [8, 15, 21, 18, 4, 6, 14, 20, 23], [13, 0, 2, 20, 23, 7, 15]]
[]
[[24, 25, 29, 0, 4, 17, 2], [6, 10, 12, 15, 18, 0, 16, 8, 20], [11, 5, 17, 12, 8, 13, 1, 2, 0, 16, 18, 3, 19], [0, 4, 13, 5, 2, 11, 8, 14, 12], [1, 16, 9, 0, 6]]
[]
[[10, 7, 4, 0], [8, 11, 5, 0, 2], [9, 13, 26, 15, 7, 12, 28, 29, 23, 25], [2, 12, 7, 9], [19, 8, 16, 13, 12, 1, 2, 14], [9, 4, 2, 6, 5, 3, 12], [5, 11, 20, 8, 18, 0, 1], [12, 25, 0, 2, 20, 44, 7, 35, 45, 32, 6, 10, 15, 17, 33, 48, 8], [13, 22, 18, 28, 10, 12, 7], [18, 0, 2, 7, 11, 22, 8, 24, 9, 15], [7, 0, 12, 22, 26, 23, 10, 5, 1, 25]]
[]
[[9], [20, 16, 13, 24, 8, 6, 27, 5, 25, 0, 2], [6, 18, 12, 25, 29, 15, 28, 16, 14, 27, 0], [7, 10, 16, 23, 33, 44, 39, 24, 0, 1, 11, 36], [14, 0, 12, 3, 1, 5], [8, 11, 0, 7, 14, 2], [9, 7, 27, 30, 26, 35, 19, 23], [14, 0, 13, 9, 7, 10, 3]]
[]
[[7, 9, 6, 15, 16, 3, 17, 0], [22, 15, 5, 6, 25, 29, 24, 1, 10, 21, 0, 17, 26, 31, 32], [11, 17, 7, 20, 0, 4, 12, 1, 5], [6, 23, 4, 14, 24], [9, 0, 2, 20, 11, 25, 21, 12], [1, 6, 2, 0, 4, 10, 14], [10, 16, 0, 26, 31, 12, 32, 2, 14, 30, 6, 19, 15, 28]]
[]
[[15, 6, 11, 0, 12, 17, 25, 2], [7, 10, 13, 16, 6, 0, 17, 2], [4, 7, 0, 12], [24, 7, 12, 1, 8, 18], [8, 1, 5, 0, 9, 2], [4, 0, 14, 3, 11], [11, 9, 14, 22, 5, 23, 0, 18, 24]]
[]
[[5, 7, 13], [3, 6, 0, 8], [11, 9, 2, 13], [19, 12, 10, 17], [5, 13, 10, 1, 0, 19, 6, 14, 15], [6, 17, 7, 18, 4], [12, 1, 10, 2, 0, 6, 13, 8, 14]]
[]
[[14, 12], [15, 0, 10, 19, 9, 2, 12], [1, 3, 16, 19, 6, 10, 17, 20, 26, 15, 14, 23, 0], [19, 8, 14, 17, 22, 1, 20], [11, 6, 17, 19, 3, 16, 10, 18, 20], [23, 21, 6, 0, 8, 15], [7, 20, 5, 12, 10, 0, 21, 17, 8], [16, 17, 11]]
[]
[[15, 12, 1, 0, 10, 6, 3], [2, 8, 0, 5], [7, 21, 9, 3, 6], [11, 5, 1, 0, 6, 14], [15, 5, 0, 6, 10, 3], [18, 17, 7, 11, 19, 1, 0, 12, 25, 2], [14, 8, 29, 1, 18, 26, 0, 16, 19, 20]]
[]
[[4, 11, 1, 18, 0, 9], [11, 9, 8, 3, 0, 28, 29, 23, 18, 12, 27, 4, 25, 1, 30, 21], [5, 0, 12, 15, 23], [17, 9, 20, 7, 18, 23], [13, 3, 18, 22, 11, 27, 5, 0, 17, 20, 8, 21], [7, 18, 22, 14, 1, 6, 10, 0, 21, 4, 16], [12, 18, 8, 14, 9, 10, 20]]
[]
[[13, 15, 11, 0, 9], [0], [9, 6, 1, 4, 0, 8], [6, 9, 3, 11, 15], [5, 9, 3, 11, 6, 12], [5, 18, 8, 2, 14, 19], [6, 9, 11, 3, 12], [5, 6, 10, 1, 0, 17, 14, 12, 8], [25, 10, 31, 1, 13, 32, 0, 18, 24, 7, 19]]
[]
[[8, 11, 14, 12, 1, 10, 0, 4, 15, 2], [7, 15, 1, 10, 11, 0, 4, 22, 19, 17], [18, 10, 7, 0, 8, 12, 2, 21, 19], [11, 6, 7, 18, 9, 19, 1, 0, 5, 12, 3], [0, 13, 17, 7, 12, 24, 21, 19, 9, 5], [18, 17, 10, 19, 8]]
[]
[[3, 16, 20, 4, 9, 7, 1, 17, 0, 10, 2], [22, 1, 5, 18, 33, 23, 31, 2, 0, 29, 20, 7, 16, 24, 26], [0, 3, 21, 28, 1, 11, 14, 25], [13, 0, 1, 15, 10], [8, 6, 7, 15], [20, 9, 4, 14, 19, 15, 10, 1, 0, 21, 6, 3], [0, 4, 18, 12, 15, 2, 25, 28, 6], [1, 8, 0, 7, 5]]
[]
[[42, 10, 6, 12, 38, 39, 16, 7, 9, 5, 2, 35, 25, 18, 22], [1, 2, 11], [6, 2, 0, 9, 8], [2, 9, 12, 20, 25, 26], [9, 7], [7, 20, 21, 10, 1, 11, 14, 6], [1, 3, 13, 7], [10, 6, 18, 8, 20, 25, 13, 14, 21], [19, 1, 8, 20, 3, 0, 11, 5, 12, 15], [11, 15, 18, 20, 0, 14, 19, 6], [1], [25, 5, 13, 11, 14, 15, 0, 6, 21], [7, 0, 2, 15, 25, 4, 17, 22, 10, 11, 18]]
[]
[[19, 5, 15, 16, 0, 14, 18, 17, 2, 21], [4, 5, 15, 8], [1, 3, 0, 7], [11, 2, 1, 8], [0, 8, 20, 10, 2, 3, 19, 4], [10, 6, 4, 0, 7, 12, 16, 5], [6, 31, 0, 17, 24, 8, 2, 19, 33, 21, 13, 3, 26], [0, 11, 18, 22, 13, 19, 21, 14]]
[]
[[24, 39, 13, 10, 1, 16, 19, 2, 25, 26, 31, 40], [5, 0, 10, 11], [8, 21, 0, 24, 3, 9, 27, 4, 20, 10, 11, 28, 1, 15], [6, 19, 3, 16, 5, 15, 9], [19, 38, 5, 26, 15, 29, 9, 41, 24, 35, 22, 31, 7], [13, 0, 9, 4, 1, 7, 14, 18], [9, 16, 1, 7, 2, 0, 11, 4, 12], [9, 0, 16, 27, 24, 3, 23, 11, 7]]
[]
[[2, 7, 21, 18, 17, 13, 3, 20, 22], [25, 0, 24, 2, 11, 16, 28], [2, 6, 0, 3], [11, 21, 17, 9, 27, 12, 0, 5, 35], [8, 5, 14, 1, 0, 7, 9], [24, 17, 5, 0, 12, 9, 7, 13, 25, 3], [11, 14, 6, 15, 1, 5, 0, 7, 8], [11, 12, 7, 22, 8], [23, 0, 17, 19, 3, 2, 11, 18, 14, 16, 4]]
[]
[[6, 0], [15, 14, 21, 18, 0, 8, 23], [17, 14, 11, 10, 16, 0, 15, 2, 8, 5], [3, 13, 0, 12, 8, 10], [6, 1, 4, 0, 7], [4, 2, 5], [10, 15, 5, 12, 18, 0, 3, 13, 16], [39, 10, 25, 35, 32, 36, 17, 29, 13, 40, 37], [18, 8, 12, 6, 15, 9], [10, 14, 0, 4, 8, 11, 18, 23, 3, 25, 26]]
[]
[[14, 28, 3, 21, 2, 13, 0, 6, 7, 22, 29], [1, 4, 0, 5, 11, 20], [9, 20, 12, 11, 17, 15, 1, 13, 3], [33, 3, 26, 0, 21, 17, 29, 22, 25], [7, 8, 10, 11, 18], [4, 0, 6], [8, 0, 3, 10, 5, 6, 4, 1, 17], [11, 16, 13, 19], [0], [8, 17, 12, 0, 9, 10, 16], [4, 18, 13, 0, 22, 1, 8]]
[]
[[21, 11, 15, 12, 1, 0, 19, 2, 7, 10], [2, 3, 6, 9, 13], [34, 21, 28, 26, 7, 8, 15, 22, 36, 0, 16, 30, 31], [7, 9, 0, 2, 30, 24, 26, 33, 12, 6], [12, 18, 27, 1, 31, 9, 17, 8, 13, 14, 6, 10, 25], [17, 5, 7, 10], [8, 10, 17, 6, 12, 14, 19, 1, 11, 0, 18], [10, 9, 12, 1, 11, 0, 4, 16], [27, 0, 4, 30, 10, 18, 2, 14, 21, 28, 15, 29, 11]]
[]
[[16, 3, 9, 6], [18, 2, 4, 1, 10, 29, 26, 0], [4, 3], [3, 15], [11, 7, 19, 16, 6, 4, 5, 15, 20, 17], [13, 16, 11, 6], [16, 19, 2, 3, 5], [15, 4, 7, 10], [28, 5, 8, 13, 11, 14, 15, 0, 20, 23], [10, 28, 0, 2, 6, 25, 36, 3, 14, 12, 39, 8, 16, 19], [5, 0, 9, 13, 11, 3], [12, 23, 5, 16, 9, 20, 7]]
[]
[[9, 10, 4, 3], [12, 17, 25, 9, 7, 26, 0, 24, 20, 27, 2], [16, 19, 5, 17, 2, 0, 1, 6, 9], [10, 14, 9, 0, 17, 3], [13, 4, 0, 15], [23, 24, 28, 2, 0, 9, 16, 31, 6, 17, 20], [18, 8, 6, 5]]
[]
[[14, 12, 1, 7, 0, 4, 9, 2], [4, 3, 18, 10], [7, 12, 2, 0, 15, 17, 10, 8], [11, 0, 21, 4, 25, 18, 1, 28, 6, 26, 27], [1, 27, 11, 12, 24, 35, 39, 23, 3, 19, 2, 0, 17, 30], [27, 13, 24, 14, 20, 30, 16, 21]]
[]
[[3, 1], [13, 0, 14], [2, 7, 8, 6, 3], [2, 3], [2, 1, 9, 6, 3], [2, 5, 3, 0], [0, 1, 4, 5], [1], [2, 6, 3], [12, 2, 4, 17, 6, 9, 15, 20, 1, 13, 10], [11, 0, 6, 3, 16, 31, 26, 35, 4, 24, 40, 17, 19, 38, 1], [22, 28, 25, 31, 10, 8, 12, 32], [17, 20, 1, 9, 24, 27, 7, 14], [12, 9, 0, 13, 10, 14], [7, 11, 13, 21, 0, 8, 20, 12, 5, 23, 9], [1, 6, 0, 9, 4, 10], [0, 1, 18, 15, 4, 14, 17, 19], [27, 17, 14, 11, 23, 21, 24, 29], [0, 15, 7, 14, 12, 5]]
[]
[[15, 18, 10, 13, 5, 1, 0, 2], [11, 3, 12, 8, 14, 17], [29, 0, 13, 19, 7, 27], [13, 1, 4, 0], [9, 12, 14, 0, 16], [9, 19, 18, 12, 1, 0, 13], [0, 11, 17, 12, 6, 9, 13, 7]]
[]
[[0, 2, 6, 17, 18, 14, 15], [18, 1, 5, 3, 6, 19, 7, 8, 10], [8, 1, 5, 0, 13], [13, 0, 2, 27, 14, 28, 26, 19, 5], [0, 3, 9, 4, 6], [13, 0, 6, 9, 3, 2, 23, 12, 28, 31, 4, 17, 24], [1, 0, 7, 5, 8], [12, 5, 17, 16, 9, 10, 19, 18], [1, 5, 0, 15, 16, 9, 10], [0, 2, 16, 17, 13, 5, 14]]
[]
[[4, 0], [14, 9, 23, 35, 7, 11, 15, 29, 10, 6, 36, 40, 12, 20, 41], [28, 22, 24, 0, 15, 6, 9, 4], [1, 11, 18, 2, 5, 16], [5, 7, 16, 13, 12], [18, 22, 5, 13, 17, 0], [3, 8], [10, 1, 12, 5, 19, 3, 24, 23, 14, 11, 28], [15, 10, 12, 8], [1, 6, 9, 11], [2, 5], [6, 2, 16, 0, 4, 10, 20], [12, 7, 24, 5, 19, 15, 0, 21, 27], [23, 28, 5, 22, 2, 0, 24, 15, 3]]
[]
[[4, 0], [20, 25, 5, 23, 14, 9, 22, 6, 11, 28], [11, 14, 1, 0, 4, 16], [12, 18, 16, 23, 13, 21, 24, 8, 1, 0, 19, 22, 3], [8, 9, 30, 28, 1, 19, 29, 0, 24, 25, 17], [10, 37, 4, 30, 25, 1, 0, 40, 27, 41], [2, 13, 4, 12, 0, 5, 14], [7, 13, 8, 9, 0, 14, 6, 22, 10, 21, 3], [24, 11, 34, 0, 1, 6, 14, 44, 25, 13, 9, 33, 15, 45, 36]]
[]
[[5, 12, 10], [24, 8, 11, 2, 14, 1, 10, 0, 28, 30], [3, 7, 12, 4], [4, 7], [5, 10], [4, 8], [8, 4, 1, 2, 9, 3], [10, 24, 4, 12, 22, 2, 6, 14, 13, 25], [35, 4, 17, 23, 26, 37, 12, 21, 18, 3, 19, 0, 50, 2], [0, 4, 25, 29, 5, 12, 20, 26, 2, 6, 21, 30]]
[]
[[4, 0], [10, 12, 7, 18, 0, 2, 6, 16], [10, 5, 15, 19, 13, 11, 16, 0, 20, 9], [9, 12, 17, 32, 18, 30, 33, 35, 6], [15, 5, 8, 12, 22, 28, 23, 17, 18, 26, 29], [31, 0, 3, 37, 12, 22, 39, 8, 33, 4, 7, 32, 17, 36, 1], [22, 30, 4, 25, 8, 23, 32, 29, 5, 20], [16, 6, 25, 12, 22, 33, 37, 14, 13, 4, 0, 21, 17, 23, 5], [8, 14, 16, 15, 9], [8, 2, 20, 4, 11, 6, 28, 5, 0, 9, 19, 21, 12, 7, 29, 25], [0, 20, 2, 15, 18]]
[]
[[7, 22, 13, 0, 23, 15, 20, 26], [20, 9, 13, 25, 28, 38, 17, 29, 35, 39, 8, 33, 0, 21, 11, 36, 2], [6, 4, 7, 8, 0, 18, 13], [8, 12, 5, 14, 15, 13, 0, 7], [14, 5, 0, 10, 17, 12, 7, 18, 3], [12, 1, 18, 23, 19, 3, 2, 0, 21, 7, 13, 14]]
[]
