0.975861132144928
0.9999999403953552
0.9778808355331421
1.0
0.9774757027626038
1.0
0.9778276085853577
0.9999999403953552
0.9772602915763855
1.0
0.9782679677009583
1.0
0.9793807864189148
1.0
0.9678568840026855
1.0
0.9823089241981506
0.9999999403953552
0.9784658551216125
1.0
0.9807740449905396
1.0
0.966151773929596
0.9999999403953552
0.9762989282608032
0.9999999403953552
0.9807435870170593
1.0
0.9799242615699768
1.0
0.9822149872779846
0.9999999403953552
0.9743244647979736
1.0
0.9798859357833862
1.0
0.9869836568832397
1.0
0.9797098636627197
1.0
0.9666951298713684
0.9999999403953552
0.9787025451660156
0.9999999403953552
0.9645299911499023
1.0
0.9687907099723816
0.9999999403953552
0.9755006432533264
1.0
0.9746920466423035
0.9999999403953552
0.9710622429847717
1.0
0.982512354850769
1.0
0.9713554382324219
0.9999999403953552
0.9821018576622009
0.9999999403953552
0.9676759839057922
0.9999999403953552
0.9702126383781433
1.0
0.9772981405258179
1.0
0.9769704937934875
0.9999999403953552
0.9768884181976318
1.0
0.9777272343635559
1.0
0.9857259392738342
1.0
0.9726162552833557
0.9999999403953552
0.9822852611541748
0.9999999403953552
0.9707893133163452
1.0
0.9647805094718933
0.9999999403953552
0.9809069633483887
0.9999999403953552
0.9622380137443542
0.9999999403953552
0.976352334022522
0.9999999403953552
0.9789406061172485
1.0
0.975989580154419
1.0
0.9815294146537781
0.9999999403953552
0.9822102189064026
1.0
0.9875891208648682
1.0
0.9690712094306946
1.0
0.9737763404846191
0.9999999403953552
0.9642132520675659
0.9999999403953552
0.983782947063446
0.9999998807907104
0.9721909761428833
0.9999999403953552
0.9739288091659546
0.9999999403953552
0.9626025557518005
0.9999998807907104
0.9787203073501587
0.9999999403953552
0.9750434756278992
1.0
0.983079195022583
1.0
0.9872009754180908
1.0
0.9759601950645447
1.0
0.9809973835945129
1.0
0.9763204455375671
1.0
0.9816400408744812
0.9999999403953552
0.9679644703865051
0.9999998807907104
0.9825275540351868
0.9999998807907104
0.9644317030906677
0.9999999403953552
0.9722257256507874
1.0
0.9770246744155884
0.9999999403953552
0.9850897192955017
0.9999999403953552
0.9828919172286987
1.0
0.9724766612052917
1.0
0.9864680171012878
0.9999998807907104
0.9744774699211121
0.9999999403953552
0.9808273315429688
0.9999998807907104
0.9792076945304871
1.0
0.9769594669342041
1.0
0.9835097193717957
1.0
0.9794861078262329
1.0
0.9726595878601074
0.9999999403953552
0.9784016609191895
0.9999999403953552
0.9745433926582336
1.0
0.9739641547203064
1.0
0.9685071110725403
0.9999999403953552
0.974104106426239
1.0
0.9814233183860779
0.9999998807907104
0.9755216240882874
1.0
0.9803839325904846
1.0
0.9726125001907349
1.0
0.9742780327796936
1.0
0.9886355996131897
1.0
0.9835096001625061
0.9999998807907104
0.9659048914909363
1.0
0.9833158254623413
1.0
0.9691259860992432
1.0
0.970287024974823
1.0
0.9801753759384155
1.0
0.973720908164978
1.0
0.9755198955535889
1.0
0.9794231057167053
0.9999999403953552
