-1.1831053495407104
-0.7548933625221252
-1.2803101539611816
-1.1435155868530273
-1.0863311290740967
-0.5457519292831421
-1.3356891870498657
-0.6850401163101196
-1.1989296674728394
-0.7448067665100098
-1.1979073286056519
-0.66278475522995
-1.2649437189102173
-0.6738593578338623
-1.5424669981002808
-0.6132518649101257
-1.1389187574386597
-0.6631563305854797
-1.1329220533370972
-0.7367726564407349
-1.0303432941436768
-0.7610759139060974
-1.487046480178833
-0.5940734148025513
-1.300387978553772
-0.697005033493042
-1.214825987815857
-0.6413161158561707
-1.0644786357879639
-0.8767606616020203
-1.2057929039001465
-0.6467606425285339
-1.2824457883834839
-0.6492644548416138
-1.1177200078964233
-0.7601847052574158
-1.0475660562515259
-0.7061906456947327
-1.357710599899292
-0.6768938302993774
-1.325867772102356
-0.6748014092445374
-1.1357325315475464
-0.6997080445289612
-1.3353997468948364
-0.5759281516075134
-1.2125107049942017
-0.5773975253105164
-1.2659564018249512
-0.5732549428939819
-1.366370439529419
-0.6417208909988403
-1.5191220045089722
-0.8208064436912537
-1.1357197761535645
-0.5829885005950928
-1.2291008234024048
-0.9483884572982788
-1.7475415468215942
-0.6413042545318604
-1.473347544670105
-0.7344145178794861
-1.3407093286514282
-0.7329480051994324
-1.295620083808899
-0.5650553703308105
-1.4086096286773682
-0.6356731653213501
-1.3179963827133179
-0.6206302642822266
-1.296425700187683
-0.685985267162323
-1.0257468223571777
-0.7006034255027771
-1.1754156351089478
-0.6240655779838562
-1.1381754875183105
-0.6304347515106201
-1.4216647148132324
-0.6515083909034729
-1.5760531425476074
-0.5794476866722107
-1.2909753322601318
-0.5888031125068665
-1.6351374387741089
-0.6008334755897522
-1.1858837604522705
-0.6642928719520569
-1.2567609548568726
-0.6479792594909668
-1.780600905418396
-0.6259941458702087
-1.2235829830169678
-0.7630080580711365
-1.1507558822631836
-0.7622624635696411
-1.0280600786209106
-0.6727006435394287
-1.4472273588180542
-0.5320202112197876
-1.2865641117095947
-0.6561160683631897
-1.445874571800232
-0.6539542078971863
-1.0789988040924072
-0.5910327434539795
-1.4381442070007324
-0.7062548398971558
-1.2921885251998901
-0.5902986526489258
-1.4029678106307983
-0.5806505084037781
-1.1883165836334229
-0.5823524594306946
-1.5178292989730835
-0.6155700087547302
-1.0609031915664673
-0.6366099119186401
-1.1054445505142212
-0.6004379391670227
-1.3741787672042847
-0.6447222828865051
-0.9677965641021729
-0.612065851688385
-1.2002207040786743
-0.7048863768577576
-1.0198619365692139
-0.7298234701156616
-1.5270190238952637
-0.5892777442932129
-0.947737991809845
-0.6007785797119141
-1.3500680923461914
-0.5023093223571777
-1.3702017068862915
-0.6893264055252075
-1.0711108446121216
-0.7369341254234314
-0.961341142654419
-0.6194890141487122
-1.2226009368896484
-0.6761084794998169
-1.3835026025772095
-0.6016988754272461
-0.9709067940711975
-0.5946524143218994
-1.4133745431900024
-0.8761534094810486
-1.2549879550933838
-0.6661884784698486
-1.219805121421814
-0.6350294947624207
-1.3144460916519165
-0.6950543522834778
-1.0856391191482544
-0.5725975632667542
-1.0587973594665527
-0.7360293865203857
-1.2270487546920776
-0.48990103602409363
-1.0982927083969116
-0.6599010825157166
-1.340980052947998
-0.6099704504013062
-1.4741826057434082
-0.5826079845428467
-1.47479248046875
-1.296499490737915
-1.3627593517303467
-0.6201484799385071
-1.1150290966033936
-0.7420030832290649
-1.5063045024871826
-0.6811788082122803
-1.0911378860473633
-0.6765274405479431
-1.3400150537490845
-0.435295045375824
-1.1823724508285522
-0.6924521327018738
-0.9769788384437561
-0.6366603374481201
-1.2000387907028198
-0.5920819640159607
-1.4792391061782837
-0.5928593277931213
-0.963986337184906
-0.678834855556488
-1.20228111743927
-0.5505897998809814
-1.3238730430603027
-0.7045758366584778
-1.0253815650939941
-0.49335211515426636
-1.3780030012130737
-0.6779263019561768
-1.4099359512329102
-0.6451156139373779
-1.2607362270355225
-0.6547105312347412
