[[8, 11, 3], [11], [9, 4, 13], [13, 6, 15, 8], [6, 8, 9, 1, 14], [8, 31, 0, 14, 2, 11, 5, 18, 4], [18, 0, 22, 12, 5, 9, 24], [0, 10, 15, 4, 17]]
[]
[[11, 17, 14, 12], [4, 31, 19, 8, 10, 16, 25, 13, 11], [9, 13], [9, 0, 22, 20, 27], [14, 12, 0, 4], [0, 3, 6, 7], [0, 21, 25, 10, 16, 22, 15, 1], [3, 18, 0, 8, 13], [11, 1], [6, 0]]
[]
[[23, 8, 18, 1], [23, 8, 15, 5, 9, 26, 1, 13], [12, 6, 16, 22], [9, 12, 2, 10, 16, 17], [4, 15, 2], [9, 2, 13, 10], [7, 12, 1, 11], [10, 7, 0]]
[]
[[8, 12, 6], [18, 19, 5, 11, 23, 0, 8, 15, 21, 34, 3], [7, 12, 0, 2, 22, 23, 5], [1, 11, 12, 13, 0, 10], [4, 12, 15, 8, 7, 0], [26, 10, 6, 28, 1]]
[]
[[16, 18, 9], [7, 9, 6, 15], [14, 6, 8], [8, 12, 14, 1, 4, 0, 11, 5], [10, 1, 0], [10, 14]]
[]
[[12, 7, 4, 0], [27, 20, 5, 8, 1, 0, 19], [22, 4, 13, 8, 26], [9, 27, 18, 2, 12, 21, 22], [14, 31, 12, 24, 0], [12, 0, 1, 14, 8], [], [16, 4], [11, 5, 7, 13], [14, 17, 9, 0, 18, 2], [12, 21], [22, 24, 14, 25, 5]]
[]
[[4, 9, 19, 21, 17, 1, 12, 0], [18], [5, 10, 6, 3], [10, 19, 7, 4], [5, 12], [7, 13, 9, 16, 17, 15, 21, 23], [8, 5], [10, 5, 0]]
[]
[[1, 19, 22, 6, 11, 20, 15, 7], [1], [5, 20, 0, 16, 21, 8, 14], [0, 2, 19, 23, 21, 24, 20, 15], [13, 0, 2, 8, 24, 20], [21, 0, 11, 6, 16, 25, 2, 29], [9, 16, 7, 10], [8, 5, 21, 22], [0, 13, 21, 2, 4, 7]]
[]
[[6, 14, 20, 5, 0], [1, 6, 4, 13], [5, 0, 8], [23, 5, 14, 10, 17, 6, 7], [3, 13, 7], [5, 11, 0, 15]]
[]
[[7], [12, 5, 9, 1], [23, 4, 24, 11, 18, 33], [13, 0, 2, 15], [13, 20, 1, 14, 0, 35, 8, 11, 27, 3], [22, 3, 0, 2, 18, 31, 26, 32, 6, 15], [15, 10, 18, 12, 1], [26, 0, 2, 11, 6, 14, 20], [7, 8, 12], [16, 21, 22, 11], [0, 10, 2], [11], [4, 11, 20, 24, 21]]
[]
[[16, 31, 11, 5, 8, 24, 34], [20, 10, 6, 0, 11], [5, 0], [7, 3, 25, 13], [26, 7, 3, 9, 25, 13], [14, 16, 5], [5, 17, 9, 0], [2, 18, 0, 16]]
[]
[[4, 2, 8, 1, 12, 11, 15], [12, 1, 19, 26, 27, 22], [21, 3, 5, 6, 9, 11], [4, 7, 5, 12, 9], [16, 9, 1], [27, 1, 18, 26, 13, 3, 12, 8, 2, 10, 28], [23, 4, 0, 19, 25], [11, 16, 19, 17, 8, 1]]
[]
[[24, 30, 5, 17, 27, 28, 1, 11, 0], [19, 5, 17, 20, 1], [0, 19, 10, 16], [9, 10, 0, 1], [17, 5, 6, 10, 1]]
[]
[[8, 6], [16, 5, 12, 6, 13, 0, 17], [10, 23], [0, 3, 12, 5, 14, 1], [11, 2, 9, 12], [16, 0], [14, 13, 5, 0], [16, 28, 6, 23, 13], [3, 9, 4, 12, 0, 14], [18, 8, 15, 9, 16, 19, 20], [1, 10]]
[]
[[11, 8, 13, 14], [11, 13, 10, 19, 0, 5, 8], [8], [12, 16, 6], [0], [18, 11, 15, 3], [4, 3, 9, 8, 15, 16], [6, 1], [17, 18, 1, 4], [6, 0], [5, 8, 1], [14, 29, 25, 21, 20, 1]]
[]
[[10, 1, 3], [19, 26, 24, 14, 2, 1], [15, 10, 20, 0, 8], [1, 3, 10], [15, 0], [16, 20, 8, 17, 6], [8, 9, 14, 1, 2, 0], [1, 7]]
[]
[[12, 4], [18, 4, 2, 16, 12, 7], [1, 3], [6, 0, 3, 13, 23], [10, 1, 14, 7, 2, 0, 11], [4, 32, 10, 21, 11, 13, 14, 9, 6], [0, 3], [11, 1, 12, 16, 2, 17, 0, 7, 13], [], [2, 5, 0, 13, 10, 14, 6], [13, 5, 15, 14], [21, 6, 15], [4, 10], [11, 1]]
[]
[[19, 0, 4, 17, 3, 10], [7, 0, 13, 3], [6, 8], [2, 1, 8], [5, 1], [19, 23, 2, 13, 0], [9, 6, 12, 10], [8, 5, 20, 12, 3], [10, 1, 6, 7], [9, 20, 1, 19, 0], [26, 9, 28, 11, 1, 0, 15]]
[]
[[2, 8, 5], [16, 5, 22, 17, 1], [5, 16, 20], [5, 13, 0, 11], [], [7, 10], [9, 11, 4], [7, 11, 5], [7, 0], [4, 6], [1], [15, 13, 12], [5, 15, 8, 14, 1], [7, 12, 1, 14, 21, 9, 15], [8, 0, 15, 2]]
[]
[[11, 22, 1, 25, 16, 8, 24, 17, 20, 3], [2, 0, 9, 10, 13], [10, 6, 5, 1], [11, 0, 4, 21, 24, 19, 8, 12, 22], [15, 9, 17, 23, 16], [29, 13, 34, 0, 5, 19, 31, 23, 4], [6, 0, 3, 10, 11, 7], [25, 9]]
[]
[[10, 4, 16, 20, 17, 19], [10, 6, 1, 4, 0], [13, 2, 8, 18, 16, 9, 3, 15, 1, 6, 21], [4, 20, 31, 9, 2, 17, 22, 41, 0, 12, 23, 36, 42, 7, 29, 37], [14, 1, 4, 5], [1, 4, 10], [11, 29, 23, 27, 1, 22, 0]]
[]
[[6, 14, 1, 11], [10, 17, 20, 2, 21, 19, 16, 6, 3, 11, 22], [14, 16, 3, 17, 0, 2], [4, 11, 2, 12, 17, 20], [12, 20, 4, 0, 16, 8, 19, 38, 17, 26], [0, 9, 13], [0, 2, 6, 10, 19], [1]]
[]
[[6, 8, 5], [8, 24, 14, 16, 10, 0], [9, 3, 7, 2, 8], [1, 3, 10, 7], [13, 10, 17, 3, 2, 14], [7, 11, 1, 4, 8, 5], [4, 7, 9], [6, 1, 10], [6, 20, 21, 9, 17, 15], [13, 9, 12, 18], [15, 7, 17]]
[]
[[9, 11, 8, 15, 23, 0, 12], [32, 13, 16, 18, 30, 22, 27, 19, 36], [7, 3, 33, 17, 32, 23, 11, 25], [9, 12, 11, 22, 19, 14, 31], [7, 17, 25, 15, 26, 12, 18, 16, 1, 4], [19, 14, 6, 0, 22, 7], [8, 12, 6], [4, 8, 23, 9, 22, 19], [17, 12, 9, 19, 7, 4, 6, 10], [2, 12, 6, 13], [16, 11], [5], [], [10, 21, 5, 17]]
[]
[[22, 2, 25, 23, 12, 5], [9, 50, 10, 29, 44, 6, 41, 37, 4, 18, 32], [1, 8, 2, 9, 0, 4], [19, 29, 7, 22, 17, 33, 4, 6, 0, 25], [27, 15, 21, 31, 4, 0, 16, 22, 18, 24, 20, 9, 7], [5, 6, 11], [16, 10, 23, 4, 0, 13, 6], [5, 37, 41, 23, 31, 6, 24]]
[]
[[6, 18, 17, 16, 3], [1, 0], [0, 4], [2], [0, 1, 2, 7], [4, 11, 12, 0, 6, 17, 21], [8, 12, 1, 5, 11, 0], [9, 12, 18, 0, 10], [17, 5, 13, 1, 0]]
[]
[[21, 2, 16, 22], [7, 12], [5, 2, 8, 16, 1, 23, 0], [13, 11, 17, 7, 0], [15, 4, 9, 26, 0, 13, 24], [5, 3], [13, 22, 18, 3, 20], [12, 8, 9], [11, 20, 0, 24, 7, 5, 14, 32, 1, 25], [7, 1, 9, 5, 10], [6], [19, 0, 21, 3, 16, 2, 31, 28]]
[]
[[12, 16, 1], [12], [2, 9, 4], [19, 11, 5, 15, 14, 1, 4, 0, 22], [23, 3, 0, 21, 11, 17], [5, 1, 12, 2], [15]]
[]
[[7, 10, 9], [9, 0, 7, 6, 13, 26, 17, 19], [2, 4, 14, 5, 12], [17, 22, 4, 11, 0, 12, 16], [7, 10, 0, 18], [11, 0, 9, 8], [17, 10, 3, 9], [10, 8, 7], [1, 15, 11, 13], [0, 7, 3], [2, 12, 7, 3, 9], [6, 8, 30, 0], [21, 19, 7, 14, 1, 5], [18, 1, 10, 30, 35, 3, 7, 15, 2, 14, 0, 12]]
[]
[[16, 7, 4, 19, 18, 8], [12, 0, 20, 18, 2, 8, 13], [11, 1, 13, 17], [7, 15, 5, 19, 8, 16], [17, 8, 10, 14, 4, 9], [14, 24, 18], [1], [13, 0, 17, 7, 19, 3, 10]]
[]
[[11, 3, 7, 2], [27, 22, 18, 25, 1, 0, 23], [3, 22, 7, 10, 25, 5, 28, 21], [17, 34, 24, 26, 10, 35, 1, 9], [0, 4, 19, 23, 5, 14, 2, 10], [9, 13, 1]]
[]
[[2], [10, 14, 17, 19], [5, 20, 1, 6, 18, 8, 12, 15], [7, 13, 0, 2, 21, 15, 27], [14, 0, 7, 8], [30, 6, 22, 32, 23, 19, 1, 7, 0, 9, 10, 5, 2], [15, 11, 12, 4, 0, 16], [], [14, 4, 11, 3, 0, 15], [1, 5, 3, 0], [17, 15], [15, 19, 5, 7, 11, 12, 2]]
[]
[[24, 26, 17, 5, 18, 1, 8, 4, 0], [12], [30, 11, 13, 10, 16, 19, 5, 22, 24, 35, 36], [], [0, 2], [11, 15], [56, 5, 29, 38, 54, 69, 7, 21, 66, 13, 48]]
[]
[[17, 11, 8, 2, 12, 18, 10], [12, 1, 17, 16, 21, 14], [3, 14, 2], [13, 14, 10, 19, 24], [5, 21, 22, 1, 0], [9, 14, 22, 4, 12, 7, 6, 15], [11, 17, 1, 4, 16, 0], [0, 2, 16, 20], [17, 1, 23, 13]]
[]
[[6, 1, 0, 4, 2], [10, 19, 4, 3], [12, 10, 1, 0], [0, 4, 15, 19, 16, 2], [10, 20, 15, 22], [16, 5, 21, 28, 26, 37]]
[]
[[10, 4, 1, 15], [0, 8, 2, 11], [10, 5, 14, 2, 11, 15, 1], [0, 10, 19, 5, 2, 11], [10]]
[]
[[9], [7, 23, 32, 10, 15, 19, 24, 12], [4, 7, 10, 8], [12], [9, 2, 0, 7, 26, 22], [8, 12, 16]]
[]
[[3, 8, 14, 16, 2, 7, 4], [6, 10, 3], [5, 7, 13, 28, 11, 29, 4, 8, 30, 20, 21], [30, 6, 27, 22, 9, 21, 25, 34, 10, 5, 2], [10, 2, 12, 0, 3], [18, 15, 3, 11, 14, 13], [8, 20, 15, 1, 19, 5], [21, 23, 22, 18, 10], [16, 13, 1, 6, 0, 8], [1, 16, 12], [3, 15, 19, 7]]
[]
[[], [8, 5, 1, 0, 9], [15, 8, 0, 3, 2, 9], [25, 9, 11, 1, 8, 4, 17, 3, 0], [], [14, 18, 5, 21, 19, 4, 8], [25, 37, 5, 15, 14, 1, 18], [1, 4]]
[]
[[3, 2, 6, 16, 4], [1, 2, 0, 7], [24, 20, 0, 18, 2, 9, 26, 7, 27], [9, 0, 2, 18, 28], [24, 12, 10, 16, 7, 0, 4, 20], [13, 19, 17, 1], [7, 23, 13, 2, 20, 27, 41, 18, 42, 16, 17, 3, 12, 21], [10, 7, 12], [9], [18, 11, 8], [13, 23, 25, 0], [8, 21, 19, 17, 18, 22], [12, 14, 25, 8, 9, 16, 1, 2], [1, 6]]
[]
[[4, 6, 3, 1, 12], [1, 6, 4, 7, 17, 8, 0], [15, 0, 4, 14], [5, 0, 11, 8, 12], [0, 10, 31, 6], [6, 14, 20, 3, 10, 1, 12, 0], [0, 17, 3, 1, 9]]
[]
[[9, 11, 6], [13, 1, 4, 0], [4, 6], [15, 2, 21, 5, 16, 28, 26, 20, 23, 0], [12, 7, 6, 1, 0, 4], [13, 17, 14, 15, 19], [21, 7, 18], [14, 2, 10], [1, 25, 21, 22]]
[]
[[4, 11, 12, 0], [0, 15, 4, 7, 9, 18, 22, 5, 10, 19, 2, 17], [2, 11, 13, 10, 5, 7, 18, 22], [9, 14, 6], [5, 6, 10, 1, 12], [24, 36, 15, 8, 38, 21, 29, 6]]
[]
[[18, 11, 20, 21, 15, 25], [17, 6, 14, 10, 1, 4, 0, 19, 12], [8, 11, 19, 20], [13, 21, 16, 1], [18, 0, 2, 9, 15, 19, 5, 13], [6, 8, 11, 1, 19, 15, 0, 9], [4, 15, 9, 6], [33, 12, 37, 46, 50, 10, 21, 22, 24, 44, 0], [17, 2, 25, 0, 11, 3, 18, 20, 21, 9], [1], [7, 0]]
[]
[[13, 7, 10, 4], [5, 20, 3], [11], [2, 31, 8, 26, 33, 4, 23, 11], [20, 3, 0, 23, 12, 17, 24], [4, 21, 0], [18, 16, 6, 10], [11, 14, 9], [23, 8, 10, 13, 4, 11, 6, 0, 12, 24], [10], [4, 0, 18, 15, 3], [10, 1, 18, 12]]
[]
[[7, 8, 4, 0, 15, 10], [5, 16, 0], [], [4, 10, 24, 11], [8, 16, 3], [2, 9, 0, 5], [6, 7], [2, 10, 0], [11, 15, 3, 0, 16], [18, 14, 5, 0, 7], [7, 15]]
[]
[[1, 11, 3, 16, 14, 21], [7, 0], [5, 17], [6, 3, 0], [4, 10, 1, 8, 21, 0, 6, 19], [0, 12], [1, 3, 0, 9], [15, 36, 9, 25, 37, 1], [12, 16, 0]]
[]
[[], [14, 24, 40, 30, 3, 15, 28, 31, 41, 32], [8], [12, 9], [3, 8, 16, 7, 15], [5, 15, 1, 17], [10], [0, 4, 22, 5, 19, 23, 2], [1, 3, 23]]
[]
[[5, 4, 16, 2], [8, 5, 13, 26, 1], [10, 8], [18, 6, 9, 13], [1], [7, 0, 2, 9], [8, 25, 13]]
[]
[[9, 15, 6, 1, 5, 16, 10], [26, 10, 8, 19, 6, 12, 18, 13, 16], [23, 0, 4, 11, 20, 5, 24, 2, 28], [14, 5, 24, 6, 25, 1, 21, 20, 4, 0, 11], [4, 9, 0, 14, 23, 2, 22, 18], [15, 8], [17, 1, 13, 21, 4], [37, 0, 2, 3, 13, 12, 5, 15]]
[]
[[7, 11, 15, 8, 4, 3], [4, 13, 16, 24, 7, 0, 11], [11, 20, 13], [14, 15, 9, 18, 1, 13, 0], [6, 9, 15, 0, 5, 14], [9, 18, 11, 19, 10], [14, 8, 11, 21, 3, 15, 0], [0, 14, 11, 18, 26, 29], [5, 0, 2, 18, 9, 25, 19], [20, 2, 8, 12, 22, 23, 21]]
[]
[[14, 7, 1, 11, 6, 10, 13], [24, 11, 22, 0, 4, 14, 3, 10], [6, 9, 11, 2, 12, 1, 7, 5, 13], [5, 15, 0], [7, 34, 14, 17, 21, 12, 15, 27, 11, 9, 33, 35], [5, 13, 17, 1, 23], [7, 13, 14, 1, 12, 0, 15, 2], [0, 15, 2, 16], [1, 5]]
[]
[[18, 1, 0, 10, 3], [8, 10, 12, 9, 14], [28, 10], [23, 5, 38, 9, 19], [13, 17]]
[]
[[29, 12, 16, 21, 32, 33, 37, 1, 0, 8], [6, 11, 0, 3, 13, 19, 2, 7, 12, 27], [7, 9, 0, 3, 13, 15], [12, 15, 18, 7], [2, 16, 9, 3, 17], [18, 8, 1, 0, 19, 13, 23, 14, 21], [5]]
[]
[[13, 15, 1, 21, 4, 3, 38, 39], [9, 14, 1], [6, 12, 11, 10, 0], [1, 5, 8, 12, 3, 16, 0], [2, 17, 18, 22], [17, 10, 6, 12]]
[]
[[1, 6, 7], [8, 0, 4, 3, 5], [4, 2, 1, 0], [11, 16, 20, 0, 2, 19], [0, 3], [2, 1, 0, 3], [15, 4, 12, 18, 8, 1, 7, 0], [11, 0, 4, 15, 3, 7], [10, 19, 7, 12, 26, 33, 38, 17], [15, 18, 4, 3, 9, 13], [5, 2, 0, 3], [10, 2, 6, 16, 0, 7, 14, 15], [0, 15, 16, 21, 28, 3, 2], [12, 22, 16, 7], [14, 11, 5, 20, 1, 22, 4]]
[]
[[8, 1, 6, 0], [5, 8, 3], [13, 7, 15], [17, 23, 9, 5, 10, 13], [14, 21, 8, 9, 16], [4, 1, 10, 3, 6]]
[]
[[9, 15, 11, 6, 4, 3], [8, 12, 1, 11, 0], [11, 18, 2, 12, 6, 1, 20], [15, 5, 2, 9, 0, 19], [24, 0, 7, 5, 8], [1, 6, 21], [15, 20]]
[]
[[20, 14, 10], [12, 32, 36, 5, 39, 14, 2, 37], [8, 24, 11, 22], [5, 3], [13, 3, 15, 10, 11, 4], [10, 5, 11, 3], [19, 25, 2, 23, 11, 16], [4, 0, 13, 3], [10, 7, 11, 1, 17]]
[]
[[1], [14, 11], [10, 1], [15, 17, 11], [12, 1, 13], [11], [16, 0, 10, 4, 30, 5], [19]]
[]
[[1, 8, 6, 2, 7, 9], [0, 21, 9, 10, 5], [4, 11, 19, 8, 1, 7], [6, 13, 1, 9], [], [18, 3, 0], [10], [19, 8, 11, 20, 6, 23, 1, 12], [20, 13, 19, 25, 30, 22, 7], [8, 6, 13, 1, 11, 14], [11, 12, 8, 9, 15]]
[]
[[1, 25, 17], [9, 0, 20, 6], [12, 19, 15, 13, 20, 16, 3, 8], [9, 13, 14], [15, 19, 2, 3, 5], [1, 9, 11, 12, 10, 8], [12, 5, 7], [18, 6, 10, 4, 0], [5, 10, 0, 2, 13]]
[]
[[7, 4], [16, 13, 20, 21, 0], [3, 14, 23, 0, 4, 15, 24, 2], [13, 17, 20, 1, 4], [11, 5, 60, 88, 17, 2, 8, 33, 45, 70, 85, 26], [6, 12, 32, 0, 3, 5, 18, 8, 15, 10, 19, 23], [1], [6, 1]]
[]
[[4, 13, 2], [24, 27, 0, 21, 28, 9], [11, 22, 16], [4, 7, 15, 16], [14, 20, 2, 10, 4, 11], [7, 14, 22, 5, 11, 23], [18, 2, 19, 6], [13, 17, 25, 26, 0, 1], [18, 5, 19, 9, 0], [21, 13, 25, 19], [13, 20]]
[]
[[20, 1, 8, 13, 10, 4, 2, 16, 0], [8, 11, 3, 16, 4, 2], [5, 17, 2, 15, 18, 13], [11, 19, 5, 17], [0, 2, 6, 14], [1, 9, 0, 16]]
[]
[[17, 28, 4, 24, 32, 11, 30], [23], [19, 16, 0, 14, 17, 21], [3, 6, 0, 10, 14, 4], [0, 21, 25, 3, 20, 8, 22], [14, 8, 18, 11, 1], [25, 32, 41, 37, 44, 0, 39, 47, 1, 14], [12]]
[]
[[4, 2, 8, 12, 1, 7, 25, 9, 19, 21], [7, 27, 5, 11, 0, 6, 2, 15, 18], [1, 6, 13, 7, 17], [2, 10, 13, 12, 14], [8, 14, 2, 13, 4, 9], [8, 1, 12, 10, 2, 0], [7, 3, 4, 9, 8], [0, 11, 14], [1, 2, 5], [11, 7, 19, 5, 1, 0, 8, 20], [8, 13], [24, 7, 1, 19]]
[]
[[12, 8, 9, 4, 0], [16, 3, 5, 11, 0], [17, 13, 1, 7], [4, 10, 26, 13, 29, 14, 9, 6], [6, 13, 12, 9, 10, 14, 3], [3, 4, 7], [5], [27, 0, 3, 9, 15, 4, 10, 12, 1], [9, 16, 11, 3, 7], [57, 51, 23, 71, 1, 49, 27, 0]]
[]
[[4, 0], [2, 6, 8, 7, 11, 3, 9], [13, 19, 26, 24, 8], [8, 4, 23, 2], [10, 0, 14, 3, 27], [19, 6, 8, 25, 13, 29, 22, 30], [22, 41, 4, 16, 8, 17, 25, 39, 15, 32, 23], [27, 32, 12, 18, 22, 25], [12, 26, 6, 14, 18], [12, 6, 8, 4, 1], [12, 16, 21, 7, 1, 4], [11, 1, 17]]
[]
[[7, 16, 1], [13, 21, 9], [13], [26, 0, 4, 18, 17, 16], [1], [9, 0, 5, 4], [0], [8, 3, 6, 14], [9, 2, 4, 10], [8, 5, 9, 1, 0], [2, 0, 18, 26, 22], [8, 15, 21], [13, 0, 2, 20, 23]]
[]
[[24, 25, 29, 0], [6, 10, 12, 15, 18, 0], [11, 5, 17], [0, 4, 13], [1, 16]]
[]
[[10, 7, 4, 0], [8, 11, 5], [9, 13, 26, 15, 7, 12, 28, 29], [2, 12, 7, 9], [19, 8, 16, 13, 12, 1, 2, 14], [9, 4, 2, 6], [5, 11, 20, 8, 18, 0, 1], [12, 25, 0, 2, 20, 44, 7, 35, 45, 32, 6], [13, 22, 18, 28], [18, 0, 2, 7, 11, 22, 8], [7, 0, 12, 22, 26, 23]]
[]
[[9], [20, 16, 13, 24, 8, 6, 27, 5], [6, 18, 12, 25, 29, 15, 28, 16, 14], [7, 10, 16, 23, 33, 44], [14, 0, 12], [8, 11], [9, 7, 27, 30, 26, 35], []]
[]
[[7, 9, 6, 15, 16], [22, 15, 5, 6, 25, 29], [11, 17, 7, 20, 0, 4, 12], [6, 23, 4, 14, 24], [9, 0, 2, 20, 11], [1], [10, 16, 0, 26, 31, 12, 32, 2, 14, 30]]
[]
[[15, 6, 11], [7, 10, 13, 16, 6], [4, 7, 0, 12], [24, 7, 12, 1, 8], [8, 1, 5], [4, 0, 14, 3], [11, 9, 14, 22, 5, 23, 0]]
[]
[[5, 7, 13], [3, 6, 0, 8], [11, 9, 2], [19, 12, 10, 17], [5, 13, 10, 1, 0], [6, 17, 7, 18, 4], [12, 1, 10]]
[]
[[14, 12], [15, 0, 10, 19], [1, 3, 16, 19, 6, 10, 17, 20, 26, 15], [19, 8, 14, 17, 22, 1, 20], [11, 6, 17], [23, 21, 6, 0, 8, 15], [7, 20, 5, 12, 10, 0], [16, 17, 11]]
[]
[[15, 12, 1, 0, 10, 6], [2, 8, 0, 5], [7, 21], [11, 5, 1, 0], [], [18, 17, 7, 11, 19, 1], [14, 8, 29, 1, 18, 26]]
[]
[[4, 11], [11, 9, 8, 3, 0, 28], [5, 0, 12, 15], [17, 9, 20, 7, 18], [13, 3, 18, 22, 11, 27, 5, 0], [7, 18, 22], [12, 18]]
[]
[[13, 15, 11, 0, 9], [0], [9, 6, 1, 4, 0], [6, 9, 3, 11, 15], [5, 9, 3, 11, 6, 12], [5, 18, 8, 2, 14, 19], [6, 9, 11, 3, 12], [5, 6, 10], [25, 10, 31, 1, 13, 32]]
[]
[[8, 11, 14, 12, 1, 10], [7], [18, 10, 7, 0, 8, 12, 2, 21, 19], [11, 6, 7, 18, 9], [0, 13, 17], [18, 17]]
[]
[[3, 16, 20, 4, 9, 7, 1, 17, 0, 10, 2], [22, 1, 5, 18, 33, 23, 31, 2, 0], [0, 3, 21, 28, 1, 11, 14, 25], [13, 0, 1, 15], [8, 6, 7], [20, 9, 4, 14, 19], [0, 4, 18, 12, 15, 2], [1]]
[]
[[42, 10, 6, 12, 38, 39, 16, 7, 9, 5], [1, 2], [6, 2, 0, 9, 8], [2, 9, 12, 20], [9, 7], [7, 20, 21, 10, 1], [1, 3, 13], [10, 6, 18, 8, 20], [19, 1, 8, 20, 3, 0], [11, 15, 18, 20, 0, 14, 19], [1], [25, 5, 13, 11, 14, 15, 0], [7, 0, 2, 15, 25, 4, 17, 22]]
[]
[[19, 5], [4, 5, 15, 8], [1, 3, 0], [11, 2, 1, 8], [0, 8, 20, 10], [10, 6, 4, 0], [6, 31, 0, 17, 24, 8, 2], [0, 11, 18, 22, 13, 19]]
[]
[[24, 39, 13, 10, 1, 16, 19, 2, 25, 26, 31, 40], [5, 0], [8, 21, 0, 24, 3, 9, 27, 4], [6, 19, 3, 16, 5], [19, 38, 5, 26, 15, 29, 9, 41, 24], [13, 0, 9, 4, 1], [9, 16, 1, 7, 2, 0], [9, 0, 16, 27, 24, 3]]
[]
[[2, 7, 21, 18, 17, 13, 3, 20], [25, 0, 24, 2, 11, 16, 28], [2, 6, 0, 3], [11, 21, 17, 9, 27, 12, 0, 5], [8, 5, 14, 1, 0], [24, 17, 5, 0], [11, 14, 6], [11, 12, 7, 22, 8], [23, 0, 17, 19, 3, 2]]
[]
[[6, 0], [15, 14, 21, 18, 0, 8], [17, 14, 11], [3, 13], [6, 1, 4], [4, 2, 5], [10, 15, 5, 12, 18, 0, 3, 13, 16], [39, 10, 25, 35, 32, 36, 17, 29], [18, 8, 12], [10, 14, 0, 4, 8, 11, 18, 23, 3, 25, 26]]
[]
[[14, 28, 3, 21, 2, 13, 0, 6, 7, 22], [1, 4, 0, 5, 11, 20], [9, 20, 12, 11, 17, 15], [33, 3, 26, 0, 21, 17, 29, 22], [7, 8, 10], [4, 0, 6], [8, 0, 3, 10, 5, 6, 4], [11], [], [8, 17, 12, 0], [4, 18, 13, 0, 22, 1]]
[]
[[21, 11, 15, 12], [2, 3, 6, 9, 13], [34, 21, 28, 26, 7, 8, 15], [7, 9, 0, 2], [12, 18, 27, 1, 31, 9, 17], [17], [8, 10, 17, 6, 12, 14, 19], [10, 9], [27, 0, 4, 30, 10, 18, 2, 14, 21]]
[]
[[16, 3, 9, 6], [18, 2, 4, 1, 10, 29, 26], [4, 3], [3, 15], [11, 7, 19, 16, 6, 4, 5, 15], [13, 16, 11], [16, 19, 2, 3, 5], [15], [28, 5, 8, 13, 11, 14, 15, 0], [10, 28, 0, 2, 6, 25, 36, 3, 14, 12, 39], [], [12, 23, 5, 16, 9]]
[]
[[9, 10], [12, 17, 25, 9, 7, 26], [16, 19, 5, 17], [10], [13], [23, 24], [18, 8]]
[]
[[14, 12, 1, 7], [4, 3, 18, 10], [7, 12, 2, 0, 15], [11, 0, 21, 4, 25, 18, 1], [1, 27, 11, 12, 24, 35, 39, 23, 3, 19, 2], [27, 13, 24]]
[]
[[3, 1], [13, 0, 14], [2, 7], [], [2, 1, 9, 6], [2, 5, 3, 0], [0, 1], [], [2, 6, 3], [12, 2, 4, 17, 6, 9, 15, 20], [11, 0, 6, 3, 16, 31, 26, 35, 4, 24, 40, 17, 19], [22, 28, 25, 31, 10, 8, 12, 32], [17, 20, 1, 9, 24, 27, 7, 14], [12, 9, 0, 13], [7, 11, 13, 21, 0, 8, 20, 12], [1], [0, 1, 18, 15, 4, 14], [27, 17, 14, 11], [0, 15, 7, 14, 12]]
[]
[[15, 18, 10, 13, 5, 1], [11, 3, 12], [29, 0, 13, 19, 7], [13], [9], [9, 19, 18, 12, 1], [0, 11, 17, 12]]
[]
[[0, 2, 6], [18, 1, 5, 3, 6, 19, 7, 8], [8, 1, 5, 0, 13], [13, 0, 2, 27, 14, 28, 26], [0, 3], [13, 0, 6, 9, 3, 2], [1], [12, 5, 17, 16, 9, 10], [], [0, 2]]
[]
[[4, 0], [14, 9, 23, 35, 7, 11, 15, 29, 10, 6, 36, 40], [28, 22, 24, 0, 15, 6], [1, 11, 18, 2, 5, 16], [5, 7, 16, 13, 12], [18, 22, 5, 13, 17, 0], [3, 8], [10, 1, 12, 5], [15, 10, 12, 8], [1, 6], [2, 5], [6, 2, 16, 0, 4], [12, 7, 24, 5, 19, 15, 0, 21], [23, 28, 5, 22, 2, 0, 24]]
[]
[[], [20, 25, 5, 23, 14, 9, 22], [11, 14, 1, 0], [12, 18, 16, 23, 13, 21, 24, 8, 1], [8, 9, 30, 28, 1, 19, 29], [10, 37, 4, 30, 25, 1, 0], [2, 13, 4, 12, 0], [7, 13], [24, 11, 34, 0, 1, 6, 14, 44, 25, 13, 9, 33, 15]]
[]
[[5, 12, 10], [24, 8, 11, 2, 14, 1, 10, 0], [3, 7, 12, 4], [4, 7], [5, 10], [4, 8], [8, 4, 1, 2, 9, 3], [10, 24, 4, 12, 22, 2, 6, 14, 13, 25], [35, 4, 17, 23, 26, 37, 12, 21, 18, 3, 19], [0, 4, 25, 29, 5, 12, 20, 26, 2]]
[]
[[4, 0], [10], [10, 5, 15, 19, 13, 11, 16], [9, 12, 17, 32, 18, 30, 33, 35, 6], [15, 5], [31, 0, 3, 37, 12, 22, 39, 8, 33, 4, 7, 32, 17, 36], [22, 30, 4, 25, 8, 23, 32], [16, 6, 25, 12, 22, 33, 37, 14, 13, 4, 0, 21, 17], [8, 14, 16, 15, 9], [8, 2, 20, 4, 11], [0, 20, 2, 15]]
[]
[[7, 22, 13], [20, 9, 13, 25, 28, 38, 17, 29, 35, 39, 8], [6, 4, 7, 8], [8, 12, 5, 14], [], [12, 1, 18, 23, 19, 3]]
[]
