0.983661524951458
1.0
0.9877738058567047
0.9999999233654567
0.9831682071089745
0.9999999458139593
0.9835665027300516
0.999999962747097
0.9828612407048544
1.0000000476837159
0.9836963961521784
0.9999999933772616
0.9826695844531059
1.000000011920929
0.97840991947386
1.0000000099341075
0.9876377681891123
0.9999999701976776
0.986656170624953
1.0000000238418578
0.986522801220417
0.9999999523162841
0.9763307124376297
0.9999999668863084
0.9805629014968872
0.999999980131785
0.9863340583714572
0.9999999403953552
0.9883584678173065
1.0
0.9865325167775154
0.9999999642372132
0.9829815966742379
0.9999999751647314
0.983945987441323
0.999999980131785
0.9893573999404908
0.9999999701976776
0.9862484484910965
0.9999999489103045
0.9766831142561776
0.999999965940203
0.9818429052829742
0.9999999602635702
0.9726408774202521
0.9999999523162841
0.9807444640568325
0.9999999403953552
0.98326475918293
1.0000000298023224
0.9847088694572449
0.9999999233654567
0.9798282186190287
1.0
0.9870170184544155
0.9999999458139593
0.9806353449821472
0.9999999900658926
0.9855494201183319
0.9999999721844991
0.9743830859661102
0.9999999761581421
0.9820728898048401
1.0000000085149492
0.9826318195887974
0.9999999349767511
0.9796593056784736
1.0000000170298986
0.9816381335258484
0.9999999880790711
0.9867064833641053
0.9999999304612478
0.9872922797997793
0.999999986245082
0.9823812354694713
0.9999999735090468
0.9847086742520332
0.9999999900658926
0.9810163336140769
0.9999999512325634
0.9796795334134784
0.9999999751647314
0.9866452084647285
0.9999999701976776
0.9711503783861796
1.0000000198682149
0.9844389828768644
0.9999999552965164
0.9867804000775019
0.9999999329447746
0.9852467558600686
0.9999999783255837
0.9879065155982971
0.999999962747097
0.9866054985258315
0.9999999403953552
0.992010942527226
0.9999999512325634
0.9769271984696388
1.0000000223517418
0.9796011209487915
0.9999999783255837
0.9769965012868246
0.9999999761581421
0.9886832594871521
0.9999999620697715
0.9803950871740069
0.9999999668863084
0.9779220720132192
0.9999999668863084
0.9749326984087626
1.0000000216744163
0.9855940242608389
0.9999999850988388
0.98049282176154
0.9999999850988388
0.9869812064700656
1.0000000066227384
0.9892821609973907
1.0000000091699452
0.983581234108318
0.9999999403953552
0.9861038790808784
0.999999962747097
0.9864292964339256
1.0000000496705372
0.9856407588178461
0.9999999701976776
0.9750873347123464
0.9999999470180936
0.9863337650895119
1.0000000198682149
0.973671942949295
0.9999999950329462
0.9793877005577087
0.9999999735090468
0.9823972086111704
0.9999999566511675
0.9873879047540518
0.9999999735090468
0.9848605275154114
0.9999999489103045
0.9821885661645369
1.0000000085149492
0.9910438507795334
0.9999999776482582
0.9812622581209455
0.9999999867545234
0.985976116997855
1.0
0.9854291081428528
1.0
0.9833052977919579
0.9999999489103045
0.9868209617478507
0.999999986245082
0.9839141198566982
0.9999999489103045
0.9826137555970086
0.9999999829701015
0.985454777876536
0.9999999602635702
0.9831740409135818
0.9999999891627919
0.9802376306973971
0.999999975456911
0.980896346271038
0.9999999761581421
0.9818539619445801
1.0
0.9879247943560282
0.9999999458139593
0.980963510274887
0.9999999701976776
0.9867755770683289
0.9999999489103045
0.9836910367012024
0.9999999940395355
0.9838350663582484
0.9999999483426412
0.9924578240939549
0.9999999566511675
0.9893074333667755
0.9999999403953552
0.9805516412383631
0.9999999821186065
0.9874946815626962
0.9999999761581421
0.9822098016738892
0.9999999458139593
0.9751774370670319
0.9999999850988388
0.9865371783574423
1.0
0.9793796420097352
0.9999999701976776
0.9832010865211487
0.9999999180436134
0.9824220836162567
0.9999999489103045
