[[8, 11], [], [9, 4], [13, 6, 15], [6, 8], [8, 31, 0, 14, 2, 11, 5], [18, 0, 22], [0]]
[]
[[11], [4, 31, 19, 8, 10, 16], [], [9, 0, 22], [14, 12], [0, 3], [0, 21, 25, 10, 16], [3, 18], [11, 1], [6, 0]]
[]
[[23], [23, 8, 15], [12], [9, 12, 2], [4, 15, 2], [9, 2, 13], [7], [10, 7]]
[]
[[8, 12], [18, 19, 5, 11, 23, 0], [7, 12, 0, 2], [1, 11], [4, 12, 15], [26, 10, 6]]
[]
[[16, 18], [7, 9, 6, 15], [14, 6], [8, 12, 14, 1], [10, 1], [10]]
[]
[[12, 7], [27, 20, 5, 8, 1, 0], [22, 4, 13, 8], [9, 27, 18, 2, 12], [14, 31], [12, 0], [], [16], [11, 5], [14, 17, 9], [12, 21], [22, 24]]
[]
[[4, 9, 19, 21, 17, 1, 12], [18], [5, 10], [10, 19, 7], [5], [7, 13, 9, 16], [8], [10]]
[]
[[1, 19, 22, 6], [], [5, 20, 0, 16, 21, 8, 14], [0, 2, 19, 23, 21], [13, 0, 2, 8, 24], [21, 0, 11, 6], [9, 16], [8, 5], [0, 13]]
[]
[[6, 14], [1, 6], [5], [23, 5, 14], [3], [5, 11, 0]]
[]
[[], [12, 5], [23, 4], [13, 0], [13, 20, 1, 14], [22, 3, 0, 2, 18, 31], [15, 10], [26, 0, 2, 11, 6], [7], [16, 21], [0, 10], [], [4]]
[]
[[16, 31, 11], [20, 10, 6], [5], [7, 3, 25], [26, 7, 3], [14, 16], [5], [2]]
[]
[[4, 2, 8, 1, 12], [12, 1, 19], [21, 3, 5], [4, 7, 5, 12], [16, 9], [27, 1, 18, 26, 13, 3], [23, 4, 0], [11, 16, 19]]
[]
[[24, 30, 5, 17, 27], [19, 5], [0, 19], [9, 10], [17, 5, 6]]
[]
[[8], [16, 5, 12, 6], [], [0, 3, 12], [11, 2], [16, 0], [14], [16, 28, 6, 23], [3, 9, 4], [18, 8, 15, 9], [1]]
[]
[[11, 8], [11, 13, 10, 19, 0], [], [12, 16, 6], [], [18, 11, 15, 3], [4, 3, 9], [6], [17], [6], [5, 8], [14, 29, 25, 21]]
[]
[[10, 1], [19, 26], [15, 10, 20], [1], [15], [16, 20, 8, 17], [8, 9], [1]]
[]
[[12], [18, 4, 2], [1], [6, 0, 3], [10, 1, 14, 7], [4, 32, 10, 21], [0], [11, 1, 12, 16, 2], [], [2, 5], [13, 5], [21], [4, 10], []]
[]
[[19, 0, 4], [7, 0, 13], [6], [2, 1], [], [19, 23], [9, 6, 12], [8, 5, 20, 12], [10, 1, 6, 7], [9, 20], [26, 9, 28]]
[]
[[2, 8], [16], [5], [5], [], [7], [9, 11], [7], [], [4, 6], [], [15], [5, 15, 8], [7, 12, 1, 14], [8, 0, 15]]
[]
[[11, 22, 1, 25, 16], [2, 0, 9, 10], [10, 6], [11, 0, 4, 21], [15, 9, 17], [29, 13, 34, 0], [6, 0], [25]]
[]
[[10, 4, 16], [10, 6], [13, 2, 8, 18], [4, 20, 31, 9, 2, 17, 22, 41], [14], [1, 4], [11, 29, 23, 27]]
[]
[[6, 14], [10, 17, 20, 2, 21], [14, 16, 3], [4, 11, 2], [12, 20, 4, 0, 16], [0, 9], [0, 2, 6, 10, 19], [1]]
[]
[[6, 8, 5], [8, 24, 14, 16], [9, 3, 7], [1, 3], [13, 10], [7, 11, 1], [4], [6, 1], [6, 20, 21], [13, 9], [15]]
[]
[[9, 11, 8, 15, 23, 0], [32, 13, 16, 18, 30, 22, 27], [7, 3, 33, 17], [9, 12], [7, 17, 25, 15, 26], [19, 14, 6], [8, 12], [4, 8, 23], [17, 12, 9], [2, 12, 6], [16], [5], [], [10, 21]]
[]
[[22, 2], [9, 50, 10, 29, 44, 6], [1, 8], [19, 29, 7, 22, 17, 33, 4], [27, 15, 21, 31, 4, 0, 16, 22], [5], [16, 10, 23], [5, 37]]
[]
[[6, 18], [1], [0, 4], [2], [0], [4, 11, 12], [8, 12], [9, 12], [17, 5, 13]]
[]
[[21, 2], [7], [5, 2, 8, 16], [13, 11], [15, 4, 9, 26], [5], [13, 22, 18, 3, 20], [12, 8], [11, 20, 0, 24, 7], [7, 1, 9], [6], [19, 0, 21, 3]]
[]
[[12], [12], [2, 9], [19, 11, 5, 15, 14], [23, 3, 0], [5, 1], []]
[]
[[7, 10], [9, 0, 7, 6], [2, 4, 14], [17, 22, 4, 11, 0], [7, 10], [11, 0, 9], [17, 10], [10, 8], [1, 15, 11, 13], [], [2, 12], [6, 8], [21, 19, 7], [18, 1, 10, 30, 35, 3, 7]]
[]
[[16, 7, 4], [12, 0], [11, 1], [7, 15, 5], [17, 8, 10], [14, 24], [1], [13, 0, 17, 7]]
[]
[[11, 3, 7], [27, 22, 18], [3, 22, 7, 10, 25, 5, 28], [17, 34, 24, 26], [0, 4, 19], [9, 13]]
[]
[[2], [10, 14], [5, 20, 1, 6], [7, 13, 0, 2], [14, 0], [30, 6, 22, 32, 23, 19, 1], [15, 11, 12], [], [14, 4, 11], [1, 5], [17], [15, 19, 5]]
[]
[[24, 26, 17], [12], [30, 11, 13, 10, 16, 19], [], [0, 2], [], [56, 5, 29, 38, 54, 69, 7, 21]]
[]
[[17, 11, 8], [12, 1, 17], [3, 14], [13, 14, 10, 19], [5, 21, 22], [9, 14, 22, 4, 12], [11, 17, 1], [0, 2], [17, 1, 23]]
[]
[[6, 1, 0], [10], [12], [0, 4, 15, 19, 16], [10, 20], [16, 5, 21, 28]]
[]
[[10, 4], [0, 8], [10, 5, 14], [0, 10, 19], []]
[]
[[9], [7, 23, 32, 10, 15], [4, 7, 10], [], [9, 2], []]
[]
[[3, 8, 14, 16, 2], [6, 10, 3], [5, 7, 13, 28, 11, 29, 4], [30, 6, 27, 22, 9, 21], [10, 2, 12], [18, 15, 3, 11], [8], [21, 23, 22, 18], [16, 13, 1], [1, 16], [3, 15]]
[]
[[], [8, 5, 1], [15, 8], [25, 9, 11, 1, 8, 4], [], [14, 18, 5, 21], [25, 37], [1]]
[]
[[3, 2], [1, 2], [24, 20, 0, 18, 2], [9, 0, 2], [24, 12, 10, 16, 7], [13, 19], [7, 23, 13, 2, 20, 27, 41, 18], [10], [], [18, 11], [13, 23], [8, 21], [12, 14, 25, 8], [1]]
[]
[[4, 6, 3, 1, 12], [1, 6, 4, 7], [15, 0], [5, 0, 11], [0, 10, 31], [6, 14, 20, 3], [0, 17]]
[]
[[9], [13, 1], [4], [15, 2, 21, 5, 16], [12, 7], [13], [21], [14, 2, 10], [1, 25]]
[]
[[4, 11, 12], [0, 15, 4, 7, 9, 18], [2, 11, 13, 10, 5, 7, 18], [9, 14, 6], [5, 6], [24, 36, 15]]
[]
[[18], [17, 6, 14], [8, 11], [13, 21], [18, 0, 2, 9, 15], [6, 8, 11, 1, 19, 15], [4, 15, 9], [33, 12, 37, 46], [17, 2, 25, 0], [], []]
[]
[[13, 7], [5], [11], [2, 31, 8, 26], [20, 3, 0, 23], [4], [18], [11, 14], [23, 8, 10, 13, 4, 11, 6], [], [4, 0], [10, 1]]
[]
[[7, 8], [5], [], [4, 10], [8], [2, 9, 0, 5], [6], [2], [11, 15, 3], [18, 14, 5], [7, 15]]
[]
[[1, 11, 3], [7, 0], [], [6], [4, 10, 1, 8], [0], [1, 3], [15, 36, 9], [12, 16, 0]]
[]
[[], [14, 24, 40, 30, 3], [8], [12], [3, 8], [5, 15], [10], [0, 4, 22, 5], [1]]
[]
[[5, 4, 16, 2], [8, 5], [10], [18, 6], [], [7, 0], [8]]
[]
[[9, 15, 6, 1], [26, 10, 8, 19, 6], [23, 0, 4, 11, 20], [14, 5, 24, 6, 25, 1], [4, 9, 0, 14, 23], [15, 8], [17, 1], [37, 0, 2, 3]]
[]
[[7, 11, 15, 8, 4], [4, 13, 16, 24], [11, 20], [14, 15], [6, 9, 15], [9, 18], [14, 8, 11, 21], [0, 14, 11], [5, 0, 2, 18], [20, 2, 8]]
[]
[[14, 7, 1, 11, 6, 10, 13], [24, 11, 22, 0], [6, 9, 11, 2, 12], [5], [7, 34, 14, 17, 21, 12, 15, 27, 11], [5, 13], [7, 13, 14], [0, 15, 2], [1]]
[]
[[], [8, 10, 12, 9, 14], [28], [23, 5], [13, 17]]
[]
[[29, 12, 16, 21, 32], [6, 11, 0, 3, 13, 19, 2], [7, 9, 0, 3], [12, 15, 18, 7], [2, 16, 9], [18, 8, 1], []]
[]
[[13, 15, 1, 21, 4, 3], [9], [6, 12], [1, 5, 8, 12], [2], [17, 10]]
[]
[[1, 6], [8, 0, 4, 3], [4, 2], [11, 16, 20], [0], [2, 1], [15, 4, 12, 18], [11, 0, 4, 15, 3], [10, 19, 7, 12], [15, 18, 4, 3], [5, 2], [10, 2, 6, 16, 0], [0, 15, 16, 21], [12, 22], [14, 11, 5]]
[]
[[8], [5, 8, 3], [13], [17, 23, 9, 5], [14, 21], [4, 1, 10]]
[]
[[9, 15, 11], [8, 12], [11, 18, 2, 12], [15, 5, 2, 9, 0], [24, 0, 7, 5], [1, 6], [15]]
[]
[[], [12, 32, 36, 5, 39, 14], [8, 24], [5], [13, 3, 15], [10], [19, 25, 2, 23], [4, 0], [10, 7]]
[]
[[], [14], [10, 1], [15, 17], [12], [], [16, 0], []]
[]
[[1, 8, 6], [0, 21], [4, 11], [6, 13], [], [18, 3], [10], [19, 8, 11, 20, 6], [20, 13, 19], [8, 6, 13], [11, 12]]
[]
[[1], [9, 0], [12, 19, 15], [9, 13, 14], [15, 19, 2, 3], [1, 9, 11], [12, 5], [18, 6], [5, 10, 0, 2]]
[]
[[], [16, 13, 20], [3, 14, 23, 0], [13, 17], [11, 5, 60, 88, 17, 2, 8, 33, 45], [6, 12, 32, 0, 3, 5, 18], [], [6]]
[]
[[4], [24, 27, 0], [11, 22], [4, 7, 15], [14, 20, 2, 10], [7, 14, 22], [18, 2], [13, 17, 25, 26], [18, 5], [21, 13, 25], []]
[]
[[20, 1, 8, 13, 10], [8, 11, 3], [5, 17, 2, 15, 18], [11, 19], [0, 2, 6], [1, 9]]
[]
[[17, 28, 4], [], [19, 16], [3, 6, 0], [0, 21, 25, 3, 20], [14, 8, 18], [25, 32], []]
[]
[[4, 2, 8, 12], [7, 27, 5, 11, 0], [1, 6, 13, 7, 17], [2, 10, 13], [8, 14, 2, 13], [8, 1, 12, 10], [7, 3], [0, 11], [1, 2, 5], [11, 7, 19, 5], [8], [24]]
[]
[[12, 8], [16, 3, 5, 11, 0], [], [4, 10, 26, 13, 29], [6, 13, 12, 9, 10, 14], [3], [5], [27, 0, 3, 9, 15], [9, 16, 11], [57, 51, 23, 71]]
[]
[[], [2, 6, 8, 7], [13, 19], [8, 4], [10, 0, 14], [19, 6, 8, 25, 13], [22, 41, 4, 16, 8], [27, 32, 12], [12, 26, 6, 14], [12, 6, 8], [12, 16, 21], [11]]
[]
[[7], [13], [13], [26, 0, 4], [], [9, 0], [], [8], [9, 2, 4], [8, 5, 9], [2], [8, 15], [13, 0, 2]]
[]
[[24], [6, 10, 12], [11], [0], [1]]
[]
[[10, 7], [], [9, 13, 26, 15, 7], [2, 12, 7], [19, 8, 16, 13], [9, 4, 2], [5, 11, 20, 8, 18, 0, 1], [12, 25, 0, 2, 20, 44], [13, 22], [18, 0, 2, 7], [7, 0]]
[]
[[], [20, 16, 13, 24, 8], [6, 18, 12, 25], [7, 10], [14, 0], [], [9, 7], []]
[]
[[7, 9], [22, 15, 5], [11, 17, 7, 20, 0], [6, 23, 4, 14], [9, 0, 2, 20], [1], [10, 16, 0, 26, 31]]
[]
[[15, 6], [7, 10, 13, 16], [4, 7], [24, 7, 12, 1], [8], [4, 0, 14], [11, 9, 14]]
[]
[[5, 7, 13], [3, 6, 0], [11], [19, 12], [5, 13, 10], [6, 17], [12, 1]]
[]
[[14], [15, 0], [1, 3, 16, 19], [19, 8, 14, 17, 22], [11], [23, 21, 6], [7, 20, 5], [16, 17]]
[]
[[15, 12, 1], [2, 8], [7], [11, 5], [], [18, 17, 7], [14, 8, 29]]
[]
[[4, 11], [11, 9, 8], [5, 0], [17, 9, 20, 7], [13, 3, 18, 22], [], [12, 18]]
[]
[[13, 15, 11], [0], [9, 6], [6, 9, 3, 11], [5, 9, 3, 11], [5, 18, 8, 2], [6, 9, 11], [5], [25, 10, 31]]
[]
[[8, 11], [], [18, 10, 7, 0, 8], [11, 6, 7], [0], [18]]
[]
[[3, 16, 20, 4, 9], [22, 1, 5, 18, 33], [0, 3, 21, 28, 1, 11], [13, 0], [8, 6], [20, 9], [0, 4], []]
[]
[[42, 10, 6, 12, 38, 39], [1, 2], [6, 2, 0], [2, 9, 12], [], [7, 20], [1, 3], [10, 6], [19, 1, 8], [11, 15, 18], [1], [25, 5, 13, 11], [7, 0, 2, 15, 25]]
[]
[[19], [4, 5, 15], [1], [11, 2, 1], [0, 8], [10, 6], [6, 31, 0], [0, 11, 18, 22]]
[]
[[24, 39, 13, 10, 1, 16, 19, 2, 25], [5], [8, 21, 0, 24], [6, 19, 3], [19, 38, 5, 26], [13, 0], [9, 16], [9, 0, 16, 27]]
[]
[[2, 7, 21, 18], [25, 0, 24, 2], [2], [11, 21, 17, 9], [8, 5], [24, 17], [11], [11], [23, 0, 17, 19]]
[]
[[6], [15, 14, 21, 18], [17], [3], [6, 1], [4, 2], [10, 15, 5, 12, 18, 0], [39, 10, 25], [18, 8], [10, 14, 0, 4, 8, 11]]
[]
[[14, 28, 3, 21], [1, 4], [9, 20, 12, 11], [33, 3, 26, 0, 21], [], [4, 0], [8, 0, 3, 10], [], [], [8, 17, 12, 0], [4, 18, 13, 0, 22]]
[]
[[21], [2], [34, 21, 28, 26], [7, 9, 0, 2], [12, 18, 27, 1], [], [8, 10, 17], [10, 9], [27, 0, 4, 30, 10]]
[]
[[16, 3, 9], [18, 2, 4, 1], [4, 3], [3, 15], [11, 7, 19, 16], [13, 16, 11], [16, 19, 2, 3, 5], [15], [28, 5, 8, 13, 11, 14], [10, 28, 0, 2, 6, 25], [], [12, 23, 5, 16]]
[]
[[9], [12, 17, 25, 9], [16, 19], [], [], [23], [18]]
[]
[[14], [4, 3], [7, 12, 2], [11, 0, 21], [1, 27, 11, 12, 24, 35], [27, 13]]
[]
[[3], [13, 0], [2], [], [2, 1], [2, 5], [0], [], [2, 6, 3], [12, 2, 4, 17], [11, 0, 6, 3, 16, 31, 26, 35], [22, 28], [17, 20, 1, 9, 24], [12, 9, 0], [7, 11, 13], [1], [0, 1, 18], [27, 17, 14], [0, 15]]
[]
[[15, 18, 10, 13], [11], [29, 0], [13], [], [9, 19, 18], [0, 11]]
[]
[[0, 2, 6], [18, 1, 5, 3, 6], [8, 1], [13, 0, 2, 27], [], [13, 0, 6, 9], [], [12, 5, 17], [], [0, 2]]
[]
[[4], [14, 9, 23, 35], [28, 22, 24, 0, 15], [1], [5, 7, 16, 13, 12], [18, 22, 5, 13], [3], [10], [15, 10, 12], [1], [2, 5], [6, 2], [12, 7, 24, 5], [23, 28, 5]]
[]
[[], [20, 25, 5, 23], [11], [12, 18, 16, 23], [8, 9], [10, 37, 4, 30], [2, 13], [], [24, 11, 34, 0, 1, 6, 14]]
[]
[[5, 12], [24, 8, 11, 2, 14], [3, 7], [4], [5], [4, 8], [8, 4, 1], [10, 24, 4, 12, 22, 2, 6, 14], [35, 4, 17, 23, 26], [0, 4, 25, 29, 5, 12]]
[]
[[4, 0], [10], [10, 5, 15, 19, 13], [9, 12, 17, 32], [15, 5], [31, 0, 3, 37, 12, 22, 39], [22, 30, 4], [16, 6, 25, 12, 22, 33], [8], [8, 2], [0, 20]]
[]
[[7, 22], [20, 9, 13, 25, 28], [6, 4], [8, 12, 5], [], [12, 1, 18]]
[]
