13.336191177368164
6.9515275955200195
13.970763206481934
5.4591851234436035
17.998422622680664
4.81812047958374
16.38182830810547
6.759420871734619
18.26397705078125
6.458826541900635
14.914451599121094
6.387524604797363
15.041962623596191
7.3264665603637695
11.38267707824707
6.4328837394714355
11.579959869384766
6.116136074066162
10.877561569213867
7.682882308959961
13.011332511901855
7.522407054901123
16.140178680419922
4.699374198913574
14.176519393920898
6.010146617889404
10.792420387268066
9.202103614807129
12.232256889343262
6.140565872192383
12.51124095916748
6.480759143829346
12.276090621948242
6.666487216949463
9.958168983459473
7.613955497741699
9.929485321044922
8.657097816467285
18.154191970825195
10.820828437805176
21.056900024414062
6.710508346557617
12.507301330566406
7.640893459320068
13.284097671508789
7.2071661949157715
12.867210388183594
4.3331217765808105
13.1768798828125
5.06621789932251
26.225906372070312
6.599065780639648
15.4689359664917
10.106029510498047
14.072274208068848
5.499828338623047
12.254532814025879
9.390883445739746
11.563525199890137
6.1435723304748535
19.289461135864258
8.595388412475586
12.147539138793945
8.803458213806152
19.846328735351562
6.317226886749268
17.983448028564453
6.59735107421875
21.922889709472656
6.543630599975586
14.444267272949219
12.08821964263916
10.100677490234375
5.771483898162842
15.111175537109375
6.151355743408203
12.357278823852539
6.75784969329834
15.668091773986816
6.27358865737915
19.819002151489258
6.663090229034424
9.818427085876465
8.007793426513672
24.81236457824707
5.93245792388916
11.79563045501709
6.390815734863281
12.123087882995605
7.032018184661865
16.444150924682617
5.224156856536865
14.551753044128418
8.441744804382324
11.736347198486328
9.482934951782227
10.927179336547852
5.4004716873168945
15.579466819763184
5.324977397918701
15.607138633728027
6.6702985763549805
20.642704010009766
6.706145763397217
9.988276481628418
5.092432498931885
19.994218826293945
7.4142913818359375
14.705656051635742
4.782315731048584
22.993417739868164
7.32838249206543
14.565423011779785
6.24513053894043
15.48133659362793
6.662034034729004
11.66961669921875
5.835753440856934
11.045431137084961
5.998116493225098
16.583728790283203
5.190891742706299
8.368494987487793
6.1558661460876465
17.174877166748047
5.485677719116211
8.197786331176758
6.625945091247559
24.004995346069336
6.456127643585205
10.206625938415527
5.605930328369141
15.492459297180176
4.772308349609375
14.322598457336426
7.050851345062256
12.92768383026123
7.76015567779541
12.553314208984375
5.781869888305664
19.91295623779297
8.048691749572754
11.533581733703613
5.4192891120910645
12.249558448791504
5.355076789855957
14.860007286071777
9.260456085205078
12.472437858581543
6.156375408172607
12.688724517822266
6.702850341796875
13.616474151611328
5.509575843811035
14.890158653259277
5.2776336669921875
13.882461547851562
6.430328845977783
12.312137603759766
4.63692045211792
11.084025382995605
11.212827682495117
14.815673828125
5.271237850189209
17.270593643188477
5.211822509765625
14.851959228515625
8.431914329528809
16.34229850769043
5.359319686889648
11.287805557250977
6.878961086273193
26.316383361816406
6.470848560333252
10.17063045501709
7.968532085418701
11.924524307250977
6.1070427894592285
10.922447204589844
5.930423259735107
12.010318756103516
6.600953578948975
13.680438995361328
5.687085151672363
21.152992248535156
5.569952011108398
14.013689994812012
6.348747730255127
11.861007690429688
5.511985778808594
13.620972633361816
7.313863277435303
12.398018836975098
7.3295207023620605
11.426043510437012
7.997654438018799
13.50070571899414
7.6530375480651855
13.51190185546875
5.708860874176025
