0.8947563841377323
1
0.8673520727025211
1
0.8424989290495315
1
0.8120998719590269
1
0.8512621618414808
1
0.876246784653584
1
0.8540829275684622
1
0.856482694996094
1
0.8594675284702986
1
0.8647997203395781
1
0.8318197263914119
1
0.7952365428550462
1
0.8506996531681121
1
0.8124824653755318
1
0.8495625745682889
1
0.8447979777848639
1
0.876714145353176
1
0.8338235972151782
1
0.8273097789088929
1
0.8401605978960066
1
0.7968938442721675
1
0.8380246506251641
1
0.822413929560744
1
0.8087324916371686
1
0.8167476504860117
1
0.8411000550469719
1
0.803741105350025
1
0.8775370052839696
1
0.8011694347636076
1
0.8844566993464053
1
0.7888898686882261
1
0.8301972276184519
1
0.8751318299990686
1
0.7758733145880843
1
0.8323264772057698
1
0.8896557172296656
1
0.873533950617284
1
0.8313390553962671
1
0.8202264699966729
1
0.8229515566772693
1
0.8488203279807647
1
0.8451906337565789
1
0.8116032815967585
1
0.8455082900979872
1
0.8507615145588422
1
0.8209600118253264
1
0.8538330516885277
1
0.8695376897110221
1
0.9078325028766353
1
0.7951639725843
1
0.8109720257752733
1
0.7736539423009853
1
0.9064638719884904
1
0.8113077848427565
1
0.8456391296530097
1
0.8178993522542707
1
0.8269964220960323
1
0.8074093060937799
1
0.8128424185700418
1
0.9120153016866632
1
0.8433360396020574
1
0.8490773797449526
1
0.8433599966109552
1
0.8429125987912599
1
0.7781991998285089
1
0.8393280896187927
1
0.7696663569289908
1
0.8073340317408417
1
0.8719200451877095
1
0.8377167157682007
1
0.8877832739718865
1
0.834010399357207
1
0.8942427780835699
1
0.8278418675702
1
0.8524525229024283
1
0.8736650431144567
1
0.7973546314013409
1
0.8780672427378854
1
0.8480857516339869
1
0.795744545165512
1
0.896768165205035
1
0.857610207170561
1
0.8127969103856844
1
0.83226164902382
1
0.8125
1
0.8373162887269471
1
0.7952228570134726
1
0.8471837557900932
1
0.8763794552669857
1
0.8240631163708086
1
0.9260002113271345
1
0.8014155514078075
1
0.7725430665644822
1
0.9068120503597122
1
0.8558901097505587
1
0.8266326716077306
1
0.8725179006861533
1
0.7895016764943924
1
0.8182665531914893
1
0.895682686103384
1
