0.9950757622718811
0.9999995827674866
0.9962098002433777
0.9999998211860657
0.9974304437637329
1.0000001192092896
0.9874250292778015
0.9999999403953552
0.9916096329689026
1.000000238418579
0.9936518669128418
0.9999999403953552
0.9957801103591919
1.0000005960464478
0.991678774356842
0.9999998211860657
0.9869866371154785
0.9999998211860657
0.9925251603126526
1.0000003576278687
0.9961596727371216
1.0
0.9938352704048157
1.0000003576278687
0.9976683855056763
1.0000001192092896
0.9977874755859375
1.000000238418579
0.9969468712806702
1.0000007152557373
0.9927361011505127
0.9999998211860657
0.9831874966621399
0.9999998807907104
0.9950776100158691
1.000000238418579
0.9991228580474854
1.000000238418579
0.9941997528076172
1.0000003576278687
0.9929459691047668
1.0000003576278687
0.9959278702735901
0.9999998211860657
0.9978141784667969
0.9999999403953552
0.9934862852096558
0.9999997615814209
0.9958823919296265
1.0
0.9952598810195923
1.000000238418579
0.9867761135101318
1.0
0.9978041052818298
1.0000001192092896
0.9950358867645264
0.9999997615814209
0.9956719279289246
1.0000003576278687
0.9883432984352112
1.000000238418579
0.9821793437004089
1.0000001192092896
0.9956725239753723
1.0000003576278687
0.9931504130363464
0.9999998807907104
0.9958292245864868
0.9999997019767761
0.9797952771186829
0.9999996423721313
0.9931430816650391
0.9999995231628418
0.9954059720039368
1.000000238418579
0.9966077208518982
1.0000003576278687
0.9928967356681824
1.000000238418579
0.9933285117149353
1.000000238418579
0.9905805587768555
1.0
0.9913787245750427
1.000000238418579
0.9948221445083618
1.0000001192092896
0.9847508072853088
1.0000008344650269
0.9978130459785461
1.0000001192092896
0.9960855841636658
0.9999997615814209
0.9959253668785095
1.0000001192092896
0.9939844012260437
1.0000001192092896
0.9954417943954468
1.0000001192092896
0.9846044182777405
1.0000003576278687
0.9636391401290894
0.9999997019767761
0.9972721934318542
1.0
0.9971643090248108
0.9999997615814209
0.9740285873413086
0.9999995231628418
0.9879716038703918
1.0
0.9979369640350342
0.9999999403953552
0.9975842833518982
0.9999997019767761
0.9978746771812439
0.9999997615814209
0.9978640079498291
1.0000001192092896
0.9906758069992065
1.000000238418579
0.9915444850921631
0.9999999403953552
0.9891512989997864
1.000000238418579
0.9939548969268799
1.0000005960464478
0.9908963441848755
1.0000004768371582
0.9974942803382874
1.0000001192092896
0.9903539419174194
1.0000003576278687
0.9906253814697266
0.9999997615814209
0.9965817928314209
0.9999997615814209
0.9964480996131897
0.9999998807907104
0.9947758913040161
0.9999997615814209
0.9816606044769287
1.000000238418579
0.9992239475250244
1.0
0.9907678365707397
1.000000238418579
0.9957663416862488
1.0000001192092896
0.9952869415283203
1.0000001192092896
0.9958212375640869
1.000000238418579
0.9954637289047241
1.0000004768371582
0.998178243637085
1.0000001192092896
0.9903467297554016
1.0000003576278687
0.99508136510849
1.0
0.9915762543678284
1.0000003576278687
0.9959608912467957
1.0000001192092896
0.9928041696548462
1.0000001192092896
0.9938403964042664
0.9999996423721313
0.9882211685180664
0.9999998211860657
0.9981994032859802
0.9999999403953552
0.9964576959609985
1.000000238418579
0.9913970828056335
1.0000001192092896
0.9923573136329651
1.0
0.9834508895874023
1.0000001192092896
0.9977902770042419
0.9999998807907104
0.9888547658920288
1.0000001192092896
0.9972319602966309
1.0000005960464478
0.9886982440948486
1.0
0.9938181638717651
0.9999998807907104
0.9953091740608215
1.0000003576278687
0.9828623533248901
1.0000004768371582
0.991729199886322
0.9999997615814209
0.9984161853790283
0.9999998211860657
