[[8, 11], [], [9, 4], [13, 6, 15], [6, 8, 9], [8, 31, 0, 14, 2, 11, 5, 18], [18, 0, 22, 12], [0, 10, 15]]
[]
[[11, 17], [4, 31, 19, 8, 10, 16, 25], [9], [9, 0, 22, 20], [14, 12, 0, 4], [0, 3, 6], [0, 21, 25, 10, 16, 22], [3, 18, 0, 8], [11, 1], [6, 0]]
[]
[[23, 8], [23, 8, 15, 5, 9], [12, 6], [9, 12, 2, 10, 16], [4, 15, 2], [9, 2, 13], [7, 12], [10, 7, 0]]
[]
[[8, 12], [18, 19, 5, 11, 23, 0, 8, 15, 21], [7, 12, 0, 2, 22, 23], [1, 11, 12, 13], [4, 12, 15, 8], [26, 10, 6]]
[]
[[16, 18], [7, 9, 6, 15], [14, 6, 8], [8, 12, 14, 1, 4], [10, 1], [10, 14]]
[]
[[12, 7], [27, 20, 5, 8, 1, 0, 19], [22, 4, 13, 8, 26], [9, 27, 18, 2, 12, 21], [14, 31], [12, 0, 1], [], [16, 4], [11, 5, 7], [14, 17, 9, 0, 18], [12, 21], [22, 24, 14, 25]]
[]
[[4, 9, 19, 21, 17, 1, 12], [18], [5, 10, 6], [10, 19, 7], [5], [7, 13, 9, 16, 17, 15], [8, 5], [10]]
[]
[[1, 19, 22, 6, 11, 20], [], [5, 20, 0, 16, 21, 8, 14], [0, 2, 19, 23, 21, 24, 20], [13, 0, 2, 8, 24, 20], [21, 0, 11, 6, 16, 25], [9, 16, 7], [8, 5], [0, 13, 21, 2]]
[]
[[6, 14, 20], [1, 6, 4], [5], [23, 5, 14, 10, 17], [3, 13], [5, 11, 0]]
[]
[[7], [12, 5, 9], [23, 4, 24, 11], [13, 0, 2], [13, 20, 1, 14, 0, 35], [22, 3, 0, 2, 18, 31, 26, 32], [15, 10, 18], [26, 0, 2, 11, 6, 14], [7, 8], [16, 21], [0, 10, 2], [11], [4, 11, 20]]
[]
[[16, 31, 11, 5, 8], [20, 10, 6, 0], [5], [7, 3, 25], [26, 7, 3, 9], [14, 16], [5, 17, 9], [2, 18, 0]]
[]
[[4, 2, 8, 1, 12, 11, 15], [12, 1, 19, 26, 27], [21, 3, 5], [4, 7, 5, 12, 9], [16, 9, 1], [27, 1, 18, 26, 13, 3, 12, 8, 2], [23, 4, 0], [11, 16, 19, 17]]
[]
[[24, 30, 5, 17, 27, 28], [19, 5, 17, 20], [0, 19, 10], [9, 10, 0], [17, 5, 6]]
[]
[[8], [16, 5, 12, 6, 13], [10], [0, 3, 12, 5, 14], [11, 2, 9], [16, 0], [14, 13], [16, 28, 6, 23, 13], [3, 9, 4, 12, 0, 14], [18, 8, 15, 9, 16], [1]]
[]
[[11, 8, 13], [11, 13, 10, 19, 0], [], [12, 16, 6], [0], [18, 11, 15, 3], [4, 3, 9, 8], [6], [17, 18], [6, 0], [5, 8, 1], [14, 29, 25, 21, 20, 1]]
[]
[[10, 1], [19, 26, 24, 14], [15, 10, 20, 0], [1, 3], [15, 0], [16, 20, 8, 17], [8, 9, 14, 1], [1]]
[]
[[12], [18, 4, 2, 16], [1], [6, 0, 3], [10, 1, 14, 7, 2], [4, 32, 10, 21, 11, 13, 14], [0, 3], [11, 1, 12, 16, 2, 17, 0, 7], [], [2, 5, 0, 13], [13, 5, 15], [21, 6], [4, 10], [11]]
[]
[[19, 0, 4, 17], [7, 0, 13, 3], [6, 8], [2, 1], [5], [19, 23, 2], [9, 6, 12], [8, 5, 20, 12, 3], [10, 1, 6, 7], [9, 20, 1, 19], [26, 9, 28, 11, 1]]
[]
[[2, 8], [16, 5], [5, 16], [5, 13], [], [7], [9, 11], [7, 11], [7], [4, 6], [], [15, 13], [5, 15, 8, 14, 1], [7, 12, 1, 14, 21, 9], [8, 0, 15, 2]]
[]
[[11, 22, 1, 25, 16, 8, 24], [2, 0, 9, 10], [10, 6, 5], [11, 0, 4, 21, 24, 19, 8], [15, 9, 17, 23], [29, 13, 34, 0, 5, 19, 31, 23], [6, 0, 3], [25]]
[]
[[10, 4, 16, 20], [10, 6, 1], [13, 2, 8, 18, 16, 9, 3], [4, 20, 31, 9, 2, 17, 22, 41, 0, 12, 23, 36], [14, 1], [1, 4, 10], [11, 29, 23, 27, 1]]
[]
[[6, 14], [10, 17, 20, 2, 21, 19, 16, 6], [14, 16, 3, 17], [4, 11, 2, 12, 17], [12, 20, 4, 0, 16, 8], [0, 9], [0, 2, 6, 10, 19], [1]]
[]
[[6, 8, 5], [8, 24, 14, 16, 10], [9, 3, 7, 2], [1, 3, 10], [13, 10, 17, 3], [7, 11, 1, 4], [4], [6, 1], [6, 20, 21, 9, 17], [13, 9], [15]]
[]
[[9, 11, 8, 15, 23, 0, 12], [32, 13, 16, 18, 30, 22, 27, 19, 36], [7, 3, 33, 17, 32, 23, 11, 25], [9, 12, 11], [7, 17, 25, 15, 26, 12, 18, 16, 1], [19, 14, 6, 0], [8, 12, 6], [4, 8, 23, 9, 22], [17, 12, 9, 19], [2, 12, 6, 13], [16, 11], [5], [], [10, 21, 5, 17]]
[]
[[22, 2, 25], [9, 50, 10, 29, 44, 6, 41, 37], [1, 8, 2, 9], [19, 29, 7, 22, 17, 33, 4, 6, 0], [27, 15, 21, 31, 4, 0, 16, 22, 18, 24, 20, 9], [5, 6], [16, 10, 23, 4, 0], [5, 37, 41, 23]]
[]
[[6, 18, 17], [1], [0, 4], [2], [0, 1], [4, 11, 12, 0, 6], [8, 12, 1, 5], [9, 12, 18], [17, 5, 13, 1]]
[]
[[21, 2], [7], [5, 2, 8, 16, 1, 23], [13, 11, 17], [15, 4, 9, 26, 0, 13], [5], [13, 22, 18, 3, 20], [12, 8, 9], [11, 20, 0, 24, 7, 5, 14, 32], [7, 1, 9, 5], [6], [19, 0, 21, 3, 16, 2]]
[]
[[12, 16], [12], [2, 9], [19, 11, 5, 15, 14, 1, 4], [23, 3, 0, 21, 11], [5, 1], [15]]
[]
[[7, 10, 9], [9, 0, 7, 6, 13, 26, 17, 19], [2, 4, 14, 5], [17, 22, 4, 11, 0, 12], [7, 10, 0], [11, 0, 9], [17, 10], [10, 8], [1, 15, 11, 13], [0], [2, 12, 7], [6, 8, 30], [21, 19, 7, 14], [18, 1, 10, 30, 35, 3, 7, 15, 2]]
[]
[[16, 7, 4, 19], [12, 0, 20, 18], [11, 1, 13], [7, 15, 5, 19], [17, 8, 10, 14, 4], [14, 24], [1], [13, 0, 17, 7, 19, 3]]
[]
[[11, 3, 7, 2], [27, 22, 18, 25, 1, 0], [3, 22, 7, 10, 25, 5, 28, 21], [17, 34, 24, 26, 10], [0, 4, 19, 23, 5, 14], [9, 13, 1]]
[]
[[2], [10, 14, 17, 19], [5, 20, 1, 6, 18, 8], [7, 13, 0, 2, 21], [14, 0], [30, 6, 22, 32, 23, 19, 1, 7, 0, 9, 10], [15, 11, 12, 4, 0], [], [14, 4, 11, 3], [1, 5, 3], [17], [15, 19, 5, 7, 11]]
[]
[[24, 26, 17, 5, 18], [12], [30, 11, 13, 10, 16, 19, 5, 22], [], [0, 2], [11], [56, 5, 29, 38, 54, 69, 7, 21, 66]]
[]
[[17, 11, 8, 2, 12], [12, 1, 17, 16, 21], [3, 14, 2], [13, 14, 10, 19, 24], [5, 21, 22, 1], [9, 14, 22, 4, 12, 7, 6, 15], [11, 17, 1, 4], [0, 2, 16], [17, 1, 23, 13]]
[]
[[6, 1, 0, 4, 2], [10, 19, 4], [12, 10, 1], [0, 4, 15, 19, 16, 2], [10, 20], [16, 5, 21, 28, 26]]
[]
[[10, 4, 1], [0, 8], [10, 5, 14, 2, 11], [0, 10, 19, 5, 2], []]
[]
[[9], [7, 23, 32, 10, 15, 19, 24], [4, 7, 10, 8], [], [9, 2, 0, 7], [8, 12]]
[]
[[3, 8, 14, 16, 2, 7, 4], [6, 10, 3], [5, 7, 13, 28, 11, 29, 4, 8, 30], [30, 6, 27, 22, 9, 21, 25, 34, 10], [10, 2, 12, 0], [18, 15, 3, 11, 14, 13], [8, 20, 15], [21, 23, 22, 18, 10], [16, 13, 1, 6, 0], [1, 16], [3, 15, 19]]
[]
[[], [8, 5, 1, 0], [15, 8, 0, 3], [25, 9, 11, 1, 8, 4, 17], [], [14, 18, 5, 21, 19], [25, 37, 5, 15], [1]]
[]
[[3, 2, 6], [1, 2], [24, 20, 0, 18, 2, 9, 26, 7], [9, 0, 2, 18], [24, 12, 10, 16, 7, 0, 4], [13, 19, 17, 1], [7, 23, 13, 2, 20, 27, 41, 18, 42, 16], [10, 7], [], [18, 11], [13, 23, 25, 0], [8, 21, 19, 17], [12, 14, 25, 8, 9, 16], [1, 6]]
[]
[[4, 6, 3, 1, 12], [1, 6, 4, 7, 17], [15, 0, 4], [5, 0, 11], [0, 10, 31], [6, 14, 20, 3, 10, 1], [0, 17, 3]]
[]
[[9, 11], [13, 1, 4, 0], [4], [15, 2, 21, 5, 16, 28, 26], [12, 7, 6], [13, 17, 14], [21, 7], [14, 2, 10], [1, 25, 21]]
[]
[[4, 11, 12], [0, 15, 4, 7, 9, 18, 22, 5, 10], [2, 11, 13, 10, 5, 7, 18, 22], [9, 14, 6], [5, 6, 10, 1], [24, 36, 15, 8, 38]]
[]
[[18, 11, 20], [17, 6, 14, 10, 1, 4], [8, 11, 19], [13, 21], [18, 0, 2, 9, 15, 19, 5], [6, 8, 11, 1, 19, 15], [4, 15, 9, 6], [33, 12, 37, 46, 50], [17, 2, 25, 0, 11, 3, 18], [], [7]]
[]
[[13, 7, 10], [5, 20], [11], [2, 31, 8, 26, 33, 4], [20, 3, 0, 23], [4], [18, 16], [11, 14, 9], [23, 8, 10, 13, 4, 11, 6, 0, 12], [], [4, 0, 18, 15], [10, 1, 18]]
[]
[[7, 8, 4, 0], [5, 16], [], [4, 10, 24], [8, 16], [2, 9, 0, 5], [6, 7], [2, 10], [11, 15, 3, 0, 16], [18, 14, 5, 0, 7], [7, 15]]
[]
[[1, 11, 3, 16, 14], [7, 0], [5], [6, 3], [4, 10, 1, 8, 21, 0], [0, 12], [1, 3, 0], [15, 36, 9, 25, 37], [12, 16, 0]]
[]
[[], [14, 24, 40, 30, 3, 15, 28], [8], [12], [3, 8, 16, 7], [5, 15, 1], [10], [0, 4, 22, 5, 19, 23, 2], [1, 3]]
[]
[[5, 4, 16, 2], [8, 5, 13], [10, 8], [18, 6, 9, 13], [], [7, 0, 2], [8, 25]]
[]
[[9, 15, 6, 1, 5, 16], [26, 10, 8, 19, 6, 12, 18], [23, 0, 4, 11, 20, 5, 24], [14, 5, 24, 6, 25, 1, 21, 20], [4, 9, 0, 14, 23, 2, 22], [15, 8], [17, 1, 13], [37, 0, 2, 3, 13, 12, 5]]
[]
[[7, 11, 15, 8, 4, 3], [4, 13, 16, 24, 7], [11, 20], [14, 15, 9, 18], [6, 9, 15, 0], [9, 18, 11, 19], [14, 8, 11, 21, 3, 15], [0, 14, 11, 18], [5, 0, 2, 18, 9], [20, 2, 8, 12, 22]]
[]
[[14, 7, 1, 11, 6, 10, 13], [24, 11, 22, 0, 4, 14, 3], [6, 9, 11, 2, 12, 1, 7], [5, 15], [7, 34, 14, 17, 21, 12, 15, 27, 11, 9, 33], [5, 13, 17, 1], [7, 13, 14, 1, 12, 0], [0, 15, 2], [1]]
[]
[[18, 1], [8, 10, 12, 9, 14], [28], [23, 5, 38, 9], [13, 17]]
[]
[[29, 12, 16, 21, 32, 33, 37], [6, 11, 0, 3, 13, 19, 2, 7, 12, 27], [7, 9, 0, 3, 13], [12, 15, 18, 7], [2, 16, 9, 3, 17], [18, 8, 1, 0, 19], []]
[]
[[13, 15, 1, 21, 4, 3, 38, 39], [9], [6, 12, 11], [1, 5, 8, 12, 3], [2, 17, 18], [17, 10, 6]]
[]
[[1, 6, 7], [8, 0, 4, 3, 5], [4, 2, 1], [11, 16, 20, 0, 2], [0, 3], [2, 1, 0], [15, 4, 12, 18, 8, 1], [11, 0, 4, 15, 3, 7], [10, 19, 7, 12, 26, 33, 38], [15, 18, 4, 3, 9], [5, 2, 0], [10, 2, 6, 16, 0, 7, 14], [0, 15, 16, 21, 28, 3], [12, 22, 16], [14, 11, 5, 20]]
[]
[[8, 1, 6], [5, 8, 3], [13], [17, 23, 9, 5, 10, 13], [14, 21, 8], [4, 1, 10]]
[]
[[9, 15, 11, 6, 4], [8, 12], [11, 18, 2, 12, 6, 1], [15, 5, 2, 9, 0, 19], [24, 0, 7, 5], [1, 6, 21], [15]]
[]
[[20, 14], [12, 32, 36, 5, 39, 14, 2], [8, 24, 11, 22], [5], [13, 3, 15, 10, 11], [10, 5], [19, 25, 2, 23, 11, 16], [4, 0, 13], [10, 7, 11, 1]]
[]
[[], [14], [10, 1], [15, 17], [12, 1], [], [16, 0, 10, 4], [19]]
[]
[[1, 8, 6, 2], [0, 21, 9], [4, 11, 19], [6, 13, 1, 9], [], [18, 3, 0], [10], [19, 8, 11, 20, 6, 23], [20, 13, 19, 25, 30], [8, 6, 13, 1], [11, 12, 8]]
[]
[[1, 25], [9, 0], [12, 19, 15, 13, 20, 16], [9, 13, 14], [15, 19, 2, 3, 5], [1, 9, 11, 12], [12, 5, 7], [18, 6, 10], [5, 10, 0, 2]]
[]
[[7], [16, 13, 20, 21, 0], [3, 14, 23, 0, 4, 15], [13, 17], [11, 5, 60, 88, 17, 2, 8, 33, 45, 70], [6, 12, 32, 0, 3, 5, 18, 8, 15, 10, 19, 23], [], [6]]
[]
[[4, 13, 2], [24, 27, 0, 21], [11, 22], [4, 7, 15, 16], [14, 20, 2, 10], [7, 14, 22, 5, 11], [18, 2, 19], [13, 17, 25, 26], [18, 5, 19], [21, 13, 25, 19], [13]]
[]
[[20, 1, 8, 13, 10, 4, 2], [8, 11, 3, 16, 4], [5, 17, 2, 15, 18, 13], [11, 19, 5], [0, 2, 6], [1, 9]]
[]
[[17, 28, 4, 24, 32, 11], [], [19, 16, 0, 14], [3, 6, 0, 10], [0, 21, 25, 3, 20, 8, 22], [14, 8, 18, 11], [25, 32, 41, 37, 44], [12]]
[]
[[4, 2, 8, 12, 1, 7, 25], [7, 27, 5, 11, 0, 6, 2], [1, 6, 13, 7, 17], [2, 10, 13, 12, 14], [8, 14, 2, 13, 4], [8, 1, 12, 10, 2], [7, 3, 4, 9], [0, 11, 14], [1, 2, 5], [11, 7, 19, 5, 1, 0], [8], [24, 7]]
[]
[[12, 8, 9], [16, 3, 5, 11, 0], [17], [4, 10, 26, 13, 29], [6, 13, 12, 9, 10, 14, 3], [3, 4, 7], [5], [27, 0, 3, 9, 15, 4, 10], [9, 16, 11, 3], [57, 51, 23, 71, 1, 49, 27]]
[]
[[4], [2, 6, 8, 7, 11], [13, 19, 26], [8, 4], [10, 0, 14, 3, 27], [19, 6, 8, 25, 13, 29], [22, 41, 4, 16, 8, 17, 25, 39], [27, 32, 12, 18, 22, 25], [12, 26, 6, 14], [12, 6, 8, 4], [12, 16, 21, 7], [11, 1]]
[]
[[7, 16], [13], [13], [26, 0, 4, 18], [1], [9, 0], [], [8], [9, 2, 4, 10], [8, 5, 9, 1], [2, 0, 18], [8, 15, 21], [13, 0, 2, 20]]
[]
[[24, 25, 29], [6, 10, 12, 15], [11, 5], [0, 4], [1]]
[]
[[10, 7], [8], [9, 13, 26, 15, 7, 12], [2, 12, 7, 9], [19, 8, 16, 13, 12, 1, 2], [9, 4, 2, 6], [5, 11, 20, 8, 18, 0, 1], [12, 25, 0, 2, 20, 44, 7, 35], [13, 22], [18, 0, 2, 7, 11], [7, 0, 12, 22]]
[]
[[], [20, 16, 13, 24, 8, 6], [6, 18, 12, 25, 29, 15], [7, 10, 16, 23, 33], [14, 0, 12], [], [9, 7, 27, 30, 26], []]
[]
[[7, 9, 6, 15], [22, 15, 5], [11, 17, 7, 20, 0, 4], [6, 23, 4, 14], [9, 0, 2, 20, 11], [1], [10, 16, 0, 26, 31, 12, 32, 2]]
[]
[[15, 6, 11], [7, 10, 13, 16], [4, 7], [24, 7, 12, 1, 8], [8, 1], [4, 0, 14, 3], [11, 9, 14, 22, 5]]
[]
[[5, 7, 13], [3, 6, 0], [11, 9], [19, 12, 10, 17], [5, 13, 10, 1], [6, 17, 7, 18], [12, 1]]
[]
[[14, 12], [15, 0, 10], [1, 3, 16, 19, 6, 10, 17], [19, 8, 14, 17, 22, 1], [11, 6], [23, 21, 6, 0, 8, 15], [7, 20, 5, 12], [16, 17, 11]]
[]
[[15, 12, 1, 0], [2, 8, 0], [7], [11, 5], [], [18, 17, 7, 11], [14, 8, 29, 1]]
[]
[[4, 11], [11, 9, 8, 3, 0], [5, 0, 12], [17, 9, 20, 7, 18], [13, 3, 18, 22, 11, 27], [7], [12, 18]]
[]
[[13, 15, 11, 0, 9], [0], [9, 6, 1], [6, 9, 3, 11, 15], [5, 9, 3, 11, 6, 12], [5, 18, 8, 2, 14, 19], [6, 9, 11, 3, 12], [5, 6], [25, 10, 31, 1, 13]]
[]
[[8, 11, 14, 12], [], [18, 10, 7, 0, 8, 12, 2], [11, 6, 7, 18], [0, 13], [18]]
[]
[[3, 16, 20, 4, 9, 7, 1], [22, 1, 5, 18, 33, 23, 31], [0, 3, 21, 28, 1, 11, 14], [13, 0, 1], [8, 6], [20, 9, 4], [0, 4, 18], []]
[]
[[42, 10, 6, 12, 38, 39, 16, 7], [1, 2], [6, 2, 0, 9, 8], [2, 9, 12], [9, 7], [7, 20, 21, 10], [1, 3, 13], [10, 6, 18], [19, 1, 8, 20], [11, 15, 18, 20], [1], [25, 5, 13, 11, 14], [7, 0, 2, 15, 25, 4, 17, 22]]
[]
[[19, 5], [4, 5, 15, 8], [1, 3], [11, 2, 1], [0, 8, 20], [10, 6], [6, 31, 0, 17, 24], [0, 11, 18, 22, 13, 19]]
[]
[[24, 39, 13, 10, 1, 16, 19, 2, 25, 26, 31, 40], [5], [8, 21, 0, 24, 3, 9, 27], [6, 19, 3, 16, 5], [19, 38, 5, 26, 15, 29], [13, 0, 9, 4], [9, 16, 1, 7], [9, 0, 16, 27, 24]]
[]
[[2, 7, 21, 18, 17, 13], [25, 0, 24, 2, 11, 16], [2, 6, 0], [11, 21, 17, 9, 27, 12], [8, 5, 14, 1], [24, 17], [11, 14], [11, 12, 7], [23, 0, 17, 19, 3]]
[]
[[6, 0], [15, 14, 21, 18, 0], [17, 14], [3], [6, 1, 4], [4, 2], [10, 15, 5, 12, 18, 0, 3, 13, 16], [39, 10, 25, 35, 32, 36], [18, 8, 12], [10, 14, 0, 4, 8, 11, 18, 23, 3, 25]]
[]
[[14, 28, 3, 21, 2, 13], [1, 4, 0, 5, 11], [9, 20, 12, 11], [33, 3, 26, 0, 21, 17, 29], [7], [4, 0, 6], [8, 0, 3, 10, 5], [], [], [8, 17, 12, 0], [4, 18, 13, 0, 22]]
[]
[[21, 11], [2, 3, 6], [34, 21, 28, 26, 7], [7, 9, 0, 2], [12, 18, 27, 1, 31, 9], [], [8, 10, 17, 6, 12], [10, 9], [27, 0, 4, 30, 10, 18, 2]]
[]
[[16, 3, 9, 6], [18, 2, 4, 1, 10, 29], [4, 3], [3, 15], [11, 7, 19, 16, 6], [13, 16, 11], [16, 19, 2, 3, 5], [15], [28, 5, 8, 13, 11, 14], [10, 28, 0, 2, 6, 25, 36, 3, 14], [], [12, 23, 5, 16]]
[]
[[9], [12, 17, 25, 9, 7], [16, 19, 5], [], [], [23], [18]]
[]
[[14, 12], [4, 3, 18], [7, 12, 2], [11, 0, 21, 4, 25], [1, 27, 11, 12, 24, 35, 39, 23, 3], [27, 13, 24]]
[]
[[3, 1], [13, 0, 14], [2], [], [2, 1, 9], [2, 5, 3], [0], [], [2, 6, 3], [12, 2, 4, 17, 6, 9, 15], [11, 0, 6, 3, 16, 31, 26, 35, 4, 24], [22, 28, 25, 31, 10, 8], [17, 20, 1, 9, 24, 27], [12, 9, 0], [7, 11, 13, 21, 0], [1], [0, 1, 18, 15, 4], [27, 17, 14, 11], [0, 15, 7, 14]]
[]
[[15, 18, 10, 13, 5], [11, 3], [29, 0, 13], [13], [], [9, 19, 18, 12], [0, 11, 17]]
[]
[[0, 2, 6], [18, 1, 5, 3, 6, 19], [8, 1, 5], [13, 0, 2, 27, 14, 28], [0], [13, 0, 6, 9], [], [12, 5, 17, 16], [], [0, 2]]
[]
[[4, 0], [14, 9, 23, 35, 7, 11, 15, 29], [28, 22, 24, 0, 15], [1, 11, 18, 2], [5, 7, 16, 13, 12], [18, 22, 5, 13, 17, 0], [3], [10, 1, 12], [15, 10, 12, 8], [1], [2, 5], [6, 2, 16], [12, 7, 24, 5, 19, 15], [23, 28, 5, 22]]
[]
[[], [20, 25, 5, 23, 14], [11, 14, 1], [12, 18, 16, 23, 13, 21, 24], [8, 9, 30, 28], [10, 37, 4, 30], [2, 13, 4, 12], [7], [24, 11, 34, 0, 1, 6, 14, 44, 25, 13]]
[]
[[5, 12, 10], [24, 8, 11, 2, 14, 1, 10, 0], [3, 7, 12], [4, 7], [5, 10], [4, 8], [8, 4, 1, 2], [10, 24, 4, 12, 22, 2, 6, 14, 13], [35, 4, 17, 23, 26, 37, 12, 21], [0, 4, 25, 29, 5, 12, 20, 26, 2]]
[]
[[4, 0], [10], [10, 5, 15, 19, 13, 11], [9, 12, 17, 32, 18, 30, 33, 35], [15, 5], [31, 0, 3, 37, 12, 22, 39, 8, 33], [22, 30, 4, 25, 8], [16, 6, 25, 12, 22, 33, 37, 14], [8, 14], [8, 2, 20, 4], [0, 20, 2]]
[]
[[7, 22], [20, 9, 13, 25, 28, 38, 17], [6, 4, 7], [8, 12, 5], [], [12, 1, 18]]
[]
