-0.9077269434928894
-0.7548933625221252
-0.8688918352127075
-1.1435155868530273
-0.7995217442512512
-0.5457519292831421
-0.9370297193527222
-0.6850401163101196
-0.7336754202842712
-0.7448073029518127
-0.8250756859779358
-0.6627846956253052
-0.8843474388122559
-0.6738593578338623
-0.941168487071991
-0.6132518649101257
-0.8539795875549316
-0.6631563901901245
-0.8412871360778809
-0.7367725968360901
-0.7748661637306213
-0.7610759139060974
-0.8669305443763733
-0.5940734148025513
-0.8699783682823181
-0.697005033493042
-1.0288801193237305
-0.6413161158561707
-0.7900175452232361
-0.8767606616020203
-0.9008458852767944
-0.6467606425285339
-0.9765086770057678
-0.6492644548416138
-0.7511292695999146
-0.7601847052574158
-0.863493800163269
-0.7061906456947327
-0.955100953578949
-0.6768938302993774
-0.912750244140625
-0.6748014092445374
-0.8499032258987427
-0.6997080445289612
-0.8330895304679871
-0.5759281516075134
-0.8393805027008057
-0.5773974657058716
-0.951502799987793
-0.5732549428939819
-1.193447232246399
-0.6417208909988403
-0.9309818148612976
-0.8208064436912537
-0.8590384721755981
-0.5829885005950928
-0.8253421783447266
-0.9483884572982788
-1.3126192092895508
-0.6413042545318604
-0.8514156937599182
-0.7344145774841309
-0.9699800610542297
-0.732947826385498
-1.0194162130355835
-0.5650553703308105
-0.9263119101524353
-0.6356731653213501
-0.8809806108474731
-0.6206302642822266
-0.8775277137756348
-0.685985267162323
-0.8930783867835999
-0.7006034255027771
-0.7139904499053955
-0.6240655779838562
-0.9020141363143921
-0.630434513092041
-0.8792163729667664
-0.6515083312988281
-0.881797730922699
-0.5794476866722107
-1.3536137342453003
-0.5888031125068665
-0.8481014370918274
-0.6008335947990417
-1.0094767808914185
-0.6642929911613464
-0.8894441723823547
-0.6479793190956116
-0.9574058651924133
-0.625994086265564
-0.7999982833862305
-0.7630078196525574
-0.8778045177459717
-0.7622625827789307
-0.8507033586502075
-0.6727006435394287
-0.9426258206367493
-0.5320202112197876
-0.7876543998718262
-0.6561160683631897
-0.8474863767623901
-0.6539542078971863
-0.7886670231819153
-0.5910327434539795
-0.9028441905975342
-0.7062548398971558
-0.8671806454658508
-0.5902986526489258
-0.9291346073150635
-0.5806504487991333
-0.7831259965896606
-0.5823524594306946
-0.9289203882217407
-0.6155700087547302
-0.8674189448356628
-0.6366099119186401
-0.8176385760307312
-0.6004379391670227
-0.9609078764915466
-0.644722044467926
-0.7724971771240234
-0.6120659708976746
-0.9063405394554138
-0.7048863768577576
-0.7002041935920715
-0.7298234701156616
-0.9116804003715515
-0.5892777442932129
-0.7643969655036926
-0.6007785797119141
-0.8511225581169128
-0.5023093223571777
-0.9057518243789673
-0.6893264055252075
-0.865199089050293
-0.7369341254234314
-0.7214776873588562
-0.6194890141487122
-0.8045967221260071
-0.6761084794998169
-0.8085303902626038
-0.6016988754272461
-0.7546973824501038
-0.5946524143218994
-0.870383620262146
-0.8761534094810486
-0.9563803672790527
-0.6661884784698486
-0.7603204250335693
-0.6350294947624207
-0.9290226101875305
-0.6950543522834778
-0.7813737988471985
-0.5725975632667542
-0.7100501656532288
-0.7360293865203857
-0.9057525992393494
-0.48990103602409363
-0.908227264881134
-0.6599010825157166
-0.9533059597015381
-0.6099704504013062
-0.9292829632759094
-0.5826079845428467
-0.9188756346702576
-1.296499490737915
-0.9247949123382568
-0.6201484799385071
-0.8370703458786011
-0.7420030832290649
-1.0779262781143188
-0.6811788082122803
-0.7337367534637451
-0.6765274405479431
-0.7614902853965759
-0.435295045375824
-0.6738262176513672
-0.6924521327018738
-0.7787884473800659
-0.6366603374481201
-0.9211236834526062
-0.5920819640159607
-1.1126494407653809
-0.5928593873977661
-0.6995952129364014
-0.6788350343704224
-0.8161951899528503
-0.5505897998809814
-0.8818947076797485
-0.7045758366584778
-0.7922109961509705
-0.49335211515426636
-0.8176413774490356
-0.6779263019561768
-0.9364582896232605
-0.6451156139373779
-0.8180996179580688
-0.6547105312347412
