20.377920150756836
6.9515275955200195
19.318153381347656
5.4591851234436035
32.360382080078125
4.81812047958374
25.491836547851562
6.759420871734619
32.28476333618164
6.458826541900635
20.131139755249023
6.387524604797363
19.186994552612305
7.3264665603637695
20.784679412841797
6.4328837394714355
30.612638473510742
6.116136074066162
17.084957122802734
7.682882308959961
18.968116760253906
7.522407054901123
28.19876480102539
4.699374198913574
34.50151443481445
6.010146617889404
19.308916091918945
9.202103614807129
19.76847267150879
6.140565872192383
23.116371154785156
6.480759143829346
26.40269660949707
6.666487216949463
16.323627471923828
7.613955497741699
21.7674503326416
8.657097816467285
40.53415298461914
10.820828437805176
46.31808090209961
6.710508346557617
25.400718688964844
7.640893459320068
21.57440757751465
7.2071661949157715
22.581499099731445
4.3331217765808105
29.591938018798828
5.06621789932251
58.3901252746582
6.599065780639648
24.49742889404297
10.106029510498047
22.9019775390625
5.499828338623047
20.8631534576416
9.390883445739746
21.45911407470703
6.1435723304748535
34.24789810180664
8.595388412475586
21.799264907836914
8.803458213806152
31.422374725341797
6.317226886749268
28.615468978881836
6.59735107421875
39.49204635620117
6.543630599975586
37.31953430175781
12.08821964263916
15.909615516662598
5.771483898162842
24.602298736572266
6.151355743408203
22.00023651123047
6.75784969329834
28.59136199951172
6.27358865737915
36.27225875854492
6.663090229034424
19.78205680847168
8.007793426513672
36.14631271362305
5.93245792388916
27.0473690032959
6.390815734863281
20.791614532470703
7.032018184661865
25.496681213378906
5.224156856536865
31.46245765686035
8.441744804382324
15.92513656616211
9.482934951782227
18.55434226989746
5.4004716873168945
25.331327438354492
5.324977397918701
26.972862243652344
6.6702985763549805
36.7387580871582
6.706145763397217
23.449169158935547
5.092432498931885
30.60394859313965
7.4142913818359375
29.424104690551758
4.782315731048584
33.2405891418457
7.32838249206543
30.523630142211914
6.24513053894043
24.12645149230957
6.662034034729004
22.9901123046875
5.835753440856934
18.212125778198242
5.998116493225098
32.5426025390625
5.190891742706299
13.86159896850586
6.1558661460876465
28.05782699584961
5.485677719116211
12.481986045837402
6.625945091247559
43.09843063354492
6.456127643585205
21.313236236572266
5.605930328369141
29.303396224975586
4.772308349609375
23.237823486328125
7.050851345062256
25.319578170776367
7.76015567779541
20.15472412109375
5.781869888305664
31.598066329956055
8.048691749572754
20.42535972595215
5.4192891120910645
23.84593963623047
5.355076789855957
21.17167091369629
9.260456085205078
16.83205795288086
6.156375408172607
24.00259780883789
6.702850341796875
25.651939392089844
5.509575843811035
26.71750831604004
5.2776336669921875
20.64321517944336
6.430328845977783
19.19812774658203
4.63692045211792
20.807313919067383
11.212827682495117
26.48563575744629
5.271237850189209
26.211273193359375
5.211822509765625
23.922460556030273
8.431914329528809
30.325775146484375
5.359319686889648
31.42194938659668
6.878961086273193
41.250526428222656
6.470848560333252
23.64812469482422
7.968532085418701
19.56035041809082
6.1070427894592285
14.897453308105469
5.930423259735107
16.91835594177246
6.600953578948975
21.393573760986328
5.687085151672363
37.09812545776367
5.569952011108398
23.07809829711914
6.348747730255127
17.566429138183594
5.511985778808594
23.453231811523438
7.313863277435303
22.32267951965332
7.3295207023620605
18.326953887939453
7.997654438018799
25.042959213256836
7.6530375480651855
22.036680221557617
5.708860874176025
