0.9933520033955574
1
0.9407870978116989
1
0.9931859448552132
1
0.9882752696673075
1
0.9943864742914835
1
0.993400106827418
1
0.9942792728543282
1
0.954507953590817
1
0.8880004783471426
1
0.9945847575481122
1
0.9943503439426422
1
0.898866618052125
1
0.9928875923156738
1
0.9259612939574502
1
0.9855784475803375
1
0.9936694577336311
1
0.9344677882535117
1
0.9878016764467413
1
0.958560065428416
1
0.7875358387827873
1
0.9944085308483669
1
0.9939400777220726
1
0.9919412298636003
1
0.978269990001406
1
0.9944070726633072
1
0.9431751370429993
1
0.9936563471953074
1
0.9940969347953796
1
0.990486136504582
1
0.8822892485186458
1
0.9940138657887777
1
0.9326255222161611
1
0.9935442549841744
1
0.8949049794011645
1
0.9898967742919922
1
0.8458823382854461
1
0.9941823979218801
1
0.9928920106454329
1
0.990908570587635
1
0.9939108959266117
1
0.8768270037003926
1
0.9929607576794095
1
0.9936508436997732
1
0.9869718822565946
1
0.9783554524183273
1
0.9943913709033619
1
0.9654258754518297
1
0.9889980687035455
1
0.992524436541966
1
0.8965619932860136
1
0.9928180992603302
1
0.9021118051475949
1
0.9943960189819336
1
0.9933063898767743
1
0.9933965504169464
1
0.8904531419277191
1
0.9945054451624552
1
0.9916560649871826
1
0.96561817990409
1
0.9912795796990395
1
0.9941170107234608
1
0.9939937194188436
1
0.98956348747015
1
0.9931126724589955
1
0.9926541646321615
1
0.9916799813508987
1
0.99197818338871
1
0.9860834240913391
1
0.9225256703794003
1
0.9931371945601243
1
0.9940325021743774
1
0.9879705526612022
1
0.9943428561091423
1
0.9941851581845965
1
0.916752542768206
1
0.9940712877682277
1
0.9933384209871292
1
0.9942879506519863
1
0.8831098633153098
1
0.9917073183589511
1
0.9930357933044434
1
0.99453055113554
1
0.9931528018071101
1
0.9736961424350739
1
0.8707632003352046
1
0.8952471945020888
1
0.9856115818023682
1
0.9942303137345747
1
0.9742888145976596
1
0.9941718478997549
1
0.9921323657035828
1
0.8682998195290565
1
0.9118180416132274
1
0.9938363177435738
1
0.9754342555999755
1
0.929876448320491
1
0.9939021865526835
1
0.9942356765270233
1
0.9523734233596108
1
0.9937162200609843
1
