0.9694021940231323
0.9999995827674866
0.971051037311554
0.9999998211860657
0.9551569223403931
1.0000001192092896
0.903834879398346
0.9999999403953552
0.942517101764679
1.000000238418579
0.9767663478851318
0.9999999403953552
0.9837248921394348
1.0000005960464478
0.9288934469223022
0.9999998211860657
0.8981546759605408
0.9999998211860657
0.9232985377311707
1.0000003576278687
0.897345244884491
1.0000001192092896
0.9803187251091003
1.0000003576278687
0.9803755283355713
1.0000001192092896
0.9409445524215698
1.000000238418579
0.9854000210762024
1.0000007152557373
0.9429288506507874
0.9999998211860657
0.9295623898506165
0.9999998807907104
0.9765948057174683
1.0000003576278687
0.982466995716095
1.000000238418579
0.9177518486976624
1.0000003576278687
0.8814274668693542
1.0000003576278687
0.9408091306686401
0.9999998211860657
0.9787061214447021
0.9999999403953552
0.9791375398635864
0.9999997615814209
0.9809966683387756
1.0
0.9534828662872314
1.000000238418579
0.847255527973175
1.0
0.9495387077331543
1.0000001192092896
0.9785130023956299
0.9999997615814209
0.9658182263374329
1.0000003576278687
0.9375905990600586
1.0000001192092896
0.8030605912208557
1.0000001192092896
0.9836479425430298
1.0000003576278687
0.9694719910621643
0.9999998807907104
0.978482723236084
0.9999997019767761
0.8612257838249207
0.9999996423721313
0.9117338061332703
0.9999995231628418
0.9794839024543762
1.000000238418579
0.9275522828102112
1.0000003576278687
0.9670210480690002
1.000000238418579
0.9633671641349792
1.000000238418579
0.9122900366783142
1.0
0.9780272841453552
1.000000238418579
0.9473917484283447
1.0000001192092896
0.9587604403495789
1.0000008344650269
0.9774420261383057
1.0000001192092896
0.9904192090034485
0.9999997615814209
0.973366379737854
1.0000001192092896
0.9589167237281799
1.0000001192092896
0.9651222229003906
1.0000001192092896
0.9733225107192993
1.0000003576278687
0.9534604549407959
0.9999997019767761
0.9715691208839417
1.0
0.9789003729820251
0.9999997615814209
0.8490005731582642
0.9999995231628418
0.9420667290687561
1.0
0.980817973613739
0.9999999403953552
0.9890835881233215
0.9999997019767761
0.9440740942955017
0.9999997615814209
0.9236055612564087
1.0000001192092896
0.9136348962783813
1.000000238418579
0.9731618762016296
0.9999999403953552
0.948334813117981
1.000000238418579
0.9750676155090332
1.0000005960464478
0.9806180596351624
1.0000004768371582
0.9542277455329895
1.0000001192092896
0.9790083169937134
1.0000003576278687
0.9710205793380737
0.9999997615814209
0.9761962890625
0.9999997615814209
0.9630750417709351
0.9999998807907104
0.9581302404403687
0.9999997615814209
0.9680461287498474
1.000000238418579
0.9421650767326355
1.0
0.9445047974586487
1.000000238418579
0.9750344753265381
1.0000001192092896
0.9633494019508362
1.0000001192092896
0.9824070930480957
1.000000238418579
0.963134229183197
1.0000004768371582
0.935251772403717
1.0000001192092896
0.9735228419303894
1.0000003576278687
0.9260410666465759
1.0
0.8982640504837036
1.0000003576278687
0.9697911739349365
1.0000001192092896
0.9157971143722534
1.0000001192092896
0.9660940170288086
0.9999996423721313
0.9566103219985962
0.9999998211860657
0.9748644232749939
0.9999999403953552
0.9626821279525757
1.000000238418579
0.8693281412124634
1.0000001192092896
0.9830256104469299
1.0
0.9395701885223389
1.0000001192092896
0.9627663493156433
0.9999998807907104
0.9774266481399536
1.0000001192092896
0.9696616530418396
1.0000005960464478
0.919017493724823
1.0
0.9874195456504822
0.9999998807907104
0.9836022257804871
1.0000003576278687
0.9770659804344177
1.0000003576278687
0.9834324717521667
0.9999997615814209
0.8433545827865601
0.9999998211860657
