0.9939325377345085
1
0.9338292121887207
1
0.9934340640902519
1
0.9734751582145691
1
0.9944278101126353
1
0.9941945374011993
1
0.9943579137325287
1
0.9541273646884494
1
0.888310710589091
1
0.9585883342302762
1
0.9942122623324394
1
0.8729168167337775
1
0.9929946780204773
1
0.9161545932292938
1
0.9926669051249822
1
0.9939743205904961
1
0.9369396269321442
1
0.9881557930599559
1
0.9457876026630402
1
0.7843505218625069
1
0.99451573405947
1
0.9940884560346603
1
0.9909326975995844
1
0.976064784186227
1
0.9944187924265862
1
0.9475388467311859
1
0.9938778976599375
1
0.9941347752298627
1
0.9892759323120117
1
0.8763128644786775
1
0.9922988911469778
1
0.918512374162674
1
0.993841963154929
1
0.893274730278386
1
0.9927997986475626
1
0.8154516518115997
1
0.9939095973968506
1
0.9940181808038191
1
0.9943269565701485
1
0.9928509891033173
1
0.874352406178202
1
0.9940746360354953
1
0.9935654203097025
1
0.9665400223298506
1
0.9435288657744726
1
0.9944818886843595
1
0.9556528727213541
1
0.9790224432945251
1
0.988537039075579
1
0.8937486056238413
1
0.992781525850296
1
0.9025230043464236
1
0.9943751454353332
1
0.9929979188101632
1
0.9935675660769144
1
0.9348213384548824
1
0.9944021006425222
1
0.9938114540917533
1
0.9223277866840363
1
0.9912372380495071
1
0.9940515648234974
1
0.9941595792770386
1
0.9898962453007698
1
0.9932953877882524
1
0.9902284642060598
1
0.9943646043539047
1
0.9930507242679596
1
0.9935995995998382
1
0.9936531732479731
1
0.9932627173570486
1
0.993739664554596
1
0.9801577817309987
1
0.994410790503025
1
0.9942686217171806
1
0.8743168179477964
1
0.9943011062485831
1
0.936760351061821
1
0.9943110602242606
1
0.8545714425189155
1
0.9933725463019477
1
0.99363445242246
1
0.9945475608110428
1
0.9936067874615009
1
0.9749562591314316
1
0.8679804289713502
1
0.8934368135200607
1
0.9923152983188629
1
0.9944931702180342
1
0.9749840365515815
1
0.9936926563580831
1
0.9927925552640643
1
0.8535379394888878
1
0.9883872082358912
1
0.9938570175852094
1
0.975455904006958
1
0.9273636804095337
1
0.9938932259877523
1
0.9941042602062226
1
0.8972050737250935
1
0.9937482178211212
1
