0.9175176762768599
1
0.9221904856263093
1
0.874239685067011
1
0.8686822091954044
1
0.8818692574845035
1
0.9090014295887862
1
0.8747930288573011
1
0.8884267077845887
1
0.8900838963703396
1
0.9216104043371747
1
0.8823545117640148
1
0.8551031311613925
1
0.9028140054720637
1
0.8799548601843099
1
0.9035955040350512
1
0.8906154575886939
1
0.9146353940579642
1
0.8791994459833795
1
0.8740990544204192
1
0.9085391773886496
1
0.8697096662504036
1
0.8744902281268604
1
0.8606960583738547
1
0.870501130294165
1
0.8839388268709902
1
0.9007911822807564
1
0.8466605510926398
1
0.9114075294117647
1
0.863505688293785
1
0.9189358667401932
1
0.8461275325328428
1
0.8794896207720672
1
0.9074213869221158
1
0.8526312375881377
1
0.8949327134144025
1
0.9350861554894635
1
0.9292918925382654
1
0.8759790520456501
1
0.8744401801873027
1
0.877009692483196
1
0.8864391731924969
1
0.9077838252985785
1
0.8665702764043123
1
0.9043624367536935
1
0.9132419015479856
1
0.9090611819810306
1
0.900802767589963
1
0.9069360270159873
1
0.9378314706821284
1
0.8447169811320754
1
0.8898291023726563
1
0.8452452287886983
1
0.9532885005619636
1
0.8628484127842034
1
0.8814173151274899
1
0.8642549753596349
1
0.8789225052160782
1
0.8659433060625021
1
0.8948713895692575
1
0.9366880968942316
1
0.9235055605736125
1
0.8957117641057035
1
0.9144642232412904
1
0.8812320837039928
1
0.8221222769599699
1
0.9046728971962618
1
0.8303010612952134
1
0.8804940137693259
1
0.9157008647845071
1
0.895601532193456
1
0.9455744635124445
1
0.8772596961695414
1
0.9359480181936322
1
0.8779206247677371
1
0.9046685363247864
1
0.8941050976619478
1
0.8819846215609343
1
0.9104532163742692
1
0.9006090469486441
1
0.8834529239527924
1
0.9199210101398649
1
0.896818181818182
1
0.8761035873762753
1
0.8927777372822894
1
0.8961196369669273
1
0.9118389447543052
1
0.8687203622650438
1
0.8945439124003087
1
0.915860256282655
1
0.8442806946005715
1
0.9491730130912674
1
0.8682245606282396
1
0.8478820375127193
1
0.9471284542613843
1
0.8704246864186851
1
0.8714723197507153
1
0.9260782721497008
1
0.8768050842033002
1
0.887449731096527
1
0.9126179461709474
1
