0.9717073440551758
1.000000238418579
0.9772619009017944
1.000000238418579
0.9442230463027954
1.0
0.937496542930603
1.0000003576278687
0.9697142839431763
1.0000001192092896
0.9589545726776123
1.0
0.9654604196548462
1.0000003576278687
0.9635089635848999
1.0000003576278687
0.8717023134231567
1.0
0.9302363395690918
1.000000238418579
0.8172836303710938
0.9999999403953552
0.9817134141921997
0.9999998807907104
0.965690016746521
1.0
0.9732627868652344
0.9999998807907104
0.9837956428527832
0.9999999403953552
0.8852527737617493
1.0000001192092896
0.9352436661720276
1.0
0.9775371551513672
1.0
0.9930109977722168
0.9999998807907104
0.8884463310241699
1.000000238418579
0.8372578620910645
1.0000003576278687
0.9579372406005859
1.0
0.9922120571136475
1.000000238418579
0.9756793975830078
0.9999997019767761
0.9701507687568665
0.9999998807907104
0.9448831081390381
1.0000001192092896
0.8263423442840576
1.0000003576278687
0.9852849245071411
1.0000001192092896
0.9769669771194458
1.0000003576278687
0.9693564176559448
0.9999998211860657
0.9349973797798157
1.000000238418579
0.8332896828651428
1.000000238418579
0.9546188712120056
1.0000001192092896
0.9636367559432983
1.000000238418579
0.9884895086288452
1.0000001192092896
0.8639065027236938
0.9999995231628418
0.9004614353179932
1.000000238418579
0.976473331451416
1.000000238418579
0.9429334402084351
1.0000004768371582
0.9335746765136719
0.9999998807907104
0.9613221883773804
1.0000001192092896
0.8948115110397339
0.9999998807907104
0.9596246480941772
1.000000238418579
0.9702053666114807
1.0000001192092896
0.9408091306686401
1.000000238418579
0.9853497743606567
1.0000004768371582
0.9923583269119263
0.9999997615814209
0.967483639717102
1.0
0.9408575296401978
1.0000001192092896
0.9807660579681396
0.9999998807907104
0.9686276912689209
1.0
0.941655158996582
0.9999997615814209
0.9742563962936401
1.0
0.9738168716430664
1.0000003576278687
0.914482831954956
1.0000001192092896
0.9479739665985107
0.9999998807907104
0.9826796054840088
1.0000004768371582
0.979748010635376
0.9999997615814209
0.9738585948944092
0.9999998211860657
0.934709906578064
1.000000238418579
0.8752639889717102
0.9999998807907104
0.9832264184951782
0.9999998807907104
0.92653888463974
1.0
0.9751551151275635
1.0000001192092896
0.9766777753829956
1.000000238418579
0.9585175514221191
0.9999998807907104
0.9820700883865356
0.9999998807907104
0.9678727388381958
1.0000001192092896
0.9564590454101562
1.0
0.9461214542388916
1.000000238418579
0.9721310138702393
0.9999997615814209
0.951858401298523
0.9999997019767761
0.9454012513160706
0.9999998807907104
0.9457651972770691
0.9999998807907104
0.9853731393814087
0.9999997019767761
0.9658905267715454
0.9999998807907104
0.9922990798950195
1.0
0.9738082885742188
1.0000004768371582
0.9404138922691345
0.9999998807907104
0.9838186502456665
0.9999998807907104
0.8347810506820679
1.000000238418579
0.8957914113998413
1.0
0.955017626285553
1.0
0.8835482597351074
1.0
0.9587359428405762
1.000000238418579
0.9494404792785645
1.000000238418579
0.9753472805023193
1.0
0.9675003290176392
1.0
0.8685758709907532
0.9999998807907104
0.9844244122505188
1.0
0.9571781754493713
1.000000238418579
0.9633723497390747
1.0
0.9761103391647339
1.000000238418579
0.9682543277740479
1.0
0.9168404936790466
0.9999998807907104
0.9871917963027954
1.000000238418579
0.9884039163589478
1.0000001192092896
0.9742661714553833
1.0000001192092896
0.9877491593360901
1.000000238418579
0.9029393196105957
0.9999998807907104
