0.8074425073929723
1
0.8254204519101825
1
0.7545003782013826
1
0.7151480310434032
1
0.8284365826748329
1
0.84078552814049
1
0.8219748056793678
1
0.7885180572807375
1
0.7692726912405866
1
0.7971568001514757
1
0.7838983050847457
1
0.7250893732804679
1
0.7831487235893405
1
0.72983800785467
1
0.8150241293098436
1
0.7959099119357498
1
0.8122796441602499
1
0.7958400177361198
1
0.7686329191540562
1
0.7820254734791812
1
0.6804733727810651
1
0.7540797918815406
1
0.7401054889166777
1
0.7721498641118958
1
0.7644788781163435
1
0.7448689053584535
1
0.7325373173440074
1
0.823717671139125
1
0.7322388059701493
1
0.7907941286854392
1
0.7362113030738386
1
0.8005727433202717
1
0.8301077784054798
1
0.7439086288416076
1
0.8063358163291876
1
0.8225229520965063
1
0.8420118343195266
1
0.7813177589704134
1
0.749035552357587
1
0.7564218735518041
1
0.7820319811028662
1
0.7923790534895914
1
0.7615193026151931
1
0.7666606974698132
1
0.8161270449472504
1
0.7858075529546448
1
0.8022066692714084
1
0.8357960414316481
1
0.8629551043831942
1
0.7439446636283713
1
0.7521301783669878
1
0.7290122872849201
1
0.8573588524600786
1
0.7576734067556281
1
0.7258168663556867
1
0.7355791515151515
1
0.7563025210084033
1
0.7748025445999398
1
0.7708354587412416
1
0.8555174538860207
1
0.7811082419362303
1
0.7905122605713821
1
0.7997693107473172
1
0.7860722280334727
1
0.6913017103216295
1
0.7668238000461521
1
0.7092938958967667
1
0.7492012733902585
1
0.831838258849467
1
0.779027674412563
1
0.8415371710181399
1
0.7890581022289118
1
0.8509240513098686
1
0.7803883527678906
1
0.777334858222135
1
0.8224680342908134
1
0.7450876814290224
1
0.8080863608905082
1
0.809439057101542
1
0.7646518387876413
1
0.8436010631493669
1
0.7755025132418117
1
0.7539486009705352
1
0.7883100740575342
1
0.7555879494655006
1
0.7823407784590108
1
0.7577650989486073
1
0.794084005781043
1
0.795423292329233
1
0.7781210806966155
1
0.8808372026059101
1
0.7620593825503357
1
0.7155992105314252
1
0.8143436339345617
1
0.8168411149904196
1
0.7726748930010102
1
0.7857434460828017
1
0.7532464582079791
1
0.7249758402922925
1
0.826587084386756
1
