-0.7002573013305664
-0.7548933625221252
-0.7751351594924927
-1.1435155868530273
-0.6741088628768921
-0.5457519292831421
-0.8151831030845642
-0.6850401163101196
-0.6908209323883057
-0.7448073029518127
-0.7207711935043335
-0.6627846956253052
-0.8016185164451599
-0.6738593578338623
-0.8795788884162903
-0.6132518649101257
-0.7387367486953735
-0.6631563901901245
-0.6952768564224243
-0.7367725968360901
-0.6809705495834351
-0.7610759139060974
-0.7653977274894714
-0.5940734148025513
-0.6924660801887512
-0.697005033493042
-0.8779484629631042
-0.6413161158561707
-0.6701593399047852
-0.8767606616020203
-0.7726802229881287
-0.6467606425285339
-0.8021420240402222
-0.6492644548416138
-0.6642626523971558
-0.7601847052574158
-0.763799250125885
-0.7061906456947327
-0.8128697872161865
-0.6768938302993774
-0.7435711622238159
-0.6748014092445374
-0.6678573489189148
-0.6997080445289612
-0.6743884086608887
-0.5759282112121582
-0.7351862192153931
-0.577397346496582
-0.795050859451294
-0.5732549428939819
-0.893500030040741
-0.6417208909988403
-0.8027045130729675
-0.8208064436912537
-0.7718837857246399
-0.5829885005950928
-0.6033211946487427
-0.9483884572982788
-1.2657431364059448
-0.6413042545318604
-0.7487845420837402
-0.7344145774841309
-0.8184489011764526
-0.732947826385498
-0.8394366502761841
-0.5650553703308105
-0.7794274091720581
-0.6356731653213501
-0.7862946391105652
-0.6206302642822266
-0.772428572177887
-0.685985267162323
-0.8405646085739136
-0.7006034255027771
-0.5994229912757874
-0.6240655779838562
-0.764120876789093
-0.630434513092041
-0.7629570364952087
-0.6515083312988281
-0.7814898490905762
-0.5794476866722107
-0.9601174592971802
-0.5888031125068665
-0.7823442220687866
-0.6008335947990417
-0.7555269002914429
-0.6642929911613464
-0.7813500165939331
-0.6479793190956116
-0.8344601988792419
-0.625994086265564
-0.7338802814483643
-0.7630078196525574
-0.8024961352348328
-0.7622625827789307
-0.7798566818237305
-0.6727006435394287
-0.786365270614624
-0.5320202112197876
-0.6936329007148743
-0.6561160683631897
-0.7595450282096863
-0.6539542078971863
-0.7385844588279724
-0.5910327434539795
-0.7035577893257141
-0.7062548398971558
-0.7819560766220093
-0.5902986526489258
-0.750989556312561
-0.5806504487991333
-0.752115786075592
-0.5823524594306946
-0.8191342949867249
-0.6155700087547302
-0.7283818125724792
-0.6366099119186401
-0.7306767702102661
-0.6004379391670227
-0.8189045190811157
-0.644722044467926
-0.6397884488105774
-0.6120659708976746
-0.7432531118392944
-0.7048863768577576
-0.6122888922691345
-0.7298234701156616
-0.797516942024231
-0.5892777442932129
-0.6327598690986633
-0.6007785797119141
-0.7370620369911194
-0.5023093223571777
-0.7569054365158081
-0.6893264055252075
-0.7349855899810791
-0.7369341254234314
-0.6660575866699219
-0.6194890141487122
-0.7745438814163208
-0.6761084794998169
-0.7459560632705688
-0.6016988754272461
-0.6750267744064331
-0.5946524143218994
-0.8269906640052795
-0.8761534094810486
-0.8383464217185974
-0.6661884784698486
-0.7053344249725342
-0.6350294947624207
-0.850820779800415
-0.6950543522834778
-0.715753972530365
-0.5725975632667542
-0.643426239490509
-0.7360293865203857
-0.7068484425544739
-0.48990103602409363
-0.7927678227424622
-0.6599010825157166
-0.8026238083839417
-0.6099704504013062
-0.8181887269020081
-0.5826079845428467
-0.8777608275413513
-1.296499490737915
-0.7801778316497803
-0.6201484799385071
-0.6629639863967896
-0.7420030832290649
-0.9358587861061096
-0.6811788082122803
-0.6054959297180176
-0.6765274405479431
-0.7144887447357178
-0.435295045375824
-0.6351050138473511
-0.6924521327018738
-0.785897970199585
-0.6366603374481201
-0.8109999895095825
-0.5920819640159607
-0.9546082019805908
-0.5928593873977661
-0.6233916878700256
-0.6788350343704224
-0.7383318543434143
-0.5505897998809814
-0.7444593906402588
-0.7045758366584778
-0.6818817853927612
-0.49335211515426636
-0.7197239995002747
-0.6779263019561768
-0.78835529088974
-0.6451156139373779
-0.7820583581924438
-0.6547105312347412
