6.316497325897217
6.9515275955200195
6.457303047180176
5.4591851234436035
9.552205085754395
4.81812047958374
8.1895112991333
6.759420871734619
8.01717758178711
6.458826541900635
6.703272819519043
6.387524604797363
8.395267486572266
7.3264665603637695
5.1091179847717285
6.4328837394714355
6.591305255889893
6.116136074066162
5.9978108406066895
7.682882308959961
7.617483615875244
7.522407054901123
5.95869255065918
4.699374198913574
6.918440341949463
6.010146617889404
6.641955852508545
9.202103614807129
7.058125972747803
6.140565872192383
6.499899387359619
6.480759143829346
5.593024730682373
6.666487216949463
5.959418773651123
7.613955497741699
6.141091346740723
8.657097816467285
8.560322761535645
10.820828437805176
7.102531433105469
6.710508346557617
6.074288845062256
7.640893459320068
5.643213748931885
7.2071661949157715
5.76198148727417
4.3331217765808105
6.1208672523498535
5.06621789932251
14.654706001281738
6.599065780639648
6.906537055969238
10.106029510498047
9.322932243347168
5.499828338623047
4.990988254547119
9.390883445739746
6.812875270843506
6.1435723304748535
6.144270896911621
8.595388412475586
5.657470703125
8.803458213806152
9.523087501525879
6.317226886749268
7.4289937019348145
6.59735107421875
8.570480346679688
6.543630599975586
6.837113857269287
12.08821964263916
7.700740814208984
5.771483898162842
6.3590521812438965
6.151355743408203
6.877821445465088
6.75784969329834
6.2067179679870605
6.27358865737915
6.5140557289123535
6.663090229034424
5.914029121398926
8.007793426513672
8.047759056091309
5.93245792388916
6.1016411781311035
6.390815734863281
5.778011798858643
7.032018184661865
7.353574752807617
5.224156856536865
7.93447732925415
8.441744804382324
7.105651378631592
9.482934951782227
6.669955253601074
5.4004716873168945
5.422732353210449
5.324977397918701
6.860313415527344
6.6702985763549805
6.645136833190918
6.706145763397217
6.247814655303955
5.092432498931885
7.598247528076172
7.4142913818359375
6.463237762451172
4.782315731048584
10.328689575195312
7.32838249206543
8.36518383026123
6.24513053894043
6.569735050201416
6.662034034729004
6.7449727058410645
5.835753440856934
7.319532871246338
5.998116493225098
9.103177070617676
5.190891742706299
4.58969259262085
6.1558661460876465
7.889501571655273
5.485677719116211
4.962800025939941
6.625945091247559
9.097450256347656
6.456127643585205
6.599828243255615
5.605930328369141
6.195004463195801
4.772308349609375
6.250874042510986
7.050851345062256
6.940561771392822
7.76015567779541
7.879615306854248
5.781869888305664
10.884610176086426
8.048691749572754
5.50592565536499
5.4192891120910645
7.909174919128418
5.355076789855957
6.239419937133789
9.260456085205078
6.278905868530273
6.156375408172607
5.655575752258301
6.702850341796875
6.55857515335083
5.509575843811035
8.650132179260254
5.2776336669921875
7.315733909606934
6.430328845977783
5.520649433135986
4.63692045211792
6.781769752502441
11.212827682495117
7.471831321716309
5.271237850189209
6.331249713897705
5.211822509765625
5.3569016456604
8.431914329528809
7.45449161529541
5.359319686889648
5.69689416885376
6.878961086273193
12.693840980529785
6.470848560333252
5.009267330169678
7.968532085418701
5.220043182373047
6.1070427894592285
4.606836795806885
5.930423259735107
8.924766540527344
6.600953578948975
7.740641117095947
5.687085151672363
9.178413391113281
5.569952011108398
8.645614624023438
6.348747730255127
6.411234378814697
5.511985778808594
5.609175205230713
7.313863277435303
7.250974178314209
7.3295207023620605
4.624267101287842
7.997654438018799
6.248421669006348
7.6530375480651855
6.858715057373047
5.708860874176025
