0.7986779222950615
0.954888729841052
0.7902102126288659
0.9451330211427296
0.7859069295888321
0.9410603128568894
0.83313973046855
0.952901650271885
0.7571594257670863
0.9516140662179405
0.726423669053802
0.9507412127594449
0.8103398799441851
0.9651736233286419
0.7412814170866436
0.9541617417705446
0.7843687131460284
0.9535958541269357
0.7927587763979314
0.9649620907447132
0.7830487389650664
0.950604078412892
0.7559500186369338
0.9394514961700253
0.7285794689126593
0.9471017714099708
0.7681499887282687
0.9482226367747324
0.7105692593855389
0.9587346153846154
0.7791141111039257
0.9463528294697126
0.7958004564657515
0.9561588123549758
0.8339380076249258
0.9557258635008067
0.7544967996559313
0.9276973986129937
0.7864493003699584
0.9746186933444656
0.7839622478286448
0.933451290818343
0.886001971072881
0.9705501408409114
0.8160799565329292
0.9409898979135486
0.7786004645760745
0.9521605886240815
0.7966086647727273
0.9324452565477889
0.8035081950827706
0.9485914190402638
0.7720317834414513
0.9470748401900309
0.8288280854804336
0.9549973868445925
0.6329566681625874
0.9581517049657993
0.7483283392993605
0.9587931946313386
0.8647399609317518
0.9494841634994382
0.8389596495916911
0.9520713515154368
0.7781574413901581
0.9586936815542544
0.8390918158632358
0.9272670605029394
0.8040508775882534
0.958532931539963
0.8161080826183286
0.972396565858904
0.7803351345239092
0.960087439029467
0.8099499039537179
0.9201152670215477
0.8135528283918793
0.9540252481037527
0.7498649848118562
0.9556173012014709
0.7892662947531954
0.9598052706552707
0.8285495598928434
0.9616125274957183
0.6999970168570798
0.9167209203962032
0.7996807760733109
0.9468374698061871
0.8483878048599659
0.9249645538167048
0.7146049620927533
0.9605319079274459
0.7153695395513577
0.9491771322529973
0.8514752965373102
0.9474212603821168
0.7782221065822731
0.9655792310741181
0.814928163892526
0.9507729491311544
0.753781935489542
0.9627880302823182
0.7837297741610088
0.9593725323252383
0.8350117650409197
0.9509051962410171
0.7570133614954935
0.920802109396774
0.889937254597781
0.9516509410179774
0.7821992611021671
0.9387233563920222
0.785642740103861
0.9466944328751908
0.8614869383127401
0.9332397168100169
0.7792243466267437
0.9519625551128554
0.8181448819167044
0.9469627035645269
0.8103335707502374
0.9420875576964869
0.856738683127572
0.9504622814334148
0.7913724045078793
0.9636579380002499
0.7705983523050883
0.9818738931523022
0.7060178945379725
0.9578755152419525
0.7941490144667785
0.9596302777777778
0.81380701526188
0.9734517108473825
0.7910831737833233
0.9546152520235198
0.8299221587619098
0.9547228542787132
0.8467272393303688
0.9481456844351995
0.8188280017306259
0.9550954621977349
0.8039122098446123
0.9535781244601644
0.7841118865728595
0.9650708442034227
0.7665501247549391
0.9558304225524864
0.8474135492154687
0.9447908375798025
0.8657721399765975
0.9580822134769919
0.7914832936043343
0.962768296973962
0.8173270461210344
0.9495368479872768
0.7884615277803235
0.9477475787498297
0.851698826329074
0.9594163391058463
0.7858296492296092
0.9388055454185071
0.9117125110913931
0.9732640971257221
0.8196855709876544
0.9551978743944485
0.8011306874943237
0.952175029385179
0.7730283040935673
0.9509824797746056
0.8252857619440592
0.9507752063396397
0.7608385364956795
0.949656274567187
0.8260410681793001
0.9551078065852949
0.7588868860796968
0.9652626482691842
0.8037853336338565
0.9758242351966727
0.8602027270146203
0.9343366299563255
0.8365696873478925
0.9606551245354749
0.8170678939765512
0.9620535714285715
0.8611083345024317
0.9405470830307431
0.7232333485749123
0.9397555200503027
0.738925678907546
0.9453446295667702
0.7699742216568807
0.8855026032019961
0.8788405494964214
0.9592787441183179
0.7495125257415346
0.9544884771099347
0.8352014505884847
0.9561363770874661
