0.9381487965583801
0.9850119829177857
0.7977730832062662
0.5967747069895267
0.6958283569131579
0.8667585700750351
0.8561912838901792
0.8264745231717825
0.9472649296124777
0.930389977991581
0.9747464756170908
0.6224832410924137
0.8273104454080263
0.9870992422103881
0.699315107272317
0.8484090798430972
0.8073376028665474
0.817542091012001
0.8121943331789225
0.9932068288326263
0.8639601469039917
0.6885650733485817
0.6530261540578471
0.7819663083387746
0.7039900969248265
0.9351236000657082
0.943206078476376
0.9892810753413609
0.6884385794401169
0.8563573466879981
0.7702546234314258
0.7958617216103118
0.9713274770312839
0.9935847984419929
0.839088913728483
0.9327901932928298
0.740274085663259
0.9839783906936646
0.7243802374287043
0.9471364974975586
0.8765759898556603
0.8261116122206053
0.7243829442188143
0.8418504439294339
0.8837623354047537
0.5734984551423362
0.9837542921304703
0.7431256681281541
0.7356002659071237
0.6479163978947327
0.7615637518465519
0.8259402110124938
0.9858703783580235
0.7309788751669906
0.8855635404586792
0.8060940079391002
0.8229707280794779
0.7624206963810138
0.9622267593036998
0.9000193807813857
0.06790873137387363
0.664153894681173
0.9910951033234596
0.9697628219922384
0.9780862828095754
0.7048740115003764
0.7721006691455841
0.8299192979931831
0.5941000735620037
0.8471680703488264
0.8201179659060601
0.9708954592545828
0.830859973476353
0.9791837384303411
0.678823396936059
0.9338906577655247
0.7984498828141526
0.9503180012106895
0.8748513467609882
0.9716155648231506
0.9189182656506697
0.7167177110289534
0.7662140909168456
0.7857343293726444
0.7794511718675494
0.6831906508628486
0.7668129615485668
0.8206834364682436
0.7742353786121715
0.8658851948049333
0.6625558113058408
0.9052032629648844
0.7378194054158834
0.9641623124480247
0.8405817449092865
0.8365522347157821
0.5251456032773214
0.8166294069960713
0.9750776290893555
0.9812353253364563
0.8704331848356459
0.9111119769513607
0.8262196216466171
0.7828918091124959
0.8297268211841583
0.7343129515647888
0.7735181725160643
0.9841736753781637
0.8237097267847275
0.9298750559488932
0.7163740346829096
0.9477983713150024
0.8770833313465118
0.8211057622878192
0.7596362285419471
0.9712647497653961
0.7291845877965292
0.9902412394682566
0.6746378615498543
0.8398598742981752
0.8116037368774414
0.9419847726821899
0.6229278352111578
0.9221461216608683
0.9386349235262189
0.7528243456035852
0.8254065488332084
0.9768233795960745
0.8649217337369919
0.9941083192825317
0.8545996673405171
0.8850896835327149
0.8338427916169167
0.9739768356084824
0.7983138944421496
0.8329528983061513
0.7879507733242852
0.9795412302017212
0.9560030102729797
0.9680667775017875
0.7874770235270262
0.946610281864802
0.6989176382000247
0.9385525315999985
0.8414560690522194
0.7818911123671569
0.882549505867064
0.7798126435114278
0.8734877891321149
0.8476437255740166
0.7379718510942026
0.8361021317541599
0.8458932994981296
0.7989600705914199
0.844925731420517
0.8296154694897788
0.8982027981962476
0.8275827169418335
0.8269770989815394
0.8731648855739169
0.9809998614447457
0.9617757201194763
0.988042930761973
0.9820379018783569
0.8627045657485723
0.9057161867618561
0.7064566314220428
0.8019165825098753
0.8439342251845768
0.8701196759939194
0.7382310262415558
0.8149655823196683
0.8580161630072527
0.6354372203350067
0.8436189641555151
0.9911283155282339
0.8366137836128473
0.1410081045968192
0.7907556976590838
0.8553225565701723
0.7974883392453194
0.9246478378772736
0.8952970385551453
0.9045297652482986
0.7125866985879838
0.8746232496840614
0.8600971390094075
0.9167119190096855
0.9259979989793565
0.6119087780160564
0.7859491940055575
0.7776263326478119
0.8447680005005428
0.9268144249916077
0.8629317283630371
0.8812940940260887
0.9221198956171671
0.6743761110119522
0.9260905848609077
0.9732566922903061
