[57, 41, 196, 133, 100, 73, 62, 144, 186, 145, 212, 141, 89, 136, 79, 206, 76, 40]
[48, 32, 187, 126, 92, 65, 52, 138, 177, 140, 239, 134, 81, 129, 72, 233, 69, 196, 31, 90, 147]
[53, 37, 193, 128, 97, 69, 57, 141, 183, 142, 235, 138, 84, 131, 75, 228, 72, 204, 36, 95]
[52, 36, 125, 95, 69, 56, 138, 139, 172, 133, 84, 128, 75, 167, 72]
[50, 33, 192, 126, 95, 66, 54, 140, 182, 143, 198, 137, 81, 130, 72, 190, 69]
[48, 31, 188, 124, 91, 65, 52, 140, 179, 141, 199, 135, 80, 127, 71, 193, 68, 30]
[51, 33, 190, 129, 93, 67, 55, 141, 181, 142, 197, 137, 82, 132, 74, 191, 70]
[50, 34, 133, 98, 66, 54, 145, 147, 161, 142, 81, 137, 72, 156]
[48, 32, 185, 123, 92, 66, 53, 136, 175, 137, 227, 132, 81, 127, 72, 221, 69, 197, 31, 90]
[53, 38, 206, 136, 98, 70, 57, 150, 196, 152, 289, 145, 88, 139, 274, 76, 283, 73, 215, 37, 96, 160, 210, 235]
[100, 69, 269, 203, 134, 109, 295, 297, 101, 304, 83, 126, 266, 74, 55, 71, 270, 212, 32, 91, 156, 204, 232, 240, 49, 260]
[49, 32, 123, 92, 31, 26, 132, 67, 87, 68, 23, 65, 38]
[49, 33, 123, 92, 67, 53, 135, 136, 149, 132, 82, 127, 73, 26]
[24, 15, 93, 61, 46, 32, 26, 67, 89, 68, 131]
[65, 43, 139, 108, 81, 69, 152, 195, 153, 205, 148, 97, 143, 88, 200, 85, 42]
[49, 33, 189, 122, 92, 65, 53, 134, 175, 135, 240, 131, 81, 125, 73, 234, 69, 197, 32, 89, 143]
[52, 33, 132, 101, 75, 56, 148, 149, 170, 143, 91, 135, 81, 165]
[26, 16, 98, 70, 51, 38, 31, 75]
[51, 34, 192, 131, 98, 72, 55, 143, 183, 144, 256, 140, 87, 135, 78, 250, 75, 201, 33, 96, 151, 196]
[50, 33, 127, 96, 68, 55, 139, 140, 173, 136, 86, 130, 75, 168, 72]
[49, 33, 184, 126, 94, 66, 54, 137, 174, 138, 206, 134, 83, 129, 72, 198, 69, 32]
[49, 32, 183, 122, 90, 65, 53, 133, 174, 135, 189, 130, 80, 125, 71, 187, 68]
[47, 32, 184, 120, 89, 63, 51, 132, 174, 133, 251, 129, 78, 124, 69, 245, 66, 192, 30, 87, 141, 187, 212]
[54, 34, 193, 130, 97, 69, 58, 145, 183, 146, 251, 141, 84, 134, 76, 244, 72, 201, 33, 95, 153, 196]
[107, 70, 259, 194, 140, 118, 281, 283, 108, 276, 172, 264, 154, 117, 147, 67, 189, 104, 138, 101, 139, 119, 212, 120, 308, 61, 208, 88]
[54, 36, 193, 134, 99, 70, 59, 145, 183, 146, 237, 142, 85, 137, 76, 231, 73, 201, 35, 96, 154]
[54, 34, 128, 95, 70, 58, 140, 180, 141, 187, 137, 85, 132, 76, 182, 73]
[53, 36, 130, 97, 69, 57, 145, 146, 176, 141, 83, 134, 75, 168, 72]
[48, 32, 181, 121, 89, 63, 52, 133, 171, 134, 228, 130, 79, 124, 70, 222, 66, 189, 31, 87, 142]
[53, 33, 126, 94, 69, 57, 137, 138, 172, 134, 84, 129, 76, 167, 73]
[101, 69, 250, 187, 133, 110, 274, 276, 102, 269, 165, 255, 147, 109, 141, 67, 181, 98, 131, 95, 132, 111, 206, 112, 300, 121, 202, 84]
[52, 34, 192, 132, 99, 71, 58, 144, 183, 145, 274, 140, 86, 135, 256, 78, 268, 74, 202, 33, 97, 153, 196, 222]
[51, 35, 199, 131, 98, 71, 58, 144, 186, 145, 229, 141, 87, 135, 78, 219, 75, 34, 96]
[53, 37, 196, 135, 101, 72, 57, 147, 187, 148, 206, 144, 90, 138, 81, 200, 75, 35]
[101, 70, 183, 125, 94, 69, 52, 265, 138, 174, 139, 48, 134, 84, 128, 247, 75, 272, 72, 250, 192, 31, 92, 146, 186]
[50, 34, 190, 127, 94, 65, 54, 140, 179, 141, 236, 136, 82, 130, 72, 230, 68, 198, 33, 92, 150]
[48, 32, 178, 120, 89, 64, 52, 132, 168, 133, 199, 128, 79, 123, 70, 193, 67, 31]
[50, 34, 185, 124, 93, 68, 55, 137, 175, 138, 201, 134, 82, 128, 74, 193, 71, 33]
[48, 31, 181, 120, 89, 64, 52, 132, 172, 133, 243, 129, 79, 123, 70, 237, 67, 189, 30, 87, 141, 184, 208]
[53, 34, 128, 96, 69, 57, 140, 141, 151, 147, 40, 65, 127]
[54, 34, 189, 125, 95, 69, 58, 137, 179, 138, 211, 133, 84, 128, 76, 205, 72, 33, 92]
[52, 35, 190, 128, 98, 68, 56, 140, 180, 141, 230, 137, 86, 131, 76, 224, 72, 199, 34, 96]
[110, 69, 257, 195, 143, 119, 279, 282, 111, 274, 174, 263, 157, 118, 151, 67, 190, 107, 140, 103, 141, 120, 212, 290, 121, 308, 129, 176]
[50, 33, 185, 125, 94, 67, 55, 138, 175, 139, 238, 135, 84, 128, 74, 231, 71, 193, 32, 92, 146]
[51, 34, 192, 130, 97, 67, 55, 143, 181, 144, 244, 139, 83, 134, 74, 238, 70, 201, 33, 94, 152]
[53, 35, 128, 97, 71, 57, 140, 141, 162, 137, 86, 131, 77, 157]
[24, 15, 93, 62, 45, 31, 26, 67, 88, 68, 139, 66]
[49, 32, 181, 123, 92, 66, 54, 134, 172, 135, 189, 131, 81, 126, 72, 183, 69]
[52, 34, 187, 127, 95, 68, 57, 138, 177, 140, 191, 135, 83, 130, 74, 185, 71]
[52, 35, 193, 125, 95, 70, 58, 140, 181, 141, 230, 137, 85, 130, 76, 222, 73, 202, 34, 93]
[51, 34, 189, 125, 94, 70, 55, 140, 178, 142, 271, 135, 84, 128, 254, 76, 265, 73, 197, 33, 92, 149, 192, 218]
[49, 34, 125, 91, 66, 53, 138, 139, 164, 134, 81, 128, 72, 159]
[51, 32, 190, 124, 93, 68, 57, 137, 178, 138, 223, 133, 83, 127, 74, 217, 71, 199, 31, 91]
[50, 34, 189, 128, 94, 66, 54, 141, 179, 142, 211, 137, 82, 131, 73, 205, 70, 33, 92]
[50, 35, 184, 124, 93, 66, 54, 136, 175, 137, 272, 133, 82, 127, 251, 72, 266, 69, 193, 34, 91, 145, 188, 214]
[50, 34, 199, 141, 109, 77, 66, 153, 190, 154, 240, 149, 96, 144, 84, 233, 80, 208, 32, 107]
[107, 74, 257, 196, 143, 119, 281, 283, 108, 276, 175, 263, 157, 118, 150, 72, 191, 104, 141, 101, 142, 120, 212, 290, 122, 308, 130, 177]
[105, 67, 255, 191, 137, 115, 278, 280, 106, 273, 169, 261, 151, 114, 145, 65, 186, 100, 135, 97, 136, 116, 211, 299, 165, 292, 55]
[53, 33, 193, 133, 96, 69, 57, 146, 184, 148, 267, 143, 85, 138, 75, 261, 72, 202, 32, 94, 155, 196, 220, 227]
[52, 34, 186, 126, 95, 68, 56, 137, 177, 139, 244, 134, 84, 129, 75, 238, 72, 194, 33, 93, 148, 189]
[50, 34, 207, 142, 111, 73, 54, 155, 198, 156, 248, 152, 99, 146, 88, 242, 81, 216, 33, 109]
[51, 15, 92, 63, 47, 32, 27, 68, 87, 69, 25, 67]
[49, 33, 183, 125, 92, 66, 54, 137, 174, 138, 195, 134, 81, 129, 72, 189, 69, 32]
[49, 32, 183, 123, 91, 65, 53, 135, 174, 136, 246, 131, 80, 126, 71, 240, 68, 192, 31, 89, 143, 186]
[48, 32, 186, 126, 90, 63, 52, 138, 176, 139, 263, 135, 79, 130, 70, 257, 67, 194, 31, 88, 147, 189, 213, 220]
[49, 33, 191, 127, 94, 65, 53, 139, 180, 140, 230, 136, 83, 130, 71, 224, 68, 200, 32, 92]
[49, 33, 186, 122, 91, 64, 53, 134, 175, 136, 262, 131, 81, 125, 71, 256, 68, 200, 32, 89, 144, 189, 223]
[54, 38, 193, 132, 98, 70, 58, 144, 184, 146, 248, 141, 86, 136, 77, 242, 73, 203, 37, 95, 155]
[48, 33, 179, 121, 91, 65, 53, 132, 169, 133, 233, 129, 80, 124, 71, 225, 68, 188, 31, 89, 140]
[50, 33, 194, 130, 97, 69, 55, 276, 143, 180, 144, 288, 140, 84, 134, 259, 75, 282, 72, 262, 203, 32, 95, 151, 197]
[52, 35, 132, 100, 69, 56, 145, 146, 157, 141, 42, 65, 131]
[54, 35, 128, 96, 70, 58, 142, 143, 179, 139, 85, 133, 76, 174, 73]
[50, 33, 187, 125, 92, 66, 54, 138, 176, 139, 231, 134, 82, 128, 73, 225, 69, 196, 32, 90, 146]
[51, 33, 190, 123, 91, 67, 55, 272, 135, 180, 136, 284, 131, 81, 126, 255, 73, 278, 70, 258, 198, 32, 89, 143, 193]
[52, 35, 195, 133, 97, 69, 57, 144, 182, 146, 238, 141, 84, 136, 76, 232, 73, 205, 34, 93]
[51, 35, 189, 124, 93, 67, 55, 137, 179, 138, 209, 133, 82, 127, 74, 203, 70, 34, 91]
[54, 37, 194, 133, 99, 70, 58, 146, 184, 147, 276, 142, 87, 137, 256, 77, 270, 73, 203, 36, 97, 154, 197, 222]
[54, 34, 194, 132, 97, 70, 59, 144, 184, 146, 234, 141, 86, 136, 77, 228, 74, 202, 33, 94]
[54, 39, 205, 138, 103, 71, 59, 151, 193, 153, 240, 148, 92, 143, 83, 233, 77, 214, 38, 101]
[101, 67, 266, 191, 134, 110, 291, 293, 102, 285, 166, 273, 148, 109, 142, 267, 198, 31, 90, 146, 192, 223, 231, 46, 257, 281, 239]
[50, 34, 195, 131, 95, 66, 54, 144, 185, 145, 281, 140, 84, 134, 260, 76, 275, 71, 263, 204, 33, 92, 152, 198]
[51, 36, 128, 95, 68, 56, 142, 143, 178, 138, 84, 133, 75, 173, 72]
[48, 32, 194, 131, 92, 64, 52, 143, 184, 144, 238, 140, 80, 135, 70, 229, 67, 203, 31, 89]
[27, 18, 63, 48, 35, 30, 68, 69]
[54, 36, 207, 143, 108, 74, 59, 156, 197, 157, 217, 152, 94, 147, 81, 211, 78, 35]
[61, 41, 146, 109, 80, 67, 158, 198, 160, 205, 155, 97, 150, 87, 200, 84]
[53, 35, 191, 128, 96, 70, 57, 140, 180, 141, 212, 136, 86, 131, 76, 205, 73, 34]
[51, 34, 191, 129, 97, 69, 56, 145, 181, 146, 197, 141, 86, 133, 77, 195, 73]
[53, 35, 188, 128, 96, 70, 57, 140, 178, 141, 243, 136, 85, 131, 77, 236, 73, 197, 34, 94, 148]
[50, 34, 187, 125, 95, 66, 54, 138, 176, 139, 242, 135, 84, 129, 73, 235, 69, 198, 33, 93, 146]
[55, 36, 130, 96, 72, 60, 142, 143, 182, 139, 86, 134, 78, 177, 75, 34]
[47, 32, 179, 120, 88, 63, 51, 132, 169, 133, 237, 129, 77, 124, 69, 229, 66, 187, 31, 85, 140, 182]
[103, 69, 253, 188, 136, 113, 276, 278, 104, 270, 166, 259, 149, 112, 143, 67, 183, 294, 100, 134, 97, 135, 114, 206, 285, 115, 304, 122]
[49, 33, 185, 126, 92, 65, 54, 137, 174, 138, 238, 134, 81, 129, 72, 232, 69, 193, 32, 90, 146, 188]
[50, 33, 129, 97, 68, 54, 142, 143, 154, 139, 86, 64, 128]
[52, 34, 195, 132, 97, 71, 58, 143, 184, 144, 229, 140, 87, 135, 78, 223, 75, 204, 33, 95]
[56, 37, 134, 100, 74, 60, 148, 149, 162, 145, 89, 140, 80, 31]
[48, 33, 122, 89, 64, 53, 135, 136, 160, 132, 78, 125, 70, 155, 67]
[52, 34, 130, 99, 69, 58, 145, 188, 146, 197, 141, 87, 133, 79, 192, 74]
[50, 32, 128, 97, 68, 55, 141, 142, 170, 137, 87, 132, 76, 165, 72]
[52, 35, 193, 129, 94, 68, 56, 141, 183, 142, 229, 138, 83, 133, 75, 223, 71, 201, 34, 92]
[52, 36, 183, 126, 94, 69, 56, 137, 174, 138, 219, 134, 83, 129, 75, 213, 72, 193, 35, 92]
[49, 33, 190, 130, 95, 65, 53, 142, 180, 143, 208, 139, 81, 133, 72, 202, 68, 32]
[48, 32, 185, 123, 90, 63, 52, 135, 175, 136, 199, 132, 79, 127, 70, 193, 66, 31]
[28, 18, 99, 68, 48, 36, 30, 73, 95, 75, 134]
[52, 34, 197, 129, 98, 68, 56, 142, 188, 143, 236, 138, 84, 132, 75, 229, 72, 207, 32, 94]
[52, 34, 212, 140, 101, 69, 56, 159, 200, 160, 284, 155, 88, 148, 79, 278, 73, 222, 33, 99, 167, 216]
[12, 8, 46, 32, 25]
[50, 34, 134, 103, 69, 54, 150, 190, 151, 198, 147, 88, 140, 75, 192, 72]
[57, 39, 135, 104, 75, 61, 151, 152, 198, 145, 93, 138, 81, 191, 78, 38]
[50, 34, 190, 125, 92, 66, 55, 136, 180, 137, 226, 133, 81, 128, 73, 219, 69, 198, 33, 89]
[48, 33, 192, 126, 93, 66, 52, 139, 182, 140, 244, 135, 82, 130, 72, 238, 69, 202, 32, 91, 151]
[55, 38, 196, 134, 101, 73, 60, 146, 186, 147, 211, 143, 88, 137, 80, 205, 76, 37]
[103, 68, 263, 196, 138, 113, 286, 288, 104, 281, 171, 269, 153, 112, 147, 66, 189, 305, 100, 136, 97, 137, 114, 213, 296, 116, 323, 123, 173]
[50, 33, 187, 123, 92, 66, 54, 135, 176, 137, 255, 132, 81, 127, 72, 249, 69, 195, 32, 90, 146, 190, 214]
[55, 36, 197, 134, 98, 73, 61, 145, 188, 146, 238, 142, 88, 137, 79, 232, 76, 206, 35, 96]
[49, 34, 187, 128, 98, 67, 53, 140, 176, 141, 216, 136, 83, 131, 74, 210, 71, 195, 33]
[51, 35, 182, 123, 92, 66, 55, 135, 173, 136, 243, 132, 80, 127, 72, 237, 69, 191, 34, 90, 143, 185]
[50, 34, 183, 124, 93, 67, 55, 135, 174, 137, 239, 132, 82, 127, 74, 233, 71, 193, 33, 91, 144, 186]
[49, 33, 127, 95, 67, 53, 140, 179, 141, 189, 137, 83, 131, 73, 184, 70, 31]
[28, 17, 98, 66, 49, 36, 30, 73, 94, 74, 134]
[50, 32, 189, 127, 96, 67, 55, 141, 180, 142, 191, 137, 84, 131, 76, 185, 73]
[50, 34, 186, 126, 93, 66, 55, 140, 177, 141, 230, 136, 82, 129, 74, 224, 70, 194, 33, 91, 149]
[52, 36, 128, 97, 68, 56, 140, 141, 154, 137, 85, 131, 75, 29]
[50, 32, 189, 127, 97, 70, 56, 140, 179, 141, 275, 136, 86, 130, 253, 76, 269, 73, 256, 197, 31, 94, 148, 192]
[61, 41, 134, 103, 77, 66, 146, 186, 147, 196, 142, 93, 137, 83, 191, 80, 39]
[49, 32, 191, 127, 94, 68, 55, 139, 182, 140, 193, 135, 83, 130, 74, 187, 71]
[24, 15, 96, 62, 44, 31, 26, 70, 91, 72, 125]
[53, 37, 193, 132, 99, 69, 57, 144, 183, 145, 277, 140, 89, 135, 257, 78, 269, 73, 202, 36, 97, 153, 196, 221]
[25, 16, 62, 45, 33, 27, 68]
[49, 32, 185, 124, 91, 65, 53, 136, 175, 137, 208, 132, 80, 127, 71, 202, 68, 31, 89]
[25, 16, 93, 63, 47, 33, 27, 68, 89, 70, 140, 67]
[54, 37, 136, 104, 73, 60, 148, 149, 178, 145, 92, 139, 83, 173, 78]
[24, 15, 94, 65, 46, 32, 26, 70, 90, 71, 126]
[51, 34, 191, 131, 97, 71, 55, 143, 182, 144, 205, 140, 86, 135, 77, 198, 74, 33]
[53, 36, 141, 103, 73, 59, 153, 155, 201, 150, 92, 145, 81, 196, 78, 35]
[49, 32, 128, 97, 68, 54, 141, 142, 180, 137, 84, 132, 74, 175, 71, 31]
[50, 34, 125, 94, 68, 55, 136, 137, 153, 133, 84, 128, 75, 28]
[48, 32, 181, 120, 89, 64, 53, 133, 172, 134, 183, 129, 79, 124, 71, 177, 68]
[51, 35, 194, 131, 96, 68, 56, 142, 185, 143, 249, 139, 83, 134, 74, 243, 71, 202, 34, 93, 153, 197]
[49, 33, 128, 95, 67, 54, 140, 141, 24, 145, 39, 64, 127]
[52, 35, 128, 97, 68, 57, 140, 141, 155, 137, 84, 65, 127]
[47, 32, 126, 91, 65, 53, 138, 176, 139, 185, 135, 79, 130, 71, 180, 68, 31]
[53, 35, 189, 130, 96, 69, 58, 142, 179, 143, 223, 139, 85, 134, 77, 217, 73, 197, 34, 94]
[52, 35, 191, 129, 98, 69, 56, 142, 182, 143, 266, 138, 87, 133, 79, 258, 74, 200, 34, 95, 151, 195, 220]
[48, 33, 187, 126, 93, 66, 53, 138, 177, 139, 214, 135, 81, 130, 72, 208, 69, 196, 32]
[50, 32, 191, 129, 95, 66, 54, 143, 181, 144, 242, 140, 82, 132, 73, 235, 69, 199, 31, 91, 152]
[55, 37, 129, 97, 72, 60, 142, 180, 143, 190, 138, 86, 133, 78, 184, 75]
[51, 34, 130, 94, 67, 55, 144, 145, 178, 141, 82, 135, 73, 173, 70]
[51, 35, 189, 125, 93, 67, 55, 137, 177, 138, 204, 134, 82, 128, 74, 197, 71, 33]
[99, 65, 262, 198, 143, 118, 284, 288, 101, 279, 175, 267, 158, 111, 151, 263, 204, 31, 87, 156, 199, 226, 233, 46, 254, 274, 239]
[51, 34, 186, 127, 97, 67, 56, 139, 176, 140, 214, 136, 85, 130, 75, 208, 71, 197, 33]
[50, 34, 184, 123, 92, 66, 54, 135, 173, 136, 201, 132, 81, 126, 73, 195, 70, 33]
[56, 37, 197, 135, 101, 73, 60, 148, 187, 149, 240, 145, 90, 139, 80, 232, 76, 206, 36, 99]
[49, 33, 121, 90, 64, 53, 132, 133, 163, 129, 79, 124, 70, 158, 67]
[50, 34, 127, 95, 65, 54, 141, 142, 182, 138, 82, 130, 71, 177, 68, 33]
[57, 38, 138, 103, 76, 62, 151, 153, 168, 147, 91, 142, 82, 163]
[51, 32, 133, 100, 71, 58, 147, 148, 168, 144, 89, 137, 78, 163]
[52, 37, 129, 94, 68, 56, 142, 143, 187, 138, 83, 132, 74, 182, 71]
[48, 32, 181, 121, 90, 65, 54, 133, 172, 134, 251, 129, 80, 124, 71, 245, 68, 190, 31, 88, 141, 185, 209]
[54, 38, 131, 99, 70, 58, 145, 182, 146, 190, 142, 85, 135, 77, 185, 74]
[51, 33, 192, 129, 98, 71, 58, 143, 183, 144, 243, 140, 87, 134, 78, 237, 74, 201, 32, 96, 153]
[26, 17, 94, 63, 47, 33, 28, 68, 90]
[26, 17, 104, 67, 49, 35, 28, 75, 100, 76, 136]
[50, 33, 124, 92, 66, 54, 136, 178, 137, 188, 133, 81, 127, 73, 183, 69, 32]
[53, 34, 189, 127, 96, 69, 57, 139, 178, 140, 269, 136, 84, 131, 253, 76, 262, 73, 197, 32, 94, 148, 192, 217]
[6, 4]
[49, 34, 186, 126, 95, 66, 54, 138, 177, 139, 218, 135, 81, 129, 72, 212, 69, 194, 32, 92]
[53, 37, 192, 127, 95, 70, 57, 141, 182, 142, 215, 138, 84, 131, 76, 209, 73, 36, 93]
[51, 34, 125, 93, 67, 56, 139, 141, 161, 134, 83, 128, 75, 156]
[101, 66, 253, 190, 135, 110, 275, 278, 102, 270, 169, 258, 149, 109, 143, 63, 185, 98, 244, 272, 265, 229, 283, 45, 292, 54, 209]
[48, 32, 190, 124, 93, 65, 52, 139, 179, 140, 268, 136, 82, 127, 73, 260, 69, 199, 31, 91, 148, 193, 220, 226]
[62, 38, 202, 141, 109, 81, 66, 154, 193, 155, 266, 150, 98, 145, 89, 259, 84, 212, 37, 107, 163, 205]
[28, 19, 96, 65, 50, 36, 30, 71, 91, 72]
[53, 35, 194, 134, 98, 71, 57, 148, 185, 149, 207, 145, 87, 139, 77, 201, 74, 34]
[49, 33, 129, 96, 66, 53, 142, 143, 165, 138, 85, 132, 73, 160]
[52, 33, 131, 101, 73, 56, 144, 145, 167, 141, 90, 136, 82, 162]
[48, 32, 186, 122, 92, 65, 53, 137, 176, 138, 225, 134, 82, 127, 71, 219, 68, 194, 31, 90]
[55, 39, 132, 99, 72, 60, 146, 148, 169, 143, 88, 136, 79, 164]
[49, 33, 182, 122, 91, 65, 53, 133, 173, 134, 254, 130, 80, 125, 72, 248, 68, 192, 32, 89, 142, 187, 212]
[24, 16, 93, 62, 45, 32, 27, 67, 89]
[55, 37, 140, 105, 76, 63, 153, 155, 176, 150, 94, 144, 85, 171]
[49, 33, 190, 129, 92, 67, 54, 140, 180, 141, 243, 137, 81, 132, 73, 235, 70, 199, 32, 90, 149]
[51, 34, 194, 134, 98, 70, 56, 146, 184, 147, 206, 143, 87, 137, 78, 200, 73, 33]
[27, 17, 97, 69, 51, 37, 30, 74, 93, 75]
[58, 42, 134, 103, 75, 64, 146, 147, 184, 143, 90, 137, 81, 178, 78]
[54, 36, 128, 98, 70, 58, 139, 141, 181, 136, 87, 131, 78, 176, 74, 35]
[51, 32, 127, 94, 68, 56, 139, 181, 140, 190, 136, 83, 131, 74, 185, 71, 31]
[48, 32, 188, 125, 92, 66, 53, 137, 178, 138, 198, 134, 81, 128, 72, 192, 69, 31]
[57, 35, 192, 133, 102, 75, 61, 145, 183, 146, 229, 141, 90, 136, 82, 223, 79, 201, 34, 100]
[54, 36, 197, 133, 100, 73, 61, 149, 187, 150, 210, 146, 89, 137, 81, 204, 77, 35]
[107, 72, 263, 195, 140, 117, 287, 289, 108, 281, 173, 269, 155, 58, 74, 264, 201, 34, 97, 153, 196, 223, 229, 51, 251, 276]
[52, 36, 195, 130, 97, 68, 56, 145, 185, 146, 245, 141, 86, 134, 75, 238, 71, 204, 35, 95, 154]
[26, 17, 104, 69, 48, 35, 28, 76, 99, 77, 143, 75]
[51, 35, 186, 127, 95, 66, 55, 139, 176, 140, 258, 136, 83, 130, 73, 252, 69, 196, 34, 92, 147, 189, 215]
[49, 32, 184, 125, 95, 65, 53, 137, 174, 138, 229, 134, 82, 129, 72, 222, 68, 193, 31, 92]
[53, 36, 195, 133, 99, 70, 59, 145, 184, 146, 261, 141, 85, 136, 77, 254, 73, 205, 35, 97, 153, 199]
[51, 33, 188, 127, 95, 69, 56, 139, 178, 140, 211, 135, 85, 130, 76, 203, 72, 32, 93]
[55, 38, 196, 134, 102, 73, 59, 146, 186, 147, 202, 143, 91, 137, 79, 200, 76]
[49, 33, 186, 121, 90, 65, 54, 135, 176, 136, 240, 131, 79, 124, 71, 232, 68, 195, 32, 88, 144]
