0.5610819466325968
0.5536626092006872
0.47156749098402895
0.5741827825004889
0.5093383224790494
0.5309321398138949
0.4670277006262475
0.5698784722222222
0.5356676174692823
0.5578133211439081
0.43809904266057015
0.5696074574518205
0.5034231736524469
0.5046976023706897
0.44850029761904764
0.5908434086942378
0.45123213296398884
0.610685144942392
0.49228961177221126
0.5242482140630289
0.5150239999999999
0.6059055542857142
0.4453860557144825
0.5758211181838172
0.45600727688982823
0.5696070574926714
0.5180215749974532
0.5363562091503268
0.41582200935620406
0.623822605965463
0.381657272602341
0.4975318085644339
0.4552201470226161
0.5979691136410373
0.4459662624760312
0.6010083424727438
0.4769869149161542
0.5084461675619779
0.4535994721546466
0.6390255715860809
0.5165055495882563
0.5156614444587809
0.5340508710739547
0.5485714285714286
0.5108018214971026
0.561307062893172
0.40285398128083366
0.5059901959564705
0.5051801832234353
0.5452063147997525
0.5072829989826935
0.5713700918371609
0.4385984053879026
0.5502927003342423
0.4613673789110806
0.6232372543640436
0.38885529398913565
0.5539767599277978
0.4092114889087782
0.5630129506908882
0.5406163186641614
0.5106434656184743
0.49093492633344143
0.555122923321249
0.44847293204892474
0.5850926945928584
0.5380233493368415
0.549201893761726
0.5148193457401211
0.5693669855485447
0.5324833882893685
0.5833874951254387
0.4396810821553066
0.5861875306931994
0.5077539899088914
0.5116970881800235
0.4687803836131403
0.5771927619880686
0.46756682470968186
0.5599304898704384
0.47294568221766015
0.5215654215775413
0.4979145412730069
0.5448520345252774
0.4271340244017673
0.5731144511630945
0.5150239999999999
0.5464931778764615
0.5096427504933879
0.5040627079524668
0.44930268595041317
0.5430553248814335
0.44534589615061576
0.503375222109033
0.5688250275821565
0.5538167030351122
0.5030015717887267
0.47959183673469385
0.5101085873055448
0.5894411216190365
0.46529871847622484
0.5790943210501407
0.5228828189977702
0.5933616627900042
0.5556197102453436
0.5424990620624944
0.4833539114769164
0.6052708301365659
0.5656397241379311
0.5666585207502025
0.4728709295406776
0.5352735769796263
0.5221308044081373
0.5275337868480725
0.5111302497819081
0.576852741935024
0.4440809042236764
0.582759645596634
0.4881447963800905
0.4983766847468771
0.5625074780918937
0.537353885677585
0.48354294374596024
0.5605843459975333
0.559620092951444
0.5672325581395349
0.4844855576862555
0.6905944142362828
0.4321716764477641
0.611873932420196
0.4660920997234665
0.6168208616780045
0.43704856879039705
0.5945129076086957
0.5146007779855047
0.5796528613163774
0.44399562432732853
0.5461412506178942
0.5384265350877193
0.6302939711011459
0.4558180290876036
0.5591693737571644
0.5260285907665809
0.5844292213131725
0.5141919069342206
0.5426377559399602
0.5079820847589351
0.5652184007232085
0.4894516347003483
0.5320092943132424
0.5278823103243803
0.5899616451721089
0.556895901645357
0.5891726623656331
0.5479801037709979
0.5577098845272105
0.5331344674342102
0.5671829156188081
0.4746425670710481
0.5285373554377937
0.5783063733999517
0.4984811340220637
0.5346006953419842
0.5102363815142577
0.49744186046511624
0.5774029438817567
0.44469985796516404
0.5815360073462756
0.5319772098691057
0.5321749901964736
0.47941767773427213
0.5350285032266857
0.4824964780023974
0.6688385005751565
0.4732701373080334
0.5485712505634737
0.4392742673992674
0.5404281654012275
0.5808175069651821
0.6030808823917182
0.5673126564732174
0.5184728219616314
0.5365045626112995
0.5625102472427168
0.4819276680066747
0.5469907210686509
0.43095617330328073
0.6024528361912639
0.5220901043731008
0.5617321148149542
0.45570487977459395
0.5047745624375263
0.5163850532945736
0.545283371239331
0.5592307468821865
0.6172552980888811
0.5220517261467637
0.544429925044376
0.5286651345398833
0.5332572149856248
