0.6319294594228267
0.7892291521653533
0.6281919671309879
0.5428995594382287
0.7805978158222777
0.7804209093252817
0.8682109798703875
0.5037111535590763
0.7131805614464812
0.7216830337420106
0.26016945842517697
0.2286966472864151
0.786759932525456
0.7109632611274719
0.4799826530118783
0.6724329272595545
0.7998488492199353
0.5509719997644424
0.6477835650730412
0.877415935198466
0.7018698411328452
0.3342995703220367
0.7854427033000522
0.4679107181727886
0.3647058032608281
0.8546272050589323
0.8914047479629517
0.6534872594555574
0.6169678781713758
0.7768493358578
0.71515676092643
0.3360867260277949
0.7250688934905661
0.7629551348379917
0.7285830238601193
0.9151880542437235
0.5308991872589104
0.19628788232803346
0.40580504410900176
0.729639919102192
0.7578829928404756
0.44658378263314563
0.6114006012678146
0.6524718600325287
0.7724823970347643
0.4037807244208774
0.34342905413359404
0.4666732717305422
0.5881368798727635
0.5935667213052511
0.6260388689115644
0.6590823263395578
0.7880833234105792
0.39783790250393475
0.39163384288549424
0.4773133566486649
0.7711713910102844
0.3721462343237363
0.8003607852892443
0.7654541283845901
0.014729480445384979
0.09175302596607555
0.5915606142953038
0.6494122876061333
0.9208197842041651
0.6233504840121087
0.6746306558023207
0.4241382474079728
0.4811943145468831
0.5440849456936121
0.5078007398115005
0.30265708826482296
0.5101724007082257
0.8401043627721568
0.4678144734352827
0.4586048303837223
0.7035704782597763
0.8373810984194279
0.7778281077742577
0.8661761709488929
0.5724060019128956
0.5913341485623581
0.5120842216225961
0.03239122161176056
0.6976123960223048
0.39485051846228697
0.6707850275794044
0.6872558644536184
0.5222285433926366
0.377837185566831
0.5588476640793184
0.2714588978754667
0.7082454057840201
0.7034702058881521
0.698465862444469
0.500289752962999
0.224650185322389
0.4271388727550705
0.3803410066757351
0.3015163764357567
0.6523673509558042
0.6361632387852296
0.7115785024527993
0.5937943666552504
0.4198136057704687
0.5790904061868787
0.5547256120903925
0.7372189660867056
0.6809888513744227
0.666860024134318
0.5164701989851892
0.4405975797110134
0.8513584583997726
0.6220370452501811
0.5513188549213939
0.6423231205262709
0.5008795236547788
0.9922026495138804
0.5014426502295666
0.666083250194788
0.5803603053092956
0.49009985179873183
0.6030950110580307
0.7279893979430199
0.8504272401332855
0.6676613443414681
0.6184767854533025
0.7741265570123991
0.8381679985258315
0.4216132132957379
0.6561539634742075
0.2715750224888325
0.4526656256057322
0.4872521162033081
0.7786751793963569
0.4840967195729415
0.5027568509270038
0.9608433842658997
0.6764820078387856
0.7209687151813081
0.6528599411249161
0.7839748015006384
0.2852451635990292
0.7931426465511322
0.5816789699252695
0.4960240874206647
0.756666349619627
0.329185403831717
0.6615553781804111
0.33229381212731823
0.35356639113954524
0.6228987472131848
0.6427530693035806
0.6391601375976784
0.825974969814221
0.7592599093914032
0.7925133875438145
0.8102539603908857
0.5404968758424123
0.4299984501623031
0.42512762998895987
0.37848221841785645
0.7560930053393046
0.9448939114809036
0.7895271144807339
0.4284839843865484
0.9203980267047882
0.6517214963096194
0.477639733680657
0.7514494125332151
0.24846473979996517
0.4762794759590179
0.5636322018690407
0.3889845125260763
0.8901874919732412
0.6503087257345518
0.6175725714613994
0.13755373443875993
0.6417335585824081
0.6046991310082376
0.33469748916104436
0.7027124318604668
0.6354501783382147
0.5845131710171699
0.7367519531399012
0.358732648692759
0.858769314629691
0.6773986299522221
0.5664784693055682
0.25038344969341
0.5991628553186145
0.6755724807556432
0.6906471752694675
0.4411839097738266
0.5852647920449575
0.6526718800887465
0.4729704305840035
0.6387715983603682
0.6408606636751857
0.709094762802124
