[57, 41, 196, 133]
[48, 32, 187, 126, 92]
[53, 37, 193, 128, 97]
[52, 36, 125]
[50, 33, 192, 126]
[48, 31, 188, 124]
[51, 33, 190, 129]
[50, 34, 133]
[48, 32, 185, 123, 92]
[53, 38, 206, 136, 98, 70]
[100, 69, 269, 203, 134, 109]
[49, 32, 123]
[49, 33, 123]
[24, 15]
[65, 43, 139, 108]
[49, 33, 189, 122, 92]
[52, 33, 132]
[26, 16]
[51, 34, 192, 131, 98]
[50, 33, 127]
[49, 33, 184, 126]
[49, 32, 183, 122]
[47, 32, 184, 120, 89]
[54, 34, 193, 130, 97]
[107, 70, 259, 194, 140, 118, 281]
[54, 36, 193, 134, 99]
[54, 34, 128, 95]
[53, 36, 130]
[48, 32, 181, 121, 89]
[53, 33, 126]
[101, 69, 250, 187, 133, 110, 274]
[52, 34, 192, 132, 99, 71]
[51, 35, 199, 131]
[53, 37, 196, 135]
[101, 70, 183, 125, 94, 69]
[50, 34, 190, 127, 94]
[48, 32, 178, 120]
[50, 34, 185, 124]
[48, 31, 181, 120, 89]
[53, 34, 128]
[54, 34, 189, 125]
[52, 35, 190, 128, 98]
[110, 69, 257, 195, 143, 119, 279]
[50, 33, 185, 125, 94]
[51, 34, 192, 130, 97]
[53, 35, 128]
[24, 15, 93]
[49, 32, 181, 123]
[52, 34, 187, 127]
[52, 35, 193, 125, 95]
[51, 34, 189, 125, 94, 70]
[49, 34, 125]
[51, 32, 190, 124, 93]
[50, 34, 189, 128]
[50, 35, 184, 124, 93, 66]
[50, 34, 199, 141, 109]
[107, 74, 257, 196, 143, 119, 281]
[105, 67, 255, 191, 137, 115]
[53, 33, 193, 133, 96, 69]
[52, 34, 186, 126, 95]
[50, 34, 207, 142, 111]
[51, 15, 92]
[49, 33, 183, 125]
[49, 32, 183, 123, 91]
[48, 32, 186, 126, 90, 63]
[49, 33, 191, 127, 94]
[49, 33, 186, 122, 91]
[54, 38, 193, 132, 98]
[48, 33, 179, 121, 91]
[50, 33, 194, 130, 97, 69]
[52, 35, 132]
[54, 35, 128]
[50, 33, 187, 125, 92]
[51, 33, 190, 123, 91, 67]
[52, 35, 195, 133, 97]
[51, 35, 189, 124]
[54, 37, 194, 133, 99, 70]
[54, 34, 194, 132, 97]
[54, 39, 205, 138, 103]
[101, 67, 266, 191, 134, 110]
[50, 34, 195, 131, 95, 66]
[51, 36, 128]
[48, 32, 194, 131, 92]
[27, 18]
[54, 36, 207, 143]
[61, 41, 146, 109]
[53, 35, 191, 128]
[51, 34, 191, 129]
[53, 35, 188, 128, 96]
[50, 34, 187, 125, 95]
[55, 36, 130, 96]
[47, 32, 179, 120, 88]
[103, 69, 253, 188, 136, 113, 276]
[49, 33, 185, 126, 92]
[50, 33, 129]
[52, 34, 195, 132, 97]
[56, 37, 134]
[48, 33, 122]
[52, 34, 130, 99]
[50, 32, 128]
[52, 35, 193, 129, 94]
[52, 36, 183, 126, 94]
[49, 33, 190, 130]
[48, 32, 185, 123]
[28, 18]
[52, 34, 197, 129, 98]
[52, 34, 212, 140, 101]
[12]
[50, 34, 134, 103]
[57, 39, 135, 104]
[50, 34, 190, 125, 92]
[48, 33, 192, 126, 93]
[55, 38, 196, 134]
[103, 68, 263, 196, 138, 113, 286]
[50, 33, 187, 123, 92]
[55, 36, 197, 134, 98]
[49, 34, 187, 128]
[51, 35, 182, 123, 92]
[50, 34, 183, 124, 93]
[49, 33, 127, 95]
[28, 17]
[50, 32, 189, 127]
[50, 34, 186, 126, 93]
[52, 36, 128]
[50, 32, 189, 127, 97, 70]
[61, 41, 134, 103]
[49, 32, 191, 127]
[24, 15]
[53, 37, 193, 132, 99, 69]
[25]
[49, 32, 185, 124]
[25, 16, 93]
[54, 37, 136]
[24, 15]
[51, 34, 191, 131]
[53, 36, 141, 103]
[49, 32, 128, 97]
[50, 34, 125]
[48, 32, 181, 120]
[51, 35, 194, 131, 96]
[49, 33, 128]
[52, 35, 128]
[47, 32, 126, 91]
[53, 35, 189, 130, 96]
[52, 35, 191, 129, 98]
[48, 33, 187, 126]
[50, 32, 191, 129, 95]
[55, 37, 129, 97]
[51, 34, 130]
[51, 35, 189, 125]
[99, 65, 262, 198, 143, 118]
[51, 34, 186, 127]
[50, 34, 184, 123]
[56, 37, 197, 135, 101]
[49, 33, 121]
[50, 34, 127, 95]
[57, 38, 138]
[51, 32, 133]
[52, 37, 129]
[48, 32, 181, 121, 90]
[54, 38, 131, 99]
[51, 33, 192, 129, 98]
[26, 17]
[26, 17]
[50, 33, 124, 92]
[53, 34, 189, 127, 96, 69]
[]
[49, 34, 186, 126, 95]
[53, 37, 192, 127]
[51, 34, 125]
[101, 66, 253, 190, 135, 110]
[48, 32, 190, 124, 93, 65]
[62, 38, 202, 141, 109]
[28, 19]
[53, 35, 194, 134]
[49, 33, 129]
[52, 33, 131]
[48, 32, 186, 122, 92]
[55, 39, 132]
[49, 33, 182, 122, 91]
[24, 16]
[55, 37, 140]
[49, 33, 190, 129, 92]
[51, 34, 194, 134]
[27, 17]
[58, 42, 134]
[54, 36, 128, 98]
[51, 32, 127, 94]
[48, 32, 188, 125]
[57, 35, 192, 133, 102]
[54, 36, 197, 133]
[107, 72, 263, 195, 140, 117]
[52, 36, 195, 130, 97]
[26, 17, 104]
[51, 35, 186, 127, 95]
[49, 32, 184, 125, 95]
[53, 36, 195, 133, 99]
[51, 33, 188, 127]
[55, 38, 196, 134]
[49, 33, 186, 121, 90]
