0.8554845660665761
0.9759202130464588
0.8150940983646981
0.9672401421426581
0.8331723644660504
0.9771480655126394
0.8388631826552562
0.9859855779827637
0.805245295145829
0.9735982246590257
0.7678472871409906
0.9770153080527089
0.8401003649635037
0.9825888071661307
0.7607621865314173
0.9740388206403511
0.8212972005208335
0.9769120629996422
0.8335638188143805
0.9804887231535185
0.7987894796162966
0.9769281879161842
0.7764756491693078
0.9714304763809715
0.7799441175067238
0.9756680780034522
0.7991989275219075
0.9797972403776325
0.7430028164480567
0.9862525191258957
0.8301511637074849
0.9738688366025312
0.8183048856754984
0.9850040772903754
0.855067767928905
0.9855576432317227
0.7754155463686804
0.970934957911028
0.828824805941275
0.9905596458737974
0.8213450292397662
0.9610681097998389
0.8994551153763564
0.979902637593444
0.8478456885816668
0.9617585877326138
0.7864249482769714
0.9774962665574096
0.8224306265487024
0.9512535526761028
0.833409669720156
0.9708516728466698
0.8000443346312621
0.9834092150792204
0.8532036935935211
0.9812284402482762
0.6405696389461047
0.981849524689893
0.7600012792033515
0.9818014734536725
0.8834131334275939
0.9756753545765157
0.8503173142109415
0.9724226237251752
0.7888931979217052
0.9850893687838246
0.8421124640704823
0.9518141423448828
0.85808826023315
0.9836305119339842
0.8505389460058251
0.9870320857387143
0.8118727624403252
0.9794317672794841
0.8090584070258036
0.9490045905683154
0.8508914659338566
0.9748678658536585
0.7688979200756159
0.9813665550400935
0.8419404414827156
0.9806323121394247
0.840737746240243
0.9752819368532663
0.7211084837848895
0.9355575248787444
0.8437990322112786
0.9756768928511101
0.8748126244305763
0.9710124426659706
0.7459064544913743
0.9749896488458227
0.7459791354857613
0.9755069816268128
0.8595944771770602
0.9732248520710061
0.8218430549144795
0.9799210205624199
0.8549618067106528
0.9576474505880118
0.8038565621155929
0.9846484774736912
0.8080511863503066
0.9780307300053677
0.8529504273504274
0.9735451102463526
0.7836764545056868
0.9397481203007518
0.9229576043354369
0.9815692101226995
0.8329547126932463
0.9746226187891357
0.8254296897158092
0.9736095897645926
0.8819444444444444
0.956202892941915
0.8081917521503713
0.9773557341124909
0.8434741417934696
0.9813895920174605
0.8201199433530182
0.9738639719104409
0.8916115198914033
0.9771036011792005
0.8357528095029313
0.9749339173653957
0.7839407334291115
0.9998779296875
0.746361904456967
0.9716247750787225
0.8333172738161642
0.9839928613920285
0.8331200134374737
0.9825661333324253
0.822283702324141
0.9815013417208205
0.8600542654772664
0.9855775722387254
0.8760042072639166
0.9774490151400492
0.8204091760514912
0.9780620663605097
0.8617051781098141
0.9749058357732371
0.8011154002619175
0.9838818088331253
0.7894480420602568
0.9756975891241625
0.8650222787612667
0.9740414967284872
0.9043078721275339
0.9794630713985994
0.8428474672219808
0.9848625615763547
0.8377702843509942
0.974878473897748
0.8059668315703387
0.9790393466123434
0.8668753257809249
0.9825541564143387
0.8207564001932134
0.9638448952359772
0.9120182946366954
0.9910742504966588
0.8337551877179278
0.9788014765669756
0.8011306874943237
0.9840499327324718
0.7943208977203998
0.9792734063438425
0.8708240162570006
0.9741369045302335
0.7957957957957958
0.9608090251448012
0.8634207273147734
0.9786098817284474
0.7916800565293803
0.9803844975490196
0.8273476989172892
0.9868591405387943
0.872984340734649
0.9554280626184899
0.822839070926775
0.9774104683195592
0.8402611828780396
0.9819973544973545
0.8647084268612046
0.9732908601094669
0.7390775865641335
0.9709515865583448
0.7461775822771277
0.975584929200059
0.7911143426672997
0.9108947804473903
0.9018182346836321
0.9801912051198926
0.7911488923539653
0.9841352716917691
0.8676486032346145
0.9752786057980194
