0.960111141204834
0.9850119829177857
0.7975862557068467
0.5967747069895267
0.7185216349150453
0.8667585700750351
0.9008161212716784
0.8264745231717825
0.9701095554563735
0.930389977991581
0.986071248849233
0.6224832410924137
0.907194604476293
0.9870992422103881
0.9624924659729004
0.8484090798430972
0.776548006172691
0.817542091012001
0.9065617360174656
0.9932068288326263
0.8647633961268834
0.6885650733485817
0.5702111058118235
0.7819663083387746
0.8098051014821976
0.9351236000657082
0.918374220530192
0.9892810753413609
0.83160543016025
0.8563573466879981
0.9567661377099844
0.7958617216103118
0.9702839255332947
0.9935847984419929
0.8512498114490882
0.9327901932928298
0.8924076296389103
0.9839783906936646
0.7283973628655076
0.9471364974975586
0.958614296383328
0.8261116122206053
0.7191396733745933
0.8418504439294339
0.8502531554549932
0.5734984551423362
0.9795118868350983
0.7431256681281541
0.7503477015998214
0.6479163978947327
0.7221769699826837
0.8259402110124938
0.9270978314535958
0.7309788751669906
0.9202214360237122
0.8060940079391002
0.8098426659901937
0.7624206963810138
0.988326983018355
0.9000193807813857
0.07824586738239635
0.664153894681173
0.9912428706884384
0.9697628219922384
0.9781247029701868
0.7048740115003764
0.8616066232323647
0.8299192979931831
0.5619531916017877
0.8471680703488264
0.8421963267360947
0.9708954592545828
0.894921756603501
0.9791837384303411
0.6540214854438091
0.9338906577655247
0.7556579821446742
0.9503180012106895
0.8585548701696097
0.9716155648231506
0.9919747660557429
0.7167177110289534
0.7913144810332192
0.7857343293726444
0.789889524737373
0.753194270707253
0.701727145165205
0.8206834364682436
0.8049557002430613
0.8658851948049333
0.778455967704455
0.9052032629648844
0.931049278149238
0.9641623124480247
0.9773581113134112
0.8365522347157821
0.5702173371267106
0.8166294069960713
0.9544276669621468
0.9812353253364563
0.8276094430022769
0.9111119769513607
0.8289434701936054
0.7828918091124959
0.8309218943119049
0.7343129515647888
0.7940286049111323
0.9841736753781637
0.8115757608029526
0.9298750559488932
0.6999566769227386
0.9477983713150024
0.8667425771127455
0.8211057622878192
0.7652532058871455
0.9712647497653961
0.6579823968932033
0.9902412394682566
0.5995931790934669
0.8398598742981752
0.8039539307355881
0.9419847726821899
0.8435537265613675
0.9221461216608683
0.9653696928705487
0.7528243456035852
0.8364163458879504
0.9768233795960745
0.9896334409713745
0.9941083192825317
0.9248148202896118
0.8850896835327149
0.8159003723412752
0.9739768356084824
0.8443505465984344
0.8329528983061513
0.9882740804127285
0.9795412302017212
0.9630989730358124
0.9680667775017875
0.7957629131153225
0.946610281864802
0.742168552436245
0.9385525315999985
0.8795169182121754
0.7818911123671569
0.8883875722065568
0.7798126435114278
0.8755444147520595
0.8476437255740166
0.7369387617165392
0.8361021317541599
0.8437902464647777
0.7989600705914199
0.8603869179884592
0.8296154694897788
0.8820172888892037
0.8275827169418335
0.8108403235673904
0.8731648855739169
0.9775111845561436
0.9617757201194763
0.988497277100881
0.9820379018783569
0.9592186436057091
0.9057161867618561
0.9910355508327484
0.8019165825098753
0.9120474031993321
0.8701196759939194
0.7691195680876263
0.8149655823196683
0.8370498252204723
0.6354372203350067
0.8810631285111109
0.9911283155282339
0.9286302526791891
0.1410081045968192
0.7729399715151105
0.8553225565701723
0.7665619570761919
0.9246478378772736
0.9572639465332031
0.9045297652482986
0.7399609908461571
0.8746232496840614
0.9931024312973022
0.9167119190096855
0.9370641509691874
0.6119087780160564
0.70021214602249
0.7776263326478119
0.959618832383837
0.9268144249916077
0.8567230718003379
0.8812940940260887
0.9444437921047211
0.6743761110119522
0.8723690625694063
0.9732566922903061
