0.9916607141494751
0.9993137121200562
0.984261155128479
0.9983084797859192
0.9768285751342773
0.9988269209861755
0.9964277744293213
0.9996050000190735
0.9926893711090088
0.997761607170105
0.9909660816192627
0.9972149133682251
0.9980406761169434
0.9992692470550537
0.9957122206687927
0.9998847842216492
0.9539439678192139
0.9988812208175659
0.9869694709777832
0.9979428648948669
0.9731932878494263
0.9691990613937378
0.9938704967498779
0.9998387694358826
0.9608790874481201
0.9987096190452576
0.984499454498291
0.999596357345581
0.9924068450927734
0.9994591474533081
0.9934431314468384
0.9994311332702637
0.941626787185669
0.9986727237701416
0.9807619452476501
0.999004602432251
0.9514827728271484
0.9997216463088989
0.9564217925071716
0.9998131394386292
0.9929583668708801
0.9992685317993164
0.9899522662162781
0.9989977478981018
0.9869500398635864
0.9694586992263794
0.9903388619422913
0.9632495641708374
0.9851154088973999
0.9987230896949768
0.9889277219772339
0.9983266592025757
0.9758461713790894
0.9966688752174377
0.9942175149917603
0.9988186955451965
0.9623887538909912
0.9991387128829956
0.9932421445846558
0.9989475607872009
0.9762628078460693
0.9998863935470581
0.910266637802124
0.9971400499343872
0.9813333749771118
0.9987837076187134
0.9929333925247192
0.9994899034500122
0.9833084344863892
0.9986292123794556
0.9955124855041504
0.9995831847190857
0.9836399555206299
0.999468207359314
0.9954273104667664
0.9984992742538452
0.983137845993042
0.9853503108024597
0.970930814743042
0.9973548650741577
0.9939208030700684
0.999096155166626
0.9926388263702393
0.998938798904419
0.9857316017150879
0.9996113777160645
0.9964755773544312
0.9996219873428345
0.9976515769958496
0.9989081621170044
0.9605323672294617
0.9993921518325806
0.9559432864189148
0.996155321598053
0.9965959787368774
0.9987505674362183
0.9970653653144836
0.999221682548523
0.9940186738967896
0.9995682835578918
0.9880585670471191
0.9980320334434509
0.9822238683700562
0.9883981943130493
0.9945897459983826
0.9992800951004028
0.9921575784683228
0.8903142809867859
0.9979503154754639
0.9998076558113098
0.9938540458679199
0.9945375919342041
0.9701035618782043
0.9984463453292847
0.9887954592704773
0.9982113838195801
0.9965688586235046
0.9995348453521729
0.9971371293067932
0.9822714924812317
0.9914083480834961
0.9997100234031677
0.9986289143562317
0.9985299110412598
0.9948629140853882
0.9987342357635498
0.9793692827224731
0.9995561242103577
0.9784796237945557
0.9968388080596924
0.9901103377342224
0.99956214427948
0.9804885387420654
0.9937149882316589
0.9584234952926636
0.9996403455734253
0.9980255365371704
0.9998981952667236
0.9950245022773743
0.9982622861862183
0.9979025721549988
0.9997483491897583
0.9952041506767273
0.9953442811965942
0.9792405366897583
0.9995760321617126
0.9474760293960571
0.9959179162979126
0.9932150840759277
0.9997912645339966
0.9952507019042969
0.9987232685089111
0.9980773329734802
0.9997005462646484
0.9832479357719421
0.994317352771759
0.994004487991333
0.9961463212966919
0.9982319474220276
0.9981176853179932
0.9982273578643799
0.9981178045272827
0.9880212545394897
0.9993407130241394
0.9934253692626953
0.9857361316680908
0.9963328838348389
0.9994915723800659
0.9956579208374023
0.9992331266403198
0.9874870777130127
0.9965721368789673
0.9769104719161987
0.993930995464325
0.9949647188186646
0.9998701810836792
0.9890053272247314
0.9996187686920166
0.9927675724029541
0.9996647238731384
0.9976760149002075
0.9994584321975708
0.9972584247589111
0.998640775680542
0.9853280782699585
0.9998775720596313
0.9972026348114014
0.9969069957733154
0.9936240911483765
0.9991722702980042
0.9822189807891846
0.9991694688796997
0.9905191659927368
0.9974341988563538
0.980029821395874
0.9990371465682983
0.9773633480072021
0.9954358339309692
0.9974102973937988
0.9996488094329834
