-0.9938294887542725
-0.7521970868110657
-0.9477611184120178
-1.0897247791290283
-1.0217537879943848
-0.7355284094810486
-1.1059298515319824
-0.7563084363937378
-0.9919127225875854
-0.5961279273033142
-0.9436385631561279
-0.7078614830970764
-1.112153172492981
-0.7748371958732605
-0.9336936473846436
-1.09053635597229
-0.9780712127685547
-0.9670966863632202
-0.7704508900642395
-0.7655408978462219
-1.1379812955856323
-0.7783206105232239
-0.8920369148254395
-0.6729492545127869
-0.8831150531768799
-0.8065901398658752
-0.9968409538269043
-0.7848896980285645
-0.878915011882782
-0.6989441514015198
-0.9064533114433289
-0.7005301117897034
-0.8139780759811401
-0.7523335218429565
-0.8552109003067017
-0.7549000382423401
-1.0593587160110474
-0.7570067644119263
-0.9295390844345093
-0.7007997632026672
-0.743655264377594
-0.736805260181427
-0.8968461751937866
-0.7301934957504272
-0.7846776247024536
-0.8948648571968079
-0.9326134324073792
-0.827062726020813
-1.0303544998168945
-0.8560613393783569
-0.9406508207321167
-0.7486209273338318
-0.8589086532592773
-0.774749755859375
-0.8423430323600769
-0.6789993047714233
-1.1169021129608154
-0.695148766040802
-0.8917210102081299
-0.7102164626121521
-0.782347559928894
-0.7017661929130554
-0.8699107766151428
-2.054408073425293
-0.8406801819801331
-0.7877627611160278
-0.8098078966140747
-0.6820160150527954
-0.9834202527999878
-0.7669814825057983
-0.9423319101333618
-0.7203482985496521
-0.9061282873153687
-0.6894680261611938
-1.1966816186904907
-0.7761688828468323
-0.7414665818214417
-0.6444433927536011
-1.0363329648971558
-0.6296436190605164
-0.8454910516738892
-0.8734634518623352
-1.0103390216827393
-0.8166349530220032
-0.9693767428398132
-0.796673059463501
-1.0096944570541382
-0.7623189091682434
-1.381901741027832
-0.7584514021873474
-1.107654333114624
-0.7257853746414185
-1.037083387374878
-0.7106438875198364
-1.152799129486084
-0.6615020632743835
-0.848568856716156
-0.8317072987556458
-0.6911669969558716
-0.7202363610267639
-0.9431434273719788
-0.7953104972839355
-1.4025428295135498
-0.8762025237083435
-0.8803401589393616
-0.732234001159668
-1.0091079473495483
-1.1386951208114624
-0.7687492966651917
-0.7451716661453247
-0.8332721590995789
-0.5720937848091125
-0.8519575595855713
-0.6700847148895264
-0.8048214316368103
-0.7729600071907043
-0.802584171295166
-0.7329995632171631
-0.974548876285553
-0.8528137803077698
-0.8548824787139893
-0.6739410758018494
-3.094254732131958
-0.7985526919364929
-0.763935387134552
-0.8031595349311829
-1.1178529262542725
-0.9188075065612793
-0.9446362853050232
-0.8975414633750916
-1.0393518209457397
-0.7371078133583069
-0.8489020466804504
-0.7685644030570984
-0.9288985133171082
-0.6566853523254395
-0.8822485208511353
-0.7236452698707581
-0.8079261779785156
-0.7538533806800842
-0.913602888584137
-0.6801932454109192
-0.9024706482887268
-0.7748036980628967
-0.9197328686714172
-0.7501246929168701
-1.014336109161377
-0.7759085893630981
-0.9347224235534668
-0.8052662014961243
-0.8934813141822815
-0.7091935276985168
-0.8717819452285767
-0.6775489449501038
-0.9932403564453125
-0.8464984893798828
-1.085379719734192
-0.8281622529029846
-0.7603504061698914
-0.6953229308128357
-0.8981226682662964
-0.7024694681167603
-0.74641352891922
-0.893862247467041
-0.9117297530174255
-0.7740241289138794
-1.2588207721710205
-0.7973668575286865
-0.8807228207588196
-0.7692939043045044
-0.7518698573112488
-0.6769495010375977
-0.8478346467018127
-0.9550905823707581
-0.897844672203064
-0.6924147009849548
-1.2607645988464355
-0.647009551525116
-0.9141454100608826
-0.7935947179794312
-0.8966944813728333
-0.7519302368164062
-0.8820675015449524
-0.7258814573287964
-1.0489065647125244
-0.586066722869873
-0.8328530192375183
-0.7291616201400757
-0.9577140212059021
-0.7279319167137146
-1.0278944969177246
-0.7780008912086487
-0.9597039222717285
-0.83891361951828
-0.8864138126373291
-0.6765379905700684
-0.9028370380401611
-0.7775196433067322
-0.8889674544334412
-0.7625066041946411
