0.9893491268157959
0.9989014267921448
0.9839616417884827
0.9966696500778198
0.9726165533065796
0.9985731840133667
0.9962599277496338
0.9991897344589233
0.9917978048324585
0.9966768026351929
0.9856029152870178
0.9966390132904053
0.9805977940559387
0.9983066320419312
0.995452344417572
0.9995583295822144
0.9547693729400635
0.994532585144043
0.9780614972114563
0.9974536895751953
0.8942251205444336
0.9687360525131226
0.99495929479599
0.9989795684814453
0.9528943300247192
0.9824416637420654
0.9837381839752197
0.9990042448043823
0.9928656220436096
0.9991925358772278
0.9928610324859619
0.9972373247146606
0.9367148876190186
0.9970089197158813
0.980118453502655
0.9963065385818481
0.9773170948028564
0.9995479583740234
0.9578736424446106
0.9992384910583496
0.9952542781829834
0.9978601932525635
0.9896039962768555
0.9987730979919434
0.9860659837722778
0.9608553647994995
0.9919149279594421
0.9618164300918579
0.984555721282959
0.9951990842819214
0.9884060621261597
0.9981638789176941
0.9695805311203003
0.9959486722946167
0.9935004711151123
0.9934098720550537
0.9612796306610107
0.9979162216186523
0.9932224750518799
0.9984830617904663
0.9753183126449585
0.9833269119262695
0.9098464250564575
0.9975689053535461
0.9809006452560425
0.9806206822395325
0.9933698177337646
0.9988771677017212
0.9837424159049988
0.9983775019645691
0.9952076077461243
0.9980754852294922
0.9875261783599854
0.9991292953491211
0.9930092096328735
0.9956514239311218
0.9796778559684753
0.9851552248001099
0.96800696849823
0.99712735414505
0.993030309677124
0.9952399730682373
0.992467999458313
0.9986324906349182
0.9867910146713257
0.9976363182067871
0.9950200319290161
0.9782257080078125
0.9962830543518066
0.9976472854614258
0.9578379392623901
0.9977911114692688
0.9577580690383911
0.9963995814323425
0.9939647316932678
0.9810016751289368
0.9969525933265686
0.9981839656829834
0.9943466186523438
0.9994626045227051
0.9877316951751709
0.9970277547836304
0.9836763143539429
0.9878827333450317
0.9946283102035522
0.9951291084289551
0.992450475692749
0.8914648294448853
0.9970018863677979
0.9993619918823242
0.9926174283027649
0.993804931640625
0.9689503312110901
0.9983894228935242
0.9803164005279541
0.9979490041732788
0.9956066608428955
0.9990156888961792
0.9922709465026855
0.9807654023170471
0.9911969304084778
0.9993712902069092
0.9968684911727905
0.9988611936569214
0.9937485456466675
0.9966336488723755
0.9841324090957642
0.9988061189651489
0.9772038459777832
0.9950036406517029
0.9743448495864868
0.998279333114624
0.977371335029602
0.9930009841918945
0.9541748762130737
0.9993787407875061
0.997311532497406
0.9986886978149414
0.9949008226394653
0.998076319694519
0.9881845712661743
0.991062343120575
0.9949182271957397
0.9923332929611206
0.9749257564544678
0.9948490262031555
0.9476543068885803
0.9958580732345581
0.9922500848770142
0.9967012405395508
0.9952227473258972
0.9960364103317261
0.9970917105674744
0.9993996620178223
0.9828464984893799
0.992685079574585
0.9937257766723633
0.9949803948402405
0.9977501630783081
0.9929345846176147
0.998146653175354
0.9976814985275269
0.9887721538543701
0.9984375238418579
0.9931564331054688
0.9832925796508789
0.9954949617385864
0.9988378882408142
0.9956915378570557
0.9984247088432312
0.9854682087898254
0.9957011938095093
0.973044753074646
0.9926018714904785
0.993681788444519
0.9994152784347534
0.9889988899230957
0.9992486238479614
0.9915460348129272
0.9995615482330322
0.9959495067596436
0.9984577894210815
0.9956444501876831
0.9986699819564819
0.9816943407058716
0.9931643605232239
0.9965757131576538
0.9964289665222168
0.9854702949523926
0.9980306625366211
0.9877280592918396
0.9967595934867859
0.9905400276184082
0.9944141507148743
0.9779566526412964
0.9983354806900024
0.9767813682556152
0.9948846101760864
0.9966351389884949
0.9993864297866821
