0.6048979887738823
0.7892291521653533
0.6025714206771227
0.5428995594382287
0.6965185161679983
0.7804209093252817
0.9140451635633197
0.5037111535590763
0.7152649317350652
0.7216830337420106
0.2659808465638586
0.2286966472864151
0.7438609674572945
0.7109632611274719
0.6520207412540913
0.6724329272595545
0.8392168485692569
0.5509719997644424
0.518365078343777
0.877415935198466
0.6949397282941001
0.3342995703220367
0.708435632288456
0.4679107181727886
0.37727712595369667
0.8546272050589323
0.8468089136812422
0.6534872594555574
0.7883369539465223
0.7768493358578
0.6696956713612263
0.3360867260277949
0.7035363207364248
0.7629551348379917
0.6499467158748302
0.9151880542437235
0.7276339019590523
0.9706068634986877
0.4499984122812748
0.729639919102192
0.7013832463158501
0.44658378263314563
0.5628709324169904
0.6524718600325287
0.7408920340240002
0.4037807244208774
0.3384609166532755
0.4666732717305422
0.566271455027163
0.5935667213052511
0.6586795882321894
0.6590823263395578
0.766080345426287
0.39783790250393475
0.47191609321162103
0.4773133566486649
0.788978340725104
0.3721462343237363
0.8155805040150881
0.7654541283845901
0.018831733952869068
0.09175302596607555
0.5360240610898472
0.6494122876061333
0.9151426901419958
0.6233504840121087
0.6168302348203725
0.4241382474079728
0.4687286283733556
0.5440849456936121
0.4845569730012877
0.30265708826482296
0.7387918839231133
0.8401043627721568
0.5634954099252354
0.4586048303837223
0.6133864411438646
0.8373810984194279
0.7789694651961326
0.8661761709488929
0.48513131918540847
0.5913341485623581
0.5320304520428181
0.03239122161176056
0.6901434732135385
0.6397318616509438
0.5978351786034182
0.6872558644536184
0.5327771915630861
0.377837185566831
0.762570645660162
0.2714588978754667
0.5992273232684686
0.7034702058881521
0.7075210171086448
0.500289752962999
0.17551368845826282
0.4271388727550705
0.42653813399374485
0.3015163764357567
0.6474489648309019
0.6361632387852296
0.6297362853905984
0.5937943666552504
0.36479562185704706
0.5790904061868787
0.5583036436953328
0.7372189660867056
0.5538586158218095
0.666860024134318
0.518896851533403
0.4405975797110134
0.7795446261297911
0.6220370452501811
0.5330700152036216
0.6423231205262709
0.4195529477049907
0.9922026495138804
0.3038541408669617
0.666083250194788
0.5414616391062737
0.49009985179873183
0.6138797778403386
0.7279893979430199
0.965388902596065
0.6676613443414681
0.7061922580802015
0.7741265570123991
0.980629993809594
0.4216132132957379
0.7576945722539676
0.2715750224888325
0.5152060533873737
0.4872521162033081
0.7970060919012342
0.4840967195729415
0.5273094792916838
0.9608433842658997
0.6135383490181994
0.7209687151813081
0.5890615031123161
0.7839748015006384
0.30696383813240874
0.7931426465511322
0.58868328621611
0.4960240874206647
0.7591666810214519
0.329185403831717
0.6601102847812904
0.33229381212731823
0.36961808800697327
0.6228987472131848
0.6498299540253356
0.6391601375976784
0.751457034299771
0.7592599093914032
0.7538601245198931
0.8102539603908857
0.6382793386777242
0.4299984501623031
0.383087072255356
0.37848221841785645
0.7511247793833414
0.9448939114809036
0.8249443061649799
0.4284839843865484
0.9913291931152344
0.6517214963096194
0.42877550210271564
0.7514494125332151
0.1954627456376329
0.4762794759590179
0.5361881248342494
0.3889845125260763
0.9049396216869354
0.6503087257345518
0.5724390492153665
0.13755373443875993
0.8208627828529903
0.6046991310082376
0.4062565288040787
0.7027124318604668
0.551185014937073
0.5845131710171699
0.7352485433220863
0.358732648692759
0.9538773724011013
0.6773986299522221
0.5295547258315815
0.25038344969341
0.676588986068964
0.6755724807556432
0.8876616443906512
0.4411839097738266
0.5604694295260642
0.6526718800887465
0.49464176905651885
0.6387715983603682
0.6832890040241182
0.709094762802124
