-1.2788028717041016
-0.8406025171279907
-1.2492464780807495
-1.1189415454864502
-1.052262306213379
-0.7709466814994812
-1.328920602798462
-0.7055312991142273
-1.3735988140106201
-0.6331285834312439
-1.3359068632125854
-0.8415343761444092
-1.1566609144210815
-1.3561384677886963
-1.3302321434020996
-0.7991964817047119
-1.3663934469223022
-0.9976670145988464
-0.9989448189735413
-0.7856419086456299
-1.3914225101470947
-0.8801741003990173
-1.3761686086654663
-0.7359924912452698
-1.1814237833023071
-0.7967992424964905
-1.1918599605560303
-0.8450289964675903
-1.3135818243026733
-0.7514539957046509
-1.2403820753097534
-0.6604999899864197
-1.1239370107650757
-0.7876832485198975
-1.1932435035705566
-0.835625171661377
-1.5329865217208862
-0.8027515411376953
-1.3858228921890259
-0.6977236866950989
-1.0746947526931763
-0.9460409283638
-1.081878900527954
-0.820125937461853
-1.0190131664276123
-0.8565892577171326
-1.4639784097671509
-0.8372564911842346
-1.3627156019210815
-0.8499317765235901
-1.377956509590149
-0.7823273539543152
-1.1424314975738525
-0.799643874168396
-1.1683192253112793
-0.7362604737281799
-1.687028169631958
-0.719517707824707
-1.3651230335235596
-0.826379656791687
-1.2247672080993652
-0.7600728869438171
-1.292601227760315
-0.9511175155639648
-1.2972177267074585
-0.7726145386695862
-1.0797675848007202
-0.7378532886505127
-1.314645767211914
-0.7469240427017212
-1.2918230295181274
-0.7136061191558838
-1.1067240238189697
-0.7269343733787537
-1.2930117845535278
-0.8521556854248047
-0.9990332126617432
-0.7753943204879761
-1.331204891204834
-0.6239107251167297
-1.3134814500808716
-0.8799183368682861
-1.2172250747680664
-0.8770579695701599
-1.5509427785873413
-0.8490403294563293
-1.1532877683639526
-0.9126282930374146
-1.375870943069458
-0.8074245452880859
-1.39668607711792
-0.7236669659614563
-1.2970335483551025
-0.7839784622192383
-1.2953962087631226
-0.6418188810348511
-1.2575101852416992
-0.8615173101425171
-0.940422534942627
-0.9320058822631836
-1.098260521888733
-0.9094225168228149
-1.7870742082595825
-0.9024139642715454
-1.1250702142715454
-0.8219909071922302
-1.4691861867904663
-1.508133888244629
-0.8029533624649048
-0.7779346108436584
-1.2215213775634766
-0.6494419574737549
-1.1193287372589111
-0.7535770535469055
-1.0489765405654907
-0.8539007902145386
-0.9294461607933044
-0.8640829920768738
-1.1853609085083008
-0.7899444699287415
-1.2026088237762451
-0.758175790309906
-2.7632250785827637
-0.7084321975708008
-1.0745086669921875
-0.9032621383666992
-1.6065202951431274
-0.9104864597320557
-1.2579931020736694
-1.0595996379852295
-1.3894929885864258
-0.7986640930175781
-1.219957709312439
-0.808425784111023
-1.300166368484497
-0.730322539806366
-0.9905178546905518
-0.7344090938568115
-1.1180028915405273
-0.8272831439971924
-1.447702407836914
-0.6738964915275574
-1.069738745689392
-0.784419059753418
-1.1820789575576782
-0.7557625770568848
-1.2808047533035278
-0.8953486680984497
-1.1165943145751953
-0.7364925742149353
-1.0136609077453613
-0.7718444466590881
-1.0907533168792725
-0.7826023697853088
-1.2931619882583618
-0.7172245979309082
-1.3978101015090942
-0.7945150136947632
-0.961631715297699
-0.7614544034004211
-1.1698724031448364
-0.8414282202720642
-0.8983733654022217
-0.860653281211853
-1.136852741241455
-0.8729389309883118
-2.0603315830230713
-0.8447744846343994
-1.3115599155426025
-0.7199417948722839
-1.0677655935287476
-0.8174275159835815
-1.1105915307998657
-1.1053680181503296
-1.1596224308013916
-0.7678446173667908
-1.889950156211853
-0.6791606545448303
-1.2423685789108276
-0.8246126174926758
-1.069776177406311
-0.838341236114502
-1.0862215757369995
-0.7067214846611023
-1.2371008396148682
-0.5692429542541504
-1.3381294012069702
-0.7135933041572571
-2.2235777378082275
-0.7382855415344238
-1.4762871265411377
-0.7639804482460022
-1.4315836429595947
-1.1699410676956177
-1.0124017000198364
-0.7565261125564575
-1.3696759939193726
-0.7160927653312683
-1.1046441793441772
-0.7301149368286133
