0.9821692109107971
0.9954484701156616
0.9567192792892456
0.9909921288490295
0.9787232279777527
0.9966860413551331
0.9951825141906738
0.997038722038269
0.9889841675758362
0.9951257705688477
0.9858288764953613
0.9913147687911987
0.9896365404129028
0.9959295988082886
0.9864950180053711
0.9985200762748718
0.9675053358078003
0.9955902695655823
0.9697920083999634
0.9980478286743164
0.8617902994155884
0.9680229425430298
0.9946248531341553
0.9957067966461182
0.9601659178733826
0.9608887434005737
0.9822213649749756
0.9986812472343445
0.9787957072257996
0.9986926317214966
0.990886390209198
0.9933136701583862
0.9093000292778015
0.996528685092926
0.9848353862762451
0.9958194494247437
0.9712076187133789
0.9979097247123718
0.9766837954521179
0.9988830089569092
0.9897298216819763
0.9942103028297424
0.9916383028030396
0.9988642930984497
0.9808600544929504
0.9664828181266785
0.9664045572280884
0.9865009188652039
0.9772529006004333
0.9927588105201721
0.9824658036231995
0.9946256875991821
0.9781956076622009
0.9951093792915344
0.990424633026123
0.9844809770584106
0.9743527173995972
0.9985647201538086
0.9815158247947693
0.9980630278587341
0.9161374568939209
0.9407898187637329
0.9118593335151672
0.9943458437919617
0.972166121006012
0.993143618106842
0.9829719066619873
0.9980341196060181
0.9682924151420593
0.9991446137428284
0.990559458732605
0.9919631481170654
0.991119921207428
0.9919599294662476
0.9863234162330627
0.9902182817459106
0.987018346786499
0.9774582386016846
0.9516154527664185
0.9992672204971313
0.9872150421142578
0.9946603178977966
0.9896246790885925
0.9978100657463074
0.962249219417572
0.9987116456031799
0.9850500822067261
0.9486565589904785
0.9922909736633301
0.996753990650177
0.957600474357605
0.9911312460899353
0.9800958037376404
0.9980340003967285
0.9880866408348083
0.9909209609031677
0.9942750930786133
0.9975041747093201
0.9932456016540527
0.9991135001182556
0.9847207069396973
0.9958251118659973
0.9715468287467957
0.9668920040130615
0.9831951856613159
0.9923016428947449
0.9915663599967957
0.9906608462333679
0.9934924244880676
0.9986432790756226
0.9896466135978699
0.9907400608062744
0.9724162817001343
0.9950610399246216
0.9872903823852539
0.9954007267951965
0.9894965291023254
0.9981067776679993
0.9814363121986389
0.992784857749939
0.9940727949142456
0.999186635017395
0.9970413446426392
0.9974086880683899
0.9929909110069275
0.9912022352218628
0.9657894968986511
0.998626708984375
0.982239842414856
0.992480456829071
0.9652867317199707
0.9977960586547852
0.9863636493682861
0.9934433698654175
0.9468269348144531
0.9982712864875793
0.9905933141708374
0.9908614754676819
0.9855498671531677
0.9975144863128662
0.9886968731880188
0.988845944404602
0.988877534866333
0.9860692620277405
0.9848052859306335
0.9981369972229004
0.9061679244041443
0.9849804639816284
0.9911132454872131
0.9919242262840271
0.9920892715454102
0.9938041567802429
0.9950186014175415
0.9988669753074646
0.9683161377906799
0.9774951338768005
0.9906916618347168
0.9932015538215637
0.9931847453117371
0.9811209440231323
0.9918971657752991
0.9944183230400085
0.9902607798576355
0.9975209832191467
0.9907981157302856
0.9815253615379333
0.9965308308601379
0.9970908164978027
0.9927070140838623
0.9941990375518799
0.9877111911773682
0.9956451654434204
0.9662054777145386
0.9835178256034851
0.9919661283493042
0.9980786442756653
0.9793070554733276
0.998384952545166
0.9814097285270691
0.9990488290786743
0.9936564564704895
0.9985973238945007
0.9937113523483276
0.9982704520225525
0.9742267727851868
0.9976680874824524
0.992920994758606
0.9971343874931335
0.9774889349937439
0.9988551735877991
0.9823879599571228
0.9966660737991333
0.9890068173408508
0.9930711388587952
0.983490526676178
0.9981544613838196
0.9729535579681396
0.9949278831481934
0.9799164533615112
0.9987438917160034
