0.9867351055145264
0.9995105862617493
0.9584980010986328
0.9944201111793518
0.9886225461959839
0.9994781613349915
0.9951538443565369
0.9980913996696472
0.9891851544380188
0.997427225112915
0.988183319568634
0.9925164580345154
0.9965192079544067
0.9993549585342407
0.9868833422660828
0.9990983605384827
0.9685274362564087
0.997387170791626
0.9808658361434937
0.9984069466590881
0.9499671459197998
0.975823163986206
0.9947236180305481
0.9997032284736633
0.9599701762199402
0.9988555312156677
0.9781608581542969
0.9995163679122925
0.9714183807373047
0.999320387840271
0.9914309978485107
0.9994357228279114
0.9058834910392761
0.9989224672317505
0.9831214547157288
0.9979875683784485
0.9584572315216064
0.9984212517738342
0.9777176380157471
0.9996205568313599
0.9898198246955872
0.9987750053405762
0.9921295642852783
0.9991393089294434
0.9826669096946716
0.974044919013977
0.96562659740448
0.9874878525733948
0.9795048832893372
0.9983904361724854
0.9833476543426514
0.9951683282852173
0.9849181771278381
0.9960525631904602
0.9923617839813232
0.9985315203666687
0.9737472534179688
0.9987110495567322
0.9830432534217834
0.9986427426338196
0.9200094938278198
0.9995335340499878
0.9141066074371338
0.999101459980011
0.973278820514679
0.9979206323623657
0.9827154874801636
0.9990226030349731
0.9685288071632385
0.9993931651115417
0.9911672472953796
0.9995891451835632
0.9925585985183716
0.9927190542221069
0.9925445914268494
0.9952225685119629
0.9893198013305664
0.9776138067245483
0.9549753665924072
0.9994576573371887
0.9901551008224487
0.9991191029548645
0.9906113743782043
0.9979803562164307
0.9621966481208801
0.999485194683075
0.9874737858772278
0.998613715171814
0.9948404431343079
0.9986926317214966
0.9663622975349426
0.9979356527328491
0.9788443446159363
0.9984874725341797
0.9906050562858582
0.9983928203582764
0.9946005344390869
0.9979910850524902
0.9944372177124023
0.9993413090705872
0.9843400120735168
0.9975810647010803
0.9716351628303528
0.9673184156417847
0.9834076166152954
0.9985991716384888
0.9914805293083191
0.9889621138572693
0.9960605502128601
0.9996535181999207
0.9942628145217896
0.9901608824729919
0.9730873703956604
0.9957297444343567
0.9897181987762451
0.9969072341918945
0.9899789690971375
0.9993032813072205
0.9967218041419983
0.9952681660652161
0.9944139122962952
0.9996563792228699
0.9978150129318237
0.999103307723999
0.994381844997406
0.9960957765579224
0.9651134014129639
0.9996531009674072
0.9925510883331299
0.9975836873054504
0.9796054363250732
0.9981932640075684
0.9902878403663635
0.9940427541732788
0.9498844742774963
0.9988604784011841
0.9936830997467041
0.9997754693031311
0.9857253432273865
0.9986949563026428
0.9967405796051025
0.9991521835327148
0.9938164949417114
0.9969408512115479
0.9841609597206116
0.9990283250808716
0.9059303402900696
0.9846159815788269
0.9912078380584717
0.9983811974525452
0.9914881587028503
0.9987207651138306
0.9970858693122864
0.9992685914039612
0.9685476422309875
0.9892086982727051
0.9921092987060547
0.9968309998512268
0.9929277300834656
0.998012363910675
0.9921898245811462
0.996127188205719
0.9908390641212463
0.9998781085014343
0.9925107955932617
0.9813544750213623
0.9965139031410217
0.9996804594993591
0.9934702515602112
0.9988731145858765
0.9882739186286926
0.9963665008544922
0.9669696092605591
0.986047089099884
0.9938814640045166
0.9998117089271545
0.9805601835250854
0.9994156956672668
0.9850065112113953
0.9995560646057129
0.9941084980964661
0.9995618462562561
0.995596170425415
0.9990410804748535
0.9804257154464722
0.9998494386672974
0.9937127232551575
0.9980520606040955
0.9876095652580261
0.9995569586753845
0.9722341299057007
0.9987069368362427
0.9891667366027832
0.9964136481285095
0.9843888282775879
0.9984888434410095
0.9747943878173828
0.9958897233009338
0.9813235998153687
0.9996755123138428
