-1.4937341213226318
-0.9837312698364258
-1.3576979637145996
-1.2459359169006348
-1.1727991104125977
-0.8738718628883362
-1.405754804611206
-0.7924829721450806
-1.5000808238983154
-0.7593379020690918
-1.4455883502960205
-0.9171388745307922
-1.3388803005218506
-1.4159941673278809
-1.3831795454025269
-0.9219862818717957
-1.487675666809082
-1.1502642631530762
-1.10395348072052
-0.9187525510787964
-1.574899673461914
-1.0610960721969604
-1.4260053634643555
-0.8913411498069763
-1.3500704765319824
-0.9162276387214661
-1.2800407409667969
-1.0305901765823364
-1.403512716293335
-0.8986356854438782
-1.3664010763168335
-0.8182700276374817
-1.2116199731826782
-0.9003493785858154
-1.2501347064971924
-0.9305847883224487
-1.5198429822921753
-0.8774935603141785
-1.474197506904602
-0.8816162943840027
-1.1291801929473877
-1.071539044380188
-1.1942291259765625
-0.9167934656143188
-1.069581389427185
-0.9355854392051697
-1.4766918420791626
-0.9217106699943542
-1.4633228778839111
-0.9291599988937378
-1.513363242149353
-0.9090235233306885
-1.271169900894165
-0.988502025604248
-1.2207715511322021
-0.8361020684242249
-1.7634152173995972
-0.8591217994689941
-1.4382469654083252
-0.9520706534385681
-1.359757423400879
-0.92495197057724
-1.401337742805481
-1.0967670679092407
-1.3840467929840088
-0.9108073115348816
-1.1656935214996338
-0.8415132164955139
-1.3895466327667236
-0.8452416062355042
-1.417386770248413
-0.8155308365821838
-1.2233355045318604
-0.8211426734924316
-1.3569623231887817
-1.0225282907485962
-1.0842316150665283
-0.898239016532898
-1.435528039932251
-0.7292249202728271
-1.4076353311538696
-0.9680424928665161
-1.2635421752929688
-0.9671481847763062
-1.5897225141525269
-0.9699342846870422
-1.3068203926086426
-1.0570207834243774
-1.4945493936538696
-0.9510920643806458
-1.540551781654358
-0.864108145236969
-1.3692187070846558
-0.9224941730499268
-1.3763936758041382
-0.7858584523200989
-1.3856606483459473
-0.9425323009490967
-1.0730431079864502
-0.9744508266448975
-1.1654503345489502
-1.0071296691894531
-1.9001429080963135
-1.0934579372406006
-1.2696881294250488
-0.9657552242279053
-1.4855072498321533
-1.5998921394348145
-0.8823890686035156
-0.9315596222877502
-1.2922074794769287
-0.7932332158088684
-1.2790203094482422
-0.8642382621765137
-1.2346431016921997
-0.9787911176681519
-1.0297120809555054
-1.029136061668396
-1.381730318069458
-0.9356828927993774
-1.2499886751174927
-0.8247981071472168
-2.9129438400268555
-0.9241299033164978
-1.174729585647583
-1.0240404605865479
-1.6563111543655396
-1.0381205081939697
-1.4276400804519653
-1.1518915891647339
-1.6286805868148804
-0.9274490475654602
-1.339994192123413
-0.8741018176078796
-1.3906718492507935
-0.8564059734344482
-1.1469969749450684
-0.8878180384635925
-1.2003939151763916
-1.0724352598190308
-1.460405945777893
-0.7719783186912537
-1.1525678634643555
-0.8790284395217896
-1.3037952184677124
-0.9006183743476868
-1.3557641506195068
-0.9966776967048645
-1.2091848850250244
-0.9299250841140747
-1.1227483749389648
-0.9332330226898193
-1.200608730316162
-0.9046216011047363
-1.3556362390518188
-0.8320915102958679
-1.4710365533828735
-0.9195643067359924
-1.1548675298690796
-0.9364796876907349
-1.2883505821228027
-0.9477310180664062
-0.8685452938079834
-0.9336479306221008
-1.2071561813354492
-0.9774889349937439
-2.3550570011138916
-1.000933051109314
-1.3609662055969238
-0.8914626240730286
-1.264435887336731
-0.9054731130599976
-1.3013051748275757
-1.156524658203125
-1.2758513689041138
-0.9082565903663635
-2.0045320987701416
-0.8167867660522461
-1.345658302307129
-0.9248659610748291
-1.155048131942749
-0.9704878926277161
-1.1345975399017334
-0.8721465468406677
-1.2816503047943115
-0.7339444160461426
-1.386773705482483
-0.8407539129257202
-2.4432246685028076
-0.8373739123344421
-1.5402203798294067
-0.919259786605835
-1.496196985244751
-1.2561219930648804
-1.1283186674118042
-0.8565467596054077
-1.5006238222122192
-0.8127918243408203
-1.1985447406768799
-0.8058339357376099
