0.9136731028556824
0.9327259659767151
0.8272980451583862
0.7063974738121033
0.8740663528442383
0.9028403162956238
0.9557358622550964
0.9346653819084167
0.9461504220962524
0.9786020517349243
0.8826214075088501
0.8726412057876587
0.9709770679473877
0.7968507409095764
0.9113609194755554
0.8975583910942078
0.9153120517730713
0.9762247800827026
0.9195820689201355
0.9082059860229492
0.574016273021698
0.9195343852043152
0.9591304063796997
0.932410478591919
0.7953444123268127
0.9138739705085754
0.901138186454773
0.8612823486328125
0.9327017068862915
0.9724835753440857
0.8786605596542358
0.8888813257217407
0.8867442607879639
0.8842806220054626
0.9095627069473267
0.901784360408783
0.8996718525886536
0.9522950649261475
0.9060174226760864
0.9224539995193481
0.9231153726577759
0.8587218523025513
0.8429539203643799
0.8667070269584656
0.9501872062683105
0.8733808994293213
0.9346868991851807
0.9481806755065918
0.9513033032417297
0.8984334468841553
0.8517144918441772
0.9020734429359436
0.9404652714729309
0.9329271912574768
0.8692624568939209
0.8383723497390747
0.964087188243866
0.9645006656646729
0.94410240650177
0.9462244510650635
0.827135443687439
0.7999770045280457
0.9482623934745789
0.9121723175048828
0.9491496086120605
0.9445393085479736
0.9003164768218994
0.9536452889442444
0.9355183839797974
0.841175377368927
0.9492737054824829
0.7935516238212585
0.803555965423584
0.9364174604415894
0.9181303977966309
0.8768983483314514
0.9263105392456055
0.9334856271743774
0.8866516351699829
0.9580301642417908
0.9210996627807617
0.9671192169189453
0.88370680809021
0.9641824960708618
0.8752152919769287
0.9667728543281555
0.9533569812774658
0.8395779728889465
0.9398680329322815
0.911308228969574
0.8300384879112244
0.9108516573905945
0.8216651082038879
0.9195740818977356
0.7383150458335876
0.884781002998352
0.9013009667396545
0.8821923136711121
0.9204482436180115
0.916490912437439
0.9076442122459412
0.7811005115509033
0.9236459732055664
0.9111942052841187
0.812059223651886
0.845066249370575
0.9256056547164917
0.8167332410812378
0.9289429187774658
0.9784247279167175
0.9086869955062866
0.9411295652389526
0.9560288786888123
0.9646406173706055
0.8619704842567444
0.9450623989105225
0.9033520817756653
0.8986040949821472
0.7061447501182556
0.8411183953285217
0.9603607654571533
0.9187782406806946
0.8581713438034058
0.9211891293525696
0.9483292698860168
0.9337975382804871
0.8543349504470825
0.9555196166038513
0.836035430431366
0.8576469421386719
0.9111508727073669
0.8823885321617126
0.930752694606781
0.8857376575469971
0.9174899458885193
0.9192122220993042
0.8139283061027527
0.7307242155075073
0.8127251863479614
0.8926747441291809
0.9052652716636658
0.8337339758872986
0.9409303069114685
0.9386411309242249
0.915369987487793
0.9021480083465576
0.8697608709335327
0.8818886280059814
0.962957501411438
0.9300774335861206
0.7282378077507019
0.9311531186103821
0.8082119226455688
0.9608790278434753
0.7113581895828247
0.9467416405677795
0.9154784679412842
0.9426948428153992
0.9226696491241455
0.9167589545249939
0.9222546219825745
0.8888843059539795
0.9027365446090698
0.9747318625450134
0.9343477487564087
0.9091776013374329
0.9691455364227295
0.9263622760772705
0.9065178036689758
0.9013254046440125
0.9291603565216064
0.908418595790863
0.9383407831192017
0.9237794876098633
0.9660423994064331
0.784573495388031
0.9501457214355469
0.9096986651420593
0.9253221154212952
0.7974363565444946
0.88021320104599
0.9620561599731445
0.9195210933685303
0.8858230113983154
0.7960619926452637
0.842372477054596
0.9504826068878174
0.9632135033607483
0.9046187996864319
0.9022706151008606
0.9058180451393127
0.9451139569282532
0.9518973231315613
0.7976856827735901
0.890845775604248
0.933320939540863
0.8966622948646545
0.9578490853309631
0.9096075892448425
0.8159337043762207
