0.987308144569397
0.9972482323646545
0.9816032648086548
0.9442747831344604
0.9698632955551147
0.9576185941696167
0.9955506324768066
0.9975948333740234
0.9891769886016846
0.993378758430481
0.9841532707214355
0.9684797525405884
0.9795515537261963
0.9957871437072754
0.9916954040527344
0.9748544692993164
0.9556055068969727
0.9920468330383301
0.9785811305046082
0.9972419738769531
0.8813806772232056
0.9718309640884399
0.9932291507720947
0.9984390735626221
0.9430187940597534
0.9837402105331421
0.9798951148986816
0.9965450167655945
0.974311351776123
0.9967148303985596
0.9911766648292542
0.9930832982063293
0.9311063289642334
0.9929713010787964
0.9807164669036865
0.9850754737854004
0.9646060466766357
0.9991999864578247
0.9506694078445435
0.9975247383117676
0.9947161674499512
0.9959583878517151
0.9857447743415833
0.9945291876792908
0.9481192827224731
0.946365475654602
0.9879422187805176
0.961102306842804
0.9841058254241943
0.9858642816543579
0.9839218854904175
0.9959861040115356
0.9691362977027893
0.9943556785583496
0.9910470247268677
0.9907809495925903
0.9597892761230469
0.9942284822463989
0.9916479587554932
0.9911350011825562
0.9898034334182739
0.9632916450500488
0.9101588726043701
0.9951599836349487
0.9848116040229797
0.9776853322982788
0.9919478893280029
0.9950636029243469
0.9797002673149109
0.979636549949646
0.993465781211853
0.9907287359237671
0.984453558921814
0.9988222122192383
0.9919378757476807
0.9890978336334229
0.9767099022865295
0.9827145934104919
0.9631052017211914
0.9936490654945374
0.9925099611282349
0.9939702749252319
0.9887380599975586
0.9976047277450562
0.9714131355285645
0.996455192565918
0.9938735961914062
0.9657411575317383
0.9933792352676392
0.9906981587409973
0.9332820773124695
0.9699398875236511
0.9508005380630493
0.9957368969917297
0.9901732206344604
0.9767903089523315
0.9943832159042358
0.9963942766189575
0.987091064453125
0.9922588467597961
0.9780623316764832
0.9913448095321655
0.9778359532356262
0.9857813119888306
0.9922297596931458
0.9918311834335327
0.9908767342567444
0.8786233067512512
0.9917596578598022
0.9987566471099854
0.9675513505935669
0.9899386167526245
0.9654698371887207
0.9965993165969849
0.8913604021072388
0.9963586926460266
0.9842067956924438
0.9968239665031433
0.9742093086242676
0.9761505722999573
0.9884194731712341
0.9976752996444702
0.9957188367843628
0.997093677520752
0.9900846481323242
0.9947643280029297
0.9678760766983032
0.9976480007171631
0.9766134023666382
0.9850412607192993
0.9681897163391113
0.992061972618103
0.9686126708984375
0.9721433520317078
0.9382503032684326
0.998284637928009
0.9967933893203735
0.9912610054016113
0.9920710921287537
0.996903657913208
0.9869393110275269
0.9792487621307373
0.9926067590713501
0.9871365427970886
0.9045279622077942
0.9782925844192505
0.9473771452903748
0.9940257668495178
0.9914649724960327
0.9960962533950806
0.9597896337509155
0.9933304786682129
0.9955231547355652
0.9946655035018921
0.9829742908477783
0.9886994361877441
0.9705440998077393
0.98759526014328
0.9958198070526123
0.9916281700134277
0.9968699216842651
0.9969937801361084
0.9853256344795227
0.9966460466384888
0.9890087246894836
0.9794071912765503
0.9957583546638489
0.9952544569969177
0.993393063545227
0.996129035949707
0.9831393957138062
0.9927167892456055
0.9714916348457336
0.9882049560546875
0.984807014465332
0.9913299083709717
0.988387405872345
0.9827902317047119
0.9774255752563477
0.9789776802062988
0.9207088351249695
0.9965667724609375
0.9923763275146484
0.9967726469039917
0.9811620712280273
0.992795467376709
0.9929137229919434
0.9950324296951294
0.9818547964096069
0.996481716632843
0.9859524965286255
0.9936704635620117
0.9872486591339111
0.9868556261062622
0.9736816883087158
0.9951831102371216
0.9716912508010864
0.9869586229324341
0.9954930543899536
0.9943420886993408
