-1.7099196910858154
-1.244433045387268
-1.6038089990615845
-1.6012839078903198
-1.4244928359985352
-1.1680138111114502
-1.614519715309143
-1.008774757385254
-1.7203782796859741
-0.9634287357330322
-1.5582408905029297
-1.367976427078247
-1.4358028173446655
-1.612351417541504
-1.6885745525360107
-1.1708040237426758
-1.7056703567504883
-1.3587679862976074
-1.2875686883926392
-1.0654401779174805
-1.8756414651870728
-1.3998279571533203
-1.6516536474227905
-1.2429287433624268
-1.5048688650131226
-1.1929384469985962
-1.4694634675979614
-1.280387282371521
-1.679284691810608
-1.2739726305007935
-1.5846744775772095
-1.0763354301452637
-1.437949299812317
-1.1017791032791138
-1.4588687419891357
-1.138948678970337
-1.753918170928955
-1.1195276975631714
-1.7534871101379395
-1.1624776124954224
-1.3481100797653198
-1.2635372877120972
-1.3488044738769531
-1.199098825454712
-1.3512704372406006
-1.2377924919128418
-1.7123808860778809
-1.2496007680892944
-1.6620335578918457
-1.1030657291412354
-1.6716710329055786
-1.2051771879196167
-1.4114100933074951
-1.2367454767227173
-1.506357192993164
-1.2079107761383057
-1.999854564666748
-1.1310348510742188
-1.5835851430892944
-1.274699330329895
-1.5392701625823975
-1.1029244661331177
-1.5901260375976562
-1.2825348377227783
-1.5429682731628418
-1.137010931968689
-1.439276933670044
-1.1059761047363281
-1.6951603889465332
-1.2407158613204956
-1.588180422782898
-1.183788776397705
-1.5013880729675293
-0.9923122525215149
-1.5921138525009155
-1.2717816829681396
-1.293595790863037
-1.1462455987930298
-1.6051815748214722
-1.010912537574768
-1.4902700185775757
-1.1743817329406738
-1.4534084796905518
-1.3287960290908813
-1.8832250833511353
-1.0850963592529297
-1.6331161260604858
-1.3096632957458496
-1.7039381265640259
-1.28548002243042
-1.7349270582199097
-1.0934919118881226
-1.5044392347335815
-1.189997673034668
-1.6163625717163086
-0.984774112701416
-1.6105573177337646
-1.1816781759262085
-1.5209376811981201
-1.2304737567901611
-1.4300752878189087
-1.2640810012817383
-2.1047799587249756
-1.3639851808547974
-1.5147796869277954
-1.137966513633728
-1.6249393224716187
-1.8378649950027466
-1.1217780113220215
-1.2882368564605713
-1.7184809446334839
-1.023105263710022
-1.5557236671447754
-1.0804204940795898
-1.5392346382141113
-1.1007169485092163
-1.3880517482757568
-1.2448759078979492
-1.6961805820465088
-1.1378612518310547
-1.5139901638031006
-1.1531399488449097
-3.114949941635132
-1.1007589101791382
-1.4302809238433838
-1.3511935472488403
-1.8056625127792358
-1.2848005294799805
-1.6590585708618164
-1.6027156114578247
-1.6978527307510376
-1.1067575216293335
-1.7427031993865967
-1.3782178163528442
-1.5655666589736938
-1.0436850786209106
-1.3973057270050049
-1.3036857843399048
-1.4719104766845703
-1.2922985553741455
-1.629228115081787
-1.0175527334213257
-1.2937960624694824
-1.0953923463821411
-1.5260860919952393
-1.3546757698059082
-1.590870976448059
-1.2159299850463867
-1.5414050817489624
-1.1695325374603271
-1.452513337135315
-1.2756949663162231
-1.4291348457336426
-1.2480517625808716
-1.366403341293335
-1.1133379936218262
-1.6382211446762085
-1.2412571907043457
-1.4086753129959106
-1.1322723627090454
-1.4481700658798218
-1.145573616027832
-0.999267578125
-1.1622929573059082
-1.3884388208389282
-1.281192660331726
-2.5078201293945312
-1.2638194561004639
-1.478979468345642
-1.0977756977081299
-1.5141090154647827
-1.1624380350112915
-1.3966143131256104
-1.5129786729812622
-1.4506994485855103
-1.135413646697998
-2.3073344230651855
-1.1968528032302856
-1.548641562461853
-1.2694464921951294
-1.452959418296814
-1.2629574537277222
-1.3306118249893188
-1.1461308002471924
-1.4370142221450806
-0.9864099621772766
-1.5654655694961548
-1.1475290060043335
-2.5663461685180664
-1.0956127643585205
-1.6579790115356445
-1.1809024810791016
-1.7203500270843506
-1.5152220726013184
-1.3255879878997803
-1.0353647470474243
-1.7413636445999146
-1.1047077178955078
-1.4935334920883179
-1.0447760820388794
