0.9617832958698272
0.9850119829177857
0.7508199959993362
0.5967747069895267
0.7269928072180066
0.8667585700750351
0.9014172681740352
0.8264745231717825
0.975975857840644
0.930389977991581
0.9875945746898651
0.6224832410924137
0.82921063217024
0.9870992422103881
0.9605383574962616
0.8484090798430972
0.8579354749194213
0.817542091012001
0.9476240277290344
0.9932068288326263
0.8701210916042328
0.6885650733485817
0.7720880201215752
0.7819663083387746
0.8206320069342231
0.9351236000657082
0.9258308808008829
0.9892810753413609
0.7836207279137203
0.8563573466879981
0.9599845730341398
0.7958617216103118
0.987281322479248
0.9935847984419929
0.8498285263078287
0.9327901932928298
0.8901394084095955
0.9839783906936646
0.7514808002015343
0.9471364974975586
0.9618897967868381
0.8261116122206053
0.704327710531652
0.8418504439294339
0.8724500322714448
0.5734984551423362
0.9521016627550125
0.7431256681281541
0.7533645469229668
0.6479163978947327
0.7114283069968224
0.8259402110124938
0.9020614964621407
0.7309788751669906
0.9676550805568696
0.8060940079391002
0.9012219839108487
0.7624206963810138
0.9850705482743003
0.9000193807813857
0.07836461609060114
0.664153894681173
0.9909646958112717
0.9697628219922384
0.9169535810748736
0.7048740115003764
0.8427162904292345
0.8299192979931831
0.5344106652337359
0.8471680703488264
0.8510038056410849
0.9708954592545828
0.8959607847712256
0.9791837384303411
0.6471400308568264
0.9338906577655247
0.7605630696158517
0.9503180012106895
0.8385804402641952
0.9716155648231506
0.991640567779541
0.7167177110289534
0.8838898854123222
0.7857343293726444
0.8027422292623669
0.753194270707253
0.7200897186994553
0.8206834364682436
0.8181883364238522
0.8658851948049333
0.7753785202900568
0.9052032629648844
0.9917319279450637
0.9641623124480247
0.9747384020260402
0.8365522347157821
0.5876372527730253
0.8166294069960713
0.9491848424077034
0.9812353253364563
0.9724455939398872
0.9111119769513607
0.8507272581004405
0.7828918091124959
0.8162286847829818
0.7343129515647888
0.8295541117814454
0.9841736753781637
0.8115757608029526
0.9298750559488932
0.549099632849296
0.9477983713150024
0.8750783647410572
0.8211057622878192
0.7410406428906653
0.9712647497653961
0.650352476319919
0.9902412394682566
0.662585173216131
0.8398598742981752
0.8850495934486389
0.9419847726821899
0.8507078560069203
0.9221461216608683
0.9457697442599705
0.7528243456035852
0.9127972807203021
0.9768233795960745
0.9906456139352586
0.9941083192825317
0.9302497357130051
0.8850896835327149
0.7947136275470257
0.9739768356084824
0.9434184517179217
0.8329528983061513
0.987798946244376
0.9795412302017212
0.8604147202568129
0.9680667775017875
0.7586965965107083
0.946610281864802
0.7556074030774956
0.9385525315999985
0.8779878325760364
0.7818911123671569
0.8912082494236528
0.7798126435114278
0.8630385854178004
0.8476437255740166
0.6910502917387269
0.8361021317541599
0.9941055476665497
0.7989600705914199
0.9938062528769175
0.8296154694897788
0.8817018440791539
0.8275827169418335
0.8139832889040312
0.8731648855739169
0.9811064004898071
0.9617757201194763
0.9883216023445129
0.9820379018783569
0.9890219196677208
0.9057161867618561
0.9910326898097992
0.8019165825098753
0.8860991299152374
0.8701196759939194
0.7732779934187419
0.8149655823196683
0.8439226177417569
0.6354372203350067
0.8546153182784716
0.9911283155282339
0.9507829546928406
0.1410081045968192
0.7808575715337481
0.8553225565701723
0.7644805498421192
0.9246478378772736
0.9137875318527222
0.9045297652482986
0.9242164492607117
0.8746232496840614
0.9934371794973101
0.9167119190096855
0.9314649038844638
0.6119087780160564
0.860910564661026
0.7776263326478119
0.9557402219091143
0.9268144249916077
0.7428215485480096
0.8812940940260887
0.9514513711134592
0.6743761110119522
0.8811206130517854
0.9732566922903061
