0.975637698173523
0.9933248817920685
0.830714862793684
0.8288419097661972
0.7491871821028846
0.9943037827809652
0.9758907045636859
0.9916973014672598
0.9819750653372871
0.8887866418808699
0.9882672627766927
0.8377510458230972
0.8351220618933439
0.994042158126831
0.9855241775512695
0.9866911239094205
0.9918298210416522
0.8182178288698196
0.9414416998624802
0.9931802054246267
0.8780859666211265
0.8809483051300049
0.8818643817535808
0.7786820183197657
0.8998085434238116
0.8985171243548393
0.9255610770649381
0.9941618016787938
0.9238242336681911
0.9942025882857186
0.9933530825835007
0.9492602565071799
0.9878495534261068
0.9936565889252557
0.893435016204603
0.9512611428896586
0.8860458619892597
0.9732502400875092
0.8806359693408012
0.9788302898406982
0.9862870375315348
0.8222723305225372
0.8556652262806892
0.981764167547226
0.9898404777050018
0.8495588265359402
0.9917232841253281
0.7577290014762964
0.8732564311940223
0.7681320603005588
0.7936496203765273
0.8299067867919803
0.9049178872789655
0.8240772811695933
0.9544054269790649
0.8954970329999924
0.9156385237971941
0.9936681737502416
0.9933227409016002
0.9686151875389947
0.7577612923406478
0.8265670329565182
0.9923528954386711
0.9912020431624519
0.9464180444677671
0.7060448555081772
0.8874571459367872
0.9907965540885926
0.6218606520342291
0.9658381830562245
0.9911820547921317
0.933159073193868
0.9847380681471392
0.9934232632319132
0.7296846033103066
0.928770090852465
0.8085827192990109
0.9544708281755447
0.9588861405849457
0.9876019537448884
0.9928556730349859
0.8284891958852919
0.9912244545088874
0.7869069166481495
0.8951104136183858
0.883139085283296
0.8399778962135315
0.9017387591302395
0.8804753321138296
0.9658053252432082
0.8573937118053436
0.892419288555781
0.9916350841522217
0.9487343057990074
0.989287155015128
0.9621591940522194
0.8512380557533886
0.9765092730522156
0.9938503354787827
0.9942956119775772
0.9521556893984476
0.9059350527822971
0.85185130283935
0.7865790027297206
0.833514603972435
0.8224894478917122
0.913609965281053
0.9843654831250509
0.8124902152630966
0.9171882569789886
0.5948137951393923
0.9863366550869412
0.9853789508342743
0.9091435908242905
0.9314921432071261
0.9661543220281601
0.8263415802891055
0.9939916431903839
0.7290458728869756
0.8407034228245417
0.9229883432388306
0.9942863881587982
0.951230987906456
0.9214750329653422
0.9938327499798366
0.8007009904831648
0.9506807838167463
0.9746957421302795
0.9917410280969408
0.9942308863004049
0.9328228205442428
0.8813877701759338
0.9050363600254059
0.9645523577928543
0.971546505178724
0.8319686666751901
0.9937991329601833
0.9921610116958618
0.8630661583738402
0.990169073854174
0.9560806035995484
0.9927841424942017
0.6987315130342419
0.97611785531044
0.8978063132613897
0.8728795621194877
0.9209701538085937
0.8848423510789871
0.9473812381426493
0.8401258904486895
0.9131917194886641
0.9518987685441971
0.9942309036850929
0.9939593540297614
0.9929672280947367
0.8401111917836326
0.8869292565754482
0.8438735802968343
0.8524130061268806
0.91452556848526
0.994192293712071
0.9934738609525893
0.9918526609738668
0.9926277548074722
0.9902168065309525
0.8967448949813843
0.9910461008548737
0.9161725528538227
0.9850699135235378
0.8662128044026238
0.8164439903339371
0.9817887970379421
0.9302097724543678
0.8153790012001991
0.8564795056978861
0.9943227072556814
0.9512001872062683
0.9942454323172569
0.8768105208873749
0.9936971724033355
0.9684776663780212
0.930524875720342
0.9768596887588501
0.9942506432533265
0.940877228975296
0.8854911753109523
0.9935419133731297
0.9453330561518669
0.9305138058132596
0.718346705660224
0.935401269367763
0.8460377806690164
0.9866752709661212
0.927537453174591
0.9861051970058017
0.9941282942891121
0.9864839116732279
0.8810692855290004
0.9891802536116706
0.968686893582344
