0.6502207785844802
0.7892291521653533
0.6721653321874328
0.5428995594382287
0.7090490218251944
0.7804209093252817
0.9104158197130475
0.5037111535590763
0.7209478964408239
0.7216830337420106
0.28983191672402125
0.2286966472864151
0.754023397496591
0.7109632611274719
0.6302921076615652
0.6724329272595545
0.7377822303346225
0.5509719997644424
0.4982858221992501
0.877415935198466
0.6863716947180885
0.3342995703220367
0.7568580866273906
0.4679107181727886
0.45959348464384675
0.8546272050589323
0.8630016843477885
0.6534872594555574
0.7239776928909123
0.7768493358578
0.6764976708934858
0.3360867260277949
0.7197407977138128
0.7629551348379917
0.6536297541111707
0.9151880542437235
0.7162833487382159
0.19628788232803346
0.5256869678851217
0.729639919102192
0.7093055927091174
0.44658378263314563
0.439385304460302
0.6524718600325287
0.7500861324369907
0.4037807244208774
0.3250627042725682
0.4666732717305422
0.5228687562048435
0.5935667213052511
0.6089908592402935
0.6590823263395578
0.791383432490485
0.39783790250393475
0.4771999966120347
0.4773133566486649
0.6304111909509326
0.3721462343237363
0.7536105742170052
0.7654541283845901
0.016431170431050388
0.09175302596607555
0.535015662870137
0.6494122876061333
0.8579072803258896
0.6233504840121087
0.5429663424205501
0.4241382474079728
0.4670294318057131
0.5440849456936121
0.36979956696450245
0.30265708826482296
0.6284811607646671
0.8401043627721568
0.5205889120057691
0.4586048303837223
0.6445126273796301
0.8373810984194279
0.8302774600684643
0.8661761709488929
0.46318469448791194
0.5913341485623581
0.5852958764880896
0.03239122161176056
0.7890895029064268
0.6397318616509438
0.5931155215250328
0.6872558644536184
0.5095294465056874
0.377837185566831
0.8284947474797567
0.2714588978754667
0.7527010935501983
0.7034702058881521
0.6439641799245562
0.500289752962999
0.1869515028083697
0.4271388727550705
0.4501019694143906
0.3015163764357567
0.7086199277804958
0.6361632387852296
0.6278587396123579
0.5937943666552504
0.3453459654003382
0.5790904061868787
0.6829531294378367
0.7372189660867056
0.5538586158218095
0.666860024134318
0.3410011497326195
0.4405975797110134
0.7743681641295552
0.6220370452501811
0.41409103355060023
0.6423231205262709
0.38786702416837215
0.9922026495138804
0.28388645955257946
0.666083250194788
0.7814493626356125
0.49009985179873183
0.6101155469659716
0.7279893979430199
0.8029256867510932
0.6676613443414681
0.7817864418029785
0.7741265570123991
0.9747076895501878
0.4216132132957379
0.7540383935411228
0.2715750224888325
0.4933760480489582
0.4872521162033081
0.8645989405257362
0.4840967195729415
0.518168531424765
0.9608433842658997
0.6066980678588152
0.7209687151813081
0.578233502805233
0.7839748015006384
0.28995894504866254
0.7931426465511322
0.5727654724381864
0.4960240874206647
0.7236156302969903
0.329185403831717
0.6236063538947039
0.33229381212731823
0.39962981768291106
0.6228987472131848
0.7666553072631359
0.6391601375976784
0.7377091919382414
0.7592599093914032
0.7243012147290366
0.8102539603908857
0.6444918910662333
0.4299984501623031
0.45501343426959856
0.37848221841785645
0.7373989025751749
0.9448939114809036
0.8124276548624039
0.4284839843865484
0.9912665784358978
0.6517214963096194
0.4171867168375424
0.7514494125332151
0.1982591264648363
0.4762794759590179
0.5938739847495325
0.3889845125260763
0.9084214965502421
0.6503087257345518
0.5771411567305526
0.13755373443875993
0.8123860699789864
0.6046991310082376
0.39162457222118974
0.7027124318604668
0.5602829281706363
0.5845131710171699
0.8893146216869354
0.358732648692759
0.9578371303422111
0.6773986299522221
0.4981178690989812
0.25038344969341
0.8216707961899894
0.6755724807556432
0.8693636570658002
0.4411839097738266
0.5082439883715577
0.6526718800887465
0.337778336290891
0.6387715983603682
0.7652706693237027
0.709094762802124
