-1.624165654182434
-1.020056128501892
-1.207985520362854
-1.3865630626678467
-1.3885465860366821
-1.0647797584533691
-1.8372759819030762
-1.0202338695526123
-1.3791052103042603
-0.8052335381507874
-1.2403496503829956
-1.1912089586257935
-1.3102487325668335
-1.3574296236038208
-1.3472062349319458
-1.1001085042953491
-1.156203031539917
-1.2266472578048706
-1.1446542739868164
-1.1889235973358154
-1.4189378023147583
-1.0050731897354126
-1.1106998920440674
-0.9494364261627197
-1.1326104402542114
-1.0448862314224243
-1.2904891967773438
-1.00141179561615
-1.0192501544952393
-0.9663280844688416
-1.3090864419937134
-1.067258596420288
-1.0484269857406616
-0.9594050049781799
-1.236040711402893
-1.0016887187957764
-1.4021985530853271
-0.9217013120651245
-1.3380584716796875
-1.1529275178909302
-1.08773934841156
-0.9945747256278992
-1.4650483131408691
-1.1646560430526733
-1.0906023979187012
-1.1992554664611816
-1.3666596412658691
-1.122059941291809
-1.5405306816101074
-1.3360960483551025
-1.2276322841644287
-1.1538209915161133
-1.1938261985778809
-1.1950221061706543
-1.0192862749099731
-0.9057871699333191
-1.2133904695510864
-1.134560465812683
-1.2351410388946533
-1.1317102909088135
-1.1746309995651245
-1.2421976327896118
-1.3025004863739014
-2.3933396339416504
-1.1737794876098633
-0.9858031868934631
-1.177233338356018
-0.9267911314964294
-1.2783206701278687
-1.137136459350586
-1.3872565031051636
-0.9956763386726379
-1.2978039979934692
-0.9111183285713196
-1.353837251663208
-1.0590064525604248
-1.2037252187728882
-0.8254441618919373
-1.4676470756530762
-0.9539274573326111
-1.1221041679382324
-1.163147211074829
-1.384040355682373
-1.0949852466583252
-1.5396977663040161
-1.193579077720642
-1.3785039186477661
-1.1069399118423462
-1.7889195680618286
-1.096376657485962
-1.227159023284912
-0.9148815870285034
-1.2128363847732544
-0.9041549563407898
-1.4502893686294556
-1.001116156578064
-1.3668464422225952
-1.1509430408477783
-1.168689250946045
-1.0272752046585083
-1.3777570724487305
-1.0831695795059204
-1.243777871131897
-1.13314688205719
-1.3557714223861694
-1.0051692724227905
-1.3345890045166016
-1.2159464359283447
-0.980896532535553
-0.984930694103241
-1.1999198198318481
-1.1327260732650757
-1.0580761432647705
-0.909288227558136
-1.2628915309906006
-1.057348608970642
-1.1938509941101074
-1.0186158418655396
-1.2382622957229614
-1.2192847728729248
-1.2889958620071411
-1.1320348978042603
-3.2390482425689697
-0.9968920946121216
-0.9703951478004456
-1.0479241609573364
-1.261564016342163
-1.2371057271957397
-1.0764518976211548
-1.2392741441726685
-1.2346396446228027
-1.107321858406067
-1.263200044631958
-0.8535181283950806
-1.1473225355148315
-0.9942913055419922
-1.1682723760604858
-0.902720034122467
-1.0808289051055908
-1.1030151844024658
-1.292858600616455
-0.9138274788856506
-1.2309390306472778
-1.0495408773422241
-1.2009563446044922
-0.9961263537406921
-1.285926342010498
-0.9454323649406433
-1.3703101873397827
-0.9996768236160278
-1.1510733366012573
-1.1303044557571411
-1.1247458457946777
-1.0136473178863525
-1.2539056539535522
-1.0978970527648926
-1.2243411540985107
-1.1359772682189941
-1.128341794013977
-1.0534577369689941
-1.1967722177505493
-0.917218029499054
-1.1654924154281616
-1.0516140460968018
-1.2153682708740234
-1.1174705028533936
-1.8047808408737183
-1.0118381977081299
-1.2585033178329468
-1.0926390886306763
-0.9885484576225281
-1.0713098049163818
-1.1787443161010742
-1.5701602697372437
-1.1152077913284302
-0.9314743876457214
-1.4558584690093994
-0.8548843860626221
-1.244168758392334
-1.0698447227478027
-1.346272349357605
-0.9455539584159851
-1.2500568628311157
-1.0940805673599243
-1.2610164880752563
-0.9016304016113281
-1.3058063983917236
-1.1345593929290771
-1.1926518678665161
-0.9747316837310791
-1.2403124570846558
-1.1438349485397339
-1.213025689125061
-1.0966424942016602
-1.5912928581237793
-0.971837043762207
-1.2131423950195312
-1.2710895538330078
-1.3754764795303345
-1.1116467714309692
