-1.3091200590133667
-0.8419491052627563
-0.9393614530563354
-1.1657174825668335
-1.1603485345840454
-0.9224298000335693
-1.4706244468688965
-0.840019166469574
-1.1259785890579224
-0.6245442032814026
-0.8970927596092224
-1.004028558731079
-1.1263742446899414
-0.9420720338821411
-1.0222429037094116
-0.9050571918487549
-1.0245188474655151
-1.0245440006256104
-0.8189955949783325
-0.8214004635810852
-1.071158528327942
-0.8398367762565613
-0.9025760293006897
-0.7377166152000427
-0.956367552280426
-0.92408287525177
-1.0704405307769775
-0.8454118967056274
-0.8210719227790833
-0.7837820053100586
-1.1054946184158325
-0.8458847999572754
-0.9057544469833374
-0.7830400466918945
-1.0013148784637451
-0.8730886578559875
-1.146481990814209
-0.7939777970314026
-1.1049833297729492
-0.8834421634674072
-0.90229332447052
-0.8257800340652466
-1.1118354797363281
-0.9458608031272888
-0.8222962617874146
-1.0887922048568726
-0.9933887124061584
-0.980413019657135
-1.2508823871612549
-1.0025038719177246
-1.0515022277832031
-0.8539713621139526
-0.9337097406387329
-0.9485793709754944
-0.8631325960159302
-0.7538520097732544
-0.9501858353614807
-0.8561592102050781
-0.9460775256156921
-0.820880115032196
-0.8449669480323792
-0.742743730545044
-1.070194959640503
-1.5010157823562622
-0.8269386291503906
-0.8322701454162598
-1.00259530544281
-0.7712755799293518
-1.0525572299957275
-0.8798714280128479
-1.100860595703125
-0.8176895976066589
-1.042477011680603
-0.7696784734725952
-2.7806856632232666
-0.8762081861495972
-0.9827410578727722
-0.7021089196205139
-1.1962412595748901
-0.7349008321762085
-0.9098983407020569
-0.9530033469200134
-1.0995984077453613
-0.9040939211845398
-1.109375238418579
-0.8674654364585876
-1.0668145418167114
-0.8923183679580688
-0.9347231388092041
-0.922394871711731
-1.1061906814575195
-0.7571690082550049
-1.024588942527771
-0.7686911821365356
-1.278364658355713
-0.7664029598236084
-1.0973783731460571
-0.9611331224441528
-0.8178206086158752
-0.8792542815208435
-1.0427287817001343
-0.8693130612373352
-1.0400012731552124
-0.9967287182807922
-1.087226390838623
-0.8195317387580872
-1.0961772203445435
-1.2062952518463135
-0.8915625810623169
-0.8088280558586121
-0.99878990650177
-1.8175691366195679
-0.9075217843055725
-0.7599871158599854
-0.9926389455795288
-0.8310611248016357
-0.9091072082519531
-0.814604640007019
-1.9251174926757812
-0.9538083672523499
-0.9993170499801636
-0.7919858694076538
-3.270613193511963
-0.8699253797531128
-0.845226526260376
-0.8477488160133362
-1.0103743076324463
-1.0691391229629517
-0.9346349835395813
-0.9233097434043884
-1.049686312675476
-0.845186710357666
-1.0992621183395386
-0.7301114797592163
-0.9846860766410828
-0.7073211073875427
-0.9997457265853882
-0.7873457670211792
-0.8880767822265625
-0.8257306218147278
-1.165824294090271
-0.7719085812568665
-0.9530930519104004
-0.8621968030929565
-0.9793214797973633
-0.8104414343833923
-1.0913654565811157
-0.8180068731307983
-1.1575113534927368
-0.8556080460548401
-0.9014329314231873
-0.8541960120201111
-1.0705842971801758
-0.7964429259300232
-0.9781574010848999
-0.8860218524932861
-1.1371790170669556
-0.931671142578125
-0.883209228515625
-0.781281590461731
-1.1043142080307007
-0.7545584440231323
-1.0060133934020996
-0.9667372107505798
-0.9440057873725891
-0.8607960939407349
-1.3979582786560059
-0.8824594020843506
-1.0378583669662476
-0.8570014238357544
-0.856063187122345
-0.8179088830947876
-0.7921091914176941
-1.1398659944534302
-0.9764640927314758
-0.7967563271522522
-1.3812650442123413
-0.735188901424408
-0.9687086343765259
-0.9042680263519287
-1.0889266729354858
-0.7925227284431458
-1.0677947998046875
-0.8481289744377136
-1.170529842376709
-0.6601160168647766
-1.094472885131836
-0.8591394424438477
-1.0015044212341309
-0.8247359991073608
-1.3155653476715088
-0.9084169268608093
-1.059848427772522
-0.9027327299118042
-1.3420568704605103
-0.7694134712219238
-0.9378825426101685
-1.0441813468933105
-1.2146198749542236
-0.871826171875
