0.8988794684410095
0.9995105862617493
0.9726706743240356
0.9942887425422668
0.9660730361938477
0.9994781613349915
0.9251205921173096
0.9980913996696472
0.9424222707748413
0.9985268712043762
0.9751150012016296
0.9998310208320618
0.9859760999679565
0.9998263716697693
0.9858585596084595
0.9990983605384827
0.960934042930603
0.9973869919776917
0.9431229829788208
0.9999110698699951
0.9232974648475647
0.9981194734573364
0.965332567691803
0.9997032284736633
0.9636432528495789
0.9988555312156677
0.9444476962089539
0.9995163679122925
0.9145912528038025
0.9993202686309814
0.9316718578338623
0.9994357228279114
0.9717280864715576
0.9989224672317505
0.9650446772575378
0.9979875683784485
0.9272087216377258
0.9983904361724854
0.9140501618385315
0.9996205568313599
0.9756419658660889
0.9987750053405762
0.8781277537345886
0.9998670816421509
0.9619809985160828
0.9994979500770569
0.9747846126556396
0.9995681047439575
0.9667282700538635
0.9994686841964722
0.9625906944274902
0.9951683282852173
0.8506807088851929
0.9997490644454956
0.9485319256782532
0.9985315203666687
0.976041316986084
0.9997802376747131
0.9810605645179749
0.9986427426338196
0.8871938586235046
0.9667026996612549
0.9623820185661316
0.9992585778236389
0.9677312970161438
0.9979206323623657
0.8424772620201111
0.9996338486671448
0.9360199570655823
0.9994038939476013
0.959111213684082
0.9995890855789185
0.9628945589065552
0.9991807341575623
0.9415714740753174
0.9952225685119629
0.919098436832428
0.9776138067245483
0.8125293254852295
0.9994576573371887
0.9372677206993103
0.9990959167480469
0.8406837582588196
0.9997336268424988
0.9518800377845764
0.999485194683075
0.7832596302032471
0.9986954927444458
0.971631646156311
0.9986926317214966
0.9116799831390381
0.9989065527915955
0.9194478988647461
0.9984874725341797
0.9479023218154907
0.9990540146827698
0.9874701499938965
0.9975388646125793
0.9686622023582458
0.999208927154541
0.9443557858467102
0.9986453652381897
0.9594828486442566
0.9673184156417847
0.9929426312446594
0.9985991716384888
0.9251137971878052
0.9889621734619141
0.92286616563797
0.9996535181999207
0.955409049987793
0.9990003705024719
0.8970216512680054
0.9990032315254211
0.9326561093330383
0.9969565868377686
0.9033628106117249
0.9993032813072205
0.9702155590057373
0.9953726530075073
0.9805753827095032
0.9996563792228699
0.9888410568237305
0.9998264908790588
0.9588484764099121
0.9998027086257935
0.9828621745109558
0.9996531009674072
0.9721134305000305
0.99758380651474
0.9461919665336609
0.9981169104576111
0.9632894992828369
0.9940427541732788
0.9267268180847168
0.9988604784011841
0.9731914401054382
0.9997038841247559
0.9710237383842468
0.9987350106239319
0.9826111197471619
0.9991521835327148
0.8636257648468018
0.9969408512115479
0.9572111368179321
0.9990283250808716
0.9756451845169067
0.9846159815788269
0.9585272669792175
0.9983811974525452
0.6997936964035034
0.999042272567749
0.9564477205276489
0.9992685914039612
0.9691085815429688
0.9911971688270569
0.9926658272743225
0.9968309998512268
0.9127078056335449
0.999427080154419
0.9651649594306946
0.996127188205719
0.9875373840332031
0.9998781085014343
0.9694645404815674
0.9938963055610657
0.9523844122886658
0.9999064803123474
0.9556873440742493
0.9988732933998108
0.9586217999458313
0.9963665008544922
0.9423695802688599
0.9994969964027405
0.9700251221656799
0.9997220635414124
0.9830489158630371
0.9994156956672668
0.8992967009544373
0.9995560646057129
0.9496007561683655
0.9995618462562561
0.9741357564926147
0.9990410804748535
0.8260179162025452
0.9998494982719421
0.9684683680534363
0.9980520009994507
0.9582725167274475
0.9995569586753845
0.8830093741416931
0.9995166659355164
0.9809257388114929
0.998332679271698
0.9571431279182434
0.9984888434410095
0.9477278590202332
0.9989575743675232
0.9690489768981934
0.9996755123138428
