0.9676055669784546
0.9932196140289307
0.861020764670684
0.9003435611724854
0.961320059640067
0.9943529963493347
0.9928909965923854
0.9918585817019144
0.7681770208809111
0.8869799077510834
0.9005919694900513
0.8387963443994522
0.9920547505219778
0.9940601706504821
0.9120738704999288
0.9942243761486478
0.8509611580021945
0.8714962303638458
0.9523238018155098
0.9929913679758707
0.9896184461457389
0.8788987815380096
0.9936168458726671
0.9938922656906976
0.918755857894818
0.9160654991865158
0.904441871576839
0.9941493698528835
0.9929825152669635
0.9943368945802961
0.973956809594081
0.9924598986452277
0.9522809121343825
0.9939411348766751
0.9922874212265015
0.9942480656835768
0.9892167747020721
0.9922292133172353
0.9441678524017334
0.994067120552063
0.9850106835365295
0.844859798749288
0.799198965728283
0.9820997536182403
0.9919380843639374
0.9232391374451774
0.8409375622868538
0.845153842587024
0.7461349545628764
0.7532180057605729
0.8901138156652451
0.8298963361109296
0.9684867007391793
0.9036085890944708
0.9910045027732849
0.9931409239768982
0.9555181562900543
0.9940566867589951
0.9932902997190302
0.9566751850975884
0.801153077226546
0.99257559577624
0.9645085856318474
0.9916151828236051
0.959165632724762
0.788336604296799
0.9678804516792298
0.9911776065826416
0.8645094683088246
0.9714224175973372
0.837389221947108
0.9943881730238596
0.9848316420208324
0.9934309422969818
0.7784176209708675
0.9351518494742257
0.7305545056482184
0.9544638991355896
0.9256707310676575
0.9849382877349854
0.8223956401149431
0.99407097697258
0.9568557937939962
0.7870569564402103
0.7709609077312052
0.9934034943580627
0.9665375471115112
0.9940072670578957
0.9032237062400038
0.9900587333573235
0.8977524389823278
0.9935922225316366
0.9935302046629099
0.9468922764062881
0.8344006197793143
0.9926015138626099
0.8005638793110847
0.9764941334724426
0.8256255718879402
0.9942886680364609
0.9295170836978488
0.8905419521033764
0.852632112801075
0.7852578688826826
0.9723952054977417
0.8932016417384148
0.8331900496374477
0.9848183989524841
0.9928879737854004
0.9939019580682119
0.9298746784528097
0.984719349278344
0.9925960525870323
0.9104896129235082
0.8958093292183347
0.9662088602781296
0.9651529888312022
0.9938887655735016
0.9337194595072005
0.8399242535233498
0.9885255336761475
0.9942709729075432
0.899047002196312
0.9909154772758484
0.9923912712505886
0.8974258434027433
0.990312397480011
0.9938591122627258
0.9852730366918776
0.9938962856928507
0.9354411721229553
0.8814046740531921
0.9345268309116364
0.9638230502605438
0.9931872316769191
0.8331556689615051
0.9857515352112907
0.9943930268287658
0.9839991107583046
0.9901743531227112
0.9863770127296447
0.9944978853066763
0.67931053112261
0.9768405139446259
0.9938036859035492
0.9721246242523194
0.9920039355754853
0.8848026014036603
0.7951052780780528
0.994175523519516
0.8259197655133903
0.9607582241296768
0.9902051016688347
0.993979016939799
0.8280595813412219
0.8979535273143223
0.9798341989517212
0.9937158624331156
0.9854120711485544
0.9780229330062866
0.9935711537088666
0.9935517046186659
0.9909974336624146
0.9935878813266754
0.9942219033837318
0.8980286002159119
0.9878948628902435
0.9939390644431114
0.9927310006959098
0.9926108803067889
0.8928233833459671
0.9872480375426156
0.9894760648409525
0.8154201045632362
0.9936219751834869
0.9943615893522898
0.8270765143388417
0.9942853227257729
0.8449855907986473
0.9937723219394684
0.9924706369638443
0.9360494812329611
0.9895928621292114
0.9942975163459777
0.767027972266078
0.9932432344981602
0.9081003155027118
0.9597620442509651
0.9929172396659851
0.8547099698334932
0.7167749721556902
0.931448560494643
0.988301192011152
0.9935528039932251
0.9214725759294298
0.9940824061632156
0.8365181262294451
0.914615409714835
0.8770822246248523
0.9916215986013412
