-3.3931000232696533
-2.669700860977173
-2.9050400257110596
-3.017458200454712
-3.0087506771087646
-2.363593339920044
-2.9102306365966797
-2.416154623031616
-3.4593234062194824
-2.3972725868225098
-3.011376142501831
-2.7504377365112305
-2.9809954166412354
-2.9099037647247314
-2.702225923538208
-2.5086793899536133
-2.903330087661743
-2.64536714553833
-3.122609853744507
-2.826524019241333
-2.748997926712036
-2.8337254524230957
-2.964364528656006
-2.544306516647339
-3.2211673259735107
-2.5609099864959717
-2.93468976020813
-2.851850748062134
-2.645502805709839
-2.5960354804992676
-2.924281597137451
-2.8467180728912354
-2.790498971939087
-2.5233776569366455
-2.860819101333618
-2.473304510116577
-3.3751938343048096
-2.5635273456573486
-3.049781560897827
-2.183873414993286
-3.0101592540740967
-2.7954964637756348
-2.642296314239502
-2.723325490951538
-2.327699899673462
-2.644956350326538
-3.10184907913208
-2.5203728675842285
-3.381385326385498
-2.5123038291931152
-2.9997341632843018
-2.63126277923584
-2.840466260910034
-2.391007423400879
-2.900621175765991
-2.5233113765716553
-2.714158296585083
-2.7903101444244385
-2.936224937438965
-2.7351677417755127
-2.5951924324035645
-2.953465700149536
-2.9653549194335938
-2.8273098468780518
-2.8783884048461914
-2.76247239112854
-3.0209240913391113
-2.368364095687866
-3.3422372341156006
-2.6850829124450684
-2.637880802154541
-2.842780590057373
-3.051549196243286
-2.535712480545044
-2.847527503967285
-2.4832112789154053
-2.9695377349853516
-2.423848867416382
-2.9791948795318604
-2.533798933029175
-3.160393238067627
-2.456422805786133
-2.927429676055908
-3.1726908683776855
-3.2127161026000977
-2.282255172729492
-2.7905027866363525
-2.656883955001831
-3.2985846996307373
-2.742793083190918
-3.1296989917755127
-2.677253007888794
-2.9463050365448
-2.6232216358184814
-3.5499911308288574
-2.5088045597076416
-3.229179859161377
-2.695185899734497
-2.5799403190612793
-2.8166685104370117
-2.7761828899383545
-3.024308204650879
-3.2159976959228516
-2.784236431121826
-3.4447202682495117
-2.7724783420562744
-2.5290822982788086
-3.1968305110931396
-2.601545810699463
-2.554164171218872
-3.193679094314575
-2.3493218421936035
-2.933493137359619
-2.2698442935943604
-2.977433681488037
-2.576303005218506
-2.7731754779815674
-2.67641544342041
-3.155251979827881
-2.5219922065734863
-3.2969231605529785
-2.3080644607543945
-4.213436603546143
-2.7010672092437744
-2.5238137245178223
-2.702465534210205
-3.0788936614990234
-2.8513550758361816
-2.8633880615234375
-3.220456838607788
-2.8924105167388916
-2.6086928844451904
-3.0785393714904785
-2.673128128051758
-2.994013786315918
-2.610956907272339
-2.950077772140503
-2.8448476791381836
-2.7979068756103516
-2.5788733959198
-3.3140251636505127
-2.6053199768066406
-2.352168560028076
-2.360175609588623
-2.836428642272949
-3.059443473815918
-3.238807201385498
-2.696514844894409
-3.1304988861083984
-2.65212082862854
-2.684459686279297
-2.7952027320861816
-2.776219129562378
-2.573197364807129
-3.3102898597717285
-2.5871129035949707
-2.781609296798706
-2.6823983192443848
-2.781726121902466
-2.6733367443084717
-3.0215320587158203
-2.6572208404541016
-2.549062967300415
-2.248302936553955
-2.6286556720733643
-2.8157687187194824
-2.306725025177002
-2.8987951278686523
-2.427192211151123
-2.6371328830718994
-2.870361566543579
-2.68733811378479
-2.700651168823242
-2.9557251930236816
-3.1538240909576416
-2.679851531982422
-3.3697330951690674
-2.651700258255005
-2.8059494495391846
-2.7819769382476807
-3.1165683269500732
-2.7185051441192627
-2.8743674755096436
-2.482330560684204
-2.6349077224731445
-2.1077420711517334
-3.198765516281128
-2.6437597274780273
-3.960655927658081
-2.7339706420898438
-2.9510204792022705
-2.8421761989593506
-2.9573280811309814
-3.0455236434936523
-2.921522617340088
-2.3933162689208984
-2.8570709228515625
-2.60119366645813
-2.945505380630493
-2.480074167251587
