-1.7010080814361572
-1.020056128501892
-1.1604220867156982
-1.3865630626678467
-1.3748879432678223
-1.0647797584533691
-1.1271955966949463
-1.0202338695526123
-1.3506720066070557
-0.8052335381507874
-1.126796841621399
-1.1912089586257935
-1.2522085905075073
-1.3574296236038208
-3.1611268520355225
-1.1001085042953491
-1.128131628036499
-1.2266472578048706
-1.0434714555740356
-1.1889235973358154
-1.2324397563934326
-1.0050731897354126
-1.0148708820343018
-0.9494364261627197
-1.1046818494796753
-1.0448862314224243
-1.174318790435791
-1.00141179561615
-0.9374668598175049
-0.9663280844688416
-1.1073787212371826
-1.067258596420288
-1.034812569618225
-0.9594050049781799
-1.2324284315109253
-1.0016887187957764
-1.3773053884506226
-0.9217013120651245
-1.2728689908981323
-1.1529275178909302
-0.9724611639976501
-0.9945747256278992
-1.4267287254333496
-1.1646560430526733
-0.9146612882614136
-1.1992554664611816
-1.2000499963760376
-1.122059941291809
-1.4412974119186401
-1.3360960483551025
-1.1501498222351074
-1.1538209915161133
-1.0965150594711304
-1.1950221061706543
-0.9693465232849121
-0.9057871699333191
-1.1314703226089478
-1.134560465812683
-1.1566696166992188
-1.1317102909088135
-1.0995279550552368
-1.2421976327896118
-1.2012953758239746
-2.3933396339416504
-1.0599523782730103
-0.9858031868934631
-1.1306475400924683
-0.9267911314964294
-1.2349876165390015
-1.137136459350586
-1.2635174989700317
-0.9956763386726379
-1.3005460500717163
-0.9111183285713196
-1.3576979637145996
-1.0590064525604248
-1.0757603645324707
-0.8254441618919373
-1.3674412965774536
-0.9539274573326111
-1.0636382102966309
-1.16314697265625
-1.2823134660720825
-1.0949854850769043
-1.4538695812225342
-1.193579077720642
-1.2183905839920044
-1.1069399118423462
-1.1274583339691162
-1.096376657485962
-1.2171730995178223
-0.9148815870285034
-1.1940945386886597
-0.9041549563407898
-1.3790934085845947
-1.001116156578064
-1.3035993576049805
-1.1509430408477783
-0.9998161196708679
-1.0272752046585083
-1.1426011323928833
-1.0831695795059204
-1.1317635774612427
-1.13314688205719
-1.2300885915756226
-1.0051692724227905
-1.295737624168396
-1.2159464359283447
-0.9853366613388062
-0.984930694103241
-1.166944980621338
-1.1327260732650757
-1.0204048156738281
-0.909288227558136
-1.1065027713775635
-1.057348608970642
-1.1080032587051392
-1.0186158418655396
-1.1779149770736694
-1.2192847728729248
-1.268412709236145
-1.1320348978042603
-3.3201141357421875
-0.9968920946121216
-0.9913838505744934
-1.0479238033294678
-1.227317452430725
-1.2371059656143188
-1.0511971712112427
-1.2392741441726685
-1.2205008268356323
-1.107321858406067
-1.1789745092391968
-0.8535181283950806
-1.0635850429534912
-0.9942913055419922
-1.1215204000473022
-0.902720034122467
-1.0642764568328857
-1.1030151844024658
-1.2610543966293335
-0.9138274788856506
-1.1532303094863892
-1.0495408773422241
-1.1530990600585938
-0.9961263537406921
-1.2271631956100464
-0.9454323649406433
-1.2454191446304321
-0.9996768236160278
-1.0806739330291748
-1.1303044557571411
-1.0885257720947266
-1.0136473178863525
-1.187298059463501
-1.0978970527648926
-1.1919604539871216
-1.1359772682189941
-1.0718125104904175
-1.0534577369689941
-1.2052987813949585
-0.917218029499054
-1.152298092842102
-1.0516140460968018
-1.067880392074585
-1.1174705028533936
-1.5396575927734375
-1.0118381977081299
-1.1248939037322998
-1.0926390886306763
-0.9494302868843079
-1.0713098049163818
-1.0768110752105713
-1.5701602697372437
-1.0977001190185547
-0.9314743876457214
-1.4734383821487427
-0.8548843860626221
-1.1021690368652344
-1.0698447227478027
-1.242144227027893
-0.9455539584159851
-1.156745195388794
-1.0940805673599243
-1.2209148406982422
-0.9016304016113281
-1.2249294519424438
-1.1345593929290771
-1.1312129497528076
-0.9747316837310791
-1.2970471382141113
-1.1438349485397339
-1.1964545249938965
-1.0966424942016602
-1.4625661373138428
-0.971837043762207
-1.0825625658035278
-1.2710895538330078
-1.349335789680481
-1.1116467714309692
