0.5638558945851401
0.7892291521653533
0.4765589000307955
0.5428995594382287
0.7700515070131847
0.7804209093252817
0.8765172362327576
0.5037111535590763
0.5663330627398359
0.7216830337420106
0.360668806893624
0.2286966472864151
0.8435777823130289
0.7109632611274719
0.5245191861564914
0.6724329272595545
0.5759243755892385
0.5509719997644424
0.6456661234260537
0.877415935198466
0.7259563037327358
0.3342995703220367
0.7596173485120138
0.4679107181727886
0.4418683846791585
0.8546272050589323
0.8509780963261923
0.6534872594555574
0.6715073160261714
0.7768493358578
0.5344462538979804
0.3360867260277949
0.7688984912302759
0.7629551348379917
0.7339406280720141
0.9151880542437235
0.5710663371137343
0.9706068634986877
0.6735301936860196
0.729639919102192
0.9240305357509189
0.44658378263314563
0.4682068534195423
0.6524718600325287
0.6069295165943913
0.4037807244208774
0.37960663018748164
0.4666732717305422
0.4175262823700905
0.5935667213052511
0.6105850418098271
0.6590823263395578
0.5341161609228168
0.39783790250393475
0.6011869267560541
0.4773133566486649
0.6680830654222518
0.3721462343237363
0.8423096347938884
0.7654541283845901
0.03416300714015961
0.09175302596607555
0.750132517554448
0.6494122876061333
0.8230151254683733
0.6233504840121087
0.5579102577583399
0.4241382474079728
0.5510429048008518
0.5440849456936121
0.32429825210835717
0.30265708826482296
0.6095361909194087
0.8401043627721568
0.41642286332207734
0.4586048303837223
0.7287546839586205
0.8373810984194279
0.7252357773482799
0.8661761709488929
0.5583400583515564
0.5913341485623581
0.5941160529748433
0.03239122161176056
0.4779022173141129
0.6397318616509438
0.658926812466234
0.6872558644536184
0.7199681711129167
0.377837185566831
0.60926578566432
0.2714588978754667
0.5485017000387112
0.7034702058881521
0.6771290525794029
0.500289752962999
0.38352562081334846
0.4271388727550705
0.3896274094004184
0.3015163764357567
0.4930093331883351
0.6361632387852296
0.6732252350609217
0.5937943666552504
0.5211433619260788
0.5790904061868787
0.602646444585513
0.7372189660867056
0.697315517187235
0.666860024134318
0.49663314735516906
0.4405975797110134
0.8092431277036667
0.6220370452501811
0.45981435312165153
0.6423231205262709
0.4551140641172727
0.9922026495138804
0.5455733843975596
0.666083250194788
0.723778540827334
0.49009985179873183
0.5173773688147776
0.7279893979430199
0.7416997594492776
0.6676613443414681
0.8732314790998187
0.7741265570123991
0.8413235007060899
0.4216132132957379
0.5969377671106486
0.2715750224888325
0.5759494011290371
0.4872521162033081
0.7380126352821078
0.4840967195729415
0.5107669058987605
0.9608433842658997
0.6676860870793462
0.7209687151813081
0.5716349303722381
0.7839748015006384
0.19490171231639883
0.7931426465511322
0.6819864729070104
0.4960240874206647
0.7371993396431208
0.329185403831717
0.5447795233792729
0.33229381212731823
0.4531064609234983
0.6228987472131848
0.7519940936472267
0.6391601375976784
0.7427943013608456
0.7592599093914032
0.6821024737187794
0.8102539603908857
0.6705771932999293
0.4299984501623031
0.5058532261422702
0.37848221841785645
0.8334974050521851
0.9448939114809036
0.8612352050840855
0.4284839843865484
0.9839719533920288
0.6517214963096194
0.5461575975641608
0.7514494125332151
0.452496536122635
0.4762794759590179
0.5550390042157637
0.3889845125260763
0.944631427526474
0.6503087257345518
0.8267677699526151
0.13755373443875993
0.7589857599564961
0.6046991310082376
0.5166374323889613
0.7027124318604668
0.4918974963249639
0.5845131710171699
0.8582563102245331
0.358732648692759
0.6785172713654382
0.6773986299522221
0.5160869153009521
0.25038344969341
0.9336118868419102
0.6755724807556432
0.881463097674506
0.4411839097738266
0.5602521846691767
0.6526718800887465
0.49120471021160483
0.6387715983603682
0.6194779473201683
0.709094762802124
