-1.661818265914917
-1.4158087968826294
-1.5215001106262207
-1.643142580986023
-1.6491345167160034
-1.4047490358352661
-1.1908888816833496
-1.3542656898498535
-1.7141004800796509
-1.0916945934295654
-1.4362545013427734
-1.6119855642318726
-1.5160502195358276
-1.6848673820495605
-3.0279574394226074
-1.4006158113479614
-1.42412269115448
-1.4902442693710327
-1.3934595584869385
-1.6458756923675537
-1.4635952711105347
-1.5073747634887695
-1.3784377574920654
-1.3372849225997925
-1.5264191627502441
-1.4516350030899048
-1.5585047006607056
-1.4407981634140015
-1.26978600025177
-1.2618184089660645
-1.4953410625457764
-1.5972782373428345
-1.3589112758636475
-1.3244242668151855
-1.4550422430038452
-1.2809802293777466
-1.8577665090560913
-1.183837652206421
-1.493918776512146
-1.5452204942703247
-1.2310136556625366
-1.4635878801345825
-1.7207586765289307
-1.4683159589767456
-1.162575364112854
-1.4648056030273438
-1.7248246669769287
-1.3746371269226074
-1.7700514793395996
-1.6022628545761108
-1.4676662683486938
-1.5307506322860718
-1.404036521911621
-1.6072858572006226
-1.2492892742156982
-1.2994251251220703
-1.459723949432373
-1.4419671297073364
-1.3196096420288086
-1.4839855432510376
-1.329360842704773
-1.7645083665847778
-1.5936343669891357
-2.178330183029175
-1.286694049835205
-1.2897257804870605
-1.4699468612670898
-1.398940086364746
-1.5517030954360962
-1.5537692308425903
-1.5084242820739746
-1.3702197074890137
-1.750928282737732
-1.2821838855743408
-1.6796205043792725
-1.4456727504730225
-1.4174076318740845
-1.1851232051849365
-1.7333052158355713
-1.4140597581863403
-1.4372104406356812
-1.5494312047958374
-1.5234001874923706
-1.7062712907791138
-1.8136578798294067
-1.499908685684204
-1.5376567840576172
-1.522383213043213
-1.4711658954620361
-1.5971858501434326
-1.573010802268982
-1.1928248405456543
-1.4886342287063599
-1.2491240501403809
-1.9339574575424194
-1.3326033353805542
-1.6266505718231201
-1.682834506034851
-1.297662377357483
-1.4483333826065063
-1.5221672058105469
-1.4652204513549805
-1.6143205165863037
-1.4400304555892944
-1.588672161102295
-1.501495361328125
-1.6988505125045776
-1.8388893604278564
-1.4150446653366089
-1.525568962097168
-1.583195686340332
-1.3622668981552124
-1.2745139598846436
-1.2758995294570923
-1.5229411125183105
-1.5440337657928467
-1.478510856628418
-1.2630128860473633
-1.439013957977295
-1.5843583345413208
-1.6136845350265503
-1.4268972873687744
-1.164539098739624
-1.4236726760864258
-1.2659342288970947
-1.5609867572784424
-1.7049345970153809
-1.513748288154602
-1.353757619857788
-1.5169821977615356
-2.753079891204834
-1.4650996923446655
-1.4840775728225708
-1.3788501024246216
-1.3821722269058228
-1.4445751905441284
-1.457252860069275
-1.1848281621932983
-1.2981499433517456
-1.500617265701294
-1.6106966733932495
-1.3535605669021606
-1.5623438358306885
-1.4289697408676147
-1.5563127994537354
-1.383224368095398
-1.5991921424865723
-1.3051220178604126
-1.6621404886245728
-1.403807282447815
-1.3476704359054565
-1.5211269855499268
-1.3529590368270874
-1.3423510789871216
-1.7156604528427124
-1.3834890127182007
-1.6091454029083252
-1.4769082069396973
-1.56703782081604
-1.5258984565734863
-1.495164394378662
-1.3118317127227783
-1.5529738664627075
-1.4104630947113037
-1.3608143329620361
-1.4648230075836182
-1.4840645790100098
-1.4532378911972046
-1.4452451467514038
-1.6103482246398926
-1.233982801437378
-1.452982783317566
-1.348071575164795
-1.8962334394454956
-1.4352041482925415
-1.3936798572540283
-1.83076810836792
-1.2813814878463745
-1.491275429725647
-1.3825238943099976
-1.6782121658325195
-1.3486260175704956
-1.5694032907485962
-1.4358134269714355
-1.5945242643356323
-1.282599687576294
-1.602273941040039
-1.4519741535186768
-1.6623793840408325
-1.3390065431594849
-1.4475722312927246
-1.5922749042510986
-1.5248485803604126
-1.7940943241119385
-1.6933096647262573
-1.3335078954696655
-1.3560411930084229
-1.5728340148925781
-1.6734607219696045
-1.5622509717941284
