0.9005399346351624
0.9940212965011597
0.9721681475639343
0.8611595630645752
0.9363835453987122
0.9640514850616455
0.9222896099090576
0.9936968088150024
0.9448736906051636
0.9948302507400513
0.9708988070487976
0.9987635016441345
0.9880232214927673
0.9936779737472534
0.9874842166900635
0.9966359734535217
0.9575273394584656
0.9942148327827454
0.930084228515625
0.9988747835159302
0.9253246188163757
0.9919190406799316
0.9636334180831909
0.9991848468780518
0.9530826210975647
0.9971267580986023
0.9414763450622559
0.997162938117981
0.909378170967102
0.9976806044578552
0.928009033203125
0.9955160021781921
0.969825267791748
0.9916042685508728
0.9678897857666016
0.978568434715271
0.925036609172821
0.9972984790802002
0.899544358253479
0.9978426694869995
0.973921000957489
0.9920689463615417
0.8631876707077026
0.9987497329711914
0.960929274559021
0.9949859380722046
0.9753006100654602
0.996425211429596
0.9630652070045471
0.9826995730400085
0.9612150192260742
0.9878495931625366
0.8652164936065674
0.9886872172355652
0.9474063515663147
0.9788704514503479
0.9549583792686462
0.9964900016784668
0.9789718985557556
0.9878187775611877
0.8678522109985352
0.9052615165710449
0.9559905529022217
0.9940889477729797
0.967934787273407
0.9929804801940918
0.8618187308311462
0.9902558922767639
0.9437189102172852
0.9984846711158752
0.9602454900741577
0.9903424978256226
0.9591432213783264
0.9964291453361511
0.9412143230438232
0.9912875890731812
0.8995559215545654
0.9747281074523926
0.8000549077987671
0.989780843257904
0.9329791069030762
0.9937394857406616
0.8420472741127014
0.9977010488510132
0.9349375367164612
0.9982547163963318
0.7772547006607056
0.9245232939720154
0.960735559463501
0.9961342215538025
0.9117043018341064
0.9737429022789001
0.924495279788971
0.9956835508346558
0.9404872059822083
0.9852882623672485
0.9827331304550171
0.9950751066207886
0.9678999185562134
0.9939553737640381
0.9387759566307068
0.8864856362342834
0.9597135782241821
0.9661423563957214
0.9840882420539856
0.9868441820144653
0.915899932384491
0.9872244000434875
0.9107439517974854
0.997250497341156
0.951845109462738
0.9877785444259644
0.8962088227272034
0.9979939460754395
0.9209128618240356
0.9926978349685669
0.9079645276069641
0.9948562383651733
0.9660631418228149
0.9809578657150269
0.9780179858207703
0.997809886932373
0.9857116341590881
0.9932098984718323
0.9549763798713684
0.9985525608062744
0.9813628196716309
0.997692883014679
0.969242513179779
0.989043653011322
0.9426340460777283
0.9963151216506958
0.9660453796386719
0.9918054938316345
0.9289146661758423
0.9960877299308777
0.9713708758354187
0.9859519004821777
0.9603732228279114
0.9954091310501099
0.9830242395401001
0.98567134141922
0.857999861240387
0.9866641163825989
0.9573422074317932
0.9966546297073364
0.9737208485603333
0.9836090803146362
0.9575793743133545
0.9872514605522156
0.6943718194961548
0.9950351715087891
0.9484394788742065
0.9971676468849182
0.9713451266288757
0.9914349317550659
0.9900485277175903
0.9904409646987915
0.910390317440033
0.9964243769645691
0.9618225693702698
0.9937282204627991
0.9791971445083618
0.9960416555404663
0.967227041721344
0.9926699995994568
0.9203373193740845
0.9916338920593262
0.9496111273765564
0.987856388092041
0.9547169208526611
0.9913097620010376
0.9414935111999512
0.9952666163444519
0.9511975049972534
0.9939649105072021
0.9814411997795105
0.9978190660476685
0.8626201748847961
0.9559493064880371
0.9502326250076294
0.9957945942878723
0.9634166955947876
0.996242880821228
0.8219867944717407
0.9984722137451172
0.9710444211959839
0.9968345761299133
0.9494441151618958
0.9971502423286438
0.8825816512107849
0.9949631690979004
0.9680912494659424
0.9915534853935242
0.9622789025306702
0.9954009652137756
0.946460485458374
0.996641993522644
0.9685283303260803
0.9919844269752502
