0.6900777846807614
0.7892291521653533
0.4877649135014508
0.5428995594382287
0.8168543492044721
0.7804209093252817
0.8781337993485587
0.5037111535590763
0.8144623935222626
0.7216830337420106
0.3681276183395477
0.2286966472864151
0.8426316107312838
0.7109632611274719
0.7327113822102547
0.6724329272595545
0.6647381984761783
0.5509719997644424
0.5151580269448459
0.877415935198466
0.759984769991466
0.3342995703220367
0.7538463311890761
0.4679107181727886
0.44650868450601894
0.8546272050589323
0.8100162744522095
0.6534872594555574
0.6498103026367191
0.7768493358578
0.6097361635989867
0.3360867260277949
0.762561158173614
0.7629551348379917
0.6376888517290353
0.9151880542437235
0.6891898636822589
0.9706068634986877
0.7261013845563866
0.729639919102192
0.8598809043566386
0.44658378263314563
0.3942505366634578
0.6524718600325287
0.7459955185768194
0.4037807244208774
0.26703991740942
0.4666732717305422
0.41086262627504766
0.5935667213052511
0.5790337892249227
0.6590823263395578
0.636016521602869
0.39783790250393475
0.4654367044044193
0.4773133566486649
0.7582147313902775
0.3721462343237363
0.796645304018801
0.7654541283845901
0.3287695207529598
0.09175302596607555
0.7141543743928196
0.6494122876061333
0.7941007955620686
0.6233504840121087
0.5335615089396015
0.4241382474079728
0.4355673430254683
0.5440849456936121
0.30799702637263443
0.30265708826482296
0.6770589124115015
0.8401043627721568
0.4456966567377094
0.4586048303837223
0.7818112273605287
0.8373810984194279
0.818024592101574
0.8661761709488929
0.550821875144417
0.5913341485623581
0.568078701901767
0.03239122161176056
0.5743601386900992
0.6397318616509438
0.5996438518865034
0.6872558644536184
0.6300235759382221
0.377837185566831
0.7388130476077398
0.2714588978754667
0.6524415413419214
0.7034702058881521
0.7041884032743317
0.500289752962999
0.38246732441309306
0.4271388727550705
0.5856890506111085
0.3015163764357567
0.5878700133826997
0.6361632387852296
0.5995944130034851
0.5937943666552504
0.5184440312907099
0.5790904061868787
0.6289323459125378
0.7372189660867056
0.7040149085223675
0.666860024134318
0.30263304089506465
0.4405975797110134
0.7860953854396939
0.6220370452501811
0.3844427768554952
0.6423231205262709
0.5434128822137912
0.9922026495138804
0.5708712121057842
0.666083250194788
0.7471414297819138
0.49009985179873183
0.5853014879394323
0.7279893979430199
0.7541124224662781
0.6676613443414681
0.8774640347276416
0.7741265570123991
0.9157756500773959
0.4216132132957379
0.655103186579072
0.2715750224888325
0.5599259744631127
0.4872521162033081
0.7715956994465419
0.4840967195729415
0.5749804355603244
0.9608433842658997
0.661264811642468
0.7209687151813081
0.47312618866562844
0.7839748015006384
0.27768094919156283
0.7931426465511322
0.681272039283067
0.4960240874206647
0.7388723604381084
0.329185403831717
0.71695091161463
0.33229381212731823
0.521138087761673
0.6228987472131848
0.7862727735191584
0.6391601375976784
0.7081910880903403
0.7592599093914032
0.6620014746274266
0.8102539603908857
0.6993690232435862
0.4299984501623031
0.5248773151210376
0.37848221841785645
0.8301982680956522
0.9448939114809036
0.8285549022257328
0.4284839843865484
0.98486328125
0.6517214963096194
0.5237550614401698
0.7514494125332151
0.4444520755670965
0.4762794759590179
0.5767411356791854
0.3889845125260763
0.8720736106236776
0.6503087257345518
0.6536919052402178
0.13755373443875993
0.8680753026689801
0.6046991310082376
0.600484088761732
0.7027124318604668
0.5265037573641166
0.5845131710171699
0.5979409366846085
0.358732648692759
0.7134386641638619
0.6773986299522221
0.41541115442911786
0.25038344969341
0.8232750211443219
0.6755724807556432
0.853579695735659
0.4411839097738266
0.5717666041519907
0.6526718800887465
0.4899026576119165
0.6387715983603682
0.6223688296352824
0.709094762802124
