0.8418063521385193
0.9118962287902832
0.8831982612609863
0.8938785791397095
0.9178833961486816
0.897000789642334
0.9077790379524231
0.9583922624588013
0.8645944595336914
0.9563974142074585
0.6643446683883667
0.8901312351226807
0.9449895024299622
0.768126904964447
0.9599686861038208
0.9177252054214478
0.8431450128555298
0.9816157817840576
0.8931143283843994
0.8719744682312012
0.819456934928894
0.9317305088043213
0.9489471912384033
0.9571856260299683
0.8971173763275146
0.9409801959991455
0.8887484073638916
0.7029168605804443
0.9640653133392334
0.9839238524436951
0.8958842158317566
0.8984447717666626
0.923320472240448
0.8358488082885742
0.9621939659118652
0.9296881556510925
0.8709409236907959
0.9733177423477173
0.8992047309875488
0.9524164795875549
0.9230947494506836
0.7745974063873291
0.8510832786560059
0.8674260377883911
0.9524518251419067
0.9244884252548218
0.9478166699409485
0.9213252067565918
0.9569475650787354
0.9310883283615112
0.7884706258773804
0.9311351776123047
0.8963576555252075
0.9351323843002319
0.9452810883522034
0.8649899959564209
0.9621907472610474
0.9324878454208374
0.9290000796318054
0.9680930376052856
0.9237617254257202
0.8175725340843201
0.9423423409461975
0.898621678352356
0.939387321472168
0.9415749311447144
0.8951238393783569
0.9516700506210327
0.9353852272033691
0.8579161763191223
0.973232090473175
0.8624800443649292
0.8862313032150269
0.9395678639411926
0.9082576036453247
0.9394122362136841
0.8972806930541992
0.9164329171180725
0.9194579720497131
0.9602152109146118
0.9308246374130249
0.9714155197143555
0.94321608543396
0.9843255281448364
0.9034469127655029
0.9840903878211975
0.9141532182693481
0.8589801788330078
0.9452807903289795
0.9049602746963501
0.7861063480377197
0.90708327293396
0.9600764513015747
0.9419792294502258
0.7567996978759766
0.9175654053688049
0.9438329339027405
0.9026013612747192
0.8414878845214844
0.8995651006698608
0.914425253868103
0.8528940677642822
0.9020154476165771
0.9255868792533875
0.7454196214675903
0.8619170188903809
0.9443532228469849
0.8024700880050659
0.9262323379516602
0.9825946688652039
0.9046258330345154
0.9498990774154663
0.9081998467445374
0.9491835832595825
0.7821289300918579
0.8917678594589233
0.9269646406173706
0.9371696710586548
0.7240555286407471
0.9151676893234253
0.9740576148033142
0.9303845167160034
0.9507008790969849
0.9495000839233398
0.9336466193199158
0.9262290596961975
0.9038821458816528
0.9756845235824585
0.8972437381744385
0.8559098243713379
0.8979079723358154
0.8643404841423035
0.9539996385574341
0.8968567848205566
0.926087498664856
0.9033597707748413
0.9175016283988953
0.822739839553833
0.7364217042922974
0.935688853263855
0.8617901802062988
0.850047767162323
0.9350176453590393
0.9607039093971252
0.8498479127883911
0.9302484393119812
0.9172135591506958
0.9354385137557983
0.952654242515564
0.9129379987716675
0.8645470142364502
0.9403350949287415
0.8611710071563721
0.9489541053771973
0.6802284121513367
0.9468610286712646
0.9371045231819153
0.9556093215942383
0.9529458284378052
0.8151369690895081
0.917789101600647
0.8831088542938232
0.8876907825469971
0.9727963209152222
0.9242897033691406
0.8490076661109924
0.9903450012207031
0.9487121105194092
0.959989607334137
0.9139946699142456
0.9378424882888794
0.9077585935592651
0.9320192337036133
0.9347151517868042
0.9165326952934265
0.8634967803955078
0.9783368110656738
0.9498929977416992
0.9479362964630127
0.7523931264877319
0.8627152442932129
0.8674871921539307
0.9004522562026978
0.915772557258606
0.9167611002922058
0.8538452386856079
0.953371524810791
0.9607710838317871
0.9122760891914368
0.9467039108276367
0.9123196601867676
0.9607162475585938
0.9223610162734985
0.6793167591094971
0.8944786787033081
0.9636269807815552
0.9227696061134338
0.9464545845985413
0.9535684585571289
0.8958176374435425
