[57, 41, 196, 133, 100, 73, 62, 144, 186]
[48, 32, 187, 126, 92, 65, 52, 138, 177, 140]
[53, 37, 193, 128, 97, 69, 57, 141, 183, 142]
[52, 36, 125, 95, 69, 56, 138, 139]
[50, 33, 193, 126, 95, 66, 54, 141]
[48, 31, 188, 124, 91, 65, 52, 140, 179]
[51, 33, 190, 129, 93, 67, 55, 141]
[50, 34, 133, 98, 66, 54, 145]
[48, 32, 185, 124, 92, 66, 53, 136, 176, 138]
[53, 38, 206, 136, 98, 70, 57, 150, 196, 152, 291, 145]
[100, 69, 197, 123, 93, 68, 55, 280, 141, 183, 143, 51]
[49, 32, 123, 92, 65, 26]
[49, 33, 123, 92, 67, 53, 135]
[24, 15, 93, 61, 46]
[64, 43, 206, 141, 109, 82, 70, 153]
[49, 33, 189, 122, 92, 65, 53, 134, 175, 135]
[52, 33, 132, 101, 75, 56, 148]
[26, 16, 98, 70]
[52, 35, 193, 132, 99, 73, 56, 144, 184, 145, 272]
[50, 33, 127, 96, 68, 55, 139]
[50, 34, 187, 128, 95, 67, 54, 140, 177]
[49, 32, 183, 122, 90, 65, 53, 133]
[47, 32, 184, 120, 89, 63, 51, 132, 174, 133, 253]
[54, 34, 193, 130, 97, 69, 58, 145, 183, 146, 253]
[107, 70, 261, 194, 140, 118, 283, 285, 108, 278, 172, 266, 154, 117]
[54, 36, 193, 134, 99, 70, 59, 145, 183, 146]
[54, 34, 128, 95, 70, 58, 140, 180]
[53, 36, 130, 97, 69, 57, 145]
[48, 32, 181, 121, 89, 63, 52, 133, 171, 134]
[53, 33, 126, 94, 69, 57, 137]
[101, 69, 250, 187, 133, 110, 274, 276, 102, 269, 165, 255, 147, 109]
[52, 34, 192, 132, 99, 71, 58, 144, 183, 145, 276, 140]
[51, 35, 199, 131, 98, 71, 58, 144, 186]
[53, 37, 196, 135, 101, 72, 57, 147, 187]
[101, 70, 249, 94, 69, 52, 265, 138, 174, 139, 48, 134]
[50, 34, 190, 127, 94, 65, 54, 140, 179, 141]
[48, 32, 178, 120, 89, 64, 52, 132, 168]
[50, 34, 185, 124, 93, 68, 55, 137, 175]
[48, 31, 181, 120, 89, 64, 52, 132, 172, 133, 245]
[53, 34, 128, 96, 69, 57]
[55, 34, 193, 126, 96, 70, 59, 138, 181]
[52, 35, 190, 128, 98, 68, 56, 140, 180, 141]
[111, 70, 259, 197, 144, 120, 281, 283, 112, 276, 176, 265, 159, 119]
[50, 33, 185, 125, 94, 67, 55, 138, 175, 139, 240]
[51, 34, 193, 130, 97, 67, 55, 144, 182, 145, 248]
[53, 35, 128, 97, 71, 57, 140]
[24, 16, 94, 63, 46, 32]
[49, 32, 181, 123, 92, 66, 54, 134]
[52, 34, 187, 127, 95, 68, 57, 138]
[52, 35, 193, 125, 95, 70, 58, 140, 181, 141]
[51, 34, 189, 125, 94, 70, 55, 140, 178, 142, 275, 135]
[49, 34, 125, 91, 66, 53, 138]
[52, 33, 193, 127, 95, 69, 57, 139, 180, 141]
[50, 34, 189, 128, 94, 66, 54, 141, 179]
[51, 36, 185, 125, 94, 67, 55, 137, 176, 138, 275, 134]
[50, 34, 199, 141, 109, 77, 66, 153, 190, 154]
[107, 74, 257, 196, 143, 119, 281, 283, 108, 276, 175, 263, 157, 118]
[105, 67, 255, 191, 137, 115, 278, 280, 106, 273, 169, 261, 151]
[53, 33, 193, 133, 96, 69, 57, 146, 184, 148, 269, 143]
[52, 34, 186, 126, 95, 68, 56, 137, 177, 139, 246]
[51, 35, 200, 135, 103, 74, 55, 149, 190, 150]
[51, 33, 92, 63, 47, 32]
[49, 33, 183, 125, 92, 66, 54, 137, 174]
[49, 32, 183, 123, 91, 65, 53, 135, 174, 136, 248]
[48, 32, 187, 127, 91, 63, 52, 139, 177, 140, 267, 136]
[49, 33, 191, 127, 94, 65, 53, 139, 180, 140]
[49, 33, 187, 123, 91, 64, 53, 135, 176, 136, 266]
[54, 38, 193, 132, 98, 70, 58, 144, 184, 146]
[48, 33, 179, 121, 91, 65, 53, 132, 169, 133]
[105, 33, 194, 130, 97, 69, 55, 276, 143, 180, 144, 50]
[52, 35, 132, 100, 69, 56]
[54, 35, 128, 96, 70, 58, 142]
[50, 33, 187, 125, 92, 66, 54, 138, 176, 139]
[99, 33, 190, 123, 91, 67, 55, 272, 135, 180, 136, 51]
[52, 35, 197, 133, 97, 69, 57, 145, 184, 146]
[51, 35, 189, 124, 93, 67, 55, 137, 179]
[54, 37, 195, 134, 100, 71, 59, 147, 185, 148, 282, 143]
[54, 34, 194, 132, 97, 70, 59, 144, 184, 146]
[54, 39, 205, 138, 103, 71, 59, 151, 193, 153]
[101, 67, 266, 191, 134, 110, 291, 293, 102, 285, 166, 273, 148]
[51, 35, 198, 133, 96, 67, 55, 280, 146, 188, 147, 291]
[51, 36, 128, 95, 68, 56, 142, 143]
[48, 32, 194, 131, 92, 64, 52, 143, 184, 144]
[27, 18, 63, 48]
[54, 36, 207, 143, 108, 74, 59, 156, 197]
[67, 47, 213, 151, 115, 86, 72, 164]
[53, 35, 192, 128, 96, 70, 57, 140, 180]
[51, 34, 191, 129, 97, 69, 56, 145]
[53, 35, 190, 129, 97, 71, 57, 141, 180, 143, 249]
[50, 34, 187, 125, 95, 66, 54, 138, 176, 139]
[55, 36, 130, 96, 72, 60, 142, 143]
[47, 32, 179, 120, 88, 63, 51, 132, 169, 133, 239]
[103, 69, 257, 190, 136, 113, 280, 282, 104, 274, 167, 262, 149, 112]
[49, 33, 185, 126, 92, 65, 54, 137, 174, 138, 240]
[50, 33, 129, 97, 68, 54]
[52, 34, 195, 132, 97, 71, 58, 143, 184, 144]
[56, 37, 134, 100, 74, 60, 147]
[48, 33, 122, 89, 64, 53, 135]
[53, 35, 200, 132, 100, 70, 58, 146]
[50, 32, 128, 97, 68, 55, 141]
[52, 35, 193, 129, 94, 68, 56, 141, 183, 142]
[52, 36, 183, 126, 94, 69, 56, 137, 174, 138]
[50, 33, 193, 132, 95, 66, 54, 145, 183]
[48, 32, 185, 123, 90, 63, 52, 135, 175]
[29, 19, 100, 69, 49]
[52, 34, 197, 129, 98, 68, 56, 142, 188, 143]
[52, 34, 212, 140, 102, 69, 56, 159, 200, 160, 288]
[12, 8]
[50, 34, 134, 103, 69, 54, 150, 190]
[57, 39, 135, 104, 75, 61, 151, 152]
[50, 34, 191, 126, 93, 67, 55, 137, 181, 138]
[48, 33, 192, 126, 93, 66, 52, 139, 182, 140]
[55, 38, 197, 135, 102, 73, 60, 147, 187]
[103, 68, 263, 196, 138, 113, 286, 288, 104, 281, 171, 269, 153, 112]
[50, 33, 189, 123, 92, 66, 54, 135, 178, 137, 261]
[55, 36, 199, 134, 98, 73, 61, 145, 190, 146]
[49, 34, 187, 128, 98, 67, 53, 140, 176]
[51, 35, 182, 123, 92, 66, 55, 135, 173, 136, 245]
[50, 34, 186, 124, 93, 67, 55, 135, 176, 137, 249]
[49, 33, 188, 127, 95, 67, 53, 140]
[28, 17, 98, 66, 49]
[50, 32, 189, 127, 96, 67, 55, 141]
[50, 34, 186, 126, 93, 66, 55, 140, 177, 141]
[52, 36, 128, 97, 68, 56, 140]
[50, 32, 190, 127, 97, 70, 56, 272, 140, 180, 141, 281]
[61, 41, 195, 134, 103, 77, 66, 146]
[49, 32, 191, 127, 94, 68, 55, 139]
[24, 15, 96, 62, 44]
[53, 37, 193, 132, 99, 69, 57, 144, 183, 145, 279, 140]
[25, 16, 62]
[49, 32, 185, 124, 91, 65, 53, 136, 175]
[51, 16, 93, 63, 47, 33]
[54, 37, 136, 104, 73, 60, 148]
[24, 15, 94, 65, 46]
[51, 34, 191, 131, 97, 71, 55, 143, 182]
[53, 36, 141, 103, 73, 59, 153, 155]
[49, 32, 128, 97, 68, 54, 141, 142]
[50, 34, 125, 94, 68, 55, 136]
[48, 32, 181, 120, 89, 64, 53, 133]
[51, 35, 194, 131, 96, 68, 56, 142, 185, 143, 251]
[49, 33, 129, 95, 67, 54]
[52, 35, 128, 97, 68, 57]
[47, 32, 126, 91, 65, 53, 138, 176]
[53, 35, 189, 130, 96, 69, 58, 142, 179, 143]
[52, 35, 192, 130, 98, 69, 56, 142, 182, 144, 270]
[48, 33, 187, 126, 93, 66, 53, 138, 177]
[50, 32, 191, 129, 95, 66, 54, 143, 181, 144, 246]
[55, 37, 129, 97, 72, 60, 142, 180]
[51, 34, 131, 94, 68, 56, 145, 146]
[51, 35, 189, 125, 93, 67, 55, 137, 177]
[100, 67, 263, 199, 144, 119, 286, 290, 101, 281, 176, 268, 159]
[51, 34, 186, 127, 97, 67, 56, 139, 176]
[51, 35, 184, 124, 93, 67, 55, 136, 174]
[56, 37, 197, 135, 101, 73, 60, 148, 187, 149]
[50, 34, 122, 91, 65, 54, 133]
[50, 34, 127, 95, 65, 54, 141, 142]
[58, 38, 140, 105, 78, 63, 152]
[51, 32, 133, 100, 71, 58, 147]
[52, 37, 128, 94, 68, 56, 141]
[48, 32, 181, 121, 90, 65, 54, 133, 172, 134, 253]
[54, 38, 131, 99, 70, 58, 145, 182]
[51, 33, 192, 129, 98, 71, 58, 143, 183, 144]
[26, 17, 95, 64]
[26, 17, 104, 67, 49]
[50, 33, 187, 124, 92, 66, 54, 136]
[53, 34, 189, 127, 96, 69, 57, 139, 178, 140, 271, 136]
[6]
[49, 34, 186, 126, 95, 66, 54, 138, 177, 139]
[55, 39, 194, 129, 97, 71, 59, 143, 184]
[51, 34, 125, 93, 67, 56, 139]
[101, 66, 251, 188, 135, 110, 274, 276, 102, 268, 167, 256, 148]
[48, 32, 190, 124, 93, 65, 52, 139, 179, 140, 270, 136]
[62, 38, 202, 141, 109, 81, 66, 154, 193, 155, 268]
[28, 19, 96, 65, 50]
[54, 36, 196, 135, 99, 72, 58, 149, 187]
[49, 33, 129, 96, 66, 53, 142]
[52, 34, 130, 99, 71, 57, 142]
[48, 32, 186, 122, 92, 65, 53, 137, 176, 138]
[55, 39, 132, 99, 72, 60, 146]
[49, 33, 182, 122, 91, 65, 53, 133, 173, 134, 256]
[24, 16, 93, 62]
[55, 37, 140, 105, 76, 63, 153]
[49, 33, 191, 129, 92, 67, 54, 141, 181, 142]
[51, 34, 194, 134, 98, 70, 56, 146, 184]
[28, 18, 98, 69, 52]
[58, 42, 134, 103, 75, 64, 146]
[54, 36, 128, 98, 70, 58, 139, 141]
[51, 32, 127, 94, 68, 56, 139, 181]
[49, 33, 188, 126, 93, 66, 54, 138, 179]
[57, 35, 192, 133, 102, 75, 61, 145, 183, 146]
[54, 37, 199, 135, 102, 75, 62, 151, 189]
[107, 72, 263, 195, 140, 117, 287, 289, 108, 281, 173, 269, 155]
[52, 36, 195, 130, 97, 68, 56, 145, 185, 146]
[26, 17, 104, 69, 48, 35]
[51, 35, 186, 127, 95, 66, 55, 139, 176, 140, 260]
[49, 32, 184, 125, 95, 65, 53, 137, 174, 138]
[53, 36, 195, 133, 99, 70, 59, 145, 184, 146, 269]
[51, 33, 188, 127, 95, 69, 56, 139, 178]
[56, 39, 198, 135, 103, 74, 60, 147]
[49, 33, 186, 121, 90, 65, 54, 135, 176, 136]
