0.85768723487854
0.9555742740631104
0.8153084516525269
0.7215147614479065
0.8805351257324219
0.9355809688568115
0.9243808388710022
0.9904654622077942
0.9412572383880615
0.9909560084342957
0.9672762751579285
0.9921298027038574
0.9787517786026001
0.980778694152832
0.9814605116844177
0.9586141109466553
0.9487900137901306
0.9877250790596008
0.873195469379425
0.9942452311515808
0.9136836528778076
0.9717147350311279
0.9282864928245544
0.9594016075134277
0.9533586502075195
0.9872127771377563
0.9525693655014038
0.9688718914985657
0.9403256773948669
0.9877625703811646
0.9401007294654846
0.9744533896446228
0.9318952560424805
0.8911892771720886
0.9367220401763916
0.9441423416137695
0.9112894535064697
0.957912027835846
0.8898993730545044
0.9948893785476685
0.9604493975639343
0.9705168604850769
0.8562048673629761
0.9957227110862732
0.9550096392631531
0.9857364892959595
0.9729017019271851
0.9753391146659851
0.945767343044281
0.9726458191871643
0.941672146320343
0.9642571210861206
0.8673913478851318
0.9756080508232117
0.85885089635849
0.880099892616272
0.9390866160392761
0.9903516173362732
0.9392545819282532
0.9816457033157349
0.85670405626297
0.908751368522644
0.948021411895752
0.8967224955558777
0.9505487680435181
0.9821457862854004
0.8513212203979492
0.9818145036697388
0.9229138493537903
0.9964047074317932
0.9504557251930237
0.9845360517501831
0.8886147141456604
0.9751945734024048
0.9295544028282166
0.9825085401535034
0.8751052618026733
0.9603307247161865
0.7603937983512878
0.9656162261962891
0.8864790201187134
0.9763376116752625
0.7874360084533691
0.9968317747116089
0.8882749676704407
0.9790928363800049
0.7696189880371094
0.9119141697883606
0.9506705403327942
0.9839814901351929
0.8782867789268494
0.9602518677711487
0.9151288866996765
0.9796450138092041
0.9409644603729248
0.9556232690811157
0.9748481512069702
0.9900879263877869
0.9603421092033386
0.9883378744125366
0.9221212267875671
0.8815046548843384
0.9593780636787415
0.916135847568512
0.9789653420448303
0.9435317516326904
0.8542218208312988
0.9912148118019104
0.8660501837730408
0.9903199076652527
0.9493918418884277
0.9804289937019348
0.9260881543159485
0.9902986884117126
0.8302751779556274
0.9862814545631409
0.903462290763855
0.92951899766922
0.9673568606376648
0.9754108190536499
0.9691200256347656
0.9577686190605164
0.977753758430481
0.9856321811676025
0.9243802428245544
0.9473947286605835
0.9538336992263794
0.9937344193458557
0.8711583018302917
0.9867797493934631
0.9060670137405396
0.9830367565155029
0.9656230807304382
0.9835561513900757
0.9032884240150452
0.9589090347290039
0.9603371024131775
0.9824090600013733
0.9180447459220886
0.9210107326507568
0.9831072092056274
0.983367919921875
0.8587530255317688
0.943980872631073
0.9127875566482544
0.9126842021942139
0.9280463457107544
0.9811693429946899
0.9505668878555298
0.9643967151641846
0.6922752261161804
0.9849048256874084
0.9497563242912292
0.9858534932136536
0.7850003838539124
0.961021363735199
0.9870008826255798
0.9786704182624817
0.9086801409721375
0.9907720685005188
0.9641844630241394
0.9865655899047852
0.9377025961875916
0.9861445426940918
0.9279995560646057
0.9431701898574829
0.8681937456130981
0.985109806060791
0.9248692393302917
0.9351050853729248
0.9267895817756653
0.9695084691047668
0.9258151650428772
0.9751521944999695
0.9211937785148621
0.9791203737258911
0.9783433675765991
0.9781139492988586
0.8672266006469727
0.8683117032051086
0.9491891860961914
0.9812057614326477
0.9198496341705322
0.9080111384391785
0.8141986131668091
0.9852380156517029
0.957767128944397
0.9862744212150574
0.9404957890510559
0.9837359189987183
0.8337048292160034
0.9784852862358093
0.9680185317993164
0.9889786839485168
0.9605703353881836
0.9564414024353027
0.9204919338226318
0.9818164706230164
0.9653592705726624
0.942765474319458
