0.8385802507400513
0.9512205123901367
0.8262687921524048
0.6908109188079834
0.8676766753196716
0.9222334027290344
0.9210923314094543
0.9619581699371338
0.931792676448822
0.9823164939880371
0.9457852244377136
0.9597479701042175
0.9710450172424316
0.9728522300720215
0.9651763439178467
0.925314724445343
0.8632000088691711
0.9860718846321106
0.8457012176513672
0.9871243834495544
0.9239872097969055
0.9480255842208862
0.9177083373069763
0.9427822232246399
0.9369543194770813
0.9729518294334412
0.9442381858825684
0.8516436219215393
0.9521778225898743
0.9770450592041016
0.9128248691558838
0.9514740705490112
0.9259970188140869
0.8861358165740967
0.9261910915374756
0.9304003715515137
0.9000986218452454
0.9550644755363464
0.8804476261138916
0.9461418390274048
0.9420232772827148
0.9504285454750061
0.809630274772644
0.9804193377494812
0.9516420364379883
0.9332413673400879
0.9519644379615784
0.9720386862754822
0.9489670395851135
0.9624910354614258
0.9409900307655334
0.9394939541816711
0.8738098740577698
0.9295387864112854
0.8232242465019226
0.8536309599876404
0.9310005307197571
0.9817175269126892
0.9356828331947327
0.970963716506958
0.8048012852668762
0.8467447757720947
0.9474721550941467
0.8773386478424072
0.9413040280342102
0.949688732624054
0.842898428440094
0.9573755264282227
0.9188701510429382
0.9904309511184692
0.8961874842643738
0.9736583232879639
0.8960126042366028
0.9493944644927979
0.9169690012931824
0.9561315774917603
0.8520317673683167
0.9198302030563354
0.7585318684577942
0.9664732813835144
0.8883840441703796
0.9582288861274719
0.7532343864440918
0.9860895276069641
0.8471460342407227
0.9676018357276917
0.7717587947845459
0.8589309453964233
0.942942202091217
0.935698926448822
0.8964263200759888
0.9458488821983337
0.9255096912384033
0.9275274872779846
0.9445157051086426
0.9179912209510803
0.9283472895622253
0.9684219360351562
0.9488658308982849
0.9180455207824707
0.9053863286972046
0.841457188129425
0.9131165742874146
0.8880977034568787
0.9033216238021851
0.9120450019836426
0.8311549425125122
0.8294890522956848
0.8524335622787476
0.9739665985107422
0.9307758212089539
0.9700471758842468
0.9129831194877625
0.9685801863670349
0.8059018850326538
0.9683398604393005
0.8825270533561707
0.8888435363769531
0.9598039984703064
0.9570212960243225
0.9656356573104858
0.953138530254364
0.9743108749389648
0.9225126504898071
0.9047220349311829
0.9196662902832031
0.9271011352539062
0.9797457456588745
0.8635253310203552
0.8423712253570557
0.8608357310295105
0.8908103704452515
0.9636058211326599
0.9056087136268616
0.8850319385528564
0.9340134263038635
0.9310914278030396
0.7550830245018005
0.8873456120491028
0.8977598547935486
0.9078459739685059
0.9484675526618958
0.8633949160575867
0.9192052483558655
0.9018498659133911
0.8959037065505981
0.9034565091133118
0.9403609037399292
0.949111819267273
0.9527310729026794
0.6588001847267151
0.9673327803611755
0.9442228078842163
0.9702004194259644
0.7854538559913635
0.9572049379348755
0.876997709274292
0.9709727168083191
0.9127969741821289
0.9756793975830078
0.960478663444519
0.9606102705001831
0.899258017539978
0.8264721632003784
0.917714536190033
0.9297594428062439
0.8719483017921448
0.965082049369812
0.921171247959137
0.8610816597938538
0.9044740796089172
0.9418108463287354
0.9123277068138123
0.9487352967262268
0.9016664028167725
0.9522895216941833
0.9675331711769104
0.9344239830970764
0.889782726764679
0.8356307148933411
0.9140456318855286
0.957195520401001
0.8930200934410095
0.9024852514266968
0.8383158445358276
0.9803744554519653
0.94786137342453
0.9761790037155151
0.9162998199462891
0.963047206401825
0.8299052119255066
0.9521075487136841
0.952592670917511
0.969663143157959
0.9365827441215515
0.9383639693260193
0.8574297428131104
0.9779671430587769
0.956821084022522
0.8936885595321655
