0.919570803642273
0.9972482323646545
0.992038369178772
0.9442747235298157
0.9697130918502808
0.9576185941696167
0.9921685457229614
0.9975948333740234
0.9409991502761841
0.993378758430481
0.9536500573158264
0.9684797525405884
0.9777024984359741
0.9957871437072754
0.9960715770721436
0.9748544692993164
0.9947243332862854
0.9920468330383301
0.9618494510650635
0.9972419738769531
0.9218662977218628
0.9718309640884399
0.9940086603164673
0.9984390735626221
0.9841477870941162
0.9837402105331421
0.9856020212173462
0.9965450167655945
0.9923361539840698
0.9967147707939148
0.9907723665237427
0.9930832982063293
0.962428092956543
0.9929713010787964
0.9848072528839111
0.9850754737854004
0.965126633644104
0.9991999864578247
0.9842784404754639
0.9975247383117676
0.994874119758606
0.9959583878517151
0.9790157675743103
0.9945291876792908
0.9759337902069092
0.946365475654602
0.9723576307296753
0.9611023664474487
0.9880725741386414
0.9858642816543579
0.9920775294303894
0.9959861040115356
0.959553599357605
0.9943557977676392
0.9914105534553528
0.9907809495925903
0.9876286387443542
0.9942284822463989
0.9820362329483032
0.9911350011825562
0.9562444686889648
0.9632916450500488
0.993501603603363
0.9951599836349487
0.9756154417991638
0.9776853322982788
0.9927281141281128
0.9950636029243469
0.9813445806503296
0.979636549949646
0.9907131791114807
0.9907287359237671
0.9250386953353882
0.9988222122192383
0.9814110994338989
0.9890978336334229
0.9593086838722229
0.9827145934104919
0.9805517196655273
0.9936490654945374
0.9890155792236328
0.9939701557159424
0.990445077419281
0.9976047277450562
0.9760133028030396
0.996455192565918
0.9879774451255798
0.9657411575317383
0.9807943105697632
0.9906981587409973
0.9376864433288574
0.9699398875236511
0.9831552505493164
0.9957368969917297
0.9761770963668823
0.9767903089523315
0.9901926517486572
0.9963942766189575
0.9874641299247742
0.9922590255737305
0.9850313663482666
0.9913448095321655
0.9821860194206238
0.9857813119888306
0.9646025896072388
0.9918311834335327
0.9953306317329407
0.8786233067512512
0.9867042899131775
0.9987566471099854
0.9607622623443604
0.9899386167526245
0.9931252002716064
0.9965993165969849
0.9540283679962158
0.9963586926460266
0.9755297303199768
0.9968239665031433
0.9740053415298462
0.9761505722999573
0.9848468899726868
0.9976752996444702
0.9875293970108032
0.997093677520752
0.98951256275177
0.9947643280029297
0.9420285224914551
0.9976480007171631
0.9862625598907471
0.9850412607192993
0.991187572479248
0.992061972618103
0.9678598046302795
0.9721433520317078
0.991417646408081
0.998284637928009
0.9961464405059814
0.9912610054016113
0.9830149412155151
0.996903657913208
0.9693725109100342
0.9792487621307373
0.9824278354644775
0.9871365427970886
0.9438313245773315
0.9782925844192505
0.9954342842102051
0.9940257668495178
0.9804767370223999
0.9960962533950806
0.9715659618377686
0.9933304786682129
0.9794864654541016
0.9946655035018921
0.9833906888961792
0.9886994361877441
0.9745315313339233
0.98759526014328
0.9812086224555969
0.9916281700134277
0.9931498765945435
0.9969937801361084
0.9649801254272461
0.9966460466384888
0.9942335486412048
0.9794071912765503
0.9973427653312683
0.9952544569969177
0.9878491163253784
0.996129035949707
0.9861989617347717
0.9927167892456055
0.9762881994247437
0.9882049560546875
0.9582493305206299
0.9913299083709717
0.9930115342140198
0.9827902317047119
0.9790019989013672
0.9789776802062988
0.9194461703300476
0.9965667724609375
0.9917746186256409
0.9967726469039917
0.9925926923751831
0.9927953481674194
0.9875698089599609
0.9950324296951294
0.9631388187408447
0.996481716632843
0.9927208423614502
0.9936704635620117
0.979505717754364
0.9868556261062622
0.9797400236129761
0.9951831102371216
0.9819576740264893
0.9869586229324341
0.9485210180282593
0.994342029094696
