0.8816334009170532
0.9474408626556396
0.7619373798370361
0.6651226282119751
0.8535285592079163
0.9101414680480957
0.8973000645637512
0.9645970463752747
0.8781163692474365
0.9777625799179077
0.9479365944862366
0.944430410861969
0.9735519289970398
0.953509509563446
0.9665615558624268
0.913886547088623
0.8556789755821228
0.8615690469741821
0.8253165483474731
0.9868287444114685
0.9232059717178345
0.93703293800354
0.8299123048782349
0.938697099685669
0.9323166608810425
0.9648285508155823
0.9329280257225037
0.8474003672599792
0.9381268620491028
0.9649772644042969
0.8913875818252563
0.9474560022354126
0.8689748048782349
0.8837416172027588
0.9147830605506897
0.8590220808982849
0.8909423351287842
0.9470686316490173
0.8550078272819519
0.9334980249404907
0.8790472149848938
0.895339846611023
0.7968489527702332
0.9764465689659119
0.944963812828064
0.9158182144165039
0.9531236886978149
0.9594606161117554
0.949294924736023
0.9613291025161743
0.9304822087287903
0.9130362272262573
0.8805681467056274
0.9236297011375427
0.8091662526130676
0.8377607464790344
0.9269116520881653
0.9690061211585999
0.9270142912864685
0.9646973609924316
0.7933271527290344
0.8440222144126892
0.9474230408668518
0.8422290682792664
0.9429016709327698
0.9098418951034546
0.8505178689956665
0.9529114365577698
0.8990820050239563
0.9869194626808167
0.8889468312263489
0.9541220664978027
0.8898393511772156
0.892977774143219
0.8971707820892334
0.9509255290031433
0.8434534668922424
0.8761206269264221
0.7570508122444153
0.9644960165023804
0.8800271153450012
0.9219736456871033
0.71885085105896
0.970535397529602
0.8307819366455078
0.9597587585449219
0.7525457739830017
0.8575487732887268
0.9412881135940552
0.9216617941856384
0.8756332993507385
0.9246546626091003
0.9210503101348877
0.88132643699646
0.9512391090393066
0.8856945037841797
0.9295579195022583
0.9573742151260376
0.9387978911399841
0.9032718539237976
0.9088518023490906
0.8102362155914307
0.8218856453895569
0.8708970546722412
0.881503701210022
0.9094678163528442
0.8286870121955872
0.8235328793525696
0.8191739916801453
0.9680033922195435
0.920504093170166
0.9607660174369812
0.912298321723938
0.9303127527236938
0.7712822556495667
0.9549845457077026
0.8735350370407104
0.8867890238761902
0.959794819355011
0.9465906620025635
0.9649236798286438
0.9458721280097961
0.9297099709510803
0.9198160171508789
0.9046996235847473
0.9207772016525269
0.9139426946640015
0.9587898254394531
0.8517611622810364
0.8593629002571106
0.8353421092033386
0.8834356665611267
0.9623857736587524
0.8860762119293213
0.9008239507675171
0.9134434461593628
0.9371816515922546
0.7626681923866272
0.8823410868644714
0.8949725031852722
0.9072322249412537
0.9381405115127563
0.8547625541687012
0.9034088253974915
0.8952676653862
0.8968232274055481
0.8858650326728821
0.9263637661933899
0.9463265538215637
0.9041628241539001
0.6448100805282593
0.9511427283287048
0.9471542835235596
0.8812029957771301
0.7460161447525024
0.9102270007133484
0.8721038103103638
0.9540053009986877
0.905842125415802
0.963591456413269
0.9586355090141296
0.948914647102356
0.8858962655067444
0.8129514455795288
0.861691951751709
0.9192037582397461
0.8747658729553223
0.9467412233352661
0.9117756485939026
0.8577172756195068
0.8794771432876587
0.9001554846763611
0.9063183069229126
0.9418884515762329
0.8994662165641785
0.9445443749427795
0.9550315737724304
0.9319008588790894
0.8690083026885986
0.5428875088691711
0.9215341806411743
0.9328839182853699
0.8792122006416321
0.8914892673492432
0.8152254819869995
0.9709000587463379
0.9066346287727356
0.9705301523208618
0.9169132113456726
0.9281490445137024
0.8314884901046753
0.9336938261985779
0.9173915386199951
0.9386528134346008
0.9367644786834717
0.9240325689315796
0.8357906937599182
0.9549463391304016
0.9211832880973816
0.8785222172737122
