0.9842675030231476
0.9932196140289307
0.9017306379973888
0.9003435611724854
0.956557401588985
0.9943529963493347
0.9926832318305969
0.9918585817019144
0.8519623196787305
0.8869799077510834
0.885702908039093
0.8387963443994522
0.9929917454719543
0.9940601706504821
0.9173118770122528
0.9942243761486478
0.9942439198493958
0.8714962303638458
0.9284406341612339
0.9929913679758707
0.9907938327108111
0.8788987815380096
0.9934327536159091
0.9938922656906976
0.9883331755797068
0.9160654991865158
0.9009337657027774
0.9941493698528835
0.9928347723824638
0.9943368945802961
0.9912862456761874
0.9924598986452277
0.9488088289896647
0.9939411348766751
0.8979556780308485
0.9942480656835768
0.9837278723716736
0.9922292133172353
0.9378905668854713
0.994067120552063
0.9924950268533494
0.844859798749288
0.9575423896312714
0.9820997536182403
0.9937346875667572
0.9232391374451774
0.9941624999046326
0.845153842587024
0.7475964851037133
0.7532180057605729
0.8849402898922563
0.8298963361109296
0.9260237472397941
0.9036085890944708
0.9919533610343934
0.9931409239768982
0.9935289621353149
0.9940566867589951
0.9935628609223799
0.9566751850975884
0.7257345466771059
0.99257559577624
0.9894741177558899
0.9916151828236051
0.9449451640248299
0.788336604296799
0.9641487002372742
0.9911776065826416
0.7460434629465453
0.9714224175973372
0.8524100607527154
0.9943881730238596
0.9833110462535511
0.9934309422969818
0.8216900126106339
0.9351518494742257
0.8942690203627783
0.9544638991355896
0.9927712738513946
0.9849382877349854
0.9754939277966818
0.99407097697258
0.9922980070114136
0.7870569564402103
0.9050295203924179
0.9934034943580627
0.9608850717544556
0.9940072670578957
0.8747273581949148
0.9900587333573235
0.9884977142016093
0.9935922225316366
0.9199538047497089
0.9468922764062881
0.8044677483183997
0.9926015138626099
0.7871510457314018
0.9764941334724426
0.8964695166796446
0.9942886680364609
0.9867164625061883
0.8905419521033764
0.8525986751275403
0.7852578688826826
0.9726538300514221
0.8932016417384148
0.9333927685564215
0.9848183989524841
0.9926024898886681
0.9939019580682119
0.7717043018589417
0.984719349278344
0.9920295551419258
0.9104896129235082
0.9834662278493246
0.9662088602781296
0.9937248925367991
0.9938887655735016
0.9376724130577512
0.8399242535233498
0.9930139183998108
0.9942709729075432
0.9121501296758652
0.9909154772758484
0.9922684516225543
0.8974258434027433
0.9922898667199271
0.9938591122627258
0.9894335998429192
0.9938962856928507
0.857235637307167
0.8814046740531921
0.9457505792379379
0.9638230502605438
0.9918538502284459
0.8331556689615051
0.9936535273279462
0.9943930268287658
0.9725468158721924
0.9901743531227112
0.9898823738098145
0.9944978853066763
0.8160272824655598
0.9768405139446259
0.9935584902763367
0.9721246242523194
0.9893302917480469
0.8848026014036603
0.9033038649294112
0.994175523519516
0.8922802009619772
0.9607582241296768
0.9936184287071228
0.993979016939799
0.9320071637630463
0.8979535273143223
0.837707274726459
0.9937158624331156
0.985652913649877
0.9780229330062866
0.9934867194720677
0.9935517046186659
0.9927690029144287
0.9935878813266754
0.9939437806606293
0.8980286002159119
0.9834949970245361
0.9939390644431114
0.9936374596187046
0.9926108803067889
0.8919193169102073
0.9872480375426156
0.9866939319504632
0.8154201045632362
0.9940348168214163
0.9943615893522898
0.9916710555553436
0.9942853227257729
0.9899501545088631
0.9937723219394684
0.9930200725793839
0.9360494812329611
0.9861837029457092
0.9942975163459777
0.9938164204359055
0.9932432344981602
0.9274877139500209
0.9597620442509651
0.993717736668057
0.8547099698334932
0.9142480918339321
0.931448560494643
0.9887580871582031
0.9935528039932251
0.9858885473675199
0.9940824061632156
0.9576146801312765
0.914615409714835
0.891329339808888
0.9916215986013412
