-2.08724045753479
-1.4158087968826294
-1.5025978088378906
-1.643142580986023
-1.6562784910202026
-1.4047490358352661
-1.2618820667266846
-1.3542656898498535
-1.7656573057174683
-1.0916945934295654
-1.5262655019760132
-1.6119855642318726
-1.514090657234192
-1.6848673820495605
-1.5296604633331299
-1.4006158113479614
-1.5362681150436401
-1.4902442693710327
-1.4323947429656982
-1.6458756923675537
-1.851955771446228
-1.5073747634887695
-1.5097618103027344
-1.3372849225997925
-1.5354515314102173
-1.4516351222991943
-1.6169358491897583
-1.440798044204712
-1.3066521883010864
-1.2618184089660645
-1.691537857055664
-1.5972782373428345
-1.3689286708831787
-1.3244242668151855
-1.5119171142578125
-1.2809802293777466
-1.9065850973129272
-1.183837652206421
-1.5753461122512817
-1.5452204942703247
-1.2988075017929077
-1.4635878801345825
-1.752787470817566
-1.4683159589767456
-1.2768619060516357
-1.4648056030273438
-1.7684264183044434
-1.3746371269226074
-1.8620164394378662
-1.6022628545761108
-1.569610357284546
-1.5307506322860718
-1.5813482999801636
-1.6072858572006226
-1.2698979377746582
-1.2994251251220703
-1.4468914270401
-1.4419671297073364
-1.3592840433120728
-1.4839855432510376
-1.3437285423278809
-1.7645083665847778
-1.6933828592300415
-2.178330183029175
-1.4375996589660645
-1.2897257804870605
-1.4696556329727173
-1.398940086364746
-1.608198642730713
-1.5537692308425903
-1.598388671875
-1.3702197074890137
-1.6770398616790771
-1.2821838855743408
-1.6409223079681396
-1.4456727504730225
-1.6023668050765991
-1.1851232051849365
-1.82527494430542
-1.4140597581863403
-1.4316651821136475
-1.5494312047958374
-1.6858495473861694
-1.7062710523605347
-1.8561302423477173
-1.499908685684204
-1.6953290700912476
-1.522383213043213
-1.6083019971847534
-1.5971858501434326
-1.490037202835083
-1.1928248405456543
-1.463158369064331
-1.2491240501403809
-1.8971010446548462
-1.3326033353805542
-1.7140361070632935
-1.682834506034851
-1.503244161605835
-1.4483333826065063
-1.7235603332519531
-1.4652204513549805
-1.5880281925201416
-1.4400304555892944
-1.6858093738555908
-1.501495361328125
-1.786395788192749
-1.8388893604278564
-1.417690634727478
-1.525568962097168
-1.614310622215271
-1.3622668981552124
-1.3447110652923584
-1.2758995294570923
-1.6297557353973389
-1.5440337657928467
-1.5905882120132446
-1.2630128860473633
-1.4899756908416748
-1.5843583345413208
-1.6825971603393555
-1.4268972873687744
-1.1787947416305542
-1.4236726760864258
-1.2373220920562744
-1.560987114906311
-1.7423962354660034
-1.5137485265731812
-1.4401257038116455
-1.5169821977615356
-1.7794934511184692
-1.4650996923446655
-1.567276954650879
-1.3788501024246216
-1.519768476486206
-1.4445751905441284
-1.4685178995132446
-1.1848281621932983
-1.253299355506897
-1.500617265701294
-1.5398813486099243
-1.3535605669021606
-1.4899485111236572
-1.4289697408676147
-1.5608620643615723
-1.3832247257232666
-1.5610322952270508
-1.3051217794418335
-1.7590974569320679
-1.403807282447815
-1.4901657104492188
-1.5211269855499268
-1.4136974811553955
-1.3423510789871216
-1.6820366382598877
-1.3834890127182007
-1.8265689611434937
-1.4769082069396973
-1.5899142026901245
-1.5258984565734863
-1.4729969501495361
-1.3118317127227783
-1.5644282102584839
-1.4104630947113037
-1.4713181257247925
-1.4648230075836182
-1.7323408126831055
-1.4532378911972046
-1.5962904691696167
-1.6103482246398926
-1.2426241636276245
-1.452982783317566
-1.3789185285568237
-1.8962334394454956
-1.4248723983764648
-1.3936798572540283
-1.8655935525894165
-1.2813814878463745
-1.6139812469482422
-1.3825238943099976
-1.7283638715744019
-1.3486260175704956
-1.621671438217163
-1.4358134269714355
-1.5554271936416626
-1.282599687576294
-1.6844325065612793
-1.4519741535186768
-1.677204966545105
-1.3390065431594849
-1.6389280557632446
-1.5922749042510986
-1.5092283487319946
-1.7940943241119385
-1.7917588949203491
-1.3335078954696655
-1.4328155517578125
-1.5728340148925781
-1.778698205947876
-1.5622509717941284
