0.9868477582931519
0.9995105862617493
0.9919924736022949
0.9944199919700623
0.9770411252975464
0.9994781613349915
0.9962136149406433
0.9980913996696472
0.9658651947975159
0.997427225112915
0.9603419303894043
0.9925164580345154
0.9986034631729126
0.9993549585342407
0.9958219528198242
0.9990983605384827
0.991718590259552
0.997387170791626
0.991766631603241
0.9984069466590881
0.9868794083595276
0.975823163986206
0.9904890656471252
0.9997032284736633
0.9788414835929871
0.9988555312156677
0.9906378984451294
0.9995163679122925
0.9912436008453369
0.9993202686309814
0.9881842136383057
0.9994357228279114
0.9303773641586304
0.9989224672317505
0.989484429359436
0.9979875683784485
0.9881449341773987
0.9984212517738342
0.987704336643219
0.9996205568313599
0.9888579249382019
0.9987750053405762
0.9905831813812256
0.9991393089294434
0.9938048720359802
0.974044919013977
0.9769095778465271
0.9874876737594604
0.9789381623268127
0.9983904361724854
0.9874119758605957
0.9951683282852173
0.9853743314743042
0.9960527420043945
0.9945763349533081
0.9985315203666687
0.991696834564209
0.9987110495567322
0.9930120706558228
0.9986427426338196
0.9617858529090881
0.9995335340499878
0.9884371161460876
0.999101459980011
0.9891389012336731
0.9979206323623657
0.9902880787849426
0.9990226030349731
0.9713605642318726
0.9993931651115417
0.9887633323669434
0.9995890855789185
0.989747941493988
0.9927190542221069
0.9902790784835815
0.9952225685119629
0.9888816475868225
0.9776138067245483
0.9858196377754211
0.9994576573371887
0.9933552742004395
0.9991191029548645
0.9932767748832703
0.9979803562164307
0.9875567555427551
0.999485194683075
0.987564742565155
0.998613715171814
0.9891038537025452
0.9986926317214966
0.9881165623664856
0.9979356527328491
0.9911107420921326
0.9984874725341797
0.9839695692062378
0.9983928203582764
0.9924027919769287
0.9979910850524902
0.9959375858306885
0.9993413686752319
0.9941660165786743
0.9975810647010803
0.9873325228691101
0.9673184156417847
0.9808089733123779
0.9985991716384888
0.9966622591018677
0.9889621138572693
0.9968055486679077
0.9996535181999207
0.9827227592468262
0.9901608824729919
0.9961772561073303
0.9957297444343567
0.9885390400886536
0.9969072341918945
0.9920006990432739
0.9993032813072205
0.9949313998222351
0.9952681660652161
0.9907472133636475
0.9996563792228699
0.9887904524803162
0.999103307723999
0.9956281185150146
0.9960955381393433
0.9959388375282288
0.9996531009674072
0.9930796027183533
0.9975836873054504
0.9904727339744568
0.9981932640075684
0.986122727394104
0.9940427541732788
0.9973735809326172
0.9988604784011841
0.9968132376670837
0.9997754693031311
0.9850401878356934
0.9986949563026428
0.9922908544540405
0.9991521835327148
0.9957324862480164
0.9969408512115479
0.9974796175956726
0.9990283250808716
0.9935013055801392
0.9846159815788269
0.9860597848892212
0.9983811974525452
0.9855015873908997
0.9987207651138306
0.9828367829322815
0.9992685914039612
0.9898272156715393
0.9892086386680603
0.9970757961273193
0.9968309998512268
0.9900879859924316
0.998012363910675
0.9752805829048157
0.996127188205719
0.9930478930473328
0.9998781085014343
0.9965223073959351
0.9813544750213623
0.9965667724609375
0.9996804594993591
0.9943850636482239
0.9988732933998108
0.9938423037528992
0.9963665008544922
0.9852631688117981
0.986047089099884
0.9964074492454529
0.9998117089271545
0.9926747679710388
0.9994156956672668
0.9879421591758728
0.9995560646057129
0.9903979897499084
0.9995618462562561
0.9929519891738892
0.9990410804748535
0.9906075596809387
0.9998494982719421
0.9862569570541382
0.9980520009994507
0.9867400527000427
0.9995569586753845
0.9950516223907471
0.9987069368362427
0.9934312105178833
0.9964136481285095
0.9913854002952576
0.9984888434410095
0.9904372692108154
0.9958897233009338
0.9720185995101929
0.9996755123138428
