[57, 41, 196, 133, 100, 73, 62, 144, 186, 145, 214, 141, 89, 136, 79, 207, 76, 40]
[48, 32, 187, 126, 92, 65, 52, 138, 177, 140, 241, 134, 81, 129, 72, 234, 69, 196, 31, 90, 147]
[53, 37, 193, 128, 97, 69, 57, 141, 183, 142, 237, 138, 84, 131, 75, 229, 72, 204, 36, 95]
[52, 36, 125, 95, 69, 56, 138, 139, 174, 133, 84, 128, 75, 168, 72, 35]
[50, 33, 193, 126, 95, 66, 54, 141, 183, 142, 202, 137, 81, 130, 72, 199, 69]
[48, 31, 188, 124, 91, 65, 52, 140, 179, 141, 201, 135, 80, 127, 71, 194, 68, 30]
[51, 33, 190, 129, 93, 67, 55, 141, 181, 142, 199, 137, 82, 132, 74, 192, 70]
[50, 34, 133, 98, 66, 54, 145, 147, 164, 142, 81, 137, 72, 157]
[48, 32, 185, 124, 92, 66, 53, 136, 176, 138, 231, 133, 81, 128, 72, 224, 69, 197, 31, 90]
[53, 38, 206, 136, 98, 70, 57, 150, 196, 152, 291, 145, 88, 139, 274, 76, 284, 73, 215, 37, 96, 160, 210, 235]
[100, 69, 197, 123, 93, 68, 55, 280, 141, 183, 143, 51, 134, 83, 126, 261, 74, 287, 71, 265, 205, 32, 91, 151, 200]
[49, 32, 123, 92, 65, 26, 132, 67, 87, 68, 23, 141, 38]
[49, 33, 123, 92, 67, 53, 135, 136, 151, 132, 82, 127, 73, 145]
[24, 15, 93, 61, 46, 32, 26, 67, 89, 68, 133]
[64, 43, 206, 141, 109, 82, 70, 153, 197, 154, 211, 150, 98, 144, 89, 204, 86]
[49, 33, 189, 122, 92, 65, 53, 134, 175, 135, 242, 131, 81, 125, 73, 235, 69, 197, 32, 89, 143]
[52, 33, 132, 101, 75, 56, 148, 149, 172, 143, 91, 135, 81, 166]
[26, 16, 98, 70, 51, 38, 31, 75]
[52, 35, 193, 132, 99, 73, 56, 144, 184, 145, 272, 141, 88, 135, 79, 265, 76, 202, 34, 97, 152, 197, 222]
[50, 33, 127, 96, 68, 55, 139, 140, 175, 136, 86, 130, 75, 169, 72]
[50, 34, 187, 128, 95, 67, 54, 140, 177, 141, 215, 137, 84, 132, 73, 206, 70, 33, 93]
[49, 32, 183, 122, 90, 65, 53, 133, 174, 135, 191, 130, 80, 125, 71, 184, 68]
[47, 32, 184, 120, 89, 63, 51, 132, 174, 133, 253, 129, 78, 124, 69, 246, 66, 192, 30, 87, 141, 187, 212]
[54, 34, 193, 130, 97, 69, 58, 145, 183, 146, 253, 141, 84, 134, 76, 245, 72, 201, 33, 95, 153, 196]
[107, 70, 261, 194, 140, 118, 283, 285, 108, 278, 172, 266, 154, 117, 147, 67, 189, 104, 138, 101, 139, 119, 212, 293, 120, 315, 127, 175]
[54, 36, 193, 134, 99, 70, 59, 145, 183, 146, 239, 142, 85, 137, 76, 232, 73, 201, 35, 96, 154]
[54, 34, 128, 95, 70, 58, 140, 180, 141, 189, 137, 85, 132, 76, 183, 73]
[53, 36, 130, 97, 69, 57, 145, 146, 178, 141, 83, 134, 75, 170, 72]
[48, 32, 181, 121, 89, 63, 52, 133, 171, 134, 230, 130, 79, 124, 70, 223, 66, 189, 31, 87, 142]
[53, 33, 126, 94, 69, 57, 137, 138, 174, 134, 84, 129, 76, 168, 73]
[101, 69, 250, 187, 133, 110, 274, 276, 102, 269, 165, 255, 147, 109, 141, 67, 181, 98, 131, 95, 132, 111, 206, 112, 301, 121, 167, 74]
[52, 34, 192, 132, 99, 71, 58, 144, 183, 145, 276, 140, 86, 135, 256, 78, 269, 74, 202, 33, 97, 153, 196, 222]
[51, 35, 199, 131, 98, 71, 58, 144, 186, 145, 231, 141, 87, 135, 78, 220, 75, 34, 96]
[53, 37, 196, 135, 101, 72, 57, 147, 187, 148, 208, 144, 90, 138, 81, 201, 75, 35]
[101, 70, 249, 94, 69, 52, 265, 138, 174, 139, 48, 134, 84, 128, 247, 75, 274, 72, 250, 192, 31, 92, 146, 186, 210]
[50, 34, 190, 127, 94, 65, 54, 140, 179, 141, 238, 136, 82, 130, 72, 231, 68, 198, 33, 92, 150]
[48, 32, 178, 120, 89, 64, 52, 132, 168, 133, 201, 128, 79, 123, 70, 194, 67, 31]
[50, 34, 185, 124, 93, 68, 55, 137, 175, 138, 204, 134, 82, 128, 74, 194, 71, 33]
[48, 31, 181, 120, 89, 64, 52, 132, 172, 133, 245, 129, 79, 123, 70, 238, 67, 189, 30, 87, 141, 184, 208]
[53, 34, 128, 96, 69, 57, 140, 141, 153, 136, 40, 65, 127]
[55, 34, 193, 126, 96, 70, 59, 138, 181, 139, 220, 134, 85, 129, 76, 213, 73, 202, 33]
[52, 35, 190, 128, 98, 68, 56, 140, 180, 141, 232, 137, 86, 131, 76, 225, 72, 199, 34, 96]
[111, 70, 259, 197, 144, 120, 281, 283, 112, 276, 176, 265, 159, 119, 153, 68, 192, 300, 107, 142, 104, 143, 121, 214, 292, 122, 313, 131]
[50, 33, 185, 125, 94, 67, 55, 138, 175, 139, 240, 135, 84, 128, 74, 233, 71, 193, 32, 92, 146, 188]
[51, 34, 193, 130, 97, 67, 55, 144, 182, 145, 248, 140, 83, 134, 74, 241, 70, 202, 33, 94, 152, 196]
[53, 35, 128, 97, 71, 57, 140, 141, 164, 137, 86, 131, 77, 158]
[24, 16, 94, 63, 46, 32, 27, 68, 89, 69, 143, 67]
[49, 32, 181, 123, 92, 66, 54, 134, 172, 135, 191, 131, 81, 126, 72, 184, 69]
[52, 34, 187, 127, 95, 68, 57, 138, 177, 140, 193, 135, 83, 130, 74, 186, 71]
[52, 35, 193, 125, 95, 70, 58, 140, 181, 141, 232, 137, 85, 130, 76, 223, 73, 202, 34, 93]
[51, 34, 189, 125, 94, 70, 55, 140, 178, 142, 275, 135, 84, 128, 254, 76, 268, 73, 197, 33, 92, 149, 192, 218]
[49, 34, 125, 91, 66, 53, 138, 139, 166, 134, 81, 128, 72, 160, 69]
[52, 33, 193, 127, 95, 69, 57, 139, 180, 141, 235, 135, 84, 130, 75, 228, 72, 204, 32, 93]
[50, 34, 189, 128, 94, 66, 54, 141, 179, 142, 213, 137, 82, 131, 73, 206, 70, 33, 92]
[51, 36, 185, 125, 94, 67, 55, 137, 176, 138, 275, 134, 83, 128, 252, 73, 268, 70, 194, 35, 92, 146, 189, 215]
[50, 34, 199, 141, 109, 77, 66, 153, 190, 154, 242, 149, 96, 144, 84, 235, 80, 208, 32, 107]
[107, 74, 257, 196, 143, 119, 281, 283, 108, 276, 175, 263, 157, 118, 150, 72, 191, 104, 141, 101, 142, 120, 212, 290, 122, 309, 130, 177]
[105, 67, 255, 191, 137, 115, 278, 280, 106, 273, 169, 261, 151, 114, 145, 65, 186, 100, 135, 97, 136, 116, 210, 165, 293, 55, 231]
[53, 33, 193, 133, 96, 69, 57, 146, 184, 148, 269, 143, 85, 138, 254, 75, 262, 72, 202, 32, 94, 155, 196, 220]
[52, 34, 186, 126, 95, 68, 56, 137, 177, 139, 246, 134, 84, 129, 75, 239, 72, 194, 33, 93, 148, 189]
[51, 35, 200, 135, 103, 74, 55, 149, 190, 150, 237, 146, 93, 139, 82, 230, 78, 208, 34, 101]
[51, 33, 92, 63, 47, 32, 27, 135, 68, 87, 69, 25]
[49, 33, 183, 125, 92, 66, 54, 137, 174, 138, 197, 134, 81, 129, 72, 190, 69, 32]
[49, 32, 183, 123, 91, 65, 53, 135, 174, 136, 248, 131, 80, 126, 71, 241, 68, 192, 31, 89, 143, 186]
[48, 32, 187, 127, 91, 63, 52, 139, 177, 140, 267, 136, 79, 130, 252, 70, 260, 67, 195, 31, 89, 148, 190, 214]
[49, 33, 191, 127, 94, 65, 53, 139, 180, 140, 232, 136, 83, 130, 71, 225, 68, 200, 32, 92]
[49, 33, 187, 123, 91, 64, 53, 135, 176, 136, 266, 132, 81, 126, 71, 259, 68, 201, 32, 89, 145, 190, 224]
[54, 38, 193, 132, 98, 70, 58, 144, 184, 146, 250, 141, 86, 136, 77, 243, 73, 203, 37, 95, 155]
[48, 33, 179, 121, 91, 65, 53, 132, 169, 133, 235, 129, 80, 124, 71, 227, 68, 188, 31, 89, 140]
[105, 33, 194, 130, 97, 69, 55, 276, 143, 180, 144, 50, 140, 84, 134, 259, 75, 283, 72, 262, 203, 32, 95, 151, 197]
[52, 35, 132, 100, 69, 56, 145, 146, 159, 141, 87, 65, 131]
[54, 35, 128, 96, 70, 58, 142, 143, 181, 139, 85, 133, 76, 175, 73]
[50, 33, 187, 125, 92, 66, 54, 138, 176, 139, 233, 134, 82, 128, 73, 226, 69, 196, 32, 90, 146]
[99, 33, 190, 123, 91, 67, 55, 272, 135, 180, 136, 51, 131, 81, 126, 255, 73, 279, 70, 258, 198, 32, 89, 143, 193]
[52, 35, 197, 133, 97, 69, 57, 145, 184, 146, 244, 142, 84, 136, 76, 237, 73, 207, 34, 93, 154]
[51, 35, 189, 124, 93, 67, 55, 137, 179, 138, 211, 133, 82, 127, 74, 204, 70, 34, 91]
[54, 37, 195, 134, 100, 71, 59, 147, 185, 148, 282, 143, 88, 138, 258, 78, 275, 74, 262, 205, 36, 97, 155, 198]
[54, 34, 194, 132, 97, 70, 59, 144, 184, 146, 236, 141, 86, 136, 77, 229, 74, 202, 33, 94]
[54, 39, 205, 138, 103, 71, 59, 151, 193, 153, 246, 148, 92, 143, 83, 236, 77, 214, 38, 101]
[101, 67, 266, 191, 134, 110, 291, 293, 102, 285, 166, 273, 148, 109, 142, 65, 90, 146, 192, 223, 231, 46, 257, 287, 281, 239, 297]
[51, 35, 198, 133, 96, 67, 55, 280, 146, 188, 147, 291, 142, 85, 137, 264, 76, 284, 72, 267, 207, 34, 94, 155, 202]
[51, 36, 128, 95, 68, 56, 142, 143, 180, 138, 84, 133, 75, 174, 72, 34]
[48, 32, 194, 131, 92, 64, 52, 143, 184, 144, 244, 140, 80, 135, 70, 234, 67, 204, 31, 89, 152]
[27, 18, 63, 48, 35, 30, 68, 69]
[54, 36, 207, 143, 108, 74, 59, 156, 197, 157, 219, 152, 94, 147, 81, 212, 78, 35]
[67, 47, 213, 151, 115, 86, 72, 164, 204, 165, 217, 161, 101, 154, 93, 210, 89]
[53, 35, 192, 128, 96, 70, 57, 140, 180, 141, 216, 136, 86, 131, 76, 208, 73, 34]
[51, 34, 191, 129, 97, 69, 56, 145, 181, 146, 199, 141, 86, 133, 77, 192, 73]
[53, 35, 190, 129, 97, 71, 57, 141, 180, 143, 249, 137, 86, 132, 77, 241, 74, 198, 34, 95, 150, 193]
[50, 34, 187, 125, 95, 66, 54, 138, 176, 139, 244, 135, 84, 129, 73, 236, 69, 198, 33, 93, 146]
[55, 36, 130, 96, 72, 60, 142, 143, 184, 139, 86, 134, 78, 178, 75, 34]
[47, 32, 179, 120, 88, 63, 51, 132, 169, 133, 239, 129, 77, 124, 69, 230, 66, 187, 31, 85, 140, 182]
[103, 69, 257, 190, 136, 113, 280, 282, 104, 274, 167, 262, 149, 112, 143, 67, 185, 298, 100, 134, 97, 135, 114, 210, 289, 115, 313, 122, 169]
[49, 33, 185, 126, 92, 65, 54, 137, 174, 138, 240, 134, 81, 129, 72, 233, 69, 193, 32, 90, 146, 188]
[50, 33, 129, 97, 68, 54, 142, 143, 156, 139, 86, 132, 128]
[52, 34, 195, 132, 97, 71, 58, 143, 184, 144, 231, 140, 87, 135, 78, 224, 75, 204, 33, 95]
[56, 37, 134, 100, 74, 60, 147, 148, 164, 144, 89, 138, 80, 158]
[48, 33, 122, 89, 64, 53, 135, 136, 162, 132, 78, 125, 70, 156, 67]
[53, 35, 200, 132, 100, 70, 58, 146, 189, 147, 203, 142, 88, 135, 79, 196, 74]
[50, 32, 128, 97, 68, 55, 141, 142, 172, 137, 87, 132, 76, 166, 72]
[52, 35, 193, 129, 94, 68, 56, 141, 183, 142, 231, 138, 83, 133, 75, 224, 71, 201, 34, 92]
[52, 36, 183, 126, 94, 69, 56, 137, 174, 138, 221, 134, 83, 129, 75, 214, 72, 193, 35, 92]
[50, 33, 193, 132, 95, 66, 54, 145, 183, 146, 216, 141, 82, 136, 72, 209, 69, 32, 93]
[48, 32, 185, 123, 90, 63, 52, 135, 175, 136, 201, 132, 79, 127, 70, 194, 66, 31]
[29, 19, 100, 69, 49, 37, 31, 74, 96, 76, 137]
[52, 34, 197, 129, 98, 68, 56, 142, 188, 143, 238, 138, 84, 132, 75, 230, 72, 207, 32, 94]
[52, 34, 212, 140, 102, 69, 56, 159, 200, 160, 288, 155, 89, 148, 78, 281, 73, 222, 33, 100, 167, 216, 247]
[12, 8, 46, 32, 25]
[50, 34, 134, 103, 69, 54, 150, 190, 151, 200, 147, 88, 140, 75, 193, 72]
[57, 39, 135, 104, 75, 61, 151, 152, 200, 145, 93, 138, 81, 192, 78, 38]
[50, 34, 191, 126, 93, 67, 55, 137, 181, 138, 229, 134, 82, 129, 74, 220, 71, 199, 33, 90]
[48, 33, 192, 126, 93, 66, 52, 139, 182, 140, 246, 135, 82, 130, 72, 239, 69, 202, 32, 91, 151]
[55, 38, 197, 135, 102, 73, 60, 147, 187, 148, 215, 144, 89, 138, 81, 208, 76, 37]
[103, 68, 263, 196, 138, 113, 286, 288, 104, 281, 171, 269, 153, 112, 147, 66, 189, 305, 100, 136, 97, 137, 114, 213, 296, 116, 324, 123, 173]
[50, 33, 189, 123, 92, 66, 54, 135, 178, 137, 261, 132, 81, 127, 72, 254, 69, 197, 32, 90, 146, 192, 216]
[55, 36, 199, 134, 98, 73, 61, 145, 190, 146, 244, 142, 88, 137, 79, 237, 76, 208, 35, 96, 155]
[49, 34, 187, 128, 98, 67, 53, 140, 176, 141, 218, 136, 83, 131, 74, 211, 71, 195, 33]
[51, 35, 182, 123, 92, 66, 55, 135, 173, 136, 245, 132, 80, 127, 72, 238, 69, 191, 34, 90, 143, 185]
[50, 34, 186, 124, 93, 67, 55, 135, 176, 137, 249, 132, 82, 127, 74, 242, 71, 196, 33, 91, 144, 189]
[49, 33, 188, 127, 95, 67, 53, 140, 179, 141, 191, 137, 83, 131, 73, 184, 70]
[28, 17, 98, 66, 49, 36, 30, 73, 94, 74, 136]
[50, 32, 189, 127, 96, 67, 55, 141, 180, 142, 193, 137, 84, 131, 76, 186, 73]
[50, 34, 186, 126, 93, 66, 55, 140, 177, 141, 232, 136, 82, 129, 74, 225, 70, 194, 33, 91, 149]
[52, 36, 128, 97, 68, 56, 140, 141, 156, 137, 85, 131, 75, 150]
[50, 32, 190, 127, 97, 70, 56, 272, 140, 180, 141, 281, 136, 86, 130, 255, 76, 274, 73, 258, 198, 31, 94, 148, 193]
[61, 41, 195, 134, 103, 77, 66, 146, 186, 147, 198, 142, 93, 137, 83, 191, 80]
[49, 32, 191, 127, 94, 68, 55, 139, 182, 140, 195, 135, 83, 130, 74, 188, 71]
[24, 15, 96, 62, 44, 31, 26, 70, 91, 72, 127]
[53, 37, 193, 132, 99, 69, 57, 144, 183, 145, 279, 140, 89, 135, 257, 78, 270, 73, 202, 36, 97, 153, 196, 221]
[25, 16, 62, 45, 33, 27, 68]
[49, 32, 185, 124, 91, 65, 53, 136, 175, 137, 210, 132, 80, 127, 71, 203, 68, 31, 89]
[51, 16, 93, 63, 47, 33, 27, 68, 89, 70, 25, 67]
[54, 37, 136, 104, 73, 60, 148, 149, 180, 145, 92, 139, 83, 174, 78]
[24, 15, 94, 65, 46, 32, 26, 70, 90, 71, 128]
[51, 34, 191, 131, 97, 71, 55, 143, 182, 144, 207, 140, 86, 135, 77, 199, 74, 33]
[53, 36, 141, 103, 73, 59, 153, 155, 203, 150, 92, 145, 81, 197, 78, 35]
[49, 32, 128, 97, 68, 54, 141, 142, 182, 137, 84, 132, 74, 176, 71, 31]
[50, 34, 125, 94, 68, 55, 136, 137, 155, 133, 84, 128, 75, 148]
[48, 32, 181, 120, 89, 64, 53, 133, 172, 134, 185, 129, 79, 124, 71, 178, 68]
[51, 35, 194, 131, 96, 68, 56, 142, 185, 143, 251, 139, 83, 134, 74, 244, 71, 202, 34, 93, 153, 197]
[49, 33, 129, 95, 67, 54, 141, 142, 153, 138, 39, 64, 127]
[52, 35, 128, 97, 68, 57, 140, 141, 157, 137, 84, 131, 127]
[47, 32, 126, 91, 65, 53, 138, 176, 139, 187, 135, 79, 130, 71, 181, 68, 31]
[53, 35, 189, 130, 96, 69, 58, 142, 179, 143, 225, 139, 85, 134, 77, 218, 73, 197, 34, 94]
[52, 35, 192, 130, 98, 69, 56, 142, 182, 144, 270, 139, 88, 134, 80, 261, 74, 201, 34, 96, 152, 195, 221]
[48, 33, 187, 126, 93, 66, 53, 138, 177, 139, 216, 135, 81, 130, 72, 209, 69, 196, 32]
[50, 32, 191, 129, 95, 66, 54, 143, 181, 144, 246, 140, 82, 132, 73, 238, 69, 199, 31, 91, 152, 194]
[55, 37, 129, 97, 72, 60, 142, 180, 143, 193, 138, 86, 133, 78, 185, 75, 36]
[51, 34, 131, 94, 68, 56, 145, 146, 184, 142, 82, 136, 74, 177, 71, 33]
[51, 35, 189, 125, 93, 67, 55, 137, 177, 138, 207, 134, 82, 128, 74, 198, 71, 33]
[100, 67, 263, 199, 144, 119, 286, 290, 101, 281, 176, 268, 159, 118, 153, 65, 90, 157, 200, 227, 234, 47, 255, 283, 276, 240, 294]
[51, 34, 186, 127, 97, 67, 56, 139, 176, 140, 216, 136, 85, 130, 75, 209, 71, 197, 33]
[51, 35, 184, 124, 93, 67, 55, 136, 174, 137, 209, 133, 82, 127, 74, 201, 71, 33, 91]
[56, 37, 197, 135, 101, 73, 60, 148, 187, 149, 242, 145, 90, 139, 80, 233, 76, 206, 36, 99]
[50, 34, 122, 91, 65, 54, 133, 134, 167, 130, 80, 125, 71, 161, 68]
[50, 34, 127, 95, 65, 54, 141, 142, 184, 138, 82, 130, 71, 178, 68, 33]
[58, 38, 140, 105, 78, 63, 152, 154, 174, 149, 93, 143, 84, 168]
[51, 32, 133, 100, 71, 58, 147, 148, 170, 144, 89, 137, 78, 164]
[52, 37, 128, 94, 68, 56, 141, 142, 188, 137, 83, 132, 74, 181, 71]
[48, 32, 181, 121, 90, 65, 54, 133, 172, 134, 253, 129, 80, 124, 71, 246, 68, 190, 31, 88, 141, 185, 209]
[54, 38, 131, 99, 70, 58, 145, 182, 146, 192, 142, 85, 135, 77, 186, 74, 37]
[51, 33, 192, 129, 98, 71, 58, 143, 183, 144, 245, 140, 87, 134, 78, 238, 74, 201, 32, 96, 153]
[26, 17, 95, 64, 47, 33, 28, 69, 91]
[26, 17, 104, 67, 49, 35, 28, 75, 100, 76, 138]
[50, 33, 187, 124, 92, 66, 54, 136, 178, 137, 190, 133, 81, 127, 73, 183, 69]
[53, 34, 189, 127, 96, 69, 57, 139, 178, 140, 271, 136, 84, 131, 253, 76, 263, 73, 197, 32, 94, 148, 192, 217]
[6, 4, 23]
[49, 34, 186, 126, 95, 66, 54, 138, 177, 139, 220, 135, 81, 129, 72, 213, 69, 194, 32, 92]
[55, 39, 194, 129, 97, 71, 59, 143, 184, 144, 221, 139, 86, 133, 78, 214, 75, 203, 38]
[51, 34, 125, 93, 67, 56, 139, 141, 163, 134, 83, 128, 75, 157]
[101, 66, 251, 188, 135, 110, 274, 276, 102, 268, 167, 256, 148, 109, 142, 252, 195, 31, 92, 146, 189, 214, 220, 46, 242, 264, 227]
[48, 32, 190, 124, 93, 65, 52, 139, 179, 140, 270, 136, 82, 127, 73, 261, 69, 199, 31, 91, 148, 193, 220, 226]
[62, 38, 202, 141, 109, 81, 66, 154, 193, 155, 268, 150, 98, 145, 89, 260, 84, 212, 37, 107, 163, 205]
[28, 19, 96, 65, 50, 36, 30, 71, 91, 72]
[54, 36, 196, 135, 99, 72, 58, 149, 187, 150, 213, 146, 87, 139, 78, 206, 75, 35]
[49, 33, 129, 96, 66, 53, 142, 143, 167, 138, 85, 132, 73, 161]
[52, 34, 130, 99, 71, 57, 142, 143, 166, 139, 88, 134, 80, 160]
[48, 32, 186, 122, 92, 65, 53, 137, 176, 138, 227, 134, 82, 127, 71, 220, 68, 194, 31, 90]
[55, 39, 132, 99, 72, 60, 146, 148, 171, 143, 88, 136, 79, 165]
[49, 33, 182, 122, 91, 65, 53, 133, 173, 134, 256, 130, 80, 125, 72, 249, 68, 192, 32, 89, 142, 187, 212]
[24, 16, 93, 62, 45, 32, 27, 67, 89]
[55, 37, 140, 105, 76, 63, 153, 155, 178, 150, 94, 144, 85, 172]
[49, 33, 191, 129, 92, 67, 54, 141, 181, 142, 247, 138, 81, 133, 73, 239, 70, 200, 32, 90, 150]
[51, 34, 194, 134, 98, 70, 56, 146, 184, 147, 208, 143, 87, 137, 78, 201, 73, 33]
[28, 18, 98, 69, 52, 37, 30, 75, 94, 76]
[58, 42, 134, 103, 75, 64, 146, 147, 187, 143, 90, 137, 81, 179, 78]
[54, 36, 128, 98, 70, 58, 139, 141, 183, 136, 87, 131, 78, 177, 74, 35]
[51, 32, 127, 94, 68, 56, 139, 181, 140, 192, 136, 83, 131, 74, 186, 71, 31]
[49, 33, 188, 126, 93, 66, 54, 138, 179, 139, 202, 135, 82, 129, 73, 195, 70, 32]
[57, 35, 192, 133, 102, 75, 61, 145, 183, 146, 231, 141, 90, 136, 82, 224, 79, 201, 34, 100]
[54, 37, 199, 135, 102, 75, 62, 151, 189, 152, 216, 147, 91, 138, 82, 209, 79, 36]
[107, 72, 263, 195, 140, 117, 287, 289, 108, 281, 173, 269, 155, 116, 74, 264, 201, 34, 97, 153, 196, 223, 229, 51, 251, 276]
[52, 36, 195, 130, 97, 68, 56, 145, 185, 146, 247, 141, 86, 134, 75, 240, 71, 204, 35, 95, 154]
[26, 17, 104, 69, 48, 35, 28, 76, 99, 77, 145, 75]
[51, 35, 186, 127, 95, 66, 55, 139, 176, 140, 260, 136, 83, 130, 73, 253, 69, 196, 34, 92, 147, 189, 215]
[49, 32, 184, 125, 95, 65, 53, 137, 174, 138, 231, 134, 82, 129, 72, 223, 68, 193, 31, 92, 145]
[53, 36, 195, 133, 99, 70, 59, 145, 184, 146, 269, 141, 85, 136, 77, 261, 73, 205, 35, 97, 153, 199, 227]
[51, 33, 188, 127, 95, 69, 56, 139, 178, 140, 213, 135, 85, 130, 76, 204, 72, 32, 93]
[56, 39, 198, 135, 103, 74, 60, 147, 188, 148, 205, 144, 92, 138, 80, 202, 77]
[49, 33, 186, 121, 90, 65, 54, 135, 176, 136, 242, 131, 79, 124, 71, 234, 68, 195, 32, 88, 144]
