0.8656061291694641
0.9563544392585754
0.8215687870979309
0.7252808809280396
0.8787103295326233
0.9208197593688965
0.9586712718009949
0.9738510847091675
0.9597084522247314
0.9908779859542847
0.7033246159553528
0.9427914619445801
0.9702890515327454
0.9653417468070984
0.9860568046569824
0.9417960047721863
0.9873121976852417
0.9854912161827087
0.957030177116394
0.9683153033256531
0.8811662793159485
0.9410364627838135
0.9636655449867249
0.9514474272727966
0.9042127728462219
0.9538756012916565
0.8965223431587219
0.9579895734786987
0.957838237285614
0.9824268817901611
0.931159257888794
0.9500167369842529
0.8858963251113892
0.8935447931289673
0.958382248878479
0.9082679152488708
0.9500453472137451
0.9587085843086243
0.9343386292457581
0.9779549241065979
0.9634819030761719
0.9368963241577148
0.8888621926307678
0.9485471248626709
0.9775324463844299
0.9458113312721252
0.9644381999969482
0.9561042189598083
0.9604202508926392
0.9197037220001221
0.9361863136291504
0.9515264630317688
0.9544157981872559
0.9654613733291626
0.95054692029953
0.8881939053535461
0.9701589345932007
0.9731085896492004
0.9451185464859009
0.9620237350463867
0.9311042428016663
0.8451690673828125
0.9749610424041748
0.9425557255744934
0.9569520354270935
0.9626423120498657
0.9347310066223145
0.9816330075263977
0.9370538592338562
0.8681679368019104
0.9811779260635376
0.9573346376419067
0.90901118516922
0.9612218737602234
0.9308884739875793
0.9222554564476013
0.9687612652778625
0.9600648283958435
0.9096094369888306
0.9658570885658264
0.955666720867157
0.9758849143981934
0.9636694192886353
0.9947090148925781
0.9156462550163269
0.9741280674934387
0.9431635141372681
0.9100756049156189
0.9449313879013062
0.978593647480011
0.9132274985313416
0.942940890789032
0.977745532989502
0.9795849323272705
0.9220343828201294
0.9400904178619385
0.9578051567077637
0.9855324625968933
0.9343490600585938
0.9784234762191772
0.967296302318573
0.7826394438743591
0.9290174245834351
0.9418383836746216
0.944145917892456
0.9106733798980713
0.9374646544456482
0.9913020730018616
0.984545111656189
0.9899687170982361
0.932472825050354
0.9734963774681091
0.9621925354003906
0.9886207580566406
0.8535313606262207
0.9680672883987427
0.9371438026428223
0.9255951642990112
0.9433541893959045
0.9579552412033081
0.973190426826477
0.9551705121994019
0.9669893383979797
0.9813621640205383
0.9566401839256287
0.9661116600036621
0.9180586338043213
0.9938197731971741
0.9115657210350037
0.9561018347740173
0.9344870448112488
0.970500648021698
0.975102961063385
0.9787918329238892
0.9736531972885132
0.959749162197113
0.9542089700698853
0.9814599752426147
0.8160896897315979
0.9216892123222351
0.9727911353111267
0.968981921672821
0.9626883864402771
0.9526062607765198
0.9270296692848206
0.9254604578018188
0.9507992267608643
0.9455604553222656
0.9742003679275513
0.969383716583252
0.8667442202568054
0.9512568712234497
0.9338663220405579
0.9797205924987793
0.8210711479187012
0.9482273459434509
0.9710638523101807
0.9680010676383972
0.9534944891929626
0.9119148850440979
0.9454278349876404
0.9558395147323608
0.9529911875724792
0.9863786101341248
0.9459154009819031
0.9235936999320984
0.9820468425750732
0.952592134475708
0.9704160094261169
0.9267627596855164
0.9422647953033447
0.9398691654205322
0.9512709975242615
0.9381500482559204
0.9376960396766663
0.9834840893745422
0.9785845279693604
0.9698017239570618
0.9536424279212952
0.8424474596977234
0.9645866751670837
0.9808311462402344
0.9764053225517273
0.9045785069465637
0.9748445749282837
0.8723897933959961
0.9712605476379395
0.9743629693984985
0.9408458471298218
0.96073979139328
0.9362437725067139
0.9752468466758728
0.9798945188522339
0.9883788824081421
0.9580845236778259
0.9575356841087341
0.9602712988853455
0.9693189859390259
0.9648129343986511
0.9326791167259216
