[[3, 4, 10, 9], [24, 30, 25, 31, 34, 2, 28, 27, 32, 3, 0, 6, 18], [7, 0, 2, 3], [10, 3, 7, 14, 16, 0], [14, 11, 17, 0, 3, 9, 12], [17, 11, 0, 3, 9, 18, 20, 8], [13, 10, 15, 0, 4, 11], [7, 0, 8, 3, 4], [23, 9, 0, 2, 17, 31, 33, 3, 6, 18, 11, 28], [15, 10, 1, 2]]
[[11, 20, 13, 15, 17, 0, 4, 8], [7, 13, 2, 19], [9, 13, 23, 1], [10, 3, 12, 2], [18, 3, 21, 0, 16, 6, 12, 15], [12, 6, 3, 7, 9], [12, 15, 19, 9, 4, 7, 3], [20, 13, 15, 19, 10, 8, 11], [12, 28, 3, 14, 2, 13, 5, 8, 16, 19], [12, 15, 22, 2]]
[[28, 30, 10, 23, 32, 8, 13, 37, 7, 31], [15, 20, 28, 30, 33, 2, 7], [24, 35, 15, 0, 19, 31, 1], [7, 9], [7], [24, 2, 4, 8, 1], [26, 8, 0, 1, 6], [16, 22, 2, 1, 4, 7, 10, 27]]
[[32, 20, 6, 14, 24, 27, 0, 7, 12, 22], [18, 24, 1, 3, 10, 15, 4, 16], [11, 3, 15, 0, 13, 4, 7], [26, 28, 38, 3, 19, 17, 47, 48, 0], [11, 19, 5, 20, 32, 9, 15, 22, 25, 27, 34, 2]]
[[10, 6, 0, 4, 16], [16, 38, 7, 18, 22, 3, 10, 11, 24], [18, 32, 2, 5, 7, 8, 14, 12, 11, 4, 3, 19, 33, 15], [8, 2, 17], [13, 2, 21, 0, 20, 5, 17, 18, 1, 23], [16, 29, 10, 6, 20, 0, 4, 3, 11, 2, 13], [9, 20, 4, 3, 6, 11, 15, 5]]
[[9, 15, 31, 28, 5, 12, 20, 24, 35, 3], [6, 20, 27, 32, 35, 8, 41, 0, 12, 17, 22, 29, 4, 10], [2, 19, 27, 4, 12, 0, 20, 24, 23], [0, 5, 26, 9, 8], [13, 4, 2, 6, 10, 16], [8, 12, 21, 26, 31, 6, 18, 29, 3]]
[[28, 21, 6, 10, 17, 23, 26, 31, 35, 0], [1, 8, 13, 17], [6, 11, 20, 8, 14, 0, 3, 12], [26, 2, 5, 10, 14, 17, 20, 6], [21, 31, 14, 27, 4, 8], [14, 22, 2, 5, 11, 4, 19], [12, 15, 7, 10, 17]]
[[8, 10, 16, 0, 5, 11, 4, 9], [1, 11, 13, 3, 16, 18], [18, 25, 33, 5, 14, 23, 28, 35], [18, 9, 13, 26, 2, 19, 22, 1, 27, 0], [20, 1, 30, 4, 7, 13, 5, 14, 17, 21], [3, 6, 11, 13, 0, 7, 14]]
[[9, 16, 21, 6, 14, 4, 3, 13], [5, 14, 18, 23], [10, 13, 19, 0, 14], [17, 24, 1, 5, 12], [8, 10, 4, 6, 13, 3, 11], [21, 2, 4, 7, 19, 23, 0], [12, 6, 14, 17, 15, 4, 3, 16], [21, 3, 4, 25, 6, 10, 7, 27, 13], [13, 11, 23, 3, 20]]
[[30, 20, 23, 0, 8, 7, 15, 21, 14, 13, 11], [14, 24, 2, 10, 17, 20, 0, 3, 21, 29], [15, 26, 39, 2, 1, 19, 4, 7, 10, 23, 32, 5, 3, 20], [17, 20, 37, 2, 22, 1], [19, 31, 2, 1, 4], [7, 26, 31, 14, 21, 24, 33, 19, 36], [12, 6, 10, 16, 4, 2, 9], [12, 20, 28, 36, 4, 0, 16]]
[[8, 16, 0, 4, 12, 17, 3], [1, 3, 11, 14, 9, 15], [28, 0, 11, 14, 18], [12, 17, 7, 22, 25, 27, 31, 0, 4, 15], [64, 8, 3, 30, 32, 43, 47, 60, 71, 81, 85, 0, 4], [54, 26, 35, 6, 8, 25, 34, 15, 18, 28, 42, 46, 48, 0, 12, 20], [4, 11, 18, 22, 26, 15]]
[[7, 22, 10, 12, 15, 19, 4, 16, 3, 11, 9], [9, 10, 4, 7, 15, 19, 21, 2, 5, 13, 1], [5, 8, 10, 14, 26, 28, 31, 24, 32, 1, 23, 2, 3, 0, 22], [12, 1, 6, 9, 15, 19, 22, 25, 7, 13], [5, 26, 1, 7, 11, 12, 19, 27, 2, 8, 3]]
[[3, 11, 14, 4], [10, 13, 22, 1], [5, 25, 33, 27, 0, 2, 13, 3], [11], [8, 20, 12, 6, 22, 25], [12, 17, 6, 9, 20]]
[[17, 5, 9, 12, 15, 21, 3], [3, 6, 9, 11, 14], [9, 15, 17, 0, 13, 20], [17, 20, 7, 11, 3, 22, 25, 1, 6], [17, 30, 6, 9, 12, 22, 25, 33, 3, 10, 20, 26, 31, 2]]
[[22, 29, 39, 41, 25, 9, 26, 19, 32, 8, 14, 18, 13, 35, 37, 42], [20, 2, 22, 4, 24, 27, 0, 5, 28, 3, 21, 23], [18, 2, 4, 10, 21, 24, 22, 3, 16, 15], [5, 13, 18, 2, 20, 21, 9, 24, 26], [23, 33, 27, 30, 0, 2, 13, 18, 3, 11, 35, 10, 29], [11, 23, 30, 18, 7, 26, 27, 2, 25, 19, 1, 21, 31, 17]]
[[7, 11, 19, 5, 17, 4, 16, 8], [9, 18, 24, 31, 36, 34, 12], [12, 16, 0, 9, 14, 22, 6, 10, 17], [12, 0, 5, 10, 13], [23, 30, 7, 24, 29, 3], [19, 4, 7, 10, 13, 8, 6], [20, 2, 1, 9, 12, 6, 5, 3], [0, 5, 27, 9, 11, 17], [9, 13, 6, 17, 0]]
[[13, 22, 17, 10, 3, 8, 5], [16, 2, 5, 8, 1, 0], [11, 16, 28, 3, 2, 8, 6, 4, 5, 14, 24, 29], [8, 16, 5, 3, 11, 2], [11, 20, 2, 6, 9, 16, 3], [16, 1, 3, 6], [11, 17, 1, 12, 8]]
[[7, 10, 12, 22, 3, 23, 2, 11, 9, 13, 16, 20, 14], [], [5, 21, 6, 10, 13, 16, 3], [15, 19, 28, 40, 1, 20, 9, 13, 24, 31, 35, 38, 3]]
[[11, 18, 21, 0, 6, 5, 12], [8, 3, 5, 11, 0, 2, 1, 10], [22, 3, 33, 0, 4, 17, 23, 31], [17, 25, 13, 3, 8, 24, 27], [23, 13, 27, 36, 0, 6, 18, 33], [20, 10, 24, 33, 0, 15, 30, 35, 1], [5, 12, 13, 0, 2, 20], [16, 24, 6, 18, 5, 17]]
[[8, 5, 12, 13, 3], [15, 18, 2, 1, 7], [5, 11, 36, 2, 13, 7, 12, 15, 19], [23, 5, 0, 14, 18, 28, 31], [11, 19, 23, 2, 9, 7], [3, 14, 16, 9, 6, 17, 26, 18, 27]]
[[20, 8, 14, 0, 10, 4, 11], [23, 17, 2, 25], [6, 10, 27, 2, 11, 14, 18, 15], [16, 1, 4, 8, 18, 21, 5], [8, 13, 22, 3, 25], [18, 1, 4, 11, 22, 29], [14, 18, 1, 10, 24, 5, 6, 0]]
[[10, 5, 8, 21, 6, 17, 4, 16, 11, 7, 9], [7, 18, 21, 29, 36, 1, 9, 16, 26, 14], [16, 22, 32, 39, 46, 4, 8, 11, 13, 25, 27, 44, 49, 56, 6, 53], [16, 37, 13, 20, 7, 23, 27, 31, 3, 14, 32, 21, 2, 4], [15, 22, 6, 0, 12, 26, 8, 11, 19]]
[[6, 26, 14, 9, 20, 24, 0, 4, 7], [9, 10, 5, 12, 17, 19, 2], [7, 21, 2, 10, 12, 18, 3, 5, 8, 6, 13], [15, 1, 4, 6, 20], [5, 10, 17, 25, 2, 18], [8, 14, 30, 1, 16, 18, 4, 15], [5, 11, 18, 12], [6, 9, 10], [8, 17, 30, 3]]
[[13, 20, 17, 23, 7, 24, 10, 6], [15, 1, 3, 6, 9, 23, 4, 2, 20], [3, 11, 0, 8], [1, 25, 3], [18, 4, 0, 11, 15, 22, 9, 6, 5], [22, 9, 8, 0, 3, 15], [12, 6, 5, 0, 14, 15], [13, 20, 26, 1, 11, 27, 4], [22, 2, 15, 9, 6, 10]]
[[7, 11, 14, 17, 5], [12, 17, 8, 31, 15], [0, 18, 5, 11], [15, 23, 27, 2, 4, 9, 18, 21], [18, 17, 5, 21, 0, 7, 11], [8, 2, 5], [11, 5, 16, 3], [14, 6, 20, 8, 5, 0, 17], [17, 10, 12, 4, 15, 2], [5, 0, 7, 12, 17], [15, 26, 23, 6, 12], [16, 24, 28, 2, 1, 4, 7, 10]]
[[13, 17, 8, 14, 18, 5], [19, 27, 33, 11, 25, 31, 30, 2, 23, 28, 34, 3, 10, 12], [17, 2, 9, 15, 12], [18, 28, 2, 1, 4, 8], [15, 20, 27, 23, 10, 18, 31, 4, 11], [13, 3, 14, 6, 10, 21], [8, 15, 22, 3, 18, 2], [7, 18, 1]]
[[11, 19, 8, 10, 14, 17, 6], [15, 4, 9, 17, 2, 10, 1], [0, 15, 5, 8, 13, 12], [8, 3, 6, 12, 17], [14, 5, 2, 7, 0], [0, 9, 17, 5, 1, 11, 2, 3], [5, 13, 7, 11, 19, 0], [9, 17, 2, 4, 10, 3, 5, 6], [7, 5, 10]]
[[7, 11, 9, 3, 2, 8, 6], [14, 9, 6, 16], [4, 8, 13, 20, 1, 15], [24, 2, 4, 11, 13, 16, 19, 5, 14, 3, 9], [11, 3, 0, 7, 15], [13, 27, 1, 9, 15], [18, 30, 11, 9, 0, 2, 13, 16, 23, 14, 12]]
[[23, 24, 0, 18, 4, 7, 11, 16], [11, 28, 1, 31, 22], [22, 1, 19, 10, 15], [23, 0, 3, 21, 25, 4, 9], [17, 10, 7], [17, 32, 8, 6, 1], [19, 22, 0, 12, 16, 28]]
[[6, 12, 18, 15, 21, 0, 4, 9], [23, 2, 4, 9, 12, 16, 0, 5], [4, 6, 9, 13, 0, 10, 5, 12, 1], [9, 15, 19, 12, 10, 21, 4], [6, 16, 23, 18, 21, 9, 12], [6, 22, 9, 17, 1], [8, 11, 20]]
[[9, 6, 11, 15], [11, 29, 2, 4, 17, 24, 32, 15, 18, 22, 25], [13, 14, 0, 10, 16, 4], [14, 0, 4, 6, 15], [15, 5, 7, 16, 2, 11], [12, 13, 0, 9, 15], [22, 6, 14, 20, 0, 4, 15], [11, 26, 31, 5, 2, 13, 18, 29, 0, 3, 9], [12, 13, 0, 9], [20, 6, 15, 18, 0, 4], [8, 14, 2, 9], [14, 15, 11, 17], [7, 16, 22, 1, 9]]
[[5, 9, 3, 7], [0, 14, 4, 9, 1], [29, 34, 39, 1, 6, 21, 2, 19, 42, 41, 9], [7, 1, 4, 3, 2], [14, 23, 9, 7, 20, 26, 6, 19, 17], [8, 1, 16, 15, 10, 22, 6, 11], [13, 22, 8, 6, 19, 25], [11, 2, 8, 17, 13, 18], [13, 23, 8, 6, 19], [11, 2, 8, 16, 14, 17, 4], [15, 26, 24, 19, 2, 23, 7, 10]]
[[8, 5, 10, 11, 13], [11, 21, 2, 13, 6], [18, 2, 4, 8, 5, 11, 3, 6], [13, 16, 19, 28, 1, 6, 25, 2, 4, 12, 21], [0, 12, 5, 9, 1], [2, 5, 12, 17, 4, 16], [13, 27, 8, 16, 24], [14, 28, 2, 8, 6, 5, 4, 3, 12, 26, 21, 19], [9, 18, 29, 12, 16, 22, 13, 2, 5, 30, 0, 14, 21]]
[[12, 21, 0, 15, 3, 6, 10], [16, 23, 13, 18, 9], [4, 11, 1, 6, 14, 2], [13], [9, 1, 11, 6], [14, 1], [10, 16, 28, 18, 8], [17, 6, 12, 20], [9, 13, 19]]
[[28, 31, 0, 2, 10, 17, 20, 23, 37], [4, 7, 21, 1, 3, 2, 0, 8, 9], [10, 2], [3, 12, 13], [3, 19, 5, 8], [16, 0, 8, 11, 14], [18, 30, 8, 9, 19, 1], [13, 5, 8, 11, 18], [19, 1, 4, 7, 2, 11, 5, 8], [23, 31, 3, 5, 8, 20]]
[[15, 5, 12, 19, 10, 4, 9], [7, 12, 24, 18, 17, 4, 14], [10, 25, 28, 14, 13, 2, 0, 17, 5], [10, 16, 4, 2, 1, 15], [0, 19, 25, 5, 11, 28, 32, 6], [14, 24, 26, 17, 20, 6, 21, 9, 4], [7, 14, 16, 17, 12, 4, 5], [8, 17, 30, 11, 14, 22, 25, 6, 12], [11, 8, 16, 5, 15, 4]]
[[6, 13, 4, 3], [5, 8, 15, 18, 3, 10, 22, 21], [15, 4, 7, 11, 24, 0, 5, 9], [5, 15, 3, 9, 2], [12, 3, 5, 8, 20, 22, 25, 29, 31, 34], [7, 12, 15, 4, 3, 8, 0, 9], [9, 16, 19, 2, 20], [20, 3, 6, 10, 24, 7, 13, 5, 4]]
[[16, 9, 18, 21, 24, 27, 7, 10], [7, 26, 12, 5, 23, 2, 18, 14], [32, 38, 6, 11, 14, 20, 25, 35, 4, 12, 17, 23, 29], [25, 28, 32, 6, 5, 22, 2, 14, 35, 0, 3], [26, 29, 2, 12, 15, 22, 34, 37], [3, 6, 9]]
[[21, 16, 17, 12, 24, 0], [20, 8, 17, 4, 12], [2, 9, 0, 4, 6], [1, 6, 9, 12, 15], [10, 20, 14, 16, 0, 3, 7], [3, 12, 21, 0, 15, 29, 1], [19, 7, 14, 4, 28], [23, 47, 3, 33, 7, 12, 26, 28, 21, 36]]
[[7, 10, 5], [7, 14, 32, 17, 19, 16, 5, 10, 22, 25, 2, 11], [14, 23, 8, 20, 3], [0, 23, 27, 35, 8, 7, 4, 10], [19, 28, 4, 2, 6, 10, 13]]
[[12, 21, 25, 5, 3, 26, 24, 2, 9], [19, 1, 6, 2, 0, 12, 15, 17], [9, 20, 5, 15, 17], [14, 7, 4, 8, 3], [18, 5, 8, 12, 24, 3, 9, 16, 25], [20, 29, 5, 14, 3, 2, 8, 26, 27], [13, 2, 6, 3, 11, 10], [11, 1, 3, 8], [22, 1, 4, 9]]
[[33, 41, 2, 10, 14, 28, 30, 36, 39, 8, 16, 26, 37, 7], [22, 34, 0, 3, 14, 20, 26, 29, 1, 6], [2, 5, 22, 24, 29, 0, 13, 18, 17], [14, 21, 23, 32, 7, 8, 11, 28], [26, 33, 41, 8, 7, 2, 10, 14, 17, 22, 37, 11, 24], [15, 26, 30, 2, 23, 27, 5]]
[[17, 8, 13, 6, 11, 14], [27, 18, 8, 11, 13, 21, 6, 9], [27, 30, 40, 2, 9, 11, 1, 14, 20, 35, 6], [22, 11, 0, 6, 15, 18, 20, 26, 2], [0, 11, 5], [16, 6, 9, 11, 23, 26, 28, 30], [14, 20, 9, 17], [10, 4, 14, 16, 19, 21, 25, 22, 1, 11], [16, 1, 9, 10, 4, 18], [21, 33, 6, 5, 0, 12, 15, 17, 26, 30]]
[[6, 3, 8, 11, 4, 9], [13], [0, 20, 10, 26, 22, 27], [33, 26, 29, 3, 17, 20, 24], [8, 11, 20, 3, 6, 9], [8, 11, 15, 3, 6, 9, 13], [9, 12, 20, 25, 4, 7, 10], [3, 8, 11, 1], [13, 20, 8], [17, 6, 9, 14, 7]]
[[24, 9, 6, 11, 14, 17, 0, 4], [16, 19, 28, 6, 22, 5], [18, 2, 1, 4, 8, 14, 21], [25, 0, 16, 22, 3], [23, 13, 20, 21, 0, 8, 14], [3, 17, 1], [19, 37, 13, 30, 45, 15, 32, 47, 0, 5], [8, 14, 25, 5, 16, 23, 28, 2, 17]]
[[10, 3, 2, 8, 11], [10, 18, 1, 3, 6, 13, 16], [9, 4, 7, 13, 2, 10, 1, 11, 3, 6], [13, 0, 8, 11, 1, 9], [12, 15, 13, 5, 8, 23, 2, 6], [8, 16, 29, 0, 2, 5, 18, 6, 14, 22, 12, 25, 13, 24], [5, 1, 7, 11, 2, 0, 8, 9, 3]]
[[11, 17, 5, 19, 3, 15, 20], [4, 12, 20, 24, 6, 22, 2, 18], [12, 20, 31, 37, 6, 9, 14, 22, 28, 35, 0, 3, 10], [4, 18, 6, 21, 24, 29, 33, 36, 39, 42, 10, 22, 26, 30, 2]]
[[23, 16, 15, 5, 12, 18, 21], [10, 1, 3, 11, 7, 16], [10, 12, 0, 7, 22], [23, 3, 21, 19], [8, 2, 10, 13, 16], [21, 24, 28, 2, 14, 31, 16, 7, 25], [9, 26, 10, 6, 13, 16]]
[[19, 9, 11, 5, 14], [11, 26, 1, 15], [8, 14, 15, 11, 18], [8, 16, 3, 1, 19, 11], [10, 19, 2], [6, 9, 12, 7], [21, 1, 5, 8, 14, 6, 11, 0, 2, 3, 9], [9, 16, 2, 11, 20, 24]]
[[16, 18, 7, 13, 19, 10, 6, 12], [13, 18, 1, 3], [14, 23, 0, 5, 10, 19, 26], [10, 16, 11, 13, 6, 18, 0, 3], [14, 32, 5, 37, 19], [15, 5, 2, 11, 0], [5, 21, 13, 0, 7, 17], [11, 29, 2, 13, 1, 12, 9, 15, 18, 21]]
[[13, 20, 26, 10, 0], [14, 18, 33, 22, 4, 8, 11, 25], [30, 2, 15, 18, 21, 26, 0, 3, 22], [8, 21, 41, 46, 6, 5, 22, 2, 10, 12, 25, 33, 44], [16, 29, 35, 5, 21, 32, 6, 10, 33, 3, 13, 19, 2, 22], [11, 16, 20, 1, 5, 24], [10, 15, 24, 7, 2], [13, 22, 4, 19, 9]]
[[7, 10, 14, 20], [13, 15, 2, 11], [17, 33, 2, 28, 5, 30, 26], [14, 1, 10, 4], [7, 13, 9, 19], [12, 18, 25, 1, 4, 15, 14, 22, 26, 27, 3]]
[[21, 34, 11, 6, 17, 23, 27, 31, 42, 0, 4, 15], [10, 15, 26, 16, 2, 5, 13, 21, 29, 0], [3, 14, 18, 22, 26, 0, 4, 12], [6, 8, 13, 17], [11, 22, 6, 7, 0, 15, 25], [25, 2, 4, 8, 5, 19, 11, 3, 23], [9, 17, 25, 1, 18, 6, 12]]
[[13, 0, 1, 6, 10, 16], [2, 6], [12, 9, 0, 3, 11], [12, 6, 19, 3, 15, 0], [5, 11, 2, 0], [8, 0, 1], [9, 11, 5, 3, 6], [18, 14, 0, 3, 4, 7], [12, 21, 7, 0, 15, 18, 1], [8, 4, 13, 11, 14, 10], [7, 15, 1, 9, 19]]
[[18, 5, 9, 12, 20, 3, 10, 13], [18, 1, 12, 26, 27, 3, 6], [7, 9, 10, 3, 12, 15], [25, 28, 31, 3, 6, 0, 15, 35], [15, 29, 5, 10, 7, 0, 21], [16, 8, 18, 0, 6, 4, 12, 14], [5, 3, 0], [17, 19, 6, 14, 24, 4], [17, 4, 11, 5, 2, 18, 6, 8], [18, 1, 21, 23]]
[[7], [9, 12, 2], [0, 7, 4], [19, 3, 0], [36, 21, 30], [0, 9], [13, 7, 17, 21, 24, 0], [23, 7, 12, 18, 0], [16, 2, 13, 19], [27, 21, 0, 6, 12]]
[[12, 22, 14, 16, 24, 3, 17, 2, 6, 7], [21, 5, 2, 8, 1, 0, 3], [11, 20, 27, 30, 18, 0, 6, 8, 25, 15], [6, 15, 29, 11, 8, 13, 17, 20, 0, 18, 2, 23], [9, 17, 22, 15, 20, 3, 26], [8, 1, 10], [1, 14, 7, 11, 20, 22, 8, 18, 23, 0], [16, 21, 1, 11, 14, 23], [1, 13, 23, 8, 17, 11, 21, 26, 29], [4, 8, 11, 13, 1], [1, 10, 7, 14, 16], [9, 13, 15, 18, 1, 7, 20, 2, 3]]
[[32, 29, 6, 24, 0, 7, 13, 21, 25], [4, 10, 2, 8, 12], [18, 24, 31, 33, 1, 4, 7, 10, 25, 5, 3, 2], [5, 11, 17, 15], [9, 17, 30, 12, 14, 11, 4], [6, 11, 0, 4, 7, 14], [5, 6, 10, 16, 19], [6, 19, 1, 9, 16, 3, 2], [11, 16, 25, 28, 3, 1, 9, 13, 22, 23], [2, 5, 10, 13, 11], [2, 1, 4, 13], [6, 0, 8, 10, 16, 23, 1, 21]]
[[15, 22, 28, 5, 9, 12, 25], [5, 16, 9, 2, 1, 0], [10, 4, 2, 5, 11], [6, 10, 13, 4, 16, 18, 2, 14], [10, 4, 2, 5, 11, 13], [14, 4, 2, 1, 0, 9], [14, 4, 8, 20, 2, 5], [10, 5, 15, 3], [24, 4, 12, 15, 29, 2], [13, 25, 11, 17, 23, 3, 8, 15, 19], [16, 19, 32, 37, 26, 7, 5, 2]]
[[16, 20, 9, 7, 6, 13, 24, 19, 12, 23], [16, 6, 4, 9, 2, 1], [33, 2, 1, 9, 12, 15, 17, 24, 28, 36, 38, 6, 13, 18, 22, 25], [7, 15, 17, 16, 5, 11], [7, 13, 18, 5, 11, 14, 19], [16, 2, 11, 0, 12], [15, 6, 5, 8, 23, 2, 12], [7, 26, 9, 11, 15, 18, 2, 12], [7, 5, 11, 2, 9]]
[[0, 13, 16, 19, 22], [17, 15, 0, 8], [37, 8, 2, 6], [3, 4, 6, 10], [0, 8, 16, 1, 9], [8, 0, 15, 1], [14, 0, 8], [7, 16, 2, 5, 12, 14, 4], [9, 16, 3]]
[[7, 12, 9, 15, 4, 3, 8, 13, 11, 6], [25, 34, 1, 3, 6, 9, 19, 22, 28, 31, 37], [1, 2], [5, 2, 8, 11, 0, 6, 10], [25, 1, 5, 9, 10, 17, 26, 2, 0, 32, 6, 3], [19, 4, 7, 2, 5, 1, 0, 3, 6, 9, 25]]
[[28, 34, 12, 8, 15, 17, 21, 29], [8, 11, 0, 6], [1, 8, 4], [9, 13, 17, 1, 4], [8, 14, 23, 2, 18], [1, 17, 26, 0, 11], [10, 6, 18, 2, 14, 23], [8, 17, 9, 11, 5, 15]]
[[9, 20, 6, 14, 17, 22, 4, 15, 3], [12, 3, 5, 8, 1], [15, 6, 12, 0, 18, 17, 9], [18, 2, 5, 9, 15, 0, 7], [2, 17, 0, 3, 9, 14], [9, 15, 19, 6, 10, 16], [12, 5, 8, 15, 3], [35, 29, 31, 28, 1, 5, 12, 23, 38, 45, 48, 56], [11, 22, 9, 15, 23, 27, 6, 13, 25]]
[[8, 14, 17, 0, 4, 12, 18, 21], [3, 5, 12, 15], [8, 17, 2, 5, 14, 10, 4, 3], [0, 15, 17, 5], [12, 19, 3, 0, 6, 17], [13, 0, 7, 19, 1], [3, 9, 12, 0, 7], [5, 15, 0, 12, 16], [27, 6, 3, 8, 14, 18], [3, 6, 8, 10, 0], [17, 2, 4, 8, 11, 5, 3, 20, 6], [18, 1, 3, 7, 21]]
[[11, 22, 13, 16, 3, 19, 2, 7, 8], [13, 17, 0, 28, 32, 4], [18, 3, 2, 5, 8, 13], [15, 26, 7, 0, 11, 20, 30, 1, 9], [20, 25, 7, 0, 11, 17, 23, 1], [17, 5, 9, 10, 3], [12, 3, 1], [18, 12, 14, 4, 16, 20], [2, 4, 9, 12, 10]]
[[21, 12, 5, 8, 18, 3, 10], [15, 7, 0, 4, 9, 12], [21, 22, 24, 2, 15, 27, 0], [3, 12, 27, 0, 16, 20, 23, 31, 33], [16, 22, 18, 1, 9, 30, 3, 7, 19, 23], [4, 0, 9, 3], [0, 10, 5, 1], [14, 26, 3, 18, 24], [0, 9, 16, 7, 10, 14], [15, 22, 2, 17, 16, 9, 19, 0]]
[[0, 6, 3, 7, 10, 14], [0], [11, 13, 17, 2, 8], [13, 7, 19, 22, 0, 4, 17], [0, 6, 11, 24, 27, 34, 3], [8, 0, 5], [33, 17, 0, 6, 9, 12, 23, 26, 35], [2, 14, 5, 8, 21, 6, 18, 22, 4], [7, 0, 10, 11, 18, 1, 4], [11, 19, 9, 15, 25, 28, 2, 6]]
[[6, 24, 0, 3, 22, 26, 29, 1, 10, 14, 19], [17, 1, 10, 14], [2, 5, 9, 18, 6, 19, 23, 4], [13, 14, 2, 18, 20, 22], [16, 22, 1, 11, 12], [9, 29, 3, 22, 23, 25, 11], [16, 31, 2, 18, 20, 17, 10, 23, 29, 21, 26], [18, 2, 1, 4, 7, 10, 5]]
[[11, 0, 4, 12, 7], [12, 15, 20, 5, 18], [17, 2, 4, 7, 10, 5, 3, 19], [0, 9, 11, 15], [35, 2, 19, 21, 28, 31, 33, 0, 16, 6, 15, 26, 20, 1], [8, 1, 12, 13, 11], [22, 14, 23, 11, 20, 26], [22, 5, 10, 17, 3, 2, 11, 18, 6, 12], [4, 16, 18, 31, 34, 11, 29, 35, 15, 10, 28, 14, 32, 9, 27, 33], [9, 1, 10, 6, 13, 17, 19, 25, 20], [10, 19, 24, 11, 13, 6, 8, 28, 3]]
[[20, 24, 15, 0, 4, 11, 3], [12, 9, 6, 18], [11, 19, 2], [17, 1, 3, 7, 4, 10], [8, 20, 2, 5, 13, 10, 15], [13, 2, 5, 4], [12, 14, 5, 9]]
[[12, 26, 6, 22, 28], [14, 23, 5, 9, 20, 26, 0, 3, 2], [5, 13, 17, 11, 15], [22, 18, 8, 15, 3, 13, 6, 17, 12, 2], [4, 17, 20, 2, 21, 6, 1, 9], [2, 19, 26, 30, 13, 9]]
[[7, 11, 9, 12, 4, 8, 5], [18, 15, 7, 23], [4, 8, 11, 2], [2, 15, 0, 8, 16, 5], [7, 5, 8], [2, 10, 15, 3, 8, 11, 16], [2, 11, 15, 18, 0], [17, 2, 18, 8], [4, 11, 0, 6], [16, 20, 3, 11, 0], [15, 8, 20, 0, 13, 24, 1, 22]]
[[8, 11, 6, 0, 4], [5, 8, 17, 2], [16, 11, 10, 0, 3, 20, 1], [8, 13, 2, 1, 10, 21], [16, 20, 3, 32, 29], [21, 3, 2, 5, 9, 12, 6, 4], [17, 2, 1, 8, 21, 3, 5], [9, 20, 4, 2, 6, 18, 17, 14, 5], [0, 14, 5, 9, 1, 2], [13, 1, 8, 12], [4, 13, 16, 11, 18, 9, 22], [5, 16, 6, 13, 2, 12]]
[[7, 9, 13, 16, 3, 14, 2, 8, 10], [10, 1, 3, 5, 13], [4, 16, 0, 14, 9], [11, 1, 9, 7, 0, 8], [9, 18, 16, 3, 6], [0, 9, 33, 36, 13, 31, 34, 16, 4, 30, 3, 29, 6, 7, 32, 1], [9, 19, 2, 6, 16, 21, 14, 5], [30, 5, 8, 16, 6, 14, 17, 33], [14, 0, 7, 11, 16, 18, 21, 19], [6, 15, 1, 3]]
[[9, 23, 12, 17, 20, 3, 18, 2, 13, 15], [5, 8, 1, 3, 10, 2, 6], [9, 23, 4, 7, 12, 15, 18, 21, 26, 36, 39, 5], [7, 20, 0, 2, 5, 15, 18, 23, 16, 21], [12, 29, 1, 4, 7, 10, 14, 20, 8, 3, 19, 2, 18, 30, 0, 5, 21], [9, 18, 25, 11, 14, 0, 1, 6], [4, 16, 6, 17, 2, 11, 14]]
[[12, 17, 15, 0, 10, 9, 13], [11, 16, 2, 14], [8, 21, 10, 0, 14, 18, 23, 28, 1, 5], [11, 12, 2], [18, 7, 0, 13, 3, 11, 19], [10, 5, 1], [0, 8, 11, 1, 6], [13, 3, 8, 12], [9, 0, 16, 17, 21, 29, 32, 35, 3], [5, 16, 10, 12], [11, 26, 31, 37, 49, 19, 4, 7]]
[[7, 5, 11, 13, 3, 9], [20, 24, 28, 6, 11, 15, 31, 3, 30], [12, 21, 35, 2, 24, 6, 1], [17, 5, 8, 3, 2, 15, 18], [11, 6, 5, 0, 15, 20, 24, 21, 25], [21, 26, 7, 6, 0, 14, 17, 28, 12], [16, 24, 7, 6, 17, 0, 13, 21], [24, 6, 5, 0, 14, 18, 28]]
[[16, 3, 2, 8, 6, 7], [19, 28, 33, 32, 35, 4, 7, 24, 30, 1, 26, 2], [24, 3, 7, 11, 5, 22, 25, 0, 8], [16, 7, 6, 9], [17, 30, 1, 5, 7, 21, 25], [9, 6], [1, 7, 12], [3, 12, 19, 16], [5, 9, 15], [12, 21, 9, 7, 15, 18]]
[[18, 5, 7, 12, 15, 24, 3, 9], [4, 11, 15, 1, 7, 19, 22, 8, 17], [0, 24, 30, 13, 4, 19, 34], [10, 15, 18, 22, 9], [21, 12, 20, 8, 25, 27, 23, 28], [15, 9, 12, 5, 4, 13, 6], [0, 42, 5, 9, 12, 24, 28, 45, 13, 20, 30], [26, 34, 38, 36, 1, 7, 30, 43, 45, 2, 8, 11, 15], [23, 1, 7, 19, 27, 2, 8, 11, 15, 20], [15, 0, 4, 18, 1, 9]]
[[7, 22, 27, 5, 12, 15, 24, 13], [5, 11, 17, 23, 19, 2, 18], [0, 20, 30, 8, 27, 28, 1, 24, 16, 17], [7, 18, 8, 2, 1], [18, 15, 16, 7, 12, 19, 8], [7, 18, 8, 2, 1], [23, 11, 20, 21, 15, 8, 25, 24, 16, 18, 9], [8, 2, 16, 4], [2, 11, 6, 4, 3, 10], [9, 12, 15, 6, 10, 16, 14, 5], [8, 10, 1, 2], [10, 15, 19, 24, 3, 16, 7, 12, 8]]
[[12, 20, 3, 9, 4], [13, 24, 17, 25, 8], [2, 5, 11, 20], [0, 5, 15, 21, 3, 6], [13, 26, 16, 6, 8, 19, 29, 32], [20, 24, 33, 10, 28, 12, 30, 27, 1]]
[[5, 9, 11, 15, 3, 7], [20, 24, 31, 27, 6, 8, 10], [8, 14, 24, 2, 26, 0], [20, 2, 23, 0, 3], [7, 20, 25, 10, 15, 30], [17, 3, 2, 5, 8, 6, 11], [16, 19, 2, 1], [0, 19, 8, 7], [15, 2]]
[[20, 26, 14, 22, 8, 15, 7, 18, 27, 12, 21, 16], [10, 4, 12, 15, 2, 13, 1, 0, 11], [8, 11, 21, 4, 16, 0, 13, 17, 2, 5], [10, 2, 4, 13, 15, 0, 16, 3]]
[[12, 19, 31, 5, 10, 16, 3, 2, 9, 8, 13], [12, 7, 3], [12, 23, 3, 2, 8], [15, 2, 4, 3, 13, 17], [11, 22, 2], [17, 3, 2, 5], [7, 10, 4, 15, 18, 5, 16], [4, 6, 3], [6, 8, 11, 17, 0, 9, 15, 18, 20, 7], [2, 5, 13]]
[[24, 17, 10, 16, 21, 8], [9, 20, 40, 44, 12, 23, 29, 37, 49, 2, 1, 0, 18, 41, 46, 10, 15, 45, 28], [6, 10, 0, 7, 11], [17, 1, 3, 6, 2, 0, 4], [1, 3, 6], [13, 1, 5, 23, 8, 19, 3, 22, 2, 24, 9, 14], [8, 1, 4, 2], [3], [11, 19, 33, 3, 22]]
[[19, 10, 0, 3, 7], [27, 2, 3, 17, 10, 24], [0, 12, 7], [5, 4], [4, 9, 12, 2], [8, 4, 10], [6, 14, 28, 12, 9, 11, 4], [18, 2, 8, 14, 21, 0, 6], [11], [22, 2, 4, 8, 0, 5, 11]]
[[0, 9, 14, 16, 19, 22, 7, 11, 17], [8, 10, 0], [18, 6, 11, 3, 5, 2, 7, 8], [14, 1, 7], [0, 5, 11, 7, 14, 19, 23, 26], [10, 19, 15, 0, 3, 8, 13, 1, 4, 7], [24, 22, 0, 29, 30, 1, 9, 13], [11, 2, 1, 7, 16]]
[[20, 14, 9, 7, 17, 6, 15, 21, 13, 10], [1, 3, 6, 14, 22, 4], [6, 0, 8, 3, 13, 7], [9, 12, 2, 18, 0, 3, 7], [2, 9, 11, 8, 4, 14, 21], [12, 9, 2, 7, 4, 1], [2, 5, 6, 0, 7], [10, 20, 5, 13, 7], [2, 8], [19, 1, 4, 9, 6, 12, 2, 7, 16], [27, 21, 23, 28, 4, 16]]
[[14, 19, 5, 16, 21, 24, 3, 17, 1, 2, 20], [23, 5, 15, 16, 6, 2, 9], [16, 1, 4, 9, 20, 2, 0], [0, 9, 23, 26, 16, 21], [3, 9, 14, 17, 0], [5, 2, 7, 10], [33, 5, 9, 19, 23, 26, 30], [9, 13, 16, 17], [9, 20, 26, 21, 0, 19]]
[[24, 5, 10, 14, 19, 3, 6, 9], [16, 29, 32, 4, 13, 36, 37, 35, 1, 2, 21, 24], [11, 2, 15, 17, 23, 0, 13], [14, 22, 1, 2, 9, 6, 12, 3], [0, 15, 30, 5, 9, 19, 26], [16, 0, 10, 12, 1, 7]]
[[12, 16, 5, 9, 14, 22, 3, 10, 20], [4, 22, 8, 12, 18], [14, 37, 12, 2, 17, 23, 30, 33], [23, 28, 26, 1, 5, 7, 13, 30, 33, 37, 2], [23, 29, 49, 11, 26, 38, 1, 5, 27, 32, 51], [17, 38, 23, 0, 28, 30, 33, 6, 14, 25, 9]]
[[9, 3, 6, 16, 4, 14], [4, 15, 27, 6, 8, 17, 29, 32, 2, 24, 30], [0, 4, 9, 15, 8], [26, 4, 23, 0, 15, 19], [15, 7, 18, 0, 4, 8], [22, 10, 14, 15, 19, 6], [14, 10, 5, 12, 8], [23, 10, 13, 18, 20, 6, 4], [10, 3, 11], [25, 23, 14, 21, 13, 20, 7, 18], [2, 4, 7, 12, 17, 19, 22], [1, 7, 10, 3], [8, 19, 11, 6, 21, 3, 16, 15]]
[[22, 33, 15, 28, 20, 25, 30, 7], [25, 5, 17, 2, 8, 11, 19, 23], [0, 10], [21, 26, 8, 7, 0, 19], [24, 7, 13, 2, 12], [12, 27, 7, 15, 16, 30, 9], [11, 21, 6], [21, 13, 4, 15, 23]]
[[15, 5, 9, 12, 3, 10], [0, 8, 12, 24, 13, 22, 3], [18, 3, 2, 9, 7, 13, 4], [16, 12, 4, 7, 21, 1], [13, 1, 5, 0, 3, 6, 14], [12, 3, 2, 9, 16], [14, 10, 8, 18, 5, 15, 4]]
[[21, 17, 27, 8, 18, 28, 26, 7, 12, 14, 11, 23], [13, 27, 15, 18, 21, 2, 16, 1, 11, 0], [6, 2, 7, 9, 4, 0], [21, 36, 3, 14, 23, 28, 0, 4, 9, 15, 6, 19], [9, 3, 2, 13, 0], [8, 20, 10, 15, 0, 3, 2, 5, 6], [16, 27, 30, 35, 1, 5, 13, 20, 37, 38, 2, 6, 39], [15, 23, 18, 20, 8, 11, 25, 0]]
[[9, 12, 14, 17, 3, 2, 18, 13, 11], [10, 1, 3, 5, 12, 2, 11], [18, 4, 7, 14, 1, 19, 2, 17, 5], [11, 19, 5], [8, 4, 16, 14, 10, 21], [7, 17, 23, 14, 18, 24, 2, 13, 12, 0, 25], [14, 3, 15, 5, 9, 12, 18, 21]]
[[6, 13, 15, 3, 11, 16, 5], [14, 22, 28, 5, 7, 10, 24], [19, 3, 21, 5, 10, 15, 23], [22, 0, 4, 7, 19, 2], [22, 3, 6, 9, 12, 18, 7, 5, 4, 24, 0], [16, 1, 4, 11, 24, 26, 22, 27, 8]]
[[13, 6, 11, 17, 20, 0, 3, 18], [4, 8, 26, 9, 31, 6], [18, 2, 6, 13, 0], [28, 14, 5, 20, 23], [4, 5, 8, 1], [16, 23, 26, 1, 3, 7, 11], [1, 6, 4], [12, 16, 6, 19, 20, 18]]
[[5, 18, 10, 12, 15, 3, 2, 11, 6], [8, 16, 4, 11, 14, 20, 2, 9, 1, 0, 10, 18, 3, 13, 15, 37, 12], [14, 71, 27, 28, 33, 57, 16, 35, 4, 7, 41, 45, 48], [13, 17, 19, 3, 8, 11, 22, 25, 28]]
[[17, 13, 0, 10, 14, 9], [14, 6, 12], [15, 5, 10, 0], [8, 15, 2, 11, 12, 5], [0, 4, 10, 15, 18, 20, 5], [27, 24, 3, 20, 26, 29, 4, 8, 30, 7], [20, 15, 25, 0, 3, 22, 26, 2, 21], [16, 30, 20, 2, 18, 7, 11, 22, 28], [9, 10, 16, 2]]
[[10, 3, 9, 2, 8, 4], [7, 1, 10, 13, 2], [11, 19, 14, 13, 5, 8, 16, 25], [9, 28, 45, 6, 16, 30, 46, 18, 22, 38, 40, 49, 11], [6, 22, 0, 2], [10, 2, 7, 13, 5, 8, 14, 4], [17, 6, 12, 14, 3, 22, 2, 9], [20, 28, 24, 11, 7, 22]]
[[7, 11, 27, 30, 5, 13, 19, 25, 32, 3], [8, 15, 17, 22, 19, 30, 32], [19, 2, 9, 3, 0, 4, 5], [11, 21, 2], [23, 27, 35, 2, 10, 14, 16, 0, 12, 20], [5, 9, 12, 16], [11, 14, 23, 6, 9, 19, 3, 16]]
[[10, 15, 3, 6, 17, 4, 20, 2], [11, 13, 6, 1, 8, 17], [12, 18, 2, 4, 7, 10, 15], [9, 0, 6, 4, 3], [6, 12, 24, 2, 14, 8, 21, 27, 0], [6, 0, 8, 11, 14, 18], [14, 2, 4], [10, 1, 4], [12, 18, 7, 10, 16]]
[[19, 9, 12, 4, 5, 10, 21, 8, 7], [7, 36, 12, 2, 5, 24, 28, 0, 21, 15, 20], [7, 12, 20, 1, 3, 16, 24, 17], [0, 8, 15, 3, 12, 5], [23, 9, 14, 18, 6, 10, 3, 5, 15, 7]]
[[19, 3, 6, 22, 25, 4, 15], [12, 15, 7, 0, 18, 5], [7, 20, 2, 11, 14], [26, 0, 13, 3, 11, 19, 15, 22, 18, 10], [12, 0, 4, 18, 2, 5, 8], [17, 4, 2, 6, 11, 5, 3, 7], [17, 28, 27, 0, 7, 36, 1, 8, 18, 37, 29, 34], [10, 27, 4, 12, 15, 18, 30]]
[[21, 14, 15, 8, 23, 26, 6, 19, 24, 5], [11, 19, 25, 1, 22], [5, 7, 0, 10, 24, 3, 8], [21, 9, 11, 14, 8, 0, 25], [15, 19, 22, 5], [19, 10, 9, 0], [5, 7, 3], [12, 11, 0], [14, 7, 11, 22, 31, 12], [17, 1, 3, 6, 4, 9, 2], [6, 19, 4, 8]]
[[4, 13, 11, 14, 16], [11, 9, 3], [6, 0]]
[[0, 13, 3, 7], [19, 9, 8], [18, 6], [9, 23, 3, 13, 2], [7, 5, 9], [12, 2], [13, 26, 32, 5, 7], [16, 8]]
[[15, 29, 5, 9, 17, 20, 3, 10, 2, 8, 7], [15, 26, 35, 8, 22, 24, 2, 20, 1, 6], [22, 6, 9, 4, 3, 24, 8], [11, 21, 24, 1, 8, 14, 4], [26, 4, 1, 7, 10, 13, 8, 5, 17, 28, 16], [21, 25, 38, 2, 8, 14, 29, 33, 0, 5, 7]]
[[6, 24, 10, 12, 15, 18, 3, 16, 2, 11, 26, 9], [7, 9, 12, 3, 10, 1, 19, 2, 17, 0, 18, 8], [30, 1, 4, 6, 9, 12, 18, 25, 34, 7, 10], [31, 57, 1, 32, 3, 16, 23, 26, 28, 37, 41, 43], [5, 27, 47, 17, 33, 1, 38, 7, 24, 42, 45, 19, 43, 11, 2, 18, 34, 39, 35, 37, 16], [16, 5, 3, 1, 2, 0, 4, 21, 14, 23]]
[[14, 24, 19, 18, 0, 3, 12, 21, 1], [11, 13, 33, 2, 14, 1, 8, 17, 19, 23, 26, 6, 9], [0, 13, 26, 9, 8, 5, 11, 16, 28, 31], [19, 8, 11, 16, 21, 5, 9, 12, 17], [19, 8, 13, 5, 9], [21, 12, 14, 18, 23], [16, 9, 14, 4], [22, 0, 7, 13, 16, 5, 10, 14, 17], [12, 2, 17, 6]]
[[10, 11, 7, 15], [22, 1, 4, 5, 2, 0, 16, 20], [4, 25, 1, 6, 14, 8, 13, 29], [0, 3, 14, 5, 16, 9, 1], [17, 6, 3, 14, 0, 15], [18, 21, 5], [14, 32, 18, 20, 21], [14, 12, 2]]
[[10, 12, 1, 6, 3], [18, 27, 33, 32, 25, 30], [0, 35, 42, 22, 48, 7, 10, 25, 38, 46, 11, 14, 18, 26], [10, 1, 11, 7, 17], [21, 8, 11, 18, 24, 0, 4, 12, 16, 7], [13, 1, 3, 6, 9, 16], [8, 12, 25, 34, 0, 4, 13, 17, 22, 32, 7, 28, 31, 16, 21], [3, 6, 7], [20, 11, 25, 29, 33, 7, 12, 16, 22, 26, 34, 10, 32, 15, 21, 19], [1, 3, 6], [12, 11, 18], [11, 21, 5, 15, 18, 24, 16]]
[[22, 7, 14, 19, 26, 0, 4], [1, 3, 7], [24, 10, 1, 5, 2, 6, 12], [16, 3, 8, 12, 22, 31, 35, 4, 9, 23], [13, 3, 6, 16, 0, 5, 4, 14], [15, 7, 19, 23, 25, 2], [0, 10, 18, 4, 19, 3], [0, 22, 6, 12, 26], [19, 2, 4, 11]]
[[2, 16, 18, 21, 6, 19, 8], [7, 2, 4, 14, 17, 20, 24, 0, 15, 21, 23, 3], [19, 26, 23, 22, 10, 13], [10, 18, 2, 4, 7, 13], [5, 20, 0, 6, 14], [11, 32, 2, 15, 4, 25, 14], [10, 14, 22, 2, 17, 20, 25], [20, 2, 21, 13, 16, 29, 33]]
[[8, 15, 24, 19, 5, 26, 3], [11, 22, 37, 2, 13, 17, 19, 29, 0, 14, 20], [20, 6, 13, 3, 10, 2, 9, 22], [22, 27, 35, 6, 5, 13, 33, 0, 15], [12, 17, 28, 15, 36, 2, 8, 19, 23, 31], [7, 13, 30, 11, 15, 19, 28, 5]]
[[11, 39, 45, 34, 23, 7, 18, 21, 31, 36, 41], [16, 26, 2, 10, 19, 23, 29, 32, 3, 8, 21], [26, 29, 7, 18, 0, 14, 24], [17, 23, 2, 10, 19, 28, 32, 0, 3, 8, 29], [22, 16, 14, 7, 0], [1, 24, 36, 41, 19, 47, 3, 6, 15, 38, 52, 55, 10]]
[[11, 14, 0, 4, 15, 10, 3, 5], [14, 1, 8], [16, 13, 25, 27, 10, 6, 1, 19, 9, 18], [9, 16, 12, 5, 7, 14, 3, 6], [18, 1, 3], [10, 15, 21, 19], [13, 18, 3, 10, 22, 4], [29, 31, 4, 9], [3, 9, 30, 23, 0, 16, 19, 35]]
[[14, 23, 5, 11, 18, 21, 3], [19, 34, 0, 1, 15, 24, 28, 2], [13, 23, 30, 6, 2, 10, 21, 0, 7], [13, 24, 17], [6, 14, 20, 8, 10], [14, 26, 35, 4, 10, 17, 20, 23, 31, 2, 8]]
[[27, 32, 14, 6, 16, 21, 30, 0], [7, 15, 2, 18], [10, 14, 31, 16, 15, 5, 18, 21, 24, 19], [5, 7, 13, 3, 15, 18], [11, 2, 0, 5, 1, 12]]
[[7, 5, 10, 3], [5, 7, 1, 18, 3, 10], [5, 21, 8, 2, 13, 17, 0], [8, 23, 2, 5, 11, 14], [19, 24, 10, 4, 14, 16, 8, 12], [20, 2, 5, 9, 12, 6, 4, 3, 0], [1, 16, 9, 15, 12], [18, 21, 2, 13, 15]]
[[10, 15, 18, 21, 25, 3, 2, 12, 11, 16, 19, 27], [26, 36, 1, 4, 7, 18, 21, 30, 33, 38], [7, 10, 1, 3, 5, 13, 2, 8, 12], [12, 31, 13, 25, 3, 7, 15, 18, 28, 4, 16, 21, 29, 2], [3, 6, 2, 1, 0, 4, 14], [0, 2, 5, 14, 17, 24, 27, 12, 15, 25, 10, 11, 20], [13, 4, 7, 17, 2, 15, 1, 0, 14, 3, 16, 6], [4, 19, 31, 6, 7, 11, 10, 1, 0, 33, 18, 2]]
[[0, 8, 15, 11, 7, 12, 14, 18], [1, 15, 19, 10, 2], [1, 5, 7, 2, 4, 13], [25, 2, 1, 8, 13, 6, 21, 3], [19, 25, 37, 14, 32, 13, 31, 3, 6, 9], [4, 13, 5, 10, 15, 1]]
[[32, 15, 17, 20, 27, 8, 12, 29], [26, 29, 2, 40, 45, 42, 39, 5], [10, 22, 4, 16, 35, 32, 33, 7, 24, 28], [26, 32, 48, 3, 20, 43, 1, 19, 42, 5, 8], [30, 11, 22, 20, 1, 5, 14], [26, 24, 21, 6, 8], [10, 21, 15, 6, 17, 23]]
[[11, 0, 4, 12, 3, 9], [6, 23], [17, 2, 4, 7, 10, 5, 3], [11, 8, 16, 18, 9, 12, 19], [16, 23, 7, 11, 6], [12, 24, 6, 19, 2, 17, 18], [0, 17, 5, 9, 1, 13, 2], [7, 10, 22, 21, 24, 5, 17]]
[[14, 10, 7, 12, 0], [8, 15, 1, 10, 12, 5], [19, 6, 9, 12, 0, 7, 4], [9, 19, 28, 2, 11, 4, 22, 26], [10, 23, 31, 2, 13, 14], [9, 20, 29, 34, 5, 13, 32, 3, 2, 28, 25, 1, 0], [13, 23, 16, 8, 28, 5, 27, 18]]
[[6, 9, 17, 0, 4, 20, 14, 3], [20, 14, 9, 4, 10, 1], [20, 2, 7, 10, 4, 1, 3, 21], [12, 4, 0, 9, 5], [10, 6, 0, 13, 1, 14, 7], [7, 10, 16, 3]]
[[12, 19, 5, 21, 23, 3, 14, 24, 2], [11, 20, 32, 35], [0, 17, 23, 33, 31, 5], [12, 32, 27, 36, 26, 35, 5, 9], [1, 10, 9, 12, 15, 20, 23, 13, 6, 7], [1, 13, 22, 10], [1, 14, 8, 17], [16, 18, 22, 10, 13, 8], [12, 24, 19, 8, 15, 17]]
[[4, 6, 14, 13, 17, 12], [0, 8, 16, 4], [14, 23, 0, 28, 29, 31, 7, 16, 20, 25]]
[[5, 8, 15, 3, 9, 12], [8, 16, 5, 13], [12, 2, 9, 15, 0, 10], [9], [9, 6, 0, 12], [0, 10], [4, 18, 10, 9], [9, 13, 16, 10, 14, 17], [0, 5, 19, 8, 7, 12, 1, 20], [8, 25, 19, 16, 12, 21, 28, 0]]
[[6, 3, 2, 9, 5], [4, 6, 15, 2, 9, 1, 12, 0], [25, 33, 40, 50, 1, 45, 44, 4, 7, 21, 31, 35, 54, 8], [8, 15, 3, 6, 11, 22], [23, 1, 6, 9, 12, 15, 7, 3, 2, 13, 4, 10]]
[[15, 0, 8, 7, 11, 14], [17, 3], [10, 17, 1, 3, 6, 11, 2], [17, 2, 1, 4], [17, 1, 5, 9, 20, 2], [7, 3, 1, 14, 17, 28, 29, 31], [16, 1, 3, 6, 4, 9], [12, 1, 4]]
[[5, 17, 8, 11, 14, 3, 12, 7, 2, 19], [13, 36, 4, 25, 28, 31, 2, 5, 26, 1, 22, 20, 0, 21, 14, 34], [13, 17, 21, 1, 20, 5, 8, 11, 24], [7, 17, 23, 27, 32, 0, 2, 5, 25, 30, 35, 14, 36, 21]]
[[12, 18, 9, 8], [20, 11, 2, 10, 5], [9, 0, 5, 7, 13, 25, 3], [29, 2, 11, 17, 22, 25, 32, 12, 15], [0, 7, 13, 28, 29, 1, 4, 8], [7, 16, 3, 19, 28], [7, 10, 13, 5, 17, 16]]
[[12, 17, 24, 32, 20, 22, 5, 9, 14, 3], [2, 22, 29, 4, 14], [24, 31, 41, 14, 11], [24, 7, 10, 28, 4, 3, 29, 0, 5, 11], [26, 3, 6, 9, 12, 30, 7, 5, 4, 24, 31, 0, 22], [11, 15, 22, 20]]
[[5, 11, 17, 3, 9], [14, 29, 2, 7, 11, 20, 25], [10, 12, 15], [20, 3, 5, 8, 18, 22], [15, 30, 3, 2, 8, 12, 21], [14, 5, 8, 7, 2, 0, 3], [15, 1, 5, 8]]
[[20, 18, 6], [15, 18, 25, 11, 23, 7], [13, 17, 27, 22, 2, 18, 20], [17, 20, 34, 24, 4, 21, 23], [27, 10, 4, 1, 9, 16, 12]]
[[18, 9, 14, 2, 7, 10, 4, 1], [9, 2, 7, 11, 14, 0], [0, 11, 6, 12, 22, 1], [16, 1, 2, 4], [6, 13, 0, 10, 14, 2], [19, 1, 2], [19, 1, 15, 11], [12, 21, 19, 0, 14, 5, 10, 15]]
[[10, 13, 6, 11, 18, 5], [1, 10, 8, 4], [0, 1, 3, 8], [7, 15, 4, 18], [0, 15, 26, 42, 1, 3, 7, 10, 23, 28, 32, 4, 16, 24, 22, 2], [8, 23, 1, 16, 10, 13], [23, 40, 55, 75, 78, 91, 5, 4, 32, 44, 84]]
[[7, 11, 20, 23, 3, 4, 6, 10, 22, 24, 5, 8], [17, 41, 1, 3, 6, 9, 12, 18, 23, 26, 34], [22, 29, 1, 7, 10, 13, 16, 25, 4, 8, 14, 27], [18, 1, 7, 10, 13, 8, 11], [17, 19, 15, 16, 0, 2, 12, 9]]
[[7, 10, 25, 5, 13, 16, 20, 3, 14], [5, 16, 2, 7, 13], [0, 5, 20, 9, 8, 11, 16], [14, 0, 3, 16, 1, 4], [15, 19, 30, 11, 3, 24, 27, 32], [16, 5, 8, 2, 1, 0, 3, 12]]
[[16, 28, 7, 10, 12, 24, 0, 5, 8], [11, 1], [0, 7], [20, 7, 21, 4, 11], [2, 29, 40, 47, 1, 4, 12, 20], [20, 34, 4, 7, 9, 17, 22, 31]]
[[15, 10, 12, 5, 17, 3, 13, 18], [12, 2, 4, 1], [15, 4, 11, 0, 9, 12], [2, 5, 10, 0], [10, 13, 11], [19, 3, 2, 5, 9, 12, 6, 4, 0], [12, 25, 17, 19, 6], [8, 28, 10, 13, 15, 21, 25, 1], [2, 16, 0, 6, 14], [15, 13, 8, 17]]
[[15, 18, 21, 7, 13, 16, 22, 10], [13, 15, 6, 9, 18, 23], [0, 11, 24, 31, 34, 37, 3, 8], [13], [4, 1, 6, 18, 11, 13, 22], [6, 9, 13, 15], [11, 8, 17, 5], [13, 6, 16, 2, 8], [22, 6, 7, 18, 26, 29, 2], [18, 4, 7, 5, 10, 1]]
[[11, 2, 9, 6, 5], [5, 16, 29, 1, 19, 18], [0, 10, 5], [5, 12, 13, 3], [14, 3, 6], [4, 2, 5, 9], [5, 14, 15, 3], [26, 3, 6, 23], [4, 2], [8, 11, 13, 6, 20, 3, 19, 2]]
[[14, 19, 5, 10, 16, 3, 12], [14, 8, 17, 5, 19, 16, 1], [26, 2, 3, 27, 8, 11, 20, 23], [16, 19, 6, 9, 2], [13, 10, 11, 14, 16], [8, 19], [7, 3, 1], [13, 25, 2, 15, 7], [12, 1], [10, 28, 18, 6, 15, 24, 33, 3]]
[[11, 3, 2, 9, 14, 4], [13, 4, 17, 2, 1, 0, 14, 3, 22, 16], [9, 18, 1, 3, 7, 21, 23, 2, 10, 11, 8, 19], [11, 12, 5, 8, 15], [19, 4, 7, 12, 15, 5, 13], [16, 3, 6, 9, 13, 4, 2, 1], [5, 8, 21, 15, 18, 2, 12, 16], [4, 6, 10, 18, 15, 1, 0, 7, 20], [3, 5]]
[[0, 6, 3], [11, 12, 4, 15, 22, 25], [17, 4, 6, 9, 14, 2, 7], [10, 1, 13, 4], [18, 0, 9, 13, 3, 7, 6, 1], [15, 6, 10, 0, 4, 3, 17], [11, 6, 0, 3, 9], [8, 5, 14, 18, 21, 2, 16], [7, 16, 10, 13]]
[[5, 23, 11, 14, 16, 20, 25, 3, 12, 2, 8, 7], [7, 1, 3, 5, 12, 14, 2, 8, 0], [0, 2, 6, 15, 17, 3, 12, 1, 11], [12, 25, 35, 39, 46, 1, 44, 48, 22], [18, 5, 8, 12, 15, 21, 6], [9, 0, 11, 15, 6, 12], [15, 24, 4, 7, 10, 28, 2, 5, 26, 1, 0, 25, 3, 27, 6], [3, 2]]
[[22, 5, 8, 12, 17, 24, 3], [3, 2, 8], [29, 8, 15, 19, 24, 31, 0], [38, 8, 3, 10, 34], [2, 10, 16, 0], [11, 14, 21, 4], [16, 13, 20, 2, 11], [18, 4, 1, 2, 11, 3], [4, 7, 2], [14, 2, 1, 8, 11, 17, 20], [16, 12, 1, 17, 24, 4, 7]]
[[8, 21, 25, 23, 5, 15, 17, 13], [13, 21, 4, 2, 6], [22, 3, 2, 10, 12], [13, 3, 1, 8, 16], [22, 9, 11, 1, 5, 16, 19, 25], [12, 1, 18, 5, 7, 26], [0, 7, 24, 11, 4, 14, 19, 2, 1, 13], [8, 10, 17, 0, 15]]
[[9, 19, 5, 12, 0, 3, 13, 2, 6], [11, 13, 1], [0, 8], [27, 2, 14, 42, 8, 16], [20, 2, 1, 4, 7, 12], [9, 3, 16], [5, 7, 18, 12], [11, 16, 26, 1, 2, 4, 19, 20]]
[[22, 7, 10, 14, 17, 2, 12, 1], [29, 34, 12, 10, 23, 30], [1, 6, 10, 3, 13, 19, 4, 7, 9, 2], [], [16, 24, 26, 7, 14, 2, 27], [1, 9, 12, 3, 14, 15, 19, 26, 8, 2, 13], [6, 13, 16, 3, 14], [20, 3, 11, 0, 2], [11, 28, 13, 5, 16]]
[[7, 5, 10, 3, 2, 8, 6], [8, 14, 16, 21, 4, 18], [11, 18, 30, 26, 2, 14, 22, 0, 8], [4, 8, 13, 0, 21, 17], [33, 13, 29, 3, 30, 8, 26, 6, 18, 24, 27], [11, 20, 23, 5, 17]]
[[20, 14, 23, 0, 7, 11, 18, 24], [11, 2, 8, 14, 18], [2, 12, 15, 18, 21, 0, 3, 6], [21, 5, 8, 11, 14, 9, 7], [16, 21, 24, 2, 1, 10], [0, 22, 5], [6, 9, 22, 12, 18, 25, 0, 10]]
[[12, 20, 6, 23, 7, 14, 26, 5, 28, 16], [19, 2, 1, 8, 12, 6, 3], [12, 25, 5, 19, 0, 6], [0, 6, 17, 10], [9, 0, 2, 1, 10], [13, 19, 1, 6, 21, 4], [11, 16, 4, 24, 22, 3, 15, 21, 2, 20]]
[[20, 15, 14, 6, 4, 11], [16, 19, 36, 2, 21, 4, 7, 11, 23, 26], [9, 22, 6, 12, 4, 3, 24, 0, 7], [15, 3, 2, 8, 18, 24, 0], [12, 19, 7, 10, 4, 3, 17, 21, 0], [14, 23, 3, 1, 5, 17]]
[[16, 23, 0, 5, 10, 18, 29], [9, 3, 0, 4, 22, 8], [13, 17, 23, 6, 10, 20, 25, 3], [27, 3, 15, 23], [14, 8, 12], [23, 2, 0, 6, 1, 14, 3, 31]]
[[13, 15, 3, 10, 16, 7], [12, 26, 1, 20, 3, 8], [10, 8, 0, 17], [4, 23, 2, 12], [26, 2, 8, 19, 22, 0], [12, 29, 2, 21, 23, 27, 31], [10, 21, 13, 15, 4, 6, 17], [14, 19, 27, 16, 20, 6, 10], [14, 1, 4, 6, 16]]
[[14, 6, 16, 22, 0, 4, 17], [6, 9, 15, 0, 7], [8, 16, 2, 18], [9, 20, 29, 2, 4, 1, 7, 15, 5, 26], [26, 31, 3, 15, 13, 8, 17, 19], [7, 20, 2, 4, 17], [9, 14, 19, 24]]
[[5, 3, 2, 6], [11, 17, 1, 3, 6, 9, 14, 21, 24], [9, 22, 1, 3, 7, 15, 25, 2, 10, 24, 11, 12, 23], [15, 1, 3, 10, 12, 24, 25, 2, 17, 0, 16, 13, 11], [21, 3, 6, 9, 13, 16, 7, 14, 4], [15, 20, 1, 4, 7], [20, 29, 9, 13, 23, 25, 0, 33], [5, 21, 1, 7, 11, 2, 6, 25, 8, 4, 9], [12, 4, 15, 2, 13, 1, 0, 14, 3, 19]]
[[7, 17, 3, 5, 8, 2, 4, 11], [10, 1, 3, 6, 14, 17, 36, 8, 15, 23, 33], [5, 28, 1, 7, 11, 38, 43, 2, 36, 35, 6, 8, 39, 4, 37, 9, 42, 44, 3, 40]]
[[8, 12, 17, 32, 26, 10, 15, 22, 3, 13], [11, 20, 5, 8, 14, 2, 1, 0], [18, 23, 40, 3, 25, 27, 2, 24, 5, 10, 30, 33, 28], [14, 18, 28, 22, 23, 25, 2]]
[[7, 18, 23, 5, 12, 16, 21], [11, 18, 24, 1, 4, 8, 13, 22, 5], [6, 8, 10, 14, 3, 11, 2], [1, 3, 14, 18, 4], [15, 26, 5, 3, 20, 7, 12], [11, 5, 8, 2, 12], [7], [7, 10, 23]]
[[14, 9, 18, 23, 28, 7, 19, 24, 29, 6, 15, 17], [23, 13, 15, 4, 20, 26, 2], [12, 0, 9, 14, 4, 7, 10, 16], [15, 3, 5, 8, 12], [2, 20, 17, 22, 0, 7], [25, 3, 2, 9, 18, 20], [3, 1, 7, 12, 18, 24], [5, 2, 3, 6], [6, 25, 13], [4, 12]]
[[4, 6], [5, 0, 13, 15, 2]]
[[17, 8, 13, 0, 4, 9, 14, 7, 3, 5], [12, 23, 9], [16, 19, 10, 13, 0, 4, 11, 9], [11, 14, 20, 16, 3, 1], [1, 6, 13, 16, 26, 31, 2, 7, 14], [6, 21, 10, 17, 23], [9, 5, 11, 20], [14, 8, 11, 17]]
[[20, 17, 5, 23, 29, 9, 4], [12, 21, 15, 18, 25, 2, 5], [13, 32, 22, 0, 2, 10, 20, 23, 26, 9, 18], [16, 20, 3, 5, 10], [0, 19, 26, 31, 9, 4, 21, 29, 36], [14, 19, 6, 3, 9, 2, 21, 17], [21, 29, 6, 8, 11, 14, 17, 23, 3]]
[[14, 19, 23, 21, 3, 2, 6, 7, 17], [13, 17, 15, 23, 2, 20, 1, 6, 0, 5], [5, 10, 14, 15, 2, 8], [6, 10, 17, 3, 2, 1], [9, 21, 4, 2, 6, 13, 18, 14], [21, 10, 14, 3, 2, 8, 4, 7], [9, 5, 12, 16, 2]]
[[20, 5, 8, 16, 25, 28, 31, 3, 6, 9], [15, 4, 11, 21, 25, 9], [0, 9, 13], [11, 0, 8, 13, 17, 20, 26, 29, 32, 5, 9, 14], [0, 5, 9, 18, 20, 23, 3, 6], [2, 6, 17, 21, 23, 0, 3, 12, 15], [11, 17, 5, 9, 12], [27, 2, 24, 16, 6, 13], [0, 14, 21, 27, 5, 10, 17, 7], [8, 13, 5, 19, 23]]
[[36, 15, 25, 31, 34, 0, 5], [9, 14, 31, 3, 17, 16, 6, 22, 26], [27, 22, 24, 2, 17, 29, 3, 8, 15], [8, 11, 21, 28, 3, 14, 17], [13, 21, 31, 39, 4, 23, 3, 6, 17, 26, 29, 16], [22, 25, 41, 49, 2, 19, 38, 17, 36, 43], [11, 29, 9, 17, 21, 23, 6, 18, 5]]
[[20, 14, 22, 28, 7, 11, 15, 29, 6, 10, 9, 16], [23, 4, 8, 2, 5, 1, 14], [23, 28, 1, 3, 6, 10, 7, 2], [13, 33, 2, 9, 17, 20, 23, 35, 15, 21], [7, 14, 27, 1, 3, 11, 16, 23, 30, 4, 12, 17, 21], [14, 5, 11, 3], [22, 1, 5, 8, 11, 12, 17, 20], [19, 5, 4, 0, 7], [15, 19, 24, 4, 11, 13, 26, 9, 14]]
[[11, 5, 10, 4, 9], [28, 5, 14, 16, 0, 6, 9, 17, 12, 27, 23, 2, 13, 10], [8, 14, 17, 3, 11, 15, 18, 2, 10], [29, 21, 5, 10, 13, 0, 3, 11, 14, 16, 20, 7, 25, 2, 27], [5, 8, 18, 12, 0, 3, 10]]
[[11, 13, 26, 29, 16], [13, 18, 33, 21, 2], [17, 24, 34, 5, 2, 8, 11, 28, 0, 9, 26], [18, 30, 20, 0], [22, 32, 7, 10, 17, 20, 4, 8, 18], [13, 17, 1, 15]]
[[11, 5, 8, 17, 6], [8, 18, 27, 3, 12, 21, 34], [19, 4, 6, 9, 12, 7, 20], [14, 1, 11, 9], [13, 22, 10, 23, 3], [12, 27, 23, 5]]
[[9, 18, 20, 12, 0, 14], [17, 20, 1, 3, 6, 11, 23, 4], [16, 2, 4, 12, 0], [15, 17, 20, 8, 4], [13, 3, 1, 5, 15, 18, 20, 23], [13, 16, 22, 32, 8, 6, 18]]
[[11, 7, 17, 0], [12, 16, 24, 6, 10, 14, 22], [14, 25, 36, 43, 55, 4, 48, 12, 16, 18, 28, 45], [6, 20, 2, 1, 8, 12], [21, 10, 12, 1], [14, 17, 7], [0, 7, 13, 32, 37, 16, 15, 5]]
[[13, 0, 7, 10, 19, 26, 4], [13, 0, 4, 9], [9, 5, 12], [13, 17, 7, 18, 0], [11, 0, 1, 4, 8], [8, 22, 2, 1, 4, 12, 17], [9, 24, 13, 17, 0, 11]]
[[14, 20, 23, 26, 0, 4, 9], [0, 13, 16, 19, 4, 8], [32, 15, 24, 8, 19, 28], [5, 8, 10], [14, 3, 13, 7, 16], [11, 24, 2, 13, 6, 19], [9, 2, 12], [9, 10, 0], [16, 18, 9, 13], [11, 9]]
[[7, 9, 20, 4, 17, 3, 16, 14, 15, 8, 6, 25], [9, 20, 1, 3, 6, 14], [9, 13, 2, 12, 5], [25, 14, 5, 17, 20, 22, 3, 6]]
[[14, 20, 0, 9, 18, 3, 6, 17], [1, 14, 16], [24, 28, 37, 39, 6], [11, 19, 1, 14, 31], [18, 3, 10, 13, 6, 4, 7, 8], [0, 17, 25, 26, 6, 10]]
[[15, 18, 10, 23, 0, 4, 8], [11, 22, 5, 2, 15], [13, 10, 7, 16, 20, 23, 28, 0], [10, 5, 8, 6], [13, 1, 4, 7], [23, 3, 1, 17, 20], [0, 11, 13, 7], [11, 6, 16, 19, 22, 29, 4], [2, 10, 15, 19, 0, 3], [16, 2, 6, 3, 18]]
[[6, 3, 10, 15, 4], [18, 1, 7, 10, 15, 21], [8, 18, 2, 4, 11, 14, 15], [10, 2, 5], [6, 8, 10], [15, 2, 17, 0], [19, 3, 7, 12, 21, 1, 4], [12, 3, 8, 17], [15, 22, 1, 9, 19, 2], [12, 4, 7]]
[[11, 37, 17, 8, 26, 34, 6, 9, 14, 33], [0, 9, 22, 24, 14], [8, 14, 2], [14, 9, 12, 18, 10]]
[[17, 12, 15], [25, 1, 3, 32, 39, 4], [9, 3, 13, 6, 18, 0, 16], [16, 26, 5, 1, 8, 14, 23], [3, 6, 19, 0, 4, 7], [22, 16, 25, 2], [2, 10]]
[[17, 25, 7, 20, 28, 4, 15, 3, 26, 27, 18, 24, 29], [12, 9, 3, 5, 13, 10, 15], [10, 4, 14, 6], [10, 3, 13, 11, 5, 16, 21, 14, 22, 4, 19], [11, 16, 20, 2, 4, 8, 14, 22, 26], [10, 7, 15, 20, 25, 5, 16, 4, 13, 3, 12, 11, 14, 9], [13, 18, 24, 26, 9, 15, 6, 11, 16, 21, 5]]
[[12, 6, 9, 14, 4, 15], [24, 4, 10, 12, 17, 27, 2, 1, 8], [0, 14, 5, 15], [12, 3, 2, 8, 18], [0, 4, 24, 8, 7, 10, 15, 16, 20], [19, 8, 13, 17, 21, 23, 0], [18, 7, 10, 4, 3, 16, 20, 5], [13, 2, 1, 17, 22]]
[[13, 8, 5, 10, 15, 3], [24, 6, 17, 20, 27], [5, 11, 0, 1], [11, 8, 6, 15, 3, 14], [15, 2, 6, 9, 0, 4], [14, 21, 1, 5, 17, 2], [15, 10, 3], [20, 10, 3, 7, 6, 13, 2, 22, 8], [1, 14, 6, 9, 18, 20]]
[[14, 16, 18, 2, 11, 8, 1, 10, 24, 5, 6, 3], [10, 1, 3, 5], [14, 10, 3, 19, 0], [14, 26, 6, 8, 11, 28, 4, 9], [12, 17, 29, 32, 4, 6, 15, 25, 27, 35], [16, 10, 20, 8, 19, 0, 2, 22, 28, 31, 42, 32, 40, 43], [15, 7, 27, 28, 0, 3, 13, 24, 16, 21, 19, 8, 29]]
[[13, 25, 21, 23], [4, 30, 7, 19, 32, 2], [0, 24, 22, 5, 10, 16], [11, 21, 15, 2, 0, 5, 16], [18, 3, 2, 5, 8, 11], [12, 24, 3, 14], [10, 28, 34, 4, 13, 16, 21, 32, 2, 14]]
[[9, 22, 4, 7, 5, 3, 14, 16, 23, 11], [5, 13, 18, 23, 27, 29, 2, 0, 10, 31], [0, 16, 5, 10, 14, 1], [12, 0, 4, 8, 13, 3], [10, 0, 13, 17, 1, 5, 14, 18], [15, 6, 2, 9], [13, 22, 6, 8, 17], [13, 19, 16, 0, 4, 3, 10], [17, 3, 6, 16, 12], [15, 10, 0, 4, 12, 16, 3], [22, 4, 9, 14, 2, 12, 1, 11], [13, 6, 8, 11, 0], [26, 1, 14, 24, 2, 6, 11]]
[[9, 5, 3, 2, 8, 7], [18, 5, 13, 0, 3, 6, 9, 2], [9, 18, 5, 12, 23, 21], [0, 28, 35, 40, 21, 5, 37, 9, 1, 18, 34], [17, 22, 30, 33, 4, 3, 6, 10, 7, 13, 5, 19, 35, 8, 26], [31, 35, 3, 13, 15, 25, 28, 42, 45, 49], [20, 23, 36, 5, 3, 11, 16, 17, 28, 33, 9]]
[[21, 5, 10, 18], [2, 15, 11], [11, 0, 9, 20], [22, 34, 32], [6, 15, 29, 4, 8, 11, 20]]
[[23, 11, 16, 28, 0, 8, 26, 29, 20, 7, 18], [30, 1, 8, 12, 17, 21, 26, 34], [0, 10, 16, 19, 27, 30, 1, 4, 11], [19, 0, 11, 15, 1, 5, 8], [7, 23, 1, 4, 13, 19, 25, 21], [7, 1, 4, 9, 14, 11, 3], [15, 2, 4, 7, 24, 29, 0, 5, 10], [23, 28, 2, 16, 19, 25, 0, 3, 8, 12, 20], [10, 1, 2, 7]]
[[9, 15, 31, 20, 3, 6, 12, 25], [15, 22, 6, 16, 0, 12], [15, 1, 3, 9], [19, 30, 10, 20, 28, 0], [18, 6, 19, 0, 11, 15, 24, 1, 12], [20, 0, 10, 14, 16, 23], [6, 13, 23, 2, 14, 4, 8, 18], [11, 5, 19, 2, 1]]
[[23, 18, 34, 6, 12, 15, 20], [12, 27, 2, 14], [25, 3, 5, 8, 17, 40, 42, 6, 30, 4, 36, 33, 35, 37], [21, 1, 10, 12], [40, 24, 2, 28, 62, 0, 20, 25, 29, 41, 49, 58, 23, 32, 6, 19, 48, 54, 57, 1, 18, 47, 53], [12, 20, 24, 5, 15, 32, 29, 17, 6]]
[[8, 14, 16, 3, 12, 2, 9, 11], [18, 31, 1, 22, 7, 12, 25, 28, 5, 8], [0, 20, 5, 10, 11, 15, 21], [13, 33, 23, 1, 5, 10], [0, 9, 18, 3, 7, 15, 19], [29, 35, 42, 13, 17, 31, 0, 5, 14, 19], [9, 26, 10, 6, 12, 16, 19, 3, 13, 2, 11]]
[[11, 4, 10, 3, 9], [12, 18, 4, 14, 21, 2, 5, 22, 28, 20, 27], [5, 0, 7, 11, 13, 15, 1], [1, 4, 10, 11, 17, 23], [9, 5, 2, 12, 14, 17], [12, 18, 0, 2, 9, 15, 22, 3], [13, 6, 2, 4], [6, 10, 11, 14, 16, 22, 4], [3, 8, 11, 16, 0, 15, 1]]
[[7, 11, 13, 0], [11, 2, 4, 7, 14, 20, 0], [22, 34, 37, 14, 21, 5, 8], [6, 20, 2, 4, 8, 11], [7, 22, 5, 12, 15, 2, 13], [0, 19, 5, 15, 26, 14], [19, 0, 8, 15, 20], [8, 14, 36, 16, 15, 6, 10, 18, 22, 25, 3]]
