-1.3144760131835938
-0.8419491052627563
-0.8865001797676086
-1.1657174825668335
-1.1073147058486938
-0.9224298000335693
-1.371193766593933
-0.840019166469574
-1.023211121559143
-0.6245442032814026
-0.844132661819458
-1.004028558731079
-1.0575445890426636
-0.9420720338821411
-0.9952877163887024
-0.9050571918487549
-0.9802308082580566
-1.0245440006256104
-0.7624112963676453
-0.8214004635810852
-0.9034637212753296
-0.8398367762565613
-0.8971641659736633
-0.7377166152000427
-0.8936272263526917
-0.92408287525177
-0.9705052375793457
-0.8454118967056274
-0.7742963433265686
-0.7837820053100586
-0.9578017592430115
-0.8458847999572754
-0.8308252692222595
-0.7830400466918945
-0.9312414526939392
-0.8730886578559875
-1.057750940322876
-0.7939777970314026
-1.015138864517212
-0.8834421634674072
-0.8486770987510681
-0.8257800340652466
-1.0406248569488525
-0.9458608031272888
-0.807660698890686
-1.0887922048568726
-0.9193916320800781
-0.980413019657135
-1.1793067455291748
-1.0025036334991455
-0.9986046552658081
-0.8539714813232422
-0.852014422416687
-0.9485793709754944
-0.7657091021537781
-0.7538520097732544
-0.8749174475669861
-0.8561592102050781
-0.8788601160049438
-0.820880115032196
-0.8154292106628418
-0.742743730545044
-1.0884946584701538
-1.5010157823562622
-0.7597863078117371
-0.8322701454162598
-0.9319260120391846
-0.7712755799293518
-0.9753057956695557
-0.8798714280128479
-1.0323396921157837
-0.8176895976066589
-0.9832594990730286
-0.7696784734725952
-1.1601648330688477
-0.8762081861495972
-0.8267782330513
-0.7021089196205139
-1.071492314338684
-0.7349008321762085
-0.8357004523277283
-0.9530033469200134
-1.0578479766845703
-0.9040939211845398
-1.0283470153808594
-0.8674654364585876
-1.020206332206726
-0.8923183679580688
-1.2503252029418945
-0.922394871711731
-1.000069260597229
-0.7571690082550049
-0.9537943005561829
-0.7686911821365356
-1.2176038026809692
-0.7664029598236084
-0.9946741461753845
-0.9611331224441528
-0.7658353447914124
-0.8792542815208435
-0.9501425623893738
-0.8693130612373352
-0.9984220862388611
-0.9967287182807922
-1.042072057723999
-0.8195317387580872
-0.9841348528862
-1.2062952518463135
-0.868931770324707
-0.8088280558586121
-0.9611606001853943
-1.8175691366195679
-0.7981828451156616
-0.7599871158599854
-0.906695544719696
-0.8310611248016357
-0.8653438091278076
-0.814604640007019
-1.0603246688842773
-0.9538083672523499
-1.0123265981674194
-0.7919858694076538
-0.7918543219566345
-0.8699253797531128
-0.754438042640686
-0.8477488160133362
-0.9682514667510986
-1.0691391229629517
-0.9381654262542725
-0.9233101010322571
-0.946386456489563
-0.845186710357666
-1.0109463930130005
-0.7301114797592163
-0.9306327104568481
-0.7073211073875427
-0.9550608396530151
-0.7873457670211792
-0.855254054069519
-0.8257306218147278
-1.0560919046401978
-0.7719085812568665
-0.8965789079666138
-0.8621968030929565
-0.8869327902793884
-0.8104414343833923
-1.0063611268997192
-0.8180068731307983
-1.158888578414917
-0.8556080460548401
-0.8696185946464539
-0.8541960120201111
-1.3793816566467285
-0.7964429259300232
-0.9828460216522217
-0.8860218524932861
-1.119866967201233
-0.931671142578125
-0.8755350112915039
-0.781281590461731
-1.0553886890411377
-0.7545584440231323
-0.8324263691902161
-0.9667372107505798
-0.9341931939125061
-0.8607960939407349
-1.318568229675293
-0.8824594020843506
-0.9400341510772705
-0.8570014238357544
-0.7649127244949341
-0.8179088830947876
-0.7466483116149902
-1.1398659944534302
-1.0559649467468262
-0.7967563271522522
-1.1856313943862915
-0.735188901424408
-0.9341146349906921
-0.9042680263519287
-1.0976077318191528
-0.7925227284431458
-1.035904049873352
-0.8481289744377136
-1.135276436805725
-0.6601160168647766
-1.0762627124786377
-0.8591394424438477
-0.9056746363639832
-0.8247359991073608
-0.9563143253326416
-0.9084169268608093
-0.9314538836479187
-0.9027327299118042
-1.1170997619628906
-0.7694134712219238
-0.9023510217666626
-1.0441813468933105
-1.0923110246658325
-0.871826171875
