[[3, 4, 10, 9, 2, 8, 7, 5], [24, 30, 33, 25, 31, 34, 2, 28, 27, 32, 3, 0, 6, 18, 29], [4, 0, 5, 8], [7, 14, 16, 0, 8, 12, 17, 2, 11, 10, 3, 15], [11, 17, 0, 3, 12, 18, 8, 15, 14, 16, 4, 9], [17, 11, 0, 3, 9, 13, 18, 20, 8, 16, 21, 12], [13, 10, 15, 0, 4, 11, 16, 3, 8, 7, 9, 1], [7, 0, 8, 3, 6, 4], [23, 9, 0, 2, 17, 31, 33, 3, 6, 18, 28, 11, 10, 26, 27, 12, 16, 29, 30], [15, 10, 1, 2, 8, 12, 7, 4]]
[[11, 20, 13, 15, 17, 0, 4, 8, 18, 21, 3, 7, 6, 22, 9], [7, 13, 2, 19, 10, 16, 14, 3], [9, 13, 23, 1, 18, 28, 4, 14, 25, 26], [10, 3, 12, 2, 11, 5, 14, 18], [18, 3, 21, 0, 16, 6, 12, 15, 2, 11, 14, 19, 1], [12, 6, 3, 7, 9, 2, 5], [12, 15, 19, 9, 4, 7, 3, 6, 16, 10], [20, 13, 15, 19, 10, 8, 11, 17, 22, 4, 21, 7], [12, 28, 3, 14, 2, 13, 5, 8, 16, 19, 22, 6, 17, 4, 15, 30, 29], [12, 15, 22, 2, 17, 1, 16, 6]]
[[28, 30, 10, 23, 32, 8, 13, 37, 7, 22, 16, 31, 17, 34, 36, 15], [15, 20, 28, 2, 7, 24, 4, 17, 21, 30, 33, 36], [24, 35, 15, 0, 19, 31, 1, 13, 17, 16], [7, 9, 2, 5], [7, 4], [20, 24, 4, 8], [22, 26, 8, 0, 1, 6, 13, 10, 5, 14], [16, 22, 1, 4, 7, 5, 17, 24, 10, 2, 28, 21, 23, 26, 27, 3]]
[[32, 20, 6, 14, 24, 27, 0, 7, 12, 22, 5, 11, 9, 25, 21, 28, 23, 15], [18, 24, 1, 6, 3, 10, 15, 4, 16, 19, 25, 7, 2, 23], [11, 3, 6, 15, 0, 13, 4, 7, 12, 8, 9], [26, 28, 38, 3, 19, 8, 17, 47, 48, 0, 12, 33, 42, 4, 10, 20, 40, 43, 6, 18], [11, 19, 5, 20, 32, 9, 15, 22, 25, 27, 34, 2, 7, 13, 23, 28, 30, 6, 33, 0, 12, 21, 10, 35]]
[[10, 12, 6, 0, 4, 16, 3, 13, 11, 14], [16, 38, 7, 18, 22, 21, 3, 10, 11, 24, 26, 34, 40, 0, 4, 28, 31, 35], [18, 32, 2, 5, 7, 8, 14, 12, 11, 4, 3, 19, 27, 33, 15], [8, 2, 17, 1, 16, 4], [13, 2, 21, 0, 20, 5, 17, 18, 1, 4], [16, 19, 29, 10, 20, 12, 6, 4, 3, 13, 11, 2, 17, 31, 9, 8, 0, 7], [9, 20, 4, 3, 6, 11, 14, 15, 5, 0, 7, 21]]
[[9, 15, 31, 28, 5, 12, 20, 24, 35, 3, 7, 13, 21, 25, 33, 19, 29, 2], [6, 20, 27, 32, 35, 8, 41, 0, 12, 17, 22, 29, 4, 10, 18, 25, 30, 36, 9, 42, 40, 13, 43, 16, 37, 38], [2, 19, 27, 4, 12, 0, 20, 24, 23, 6, 5, 17, 21, 28], [0, 5, 26, 9, 8, 11, 15, 1, 10, 24, 7, 2], [13, 4, 2, 6, 10, 16, 0, 7, 11, 14, 17, 5], [8, 12, 21, 26, 31, 24, 6, 18, 29, 3, 15, 2, 25, 28, 13, 14, 27, 32]]
[[28, 21, 6, 10, 17, 23, 26, 31, 35, 0, 7, 15, 24, 32, 5, 14, 22, 4], [1, 8, 13, 17, 19, 3, 11, 20], [6, 11, 20, 8, 14, 0, 3, 12, 17, 21, 19, 2, 4], [26, 2, 5, 10, 11, 14, 17, 20, 6, 15, 4, 3, 13, 0, 8], [21, 31, 14, 27, 28, 4, 8, 16], [14, 22, 2, 5, 10, 11, 4, 19, 3, 18, 15, 0], [12, 15, 14, 7, 10, 17, 21, 4, 8, 18, 22, 3]]
[[8, 10, 16, 0, 5, 11, 4, 9, 3, 7, 17, 12], [1, 11, 13, 3, 16, 18, 8, 2, 12, 15, 0, 10, 14, 17], [18, 25, 33, 5, 14, 23, 28, 35, 0, 15, 11, 3, 12, 21, 29, 2], [18, 9, 13, 26, 2, 19, 22, 1, 27, 0, 15, 12, 20], [20, 1, 30, 4, 7, 13, 5, 14, 17, 21, 10, 33, 3, 29, 27, 2, 26, 28], [3, 6, 11, 13, 0, 7, 14, 5]]
[[9, 16, 21, 6, 14, 4, 3, 19, 13, 7, 20, 12], [5, 14, 18, 23, 9, 21, 7, 1], [10, 13, 19, 0, 16, 4, 17, 7, 8, 21], [17, 24, 1, 12, 15, 28, 26, 29, 14, 6], [8, 10, 6, 5, 3, 11, 13, 4, 15, 14], [21, 2, 4, 7, 19, 23, 0, 5, 17, 24, 12, 3], [12, 6, 14, 17, 15, 4, 3, 13, 18], [21, 3, 25, 6, 7, 27, 13, 5, 4, 26, 19, 8, 10, 18], [11, 23, 3, 17, 21, 15, 20, 1, 13, 9, 5, 18]]
[[30, 20, 23, 0, 8, 7, 15, 21, 14, 13, 11, 18, 24, 27, 31, 9, 16], [14, 24, 6, 2, 10, 17, 20, 0, 3, 21, 29, 28, 5, 7, 12, 11], [15, 26, 39, 2, 1, 19, 4, 7, 10, 23, 32, 5, 22, 3, 20, 27, 0, 33, 16, 24, 28, 31], [17, 20, 37, 2, 22, 1, 21, 8, 12, 24, 27, 32], [19, 31, 2, 1, 4, 8, 25, 26, 29, 27, 3, 34], [7, 26, 31, 14, 35, 21, 24, 33, 19, 4, 30, 36, 10, 18, 34, 27, 32, 38, 2, 5], [12, 15, 6, 10, 4, 16, 11, 2, 9, 0], [12, 20, 28, 36, 4, 24, 0, 16, 31, 5, 25, 33, 34, 7]]
[[8, 16, 0, 4, 12, 17, 11, 3, 9, 7], [3, 11, 14, 9, 15, 1, 8, 0, 7, 2, 16, 12], [28, 6, 36, 0, 11, 14, 18, 22, 24, 33, 8, 12], [12, 17, 7, 22, 25, 27, 31, 0, 4, 15, 19, 23, 14, 18, 3, 8], [64, 8, 3, 30, 32, 43, 47, 60, 71, 81, 85, 0, 4, 28, 41, 53, 58, 69, 72, 9, 7, 27, 52, 57], [54, 26, 35, 6, 8, 25, 34, 37, 10, 15, 18, 28, 42, 46, 48, 0, 12, 20, 31, 39, 9, 5, 36, 38, 27, 11], [4, 7, 11, 18, 22, 26, 15, 19, 23, 25]]
[[7, 22, 10, 12, 15, 19, 4, 16, 3, 11, 9, 13, 5, 17, 20], [9, 10, 4, 7, 15, 21, 2, 5, 13, 1, 11, 0, 12, 22], [1, 5, 8, 10, 14, 26, 28, 31, 24, 32, 4, 23, 2, 3, 22, 0, 6, 27, 11, 29], [12, 1, 6, 9, 15, 19, 22, 25, 7, 13, 20, 23, 3, 2, 0, 4], [5, 26, 1, 11, 23, 12, 19, 27, 2, 7, 0, 30, 8, 24, 3]]
[[3, 11, 14, 4, 8, 12, 2, 10], [10, 13, 22, 3, 1, 24, 4, 25], [5, 25, 33, 27, 0, 2, 13, 3, 11, 14, 20, 28, 10, 23, 9, 26], [11, 1, 13, 4, 7, 9], [8, 20, 12, 15, 6, 22, 25, 3, 23, 14, 2, 19], [12, 17, 15, 6, 9, 20, 3, 7, 13, 1]]
[[17, 5, 9, 12, 15, 21, 3, 10, 13, 18, 20, 2, 8, 7], [3, 6, 9, 11, 14, 12, 1, 0, 10, 7], [9, 15, 17, 0, 20, 22, 8, 5, 19, 6, 10, 11], [17, 20, 7, 11, 3, 22, 25, 1, 6, 21, 2, 0, 5, 24, 12, 10], [17, 30, 6, 9, 12, 22, 25, 33, 3, 10, 20, 26, 31, 2, 15, 28, 0, 4, 27]]
[[22, 29, 39, 41, 25, 9, 26, 19, 8, 14, 18, 13, 32, 35, 37, 42, 33, 43, 10, 15, 27], [22, 2, 24, 4, 26, 29, 0, 5, 30, 3, 6, 23, 25, 13, 7, 11, 27, 9], [18, 2, 4, 10, 21, 24, 22, 3, 16, 15, 19, 5, 6, 11], [5, 15, 20, 2, 22, 10, 11, 26, 28, 30, 0, 12, 31, 4], [23, 33, 27, 30, 0, 2, 13, 18, 3, 31, 35, 17, 10, 9, 28, 29, 34, 26, 4, 11, 14, 36], [11, 23, 30, 18, 20, 7, 26, 27, 21, 2, 25, 19, 1, 6, 17, 10, 3, 28]]
[[7, 11, 19, 5, 17, 4, 16, 8, 12, 2, 20, 0], [9, 18, 24, 31, 36, 34, 12, 2, 6, 10, 13, 26, 16, 1], [12, 16, 18, 0, 9, 14, 22, 6, 10, 19, 17, 8, 3, 20, 23], [8, 12, 0, 5, 10, 13, 4, 3], [23, 30, 7, 24, 29, 3, 18, 26, 0, 4, 10, 15], [19, 4, 7, 10, 13, 8, 6, 5, 20, 2, 0], [20, 2, 1, 9, 12, 6, 3, 5, 0, 7], [0, 5, 27, 9, 11, 17, 1, 10, 30, 7, 2, 3, 14, 18, 21, 24], [9, 13, 6, 17, 0, 15, 3, 14]]
[[13, 22, 17, 10, 3, 8, 5, 7, 19, 2, 18, 16, 12, 11, 14], [16, 2, 5, 8, 1, 0, 3, 11], [11, 16, 28, 3, 2, 8, 6, 4, 5, 14, 24, 29], [8, 16, 5, 24, 11, 2, 21, 1, 3, 26, 0, 20], [11, 20, 2, 6, 9, 16, 3, 4, 7, 14, 12, 10, 17, 5], [16, 1, 3, 6, 4, 9, 2, 14], [11, 17, 1, 12, 8, 15, 19, 4, 3, 2, 5, 13]]
[[7, 10, 12, 22, 3, 23, 2, 11, 9, 13, 26, 16, 20, 14], [], [5, 21, 6, 10, 13, 16, 3, 11, 1, 2, 0, 7, 8, 22], [15, 19, 28, 40, 1, 20, 9, 10, 13, 24, 31, 35, 38, 3, 32, 37, 2, 4, 21, 29, 41, 11, 16, 23, 6, 7]]
[[11, 20, 23, 0, 6, 5, 12, 14, 10, 15, 17, 18, 21, 24], [8, 3, 5, 11, 0, 2, 1, 9, 4], [22, 27, 10, 29, 3, 33, 0, 17, 23, 31, 9, 11, 34, 16, 30, 4], [17, 25, 13, 3, 24, 8, 19, 27, 0, 9, 14, 21, 28, 18], [23, 13, 27, 36, 15, 0, 6, 18, 33, 38, 1, 7, 10, 19, 24, 31, 34, 39], [20, 10, 24, 33, 12, 0, 15, 30, 35, 1, 7, 16, 21, 28, 31, 36, 27, 11, 13, 34], [5, 12, 13, 14, 15, 0, 20, 3, 9, 17, 16, 21], [16, 30, 6, 18, 5, 17, 11, 24, 26, 34, 37, 0]]
[[8, 5, 13, 3, 12, 2, 6, 7], [15, 18, 2, 1, 19, 7, 13, 11], [5, 11, 36, 2, 7, 12, 13, 15, 19, 32, 8, 20, 23, 26, 30, 33], [23, 5, 24, 0, 14, 18, 28, 31, 3, 7, 12, 15, 19, 26, 32, 11, 6, 10], [11, 19, 23, 2, 20, 9, 7, 15, 4, 17, 3, 6], [3, 14, 16, 25, 9, 6, 26, 17, 4, 18, 27, 0, 7, 19]]
[[22, 10, 16, 0, 12, 6, 13, 19, 11, 18, 15, 3, 20], [23, 17, 2, 7, 9, 12, 16, 22, 0, 10], [6, 10, 27, 2, 4, 11, 14, 18, 15, 21, 3, 5, 12, 29, 16, 13], [16, 1, 12, 4, 8, 18, 21, 5, 14, 19, 13, 3, 2, 23], [8, 13, 22, 3, 16, 25, 18, 21], [18, 1, 4, 11, 22, 29, 15, 20, 23, 2, 8, 32], [14, 18, 1, 10, 24, 5, 9, 6, 0, 15, 23, 7, 13, 2, 25, 29]]
[[10, 5, 8, 21, 6, 17, 4, 16, 11, 7, 9, 12], [7, 18, 21, 29, 36, 1, 22, 9, 16, 26, 14, 24, 27, 5, 13, 2], [16, 22, 32, 39, 46, 4, 8, 11, 13, 25, 27, 44, 49, 56, 6, 53, 19, 35, 40, 5, 20, 12, 23, 30, 33, 48, 31, 42, 55, 51, 57, 14], [16, 37, 13, 20, 7, 23, 27, 31, 3, 14, 25, 32, 21, 2, 4, 24, 11, 33, 5, 10, 17, 18, 28, 22], [15, 22, 6, 0, 12, 26, 8, 11, 18, 7, 23, 9, 27, 1, 13, 16, 20, 24]]
[[6, 26, 14, 9, 20, 24, 4, 7, 10, 21, 27, 3, 15, 17, 13, 19, 18, 22, 28], [9, 10, 5, 12, 17, 19, 2, 6, 13, 20, 1, 0, 11, 3], [7, 17, 21, 2, 10, 12, 3, 5, 8, 18, 6, 13], [1, 4, 6, 16, 20, 7, 3, 15, 2, 13], [5, 10, 17, 25, 2, 18, 7, 13, 27, 14, 22, 28, 4, 3], [8, 14, 30, 1, 16, 18, 4, 15, 21, 19, 3, 24, 5, 2, 17, 31], [5, 11, 18, 12, 7, 14, 20, 2], [6, 9, 10, 22, 14, 16], [8, 18, 3, 19, 11, 28, 31, 14]]
[[13, 20, 17, 23, 7, 24, 10, 6, 21, 22, 12, 14, 19, 0, 8, 15], [15, 1, 3, 6, 9, 23, 4, 2, 20, 0, 21, 24], [3, 11, 0, 8, 12, 18, 5, 17], [1, 25, 3, 7, 19, 21], [18, 4, 7, 0, 11, 15, 22, 9, 6, 5, 8, 23, 17, 14, 16], [22, 9, 8, 0, 3, 15, 18, 27, 13, 16, 19, 28], [12, 6, 5, 8, 0, 14, 15, 9], [13, 20, 26, 1, 11, 27, 37, 4, 9, 30, 7, 14, 21, 31, 3, 12], [22, 2, 15, 9, 6, 10, 16, 18, 3, 14, 5, 23]]
[[7, 9, 11, 14, 17, 5, 12, 16, 4, 8, 2, 18], [12, 17, 8, 31, 15, 0, 2, 25, 28, 10, 26, 13, 34, 24], [0, 18, 5, 11, 1, 16, 19, 2], [15, 23, 27, 2, 24, 4, 9, 21, 18, 20, 3, 8, 25, 28, 0, 5], [18, 5, 0, 11, 9, 22, 8, 6, 19, 7, 16, 15, 21, 17], [8, 2, 5, 3, 11, 1], [11, 5, 16, 3, 2, 12, 14, 10], [14, 6, 20, 8, 5, 0, 17, 22, 1, 15, 23, 25, 11, 7, 21, 9], [17, 10, 4, 12, 15, 2, 1, 11, 0, 18], [5, 0, 7, 12, 17, 20, 22, 27, 1, 10, 13, 18, 23, 28], [15, 8, 26, 23, 6, 29, 4, 12, 10, 16], [18, 26, 30, 1, 4, 7, 24, 5, 10, 3, 22, 23, 0, 2]]
[[13, 17, 8, 14, 18, 5, 2, 7, 16, 11, 15, 19], [19, 27, 33, 11, 25, 31, 30, 23, 2, 28, 34, 6, 3, 10, 32], [17, 2, 9, 15, 12, 3, 11, 10, 5, 8], [18, 28, 2, 1, 4, 8, 11, 23, 5, 21, 3, 16], [15, 20, 27, 23, 10, 18, 31, 4, 11, 16, 29, 32, 3, 8, 24, 2, 26, 7], [13, 3, 14, 6, 18, 10, 21, 0, 7, 11, 5, 4, 17, 15], [8, 15, 22, 3, 18, 2, 17, 11, 26, 4], [7, 18, 1, 20, 13, 10]]
[[11, 19, 8, 10, 14, 17, 6, 15, 20, 5, 9, 12, 13], [15, 4, 9, 17, 2, 1, 8, 0, 7, 10], [0, 15, 5, 8, 13, 12, 7, 11, 16], [8, 3, 6, 12, 17, 0, 10, 18, 2, 15, 14, 9], [14, 5, 2, 7, 0, 3, 8, 12, 19, 6], [0, 9, 17, 5, 1, 11, 2, 3, 10, 18, 19], [5, 13, 7, 11, 19, 0, 15, 2, 16, 8], [17, 2, 4, 10, 3, 5, 6, 18, 9], [7, 5, 10, 2, 11, 1]]
[[7, 11, 9, 3, 2, 8, 6, 10, 4], [14, 9, 6, 16, 18, 19, 2, 20, 22, 1], [4, 8, 13, 20, 1, 15, 18, 22, 16, 23, 3, 2], [24, 2, 4, 11, 13, 16, 19, 5, 14, 3, 9, 8, 10], [11, 0, 3, 7, 15, 1, 9, 4], [13, 27, 1, 9, 15, 20, 4, 3, 2, 21], [18, 30, 11, 9, 0, 2, 10, 13, 16, 23, 14, 12, 31, 33, 3, 15, 4, 22, 24]]
[[23, 24, 0, 18, 27, 4, 7, 11, 16, 19, 28, 32, 6, 15, 25, 10, 31, 21], [11, 28, 1, 17, 31, 22, 26, 5, 19, 24, 3, 8], [1, 19, 10, 15, 20, 18, 3, 12, 2, 9, 22, 5], [23, 0, 3, 21, 25, 4, 9, 14, 19, 26, 11, 18, 13, 17, 1, 5], [10, 17, 7, 29, 0, 4], [17, 32, 8, 6, 1, 11, 25, 20, 28, 13, 18, 21], [19, 22, 20, 0, 12, 16, 28, 1, 10, 13, 17, 23]]
[[6, 12, 18, 15, 21, 0, 4, 9, 3, 11, 7, 5, 16, 19], [23, 2, 4, 9, 12, 16, 0, 5, 3, 27, 18, 6, 7, 10, 20], [4, 6, 9, 13, 0, 10, 5, 12, 1, 11], [9, 15, 19, 12, 10, 21, 7, 3, 20, 0, 4, 13], [6, 16, 23, 18, 21, 3, 9, 12, 0, 2, 4, 5, 19, 7], [6, 22, 9, 17, 1, 13, 3, 0], [8, 11, 20, 2, 15, 13]]
[[9, 11, 0, 4, 6, 12, 15, 3], [11, 29, 2, 4, 17, 24, 5, 18, 22, 25, 30, 33, 32, 3, 14, 27, 0, 15, 26, 34], [13, 0, 10, 16, 4, 8, 17, 7, 15, 12, 19, 5], [14, 0, 4, 6, 15, 3, 9, 10, 12, 8], [15, 5, 7, 16, 2, 11, 20, 0, 3, 9], [0, 9, 15, 3, 7, 13, 16, 6, 12, 11], [22, 11, 6, 14, 20, 0, 4, 15, 12, 3, 9, 10, 8, 17], [11, 26, 31, 5, 2, 13, 18, 29, 0, 3, 9, 14, 19, 6, 8, 12, 15, 20, 27], [12, 0, 9, 15, 3, 7, 16, 6, 14, 13], [20, 15, 18, 0, 4, 6, 16, 14, 3, 9], [8, 14, 2, 4, 9, 12, 3, 5, 10, 0], [14, 15, 17, 2, 6, 11, 19, 22], [7, 16, 22, 3, 9, 19, 5, 20, 1, 0]]
[[5, 9, 3, 7], [0, 14, 4, 9, 1, 10, 2, 11, 12, 8], [29, 34, 39, 1, 6, 21, 2, 19, 42, 41, 9, 18, 36, 3, 32, 0, 25, 33, 27, 35, 40, 20], [7, 1, 4, 3, 2, 0], [14, 23, 9, 7, 20, 26, 6, 19, 17, 18, 24, 25, 22, 28], [8, 1, 16, 15, 10, 22, 6, 11, 20, 5, 19, 3, 2, 17, 14], [13, 22, 8, 6, 19, 25, 5, 18, 16, 17, 23, 14, 24, 20, 26, 12], [11, 2, 8, 17, 13, 18, 4, 3, 6, 12, 9, 14], [13, 23, 8, 6, 19, 5, 25, 18, 16, 12], [11, 2, 8, 16, 14, 17, 4, 3, 6, 13, 0], [15, 26, 24, 19, 2, 23, 7, 10, 4, 21, 3, 25, 28, 29, 20, 27]]
[[8, 5, 10, 11, 13, 2, 9, 1], [11, 21, 2, 13, 6, 17, 0, 7, 18, 22], [18, 2, 4, 8, 5, 11, 3, 7, 6], [13, 16, 19, 28, 1, 3, 6, 25, 2, 4, 12, 21, 0, 7, 24], [0, 12, 5, 9, 1, 14, 2, 3, 7], [2, 4, 5, 12, 17, 16, 3, 9, 15, 8, 14, 10], [13, 27, 8, 16, 24, 23, 3, 11, 29, 4], [14, 28, 2, 8, 6, 5, 4, 3, 12, 31, 21, 19], [9, 18, 29, 21, 12, 16, 13, 22, 30, 2, 5, 0, 14]]
[[12, 21, 0, 15, 3, 6, 10, 13, 16, 5, 9, 19], [16, 23, 13, 18, 9, 21, 7, 14, 2, 6], [4, 11, 1, 6, 14, 2, 12], [13, 5], [9, 1, 11, 6, 19, 4], [14, 1, 6, 4], [10, 16, 28, 18, 8, 12, 25, 2, 13, 23, 26, 1], [17, 6, 12, 20, 8, 21, 2, 13], [9, 13, 19, 17, 0, 8, 10, 15]]
[[28, 31, 0, 10, 17, 20, 24, 37, 40, 2, 8, 18, 25, 33, 38, 23, 7, 13, 32, 16, 12, 30, 14, 27], [4, 7, 21, 0, 1, 3, 2, 8, 9, 22, 19], [10, 2, 1, 4], [3, 12, 13, 5, 8, 11, 16, 19], [16, 3, 19, 5, 8, 11, 25, 6], [16, 0, 8, 11, 14, 9, 18, 23, 3, 5, 17, 22], [18, 30, 8, 19, 1, 6, 26, 11, 16, 20], [13, 5, 8, 11, 18, 23, 26, 6], [19, 1, 4, 7, 2, 11, 0, 5, 8, 15, 20, 3], [23, 31, 3, 2, 1, 5, 8, 20, 26, 29, 6, 16]]
[[15, 5, 12, 19, 10, 4, 9, 3, 16, 13, 17, 14, 20], [7, 12, 24, 18, 17, 4, 9, 14, 2, 1, 19, 21, 0, 16], [10, 25, 28, 14, 13, 2, 0, 5, 15, 7, 17, 21, 26, 12, 27, 8], [10, 16, 14, 4, 2, 1, 15, 0, 17, 3], [0, 19, 25, 23, 5, 11, 28, 32, 6, 21, 29, 4, 17, 1, 27, 18], [14, 24, 26, 8, 17, 20, 6, 21, 5, 4, 27, 18, 9, 3], [7, 14, 11, 16, 3, 17, 12, 5, 18, 4, 6], [8, 17, 30, 11, 14, 22, 25, 6, 12, 15, 23, 10, 4, 21, 5, 3], [11, 8, 16, 5, 15, 4, 0, 9, 12, 10]]
[[6, 13, 4, 8, 12, 3, 10, 9], [13, 5, 8, 15, 18, 3, 10, 22, 21, 2, 14, 12, 16, 9, 6], [15, 4, 7, 11, 24, 0, 5, 9, 22, 28, 19, 27, 2, 16, 21, 17, 12, 18], [8, 13, 5, 15, 3, 9, 2, 7, 14, 0], [12, 3, 5, 8, 20, 22, 25, 29, 31, 34, 0, 23, 27, 32, 35, 4, 17, 26], [7, 12, 15, 4, 3, 8, 14, 0, 9, 10], [9, 4, 10, 6, 15, 16, 19, 2, 20, 1], [20, 3, 6, 10, 24, 7, 13, 5, 4, 14, 17, 21, 18, 0, 8, 25]]
[[16, 9, 18, 21, 24, 27, 7, 10, 14, 19, 22, 28, 6, 17, 2, 15], [7, 26, 12, 16, 5, 23, 2, 18, 14, 1, 30, 17, 0, 13, 28, 24, 3, 19], [32, 38, 6, 11, 14, 20, 25, 35, 4, 12, 17, 23, 29, 33, 36, 1, 8, 19, 28, 41, 7, 27, 40, 39, 16, 10], [25, 28, 32, 6, 5, 8, 22, 2, 14, 35, 0, 3, 10, 7, 23, 9, 12, 15, 21, 29, 17, 31], [26, 47, 15, 29, 2, 12, 22, 34, 37, 44, 50, 53, 0, 13, 16, 23, 27, 30, 35, 19]]
[[21, 16, 17, 12, 24, 0, 4, 10, 13, 25, 29, 7, 3, 18], [20, 8, 17, 12, 0, 10, 13, 4], [2, 15, 9, 4, 6, 8, 0, 16], [1, 6, 9, 12, 15, 4, 10, 14, 3, 2], [20, 16, 23, 0, 3, 7, 12, 14, 24, 27, 26, 6, 2, 22, 10, 21], [3, 12, 21, 25, 0, 15, 29, 1, 4, 7, 13, 16, 6, 23], [7, 14, 4, 28, 2, 5, 19, 29, 10, 16], [23, 47, 3, 7, 12, 26, 16, 28, 21, 36, 41, 44, 0, 13, 19, 33, 38, 42]]
[[7, 10, 5, 11, 4, 8, 9, 12], [7, 14, 32, 17, 19, 16, 5, 10, 22, 25, 2, 11, 20, 1, 18, 15, 3, 24], [14, 23, 8, 20, 3, 9, 16, 21], [0, 23, 27, 35, 8, 7, 4, 10, 16, 20, 32, 2, 40, 1], [19, 28, 4, 2, 6, 10, 13, 25, 0, 7, 11, 14, 20, 5, 17, 18]]
[[12, 21, 25, 5, 3, 26, 24, 2, 9, 10, 16, 8, 13, 14, 6, 11, 22, 27], [19, 1, 6, 2, 0, 17, 21, 3, 15], [20, 12, 5, 15, 17, 3, 7, 18, 0, 2, 13, 6, 23, 8], [14, 7, 4, 8, 3, 12, 10, 15, 6, 5], [18, 19, 5, 8, 12, 24, 3, 9, 16, 21, 25, 15, 2, 6, 20, 22], [20, 29, 25, 5, 14, 3, 2, 26, 6, 13, 23, 27, 7, 15, 16, 10], [13, 2, 6, 3, 11, 8, 10, 4, 14], [11, 1, 3, 8, 2, 0, 4, 12], [22, 1, 4, 9, 19, 28, 7, 20]]
[[33, 41, 24, 2, 10, 14, 28, 30, 36, 39, 8, 16, 26, 37, 7, 25, 29, 34, 42, 31, 0, 4, 15, 17], [22, 34, 0, 3, 14, 20, 26, 29, 1, 6, 27, 9, 13, 12, 24, 17, 15, 16], [2, 5, 16, 22, 24, 29, 0, 13, 18, 10, 21, 28, 12, 17, 25, 20, 27, 3], [14, 21, 23, 32, 34, 8, 11, 28, 0, 12, 15, 29, 7, 22], [26, 33, 41, 8, 7, 2, 10, 14, 17, 22, 37, 11, 24, 28, 9, 31, 32, 34, 23, 38, 27, 0, 4, 12, 21, 35], [15, 4, 26, 30, 2, 23, 27, 9, 21, 1, 5, 13]]
[[17, 8, 13, 6, 11, 14, 18, 16, 5, 9, 10, 0], [27, 3, 8, 11, 13, 21, 6, 9, 1, 5, 18, 4, 19, 0, 2, 17], [29, 32, 42, 4, 11, 13, 3, 6, 16, 22, 37, 8, 14, 5, 7, 12, 27, 0], [22, 11, 26, 27, 0, 6, 15, 18, 20, 2, 7, 13, 16, 32, 28, 12], [0, 11, 5, 1], [16, 6, 9, 11, 23, 26, 28, 30, 4, 7, 12, 21, 24, 31], [3, 24, 14, 20, 34, 9, 17, 30, 37, 7, 15, 28, 35, 11], [10, 4, 16, 19, 21, 25, 1, 11, 8, 13, 0, 9, 22, 2, 14], [16, 1, 10, 4, 18, 21, 24, 14, 19, 3, 11, 2], [21, 33, 6, 8, 22, 0, 12, 15, 17, 30, 13, 28, 9, 26, 7, 27, 23, 34, 4, 18]]
[[6, 3, 8, 11, 4, 9, 12, 2, 1, 10], [13, 8], [0, 20, 5, 10, 26, 22, 27, 1, 11, 16, 21, 4, 29, 2], [33, 29, 3, 17, 20, 24, 0, 12, 15, 18, 22, 27, 34, 7, 14, 30], [8, 11, 20, 3, 6, 9, 13, 18, 21, 5, 17, 12], [8, 11, 15, 3, 6, 9, 13, 19, 5, 18, 12, 17, 0], [9, 12, 20, 25, 4, 7, 10, 14, 18, 21, 6, 17, 13, 16], [3, 8, 11, 1, 4, 9, 0, 6], [13, 20, 8, 6, 1, 4], [17, 6, 9, 14, 7, 10, 2, 5, 1, 0]]
[[24, 9, 6, 11, 14, 17, 0, 4, 12, 15, 3, 21, 10, 25], [16, 19, 28, 6, 22, 14, 5, 21, 2, 8, 13, 24], [18, 2, 1, 4, 7, 8, 14, 21, 9, 12, 15, 3, 23, 19], [25, 0, 16, 22, 3, 11, 17, 23, 10, 14, 13, 26, 1, 4], [25, 10, 13, 22, 0, 8, 14, 7, 26, 23, 17, 19, 1, 15, 16, 21], [3, 17, 1, 5, 6, 12], [19, 37, 13, 30, 45, 15, 32, 47, 0, 5, 11, 16, 22, 28, 33, 38, 43, 48, 10, 27], [8, 14, 25, 5, 16, 23, 2, 17, 21, 20, 1, 12, 29, 28, 9, 15]]
[[10, 3, 2, 11, 4], [10, 18, 1, 3, 6, 13, 16, 21, 14, 2, 0, 4, 11, 19], [9, 4, 7, 13, 2, 10, 1, 11, 3, 6, 8, 5], [13, 16, 0, 8, 11, 1, 9, 18, 5, 4, 17, 6], [12, 15, 13, 20, 5, 8, 23, 2, 6, 18, 24, 17, 1, 21, 22, 16], [8, 16, 29, 0, 2, 5, 18, 6, 14, 22, 12, 25, 13, 11, 24, 30, 3, 26], [5, 1, 7, 11, 2, 0, 8, 9, 3]]
[[13, 19, 5, 21, 3, 2, 10, 16, 9, 22, 6, 8, 0, 11], [4, 12, 20, 24, 16, 6, 22, 2, 1, 17, 0, 5, 18, 7, 13, 14], [12, 31, 37, 6, 14, 22, 28, 35, 0, 3, 10, 18, 20, 26, 9, 2, 19, 32, 4, 15, 23, 33], [4, 18, 6, 21, 24, 29, 33, 36, 39, 42, 10, 26, 30, 40, 2, 25, 14, 16, 19, 22, 0, 7, 27, 31, 34, 43]]
[[23, 16, 15, 5, 12, 18, 21, 3, 10, 13, 19, 2, 17, 8], [10, 1, 3, 11, 7, 16], [10, 12, 0, 7, 22, 4, 8, 13, 19, 23], [23, 3, 21, 19, 6, 16, 0, 7], [8, 2, 10, 13, 16, 0, 11, 15, 9, 7], [21, 24, 28, 2, 14, 31, 16, 7, 25, 30, 4, 19, 38, 5, 10, 17, 26, 35], [9, 26, 10, 6, 13, 16, 19, 23, 2, 14, 1, 22]]
[[19, 9, 11, 5, 14, 3, 12, 2, 10, 8, 13, 0], [11, 26, 1, 15, 17, 4], [8, 17, 4, 14, 15, 11, 21, 6, 19, 22, 3, 5], [8, 16, 3, 1, 5, 11, 17, 19, 10, 4], [19, 2, 13, 5, 10, 4], [6, 7, 4, 9, 12, 2, 1, 0], [21, 1, 5, 8, 14, 6, 11, 0, 2, 3, 9, 13], [9, 20, 16, 2, 11, 24, 0, 7, 25, 4, 17, 6]]
[[16, 18, 7, 13, 19, 10, 6, 12, 8, 14], [13, 18, 1, 3, 6, 11, 20, 4], [14, 23, 0, 5, 10, 18, 19, 26, 3, 11, 24, 9, 15, 25], [10, 16, 11, 13, 6, 18, 0, 3, 7, 14, 19, 2, 12, 4], [14, 5, 37, 19, 2, 10, 32, 0, 3, 8], [15, 5, 2, 11, 0, 3, 8, 16, 7, 6], [5, 21, 13, 0, 7, 17, 23, 3, 8, 11], [11, 29, 2, 13, 1, 12, 9, 15, 18, 21, 24, 6, 16, 3, 5, 14, 17, 7]]
[[13, 20, 26, 10, 0, 4, 8, 3], [18, 33, 22, 4, 8, 11, 25, 14, 20, 26, 19, 1, 7, 2, 9, 0], [30, 8, 2, 15, 18, 21, 26, 0, 3, 7, 9, 12, 19, 16, 22, 27, 20, 4], [8, 21, 41, 46, 6, 5, 22, 2, 10, 12, 25, 33, 44, 0, 13, 17, 7, 18, 42, 9, 23, 43, 47, 4, 45, 14, 26, 20], [16, 29, 35, 3, 5, 21, 32, 6, 10, 13, 19, 4, 11, 17, 2, 22, 34, 0, 7, 30, 33], [11, 16, 20, 1, 9, 5, 24, 13, 3, 2], [10, 15, 24, 12, 7, 2, 6, 0, 13, 8, 16, 28], [13, 22, 4, 19, 9, 17, 2, 1, 7, 18]]
[[7, 10, 14, 20, 23, 0, 4, 11], [13, 15, 8, 11, 5, 20, 3, 6], [17, 33, 2, 28, 5, 30, 26, 11, 14, 19, 35, 12, 20, 31], [14, 1, 10, 4, 0, 12, 2, 7], [7, 13, 9, 19, 0, 14, 10, 2], [12, 18, 25, 1, 4, 15, 14, 22, 26, 27, 3, 16, 19, 23]]
[[23, 36, 13, 8, 19, 25, 29, 33, 44, 6, 17, 20, 26, 34, 45, 16, 5, 14, 32, 37], [10, 15, 26, 16, 5, 13, 21, 22, 29, 2, 3, 19, 8, 17, 27, 0, 11], [12, 3, 16, 20, 24, 28, 0, 4, 14, 17, 21, 9, 13, 27], [6, 8, 13, 17, 2, 10, 14, 16], [13, 24, 10, 8, 9, 11, 0, 15, 17, 27, 3, 28, 4, 12, 5, 7], [25, 2, 4, 8, 5, 19, 11, 3, 23, 29, 0, 6, 15, 22, 28, 26], [9, 17, 25, 1, 4, 18, 12, 22, 27, 29, 23, 30, 11, 3]]
[[13, 0, 1, 6, 10, 16, 9, 15, 12, 11], [2, 6, 7, 5, 3, 4], [12, 9, 0, 3, 11, 2, 8, 7], [12, 6, 19, 3, 15, 0, 4, 8, 13, 16, 7, 20, 1], [5, 11, 2, 0, 3, 12, 6, 10], [8, 0, 1, 4, 10, 3], [9, 11, 5, 3, 6, 14, 2, 10, 13, 15], [18, 14, 0, 3, 4, 7, 11, 19, 6, 24, 15, 23, 25, 20], [12, 21, 7, 0, 15, 18, 1, 9, 16, 19, 14, 8, 17, 10], [8, 4, 13, 11, 14, 10, 2, 9, 12, 3], [7, 15, 1, 9, 12, 18, 19, 23, 20, 24]]
[[18, 5, 9, 12, 20, 3, 13, 2, 8, 1, 7, 21, 10], [18, 23, 1, 12, 19, 26, 27, 3, 6, 9, 16, 29, 7, 10, 14, 21, 30, 2], [7, 9, 3, 12, 15, 18, 0, 13, 16, 19, 6, 10], [25, 28, 31, 3, 6, 22, 0, 15, 35, 38, 7, 13, 16, 29, 36, 39, 19, 5], [15, 29, 32, 5, 10, 7, 0, 21, 36, 1, 11, 19, 22, 30], [16, 8, 18, 10, 0, 6, 4, 12, 19, 9, 11, 14], [5, 3, 0, 10, 6, 8], [17, 19, 6, 14, 24, 4, 12, 15, 23, 3, 11, 2, 10, 25, 7, 21], [17, 4, 11, 5, 2, 18, 6, 8], [18, 1, 3, 23, 10, 2, 4, 0]]
[[7, 0, 4, 9], [9, 12, 2, 6, 10, 13], [0, 7, 4, 9, 3, 8], [19, 3, 0, 4, 7, 6], [36, 17, 21, 30, 1, 11], [0, 9, 4, 1], [13, 7, 17, 21, 24, 0, 22, 30, 9, 29, 4, 8], [7, 12, 18, 23, 0, 10, 13, 19, 24, 28], [16, 2, 13, 19, 6, 10, 17, 20], [27, 21, 0, 6, 12, 16, 3, 7, 14, 18]]
[[12, 22, 14, 16, 24, 3, 17, 2, 6, 7, 5, 13, 25], [21, 5, 2, 8, 1, 0, 13, 3], [11, 20, 27, 30, 18, 0, 8, 25, 5, 22, 19, 21, 6, 7, 15, 17, 28, 31, 26, 1], [6, 15, 29, 11, 8, 13, 17, 20, 0, 2, 3, 23, 12, 16, 18, 4], [9, 17, 22, 15, 20, 3, 26, 0, 8, 6, 16, 10, 18, 21], [8, 1, 4, 10], [1, 14, 7, 11, 20, 8, 22, 18, 19, 23, 0, 10], [16, 1, 6, 11, 14, 23, 9, 21, 3, 20, 2, 7], [1, 13, 23, 8, 17, 21, 26, 29, 27, 12, 9, 18, 11, 16, 2, 24, 28, 19, 10], [4, 8, 11, 13, 1, 18, 15, 19], [1, 7, 16, 18, 12, 14, 0, 11, 8, 10], [9, 13, 15, 18, 1, 7, 20, 2, 6, 3, 14, 0, 16, 8]]
[[32, 29, 6, 24, 0, 7, 13, 21, 25, 30, 5, 28, 12, 16, 4, 20, 15, 10], [4, 10, 2, 8, 12, 15, 0, 6], [18, 31, 33, 1, 4, 7, 10, 24, 25, 5, 3, 2, 22, 23, 11, 20, 32, 0], [5, 11, 17, 15, 3, 7, 14, 2], [9, 17, 30, 12, 14, 11, 4, 19, 27, 0, 5, 20], [6, 11, 0, 4, 7, 14, 3, 2, 16, 12], [5, 6, 10, 16, 19, 17, 13, 2], [6, 19, 1, 4, 9, 16, 3, 5, 2, 13, 20, 0, 10, 21], [11, 16, 25, 28, 3, 1, 9, 13, 22, 23, 7, 6, 4, 2, 17, 21, 26, 0], [2, 5, 10, 13, 11, 4, 3, 9, 0, 6], [2, 1, 4, 13, 19, 8, 22, 9], [6, 0, 8, 10, 16, 23, 1, 21, 7, 20, 17, 4, 11, 12, 15]]
[[15, 28, 5, 9, 12, 25, 3, 10, 13, 23, 29, 22], [5, 16, 9, 2, 1, 0, 3, 17, 8], [10, 4, 2, 5, 1, 6, 13, 15, 8, 11], [6, 10, 13, 4, 16, 18, 2, 1, 0, 17, 14, 19], [10, 4, 2, 11, 13, 1, 5, 14], [14, 4, 2, 1, 0, 9], [14, 4, 8, 20, 2, 9, 21, 1, 18, 17, 15, 5], [10, 5, 15, 3, 11, 2, 14, 13, 6, 0], [24, 4, 15, 29, 2, 5, 13, 17, 20, 25, 1, 12], [13, 25, 11, 14, 17, 3, 8, 19, 22, 2, 7, 6, 23, 26, 4, 9, 15], [16, 19, 32, 37, 26, 7, 33, 5, 12, 2, 9, 1, 11, 27, 21, 29, 0, 8]]
[[16, 20, 9, 7, 6, 13, 24, 19, 12, 23, 21, 0, 10, 14, 25], [16, 6, 4, 9, 2, 1, 7, 0, 14, 3], [33, 2, 1, 9, 12, 15, 17, 24, 28, 36, 38, 6, 13, 18, 22, 25, 29, 34, 39, 5, 3, 0, 7, 26], [7, 15, 17, 16, 11, 23, 2, 21, 1, 6], [7, 13, 18, 5, 11, 14, 19, 3, 10, 2, 4, 9, 17], [16, 2, 11, 0, 12, 17, 4, 3, 5, 20], [15, 6, 5, 8, 23, 2, 12, 19, 25, 0, 3, 10, 13, 21], [7, 26, 9, 11, 15, 18, 2, 12, 1, 3, 10, 21, 28, 4, 13, 27], [7, 5, 11, 2, 9, 1, 14, 0, 13, 8]]
[[0, 13, 16, 19, 22, 3, 7, 11, 17, 20, 23, 6], [17, 15, 0, 8, 6, 9, 5, 16], [37, 8, 10, 2, 6, 35, 44, 0], [3, 4, 6, 10, 0, 8, 7, 5], [8, 16, 1, 9, 17, 26, 0, 3], [8, 0, 15, 1, 9, 24, 7, 3, 12, 19], [14, 0, 8, 15, 1, 9], [7, 16, 2, 10, 5, 14, 4, 11, 3, 9, 17], [9, 16, 3, 1, 12, 7]]
[[7, 12, 9, 15, 4, 3, 8, 13, 11, 6, 14, 10], [25, 34, 1, 3, 6, 9, 19, 22, 28, 31, 37, 7, 20, 29, 32, 2, 16, 27, 0, 4, 17, 26], [1, 2], [5, 2, 8, 11, 0, 7, 6, 10], [25, 1, 5, 9, 10, 17, 26, 2, 0, 23, 6, 27, 3], [19, 4, 23, 2, 20, 1, 0, 22, 3, 25]]
[[28, 34, 12, 8, 15, 17, 21, 29, 32, 0, 4, 13, 18, 22, 31, 3], [11, 0, 6, 3, 9, 4, 8, 5], [1, 4, 8, 11, 5, 9], [9, 13, 17, 1, 4, 14, 3, 10, 0, 8, 11, 15], [8, 14, 23, 2, 18, 11, 20, 0], [1, 17, 26, 0, 11, 18, 30, 31, 5, 13, 22, 3], [6, 2, 14, 21, 4, 0, 12, 11, 17, 3, 18, 22], [8, 17, 9, 5, 15, 2, 13, 19, 22, 1, 24, 12]]
[[9, 20, 6, 14, 17, 22, 4, 15, 3, 13, 18, 21, 12, 0, 7], [12, 1, 3, 5, 8, 2, 4, 0, 13, 6], [15, 6, 12, 0, 18, 17, 9, 7, 13, 11, 16, 1], [18, 2, 5, 9, 15, 0, 7, 10, 4, 14, 3, 6, 13, 19], [7, 2, 17, 0, 3, 9, 14, 8, 6, 13, 12, 11], [9, 15, 19, 6, 10, 16, 3, 13, 14, 5, 0, 7], [12, 18, 5, 8, 15, 3, 6, 9, 13, 17], [35, 29, 31, 28, 52, 1, 5, 12, 23, 38, 45, 48, 56, 2, 10, 13, 21, 24, 32, 36, 46, 49, 20, 9], [11, 22, 9, 15, 27, 6, 13, 25, 28, 5, 0, 20, 21, 24, 12, 23, 18, 2]]
[[8, 14, 17, 0, 4, 12, 18, 21, 11, 3, 9, 22, 7, 16], [3, 9, 5, 12, 15, 17, 0, 7, 4, 11], [8, 17, 2, 5, 14, 10, 4, 3, 9, 18, 11, 15], [0, 15, 17, 5, 10, 1, 18, 11], [19, 3, 9, 17, 0, 6, 7, 16, 22, 1, 14], [13, 0, 7, 19, 1, 5, 8, 11], [3, 9, 12, 0, 7, 10], [5, 15, 0, 12, 16, 14, 3, 11], [27, 6, 29, 3, 8, 14, 18, 26, 33, 0, 4, 9, 15, 19, 30, 34, 2, 7, 23, 28], [3, 6, 8, 10, 0, 11, 2, 4], [17, 2, 4, 8, 11, 5, 3, 20, 6], [18, 1, 3, 7, 21, 22, 17, 2]]
[[11, 22, 13, 16, 3, 19, 2, 7, 8, 9, 1, 6, 23, 0], [13, 17, 0, 28, 32, 4, 10, 21, 29, 6, 25, 11], [18, 3, 2, 5, 8, 13, 9, 4, 0, 6], [15, 26, 7, 22, 0, 11, 20, 30, 1, 9, 28, 23, 8, 18, 27, 10, 14, 5], [20, 25, 7, 27, 0, 11, 17, 23, 1, 9, 21, 15, 8, 14, 30, 31], [17, 5, 9, 10, 3, 2, 15, 0, 6, 11], [12, 3, 5, 4, 2, 7], [18, 12, 14, 4, 16, 20, 23, 2, 9, 21, 15, 8], [2, 4, 9, 7, 12, 16, 8, 6]]
[[21, 12, 5, 8, 18, 3, 10, 19, 7, 17], [15, 7, 0, 4, 9, 12, 8, 6, 11, 1, 16, 17], [21, 24, 2, 15, 27, 0, 3, 8, 12, 16, 5, 11, 22, 7, 10, 23], [3, 12, 27, 0, 16, 20, 31, 33, 8, 14, 17, 23, 29, 19, 5, 28], [16, 22, 18, 1, 5, 9, 30, 7, 23, 31, 2, 11, 6, 10, 0, 3, 19, 24, 25], [10, 11, 0, 3, 8, 9, 14, 1], [0, 10, 5, 1, 3, 6], [14, 26, 3, 18, 24, 27, 16, 1, 22, 2], [13, 0, 9, 16, 7, 10, 3, 5, 14, 6, 11, 17], [15, 22, 2, 17, 16, 9, 19, 0, 10, 3, 20, 5, 18, 6]]
[[0, 6, 3, 7, 10, 14, 9, 13, 12, 22, 16, 11], [0, 3], [11, 13, 17, 2, 8, 14, 15, 18, 1, 7], [13, 7, 19, 22, 0, 4, 17, 20, 3, 14, 11, 16, 12, 5], [0, 6, 11, 24, 27, 34, 3, 7, 25, 28, 31, 35, 10, 30], [8, 0, 5, 10, 9, 1], [33, 17, 0, 6, 9, 12, 23, 26, 35, 3, 7, 24, 27, 30, 36, 29, 18, 34, 21, 15], [2, 14, 5, 8, 21, 6, 18, 22, 4, 15, 3, 12, 17, 13], [7, 0, 10, 11, 18, 1, 4, 12, 19, 9, 8, 15], [11, 19, 9, 15, 25, 28, 2, 6, 13, 22, 5, 0, 20, 12, 21, 29]]
[[6, 24, 0, 3, 22, 26, 29, 1, 10, 14, 19, 30, 13, 18, 27, 17, 8, 11, 15, 20], [17, 7, 10, 14, 19, 22, 11, 20, 8, 1], [2, 5, 18, 6, 19, 10, 4, 15, 3, 9, 12, 16, 23, 14], [7, 13, 14, 2, 18, 20, 22, 0, 3, 9, 23, 8], [16, 22, 1, 11, 12, 7, 25, 5, 18, 26, 24, 2], [9, 29, 5, 14, 3, 22, 23, 25, 11, 31, 0, 7, 12, 16, 27, 32], [16, 31, 2, 18, 20, 17, 9, 10, 23, 29, 21, 5, 26, 4, 0, 3, 19, 6, 11], [18, 2, 1, 4, 7, 10, 5, 3, 0, 14]]
[[11, 0, 4, 12, 7, 3, 9, 6], [12, 9, 17, 20, 5, 15, 18, 21, 1, 4], [17, 2, 4, 7, 10, 5, 3, 12, 6], [0, 9, 11, 15, 12, 1, 8, 7, 2, 3], [35, 2, 19, 21, 31, 33, 0, 16, 28, 6, 15, 26, 1, 14, 25, 18, 3, 17, 22, 8, 12], [8, 1, 12, 13, 11, 2], [22, 14, 23, 11, 20, 26, 4, 9, 27, 6, 8, 17], [22, 5, 10, 17, 3, 2, 11, 4, 18, 6, 12, 16, 9], [4, 16, 18, 31, 34, 11, 29, 35, 15, 10, 28, 14, 32, 9, 27, 33, 2, 30], [9, 1, 10, 6, 13, 17, 19, 25, 2, 16, 11, 4, 15, 12, 8, 18, 28, 24, 26], [10, 19, 24, 11, 13, 6, 8, 28, 3, 27, 2, 23, 7, 12, 4, 20]]
[[20, 26, 15, 0, 4, 11, 3, 8, 23, 24, 7, 1, 5, 9], [12, 9, 8, 6, 18, 3, 15, 2, 10, 13], [11, 19, 2, 5, 16, 6], [17, 1, 3, 7, 4, 10, 2, 15, 0, 5], [8, 20, 2, 5, 17, 15, 25, 4, 12, 18, 3, 9], [13, 2, 5, 4, 10, 3, 16, 9], [5, 9, 13, 2, 7, 12]]
[[12, 26, 6, 22, 28, 0, 7, 17, 5, 16], [14, 23, 5, 9, 20, 26, 0, 3, 2, 27, 18, 29, 24, 21, 8], [5, 13, 9, 17, 11, 15, 2, 1, 0, 7, 10, 14], [22, 18, 8, 15, 3, 13, 6, 17, 12, 2, 28, 25, 31, 27, 23, 9, 29], [4, 17, 20, 1, 2, 21, 6, 9, 12, 27, 7, 28, 3, 25, 24, 5], [2, 19, 26, 30, 13, 9, 12, 17]]
[[7, 11, 9, 12, 4, 8, 5, 6, 15], [18, 7, 15, 8, 1, 13, 5, 14], [4, 8, 11, 2, 5, 9, 12, 1], [6, 2, 15, 0, 8, 16, 7, 12, 14, 5, 3, 9], [7, 5, 2, 8, 13, 3], [2, 10, 15, 3, 8, 11, 16, 7, 0, 4], [6, 2, 11, 15, 18, 0, 7, 5, 17, 19], [17, 2, 18, 8, 12, 22, 3, 9, 13, 5, 1, 6], [4, 11, 0, 6, 7, 15, 12, 2], [16, 20, 3, 11, 0, 4, 6, 12], [15, 8, 20, 0, 3, 13, 24, 1, 22, 25, 9, 10, 7, 16, 21, 4]]
[[8, 11, 6, 0, 4, 15, 3, 12, 14, 10], [5, 8, 17, 2, 10, 13, 20, 14], [16, 11, 10, 0, 3, 20, 1, 14, 12, 18, 6, 21], [8, 13, 2, 1, 4, 10, 21, 22, 25, 6], [16, 20, 3, 32, 29, 2, 22, 13, 25, 8, 14, 36], [21, 3, 2, 5, 9, 12, 6, 4, 17, 19, 25, 7], [17, 2, 1, 4, 8, 21, 5, 3, 6, 0, 11, 18, 19], [9, 20, 4, 2, 6, 18, 17, 5, 3, 14, 15, 10], [0, 14, 5, 9, 1, 2, 3], [13, 9, 10, 1, 8, 12, 14, 6], [4, 13, 16, 15, 11, 18, 9, 22, 21, 17, 1, 8, 2, 7], [5, 16, 6, 13, 2, 12, 11, 18, 3, 9, 14, 17]]
[[7, 9, 13, 16, 3, 14, 2, 1, 8, 10, 4, 11, 17], [10, 1, 3, 5, 13, 14, 12, 2], [4, 16, 0, 14, 9, 8, 13, 1], [11, 2, 9, 1, 7, 0, 8, 13, 10], [9, 18, 16, 3, 6, 12, 4, 10, 1, 17], [0, 9, 33, 36, 13, 31, 34, 16, 4, 30, 3, 29, 6, 7, 32, 1, 26, 35, 38, 37], [11, 21, 2, 6, 18, 23, 16, 5, 15, 1, 24, 0, 3, 9, 25, 28], [30, 5, 8, 16, 33, 6, 14, 17, 2, 13, 1, 9, 0, 12, 28, 20, 3, 18], [14, 16, 0, 7, 11, 18, 21, 1, 19, 15, 12, 22, 2, 8], [6, 15, 1, 3, 9, 12, 4, 10]]
[[9, 23, 12, 17, 20, 3, 18, 2, 13, 15, 1, 11, 16, 4], [5, 8, 1, 3, 10, 2, 6, 4], [9, 23, 4, 7, 12, 15, 18, 21, 26, 36, 39, 5, 10, 16, 19, 24, 27, 33, 32, 1, 37, 0], [7, 20, 0, 2, 5, 15, 18, 23, 16, 21, 12, 11], [12, 29, 36, 1, 4, 7, 10, 14, 20, 34, 8, 3, 19, 2, 18, 30, 37, 0, 5, 21, 31, 17], [9, 18, 25, 11, 14, 0, 1, 6, 23, 4, 7, 19, 27, 13, 22, 30], [4, 16, 6, 17, 2, 11, 14, 21, 0, 8, 12, 19]]
[[12, 17, 15, 0, 10, 9, 13, 3, 11, 1], [11, 16, 2, 14, 1, 13, 9, 17], [8, 23, 10, 0, 14, 20, 30, 1, 5, 11, 26, 9, 28, 25, 24, 22], [11, 12, 2, 14, 0, 8, 15, 7], [18, 7, 0, 13, 3, 11, 19, 8], [3, 5, 1, 6, 10, 0], [0, 11, 6, 12, 5, 8, 1], [13, 3, 8, 12, 1, 9, 0, 14], [9, 0, 11, 17, 21, 29, 32, 3, 13, 18, 27, 30, 16, 10, 6, 7], [5, 16, 10, 7], [11, 26, 31, 37, 19, 4, 7, 14, 21, 24, 29, 49, 5, 8, 12, 51, 1, 20]]
[[7, 5, 11, 13, 3, 9, 14, 2, 6, 8], [20, 24, 28, 6, 11, 15, 31, 3, 30, 1, 2, 0, 29, 9, 25, 26, 33, 14], [12, 21, 35, 2, 24, 6, 1, 23, 17, 39, 7, 10, 15, 18, 33, 37], [17, 5, 8, 3, 2, 15, 18], [11, 6, 5, 0, 15, 20, 24, 21, 25, 23, 7, 9, 10, 16, 19, 26], [21, 26, 7, 6, 0, 14, 17, 28, 12, 18, 24, 16, 11, 8, 10, 23], [16, 24, 7, 6, 17, 0, 13, 21, 11, 8, 10, 18, 19, 22], [24, 6, 5, 0, 14, 18, 28, 16, 19, 7, 9, 15, 25, 10, 13, 20]]
[[16, 11, 3, 0, 2, 8, 1, 6, 7, 4], [19, 28, 33, 32, 35, 4, 7, 30, 36, 1, 26, 2, 23, 29, 22, 0, 20, 34, 24, 6, 37], [24, 3, 7, 11, 5, 22, 25, 8, 4], [16, 7, 6, 9, 14, 4, 2, 8], [17, 30, 1, 2, 5, 7, 21, 25, 22, 10, 0, 14, 18, 28, 31, 26], [9, 6, 5, 2], [1, 7, 12, 16, 6, 4, 13, 5], [3, 12, 19, 16, 15, 2, 10, 8], [5, 9, 15, 4, 2, 10, 11, 6], [12, 21, 9, 7, 15, 4, 0, 6, 18, 14, 22, 2]]
[[18, 20, 5, 7, 12, 15, 24, 3, 9, 16, 14, 2, 19, 21], [4, 11, 15, 1, 7, 19, 22, 8, 17, 20, 23, 16, 0, 5], [0, 24, 30, 13, 4, 19, 34, 35, 33, 1, 14, 38, 15, 32, 20, 12], [10, 15, 18, 22, 9, 16, 4, 8, 7, 19], [21, 12, 20, 8, 25, 27, 23, 28, 11, 22, 5, 15, 4, 16, 19, 13], [15, 11, 9, 5, 4, 12, 13, 6], [0, 42, 5, 12, 24, 28, 45, 13, 20, 30, 46, 1, 33, 9, 21, 36, 18, 19, 34, 29, 2, 3, 22], [26, 34, 38, 36, 1, 7, 30, 43, 45, 2, 8, 11, 15, 20, 31, 14, 37, 39, 40, 16, 32, 46, 41, 5], [23, 1, 7, 19, 27, 2, 8, 11, 15, 20, 28, 14, 25, 26, 16], [15, 0, 4, 3, 18, 1, 9]]
[[7, 22, 27, 5, 12, 15, 24, 13, 25, 4, 11, 3, 19, 1], [5, 11, 17, 23, 19, 2, 18, 21, 13, 0, 9, 14, 3, 8], [0, 20, 32, 8, 25, 29, 30, 1, 17, 24, 16, 31, 27, 2, 3, 10, 18, 14], [7, 18, 8, 2, 12, 1, 9, 0, 10, 3], [20, 11, 17, 18, 7, 12, 8, 10, 13, 15, 3], [7, 18, 8, 2, 1, 9, 12, 0, 10, 3], [23, 11, 20, 21, 8, 15, 25, 24, 16, 13, 18, 9, 12], [8, 2, 16, 4, 0, 5, 9, 14, 3, 17], [2, 11, 4, 3, 10, 6], [9, 12, 15, 6, 16, 14, 0, 17, 7, 10], [8, 10, 7, 1, 2, 5, 0, 3], [10, 15, 19, 24, 3, 16, 7, 12, 8, 13, 4, 23, 22, 17, 25, 5, 20, 26, 27]]
[[12, 20, 3, 9, 4, 10, 2, 21], [13, 24, 17, 21, 27, 29, 2, 5, 22, 8, 7, 19], [2, 5, 11, 20, 25, 12, 21, 4], [0, 5, 15, 21, 3, 6, 9, 16, 8, 13, 12, 22], [13, 26, 16, 6, 8, 19, 29, 32, 3, 30, 18, 2, 20, 22], [20, 24, 33, 10, 28, 12, 30, 5, 27, 1, 15, 2, 6, 11, 7, 25, 18, 29]]
[[5, 9, 11, 15, 3, 13, 16, 7, 2, 12], [24, 31, 27, 5, 8, 12, 2, 10, 14, 21, 33, 1, 20, 7], [8, 14, 24, 19, 2, 10, 26, 0, 5, 20, 17, 7, 22, 16], [20, 2, 23, 3, 8, 10, 14, 18], [7, 20, 25, 8, 26, 10, 15, 30, 16, 28, 33, 3, 35, 2], [17, 3, 2, 5, 8, 6, 11, 4, 12, 0, 18], [16, 19, 2, 1, 8, 9, 24, 3], [0, 19, 7, 12], [17, 2, 0, 10, 3, 5]]
[[20, 26, 14, 22, 8, 15, 7, 18, 21, 27, 12, 16, 25, 13, 23], [10, 4, 12, 15, 2, 5, 13, 1, 0, 11], [8, 11, 21, 4, 16, 0, 13, 17, 2, 5, 12, 24, 14, 3], [10, 2, 4, 13, 15, 0, 16, 3, 11, 17]]
[[12, 19, 31, 5, 10, 16, 3, 2, 9, 8, 13, 18, 6, 11, 15, 17, 28, 32], [12, 4, 7, 3, 2, 10, 5, 8], [12, 23, 3, 2, 8, 0, 5, 18], [15, 2, 4, 16, 3, 7, 11, 5], [11, 22, 2, 1, 7, 17], [17, 3, 2, 5, 8, 4, 15, 11], [7, 10, 4, 15, 5, 16, 18, 14, 3, 6, 0, 11], [6, 3, 0, 4, 7], [6, 8, 11, 17, 0, 9, 15, 18, 20, 7, 4, 10], [5, 2, 10, 13, 0, 7]]
[[24, 17, 10, 16, 22, 25, 21, 8], [9, 20, 40, 44, 12, 23, 29, 37, 49, 2, 1, 0, 41, 48, 10, 15, 45, 28, 34, 36, 43], [6, 10, 0, 7, 11, 4, 5, 8], [17, 1, 3, 6, 2, 0, 4, 7, 18], [1, 3, 6, 2, 0, 7], [13, 1, 5, 23, 8, 19, 3, 22, 2, 24, 28, 9, 14, 16], [8, 1, 4, 2, 5, 6], [3, 1], [11, 19, 33, 3, 22, 21, 7, 14, 24, 30]]
[[19, 10, 0, 3, 7, 13, 6, 12], [27, 2, 17, 10, 24, 8, 11, 15, 19, 25, 5, 1], [0, 12, 7, 11, 9, 5], [5, 4, 7, 10], [4, 9, 12, 2, 6, 10, 0, 5], [8, 4, 10, 14, 2, 15], [6, 14, 28, 12, 9, 11, 4, 19, 26, 17, 13, 16, 2, 23], [18, 2, 8, 14, 21, 12, 3, 5, 11, 19, 22, 0, 6, 15], [11, 1, 4, 0], [22, 2, 4, 8, 5, 12, 11, 3, 18, 23, 0, 6, 13, 24]]
[[0, 9, 14, 16, 19, 22, 7, 11, 17, 20, 23, 6, 10, 24, 12], [8, 10, 0, 2, 6, 12, 9, 11], [18, 6, 11, 3, 5, 2, 0, 7, 8], [14, 7, 17, 20, 1, 5], [0, 5, 11, 7, 14, 19, 23, 26, 12, 20, 24, 1, 17, 18, 15, 2], [10, 19, 15, 0, 3, 8, 13, 1, 4, 7, 12, 14], [24, 22, 25, 0, 18, 29, 30, 1, 9, 13, 20, 27, 31, 7, 15, 12, 23, 8, 11, 26], [11, 2, 1, 12, 7, 17, 21, 8, 18, 22]]
[[20, 14, 9, 7, 17, 6, 15, 21, 13, 10], [19, 2, 3, 6, 14, 22, 4, 12, 20, 1, 0, 10], [6, 0, 8, 3, 15, 7], [9, 12, 2, 18, 0, 3, 7, 13, 16, 19, 6, 10], [2, 9, 11, 8, 16, 4, 14, 0, 5, 12, 18, 21, 10, 17], [12, 9, 2, 7, 4, 14, 13, 1], [2, 6, 0, 7, 16, 19, 5, 13], [10, 20, 5, 13, 7, 15, 18, 0], [2, 8, 4, 0], [19, 1, 4, 9, 6, 12, 2, 0, 5, 7, 16, 3], [27, 18, 21, 7, 23, 28, 4, 11, 2, 12, 16, 24]]
[[14, 19, 5, 16, 21, 24, 3, 17, 1, 2, 20, 12, 6, 22, 25], [23, 5, 15, 16, 6, 2, 9, 19, 26, 29, 0, 10], [16, 1, 4, 9, 20, 2, 0, 21, 5, 8, 3], [0, 9, 23, 26, 16, 21, 20, 1, 5, 15, 12, 13, 22, 2], [3, 9, 14, 17, 0, 7, 10, 15, 4, 6, 1, 18], [5, 2, 7, 10, 14, 0, 3, 8], [33, 5, 9, 19, 23, 26, 30, 17, 20, 24, 27, 31, 29, 2, 16, 35], [9, 13, 16, 17, 14, 5, 6, 12], [9, 20, 26, 17, 21, 0, 19, 24, 13, 31, 5, 16]]
[[24, 10, 14, 19, 3, 6, 15, 2, 7, 9, 18, 11], [16, 29, 32, 23, 4, 13, 36, 37, 21, 35, 3, 1, 24, 2, 0, 12, 18, 33, 6, 8], [11, 2, 15, 17, 23, 0, 13, 18, 4, 5], [14, 22, 1, 2, 4, 9, 6, 12, 3, 5, 0, 20, 7, 18], [0, 15, 30, 33, 5, 19, 26, 36, 10, 22, 31, 4, 9, 14, 25, 1], [16, 0, 10, 12, 1, 7, 13, 6, 2, 8]]
[[12, 16, 5, 9, 14, 22, 3, 10, 20, 23, 2, 8, 19, 0, 1, 7], [4, 22, 8, 10, 12, 18, 25, 2, 13, 19, 26, 1], [14, 37, 12, 2, 17, 23, 30, 33, 0, 18, 24, 26, 31, 5, 10, 21, 28, 35], [23, 28, 26, 1, 5, 7, 13, 30, 33, 37, 2, 11, 34, 39, 10, 27, 36, 38, 41, 0, 25, 29], [23, 29, 49, 11, 26, 38, 41, 1, 5, 27, 32, 51, 2, 9, 12, 16, 15, 8, 39, 46], [17, 38, 23, 0, 28, 30, 33, 6, 14, 25, 9, 5, 12, 16, 24, 11, 13, 22, 19, 3, 20, 26, 32, 39]]
[[9, 3, 6, 16, 4, 13, 2, 10, 5, 14], [4, 15, 27, 19, 22, 6, 8, 17, 29, 32, 2, 24, 30, 1, 20, 23, 0, 13, 21, 25], [0, 21, 4, 9, 15, 8, 1, 20, 2, 10], [26, 4, 23, 0, 15, 19, 24, 3, 18, 7, 13, 14, 12, 27], [15, 7, 18, 0, 8, 12, 19, 3, 11, 16], [22, 10, 14, 15, 19, 6, 16, 20, 4, 5, 11, 3], [14, 10, 5, 12, 8, 3, 11, 15, 7, 0], [21, 27, 12, 15, 24, 8, 6, 13, 7, 5, 11, 22, 14, 0], [10, 3, 11, 15, 4, 5], [25, 23, 14, 21, 7, 17, 8, 13, 18, 20, 6, 3, 1], [2, 12, 17, 19, 22, 0, 7, 20, 15, 3, 4, 5, 11, 8], [1, 5, 7, 10, 3, 2, 13, 14], [8, 19, 14, 6, 21, 3, 16, 2, 15, 12, 9, 10, 4, 17, 22]]
[[22, 33, 15, 28, 20, 25, 30, 7, 9, 6, 16, 29, 11, 18], [25, 5, 17, 2, 8, 11, 19, 23, 0, 9, 20, 7, 18, 6], [0, 10, 9, 5], [21, 26, 8, 7, 17, 0, 19, 3, 18, 9, 13, 11, 24, 28], [24, 7, 13, 12, 26, 0, 2, 17], [12, 15, 27, 7, 16, 30, 9, 18, 24, 28, 32, 3, 34, 21], [11, 21, 6, 19, 14, 15], [21, 13, 4, 15, 23, 2, 24, 7, 14, 0]]
[[15, 5, 9, 12, 3, 2, 8, 7, 16, 6, 10, 13], [2, 0, 8, 12, 24, 27, 13, 22, 21, 18, 7, 9, 6, 17], [18, 3, 2, 9, 7, 13, 4, 6, 10], [12, 4, 7, 21, 1, 17, 2, 15, 18, 0, 16, 6], [13, 1, 5, 0, 11, 2, 6, 14], [12, 3, 2, 9, 16, 20, 0, 21, 19, 4, 6, 14], [14, 10, 8, 18, 5, 4, 15, 0, 13, 6, 11, 16]]
[[21, 13, 17, 27, 8, 18, 28, 26, 7, 12, 11, 14, 23, 15, 10, 20, 19, 24], [13, 27, 15, 18, 21, 2, 16, 1, 11, 0, 10, 14, 5, 3, 7], [6, 2, 7, 9, 4, 0, 3, 8, 5], [21, 36, 3, 14, 23, 28, 0, 4, 9, 15, 6, 19, 8, 18, 1, 10, 12, 16, 24, 27, 37], [9, 3, 2, 13, 0, 4, 6, 11], [8, 20, 10, 15, 0, 3, 2, 5, 6, 14, 23, 21], [16, 27, 30, 35, 9, 1, 5, 13, 20, 38, 2, 6, 39, 37, 10, 8, 0, 32, 36, 11, 3, 19, 33], [15, 23, 18, 20, 8, 11, 25, 0, 6, 21, 26, 3, 19, 2, 5, 12]]
[[9, 12, 14, 17, 3, 2, 18, 13, 11, 15, 4], [10, 3, 5, 12, 15, 13, 1, 0, 11, 4, 2], [1, 18, 4, 7, 5, 8, 14, 3, 19, 2], [11, 19, 18, 5, 8, 2], [8, 4, 16, 14, 10, 21, 18, 22, 17, 7, 6, 9, 15, 11, 19, 23], [7, 17, 23, 14, 18, 24, 2, 13, 12, 0, 25, 3, 15, 6], [14, 3, 15, 5, 9, 12, 18, 21, 6, 10, 22, 4, 16, 7, 19, 23]]
[[6, 13, 15, 3, 11, 16, 5, 2, 10, 0], [14, 22, 28, 5, 7, 10, 24, 3, 11, 16, 20, 26, 1, 29], [19, 3, 21, 5, 10, 15, 23, 27, 6, 11, 16, 24], [22, 14, 0, 4, 7, 19, 2, 5, 16, 20, 12, 15], [22, 3, 6, 9, 12, 18, 7, 5, 4, 24, 0], [16, 1, 4, 11, 24, 26, 22, 27, 8, 21, 3, 2, 17, 0, 9, 12, 18]]
[[13, 6, 11, 17, 20, 0, 3, 18, 10, 16, 2, 1, 4, 21], [4, 8, 26, 9, 31, 1, 6, 11, 14, 20, 12, 3], [18, 2, 6, 0, 7, 13, 9, 3], [28, 14, 5, 8, 20, 23, 3, 6, 21, 24, 15, 26, 1, 2], [7, 4, 5, 8, 1, 2, 9, 12], [16, 26, 1, 3, 7, 24, 4, 11, 2, 23, 19, 21], [1, 6, 4, 17, 9, 8, 2, 10], [12, 16, 6, 19, 18, 0, 10, 17, 7, 2, 20, 5]]
[[5, 18, 10, 12, 15, 3, 2, 11, 6, 9, 13, 16, 19], [8, 16, 4, 11, 14, 20, 2, 9, 1, 0, 10, 18, 3, 13, 15, 37, 12, 17], [14, 71, 27, 28, 57, 16, 35, 4, 7, 33, 41, 45, 48, 65, 69, 73, 5, 18, 74, 30, 60, 53], [13, 17, 19, 3, 8, 11, 22, 25, 28, 5, 9, 23, 26, 4]]
[[17, 13, 21, 0, 10, 14, 9, 18, 16, 1, 2, 19], [14, 6, 12, 2, 10, 1, 7, 9], [15, 5, 10, 0, 12, 1, 17, 13], [8, 15, 2, 11, 5, 18, 0, 9, 16, 19], [0, 4, 10, 15, 20, 5, 11, 21, 9, 14, 1, 16, 2, 12], [11, 27, 24, 3, 20, 26, 29, 4, 8, 30, 7, 25, 34, 28, 14, 21, 1, 9], [6, 20, 15, 25, 0, 3, 22, 26, 2, 21, 17, 9, 16, 4], [16, 30, 3, 20, 2, 18, 7, 11, 22, 28, 8, 12, 4, 17, 19, 5], [9, 10, 16, 2, 6, 14, 5, 0, 12, 13]]
[[10, 3, 9, 2, 8, 4, 5], [7, 1, 10, 13, 2, 0, 14], [11, 19, 14, 13, 5, 8, 16, 25, 17, 21, 26, 1, 0, 2, 15, 20], [9, 28, 45, 0, 6, 16, 30, 46, 18, 22, 38, 40, 49, 11, 19, 23, 32, 36, 8, 7], [6, 22, 0, 2, 12, 19, 28, 21], [10, 2, 7, 13, 5, 8, 14, 4, 3, 1], [17, 6, 12, 14, 3, 22, 2, 9, 11, 21], [20, 28, 24, 11, 7, 22, 26, 8, 10, 3, 14, 0]]
[[7, 11, 27, 30, 5, 13, 32, 3, 9, 14, 19, 23, 25, 22, 2, 31, 6, 8, 29, 0], [8, 20, 17, 30, 2, 12, 24, 32, 0, 10, 13, 15, 26, 28], [19, 2, 9, 3, 8, 4, 5, 10, 16, 20], [11, 21, 2, 1, 9, 14, 6, 5, 3, 19], [23, 27, 35, 2, 10, 0, 12, 14, 20, 29, 33, 17, 6, 32, 5, 16, 11, 31], [5, 9, 12, 16, 14, 18], [11, 14, 23, 6, 9, 19, 3, 16, 2, 20, 15, 24, 0, 4, 7, 17]]
[[10, 15, 3, 6, 17, 4, 20, 2, 12, 1, 21, 0, 7, 8], [11, 13, 6, 1, 8, 17, 20, 7, 2, 3, 0, 14], [12, 18, 2, 4, 7, 10, 15, 5, 16, 3, 0, 8, 13], [9, 12, 0, 6, 4, 3, 11, 13, 8, 14], [6, 12, 24, 2, 14, 29, 8, 21, 27, 0, 30, 3, 22, 13, 16, 25], [6, 0, 8, 11, 14, 18, 1, 4, 12, 7, 15, 2], [14, 2, 4, 9], [10, 1, 4, 7, 12, 5], [12, 18, 7, 10, 16, 1, 14, 0, 8, 4]]
[[19, 9, 12, 4, 5, 10, 21, 8, 7], [7, 36, 2, 5, 24, 28, 0, 16, 20, 15, 4, 3, 12, 14, 6, 13, 8, 37, 21, 26], [12, 20, 1, 3, 16, 24, 25, 2, 13, 15, 14, 21, 4, 7, 17, 5], [0, 8, 15, 3, 13, 12, 5, 6, 7, 1, 16], [23, 4, 9, 14, 18, 6, 10, 3, 5, 15, 7, 16]]
[[19, 3, 6, 22, 25, 4, 15, 26, 12, 24, 20, 2, 10, 17], [12, 15, 7, 0, 18, 5, 20, 17, 8, 11], [7, 20, 2, 11, 14, 21, 5, 24, 12, 15, 4, 3, 16, 23], [26, 0, 13, 3, 11, 19, 15, 22, 18, 10, 16, 24, 1, 20], [12, 0, 4, 18, 2, 5, 8, 17, 10, 1, 13, 14], [17, 4, 2, 6, 11, 10, 5, 3, 15, 19, 7], [17, 28, 27, 0, 7, 36, 1, 8, 18, 37, 29, 34, 35, 31, 4, 6], [10, 27, 4, 12, 15, 18, 30, 8, 13, 31, 21, 5]]
[[21, 14, 15, 8, 23, 26, 6, 19, 24, 5, 16, 18, 13, 27, 9, 3], [11, 19, 25, 1, 3, 22, 27, 6, 16, 23, 28, 15, 2, 5], [5, 7, 10, 0, 26, 3, 8, 23, 6, 22, 13, 14, 21, 16], [21, 9, 11, 14, 8, 0, 25, 3, 12, 10, 17, 18, 16, 22], [15, 19, 22, 5, 8, 13, 3, 2], [19, 10, 12, 9, 0, 3, 13, 11], [5, 7, 3, 2, 0, 1], [12, 14, 11, 0, 9, 3], [14, 7, 11, 22, 31, 12, 15, 20, 29, 19, 1, 28], [19, 1, 3, 6, 4, 9, 2, 0, 12, 15, 10], [6, 19, 4, 8, 11, 17, 20, 1]]
[[4, 13, 11, 14, 16, 10, 0, 5], [11, 9, 3, 10, 5, 22], [6, 0, 2, 3]]
[[0, 13, 3, 7, 11, 14], [19, 9, 8, 11, 16, 0, 5, 12], [18, 6, 5, 8], [9, 23, 3, 13, 2, 5, 27, 0, 6, 11], [7, 5, 9, 13], [12, 2], [13, 26, 32, 5, 7, 2, 18, 23, 0, 8], [16, 8, 14, 7, 10, 4]]
[[15, 29, 5, 9, 17, 20, 3, 10, 2, 8, 7, 16, 6, 21, 30], [15, 26, 35, 8, 22, 24, 2, 20, 19, 1, 6, 27, 0, 5, 28, 29], [22, 6, 9, 4, 3, 14, 8], [11, 21, 24, 1, 8, 14, 4, 9, 15, 22, 7, 3, 28, 2], [26, 4, 1, 7, 10, 13, 8, 5, 17, 28, 16], [21, 25, 38, 2, 8, 14, 29, 33, 0, 5, 7, 4, 3, 26, 34, 11, 13, 22, 27, 30]]
[[6, 24, 10, 12, 15, 18, 3, 16, 2, 11, 9, 13, 7, 19], [7, 9, 12, 3, 10, 20, 19, 1, 2, 17, 0, 18, 11], [30, 1, 28, 4, 6, 9, 12, 18, 25, 34, 10, 16, 29, 3, 22, 2, 7, 21, 23, 31], [31, 57, 1, 20, 32, 3, 16, 23, 26, 28, 37, 41, 43, 46, 5, 14, 34, 39, 44, 49, 2, 21], [5, 27, 47, 17, 33, 1, 38, 7, 24, 42, 19, 28, 43, 11, 34, 2, 18, 39, 46, 35, 37, 45, 30, 16, 32, 8, 3, 40], [16, 5, 3, 6, 1, 2, 0, 4, 21, 23]]
[[14, 24, 19, 18, 0, 3, 12, 21, 1, 7, 10, 15, 22, 9, 20, 17], [11, 13, 33, 2, 14, 1, 4, 8, 17, 19, 23, 26, 6, 9, 3, 15, 5, 16, 34, 0, 25], [0, 13, 26, 9, 8, 5, 11, 16, 28, 31, 23, 29, 32, 22, 1, 10, 21, 7, 2, 3], [19, 8, 11, 16, 21, 5, 9, 12, 17, 22, 4, 3, 6, 15], [19, 8, 13, 5, 9, 4, 1, 3, 17, 14], [21, 12, 14, 18, 23, 19], [16, 9, 14, 4, 7, 3, 6, 0, 10, 13], [22, 0, 7, 13, 16, 5, 10, 14, 17, 9, 23, 21, 19, 11], [12, 2, 17, 6, 9, 22, 0, 14, 20, 23]]
[[10, 7, 15, 6, 12, 14, 11, 9], [22, 1, 4, 5, 2, 0, 16, 20, 8, 18, 23, 24], [4, 25, 1, 6, 14, 21, 8, 13, 29, 16, 3, 2], [0, 3, 7, 14, 5, 16, 8, 1, 12, 9], [17, 7, 11, 3, 14, 15, 9, 2, 12, 6], [18, 21, 5, 4, 7, 14, 0, 10], [14, 32, 18, 20, 21, 0, 9, 22, 4, 13], [14, 12, 2, 8, 9, 1, 19, 6]]
[[10, 12, 1, 6, 3, 11, 8, 7, 9, 4], [18, 27, 33, 9, 32, 25, 30, 2, 7, 10, 15, 23], [0, 35, 42, 22, 48, 7, 10, 25, 38, 46, 11, 14, 18, 26, 30, 39, 44, 21, 49, 1, 34, 3, 33, 29, 36, 43, 50, 12], [10, 1, 11, 13, 7, 17, 19, 3], [21, 8, 11, 18, 24, 0, 4, 12, 16, 7, 15, 19, 22, 13, 25], [13, 1, 3, 6, 9, 16, 19, 4, 20, 2, 7, 14], [8, 12, 25, 34, 0, 4, 13, 17, 22, 32, 7, 24, 28, 31, 16, 21, 20, 23, 14, 18], [3, 6, 7, 1, 0, 4], [20, 11, 25, 29, 33, 7, 12, 16, 22, 26, 34, 10, 32, 15, 21, 19, 18, 13, 17, 27], [1, 3, 6, 10, 4, 8], [12, 11, 18, 17], [11, 21, 5, 15, 18, 24, 16, 22, 2, 9, 7, 6]]
[[22, 24, 7, 14, 19, 26, 0, 4, 12, 6, 9, 3, 23, 11], [3, 7, 14, 5, 8, 15], [24, 10, 18, 1, 5, 6, 12, 9, 15, 19, 0, 11, 13, 2], [16, 3, 8, 12, 19, 22, 27, 31, 35, 4, 9, 23, 28, 36, 7, 1, 37, 20, 0, 17], [13, 3, 6, 16, 0, 5, 4, 14, 19, 17, 11], [15, 4, 7, 19, 23, 25, 2, 26, 1, 5], [0, 10, 18, 4, 19, 3, 7, 14, 16, 6, 13, 1], [22, 6, 12, 26, 3, 7, 13, 19, 27, 0, 23, 2], [19, 2, 4, 15, 11, 6, 12, 17]]
[[2, 16, 18, 21, 6, 19, 8, 15, 5, 10, 17, 12], [7, 2, 4, 14, 17, 20, 24, 0, 15, 21, 23, 3, 22, 25, 12], [19, 26, 23, 22, 10, 13, 0, 11, 4, 7], [10, 18, 2, 4, 16, 7, 13, 0, 5, 11], [5, 20, 0, 6, 14, 10, 13, 15], [11, 32, 2, 15, 27, 4, 25, 14, 7, 35, 0, 5, 36, 31], [10, 14, 22, 2, 17, 20, 25, 28, 0, 8, 18, 26, 6, 11], [20, 2, 21, 13, 16, 29, 33, 0, 7, 17, 26, 30, 34, 6]]
[[8, 11, 15, 24, 19, 5, 3, 2, 20, 26, 14, 18], [11, 22, 37, 6, 2, 13, 17, 19, 29, 0, 20, 26, 5, 7, 10, 12, 23, 14, 24, 3], [20, 6, 13, 3, 10, 12, 2, 9, 22, 0, 4, 21], [22, 27, 35, 6, 5, 13, 33, 0, 15, 19, 37, 41, 16, 20, 7, 14, 34, 9, 12, 32], [12, 17, 15, 36, 2, 6, 8, 19, 23, 31, 42, 29, 28, 5, 39, 1, 16, 37, 26, 27], [7, 13, 30, 11, 15, 19, 28, 5, 20, 24, 23, 4, 27, 0, 26, 8]]
[[11, 39, 45, 34, 23, 7, 18, 21, 31, 36, 41, 0, 8, 12, 19, 37, 6, 17, 30, 35], [16, 26, 13, 2, 10, 19, 20, 23, 29, 32, 3, 8, 21, 27, 30, 14, 7, 35, 34, 17, 28, 24], [26, 29, 7, 18, 0, 14, 24, 37, 3, 9, 27, 30, 33, 39], [17, 23, 2, 10, 19, 28, 32, 0, 3, 8, 29, 14, 27, 31, 7, 15, 26, 18, 20, 21], [22, 16, 14, 7, 0, 12, 19, 1, 4, 10], [1, 24, 36, 41, 3, 19, 47, 27, 42, 45, 6, 15, 38, 52, 55, 10, 34, 18, 22, 28, 46, 5, 50, 9, 33, 4]]
[[11, 14, 0, 4, 15, 10, 3, 5, 6], [14, 1, 8, 13, 16, 5], [16, 24, 8, 13, 25, 27, 2, 10, 1, 6, 19, 18, 9, 17, 11, 20], [9, 16, 5, 4, 7, 14], [18, 3, 6, 9, 15, 17], [10, 15, 21, 19, 3, 13, 7, 23], [18, 3, 10, 22, 7, 14, 8, 19, 21, 13, 17, 0, 11, 15, 23, 9], [31, 4, 9, 12, 16, 22, 29, 2, 13, 19], [40, 3, 9, 30, 23, 0, 16, 19, 35, 6, 13, 17, 20, 26]]
[[14, 23, 5, 11, 18, 21, 3, 9, 12, 19, 0, 2], [19, 34, 0, 1, 15, 24, 28, 2, 9, 16, 22, 25, 29, 6, 13, 8], [13, 23, 30, 2, 10, 21, 0, 7, 18, 5, 22, 14], [13, 24, 17, 19, 6, 4, 0, 9], [6, 14, 20, 8, 10, 9, 7, 15, 23, 0], [14, 26, 35, 4, 10, 17, 20, 23, 31, 2, 8, 12, 18, 27, 7, 30, 0, 11, 32, 29, 15, 21]]
[[27, 32, 14, 6, 16, 21, 30, 0, 7, 11, 17, 22, 5, 10], [7, 15, 2, 4, 18, 19, 20, 10], [10, 14, 31, 16, 15, 5, 18, 21, 24, 19, 4, 2, 1, 25, 0, 17], [13, 3, 15, 2, 14, 5, 7, 20, 23, 4, 18, 16], [11, 2, 0, 5, 1, 3, 12]]
[[7, 5, 10, 3, 2, 6, 4, 0], [5, 7, 1, 3, 10, 13, 15, 12, 2, 8, 19, 0], [5, 21, 8, 2, 13, 17, 0, 10, 18, 22, 9, 11, 16, 19], [8, 23, 2, 5, 11, 14, 20, 6, 12, 3, 4, 15, 9, 7], [19, 24, 10, 4, 14, 16, 8, 12, 17, 21, 3, 1, 11, 20, 5, 22], [20, 2, 5, 9, 12, 6, 4, 3, 7, 13], [1, 16, 9, 15, 12, 21, 10, 13, 22, 17], [18, 21, 2, 13, 15, 10, 12, 6, 14, 5]]
[[10, 13, 16, 19, 23, 3, 2, 11, 14, 17, 4, 12], [26, 36, 1, 4, 7, 18, 21, 30, 33, 38, 5, 8, 15, 19, 31, 3, 14, 2, 34, 13], [7, 10, 1, 3, 5, 13, 2, 8, 0, 4, 11], [12, 31, 13, 25, 3, 7, 15, 18, 28, 4, 8, 16, 21, 29, 2, 27, 1, 26, 0, 14, 32, 24, 30], [10, 3, 6, 7, 2, 1, 0, 4, 11], [0, 2, 5, 14, 17, 24, 27, 12, 15, 25, 10, 11, 20, 9, 21, 3, 22], [13, 4, 7, 11, 17, 2, 15, 1, 0, 14, 16, 6], [4, 19, 29, 6, 26, 7, 11, 10, 1, 0, 5, 31, 18, 2]]
[[8, 15, 11, 7, 12, 14, 18, 10], [1, 15, 19, 10, 2, 14, 7, 12, 4, 20], [1, 5, 7, 2, 4], [25, 2, 1, 8, 13, 6, 21, 3, 5, 14, 19, 26, 0, 28, 15, 16], [19, 37, 14, 32, 13, 31, 3, 6, 9, 16, 25, 34, 4, 1, 15, 33, 23, 24, 12, 30, 36, 10, 26, 35], [4, 13, 5, 10, 15, 1, 2, 0, 6, 7, 11, 3]]
[[32, 15, 17, 27, 8, 12, 29, 5, 10, 13, 18, 20, 25, 4, 28, 16, 23, 24], [26, 29, 2, 40, 45, 17, 42, 39, 5, 8, 20, 0, 6, 21, 24, 30], [10, 22, 4, 16, 35, 32, 33, 7, 24, 28, 20, 25, 29, 36, 6, 17, 34, 5, 14, 19], [26, 32, 48, 3, 20, 43, 1, 19, 42, 5, 8, 12, 22, 28, 33, 52, 24, 29, 51, 4], [30, 11, 20, 1, 5, 14, 22, 26, 27, 2, 15, 17, 10, 13], [26, 21, 23, 6, 8, 28, 13, 17, 1, 5, 22, 16], [10, 21, 15, 6, 17, 23, 26, 28, 19, 31, 18, 8]]
[[11, 0, 4, 12, 3, 9, 8, 1, 13], [6, 23, 14, 0], [17, 2, 4, 7, 10, 5, 3, 0, 18], [11, 8, 16, 18, 9, 12, 19, 15, 2, 6, 17, 13], [16, 23, 7, 11, 6, 0, 20, 3, 12, 21], [12, 24, 6, 19, 2, 17, 18, 0, 4, 7, 15, 20, 26, 9], [0, 17, 5, 9, 1, 2, 3, 6, 10], [7, 10, 22, 21, 24, 5, 17, 0, 18, 27, 26, 2]]
[[14, 10, 7, 12, 0, 4, 3, 11, 9, 8, 5], [8, 15, 3, 10, 12, 0, 2, 4, 5, 1, 6], [19, 6, 9, 12, 0, 7, 20, 4, 3, 5, 13, 21], [9, 19, 28, 2, 4, 22, 26, 0, 5, 13, 23, 8, 3, 20, 12, 10], [10, 23, 2, 13, 14, 16, 21, 29, 31, 18, 17, 3, 27, 6], [9, 20, 29, 34, 1, 5, 13, 32, 3, 2, 28, 25, 0, 24], [13, 23, 16, 20, 8, 28, 5, 27, 18, 4, 21, 0, 17, 24, 6, 25]]
[[6, 9, 17, 0, 4, 20, 14, 3, 12, 16, 8, 10], [20, 14, 23, 9, 0, 4, 10, 3, 7, 16, 2, 15], [20, 2, 7, 10, 4, 1, 3, 21, 5], [12, 4, 0, 9, 5, 13, 1, 6, 10, 14], [10, 6, 0, 13, 1, 14, 7, 11], [7, 10, 16, 3, 13, 2, 12, 5, 4, 15]]
[[12, 19, 5, 21, 23, 3, 14, 24, 2, 6, 10, 13, 25], [18, 30, 33, 9, 11, 28, 25, 6, 13, 23, 0, 3], [0, 17, 23, 33, 5, 35, 24, 31, 37, 8, 1, 36, 21, 26, 27, 10, 2, 3], [12, 32, 27, 36, 26, 35, 5, 23, 29, 3, 14, 21, 30, 9, 19, 2], [1, 10, 9, 12, 15, 20, 23, 13, 6, 7, 5, 2, 11, 14], [1, 13, 22, 27, 10, 16, 3, 11, 14, 17, 25, 24], [1, 14, 8, 17, 11, 9], [16, 22, 10, 13, 8, 11, 18, 24, 1, 6, 0, 23], [12, 24, 19, 8, 15, 5, 17, 4, 20, 0, 26, 16]]
[[4, 6, 11, 14, 8, 17, 12, 0, 5, 13, 9, 15], [0, 8, 16, 4, 9, 21, 24, 5], [14, 23, 0, 28, 29, 31, 7, 16, 20, 25, 3, 10, 2, 33, 11, 32, 1, 30]]
[[5, 8, 15, 3, 9, 12, 16, 11, 14, 2], [8, 16, 5, 13, 2, 10, 1, 0], [5, 6, 12, 2, 9, 15, 0, 10, 16, 7, 13, 3], [3, 13], [9, 6, 0, 12, 15, 2, 13, 16], [0, 10, 5, 1], [4, 18, 10, 9, 14, 20, 6, 16], [9, 13, 16, 10, 14, 17, 12, 7, 0, 2], [0, 5, 19, 8, 9, 7, 12, 1, 6, 20, 2, 3], [8, 25, 19, 16, 12, 21, 28, 0, 13, 29, 11, 20, 2, 23]]
[[6, 3, 2, 9, 7], [4, 6, 15, 2, 9, 1, 12, 0, 11, 16], [25, 33, 40, 50, 1, 45, 44, 4, 7, 21, 31, 35, 54, 8, 14, 23, 29, 36, 20, 13, 3, 46, 2, 48, 22, 12, 26, 53], [8, 15, 3, 6, 11, 22, 12, 23, 4, 13], [23, 1, 6, 9, 12, 15, 7, 3, 2, 25, 13, 4, 10, 19]]
[[15, 0, 8, 7, 11, 14, 10, 16, 1, 2, 17], [17, 3, 4, 1, 13, 16], [17, 1, 3, 6, 11, 10, 2, 19, 4], [17, 2, 1, 4, 7, 5], [17, 1, 5, 9, 20, 2, 0, 19, 21, 3], [7, 3, 1, 5, 14, 17, 28, 29, 31, 34, 10, 15, 4, 6], [16, 1, 3, 6, 4, 9, 2, 17, 0], [4, 13, 6, 1, 2, 10]]
[[5, 17, 8, 11, 14, 3, 12, 7, 2, 9, 15], [13, 36, 4, 25, 28, 31, 2, 5, 15, 26, 22, 1, 20, 0, 21, 14, 34, 37, 32, 23], [13, 17, 21, 1, 20, 5, 8, 11, 24, 6, 25, 10, 2, 22, 23, 18, 3, 26], [7, 17, 23, 27, 32, 0, 2, 5, 25, 30, 35, 14, 36, 21, 12, 13, 20, 3, 8, 1, 37, 15, 28, 33]]
[[12, 18, 9, 8, 5, 15, 3, 16], [20, 11, 2, 10, 5, 7, 25, 3, 8, 13], [9, 0, 5, 7, 13, 25, 3, 23, 10, 29, 22, 28, 27, 1], [29, 2, 11, 5, 20, 17, 22, 25, 32, 12, 15, 18, 14, 4, 21, 3, 6, 30], [0, 7, 13, 29, 1, 4, 8, 14, 28, 17, 24, 6], [16, 3, 19, 2, 18, 7, 13, 25, 11, 28], [7, 10, 13, 5, 17, 16, 1, 4, 0, 8, 6, 11]]
[[12, 17, 24, 32, 20, 22, 5, 9, 14, 3, 10, 2, 8, 21, 7, 25, 19, 0, 15, 27], [2, 22, 29, 4, 14, 12, 7, 8, 16, 24], [24, 41, 14, 11, 12, 31, 16, 32, 4, 15, 33, 3], [24, 7, 10, 28, 4, 3, 29, 0, 5, 11, 12, 15, 18, 21], [26, 3, 6, 9, 12, 30, 7, 5, 4, 24, 31, 0, 22], [11, 15, 22, 4, 9, 24, 18, 21]]
[[5, 11, 17, 3, 9, 2, 8, 15, 7, 14, 0, 12], [14, 29, 2, 7, 11, 20, 25, 27, 34, 15, 21, 30, 5, 3], [10, 12, 15, 18, 3, 16], [20, 3, 5, 8, 18, 22, 25, 6, 9, 16, 4, 15], [15, 30, 3, 2, 8, 12, 21, 26, 28, 35, 16, 22, 31, 4, 6, 17], [14, 5, 8, 7, 2, 12, 0, 3], [15, 11, 12, 1, 5, 8, 4, 2, 3, 0]]
[[20, 18, 6, 17, 9, 3, 13, 2, 19, 1], [15, 18, 25, 11, 23, 7, 19, 10, 21, 3, 13, 27, 12, 6], [13, 17, 27, 22, 2, 18, 20, 24, 5, 8, 4, 1, 0, 19], [17, 20, 34, 24, 4, 21, 23, 26, 14, 28, 36, 7, 29, 10], [27, 10, 4, 1, 16, 9, 12, 21, 7, 6, 3, 17, 2, 11]]
[[18, 9, 14, 2, 7, 10, 4, 1, 6, 15, 16], [9, 2, 11, 14, 0, 12, 4, 15, 6, 16, 17, 7], [0, 11, 4, 16, 17, 6, 12, 22, 1, 21, 20, 18], [16, 1, 2, 4, 8, 12, 21, 5], [6, 13, 0, 10, 14, 2, 9, 4, 1, 8], [1, 2, 13, 8, 19, 6, 9, 3], [19, 1, 15, 11, 16, 3, 13, 9], [12, 21, 19, 0, 14, 5, 10, 15, 7, 20, 4, 9, 13, 22, 23]]
[[10, 13, 6, 11, 18, 5, 9, 19, 8, 14, 15, 20, 3], [1, 10, 8, 4, 12, 3], [0, 1, 3, 8, 12, 15, 5, 9], [7, 15, 4, 18, 2, 12, 1, 13, 11, 0, 16, 5], [0, 15, 26, 42, 1, 3, 7, 10, 19, 23, 28, 32, 4, 16, 24, 22, 2, 37, 44, 5, 31], [8, 23, 1, 16, 10, 13, 6, 11, 17, 3], [23, 40, 55, 75, 78, 91, 5, 4, 32, 44, 62, 72, 84, 1, 18, 48, 53, 66, 68, 28, 34, 46, 64, 69, 80, 38, 45, 73]]
[[7, 11, 20, 23, 21, 3, 4, 6, 10, 22, 5, 8], [17, 41, 1, 3, 6, 9, 12, 18, 23, 26, 34, 37, 39, 7, 13, 24, 35, 2, 33, 32, 20, 0, 4, 21], [22, 29, 1, 7, 10, 16, 25, 4, 8, 14, 27, 6, 13, 2, 3, 26, 23, 17], [18, 4, 7, 10, 13, 8, 3, 2, 19, 11, 21, 1], [19, 16, 0, 2, 12, 9, 13, 8, 18, 17, 15, 3, 4, 10, 20]]
[[7, 10, 25, 5, 13, 16, 20, 3, 14, 2, 6, 8, 11, 9, 19, 26], [5, 16, 2, 7, 13, 21, 0, 8, 14, 17], [0, 5, 20, 9, 8, 11, 16, 22, 25, 17, 23, 15, 1, 10, 7, 2], [14, 0, 3, 16, 1, 4], [15, 19, 30, 11, 20, 3, 24, 27, 32, 0, 22, 28, 14, 6], [16, 5, 8, 2, 1, 0, 3, 12]]
[[16, 28, 7, 10, 12, 24, 0, 5, 8, 14, 25, 4, 21, 17, 20, 18], [3, 11, 1, 6, 15, 4], [0, 7, 4, 8], [20, 7, 21, 4, 11, 16, 0, 5, 9, 17], [34, 2, 29, 40, 47, 1, 4, 12, 20, 23, 30, 41, 48, 46, 3, 28, 32, 50], [20, 34, 4, 26, 7, 9, 17, 22, 31, 0, 10, 18, 23, 28, 32, 16, 6, 5]]
[[15, 10, 12, 5, 17, 3, 13, 18, 2, 11, 9, 0, 19], [12, 2, 4, 1, 11, 0], [15, 4, 11, 0, 9, 12, 17, 2, 8, 16, 5], [2, 5, 10, 0], [10, 13, 11, 5, 0, 7, 15, 1], [19, 3, 2, 5, 9, 12, 6, 4, 0, 7], [12, 25, 17, 19, 6, 14, 27, 23, 20, 1], [8, 28, 10, 13, 15, 21, 25, 1, 6, 11, 19, 22, 26, 29, 0, 18], [2, 16, 0, 6, 14, 17, 21, 8, 5, 4], [15, 13, 8, 17, 20, 5, 4, 14]]
[[15, 21, 7, 13, 16, 22, 10, 19, 6, 18, 23, 12, 20, 0], [13, 15, 6, 9, 18, 23, 2, 7, 1, 3, 16, 24, 0, 17], [0, 11, 26, 33, 36, 39, 3, 8, 24, 27, 34, 37, 5, 23], [13, 11], [4, 1, 6, 18, 11, 13, 22, 14, 20, 7, 19, 2, 9, 0, 5, 17], [6, 9, 11, 13], [11, 8, 17, 5, 14, 2, 6, 12], [13, 6, 16, 2, 8, 18, 28, 0, 3, 9, 14, 19, 23, 29], [22, 6, 7, 18, 26, 29, 2, 19, 24, 27, 1, 8, 10, 5], [18, 4, 7, 5, 10, 1, 2, 0, 19, 14, 3]]
[[11, 2, 9, 6, 1, 5, 7, 3, 12], [5, 16, 29, 1, 19, 18, 3, 12, 25, 23, 26, 32, 11, 22], [0, 10, 5, 1, 11, 3], [5, 12, 13, 3, 6, 9], [14, 3, 6, 17, 28, 26, 0, 7], [4, 2, 5, 9, 1, 0, 3, 6], [5, 11, 14, 15, 3, 6, 12, 9], [26, 3, 6, 23, 10, 21, 0, 16, 28, 7, 17, 24], [4, 2], [8, 11, 13, 15, 6, 20, 3, 19, 2, 16, 14, 12, 4, 17, 21]]
[[14, 19, 5, 10, 16, 3, 12, 21, 2, 8, 9, 1], [14, 8, 17, 5, 16, 1, 19, 2, 0, 9, 6, 18, 20], [26, 2, 3, 27, 8, 11, 20, 23, 30, 9, 17, 19, 16, 0], [16, 19, 6, 9, 2, 5, 1, 0, 12, 17], [13, 10, 11, 14, 2, 7, 16, 3, 6, 0], [8, 19, 1, 3], [3, 1, 5, 7, 4, 2], [13, 25, 2, 15, 7, 20, 5, 8, 18, 11, 23, 3], [10, 12, 1, 15], [10, 28, 18, 6, 15, 33, 3, 13, 26, 20, 2, 23, 31, 24]]
[[11, 3, 2, 9, 14, 4, 8, 12], [13, 4, 17, 2, 5, 1, 0, 14, 3, 16], [9, 18, 1, 3, 7, 21, 23, 2, 10, 11, 8, 19], [11, 12, 5, 8, 15, 17, 20, 2, 6, 18, 21, 1], [19, 4, 7, 12, 15, 5, 13, 1, 11, 0, 2, 8], [16, 3, 6, 9, 13, 4, 2, 1, 7], [5, 8, 21, 15, 18, 2, 12, 16, 1, 24, 25, 0, 11, 23], [4, 6, 10, 18, 15, 1, 0, 5, 7, 20, 2, 16], [3, 5]]
[[0, 6, 3, 5, 7], [11, 12, 4, 15, 22, 25, 2, 16, 23, 27, 1, 8], [17, 4, 6, 9, 14, 2, 7, 15, 19, 13, 1, 18], [10, 1, 13, 4, 7, 15, 18, 5], [18, 20, 0, 9, 13, 3, 7, 6, 19, 12, 1], [15, 6, 10, 0, 4, 9, 3, 11, 16], [11, 6, 0, 3, 9, 12, 5], [5, 14, 18, 21, 2, 1, 13, 10, 8, 6, 9, 12, 4, 3, 19], [7, 16, 10, 13, 3, 11, 2, 6]]
[[5, 23, 11, 14, 16, 20, 25, 3, 12, 2, 8, 1, 7, 19, 24, 9], [7, 1, 3, 5, 12, 14, 2, 8, 0, 9, 6, 10], [2, 3], [1, 10, 12, 7, 6, 8, 9, 11], [12, 25, 35, 39, 46, 1, 44, 48, 22, 43, 4, 7, 10, 15, 18, 8, 13, 3], [18, 5, 8, 12, 15, 21, 6, 13, 19, 2, 1, 11], [9, 0, 11, 15, 6, 12, 5, 10, 1, 7, 13, 16], [15, 24, 4, 7, 10, 28, 2, 5, 16, 26, 1, 0, 25, 27, 6, 8], [3, 1, 2, 4]]
[[22, 5, 8, 12, 17, 24, 3, 10, 13, 18, 25, 2, 23, 1, 21, 16], [3, 2, 5, 8], [29, 8, 15, 19, 24, 31, 0, 5, 9, 17, 20, 25, 32, 4, 30, 28, 23, 7], [38, 8, 3, 10, 32, 34, 0, 4, 35, 41, 9, 31], [2, 10, 16, 0, 3, 8], [14, 4, 16, 9, 11, 19, 21, 0], [16, 0, 9, 13, 20, 2, 11, 14], [18, 4, 1, 2, 11, 3, 0, 5, 12, 13, 19], [4, 7, 2, 10], [14, 2, 1, 8, 11, 17, 20, 24, 28, 6, 9, 21, 25, 29], [12, 1, 17, 24, 4, 7, 21, 28, 3, 18, 27, 2, 15, 16]]
[[8, 21, 25, 23, 5, 15, 17, 13, 4, 12, 24, 3, 27, 26, 16, 18], [13, 21, 4, 9, 17, 2, 6, 0, 7, 5], [22, 3, 2, 10, 12, 15, 7, 4, 6, 24], [13, 3, 1, 5, 8, 16, 4, 6, 2, 0], [22, 9, 11, 1, 5, 16, 19, 25, 28, 2, 17, 20, 23, 8, 13, 12], [12, 1, 18, 21, 5, 7, 26, 23, 27, 29], [0, 7, 24, 11, 4, 14, 19, 2, 1, 13, 12, 25, 10, 15, 18], [8, 10, 17, 14, 0, 2, 5, 15, 13, 11]]
[[9, 19, 5, 12, 0, 3, 13, 2, 6, 1, 7], [11, 13, 1, 2, 8, 18, 9, 19], [0, 8, 4, 10], [27, 2, 14, 42, 1, 13, 20, 29, 40, 5, 8, 16, 23, 33], [20, 2, 1, 4, 7, 12, 25, 5, 14, 23, 3, 17], [9, 3, 16, 1, 5, 14], [5, 7, 18, 3, 12, 20, 14, 9], [11, 16, 26, 1, 2, 4, 12, 20, 22, 14, 23, 3, 19, 13, 0, 27]]
[[22, 7, 10, 14, 17, 2, 12, 1, 9, 8, 11, 23, 6, 24], [29, 34, 12, 10, 23, 30, 14, 17, 2, 15], [1, 6, 10, 3, 13, 19, 4, 7, 9, 2, 0, 15, 17], [8, 11], [16, 24, 26, 7, 14, 2, 27, 21, 1, 5, 19, 22, 4, 20, 8, 9], [1, 9, 12, 3, 14, 15, 8, 2, 13, 26, 18, 7, 17, 4, 16], [11, 13, 16, 3, 14, 7, 1, 12], [20, 3, 11, 0, 2, 5], [11, 28, 13, 5, 16, 21, 2, 1]]
[[7, 5, 10, 3, 2, 8, 6], [8, 14, 16, 21, 4, 18, 0, 5, 11, 19, 25, 24], [11, 18, 30, 26, 2, 14, 22, 0, 8, 15, 23, 29, 5, 27, 9, 28, 7, 25], [4, 8, 13, 0, 21, 17, 2, 11, 12, 22, 3, 20], [33, 13, 3, 30, 8, 26, 18, 24, 27, 15, 17, 5, 29, 23, 31, 4, 14, 16, 22, 0, 6, 19], [11, 20, 23, 5, 17, 1, 2, 6, 14, 18, 21, 24]]
[[20, 14, 23, 0, 7, 11, 18, 24, 6, 10, 17, 9, 15, 1, 12], [11, 2, 8, 14, 18, 4, 9, 15, 19, 1], [2, 12, 15, 18, 21, 0, 3, 6, 10, 13, 16, 19, 22, 5, 9], [21, 5, 8, 11, 14, 9, 7, 6, 19, 0, 15, 18], [16, 24, 2, 1, 10, 12, 14, 21, 22, 3, 6, 19, 20, 5], [0, 22, 5, 12, 1, 15, 14, 13, 2, 3], [6, 9, 22, 12, 18, 25, 0, 10, 13, 19, 23, 26, 2, 16]]
[[12, 20, 6, 23, 7, 14, 26, 5, 28, 16, 18, 21, 29], [21, 2, 1, 8, 12, 6, 19, 3, 5, 23, 0, 14], [12, 25, 5, 19, 0, 6, 20, 21, 22, 1, 18, 10, 13, 26], [0, 6, 17, 10, 9, 1, 11, 13, 15, 18], [9, 0, 2, 1, 10, 11], [13, 19, 1, 6, 21, 4, 3, 17, 2, 0, 5, 10, 14], [11, 16, 14, 4, 24, 25, 15, 3, 21, 2, 20, 9, 13, 17, 23, 12, 22]]
[[20, 15, 14, 6, 4, 11, 3, 16, 18, 7, 21, 13], [16, 19, 36, 2, 21, 4, 7, 11, 23, 26, 39, 5, 24, 3, 20, 22, 34, 27, 29, 40], [9, 22, 6, 12, 4, 3, 24, 0, 7], [15, 3, 2, 8, 18, 24, 0, 19, 4, 22, 6, 21, 20, 9], [12, 19, 7, 10, 4, 3, 17, 21, 0, 5], [14, 23, 3, 1, 5, 11, 17, 20, 6, 4, 12, 18]]
[[8, 16, 23, 0, 5, 10, 18, 29, 4, 27, 28, 26, 9, 17], [9, 3, 0, 4, 22, 11, 8, 21, 12, 13, 15, 10], [13, 17, 23, 6, 8, 10, 20, 25, 3, 11, 18, 21, 24, 1, 26, 2], [3, 15, 23, 37, 24, 34, 17, 5, 4, 30, 20, 33, 16, 28], [8, 12, 4, 17, 9, 18], [23, 2, 27, 0, 6, 1, 26, 3, 31, 9, 11, 14]]
[[13, 15, 3, 10, 16, 7, 0, 2, 9, 1], [12, 26, 1, 20, 3, 8, 16, 22, 4, 18, 23, 7], [10, 8, 0, 17, 22, 4, 11, 15], [4, 23, 2, 12, 6, 7, 14, 17], [26, 8, 15, 2, 19, 22, 0, 4, 9, 17], [12, 29, 2, 5, 21, 23, 27, 31, 24, 6, 10, 3, 15, 16], [10, 21, 13, 15, 4, 6, 17, 25, 18, 26, 16, 1, 2, 0], [14, 19, 27, 16, 20, 6, 10, 3, 24, 2, 22, 7, 15, 17], [14, 1, 10, 4, 6, 16, 12, 17, 3, 2, 11, 15]]
[[14, 6, 16, 22, 0, 4, 17, 23, 3, 15, 26, 13, 20, 18], [6, 15, 0, 7, 10, 16, 5, 14, 13, 9], [8, 16, 2, 14, 18, 21, 19, 6, 11, 4], [9, 20, 29, 2, 4, 1, 7, 15, 5, 26, 25, 3, 14, 0, 28, 10, 27], [31, 3, 15, 13, 6, 17, 19, 24, 0, 8, 16, 4, 27, 5], [7, 20, 2, 4, 9, 17, 12, 3, 10, 18, 14, 21], [9, 14, 19, 24, 16, 15, 6, 22]]
[[5, 3, 2, 1, 6], [11, 17, 1, 34, 3, 6, 9, 14, 21, 24, 36, 39, 7, 12, 22, 25, 37, 2], [9, 22, 1, 3, 7, 15, 25, 2, 10, 24, 0, 11, 23, 8, 27], [15, 1, 3, 10, 12, 22, 24, 4, 18, 25, 2, 17, 0, 16, 13, 11, 26], [21, 3, 6, 9, 13, 16, 7, 14, 4, 12, 5], [15, 20, 1, 4, 7, 12, 18, 5, 10, 16], [20, 29, 9, 13, 23, 16, 25, 0, 33, 14, 31, 17, 27, 8, 11, 26], [5, 21, 1, 7, 11, 12, 17, 22, 2, 0, 19, 25, 8, 3], [12, 4, 15, 2, 5, 13, 1, 0, 14, 3]]
[[7, 17, 3, 5, 8, 2, 9, 11], [10, 1, 31, 3, 6, 14, 17, 36, 15, 23, 33, 37, 32, 2, 30, 7, 29, 11, 0, 4, 8, 12, 39, 24, 34], [5, 28, 1, 7, 11, 23, 38, 43, 20, 29, 36, 2, 35, 6, 33, 8, 39, 37, 42, 44, 3, 40, 41, 22]]
[[8, 12, 17, 32, 26, 10, 15, 22, 3, 13, 23, 27, 25, 2, 18, 21, 16, 28, 33], [11, 20, 5, 8, 14, 2, 1, 0, 13, 3, 9, 15], [18, 23, 40, 3, 25, 27, 2, 24, 5, 10, 30, 33, 28, 4, 13, 21, 26, 44, 19, 6, 9, 41], [14, 18, 28, 22, 23, 25, 2, 0, 26, 5, 9, 7, 24, 13, 15, 19]]
[[7, 18, 23, 5, 12, 16, 21, 3, 13, 24, 11, 20, 2, 6, 8, 22], [11, 24, 1, 4, 8, 13, 19, 22, 5, 2, 3, 16, 17, 18, 0, 25], [6, 8, 10, 14, 3, 11, 2, 5, 13, 4, 12], [1, 3, 7, 14, 18, 4, 8, 15, 19, 17, 2, 12], [15, 26, 5, 3, 20, 7, 12, 24, 0, 8, 13, 16], [11, 5, 8, 2, 12, 7, 3, 6], [7, 12], [7, 10, 23, 13, 16, 12]]
[[14, 9, 18, 23, 28, 7, 19, 24, 29, 6, 15, 17, 1, 13, 3, 0, 20, 21, 34], [23, 13, 15, 4, 20, 26, 2, 18, 21, 29, 17, 1, 12, 0], [12, 0, 9, 14, 4, 7, 10, 16, 6, 25, 15, 26, 8, 17, 22], [15, 3, 5, 8, 12, 0], [2, 5, 20, 17, 22, 0, 7, 13, 23, 4, 12, 21], [25, 3, 2, 9, 18, 20, 33, 10, 14, 21, 29, 35, 6, 4, 19, 34], [3, 1, 5, 7, 12, 18, 24, 8, 21, 6, 16, 4], [5, 2, 3, 6], [6, 25, 13, 20, 8, 15], [4, 12, 1, 2]]
[[4, 6, 11, 12], [5, 0, 13, 15, 7, 2, 14, 1, 12, 6]]
[[17, 8, 13, 0, 4, 9, 14, 7, 3, 5, 10, 11, 15], [12, 23, 9, 14, 27, 29], [16, 19, 10, 13, 0, 4, 11, 9, 3, 20], [11, 14, 20, 16, 3, 1, 17, 4, 0, 15], [1, 6, 13, 16, 26, 31, 2, 7, 14, 27, 32, 10, 24, 21, 35, 3, 0, 20], [6, 21, 8, 10, 17, 23, 1, 16, 3, 4], [9, 5, 11, 20, 14, 22, 2, 23], [14, 8, 11, 17, 4, 9, 15, 3]]
[[20, 17, 5, 23, 29, 9, 4, 8, 18, 3, 16, 21, 24, 0, 10, 19], [12, 21, 15, 5, 18, 25, 2, 0, 3, 16, 23, 19, 6, 26], [13, 32, 22, 0, 2, 10, 20, 26, 9, 18, 8, 19, 28, 7, 17, 25, 23, 33, 3, 11], [16, 20, 3, 5, 10, 1, 6, 14, 15, 8], [0, 19, 26, 31, 4, 21, 29, 36, 22, 33, 9, 14, 1, 10, 30, 20, 27, 32], [14, 19, 6, 3, 9, 0, 2, 21, 17, 4, 22], [21, 29, 14, 6, 8, 11, 17, 23, 3, 9, 16, 1, 27, 28, 2, 18, 24, 0]]
[[14, 19, 23, 16, 21, 3, 2, 6, 7, 5, 17, 24, 25, 8, 22], [13, 17, 15, 23, 2, 1, 6, 20, 0, 5, 11, 14, 3, 21], [5, 10, 14, 2, 8, 11, 9, 15, 3, 12, 16], [6, 10, 17, 3, 2, 1, 15, 0, 7, 12, 18, 4], [9, 21, 4, 2, 6, 13, 18, 14, 5, 3, 10, 11, 15, 22], [21, 10, 14, 3, 2, 8, 4, 7, 19, 5, 11, 9], [9, 5, 12, 16, 2, 13, 1, 6, 0, 10]]
[[20, 23, 5, 8, 16, 25, 28, 31, 3, 9, 14, 21, 26, 32, 24, 2], [15, 4, 7, 11, 21, 25, 9, 12, 18, 23], [0, 9, 13, 10, 1, 5], [11, 0, 8, 13, 17, 26, 29, 32, 5, 9, 14, 18, 22, 27, 33, 12, 24, 30, 1, 15, 20], [0, 5, 9, 20, 23, 3, 15, 21, 24, 12, 13, 14, 6, 1, 16, 18], [2, 6, 10, 17, 21, 23, 0, 12, 18, 24, 9, 11, 3, 13, 15, 19], [3, 11, 17, 5, 9, 18, 1, 4, 8, 12], [27, 2, 16, 6, 13, 30, 3, 7, 10, 20, 25, 9], [0, 14, 21, 27, 5, 10, 17, 7, 11, 15, 22, 1, 6, 20, 4, 19], [8, 13, 25, 5, 19, 23, 28, 0, 15, 20]]
[[36, 15, 25, 31, 34, 0, 5, 13, 16, 23, 32, 27, 4, 8], [9, 14, 31, 3, 17, 16, 6, 22, 26, 20, 19, 5, 4, 32], [27, 22, 24, 2, 17, 29, 3, 8, 15, 25, 7, 14, 23, 1, 13, 21, 4, 5], [8, 11, 21, 28, 3, 14, 17, 15, 5, 27, 4, 6, 12, 26], [13, 21, 31, 39, 4, 23, 3, 6, 17, 26, 29, 16, 5, 7, 24, 14, 25, 37, 22, 33, 0, 1, 28, 35], [22, 25, 41, 49, 15, 45, 2, 19, 38, 17, 36, 43, 6, 16, 12, 32, 35, 1], [11, 29, 9, 17, 21, 23, 6, 18, 5, 14, 0, 13, 31, 2, 3, 7, 15, 19]]
[[20, 14, 22, 28, 7, 11, 15, 29, 0, 6, 10, 9, 16, 12], [23, 4, 8, 2, 5, 15, 1, 14, 13, 0, 12, 17], [23, 28, 1, 3, 6, 7, 10, 2, 22, 21, 24, 31, 25, 4, 14, 17], [33, 2, 9, 17, 20, 23, 35, 15, 21, 31, 36, 26, 1, 8, 14, 30, 27, 0, 7, 13], [7, 14, 27, 3, 16, 23, 30, 4, 12, 17, 21, 28, 11, 1, 8, 15, 5, 18, 2], [14, 5, 11, 2, 1, 0, 3, 6], [22, 1, 5, 8, 11, 12, 17, 20, 3, 18, 2, 0], [19, 5, 4, 0, 7, 11, 24, 8], [15, 19, 24, 4, 11, 13, 26, 9, 22, 5, 0, 7, 8, 16, 21, 2, 14, 29]]
[[11, 5, 10, 4, 9], [28, 5, 14, 16, 0, 6, 9, 17, 12, 27, 23, 2, 13, 15, 21, 18, 20], [8, 14, 17, 3, 11, 15, 18, 2, 10, 9, 5, 6, 12], [29, 21, 5, 10, 13, 0, 3, 11, 14, 31, 16, 20, 7, 25, 2, 27, 6, 30, 28], [5, 8, 18, 12, 0, 3, 10, 2, 6, 9, 4]]
[[24, 27, 14, 13, 5, 8, 11, 19, 30, 6], [13, 18, 33, 21, 2, 19, 26, 6, 15, 35, 3, 8], [17, 34, 5, 2, 8, 11, 25, 28, 0, 26, 7, 6, 22, 23, 3, 9, 18, 19, 29, 24], [18, 30, 20, 0, 22, 1], [22, 32, 29, 7, 10, 17, 20, 4, 8, 18, 27, 16, 2, 30, 26, 3, 13, 14, 15, 25], [13, 17, 15, 1, 19, 25, 27, 2, 20, 28]]
[[11, 5, 8, 17, 6, 15, 4, 3, 7, 0], [8, 18, 27, 3, 12, 21, 34, 36, 31, 32, 2, 11], [19, 4, 6, 9, 12, 7, 20, 5, 3, 0, 21], [14, 1, 11, 9, 3, 2, 16, 5], [13, 22, 10, 23, 3, 16, 26, 11, 18, 24], [12, 27, 23, 5, 8, 21, 0, 14]]
[[9, 18, 20, 12, 0, 14, 25, 3, 6, 15, 22, 5], [17, 1, 20, 3, 11, 23, 4, 10, 2, 22, 6, 21, 0, 19], [16, 7, 2, 4, 12, 0], [18, 8, 4, 2, 23, 0, 6, 12, 15, 24], [13, 3, 2, 1, 5, 15, 20, 23, 6, 10, 16, 18], [13, 16, 22, 32, 8, 10, 6, 18, 4, 26]]
[[11, 7, 17, 0, 5, 15, 18, 4], [12, 16, 24, 6, 10, 14, 22, 0, 8, 4, 15, 17, 1, 2, 18, 21], [14, 25, 36, 43, 55, 4, 48, 12, 16, 18, 28, 45, 52, 0, 19, 50, 53, 7, 5, 49, 41, 13], [6, 20, 2, 1, 8, 12, 15, 9, 5, 3, 7, 0], [21, 10, 12, 1, 5, 19], [14, 17, 3, 7, 12, 1], [0, 7, 13, 32, 37, 16, 15, 5, 18, 21, 25, 26, 39, 19, 36, 1]]
[[13, 0, 7, 10, 26, 4, 8, 19, 22, 27, 30, 25, 6, 16], [13, 0, 4, 9, 3, 8, 12, 7, 14], [3, 9, 5, 12, 0, 6], [13, 17, 7, 18, 0, 11, 1, 4, 9, 23], [11, 0, 1, 4, 12, 7, 14, 15, 9], [22, 2, 9, 1, 4, 12, 17, 3, 8, 20, 6, 11, 5, 10], [9, 24, 4, 13, 17, 0, 11, 19, 23, 2, 5, 21, 20, 10]]
[[14, 20, 23, 26, 0, 4, 9, 16, 21, 24, 28, 3, 8, 17], [0, 13, 16, 19, 4, 8, 14, 17, 21, 7, 9, 10], [32, 15, 24, 23, 36, 8, 19, 28, 2, 6, 9, 17], [5, 8, 10, 11, 2, 4], [14, 3, 13, 7, 16, 20, 0, 5, 10, 17], [11, 24, 2, 6, 19, 0, 7, 14, 5, 26, 4, 23], [9, 2, 12, 3, 6, 13], [9, 10, 0, 13, 17, 5], [16, 18, 9, 13, 22, 6, 11, 23], [11, 9, 12, 21]]
[[7, 9, 20, 4, 17, 16, 3, 14, 15, 8, 6, 25], [9, 20, 1, 3, 6, 14, 17, 15, 2, 13, 0, 4, 10, 18], [9, 2, 12, 5, 16, 6, 17, 3, 4, 14, 13, 10, 15], [25, 14, 5, 17, 20, 22, 3, 6, 18, 1, 16, 2, 15, 0, 13, 21, 26]]
[[14, 20, 0, 9, 18, 3, 6, 17, 5, 7], [1, 14, 16, 13, 18, 19, 3, 10, 15, 2], [24, 28, 37, 39, 6, 0, 8, 31, 3, 12], [11, 19, 1, 14, 31, 4, 13, 30, 7, 21, 27, 22], [18, 3, 10, 13, 6, 4, 7, 8, 12], [0, 17, 25, 26, 6, 10, 28, 1, 22, 2, 21, 19]]
[[15, 18, 10, 23, 0, 4, 8, 16, 24, 3, 7, 21, 11, 6], [11, 22, 5, 2, 15, 18, 0, 3], [13, 7, 16, 20, 23, 28, 0, 8, 11, 17, 21, 24, 29, 15, 27, 6], [10, 5, 8, 6, 2, 11, 3, 9], [13, 1, 4, 7, 2, 0, 5], [23, 3, 1, 17, 20, 4, 14, 2, 6, 13], [0, 18, 11, 19, 13, 7], [11, 6, 16, 19, 22, 29, 4, 8, 17, 20, 3, 13, 12, 23], [2, 10, 15, 19, 0, 3, 6, 16, 20, 14, 5, 13], [16, 2, 6, 3, 1, 18, 0, 4]]
[[6, 3, 10, 15, 4, 11, 2, 9, 1, 8], [18, 1, 7, 10, 15, 21, 24, 19, 2, 0, 25, 3, 6, 8], [8, 18, 2, 4, 11, 14, 15, 3, 19, 5, 6, 20], [10, 2, 5, 1, 4, 3], [6, 8, 10, 2], [15, 2, 17, 0, 6, 10, 5, 9, 4, 1], [19, 3, 7, 12, 21, 1, 4, 8, 0, 17, 2, 22], [12, 3, 8, 1, 6, 17, 0, 14], [15, 22, 1, 9, 19, 2, 13, 3, 10, 0], [12, 4, 1, 7, 2, 11]]
[[11, 37, 17, 26, 34, 6, 9, 33, 5, 14, 19, 18, 27, 8, 16, 30, 38, 23, 0, 20], [0, 22, 24, 14, 7, 4, 9, 31, 18, 33, 37, 8], [8, 14, 4, 10, 2, 5, 1, 13, 12, 15], [14, 9, 12, 18, 10, 15, 19, 4, 0, 3]]
[[17, 12, 15, 0], [15, 25, 1, 3, 14, 32, 39, 4, 22, 28, 31, 21], [9, 3, 13, 6, 18, 0, 16, 15, 5, 4, 14, 10, 11, 19], [16, 26, 5, 1, 8, 14, 23, 2, 6, 9, 4, 12, 22, 13], [3, 6, 19, 0, 4, 7, 23, 2, 10, 18, 16, 13], [22, 16, 25, 2, 11, 0], [2, 10, 0, 4]]
[[17, 25, 7, 20, 28, 4, 15, 3, 26, 27, 18, 24, 23, 29, 5, 16], [12, 9, 3, 5, 13, 15, 4], [10, 14, 6, 12, 11, 1, 5, 2], [10, 3, 13, 11, 5, 16, 21, 14, 22, 20, 4, 19, 12, 25, 23], [11, 16, 20, 2, 4, 8, 22, 26, 0, 5, 9, 23, 15, 3, 14, 12, 17, 24], [10, 7, 15, 20, 25, 5, 16, 21, 26, 4, 19, 13, 3, 12, 14, 17, 8], [13, 18, 24, 26, 9, 15, 6, 11, 16, 21, 5, 27, 0, 28, 10, 20, 19, 7]]
[[12, 6, 9, 14, 4, 15, 3, 13, 7, 11], [24, 4, 10, 12, 17, 27, 2, 1, 8, 9, 0, 7, 22, 13, 16, 25, 28], [7, 8, 0, 14, 5, 15, 9, 12], [12, 3, 2, 5, 8, 18, 0, 15, 19, 6], [0, 4, 24, 8, 10, 15, 16, 20, 25, 1, 9, 22, 27, 6, 2, 11, 26], [19, 8, 13, 17, 21, 23, 0, 9, 15, 2, 6, 14, 20, 22], [18, 7, 10, 4, 3, 20, 13, 5], [13, 2, 1, 17, 22, 23, 3, 19, 20, 5]]
[[7, 13, 8, 5, 10, 15, 3, 11, 16, 2, 9, 17], [24, 6, 17, 20, 27, 10, 13, 18, 1, 7, 15, 22], [5, 11, 9, 0, 1, 10], [11, 4, 8, 16, 6, 15, 3, 14, 5, 12], [15, 2, 6, 9, 0, 4, 3, 16, 18, 10], [14, 21, 1, 5, 17, 2, 18, 13, 9, 19, 0, 15], [15, 3, 17, 10, 1, 4], [20, 10, 3, 7, 6, 13, 2, 0, 8], [1, 14, 6, 9, 18, 20, 15, 3]]
[[14, 16, 18, 2, 11, 8, 1, 10, 5, 6, 3, 26], [10, 1, 3, 5, 13, 15], [14, 10, 3, 19, 0, 4, 7, 12], [14, 26, 6, 0, 8, 11, 28, 4, 9, 21, 1, 7, 18, 20, 16, 2], [12, 17, 29, 32, 4, 6, 15, 25, 27, 35, 44, 7, 41, 11, 22, 1, 40, 2], [16, 10, 20, 8, 19, 37, 0, 2, 22, 28, 31, 42, 32, 40, 43, 11, 39, 21, 9, 38, 13, 7], [15, 7, 27, 28, 0, 3, 13, 24, 16, 21, 19, 8, 29, 20, 26, 1, 30, 9, 10]]
[[13, 25, 21, 23, 6, 0, 7, 18], [4, 30, 7, 19, 32, 2, 10, 1, 8, 14, 13, 0, 12, 24], [0, 24, 22, 5, 10, 16, 26, 9, 1, 23, 21, 25, 2, 3], [11, 21, 15, 2, 0, 5, 16, 18, 1, 23, 14, 3, 8, 19], [18, 3, 2, 5, 8, 6, 11, 4, 1, 0], [12, 24, 3, 1, 5, 14, 20, 4], [10, 28, 34, 23, 4, 13, 16, 21, 32, 2, 14, 19, 24, 8, 0, 7, 11, 29, 6, 9]]
[[9, 22, 4, 7, 5, 3, 14, 16, 23, 11, 25], [5, 13, 18, 23, 27, 29, 2, 0, 10, 31, 3, 4, 9, 17, 24, 28, 30, 6], [0, 16, 10, 14, 1, 11, 4, 2, 3, 12], [9, 12, 0, 4, 13, 3, 8, 15, 1, 14], [10, 0, 13, 17, 1, 5, 14, 18, 8, 16, 20, 19], [15, 6, 2, 9, 21, 5, 18, 25, 3, 10], [13, 22, 8, 17, 24, 0, 14, 19], [13, 19, 16, 0, 4, 3, 10, 9, 12, 1, 5, 7], [17, 3, 6, 2, 16, 12, 15, 11, 18, 0, 4], [15, 7, 10, 0, 4, 12, 16, 8, 3, 11, 18, 5], [22, 4, 9, 14, 2, 12, 1, 11, 0, 8, 10, 5], [13, 6, 8, 11, 0, 2, 3, 9, 5], [26, 1, 14, 24, 2, 6, 11, 22, 4, 10, 21, 0, 15, 20, 12, 16]]
[[9, 5, 3, 2, 8, 7, 10], [12, 18, 13, 5, 0, 3, 6, 9], [9, 18, 19, 5, 12, 23, 21, 24, 8, 15, 2, 3, 10, 20], [0, 28, 40, 37, 5, 21, 9, 35, 43, 1, 20, 18, 34, 19, 25, 17, 33, 31, 26, 36, 44, 2, 3, 10], [17, 22, 30, 33, 4, 3, 6, 10, 7, 13, 5, 19, 35, 8, 26, 34], [31, 35, 3, 13, 15, 25, 28, 42, 45, 49, 54, 0, 16, 23, 26, 40, 51, 55, 10, 6, 22, 39], [20, 23, 36, 5, 3, 11, 16, 17, 28, 33, 9, 12, 29, 6, 4, 8]]
[[21, 5, 10, 18, 3, 2, 9, 16], [2, 16, 11, 13, 5, 6], [11, 17, 0, 9, 20, 5, 21, 4], [22, 34, 32, 3, 18, 0, 6, 20], [6, 15, 29, 4, 8, 11, 20, 26, 9, 18, 2, 21, 5, 16]]
[[23, 11, 16, 28, 0, 8, 29, 7, 20, 21, 24, 12, 18, 25, 15, 9, 26, 22], [30, 1, 8, 12, 17, 21, 26, 34, 5, 9, 14, 18, 22, 23], [0, 10, 16, 19, 27, 30, 1, 4, 11, 17, 25, 9, 24, 14, 8, 31, 20], [19, 0, 11, 15, 1, 5, 8, 12, 20, 23, 10, 17, 7, 21], [7, 18, 23, 1, 10, 27, 4, 13, 19, 25, 21, 3, 2, 11, 20, 24, 28, 5], [7, 1, 4, 9, 14, 3, 12, 2, 11, 0, 15], [15, 19, 2, 4, 7, 24, 29, 0, 5, 10, 12, 16, 26, 30, 3, 25], [23, 2, 16, 19, 25, 0, 3, 8, 20, 26, 28, 5, 11, 7, 10, 24, 12, 13], [10, 1, 2, 4, 7, 3, 0, 6]]
[[9, 15, 31, 20, 3, 6, 12, 25, 29, 34, 4, 13, 26, 32, 0, 22, 2, 10], [15, 22, 6, 16, 0, 12, 20, 4, 9, 13, 19, 8], [15, 1, 3, 9, 17, 8, 2, 16], [19, 30, 10, 20, 28, 0, 3, 6, 23, 24, 33, 4, 13, 15], [18, 6, 19, 0, 11, 15, 24, 1, 12, 16, 23, 8, 20, 26, 9, 13], [20, 0, 7, 10, 14, 16, 23, 17, 21, 24, 27, 6], [6, 13, 23, 2, 14, 4, 8, 18, 21, 19, 3, 15, 0, 11, 16, 24], [11, 5, 19, 2, 1, 15, 0, 14, 18, 20]]
[[23, 18, 34, 6, 12, 15, 20, 26, 29, 13, 21, 27, 5, 19, 35, 39], [12, 27, 2, 14, 17, 23, 0, 18], [25, 3, 5, 8, 17, 40, 42, 6, 30, 4, 33, 36, 31, 35, 2, 37, 7, 0, 9, 21, 38, 45, 43], [21, 1, 9, 10, 12, 22, 25, 16], [40, 56, 2, 24, 28, 62, 0, 7, 20, 25, 29, 41, 49, 58, 23, 32, 6, 57, 19, 48, 54, 1, 18, 47, 53, 45, 38, 61, 52, 30, 63, 26, 33, 36, 50, 55], [12, 20, 24, 5, 15, 27, 11, 32, 29, 17, 6, 35, 8, 28, 34, 13, 21, 22]]
[[8, 14, 16, 3, 12, 2, 9, 11, 1, 7], [18, 31, 1, 22, 7, 12, 25, 28, 5, 8, 13, 2, 23, 4, 21, 32], [0, 20, 5, 10, 11, 15, 21, 1, 6, 23, 2, 3, 16, 22], [13, 33, 23, 1, 5, 10, 16, 19, 2, 7, 11, 17, 24, 30, 22, 26], [0, 9, 18, 3, 7, 15, 19, 6, 14, 12, 16], [29, 35, 42, 13, 17, 31, 0, 5, 14, 19, 26, 32, 22, 40, 4, 18, 25, 36, 43, 20, 15, 33, 6, 27], [9, 26, 10, 6, 12, 16, 19, 3, 13, 2, 11, 21, 4, 14]]
[[11, 4, 10, 3, 9], [12, 4, 14, 21, 2, 5, 22, 28, 27, 1, 20, 18, 24, 0, 19, 13, 25, 29], [5, 0, 7, 11, 13, 15, 1, 8, 6, 12], [1, 22, 4, 10, 11, 17, 9, 2, 16, 3], [9, 2, 12, 14, 17, 3, 15, 11], [12, 18, 0, 2, 9, 15, 22, 3, 6, 10, 20, 23, 8, 13], [13, 6, 2, 4, 0, 11, 15, 8], [6, 10, 11, 14, 16, 22, 4, 23, 3, 12, 7, 13], [3, 8, 11, 16, 0, 13, 15, 1]]
[[7, 11, 13, 0, 4, 9, 14, 3], [11, 2, 4, 7, 14, 20, 0, 5, 8, 12, 15, 18], [22, 34, 25, 37, 14, 21, 5, 8, 18, 30, 39, 0, 3, 9, 15, 19, 28, 31], [6, 20, 2, 4, 8, 11, 15, 13, 16, 3], [7, 22, 5, 12, 15, 2, 13, 1, 11, 20, 3, 19, 23], [0, 19, 5, 15, 26, 14, 25, 1, 13, 24, 22, 3], [19, 0, 8, 15, 20, 32, 1, 6, 9, 12], [8, 14, 36, 16, 15, 6, 10, 18, 22, 25, 3, 19, 2, 37, 7, 9, 17, 30, 38, 0]]
