0.9566833972930908
0.9954484701156616
0.9912485480308533
0.9909921288490295
0.9566795229911804
0.9966860413551331
0.9956823587417603
0.997038722038269
0.9658252000808716
0.9951257705688477
0.9459777474403381
0.9913147687911987
0.9927756190299988
0.9959295988082886
0.9956710934638977
0.9985200762748718
0.9893954396247864
0.9955902695655823
0.9853178262710571
0.9980478286743164
0.9095134735107422
0.9680229425430298
0.9906556606292725
0.9957067966461182
0.9788593053817749
0.9608887434005737
0.9898014068603516
0.9986812472343445
0.9923291802406311
0.9986925721168518
0.98739093542099
0.9933136701583862
0.9294742941856384
0.996528685092926
0.9846603870391846
0.9958194494247437
0.982040524482727
0.9979097247123718
0.9859051704406738
0.9988830089569092
0.9869508147239685
0.9942103028297424
0.990786612033844
0.9988642930984497
0.9936926364898682
0.9664828181266785
0.976001501083374
0.9865007996559143
0.9777981042861938
0.9927588105201721
0.9872702956199646
0.9946256875991821
0.9834148287773132
0.9951094388961792
0.9918503761291504
0.9844809770584106
0.989791214466095
0.9985647201538086
0.9733137488365173
0.9980630278587341
0.952316164970398
0.9407898187637329
0.986950159072876
0.9943458437919617
0.9854825735092163
0.993143618106842
0.9894487261772156
0.9980341196060181
0.9681721329689026
0.9991446137428284
0.989103376865387
0.991963267326355
0.9907326698303223
0.9919599294662476
0.9834406971931458
0.9902182817459106
0.9876140356063843
0.9774582386016846
0.9810904264450073
0.9992672204971313
0.9933868050575256
0.9946603178977966
0.9922903776168823
0.9978100657463074
0.9872278571128845
0.9987116456031799
0.9836167097091675
0.9486565589904785
0.9839707612991333
0.996753990650177
0.9834380745887756
0.9911312460899353
0.9911282658576965
0.9980340003967285
0.9698371887207031
0.9909209609031677
0.9919207692146301
0.9975041747093201
0.9928796887397766
0.9991136789321899
0.9941046833992004
0.9958251118659973
0.9822571277618408
0.9668920040130615
0.9800713658332825
0.9923016428947449
0.9919552206993103
0.9906608462333679
0.9944813847541809
0.9986432790756226
0.9647905826568604
0.9907400608062744
0.9957210421562195
0.9950610399246216
0.9801091551780701
0.9954007267951965
0.9707204103469849
0.9981067776679993
0.9870620965957642
0.992784857749939
0.9893633723258972
0.9991867542266846
0.9893665909767151
0.9974086880683899
0.9948793649673462
0.9912024736404419
0.9946058988571167
0.998626708984375
0.9849832653999329
0.992480456829071
0.9862080812454224
0.9977960586547852
0.9836359024047852
0.9934433698654175
0.9972273111343384
0.9982712864875793
0.9942553043365479
0.9908614754676819
0.9862074255943298
0.9975144863128662
0.9803757667541504
0.988845944404602
0.990621030330658
0.9860692620277405
0.9970399737358093
0.9981369972229004
0.9912210702896118
0.9849804639816284
0.9820563197135925
0.9919242262840271
0.9850239753723145
0.9938041567802429
0.9824438691139221
0.9988669753074646
0.9897293448448181
0.9774950742721558
0.9956957101821899
0.9932015538215637
0.9878323078155518
0.9811209440231323
0.9737052917480469
0.9944183230400085
0.9894848465919495
0.9975209832191467
0.9938616752624512
0.9815253615379333
0.996604859828949
0.9970908164978027
0.9940011501312256
0.9941986799240112
0.9914417266845703
0.9956451654434204
0.9864165782928467
0.9835178256034851
0.992836594581604
0.9980786442756653
0.990348219871521
0.998384952545166
0.9841780662536621
0.9990488290786743
0.9905954599380493
0.9985973238945007
0.9922645688056946
0.9982704520225525
0.9874807596206665
0.9976681470870972
0.9870428442955017
0.9971344470977783
0.9715377688407898
0.9988551735877991
0.9921560287475586
0.9966660737991333
0.992580235004425
0.9930711388587952
0.9908435940742493
0.9981544613838196
0.987271249294281
0.9949278831481934
0.970749020576477
0.9987438917160034
