0.9406521916389465
0.9933248817920685
0.7945465025841258
0.8288419097661972
0.8714388055460793
0.9943037827809652
0.99215510061809
0.9916973014672598
0.7682578249110116
0.8887866418808699
0.8993235528469086
0.8377510458230972
0.8427389773229758
0.994042158126831
0.9121078054110209
0.9866911239094205
0.8508997226433296
0.8182178288698196
0.9521637409925461
0.9931802054246267
0.9894950560161045
0.8809483051300049
0.8654096923095899
0.7786820183197657
0.8601023405790329
0.8985171243548393
0.9041677696837319
0.9941618016787938
0.930120187146323
0.9942025882857186
0.9737843641868005
0.9492602565071799
0.9595895277129279
0.9936565889252557
0.8929933166597038
0.9512611428896586
0.9697999209165573
0.9732502400875092
0.8725696951150894
0.9788302898406982
0.983020544052124
0.8222723305225372
0.7997578784823418
0.981764167547226
0.9919091761112213
0.8495588265359402
0.8438461050391197
0.7577290014762964
0.7463298170478083
0.7681320603005588
0.8598817028105259
0.8299067867919803
0.9658056156975883
0.8240772811695933
0.9438655197620391
0.8954970329999924
0.9252461480597655
0.9936681737502416
0.9769634658640082
0.9686151875389947
0.7981958180252049
0.8265670329565182
0.9618070721626282
0.9912020431624519
0.9594034254550934
0.7060448555081772
0.8929775148630142
0.9907965540885926
0.7404279469119501
0.9658381830562245
0.8358389562261956
0.933159073193868
0.9822742613879117
0.9934232632319132
0.7070641441037878
0.928770090852465
0.7272011466239664
0.9544708281755447
0.912346750497818
0.9876019537448884
0.8660562361280123
0.8284891958852919
0.9557833737797208
0.7869069166481495
0.675633876118809
0.883139085283296
0.9187122702598571
0.9017387591302395
0.8607595810158686
0.9658053252432082
0.8324103057384491
0.892419288555781
0.9874299214436457
0.9487343057990074
0.8544181500162397
0.9621591940522194
0.7979642482740539
0.9765092730522156
0.8260957987513393
0.9942956119775772
0.9295286602444119
0.9059350527822971
0.8525880479386875
0.7865790027297206
0.7874556869268418
0.8224894478917122
0.8346432000398636
0.9843654831250509
0.9488766714930534
0.9171882569789886
0.7779237851500511
0.9863366550869412
0.9925249740481377
0.9091435908242905
0.8856175823344125
0.9661543220281601
0.8019472559293112
0.9939916431903839
0.729117432816161
0.8407034228245417
0.9887143254280091
0.9942863881587982
0.9390457198023796
0.9214750329653422
0.9923970188413348
0.8007009904831648
0.9900513546807426
0.9746957421302795
0.9847235745853848
0.9942308863004049
0.8752640455961227
0.8813877701759338
0.9335162118077278
0.9645523577928543
0.9901135052953448
0.8319686666751901
0.9856306740215847
0.9921610116958618
0.9845966696739197
0.990169073854174
0.9860877990722656
0.9927841424942017
0.6794344889155278
0.97611785531044
0.8940163334831596
0.8728795621194877
0.9786763906478881
0.8848423510789871
0.7922141051126851
0.8401258904486895
0.8258073795163496
0.9518987685441971
0.9889696910977364
0.9939593540297614
0.8282741364091635
0.8401111917836326
0.9469917416572571
0.8438735802968343
0.8392215644319853
0.91452556848526
0.9935551541192191
0.9934738609525893
0.9909331202507019
0.9926277548074722
0.9904941543936729
0.8967448949813843
0.986913800239563
0.9161725528538227
0.9838144353457859
0.8662128044026238
0.805637482739985
0.9817887970379421
0.9893725978003608
0.8153790012001991
0.9934608936309814
0.9943227072556814
0.827861966060785
0.9942454323172569
0.8452993693894574
0.9936971724033355
0.9926201552152634
0.930524875720342
0.9871540486812591
0.9942506432533265
0.6561051141470671
0.8854911753109523
0.9077559113502502
0.9453330561518669
0.9368982911109924
0.718346705660224
0.7166103573649057
0.8460377806690164
0.9870773298399789
0.927537453174591
0.913380139403873
0.9941282942891121
0.8400465560456117
0.8810692855290004
0.8774754425200323
0.968686893582344
