0.9555783271789551
0.9938222765922546
0.9878209829330444
0.858611524105072
0.9424655437469482
0.9469937682151794
0.9956684112548828
0.9946439266204834
0.9657238125801086
0.993843674659729
0.9496937394142151
0.9469771981239319
0.9857192635536194
0.9926570653915405
0.9935631155967712
0.9655272960662842
0.9882653951644897
0.9926777482032776
0.9833487868309021
0.9967246651649475
0.9019518494606018
0.9637252688407898
0.9884477853775024
0.9960867762565613
0.9681835174560547
0.9588446617126465
0.9860988259315491
0.9969277381896973
0.9796559810638428
0.993823766708374
0.982893705368042
0.9828808903694153
0.9265265464782715
0.9920900464057922
0.9837134480476379
0.9758986234664917
0.9781563878059387
0.9957802891731262
0.9784655570983887
0.9945009350776672
0.9819739460945129
0.9921682476997375
0.9710738062858582
0.9922603368759155
0.9847663044929504
0.9451542496681213
0.9686695337295532
0.9841952919960022
0.9744330048561096
0.9825547337532043
0.9853492975234985
0.9865126013755798
0.97640460729599
0.9850348234176636
0.9899834990501404
0.9781777262687683
0.981274425983429
0.9954594373703003
0.9708186388015747
0.9864678382873535
0.9437551498413086
0.9312421083450317
0.9841977953910828
0.9886279106140137
0.9853072166442871
0.9885920286178589
0.9732787013053894
0.9893935918807983
0.9661019444465637
0.9732453227043152
0.9898619651794434
0.9859068393707275
0.9875034689903259
0.9910958409309387
0.981683611869812
0.9853706359863281
0.9852418899536133
0.9752873182296753
0.9604133367538452
0.996175229549408
0.9919630289077759
0.9931009411811829
0.9850391149520874
0.9962620139122009
0.9600927233695984
0.9960706233978271
0.9802215099334717
0.9251270294189453
0.9710058569908142
0.9937130808830261
0.9618946313858032
0.9643217325210571
0.9893673658370972
0.9953088760375977
0.970116376876831
0.9764077067375183
0.9805744886398315
0.9941968321800232
0.9872143268585205
0.9871233701705933
0.9900118112564087
0.8882981538772583
0.9797936081886292
0.9653798341751099
0.9759995341300964
0.9866119027137756
0.9913491010665894
0.987224280834198
0.9878330826759338
0.9974128603935242
0.9611525535583496
0.9795153737068176
0.99430251121521
0.9945640563964844
0.9642077684402466
0.9931378364562988
0.9553188681602478
0.9948671460151672
0.9730169177055359
0.9811099171638489
0.9802215099334717
0.9978980422019958
0.9893086552619934
0.991477906703949
0.9930937886238098
0.9861082434654236
0.9540611505508423
0.9975895881652832
0.9743742346763611
0.988865315914154
0.980644702911377
0.9957870841026306
0.9790772199630737
0.9911226034164429
0.992503821849823
0.9955449104309082
0.9932922124862671
0.984565794467926
0.9767956733703613
0.994644045829773
0.975680947303772
0.9711776971817017
0.9801852107048035
0.9855226278305054
0.9700596332550049
0.988167941570282
0.9823550581932068
0.9746464490890503
0.9817730188369751
0.9902146458625793
0.9713640809059143
0.9900661110877991
0.9801314473152161
0.9971337914466858
0.9793204665184021
0.9780653119087219
0.9755764603614807
0.9871144890785217
0.9824322462081909
0.9810013175010681
0.9702961444854736
0.9935149550437927
0.9874157905578613
0.9954609870910645
0.9883019924163818
0.9787101149559021
0.9972540736198425
0.985554039478302
0.9907462000846863
0.98623126745224
0.9849879145622253
0.9906549453735352
0.9865936040878296
0.9685567021369934
0.9677755832672119
0.994908332824707
0.9826632142066956
0.9929178357124329
0.9639055728912354
0.9559493064880371
0.9697492122650146
0.9960680603981018
0.9879156947135925
0.9948461055755615
0.9736362099647522
0.9962238669395447
0.9816156625747681
0.9953176975250244
0.9577234387397766
0.9955106377601624
0.9881961345672607
0.9933614134788513
0.9834423661231995
0.9939398169517517
0.9888295531272888
0.9945756793022156
0.9800819158554077
0.9897607564926147
0.9722760915756226
0.9908660650253296
