0.6080657839775085
0.9487264752388
0.9540289044380188
0.9534463882446289
0.9158623814582825
0.9540667533874512
0.4669090509414673
0.9714586734771729
0.8331745266914368
0.6081264615058899
0.8636904954910278
0.34895291924476624
0.9312755465507507
0.9700994491577148
0.7190490365028381
0.875169575214386
0.08619792759418488
0.8237711191177368
0.6904855370521545
0.9224581122398376
0.9504750967025757
0.38580992817878723
0.5026297569274902
0.9463420510292053
0.9067809581756592
0.03419111669063568
0.8233945965766907
0.8559647798538208
0.05289335176348686
0.5634253621101379
0.7622871994972229
0.739161491394043
0.24477362632751465
0.9707698822021484
0.8650155067443848
0.9000650644302368
0.8814319372177124
0.9180845022201538
0.25622063875198364
0.3101096451282501
0.5106186270713806
0.8239983320236206
0.01623055338859558
0.9820702075958252
0.9225228428840637
0.8024576902389526
0.9668267965316772
0.1158977821469307
0.8807148337364197
0.17017057538032532
0.7596888542175293
0.9187031984329224
0.5986911654472351
0.9738366007804871
0.4980253279209137
0.7411282062530518
0.9224429726600647
0.8807394504547119
0.5524522662162781
0.8911002278327942
0.969089686870575
0.013678467832505703
0.8338114619255066
0.9367251396179199
0.4425984025001526
0.040751200169324875
0.9262738227844238
0.9557369947433472
0.6434662342071533
0.03323328122496605
0.9557839632034302
0.9723819494247437
0.20938576757907867
0.9212481379508972
0.8383710384368896
0.17514851689338684
0.9412683248519897
0.9298234581947327
0.5238496661186218
0.9671289920806885
0.9465438723564148
0.19757285714149475
0.6135933995246887
0.6422567963600159
0.20055724680423737
0.8521996736526489
0.8346508145332336
0.9322965145111084
0.9796808958053589
0.02743646875023842
0.22568747401237488
0.9368823766708374
0.8916094899177551
0.9796317219734192
0.8301648497581482
0.7884440422058105
0.8545949459075928
0.5716028809547424
0.6389540433883667
0.9800928831100464
0.9008644819259644
0.972791314125061
0.5404250025749207
0.7739344239234924
0.8753451704978943
0.6120694875717163
0.6078832745552063
0.890496015548706
0.8122701644897461
0.8704444169998169
0.8705848455429077
0.9371638298034668
0.9581214189529419
0.9544470906257629
0.7535334825515747
0.936051607131958
0.8359278440475464
0.5547521710395813
0.9291051626205444
0.829713761806488
0.8673303723335266
0.9561883807182312
0.4438685476779938
0.6058992743492126
0.8976269364356995
0.9543085694313049
0.9750229716300964
0.8541648983955383
0.9135836362838745
0.9465391635894775
0.9144749641418457
0.9442386627197266
0.8985246419906616
0.9474160075187683
0.9780885577201843
0.6544726490974426
0.6785649657249451
0.8879279494285583
0.9076405167579651
0.9206867218017578
0.3635757565498352
0.7088058590888977
0.9519725441932678
0.9479032158851624
0.9578821659088135
0.9739162921905518
0.0346442349255085
0.8413177728652954
0.897737979888916
0.9553257822990417
0.7974646687507629
0.602637767791748
0.9018083810806274
0.9168350696563721
0.6826807260513306
0.9605023860931396
0.9640074968338013
0.8359879851341248
0.8046514987945557
0.9288406372070312
0.959409236907959
0.876697838306427
0.10364499688148499
0.9296725988388062
0.9086114764213562
0.9293550848960876
0.8576506972312927
0.17019623517990112
0.027627184987068176
0.4768836200237274
0.9679057598114014
0.8457009196281433
0.4280864894390106
0.9544626474380493
0.8821761012077332
0.9135915040969849
0.9603261351585388
0.7883887887001038
0.2843021750450134
0.946478009223938
0.9530008435249329
0.22614328563213348
0.9521478414535522
0.9714654684066772
0.9705091118812561
0.5051051378250122
0.5986366868019104
0.8585615158081055
0.9258279800415039
0.16666333377361298
0.7815755605697632
0.9555332064628601
0.8581430912017822
0.8934571743011475
0.7384966015815735
0.9745967984199524
0.27325451374053955
0.5428168773651123
0.9770917296409607
0.9590903520584106
