0.8789641261100769
0.9151642918586731
0.9850290417671204
0.9740316271781921
0.9733816385269165
0.9850446581840515
0.9842171669006348
0.9872080683708191
0.5539768934249878
0.7469775676727295
0.7426922917366028
0.8969055414199829
0.9566555023193359
0.976441502571106
0.9776695370674133
0.9878590703010559
0.9600679278373718
0.9892652034759521
0.7151971459388733
0.9329734444618225
0.8438673615455627
0.9342187643051147
0.4485992193222046
0.9758161902427673
0.4600549042224884
0.9808762669563293
0.9798703193664551
0.5984158515930176
0.9343365430831909
0.4758971333503723
0.8935003280639648
0.9767217636108398
0.4797735810279846
0.9024062752723694
0.8408292531967163
0.9902387857437134
0.9797623753547668
0.9886177182197571
0.9585564136505127
0.9914633631706238
0.9656098484992981
0.9823948740959167
0.5781013369560242
0.9916621446609497
0.9587634801864624
0.9684915542602539
0.9660259485244751
0.9770310521125793
0.982157826423645
0.9888511300086975
0.7741382718086243
0.9892948269844055
0.9752275347709656
0.9876530170440674
0.19088980555534363
0.9888456463813782
0.9773045778274536
0.3478441834449768
0.978509247303009
0.9577202200889587
0.9745728969573975
0.9783263206481934
0.9837728142738342
0.8925570249557495
0.7492726445198059
0.9247490167617798
0.9674513339996338
0.9873703718185425
0.9765385985374451
0.11444191634654999
0.976559042930603
0.9740105271339417
0.9506738185882568
0.9725242257118225
0.9574945569038391
0.9626576900482178
0.9350811243057251
0.9926498532295227
0.9393667578697205
0.9769288897514343
0.9830839037895203
0.8574073910713196
0.9840087890625
0.6405099630355835
0.007992815226316452
0.980465829372406
0.967786967754364
0.9896120429039001
0.9898619651794434
0.025013575330376625
0.4186144769191742
0.9897133111953735
0.9779857397079468
0.9906178116798401
0.9464628100395203
0.9931617975234985
0.946467936038971
0.9015803933143616
0.9478074908256531
0.9860823154449463
0.9719054102897644
0.9851284623146057
0.9427449703216553
0.9587000012397766
0.8872172236442566
0.972615659236908
0.605260968208313
0.9727901816368103
0.9091098308563232
0.9741246104240417
0.13185322284698486
0.9816085696220398
0.9737356305122375
0.9732319116592407
0.917203962802887
0.9873392581939697
0.7929487228393555
0.8930888772010803
0.8751850128173828
0.9788746237754822
0.9837020635604858
0.9918299317359924
0.8958730697631836
0.5349324941635132
0.8721500635147095
0.954468846321106
0.9665647745132446
0.9868919253349304
0.9454313516616821
0.9750292897224426
0.9731542468070984
0.9768110513687134
0.9539046883583069
0.9888412356376648
0.9918808341026306
0.9603502750396729
0.9706694483757019
0.9771991968154907
0.565251350402832
0.9907529354095459
0.4790663719177246
0.872205376625061
0.9764811992645264
0.9876495003700256
0.8945407867431641
0.916140079498291
0.21640615165233612
0.9935082197189331
0.9538857936859131
0.9852340817451477
0.6821253895759583
0.9472936987876892
0.9871668219566345
0.9681885242462158
0.8522347211837769
0.9765983819961548
0.9844626188278198
0.39274317026138306
0.9671725630760193
0.9567705392837524
0.9800341129302979
0.9535727500915527
0.891714870929718
0.9843418002128601
0.16596487164497375
0.8011248707771301
0.9775175452232361
0.9112481474876404
0.5782343745231628
0.9864137768745422
0.982331395149231
0.9872755408287048
0.5832337141036987
0.9882025122642517
0.9543725252151489
0.9809440970420837
0.976860761642456
0.976334810256958
0.5951893925666809
0.9626317620277405
0.9870288372039795
0.969318687915802
0.9855788946151733
0.9910248517990112
0.9896669387817383
0.9871121048927307
0.6132149696350098
0.9913437366485596
0.966865599155426
0.9780724048614502
0.9537742137908936
0.989421546459198
0.915678858757019
0.9938030242919922
0.9670374393463135
0.9858432412147522
0.5636833310127258
0.9873033165931702
0.9872182607650757
0.9770056009292603
