0.6250705169870411
0.7178647146082755
0.5992269981729228
0.7337867469251497
0.5887694567707588
0.6332087674697938
0.6306425633347567
0.7564576523596779
0.5197833832970074
0.7682577163096644
0.5983769169560185
0.6825936229483361
0.6287394048692516
0.7629653796227249
0.5850887494255395
0.7688164405615928
0.6016029895921834
0.751639517218096
0.6659293225398705
0.708104931329576
0.5777735881447765
0.7535992801439712
0.5794566193317929
0.7677582327152301
0.6247237470725995
0.7572661307215159
0.6367849732289654
0.7287471258061262
0.5681182731864352
0.6980866147956538
0.5855955046826223
0.758133687630173
0.6958237339998755
0.7769428289800836
0.644423761122926
0.7526946444989062
0.7207131767614339
0.7087801106837294
0.6239864659509227
0.7485435463312519
0.638330163344063
0.745349071992601
0.5456487062285047
0.735453725842602
0.5354964228414297
0.7724823759527929
0.5628242255966668
0.7325258791650338
0.5962453071980361
0.7667558101209254
0.573425656933728
0.7756718598111222
0.6792333614153326
0.7476128472222223
0.5602685012733538
0.729692974160835
0.6625901727664547
0.7631819907796478
0.5947386207104424
0.7629193083786543
0.6058814315921371
0.7944722474977253
0.6554054478028701
0.7550155650844981
0.6468144003402212
0.7421535029004909
0.6169114195668208
0.748779486478445
0.6770625697267525
0.81712022973549
0.6772416521349663
0.7100613089459971
0.560808806852876
0.7785132710929363
0.6041626411996781
0.7548191466320123
0.608289470661579
0.7410477053140098
0.6076675582462056
0.6807235726399097
0.630939658935264
0.7178358610047386
0.6424119303753636
0.7469363296917971
0.6157899739591928
0.764323492003827
0.5734916917586707
0.7844830754529751
0.6736338453789977
0.7203237939974858
0.5789215960625603
0.7683298186395456
0.7060678179338551
0.7483420924561259
0.5960526538774403
0.758749195602787
0.6268851131751112
0.7209668967203063
0.5910271305128754
0.7507126632419944
0.5758480964337575
0.7512987640396265
0.6502925041580778
0.7545425415039063
0.6377593422593048
0.7529982937650863
0.5943893180094851
0.7270278903008537
0.5914394605233839
0.7567814590260978
0.6255492188686534
0.7415922105967913
0.6260688819196147
0.7717896504167416
0.624123901828803
0.7089732981108215
0.5487055933484505
0.7331902718168813
0.6071900621369647
0.7755614200569444
0.6495556507872946
0.7790012540406956
0.790484251564584
0.6756702514394012
0.656642938214824
0.7744811169958237
0.731603603047228
0.7451726068493878
0.5891393442622951
0.7603609854208578
0.626484984336512
0.7077251054292583
0.6095078137819864
0.7279147018929423
0.6152284384252286
0.7276130237858425
0.6113511304370115
0.7554298803028663
0.6451963282805733
0.7691468139677304
0.5680894408251901
0.7322845987324567
0.5830104623956709
0.7237627269310787
0.6044986050219054
0.7232513786424991
0.6901426280698795
0.7843098824464507
0.6178603075782615
0.8091131222999356
0.553837866816088
0.7227107277146311
0.6930033779253001
0.7320329018967662
0.5784568580482272
0.7697897222414263
0.7017100175990467
0.7467610878114935
0.6767112019163928
0.7103395965052784
0.6099224815451191
0.7700297449168557
0.5224582512787113
0.705667170246608
0.624883420640801
0.7861483843975674
0.6172655154965947
0.7684504400309068
0.6542808078315236
0.6424137747214671
0.6750499036023921
0.7473560329318721
0.6568203719937988
0.7229592277543455
0.7055117540032406
0.752486395218185
0.6187005694350737
0.7688237142770085
0.6150982371530646
0.7938586545729402
0.6960061094501495
0.7655703101727733
0.7158458780554356
0.7645862009378576
0.6444795052971436
0.7851852457074223
0.5862731941116055
0.75699485815695
0.6279062600107762
0.7897809101963117
0.5347583385065826
0.7335849231124985
0.5786895118110976
0.7544443056449264
0.6223365097228372
0.7465949775223636
0.596970772610373
0.7461170214384383
0.6308197958365872
0.7838010090685975
