0.3750493606834886
0.47924465584674225
0.37113060194367176
0.44640626029744507
0.3814395229192094
0.43766280306934024
0.41754736917817387
0.5031377731212504
0.3316354299649068
0.5174134871339839
0.40928913641797415
0.42549019607843136
0.4404968965282041
0.45789220708584727
0.34911485553067506
0.5139281922147755
0.39045065107498433
0.43613793103448273
0.49522450766536613
0.4554665607936758
0.3725588382573861
0.495390584092717
0.37953247380765653
0.5086926388117017
0.36447372560447583
0.4791335101679929
0.4483250643355605
0.4803752518431211
0.359755048312991
0.4376509325379259
0.36743890015926406
0.49401543400478015
0.47998812843503824
0.5262205752165598
0.3999145764863322
0.45298523176115235
0.46303483896297687
0.4610427081207917
0.38738328584056697
0.45438694334804103
0.3903994354610365
0.44894328097731234
0.34184850511710874
0.46925500969618616
0.3687366550267759
0.5157796817625458
0.37275376396308885
0.4669567031169257
0.39318281984553394
0.4685416608886763
0.28082397462176173
0.5260970906193594
0.4094151710340422
0.4953527725831368
0.3438209476114907
0.5254239968090896
0.3877913275531746
0.4752322603703276
0.3816467631085489
0.5148725789708674
0.3484333876153556
0.5680495369657509
0.38239771009724055
0.4904198910965037
0.3925199774232837
0.4515790766405723
0.3867721068771032
0.44651162790697685
0.46374563877073083
0.5232908120787744
0.4176054102608551
0.45874630390484317
0.34237196782293894
0.46253366701218657
0.3935407955124936
0.4678523076423927
0.35223338684424366
0.4795561789873335
0.391011658039812
0.4078476630121177
0.42659864052088764
0.42753179258957374
0.38325726428413454
0.4209360110150191
0.37155600398250654
0.5093538011726874
0.39369789933034227
0.534779505076142
0.4253780407626562
0.4163099507369747
0.30929393231598207
0.5127101867396275
0.443810649012837
0.4893566936253286
0.38804391311715697
0.5117671269395194
0.36869941251446936
0.42229834417504436
0.36461718445339913
0.5073629143745361
0.36864904802500714
0.46812847642278566
0.3895077037771688
0.4928448789603145
0.40353646213896704
0.4890621614114706
0.37435260163219797
0.48605976857719563
0.3783068038800303
0.46633098387595867
0.3647252336448598
0.4500045821114369
0.408422518844384
0.4730983302411873
0.38054911300883937
0.44368731600957845
0.3795244821535878
0.4815791987495339
0.38785057699047903
0.5402753047527736
0.4434199384197428
0.46726666817870033
0.5702091645755664
0.43105944543457
0.4381816661502064
0.5064969839554285
0.4414335664335664
0.513227934741881
0.33307502994156685
0.4772825040220971
0.3888669730606362
0.4318156228008444
0.4187934023485389
0.47085983665361736
0.3519353038079809
0.45763143174407767
0.33006967532189085
0.476711814930495
0.45126481673507157
0.47695257149724835
0.3702380239099479
0.4738200467687075
0.379189470886882
0.44604418758404696
0.3870431644232646
0.48322375969261294
0.4913850993993089
0.4744048811431623
0.3652715593340439
0.5276404955110496
0.3618157749878797
0.4961661907870814
0.443714437945715
0.4268219576410665
0.353596420943539
0.5181710608842268
0.3886732825329317
0.4482666318469675
0.45385140717604866
0.4700158166189111
0.38246252757080784
0.46464248159831745
0.3361186816741263
0.5007438856969676
0.37906992348955704
0.43444372630670564
0.4146949484219893
0.45691061283857676
0.36540847489979
0.41524429413864006
0.4279976089266738
0.4995221961601947
0.4168972739832009
0.4212252928257687
0.4431771566799035
0.45847039548124885
0.39890252436349743
0.5136912829008453
0.4093113157430713
0.5469884866462699
0.40553014538547016
0.453670431211499
0.3904639175257732
0.5017819593661962
0.4227113832771714
0.5359296915388593
0.3702436431388375
0.48427657115924605
0.3993093091768042
0.5465724513902526
0.3820855607098152
0.472803790715711
0.3501050518894469
0.48732944145543294
0.3966486980452244
0.44764772538375563
0.37942772983572914
0.49206217143984066
0.3982418989077712
0.4897962716942732
