0.8496080046368323
0.9806451404871404
0.78436328665712
0.9468252979084569
0.8097597840330812
0.9789177423105996
0.8577520623146437
0.9788581560731859
0.7308854223947755
0.9589457225820861
0.7825798076991051
0.9643013704608072
0.818388527429696
0.9800026473154828
0.7936980200454476
0.9777325812330276
0.8204084165452232
0.9820060559851445
0.817231944713887
0.9664459543463829
0.8460883534136546
0.9785385361062344
0.901421598405265
0.9786955919266975
0.8700936566611096
0.9827234753991151
0.8099489795918366
0.9791325154614766
0.7981378292963006
0.9672424466018528
0.7836124396486005
0.9585446134685527
0.9069676872104404
0.9818085634389642
0.8722179255821947
0.9710867751590737
0.9284880045565136
0.955556216459143
0.8705920529604618
0.978459457074792
0.8697228543573808
0.9787309916127706
0.8250097390357436
0.9762391498431251
0.7774265073894588
0.9785385361062344
0.8403024505128159
0.9548581999174885
0.8480346873765182
0.977399453803806
0.7957467585743195
0.9712206044296169
0.8610092485893519
0.8983845852228022
0.8158858756822188
0.9789129366882529
0.8718217476048868
0.9734723663134053
0.8355589108647131
0.9811544890971275
0.8569865116477396
0.9838536199529856
0.8188986294752961
0.9713446797207044
0.8071780266259593
0.9485008028656126
0.8853607486490048
0.9375814627081824
0.8712555334297951
0.9832912662783487
0.8767024384057573
0.9820739155913746
0.7385552876289805
0.9778043973897614
0.7992122719586794
0.970435980605303
0.8527409971541099
0.9737196351875687
0.8431616202436117
0.9418960670381622
0.885748730666725
0.9752772871583222
0.8992935181152298
0.963809836241506
0.8368348068175877
0.9737919281901976
0.8674715651277345
0.9776675198655257
0.8920857142857144
0.9715189628723917
0.7949317260889092
0.9660265936367753
0.9000877726125226
0.9707665126017266
0.8246455189631026
0.9657669962447659
0.8669989135131014
0.9793707558786318
0.775546266593219
0.964437790953699
0.8027015333641865
0.9714333383629442
0.8641135303265942
0.96321954840556
0.8224987882416673
0.9733680817692005
0.8687079490557752
0.9793385270625096
0.8427145414718993
0.9796601354135666
0.8031231231231232
0.97850635224504
0.8697646981713313
0.9807781298824834
0.8161248234048999
0.9546144706987437
0.8268021367603193
0.95281831980502
0.8734955348958319
0.9776959388638357
0.8427317792068595
0.9775921884550733
0.9352644987161063
0.9758794974227906
0.8773816618987073
0.965485164909073
0.9137570119396452
0.9813828486645032
0.8300200154751659
0.9795459862785111
0.8881911969765988
0.9669418891934883
0.8272817894698171
0.9802047205368957
0.8048805560012837
0.958481060092533
0.8350714145947458
0.9785371986634906
0.8780422453445272
0.9805210518831562
0.8668242769096802
0.9741055377560585
0.826106028975014
0.9802702736234437
0.8921682656186788
0.9707675156037623
0.872282133221728
0.9663595505263591
0.8627244652187633
0.9839191549226051
0.8336683172660327
0.9513233127299349
0.8429495953448871
0.9699777900696366
0.8474993660711067
0.9748115169792931
0.9191892281105991
0.9784120715298261
0.8411836178859157
0.9767437535833243
0.8480571984727108
0.9815968903922208
0.7747112909067507
0.9745069619362503
0.8647532311539416
0.973222446725077
0.7947781585989953
0.9686659033034306
0.8142241770657843
0.9448347231456856
0.8573772320557536
0.9790415717260537
0.901331909481613
0.9652187638959493
0.871040638517047
0.9807004346250121
0.8147268154560775
0.9613960113960116
0.8401085119752023
0.9718768815697372
0.8658383882625095
0.9695630459804961
0.9003242745393453
0.9708914586153208
0.8479249306899431
0.9650622664375631
0.8327464463580645
0.9816679697326768
0.8687084143856442
0.9844469880728546
0.7482234853814055
0.976458583449524
0.7720566420668475
0.9698513727181256
0.8781116907048563
0.9800456077528952
0.8310867733782644
0.978113366650623
0.8499080458610658
0.9770254905586909
