0.9820556640625
0.9972639083862305
0.9880465865135193
0.9959383010864258
0.9763932824134827
0.9962332248687744
0.990958034992218
0.987097978591919
0.9807372093200684
0.9939388632774353
0.9755315780639648
0.9943201541900635
0.9773637652397156
0.9969441890716553
0.9405813217163086
0.9962934851646423
0.9856038093566895
0.9975928664207458
0.9889451265335083
0.9956700801849365
0.9691365957260132
0.9968667030334473
0.9903582334518433
0.9962838292121887
0.9866902232170105
0.9969983100891113
0.9685012698173523
0.9961538314819336
0.9643028378486633
0.9975383877754211
0.9807372689247131
0.9987927079200745
0.9666024446487427
0.9945664405822754
0.992216169834137
0.9938826560974121
0.9874678254127502
0.9936320185661316
0.986527144908905
0.9964756369590759
0.9869769811630249
0.9974905252456665
0.9504958391189575
0.9975081086158752
0.9777030348777771
0.9951906204223633
0.9835756421089172
0.9971213340759277
0.9810035228729248
0.9942847490310669
0.9615494012832642
0.996917188167572
0.9791800379753113
0.9989508986473083
0.9746814370155334
0.9989395141601562
0.9574398398399353
0.9932214021682739
0.9552221298217773
0.9970005750656128
0.9852521419525146
0.9982705116271973
0.9576996564865112
0.9971734285354614
0.9778092503547668
0.9954292178153992
0.989063024520874
0.9965831637382507
0.9789338111877441
0.9976574778556824
0.9519910216331482
0.9924333691596985
0.9352492094039917
0.9970157146453857
0.9883833527565002
0.9938734769821167
0.9862006306648254
0.9983226656913757
0.9646257162094116
0.9970578551292419
0.9908018112182617
0.9942009449005127
0.9837520718574524
0.9917668104171753
0.9890521168708801
0.9948528409004211
0.9765797853469849
0.9976081252098083
0.922102689743042
0.996610164642334
0.9561252593994141
0.9910662770271301
0.9914764165878296
0.9933276176452637
0.9154633283615112
0.9961594939231873
0.9850250482559204
0.9952737092971802
0.9303914308547974
0.9982931017875671
0.9688998460769653
0.9947202801704407
0.9691096544265747
0.9964369535446167
0.9673500061035156
0.9982980489730835
0.9897534251213074
0.9971311092376709
0.9781440496444702
0.9973816871643066
0.9892219305038452
0.9967185854911804
0.9826191663742065
0.9969215989112854
0.9539406895637512
0.9966740012168884
0.9708942770957947
0.9888015389442444
0.9729078412055969
0.9844545722007751
0.9879805445671082
0.9969934225082397
0.985986053943634
0.9768438935279846
0.982101559638977
0.9977195858955383
0.9708642959594727
0.9979698061943054
0.9900496006011963
0.9919044375419617
0.9536415934562683
0.9926835894584656
0.9780945777893066
0.9979326725006104
0.9314254522323608
0.993637204170227
0.9768350720405579
0.9950229525566101
0.9841702580451965
0.997636616230011
0.9757983088493347
0.9763414263725281
0.981468915939331
0.9949423670768738
0.9715698957443237
0.9965841174125671
0.9597675204277039
0.9960486888885498
0.9799817800521851
0.9986767172813416
0.9927055835723877
0.9970118999481201
0.9603449702262878
0.9972966909408569
0.9108519554138184
0.9915445446968079
0.9764183759689331
0.9943684935569763
0.9788157343864441
0.993876576423645
0.9620235562324524
0.9989590644836426
0.9858094453811646
0.9938793778419495
0.9300697445869446
0.985206663608551
0.861717700958252
0.9962851405143738
0.9714195132255554
0.9975153207778931
0.9735639095306396
0.9976925849914551
0.9556059241294861
0.9970334768295288
0.9818980097770691
0.997439980506897
0.91387540102005
0.9965633153915405
0.9814030528068542
0.9960758686065674
0.9640123248100281
0.9959630370140076
0.9875794649124146
0.9955500960350037
0.989700198173523
0.9930516481399536
0.9842567443847656
0.9983260631561279
0.9679886102676392
0.9964304566383362
0.9797163605690002
0.9976045489311218
0.9440199732780457
0.9583503603935242
0.9760668873786926
0.9979584217071533
0.959202766418457
0.998595654964447
0.9839159250259399
0.9925858378410339
