-2.4159116744995117
-1.9210376739501953
-2.1934847831726074
-2.2857184410095215
-2.472317695617676
-1.8471238613128662
-2.5275015830993652
-2.4514479637145996
-2.2054007053375244
-2.6474204063415527
-2.395158052444458
-1.6735278367996216
-2.798356533050537
-2.233307123184204
-2.713733434677124
-2.344557762145996
-2.1143534183502197
-2.2764031887054443
-2.5517477989196777
-2.0168962478637695
-1.949767827987671
-2.1797778606414795
-2.133592367172241
-2.392899751663208
-2.068631649017334
-2.421812057495117
-2.577303409576416
-2.6680715084075928
-2.4718589782714844
-2.465573310852051
-2.4087140560150146
-2.54593563079834
-2.6339945793151855
-2.3127360343933105
-2.3364293575286865
-2.2434539794921875
-2.549333095550537
-2.0596516132354736
-2.145047903060913
-2.360898971557617
-2.6456637382507324
-2.3833508491516113
-1.943488597869873
-1.7825835943222046
-1.7618308067321777
-2.2051217555999756
-1.886513590812683
-2.378763437271118
-2.0462841987609863
-2.4428775310516357
-2.369843006134033
-3.1890056133270264
-2.26163387298584
-3.0379743576049805
-2.0448036193847656
-1.9374371767044067
-2.2556214332580566
-2.210198402404785
-2.175818920135498
-2.2015373706817627
-2.5121970176696777
-2.2200067043304443
-2.742497444152832
-2.0936696529388428
-2.6660799980163574
-2.6178975105285645
-2.450015068054199
-2.2198855876922607
-2.315103054046631
-2.7651796340942383
-2.5191023349761963
-2.5151407718658447
-2.3425815105438232
-2.1861746311187744
-2.486684560775757
-2.236469268798828
-2.3030037879943848
-2.0091657638549805
-2.164325475692749
-2.205436944961548
-2.335062026977539
-1.875816822052002
-2.027155876159668
-2.0356862545013428
-2.071171998977661
-2.4840331077575684
-2.1397736072540283
-2.599421501159668
-4.130436420440674
-2.005808115005493
-2.310452461242676
-2.087057590484619
-2.041870355606079
-1.7234166860580444
-2.4436824321746826
-2.401902437210083
-2.2368152141571045
-2.1284360885620117
-2.5674965381622314
-2.304656505584717
-2.334699869155884
-2.0787394046783447
-2.169886350631714
-2.2658746242523193
-2.4670536518096924
-2.357644557952881
-2.1875762939453125
-2.085724353790283
-2.5214288234710693
-2.219142198562622
-2.4067442417144775
-2.0897648334503174
-2.1037559509277344
-1.9691109657287598
-2.361708879470825
-1.965999960899353
-2.4401564598083496
-1.9761184453964233
-2.2632486820220947
-2.52321457862854
-2.15307879447937
-2.0790185928344727
-5.441521167755127
-2.0951242446899414
-2.3634226322174072
-2.1271893978118896
-2.60490345954895
-2.1741783618927
-1.9863983392715454
-2.6322927474975586
-2.002356767654419
-2.067876100540161
-2.1242737770080566
-1.9441553354263306
-1.814077377319336
-1.7269846200942993
-2.453372001647949
-2.318474769592285
-2.263014316558838
-2.137869119644165
-2.1110804080963135
-1.9561551809310913
-2.4533438682556152
-2.350977897644043
-2.239051580429077
-2.1198716163635254
-2.1937108039855957
-2.3420798778533936
-2.0734922885894775
-2.4350686073303223
-2.5374600887298584
-2.1466596126556396
-2.197483539581299
-2.0521929264068604
-1.932037591934204
-1.9190198183059692
-1.967803955078125
-2.2000603675842285
-2.34855055809021
-2.3612217903137207
-2.3525478839874268
-2.225956439971924
-2.35296368598938
-1.7300978899002075
-2.24275803565979
-2.1997509002685547
-2.4189581871032715
-1.8940541744232178
-2.1026558876037598
-2.117142915725708
-2.152902603149414
-2.291501045227051
-1.9968338012695312
-2.251004934310913
-2.3241283893585205
-2.2869186401367188
-2.216646194458008
-2.064973831176758
-1.9418410062789917
-2.431527614593506
-2.5653235912323
-2.370283842086792
-2.199064016342163
-2.201713800430298
-2.0801241397857666
-2.7475905418395996
-2.3965706825256348
-2.3466594219207764
-1.982360601425171
-2.2714428901672363
-2.0705313682556152
-2.0225636959075928
-2.171221971511841
-1.7542330026626587
-2.461878538131714
-2.4175291061401367
-2.375185489654541
-2.4207558631896973
-2.5019679069519043
-2.5308566093444824
