0.8670761614210076
0.8909017954021692
0.7342687165364623
0.48389049359996406
0.6298360584510697
0.9780086704662868
0.8407689843858991
0.773362456219426
0.12955071528752646
0.8701518416404724
0.9087724619441562
0.9608381688594818
0.7824336270801723
0.5740677717025392
0.8259930227484021
0.9810551305611929
0.8412644118070602
0.851838506758213
0.6482037482783198
0.07553147276242574
0.6979790568584576
0.8492030456492846
0.05335789124170939
0.6921741345690356
0.8154630046337843
0.7682635746896267
0.9658543467521667
0.7693161033093929
0.874832977902972
0.7965618521796868
0.736385166272521
0.7580324426293373
0.6948638232424855
0.9592029963220868
0.648531579800571
0.8073582182072901
0.5480101864751694
0.830432565882802
0.9307400211691856
0.7841173969209194
0.8947487026453018
0.8613207191228867
0.6588201550533995
0.8838512996832529
0.9838977307081223
0.8675857298076153
0.8173468921865735
0.24249710142612457
0.8816319219768047
0.974104608808245
0.5306230200720685
0.6987014938301096
0.7753232158720493
0.4814697553714116
0.6717460405909352
0.8735085477431616
0.1081414090262519
0.6450671156366857
0.8652772264821189
0.8204812575131655
0.8289614981040359
0.7138631176203489
0.9889013916254044
0.7293251882947516
0.7579358816146851
0.28622324241587194
0.8841026946902275
0.8808730044402182
0.7885721208793777
0.74421291454928
0.19269943237304688
0.7933796974165099
0.13841123382250467
0.7710161981069379
0.8721153504318662
0.7286326847970486
0.9522076580259535
0.7644316712394357
0.9310357471307119
0.9071816287257455
0.8694142955937423
0.08206913471221924
0.7918785941787064
0.010566644943677463
0.8481601783159104
0.7623743465196134
0.7574053777692219
0.8086512684822083
0.9625802636146545
0.9283354452678135
0.9629791511429681
0.7343279717024416
0.8336171249725989
0.24760447442531586
0.075612872838974
0.9362643559773763
0.8673094982902209
0.8779816139616411
0.9162728935480118
0.8260621525502453
0.7069742573159081
0.8763687580823898
0.8383270253737768
0.7584169719678661
0.7879507309860654
0.7407079823315144
0.06930880035672869
0.15709051489830017
0.8082207045094534
0.8670278464237021
0.7608014643192291
0.7688940413063392
0.7140933889563063
0.5956635687034577
0.7841758612543345
0.7463615136221051
0.839133854616772
0.7710090956904672
0.9093386083841324
0.746139092464
0.9633359313011169
0.9843363389372826
0.8547075887521108
0.04552126328150431
0.9164339184761048
0.7714271026663482
0.9331323334148952
0.8300888729281723
0.747856747941114
0.864282854180783
0.9524698456128439
0.9746285527944565
0.10231016079584758
0.9346931278705597
0.9848188757896423
0.7839142464101314
0.9201145966847738
0.7532696310016844
0.89509027534061
0.8931207954883575
0.8082422243638171
0.5192894850042649
0.9149908290969001
0.7920185403033558
0.8351059267918269
0.8495771406839291
0.48046678602986503
0.7116663625412103
0.6652104829748472
0.8926890134811402
0.8583897044882178
0.968541545527322
0.6892449508110682
0.5129220505477861
0.8006219230592251
0.15848409136136374
0.5004218564135954
0.8987707415452371
0.7879919031901019
0.9797675121914257
0.6524554619617347
0.7515384647995234
0.783396650933557
0.796892036182376
0.5962514532212582
0.7220926987273353
0.5648145321756601
0.9855245351791382
0.5201075018849224
0.539114517226283
0.8555157979329427
0.7850627057254315
0.043916127511433194
0.7536553110694513
0.6368558406829834
0.9694033946309771
0.671599411405623
0.8395834981929511
0.8188780489674007
0.9505703534398761
0.8020437260468801
0.7452071702718968
0.5972910962998867
0.8395718497534593
0.9878236395972115
0.6594497164090475
0.9650675137837728
0.8940977454185486
0.8435251996852458
0.9921256005764008
0.7097300809109583
0.8419923484325409
0.8442297220230103
0.8045591519524654
0.23779447376728058
0.8969374746084213
0.7530251151571671
0.6691332695384821
0.9333560764789581
0.9718943436940511
