-1.259766936302185
-1.0666643381118774
-1.2237427234649658
-1.2730531692504883
-1.3995317220687866
-1.051578402519226
-1.5912431478500366
-1.2252092361450195
-1.2738829851150513
-1.5879253149032593
-1.3884578943252563
-0.9228693246841431
-1.7122975587844849
-1.2813827991485596
-1.5921704769134521
-1.1820412874221802
-1.459465742111206
-1.3544323444366455
-1.3282932043075562
-1.159376621246338
-1.0714898109436035
-1.2555506229400635
-1.0912446975708008
-1.4089065790176392
-1.1163474321365356
-1.3149371147155762
-1.7747352123260498
-1.2756803035736084
-1.4368256330490112
-1.3727786540985107
-1.4543614387512207
-1.416164755821228
-1.386813998222351
-1.2964718341827393
-1.427314281463623
-1.358171820640564
-1.392080545425415
-1.1304316520690918
-1.1375194787979126
-1.2286341190338135
-1.5043185949325562
-1.302357792854309
-1.138396978378296
-0.9376077651977539
-1.0621252059936523
-1.240073800086975
-0.978060781955719
-1.2506558895111084
-1.2224440574645996
-1.2357358932495117
-1.423439383506775
-1.4122087955474854
-1.356811285018921
-2.12245774269104
-1.3806140422821045
-1.105700135231018
-1.2048184871673584
-1.13688063621521
-1.3116379976272583
-1.094893217086792
-1.2693859338760376
-1.3329740762710571
-1.5318357944488525
-1.095229148864746
-1.401484727859497
-1.644708514213562
-1.2657654285430908
-1.2089741230010986
-1.3013627529144287
-1.5772870779037476
-1.369876742362976
-1.3065460920333862
-1.380724310874939
-1.2133179903030396
-1.2771226167678833
-1.1644961833953857
-1.257240891456604
-1.4070661067962646
-1.1386324167251587
-1.2622746229171753
-1.281909704208374
-1.0567713975906372
-1.2228715419769287
-1.1419968605041504
-1.1969349384307861
-1.190567135810852
-1.2965773344039917
-1.529367208480835
-2.703826427459717
-1.0482665300369263
-1.435218095779419
-1.0803930759429932
-1.2215038537979126
-0.9753332138061523
-1.513852834701538
-1.2194383144378662
-1.2959060668945312
-1.2229198217391968
-1.8666175603866577
-1.2121329307556152
-1.3637831211090088
-1.1603007316589355
-1.3565627336502075
-1.176232933998108
-1.4849233627319336
-1.1853083372116089
-1.3923028707504272
-1.2523726224899292
-1.4731781482696533
-1.3307172060012817
-1.326744556427002
-1.1156600713729858
-1.4079852104187012
-0.958778440952301
-1.3785276412963867
-1.1287339925765991
-1.2399979829788208
-1.185990810394287
-1.2684335708618164
-1.3037980794906616
-1.328440546989441
-1.134016990661621
-2.4928982257843018
-1.277342438697815
-1.2629475593566895
-1.0090564489364624
-1.6175211668014526
-1.2457388639450073
-1.1606401205062866
-1.1478595733642578
-1.1020336151123047
-1.2845731973648071
-1.2479861974716187
-1.214404582977295
-1.1812849044799805
-1.0032447576522827
-1.3235870599746704
-1.390989065170288
-1.2960566282272339
-1.216069221496582
-1.1434440612792969
-0.9886420369148254
-1.2832025289535522
-1.2854355573654175
-1.3962938785552979
-1.2369394302368164
-1.4581001996994019
-0.9470915198326111
-1.260101079940796
-1.2300652265548706
-1.3668615818023682
-1.3363310098648071
-1.2828395366668701
-1.0228023529052734
-1.0595606565475464
-1.0920358896255493
-0.9933575391769409
-1.145216703414917
-1.5720924139022827
-1.2899960279464722
-1.228683352470398
-1.2677628993988037
-1.2051202058792114
-0.9945268034934998
-1.233567714691162
-1.248016595840454
-1.317296028137207
-1.0194700956344604
-1.3115869760513306
-1.108879804611206
-1.2089807987213135
-1.107372760772705
-1.127243161201477
-1.2078707218170166
-1.3775700330734253
-1.1499905586242676
-1.300930380821228
-1.1565226316452026
-1.0745404958724976
-1.2122116088867188
-1.2725753784179688
-1.3355141878128052
-1.3506808280944824
-1.1507887840270996
-1.236862301826477
-1.3119484186172485
-1.3300455808639526
-1.3299881219863892
-1.1813311576843262
-1.14240562915802
-1.248246669769287
-1.155121088027954
-1.2554117441177368
-0.9095635414123535
-1.2682995796203613
-1.2349300384521484
-1.2694140672683716
-1.431989312171936
-1.3243908882141113
-1.32208251953125
