-0.8452094793319702
-0.686198890209198
-1.4599355459213257
-0.9698023796081543
-0.9853512644767761
-0.6215622425079346
-1.140100359916687
-0.7677527070045471
-0.9042810201644897
-1.0568699836730957
-0.9359816908836365
-0.6892005205154419
-1.2465966939926147
-0.7056106925010681
-1.1365456581115723
-0.8743907809257507
-0.9767652153968811
-0.8379382491111755
-1.0285736322402954
-1.0153014659881592
-0.7161123752593994
-0.8352752327919006
-0.7542948126792908
-0.8750653862953186
-0.7585698962211609
-0.8063949346542358
-0.998067319393158
-0.8833383917808533
-0.9084654450416565
-0.7078021764755249
-0.9398757219314575
-0.8260301351547241
-0.7885822057723999
-0.7804809808731079
-0.9335090517997742
-0.739107072353363
-0.9379787445068359
-0.7547256946563721
-0.8896905779838562
-0.7920117378234863
-0.9991695880889893
-0.8693636059761047
-0.7713168263435364
-0.6218665838241577
-0.8771718740463257
-0.733727753162384
-0.7346064448356628
-0.8675046563148499
-0.9120001196861267
-0.7516510486602783
-1.1078577041625977
-0.9205591678619385
-0.8278359770774841
-1.1756561994552612
-0.9444426894187927
-0.786013662815094
-0.876012921333313
-0.7493066787719727
-0.8234376907348633
-2.9621071815490723
-0.9518027901649475
-0.9006019234657288
-1.0654041767120361
-0.7813764214515686
-0.9451945424079895
-0.9159350991249084
-0.9012516736984253
-0.7444580793380737
-0.837642252445221
-0.8283271789550781
-0.9755616188049316
-0.8517402410507202
-0.968832790851593
-0.7638993263244629
-0.8969001173973083
-0.6708778738975525
-0.9578636288642883
-0.7733656764030457
-0.8145410418510437
-0.7785614728927612
-0.8690840601921082
-0.6941002011299133
-0.9459858536720276
-0.6280384659767151
-0.8062487244606018
-0.7582935094833374
-0.931701123714447
-1.0511263608932495
-1.7624680995941162
-0.6998322010040283
-1.133554458618164
-0.7198812365531921
-0.8102682828903198
-0.7002514004707336
-1.0347586870193481
-0.8615199327468872
-0.8729637861251831
-0.7387424111366272
-1.4161951541900635
-0.9436455368995667
-0.885958194732666
-0.781020998954773
-0.8820840120315552
-0.8405895233154297
-1.0696221590042114
-0.7234453558921814
-0.8227551579475403
-0.7930321097373962
-0.9130881428718567
-0.8564236760139465
-0.871120035648346
-0.6994097232818604
-0.9034343361854553
-0.66717529296875
-1.0513782501220703
-0.7435564398765564
-0.7938662171363831
-0.7582436203956604
-0.8682487607002258
-0.9408092498779297
-1.2349462509155273
-0.844801664352417
-0.8688862323760986
-0.818106472492218
-0.9608015418052673
-0.7143381834030151
-1.1853599548339844
-0.8800446391105652
-0.8830219507217407
-0.6700869798660278
-0.8711000680923462
-1.1183687448501587
-0.8059466481208801
-0.8386539220809937
-0.7943402528762817
-0.6932801604270935
-0.8430206775665283
-0.8525867462158203
-0.8776119351387024
-0.882232666015625
-0.7796671390533447
-0.6446805000305176
-0.8860945105552673
-0.8096975088119507
-0.994149386882782
-0.77712482213974
-1.029412031173706
-0.709216296672821
-0.7415627241134644
-0.8777959942817688
-0.9487801790237427
-0.9063920974731445
-0.9132970571517944
-0.6342459917068481
-0.8365491032600403
-0.7263667583465576
-0.7492662668228149
-0.8014602661132812
-0.9819934368133545
-0.7898731231689453
-0.882732093334198
-0.7791992425918579
-0.7719952464103699
-0.7276578545570374
-0.7979691624641418
-0.8715085387229919
-0.8683369755744934
-0.6768807768821716
-0.848054826259613
-0.7661471366882324
-0.8239012360572815
-0.7797794938087463
-0.7148929834365845
-0.9005478024482727
-1.0045305490493774
-0.8700904846191406
-0.8765063285827637
-0.7275575399398804
-0.7396513819694519
-0.7677498459815979
-0.9475834369659424
-0.7992382049560547
-1.0528086423873901
-0.7898926734924316
-0.9148715138435364
-0.8638976216316223
-0.972633957862854
-0.8161706328392029
-0.8825550675392151
-0.816472589969635
-0.8509862422943115
-0.7240880131721497
-0.914026141166687
-0.6403140425682068
-0.8521144390106201
-0.644693911075592
-0.9299085140228271
-0.8724883794784546
-0.9360129237174988
-1.0586577653884888
