0.9290974140167236
0.9967997074127197
0.9877336025238037
0.991746723651886
0.9538025856018066
0.9969202280044556
0.9795728921890259
0.9691532850265503
0.9715714454650879
0.9956427812576294
0.9888883829116821
0.9937841892242432
0.9762321710586548
0.9466177225112915
0.947109043598175
0.9957007765769958
0.9706763029098511
0.9578197002410889
0.9827688932418823
0.927315354347229
0.979250431060791
0.9867245554924011
0.996640682220459
0.991813063621521
0.9421360492706299
0.9958206415176392
0.9717493653297424
0.9949325323104858
0.9736706614494324
0.9715303182601929
0.9797483682632446
0.9960900545120239
0.967911422252655
0.9936392903327942
0.9833588600158691
0.9970718622207642
0.9561145305633545
0.9923093318939209
0.9881978034973145
0.9960995316505432
0.9902292490005493
0.9964781999588013
0.9805607795715332
0.9977008104324341
0.9730340242385864
0.9954364895820618
0.9889122247695923
0.9869057536125183
0.9830542802810669
0.9890650510787964
0.9545814394950867
0.9962021708488464
0.9861156940460205
0.9752053022384644
0.9823071956634521
0.9922378659248352
0.8660483360290527
0.9905344843864441
0.9438273906707764
0.9737753868103027
0.953789234161377
0.9928892850875854
0.972433865070343
0.9951227903366089
0.9688775539398193
0.9860541224479675
0.9879460334777832
0.9986714720726013
0.9896627068519592
0.9829445481300354
0.8993280529975891
0.9966766834259033
0.9315620064735413
0.9915215969085693
0.9818338751792908
0.9901199340820312
0.9780304431915283
0.9897724390029907
0.9750542044639587
0.994844913482666
0.9951971769332886
0.9925442934036255
0.9911978244781494
0.991698145866394
0.9915707111358643
0.9845062494277954
0.9946296215057373
0.98820561170578
0.816698431968689
0.9862991571426392
0.9189560413360596
0.9918642044067383
0.9727285504341125
0.9861667156219482
0.976269006729126
0.9939892292022705
0.9848842620849609
0.9757789373397827
0.9489122033119202
0.9970682859420776
0.9808628559112549
0.9819506406784058
0.9706745147705078
0.9934883117675781
0.9744518995285034
0.9885193705558777
0.9719064831733704
0.9949635863304138
0.9801836013793945
0.9956624507904053
0.9890196323394775
0.9852452874183655
0.9165421724319458
0.9932053685188293
0.9657139182090759
0.9967058300971985
0.9557418823242188
0.9882771968841553
0.9768425226211548
0.9882959127426147
0.9900331497192383
0.9964913129806519
0.927918553352356
0.9847046136856079
0.9737145900726318
0.9850916266441345
0.9681477546691895
0.997413694858551
0.9917842149734497
0.9941976070404053
0.9644708633422852
0.995590090751648
0.9684345722198486
0.9902595281600952
0.9695918560028076
0.996343731880188
0.9844279885292053
0.993393063545227
0.9927625060081482
0.993909478187561
0.9467079639434814
0.9919956922531128
0.9946550130844116
0.9807770252227783
0.9897394180297852
0.9946976900100708
0.9676195383071899
0.9884648323059082
0.9519043564796448
0.9868781566619873
0.9757801294326782
0.997818648815155
0.9652869701385498
0.9964565634727478
0.9106831550598145
0.9850392937660217
0.9392366409301758
0.9935076832771301
0.9832208156585693
0.9956156015396118
0.9788810014724731
0.9927699565887451
0.9766499996185303
0.9919453859329224
0.955141544342041
0.9902373552322388
0.8171977996826172
0.9942616820335388
0.9589147567749023
0.9960099458694458
0.9758393168449402
0.9913821220397949
0.9690892696380615
0.9816974401473999
0.9584870338439941
0.9898771047592163
0.960597038269043
0.9896496534347534
0.9740643501281738
0.998060941696167
0.981518030166626
0.9915358424186707
0.9884799718856812
0.9951821565628052
0.9897813200950623
0.9913889765739441
0.9818307161331177
0.9944506883621216
0.9802711009979248
0.9865994453430176
0.9866062998771667
0.9870727062225342
0.9512531161308289
0.9846270084381104
0.9652714133262634
0.9967633485794067
0.9752318263053894
0.9944892525672913
0.9926290512084961
0.9821451902389526
