0.359366443215145
0.10801146924495697
0.4700599004281685
0.18740069743112794
0.39833078132424915
0.6158252102988107
0.36663687229156494
0.3810191843399985
0.13432336846987405
0.11539129167795181
0.11868586648617768
0.017050808295607567
0.18687599897384644
0.10180748171276516
0.12565882205963136
0.5174198814978203
0.36840297747403383
0.5311492813958062
0.02627806074451655
0.3406763994672264
0.1240913016455514
0.36800149988002057
0.05713642438252767
0.12451003279004778
0.5330798402428627
0.00808005513889449
0.6173494590446353
0.15220777346153877
0.2588150006486103
0.05812258720397949
0.5472053183242679
0.2463486846536398
0.08619397351285443
0.6141624695488385
0.08323635296388106
0.30903962826622383
0.11978458327108196
0.3265290064737201
0.6090284247960275
0.33733288957072155
0.32477872832290205
0.09168704066957746
0.13945893658092245
0.4065072843416904
0.12197904927389962
0.13660195469856262
0.25091497163521126
0.00831542101999124
0.6626772635790985
0.18507843136986984
0.15671812494595846
0.16246084857266396
0.32941265124827623
0.1719937848392874
0.06502753496170044
0.11495180428028107
0.10037735849618912
0.054950584064830436
0.10015814503033955
0.32965354970656335
0.22960377604301488
0.18826405867002904
0.16522266187530477
0.12003709588732038
0.41369331379731494
0.24806769780116156
0.11350858211517334
0.48229436320252717
0.2384843143767544
0.3874222547019599
0.16478675603866577
0.15121158361434936
0.11287984251976013
0.34098494777248967
0.3606182395791014
0.08818749189376832
0.4543309910222888
0.15719032287597656
0.7114442101834962
0.41436942088925705
0.4737139391945675
0.03723802864551544
0.6947024669963866
0.3225634640354353
0.45450257397235627
0.30360641594355303
0.37167111996677704
0.5514506796995798
0.4842136800289154
0.3562846314162016
0.2863911805260513
0.0996735617518425
0.014008217491209507
0.22982241213321686
0.07230638960997264
0.6226405551036199
0.2662282028468326
0.4538165413859216
0.49565411619842054
0.35732351145189667
0.5061162699546132
0.1103396862745285
0.36572458733765717
0.18154269425819317
0.29266312684760326
0.31383806094527245
0.1335418919722239
0.08397907018661499
0.32017289815385913
0.3867308852366275
0.376927758489425
0.20800946473092255
0.17282022535800934
0.43039366108132526
0.30226156264543536
0.41389746975619346
0.3886173589006913
0.459764524648728
0.321026864083251
0.08585556480102241
0.3302020556293428
0.42922175378043903
0.368378013993303
0.05557804382764376
0.4780560770072043
0.44944180446909743
0.4547276182898453
0.47982925684967387
0.043051762240273614
0.2805836766958237
0.06561128795146942
0.5045426000724547
0.11132697761058807
0.6145061331723506
0.17225110530853271
0.3122647222829983
0.20471052208449692
0.16513715089563952
0.5840959823172953
0.08108763183866229
0.381102824350819
0.04566781009946551
0.3122808405896649
0.23054635122285358
0.3575170199619606
0.07366083426909013
0.05136802878405433
0.031323496252298355
0.38787310254863566
0.2735883314162493
0.4647049406194128
0.05546407401561737
0.13690263032913208
0.2809145260964417
0.3529296565538971
0.15589455366134644
0.3397563265170902
0.42971395736990065
0.180587049773229
0.060853391885757446
0.11519495397806168
0.16011916985735297
0.34779058810737395
0.521411823735644
0.21698328650866947
0.1655746864021889
0.34899323135614396
0.5467071479186416
0.22688579163514078
0.24234156955831818
0.3626854456961155
0.31084223501384256
0.026053540408611298
0.3276757974526845
0.1419021884794347
0.14271050691604614
0.12142177139009748
0.12838887196267024
0.42919122393835674
0.0022843508049845695
0.041998112201690675
0.05450404116085598
0.07711617113091052
0.27394911367446184
0.15491554141044617
0.26314244978129864
0.04072413841883341
0.11388593985299979
0.218587379087694
0.4664827426895499
0.08593276143074036
0.21735802937473636
0.5210852451622486
0.14652296304702758
0.06592667102813721
0.10963685810565948
0.21627472765006436
0.1921847352059558
0.13282357794897898
0.347429977522956
