-1.5450798273086548
-1.352139949798584
-1.6097482442855835
-1.3889496326446533
-1.7162491083145142
-1.2361425161361694
-1.8582830429077148
-1.5971765518188477
-1.5545694828033447
-2.0574872493743896
-1.7926852703094482
-1.1462812423706055
-2.049246072769165
-1.6603001356124878
-1.921095848083496
-1.427091121673584
-1.6902743577957153
-1.5887572765350342
-1.7095422744750977
-1.423790454864502
-1.355942964553833
-1.4498740434646606
-1.385203242301941
-1.6518739461898804
-1.4081922769546509
-1.7162511348724365
-1.9829050302505493
-1.6695687770843506
-1.9098502397537231
-1.8421381711959839
-1.8495656251907349
-1.783164620399475
-1.6990712881088257
-1.581437110900879
-1.7738392353057861
-1.5904208421707153
-1.7339444160461426
-1.410091757774353
-1.4094669818878174
-1.5862877368927002
-1.8310933113098145
-1.6108012199401855
-1.3920772075653076
-1.1374948024749756
-1.3479669094085693
-1.4751142263412476
-1.2368773221969604
-1.549074411392212
-1.5336114168167114
-1.5371490716934204
-1.624214768409729
-1.764472484588623
-1.5993326902389526
-2.217120409011841
-1.5885870456695557
-1.361811876296997
-1.570793628692627
-1.498329758644104
-1.6453214883804321
-1.3627588748931885
-1.779876708984375
-1.6417309045791626
-1.9664314985275269
-1.5314476490020752
-1.6986780166625977
-1.857182502746582
-1.516514539718628
-1.4495551586151123
-1.590002179145813
-1.759992003440857
-1.7784061431884766
-1.6778967380523682
-1.7002038955688477
-1.4144937992095947
-1.519654631614685
-1.4368011951446533
-1.514991283416748
-1.4703694581985474
-1.3995455503463745
-1.545657992362976
-1.5532039403915405
-1.2180559635162354
-1.4766583442687988
-1.7623395919799805
-1.4734517335891724
-1.5084433555603027
-1.6110352277755737
-1.8784523010253906
-3.5029237270355225
-1.3233404159545898
-1.6976664066314697
-1.3758039474487305
-1.5463804006576538
-1.1955320835113525
-1.8229104280471802
-1.6734272241592407
-1.5784367322921753
-1.528083324432373
-2.019090175628662
-1.5408411026000977
-1.6103661060333252
-1.3007198572158813
-1.6205711364746094
-1.5286756753921509
-1.8888345956802368
-1.427419900894165
-1.6549886465072632
-1.5881401300430298
-1.8271785974502563
-1.5056897401809692
-1.5908472537994385
-1.4740657806396484
-1.5977320671081543
-1.322084903717041
-1.6516772508621216
-1.4185338020324707
-1.8922715187072754
-1.4021821022033691
-1.5265789031982422
-1.7388594150543213
-1.629455804824829
-1.3530417680740356
-3.388171672821045
-1.5519217252731323
-1.5471656322479248
-1.3978623151779175
-1.9679994583129883
-1.5530873537063599
-1.3727612495422363
-1.7560131549835205
-1.3449620008468628
-1.5546746253967285
-1.5988589525222778
-1.303009271621704
-1.3958535194396973
-1.1566312313079834
-1.6059238910675049
-1.6429327726364136
-1.5791161060333252
-1.459514856338501
-1.390380620956421
-1.3570189476013184
-1.6387765407562256
-1.4908515214920044
-1.7213414907455444
-1.4971572160720825
-1.714381217956543
-1.4557092189788818
-1.5706162452697754
-1.6328917741775513
-1.6660075187683105
-1.508616328239441
-1.6398247480392456
-1.3217146396636963
-1.2948578596115112
-1.2328009605407715
-1.2581188678741455
-1.4629831314086914
-1.8345482349395752
-1.7173469066619873
-1.460281491279602
-1.640297532081604
-1.683456301689148
-1.1298415660858154
-1.5565329790115356
-1.6210298538208008
-1.6660630702972412
-1.1842864751815796
-1.5995090007781982
-1.4557451009750366
-1.5392014980316162
-1.4432711601257324
-1.3920519351959229
-1.5540462732315063
-1.6825393438339233
-1.5700486898422241
-1.6191742420196533
-1.5704970359802246
-1.3185884952545166
-1.6414663791656494
-1.8508579730987549
-1.6445586681365967
-1.6299951076507568
-1.3518238067626953
-1.5182749032974243
-1.6774802207946777
-1.643125295639038
-1.6661207675933838
-1.464989185333252
-1.4937191009521484
-1.4288667440414429
-1.4967803955078125
-1.669866919517517
-1.098894476890564
-1.6472501754760742
-1.429497241973877
-1.5940924882888794
-1.745682954788208
-1.726384162902832
-1.642183542251587
