-1.3899966478347778
-0.910348117351532
-1.629316806793213
-1.3079723119735718
-1.9086127281188965
-1.5774335861206055
-1.5511192083358765
-1.0353939533233643
-1.621793270111084
-1.2296028137207031
-1.5272969007492065
-0.9830033183097839
-1.8280761241912842
-1.1098641157150269
-1.6641322374343872
-1.1037132740020752
-1.8069685697555542
-1.1058576107025146
-1.7873080968856812
-1.155967354774475
-1.3268846273422241
-1.018587589263916
-1.1931220293045044
-1.151434302330017
-1.3047455549240112
-1.0256445407867432
-1.762884259223938
-1.1115208864212036
-1.7162991762161255
-1.824597716331482
-1.774841547012329
-1.2383832931518555
-1.215399146080017
-1.0118052959442139
-1.3579972982406616
-1.0205503702163696
-1.2577592134475708
-1.194192886352539
-1.660820484161377
-1.1933199167251587
-1.5304099321365356
-1.2471587657928467
-1.4863646030426025
-0.9131107330322266
-1.377529263496399
-0.973972499370575
-1.3035564422607422
-1.3023704290390015
-1.6210969686508179
-1.1666803359985352
-1.8529878854751587
-1.092110514640808
-1.7424288988113403
-1.4817489385604858
-1.6534727811813354
-1.0602213144302368
-1.5132787227630615
-1.1204417943954468
-1.3434237241744995
-0.9843864440917969
-1.2899024486541748
-1.1723061800003052
-1.8720088005065918
-1.1743024587631226
-1.8665217161178589
-1.552215814590454
-1.423509955406189
-1.1644574403762817
-1.3845696449279785
-1.1612637042999268
-1.4891963005065918
-1.2022546529769897
-1.961055040359497
-1.0376074314117432
-1.44731867313385
-0.9697086811065674
-1.881809115409851
-1.0696345567703247
-1.7372554540634155
-1.2510154247283936
-1.4389179944992065
-0.8988143801689148
-1.6626626253128052
-1.0107852220535278
-1.3081090450286865
-1.0037277936935425
-1.487625002861023
-1.4319199323654175
-2.4061594009399414
-0.9709787964820862
-1.7364580631256104
-1.0143630504608154
-1.3479337692260742
-1.0271190404891968
-1.7126660346984863
-1.197410225868225
-1.1923058032989502
-1.012079119682312
-2.108989715576172
-1.168768286705017
-1.4178587198257446
-1.088765025138855
-1.5713893175125122
-1.1348141431808472
-1.6212108135223389
-0.9599647521972656
-1.097570776939392
-1.1042569875717163
-1.4196809530258179
-1.3392446041107178
-1.3892822265625
-0.905101478099823
-1.4236984252929688
-0.975066602230072
-1.7563310861587524
-1.1579859256744385
-1.4225050210952759
-1.267988681793213
-1.4638605117797852
-1.5800995826721191
-1.286003589630127
-1.016019582748413
-1.3437882661819458
-1.1926774978637695
-1.6679587364196777
-1.1473362445831299
-1.5524101257324219
-1.08805251121521
-1.639064908027649
-0.9915797114372253
-1.4070980548858643
-1.259885549545288
-1.4058513641357422
-1.1504640579223633
-1.5272889137268066
-1.124117374420166
-1.8756688833236694
-1.1078801155090332
-1.2657893896102905
-1.1158857345581055
-1.2926872968673706
-1.0163323879241943
-1.7888870239257812
-1.2223368883132935
-1.3685126304626465
-1.112511157989502
-1.6645543575286865
-1.1064318418502808
-1.2539209127426147
-1.1706799268722534
-1.6302143335342407
-1.1084682941436768
-1.4918729066848755
-0.8799872994422913
-1.668478012084961
-1.0835387706756592
-1.311934471130371
-1.1197631359100342
-1.586509108543396
-1.0424716472625732
-1.5200586318969727
-1.151803970336914
-1.5685207843780518
-1.0375902652740479
-1.1979477405548096
-1.2437471151351929
-1.4496959447860718
-1.0281859636306763
-1.6411850452423096
-1.2149064540863037
-1.3442540168762207
-0.9717639684677124
-1.2974357604980469
-1.2752289772033691
-1.4047948122024536
-1.4297428131103516
-1.8408458232879639
-1.0841243267059326
-1.6277644634246826
-1.0385010242462158
-1.5085158348083496
-1.0854142904281616
-1.433234691619873
-1.06022047996521
-1.4355251789093018
-1.2427765130996704
-1.575684666633606
-1.0612330436706543
-1.6177325248718262
-1.0497809648513794
-1.7330074310302734
-1.213464617729187
-1.851369857788086
-0.9308617115020752
-1.4812328815460205
-1.0953872203826904
-1.2924591302871704
-1.1489635705947876
-1.4131821393966675
-1.1724780797958374
