0.9449772834777832
0.9770865440368652
0.9728457927703857
0.9819180369377136
0.952489972114563
0.985182523727417
0.9374573230743408
0.9335291981697083
0.9061733484268188
0.974696934223175
0.95649254322052
0.98172926902771
0.9437248110771179
0.9519445896148682
0.9357355237007141
0.9728938937187195
0.9524595737457275
0.9770310521125793
0.9218766093254089
0.9357763528823853
0.926075279712677
0.8377639055252075
0.9232606291770935
0.927910566329956
0.9535254836082458
0.9675774574279785
0.9517524838447571
0.9733334183692932
0.8947799801826477
0.8004611134529114
0.8821038007736206
0.9480302333831787
0.960158109664917
0.9591794610023499
0.9724240899085999
0.9233803749084473
0.9382603168487549
0.9455618858337402
0.9565966725349426
0.9744380116462708
0.9547961950302124
0.9673377275466919
0.9072198271751404
0.9830721020698547
0.903414785861969
0.9662129282951355
0.9419501423835754
0.9741665720939636
0.9500126242637634
0.9431582689285278
0.938179612159729
0.9769081473350525
0.9676275849342346
0.9653606414794922
0.9468899369239807
0.9872994422912598
0.9210088849067688
0.9676058292388916
0.8761929869651794
0.9575360417366028
0.9459506869316101
0.9785335659980774
0.9374784827232361
0.9807895421981812
0.9504188895225525
0.9365113973617554
0.9658989906311035
0.9807118773460388
0.9522303342819214
0.9495289921760559
0.8850973844528198
0.9881437420845032
0.907916247844696
0.9741182327270508
0.943500816822052
0.9276699423789978
0.9606348872184753
0.9862666130065918
0.9283416867256165
0.9463179111480713
0.9097399115562439
0.9019371271133423
0.9579342007637024
0.9619234204292297
0.9630588889122009
0.9706369042396545
0.9489971995353699
0.9847590327262878
0.8205499053001404
0.9713636040687561
0.9110944867134094
0.9770287275314331
0.9529487490653992
0.9278965592384338
0.9106223583221436
0.967616081237793
0.961997926235199
0.9368023872375488
0.844910740852356
0.9844957590103149
0.9383038878440857
0.9304167628288269
0.8863603472709656
0.9781725406646729
0.8609214425086975
0.9612573981285095
0.9565466046333313
0.9662514925003052
0.9571434855461121
0.975110650062561
0.9729852080345154
0.9717609882354736
0.9181345105171204
0.977149486541748
0.9314709305763245
0.9650163650512695
0.9514142870903015
0.9530075788497925
0.9426428079605103
0.9694179892539978
0.9341450333595276
0.9758487939834595
0.9556974172592163
0.8517314195632935
0.9605589509010315
0.9687923192977905
0.9476668238639832
0.9871699213981628
0.9736045598983765
0.9242327213287354
0.9248584508895874
0.9752259850502014
0.9245647192001343
0.9170867800712585
0.8340842127799988
0.9695143103599548
0.9528765678405762
0.9647915363311768
0.9499801397323608
0.9820107817649841
0.9382376670837402
0.9403184056282043
0.912642240524292
0.9596495628356934
0.9474146366119385
0.9791661500930786
0.9323199391365051
0.9392867684364319
0.9161377549171448
0.9875302314758301
0.9319531321525574
0.9832801222801208
0.9231063723564148
0.9823615550994873
0.8857222199440002
0.9616278409957886
0.9602090120315552
0.9576383829116821
0.9671165347099304
0.9673280119895935
0.8875484466552734
0.9782891869544983
0.9721563458442688
0.966997504234314
0.93677818775177
0.9711294770240784
0.815799355506897
0.9837932586669922
0.9524146914482117
0.9681754112243652
0.9256579875946045
0.9765263795852661
0.9123045206069946
0.9614015817642212
0.9748460650444031
0.976413369178772
0.8832433223724365
0.9546389579772949
0.9568917751312256
0.9765517711639404
0.8887743353843689
0.9387243986129761
0.9599794745445251
0.9501269459724426
0.9726896286010742
0.9054010510444641
0.9358066320419312
0.9839065670967102
0.9442285299301147
0.9651706218719482
0.9668770432472229
0.9441457986831665
0.9146460294723511
0.9531612992286682
0.948274552822113
0.9785222411155701
0.9214161038398743
0.9638894200325012
0.9513806700706482
0.9516635537147522
