0.8561413884162903
0.9300969839096069
0.24011015892028809
0.9772936701774597
0.8842294812202454
0.9719988703727722
0.9733226895332336
0.9815686345100403
0.7501841187477112
0.8706204295158386
0.8568001985549927
0.9039363265037537
0.6041144132614136
0.9756836295127869
0.8194916248321533
0.980748176574707
0.8929542899131775
0.8641159534454346
0.7053533792495728
0.9063776731491089
0.9687801003456116
0.8782498836517334
0.8023194670677185
0.9716523289680481
0.9483773112297058
0.9553021788597107
0.9000275731086731
0.9744864106178284
0.8582553863525391
0.34986308217048645
0.200255885720253
0.9709947109222412
0.2027646154165268
0.9587317109107971
0.7374476194381714
0.9896685481071472
0.9778693318367004
0.955995500087738
0.9666315317153931
0.8698749542236328
0.9538713693618774
0.8560946583747864
0.08463620394468307
0.9831671118736267
0.9921718835830688
0.9760298728942871
0.9596279859542847
0.9699884057044983
0.9770247936248779
0.9823893308639526
0.8877124786376953
0.9167758226394653
0.5705662369728088
0.9861522912979126
0.7116134762763977
0.8007809519767761
0.9672105312347412
0.8439549207687378
0.9637322425842285
0.9466201663017273
0.9911361932754517
0.9636986255645752
0.9912480115890503
0.810914158821106
0.670430600643158
0.11138307303190231
0.9598998427391052
0.9758266806602478
0.8185731768608093
0.0983869805932045
0.957101047039032
0.9688214063644409
0.805184543132782
0.9405568242073059
0.892989993095398
0.9730750918388367
0.9646892547607422
0.9848774671554565
0.9669235348701477
0.9666944146156311
0.9751375317573547
0.8206921815872192
0.4567005932331085
0.1373661309480667
0.15218806266784668
0.9057360887527466
0.9509935975074768
0.8633950352668762
0.9578496813774109
0.029262639582157135
0.9689768552780151
0.9289555549621582
0.9620873332023621
0.9904178977012634
0.9464640021324158
0.8712755441665649
0.9756194353103638
0.9362435936927795
0.37830907106399536
0.9846009612083435
0.9253678917884827
0.9766579866409302
0.8067624568939209
0.8690122961997986
0.9443466663360596
0.8625562787055969
0.3621913492679596
0.9425429701805115
0.9605454802513123
0.8143479228019714
0.9344556331634521
0.9683448672294617
0.9644347429275513
0.9306429624557495
0.970058023929596
0.97315514087677
0.6872313618659973
0.8441304564476013
0.9301803112030029
0.9770217537879944
0.9511398077011108
0.9847465753555298
0.5987165570259094
0.6828189492225647
0.9874500036239624
0.9748724699020386
0.9583346843719482
0.965188205242157
0.9621397852897644
0.9772135019302368
0.9384320974349976
0.97982257604599
0.9447652101516724
0.9857919216156006
0.9882516264915466
0.9609833359718323
0.9011141657829285
0.9516273140907288
0.9428258538246155
0.8882825970649719
0.45774397253990173
0.5921614170074463
0.9807594418525696
0.9753665924072266
0.9876230955123901
0.9182248115539551
0.07019687443971634
0.9358159899711609
0.8396593332290649
0.9800410270690918
0.8598411083221436
0.816990077495575
0.9781466126441956
0.875483512878418
0.9723731875419617
0.9509046673774719
0.7564494013786316
0.5376360416412354
0.938723087310791
0.9742063283920288
0.9830024838447571
0.909916341304779
0.5524294972419739
0.9834473133087158
0.7050747871398926
0.9428995847702026
0.7425790429115295
0.8728336691856384
0.33848050236701965
0.9807666540145874
0.975774884223938
0.9669806957244873
0.6443964242935181
0.9776884317398071
0.9803911447525024
0.9664803743362427
0.9807079434394836
0.9465792179107666
0.9530450105667114
0.9337266087532043
0.9262058138847351
0.2353193610906601
0.9751606583595276
0.9864796996116638
0.9907239079475403
0.8955175280570984
0.8604317307472229
0.9774085879325867
0.8913657069206238
0.9213125705718994
0.6454162001609802
0.9739835858345032
0.9363608956336975
0.991794764995575
0.9562292098999023
0.9391207695007324
0.3252752423286438
0.5934956669807434
0.9867968559265137
0.9726431965827942
