0.6526201963424683
0.9487264752388
0.9632290005683899
0.9534463882446289
0.8512815833091736
0.9540667533874512
0.1913391649723053
0.9714586734771729
0.8348493576049805
0.6081264615058899
0.9077470898628235
0.34895291924476624
0.9275388121604919
0.9700994491577148
0.8845783472061157
0.875169575214386
0.08578093349933624
0.8237711191177368
0.8115599155426025
0.9224581122398376
0.966684103012085
0.38580992817878723
0.5443063378334045
0.9463420510292053
0.9157965183258057
0.03419111669063568
0.757416844367981
0.8559647798538208
0.05320954695343971
0.5634253621101379
0.2217419147491455
0.739161491394043
0.2813238203525543
0.9707698822021484
0.8389966487884521
0.9000650644302368
0.9250048398971558
0.9180845022201538
0.2127738744020462
0.3101096451282501
0.515502393245697
0.8239983320236206
0.011606468819081783
0.9820702075958252
0.9574373960494995
0.8024576902389526
0.9813599586486816
0.1158977821469307
0.920967161655426
0.17017057538032532
0.7896926403045654
0.9187031984329224
0.6788893342018127
0.9738366007804871
0.5433667302131653
0.7411282062530518
0.9263970851898193
0.8807394504547119
0.3848561942577362
0.8911002278327942
0.9860550761222839
0.013678467832505703
0.469940185546875
0.9367251396179199
0.7351216673851013
0.040751200169324875
0.9171538949012756
0.9558125734329224
0.855527400970459
0.03323328122496605
0.9580432176589966
0.9723819494247437
0.19446201622486115
0.9212481379508972
0.8667594194412231
0.17514851689338684
0.933327853679657
0.9298234581947327
0.4607734978199005
0.9671289920806885
0.9535886645317078
0.19757285714149475
0.659684419631958
0.6422567963600159
0.37007588148117065
0.8521996736526489
0.8589285612106323
0.9322965145111084
0.9485379457473755
0.02743646875023842
0.42196279764175415
0.9368823766708374
0.8904247879981995
0.9796317219734192
0.9048922061920166
0.7884440422058105
0.8078766465187073
0.5716028809547424
0.6139578223228455
0.9800928831100464
0.8208116292953491
0.972791314125061
0.1975107491016388
0.7739344239234924
0.8697332739830017
0.6120694875717163
0.31184807419776917
0.890496015548706
0.7136809229850769
0.8704444169998169
0.9442270994186401
0.9371638298034668
0.9574643969535828
0.9544470906257629
0.7101285457611084
0.936051607131958
0.8936229348182678
0.5547521710395813
0.9277070164680481
0.829713761806488
0.8776793479919434
0.9561883807182312
0.4337990880012512
0.6058992743492126
0.969848096370697
0.9543085694313049
0.9745813012123108
0.8541648983955383
0.9477025270462036
0.9465391635894775
0.9225010275840759
0.9442386627197266
0.8802697658538818
0.9474160075187683
0.9789600968360901
0.6544726490974426
0.8690961599349976
0.8879279494285583
0.9499680995941162
0.9206867218017578
0.2504167854785919
0.7088058590888977
0.9436095952987671
0.9479032158851624
0.9766386151313782
0.9739162921905518
0.017724046483635902
0.8413177728652954
0.9043037295341492
0.9553257822990417
0.7738552093505859
0.602637767791748
0.905904233455658
0.9168350696563721
0.578363299369812
0.9605023860931396
0.9662352204322815
0.8359879851341248
0.8771063089370728
0.9288406372070312
0.969892144203186
0.876697838306427
0.0650569424033165
0.9296725988388062
0.8197473287582397
0.9293550848960876
0.8609978556632996
0.17019623517990112
0.04027344286441803
0.4768836200237274
0.9728699326515198
0.8457009196281433
0.5116351842880249
0.9544626474380493
0.9174829125404358
0.9135915040969849
0.8739636540412903
0.7883887887001038
0.9589494466781616
0.946478009223938
0.9394113421440125
0.22614328563213348
0.9547837972640991
0.9714654684066772
0.9702063798904419
0.5051051378250122
0.6166720986366272
0.8585615158081055
0.9379177689552307
0.16666333377361298
0.749030351638794
0.9555332064628601
0.8974538445472717
0.8934571743011475
0.6846653819084167
0.9745967984199524
0.2570470869541168
0.5428168773651123
0.9800509810447693
0.9590903520584106
