0.9402718544006348
0.9151642918586731
0.9865190386772156
0.9740316271781921
0.9752122163772583
0.9850446581840515
0.9906420111656189
0.9872080683708191
0.5274361968040466
0.7469775676727295
0.8446313142776489
0.8969055414199829
0.9878765344619751
0.976441502571106
0.9841699600219727
0.9878590703010559
0.9795777201652527
0.9892652034759521
0.9844308495521545
0.9329734444618225
0.9499223828315735
0.9342187643051147
0.32349419593811035
0.9758161902427673
0.5839276909828186
0.9808762669563293
0.9697604179382324
0.5984158515930176
0.8929925560951233
0.4758971333503723
0.9044656753540039
0.9767217636108398
0.610052764415741
0.9024062752723694
0.8144636154174805
0.9902387857437134
0.9865453839302063
0.9886177182197571
0.9547686576843262
0.9914633631706238
0.9082397818565369
0.9823948740959167
0.5223875045776367
0.9916621446609497
0.9917563199996948
0.9684915542602539
0.9483803510665894
0.9770310521125793
0.9844940304756165
0.9888511300086975
0.7624903917312622
0.9892948269844055
0.9813708662986755
0.9876530170440674
0.20310348272323608
0.9888456463813782
0.967607319355011
0.3478441834449768
0.9808833003044128
0.9577202200889587
0.9922818541526794
0.9783263206481934
0.9907522201538086
0.8925570249557495
0.9677879810333252
0.9247490167617798
0.9856212735176086
0.9872633814811707
0.9835150241851807
0.11444191634654999
0.9758390188217163
0.9740105271339417
0.9684601426124573
0.9725242257118225
0.9566649198532104
0.9626576900482178
0.9559543132781982
0.9926498532295227
0.9698782563209534
0.9769288897514343
0.9865792393684387
0.8574073910713196
0.9843233227729797
0.6405099630355835
0.035689741373062134
0.980465829372406
0.9716109037399292
0.9896120429039001
0.9891784191131592
0.025013575330376625
0.9755825400352478
0.9897133111953735
0.980417013168335
0.9906178116798401
0.9726201891899109
0.9931617975234985
0.9726707339286804
0.9015803933143616
0.9661897420883179
0.9860823154449463
0.8466242551803589
0.9851284623146057
0.9859674572944641
0.9587000012397766
0.9671063423156738
0.972615659236908
0.5040965676307678
0.9727901816368103
0.9764150381088257
0.9741246104240417
0.9877626895904541
0.9816085696220398
0.9836635589599609
0.9732319116592407
0.986026406288147
0.9873392581939697
0.7332232594490051
0.8930888772010803
0.850252628326416
0.9788746237754822
0.9832350015640259
0.9918299317359924
0.8945745229721069
0.5349324941635132
0.9882439374923706
0.954468846321106
0.9661189317703247
0.9868919253349304
0.9823330044746399
0.9750292897224426
0.9835895895957947
0.9768110513687134
0.9585387706756592
0.9888412356376648
0.9920294284820557
0.9603502750396729
0.9647085666656494
0.9771991968154907
0.7805324792861938
0.9907529354095459
0.4117012321949005
0.872205376625061
0.9866167306900024
0.9876495003700256
0.9886618852615356
0.916140079498291
0.1543205976486206
0.9935082197189331
0.9679760336875916
0.9852340817451477
0.5369752645492554
0.9472936987876892
0.9899260997772217
0.9681885242462158
0.8962466716766357
0.9765983819961548
0.9910373687744141
0.39274317026138306
0.9864616990089417
0.9567705392837524
0.9902862906455994
0.9535727500915527
0.8547511100769043
0.9843418002128601
0.9527385830879211
0.8011248707771301
0.9840781688690186
0.9112481474876404
0.911682665348053
0.9864137768745422
0.9874115586280823
0.9872755408287048
0.5598277449607849
0.9882025122642517
0.981040894985199
0.9809440970420837
0.9787817597389221
0.976334810256958
0.9799903631210327
0.9626317620277405
0.9890615940093994
0.969318687915802
0.9849227666854858
0.9910248517990112
0.9902291893959045
0.9871121048927307
0.8584443926811218
0.9913437366485596
0.9717215895652771
0.9780724048614502
0.9774358868598938
0.989421546459198
0.9752992987632751
0.9938030242919922
0.9657816886901855
0.9858432412147522
0.5482208132743835
0.9873033165931702
0.9929674863815308
0.9770056009292603
