0.8607191990569185
0.8987037725603393
0.7992852092607523
0.8467427503418714
0.8463549132027394
0.8589779836599175
0.818201653519712
0.8856622363169897
0.714823432794963
0.8833001016702129
0.8375322992774425
0.8462340980416544
0.8892857142857142
0.8970614100489553
0.8516626503542594
0.8872645220142102
0.7938076939363143
0.8907369587409891
0.7998049719827954
0.8683728787780022
0.8343485425075821
0.8916657345326061
0.8193207176143129
0.8991539888276115
0.8700270374662031
0.8979826173961291
0.8481559520894018
0.8884111157129286
0.8486415162830576
0.8775765498150779
0.8226496103822307
0.8698688065249205
0.8493512793196031
0.9044349277511979
0.8320895940143225
0.8805019341069762
0.8893288743236586
0.8447969124574158
0.8484275567563454
0.8876480190761756
0.8804085285057143
0.890988195325719
0.750107517086706
0.8768856302580522
0.7692462574330464
0.8988399545051918
0.8243127519749059
0.8481616219226379
0.8414743905699399
0.9065935475643011
0.8303904584221747
0.8963495243674549
0.8374803491551347
0.8299274112307033
0.8453885589563981
0.8958901825456324
0.8538258848746628
0.9005492932318333
0.8564720209859255
0.9091122817500794
0.8620934675449164
0.9089397700808347
0.8491398864721379
0.8973584748985403
0.8155567732499858
0.839274045685769
0.8671465156255693
0.8548216435180667
0.8427034768926376
0.9150470792932852
0.8555679127930207
0.8888195682313329
0.7590974855232919
0.8978223354529598
0.850504490341519
0.89261193704694
0.838709432037488
0.8882369636126148
0.8359241650461156
0.8532578245731834
0.8176607413155319
0.8611677382259161
0.8390613456829161
0.8778171523586161
0.8489386043023419
0.8943011779687997
0.8224276873603439
0.9009162687517767
0.8990503597122301
0.8934946559967823
0.799534401101233
0.8852890257792501
0.8552739102857998
0.8889620224462537
0.8641433606578106
0.8865000166251418
0.8908017253473431
0.8619155100341882
0.7628426839480104
0.8840245824629213
0.812667683537854
0.8813887947947293
0.8261365290183541
0.8794196913442709
0.8501608949887846
0.8993121816609235
0.8498807299425385
0.8906808270489724
0.8325601558440748
0.8826045148548494
0.8383342786499662
0.9066965626439902
0.8675197187928668
0.8943604345961611
0.8505572062899555
0.8534319629047048
0.8445101737540008
0.864724696720574
0.8529762480152523
0.9090854545133757
0.8428991837560712
0.9003618587402372
0.9068968661448251
0.8399865068351426
0.8430792728441989
0.8875781978668921
0.8638242894056847
0.8904034867636542
0.8285065773353633
0.9078805890206612
0.8672465997673541
0.8901392063912924
0.8487958331747238
0.8856650297006051
0.885950061280874
0.854542362221751
0.8315053538227495
0.8963425542664645
0.8641573371630693
0.8912266105039156
0.793859891051883
0.8893307991942592
0.7921576154603444
0.8946739660888731
0.8395977642077488
0.8771449508960205
0.8878710999970922
0.8921682656186787
0.834235104201653
0.9167569252000115
0.7953131070130746
0.8737741186489209
0.827958208372955
0.8775263009156885
0.8629683485671283
0.891698317959848
0.8947206243297624
0.8884152864455639
0.8206617447610084
0.880338526382292
0.8704373575691328
0.8645870667481867
0.7584262715680699
0.8841344583699642
0.8433620507473151
0.8903833096425067
0.8331306246117588
0.8907815089689598
0.8560049019607843
0.8067962770285935
0.8575615939158677
0.901002940060698
0.8343251138233824
0.8869269128149119
0.8636739956568946
0.8958326496347677
0.8509239130434784
0.8876516391432808
0.8237859488809367
0.8868543499622699
0.8690541690392368
0.8895412436388724
0.8517746078961601
0.8927227248607704
0.781516207709043
0.8957389538387488
0.8209722720053626
0.8878316152762615
0.803198856295486
0.9061121956028789
0.758670520231214
0.8772138083379609
0.7594853622654422
0.8812646797028243
0.875994528591102
0.8916061404284379
0.8718867128759102
0.8827336369088388
0.8160749472874487
0.902650914658278
