0.7062650949877644
0.7178647146082755
0.6792786788911312
0.7337867469251497
0.69544449728679
0.6332087674697938
0.6743767934612612
0.7564576523596779
0.559811611538164
0.7682577163096644
0.6896400597634953
0.6825936229483361
0.7515138687790197
0.7629653796227249
0.7039394258250407
0.7688164405615928
0.6411604181515039
0.751639517218096
0.7125455097087379
0.708104931329576
0.680697471113495
0.7535992801439712
0.6245176775054407
0.7677582327152301
0.6806003360428681
0.7572661307215159
0.727536037162636
0.7287471258061262
0.6843948364505886
0.6980866147956538
0.6993089109127509
0.758133687630173
0.732324707698627
0.7769428289800836
0.7115157064680628
0.7526946444989062
0.7591416987352116
0.7087801106837294
0.6874279289248659
0.7485435463312519
0.7393937502251853
0.745349071992601
0.5929453856698826
0.735453725842602
0.6324996941301217
0.7724823759527929
0.6280409623720857
0.7325258791650338
0.7143856121199291
0.7667558101209254
0.6684234258431777
0.7756718598111222
0.7315805092543941
0.7476128472222223
0.6781125549219558
0.729692974160835
0.7082342205385016
0.7631819907796478
0.6983487265603134
0.7629193083786543
0.7024291724384764
0.7944722474977253
0.7472607814103465
0.7550155650844981
0.6921509306337422
0.7421535029004909
0.6957325627271672
0.7571344178030049
0.7169353376257923
0.81712022973549
0.7240289425819283
0.7100613089459971
0.6561654103646904
0.7785132710929363
0.7155283308685847
0.7548191466320123
0.6720931785610401
0.7410477053140098
0.6723860798745661
0.6807235726399097
0.6630239099859352
0.7178358610047386
0.7013443727492582
0.7469363296917971
0.7103562042692962
0.764323492003827
0.6343752021452592
0.7844830754529751
0.7953042824943651
0.7203237939974858
0.6421750216668415
0.7683298186395456
0.7408133161865635
0.7483420924561259
0.7047800534427792
0.758749195602787
0.7575162585410667
0.7209668967203063
0.6394087266251113
0.7507126632419944
0.6939785843415379
0.7512987640396265
0.7036801095325596
0.7545425415039063
0.7227152627032473
0.7529982937650863
0.6680282944044822
0.7270278903008537
0.6747865799823256
0.7567814590260978
0.7075382390009165
0.7415922105967913
0.7047921814776988
0.7717896504167416
0.6763980250244799
0.7089732981108215
0.6858844653689462
0.7331902718168813
0.6812015671169444
0.7755614200569444
0.7105721824145218
0.7790012540406956
0.81721350671788
0.6756702514394012
0.7036538983971747
0.7744811169958237
0.7527336105675148
0.7451726068493878
0.6780824204206547
0.7603609854208578
0.7014297531045169
0.7077251054292583
0.6962183096473618
0.7279147018929423
0.7470607446113652
0.7276130237858425
0.7236381462235818
0.7554298803028663
0.7110628062360801
0.7691468139677304
0.6680412659586015
0.7322845987324567
0.6530243839735314
0.7237627269310787
0.6664697540555076
0.7232513786424991
0.776780487804878
0.7843098824464507
0.6958473625140291
0.8091131222999356
0.6365892317463098
0.7227107277146311
0.7336854588054403
0.7320329018967662
0.6823703459826082
0.7697897222414263
0.7637692964942028
0.7467610878114935
0.7244766268315465
0.7103395965052784
0.7193023900215102
0.7700297449168557
0.6102336978039432
0.705667170246608
0.7095084370850325
0.7861483843975674
0.7222823147647376
0.7684504400309068
0.7322107014989105
0.6424137747214671
0.7326872953894356
0.7473560329318721
0.6823478268756907
0.7229592277543455
0.7644380700381733
0.752486395218185
0.7191598459126187
0.7688237142770085
0.6821453183388192
0.7938586545729402
0.7608694548450359
0.7655703101727733
0.7515492619168082
0.7645862009378576
0.6775167902374918
0.7851852457074223
0.6508799504677807
0.75699485815695
0.6676961079408356
0.7897809101963117
0.6345464482917316
0.7335849231124985
0.6339468723449447
0.7544443056449264
0.6931072397001815
0.7465949775223636
0.7313544792113158
0.7461170214384383
0.6924565709969789
0.7838010090685975
