0.9077331638471117
0.9562263482115602
0.8559011384919225
0.9225835273821986
0.8845024471927512
0.9396883324242725
0.8747647877839057
0.9474979513655634
0.7847522537280018
0.925260604027514
0.8919742994539522
0.9122293354380364
0.9305683043587805
0.9527232760010264
0.9031289506953224
0.9506510242444121
0.8378160941622796
0.9523184533710356
0.8444226244318122
0.9367075201103253
0.9026870475196381
0.9449532727541371
0.9053905803688083
0.9513396451100784
0.9209620773861015
0.9587177081111823
0.8916384043927648
0.9456130152839287
0.9004331141055192
0.9319504125831006
0.8533620179662503
0.920143400279761
0.9007654097017797
0.9559700476323413
0.9105126909214294
0.9491317590285194
0.934055553649571
0.9157714494533634
0.9116984986414391
0.9562763672167526
0.9299008878105628
0.9487575503828377
0.8410408994427722
0.9488355818203025
0.8604953140357434
0.956404016966796
0.8951855377097021
0.9072062026622684
0.8941786144140093
0.9517897660045378
0.8796711677282377
0.957976549915364
0.8915774956580776
0.9035675732144722
0.908936871689547
0.9563577586206896
0.9038300814677893
0.9535480169744625
0.9188263935979456
0.9566344043728658
0.9038345711912715
0.959440717206782
0.8948603886634632
0.9426209172217881
0.8394762141797454
0.9002410260319844
0.9263360661793161
0.9177434747869319
0.8880561864135766
0.9579891579549614
0.9122573837474104
0.9512677905961269
0.8095736400069351
0.9431867260194307
0.8919065124652106
0.9492807357473917
0.9007082887526434
0.947551363956122
0.8856167914131289
0.9145242070116861
0.9033802554250938
0.9310335517711055
0.9348323759711611
0.9397472202230688
0.9084961602543197
0.9498912617428021
0.8906618834080717
0.9531187557205656
0.9316875569977308
0.9477206334184419
0.8514454624295325
0.937392571801468
0.8923158450827722
0.9350376692594464
0.9238282086810465
0.9385182285315775
0.9380863609536805
0.9580951863241491
0.7979098265512553
0.9373461499516409
0.891544885382752
0.9331985804373598
0.8773648496831887
0.9410660440271067
0.8988817055056371
0.9458882035396284
0.895488516924907
0.953637481932984
0.8963539870391424
0.9539014177585426
0.8742758451781208
0.951561352660579
0.9097348266855549
0.9527821260033734
0.8721021672127087
0.924538272833753
0.9418582100411695
0.9312845627997143
0.9187519050069537
0.9466819233889009
0.893474755117881
0.945576248189182
0.9457388101541618
0.9326338401410018
0.8864732528034385
0.9304954561460534
0.9253891572732152
0.9384052652752115
0.8862175473745723
0.9577638573607177
0.9242172691685119
0.9438296476615958
0.900312286911639
0.9425671807510934
0.9174404628950084
0.9410106190123076
0.9092445422399654
0.9474609597156398
0.9300930227881855
0.9457712027005694
0.8798885893288684
0.9510383412278025
0.8442322631773778
0.9539746400885918
0.9271648587530696
0.940022419201925
0.9402176296812312
0.9448390257159074
0.9056861472373634
0.9596189605243104
0.873353491491318
0.9256223587019428
0.8780287823897426
0.946155537355765
0.909040680271817
0.9494748169126807
0.9457393322736246
0.9434525540011474
0.8846599337059378
0.9490169261191884
0.9241855446883511
0.9533220121652769
0.836626017732221
0.9399371435222906
0.908936871689547
0.9377076674924164
0.8731389236611834
0.9442919706417195
0.9143608740297453
0.9062457156102204
0.9082555270456185
0.9570461361466529
0.900220437205583
0.9383312421706249
0.9166351536167764
0.9507491627005111
0.9100886293415725
0.9288332573995699
0.8857149318786002
0.9511690715372908
0.9329307491765753
0.9416754389586085
0.9006663338301849
0.947815725485019
0.865759360946631
0.9531917947511864
0.8811336093183574
0.9565980885451318
0.883778136898732
0.9604318252966901
0.8151210622753258
0.9320311154253738
0.8077808346187413
0.9418377139597128
0.9273632727985296
0.9402027365241072
0.9271507464513277
0.9477421744179838
0.8863547937787232
0.9542441276362605
