0.8313266038894653
0.9898920655250549
0.9754303097724915
0.9940786957740784
0.9587228298187256
0.9942303895950317
0.8664705753326416
0.9798274040222168
0.8944261074066162
0.9901707768440247
0.9047755002975464
0.9888811111450195
0.9503776431083679
0.9950904250144958
0.9473830461502075
0.9928755164146423
0.9630879163742065
0.9965710043907166
0.9657778739929199
0.9927342534065247
0.9554244875907898
0.9889140725135803
0.9496467709541321
0.9877845644950867
0.9184104204177856
0.9966504573822021
0.9533745646476746
0.9829743504524231
0.9646831154823303
0.9911755323410034
0.9244905114173889
0.9983105659484863
0.8989729881286621
0.9928016066551208
0.9703778624534607
0.9912213087081909
0.8916987776756287
0.9899576306343079
0.9238224625587463
0.993336021900177
0.9607915282249451
0.9909436702728271
0.8340833783149719
0.9923461675643921
0.9512280821800232
0.9895768165588379
0.9104761481285095
0.9798771739006042
0.9609770774841309
0.9917453527450562
0.9477998614311218
0.9909724593162537
0.9574044942855835
0.948445200920105
0.959185004234314
0.9980760812759399
0.925790011882782
0.9920786023139954
0.9470581412315369
0.993876576423645
0.9265655279159546
0.9971257448196411
0.8527308702468872
0.9931297302246094
0.8988018035888672
0.9924536347389221
0.9399238228797913
0.9959907531738281
0.8915703892707825
0.9850955009460449
0.944786787033081
0.9905964732170105
0.8652641773223877
0.9923935532569885
0.9473061561584473
0.9883894324302673
0.9092882871627808
0.9971086978912354
0.8503454923629761
0.9931644201278687
0.8673327565193176
0.9938410520553589
0.8429960012435913
0.9878812432289124
0.9515208601951599
0.9762405753135681
0.9724140763282776
0.9967465996742249
0.8818404674530029
0.9938787817955017
0.9327847957611084
0.9879939556121826
0.9683815240859985
0.9903445839881897
0.9259462952613831
0.9939433932304382
0.9125635623931885
0.9855067729949951
0.8794673681259155
0.9960803985595703
0.9549894332885742
0.983950138092041
0.9095771908760071
0.9873889088630676
0.9423105120658875
0.9940247535705566
0.9534794688224792
0.9938448667526245
0.9411062598228455
0.993587076663971
0.932625949382782
0.9963317513465881
0.9030378460884094
0.9803911447525024
0.8716145157814026
0.9948795437812805
0.9452361464500427
0.9816563129425049
0.9564777612686157
0.9858240485191345
0.9406487345695496
0.994885265827179
0.9309793710708618
0.976079523563385
0.9217205047607422
0.9907097220420837
0.8265920877456665
0.9964808225631714
0.9712512493133545
0.9876883625984192
0.8978155255317688
0.987424373626709
0.934615433216095
0.9514487385749817
0.902793288230896
0.9936807751655579
0.9454500079154968
0.9843878746032715
0.9587594270706177
0.9959535598754883
0.918205201625824
0.9584282636642456
0.8210912346839905
0.9900226593017578
0.902367353439331
0.9939084649085999
0.9463897347450256
0.9918228387832642
0.9639496207237244
0.9966115355491638
0.8981015086174011
0.9919432997703552
0.9316054582595825
0.9913270473480225
0.839048445224762
0.9870603084564209
0.9504095315933228
0.9940129518508911
0.8589931130409241
0.9921857714653015
0.9618929624557495
0.9941608309745789
0.9591501355171204
0.9899542331695557
0.8535558581352234
0.9850504398345947
0.9434399604797363
0.9950695633888245
0.9526142477989197
0.995220959186554
0.9649879932403564
0.994291365146637
0.9559721946716309
0.9898168444633484
0.9700502753257751
0.9908835291862488
0.9675847887992859
0.994480550289154
0.8916518092155457
0.9887948632240295
0.8308044075965881
0.9932585954666138
0.9526050686836243
0.9918618202209473
0.9458299875259399
0.9884816408157349
0.8941605687141418
0.9954859018325806
0.9629926085472107
0.9937513470649719
0.9556832909584045
0.9924466609954834
0.9074579477310181
0.9692333936691284
0.9310169219970703
0.995629608631134
0.8517317771911621
0.9965630769729614
0.9210172295570374
0.9763338565826416
