-3.5908970832824707
-3.437936544418335
-4.129164695739746
-3.2144510746002197
-4.3730926513671875
-3.8317551612854004
-4.1826605796813965
-3.5222232341766357
-3.5284459590911865
-3.709667921066284
-3.844006299972534
-3.6676926612854004
-4.109821796417236
-3.514017343521118
-4.533504486083984
-3.418912410736084
-3.8650383949279785
-3.3607168197631836
-4.406769275665283
-3.7046360969543457
-3.3184211254119873
-3.5392110347747803
-3.69112491607666
-3.811861753463745
-4.075348854064941
-3.562922716140747
-4.100417613983154
-3.5249898433685303
-3.6115927696228027
-4.204588890075684
-3.682507276535034
-3.6961820125579834
-3.893582344055176
-3.5474820137023926
-4.071915149688721
-3.2183914184570312
-3.7104649543762207
-3.427915096282959
-4.346900463104248
-3.7830381393432617
-4.552962303161621
-3.615704298019409
-3.8503482341766357
-3.803557872772217
-3.9394643306732178
-3.3085951805114746
-4.001556396484375
-3.8284406661987305
-3.623743772506714
-3.921164035797119
-4.548070907592773
-3.345073699951172
-4.29761266708374
-3.6568000316619873
-4.325211048126221
-2.751300811767578
-4.238163471221924
-3.7706854343414307
-3.8533966541290283
-3.457425117492676
-4.067111968994141
-3.5404164791107178
-4.441543102264404
-3.491001844406128
-4.152443885803223
-3.4501216411590576
-3.5370123386383057
-3.005474805831909
-3.3019323348999023
-3.547522783279419
-4.111067295074463
-3.8030190467834473
-3.5819664001464844
-3.701777458190918
-3.8551032543182373
-3.691988945007324
-3.905467987060547
-3.6019093990325928
-3.870946168899536
-3.5555238723754883
-4.206246376037598
-2.844791889190674
-3.306143283843994
-3.4353930950164795
-3.8331429958343506
-3.5385501384735107
-4.389786720275879
-3.59360408782959
-4.637120723724365
-3.1481192111968994
-3.6791725158691406
-3.505589485168457
-3.99719500541687
-3.776123046875
-3.884688377380371
-3.691709518432617
-3.6142477989196777
-3.409815788269043
-3.7826473712921143
-3.9024899005889893
-3.753709554672241
-3.886556625366211
-3.92130970954895
-3.797096014022827
-4.021354675292969
-3.690518379211426
-3.4248788356781006
-3.298537492752075
-3.824610471725464
-3.714555025100708
-3.9175641536712646
-3.6753089427948
-4.589431285858154
-3.354665517807007
-3.823532819747925
-3.4765138626098633
-4.187208652496338
-3.872939109802246
-4.1002912521362305
-4.063924789428711
-3.5926291942596436
-3.4550869464874268
-4.5892791748046875
-3.6496968269348145
-3.538684606552124
-3.219618797302246
-3.9734346866607666
-3.217590808868408
-4.339671611785889
-3.3658487796783447
-3.9990549087524414
-3.3302924633026123
-4.449963092803955
-3.6713614463806152
-3.807709217071533
-3.4582934379577637
-5.01937198638916
-3.5615382194519043
-3.872621536254883
-3.6065216064453125
-3.4810173511505127
-3.694061040878296
-4.18114709854126
-3.6821296215057373
-4.306830406188965
-3.5216617584228516
-4.345842361450195
-3.4298601150512695
-3.712484359741211
-3.8438327312469482
-3.630255699157715
-3.1601901054382324
-4.364490985870361
-3.3035197257995605
-3.9740288257598877
-3.23799991607666
-3.77934193611145
-3.440091133117676
-3.7288756370544434
-3.231168270111084
-3.872398853302002
-3.7393434047698975
-3.7079148292541504
-3.2300803661346436
-3.784463882446289
-3.6697278022766113
-3.916518211364746
-3.8319504261016846
-3.8578665256500244
-3.600484609603882
-3.8004658222198486
-3.5968449115753174
-3.5542354583740234
-3.951303005218506
-4.359292030334473
-3.9770681858062744
-3.8905928134918213
-3.5143961906433105
-4.0577497482299805
-3.688523769378662
-4.062802314758301
-3.2605435848236084
-4.22285270690918
-3.809976100921631
-4.076617240905762
-3.8545358180999756
-3.8447816371917725
-3.141066551208496
-4.120061874389648
-3.280005693435669
-3.6550750732421875
-3.7426257133483887
-3.4529361724853516
-3.7227566242218018
-3.9169082641601562
-3.7322847843170166
-3.7613282203674316
-3.6752843856811523
-3.663098096847534
-3.748255491256714
