0.9719610810279846
0.9997096061706543
0.9861323237419128
0.997599720954895
0.9973272085189819
0.9989216327667236
0.9904302358627319
0.9689860343933105
0.9845548868179321
0.9986162185668945
0.9949169158935547
0.998444676399231
0.987054169178009
0.9964982271194458
0.9800111055374146
0.9996105432510376
0.9923070669174194
0.9996310472488403
0.9967033863067627
0.9924680590629578
0.9964812994003296
0.9990649223327637
0.9923700094223022
0.9993048906326294
0.9911760687828064
0.9987982511520386
0.970356822013855
0.9993473291397095
0.9839721918106079
0.9946744441986084
0.9918358325958252
0.9996786117553711
0.9511553049087524
0.9991551637649536
0.9903543591499329
0.999260425567627
0.9948225617408752
0.9956116080284119
0.9947251081466675
0.9997032880783081
0.9971460103988647
0.998782217502594
0.9771570563316345
0.9998018741607666
0.9925551414489746
0.9976540803909302
0.9933387041091919
0.9993607997894287
0.9831480979919434
0.9989426136016846
0.9248654842376709
0.998747706413269
0.9890562295913696
0.9981831312179565
0.9876494407653809
0.9998973608016968
0.9922475814819336
0.9970715045928955
0.9977599382400513
0.9985214471817017
0.9624257683753967
0.998290479183197
0.9860634803771973
0.998643159866333
0.9797846078872681
0.9965940713882446
0.996955156326294
0.9997895956039429
0.981487512588501
0.9905343055725098
0.9958134889602661
0.998611569404602
0.9613963961601257
0.9989741444587708
0.991621732711792
0.9986447691917419
0.9963247179985046
0.9987150430679321
0.9832245111465454
0.9994310140609741
0.995148777961731
0.9994444847106934
0.9893001317977905
0.9987697601318359
0.9820845127105713
0.9968483448028564
0.9898773431777954
0.9937639236450195
0.9736860990524292
0.999627947807312
0.9869130849838257
0.9979995489120483
0.9937102198600769
0.9992903470993042
0.980136513710022
0.9993250370025635
0.9926364421844482
0.9977437853813171
0.9874546527862549
0.9994852542877197
0.9937920570373535
0.9972477555274963
0.9740664958953857
0.9987561702728271
0.9567370414733887
0.9990475177764893
0.9760683178901672
0.9996659755706787
0.9897099733352661
0.9995323419570923
0.9947019815444946
0.9988162517547607
0.9824439287185669
0.9994339942932129
0.9687551259994507
0.9994333982467651
0.9872130155563354
0.9988700151443481
0.9966800212860107
0.9911139011383057
0.9963660836219788
0.9989659786224365
0.9545391798019409
0.9975303411483765
0.9468909502029419
0.9882920384407043
0.9197477698326111
0.9989720582962036
0.9947152137756348
0.9974509477615356
0.9713966846466064
0.9983946084976196
0.9401642084121704
0.999322235584259
0.9931666851043701
0.9992302060127258
0.9692186117172241
0.9987329244613647
0.9960896372795105
0.9997535943984985
0.9740878343582153
0.998852014541626
0.9928230047225952
0.9993354082107544
0.9878202676773071
0.9995377659797668
0.9699727296829224
0.9981365203857422
0.9979497194290161
0.9989275932312012
0.9907097816467285
0.9994319677352905
0.9942536950111389
0.9981224536895752
0.9968626499176025
0.9980084896087646
0.9766911268234253
0.9989128708839417
0.9855421781539917
0.9995605945587158
0.9764708280563354
0.9995131492614746
0.9847886562347412
0.9996027946472168
0.995161771774292
0.9934009313583374
0.9797077178955078
0.9982437491416931
0.9943936467170715
0.9994523525238037
0.986280083656311
0.9986855983734131
0.9944958090782166
0.9978854656219482
0.9956983923912048
0.9986531734466553
0.996967077255249
0.9996727705001831
0.9718421697616577
0.9995163679122925
0.9890199303627014
0.9979859590530396
0.9889214038848877
0.9973126649856567
0.9813227653503418
0.9965811967849731
0.9941889047622681
0.9991257786750793
0.9796468019485474
0.998992919921875
0.979800820350647
0.9991434216499329
0.994239330291748
0.9974591135978699
0.992106556892395
0.9994770288467407
0.987736701965332
0.9979817867279053
0.9728075265884399
0.9979876279830933
