0.8740323781967163
0.9967997074127197
0.9741095304489136
0.9917467832565308
0.9908933043479919
0.9969202280044556
0.962307333946228
0.9691532850265503
0.978034496307373
0.9956427812576294
0.9731360077857971
0.9937841892242432
0.9802296161651611
0.9466177225112915
0.9782744646072388
0.9957007765769958
0.9780433177947998
0.9578197002410889
0.9893695116043091
0.9273152947425842
0.9923638701438904
0.9867244362831116
0.990221381187439
0.9918129444122314
0.942751407623291
0.9958206415176392
0.968784511089325
0.9949327111244202
0.9645776152610779
0.9715303182601929
0.9868819713592529
0.9960900545120239
0.9398239254951477
0.9936392903327942
0.9880876541137695
0.9970719218254089
0.9532687664031982
0.9923092126846313
0.9930022954940796
0.996099591255188
0.9944472312927246
0.9964780211448669
0.9693994522094727
0.9977008104324341
0.9832710027694702
0.9954366087913513
0.9924536943435669
0.9869057536125183
0.9749987125396729
0.9890650510787964
0.9134477972984314
0.9962021708488464
0.9899766445159912
0.9752053022384644
0.9876824021339417
0.9922378659248352
0.9290441274642944
0.9905344843864441
0.9853761196136475
0.9737753868103027
0.9431222677230835
0.9928892850875854
0.9815711379051208
0.9951229095458984
0.9694639444351196
0.9860541224479675
0.9912511110305786
0.9986714720726013
0.9870752096176147
0.9829445481300354
0.9749730825424194
0.9966766834259033
0.9333072900772095
0.9915217161178589
0.9747689962387085
0.9901199340820312
0.9711757898330688
0.9897724390029907
0.9739596843719482
0.994844913482666
0.992562472820282
0.9925442934036255
0.9831408262252808
0.991698145866394
0.9744131565093994
0.9845062494277954
0.9834480285644531
0.9882056713104248
0.89986252784729
0.9862991571426392
0.9854998588562012
0.991864025592804
0.9664658308029175
0.9861667156219482
0.9829459190368652
0.9939892292022705
0.9904112815856934
0.975779116153717
0.9678624868392944
0.9970684051513672
0.9875338077545166
0.9819505214691162
0.9627944231033325
0.993488073348999
0.9463839530944824
0.9885194897651672
0.9692440629005432
0.9949634671211243
0.9871833920478821
0.9956623315811157
0.9767073392868042
0.9852452874183655
0.938999354839325
0.9932054281234741
0.964038610458374
0.9967058897018433
0.9812678098678589
0.9882771968841553
0.9844053983688354
0.9882959127426147
0.9928971529006958
0.9964914321899414
0.9588156938552856
0.9847046136856079
0.9731022715568542
0.9850919246673584
0.9086506962776184
0.997413694858551
0.9911694526672363
0.9941975474357605
0.9625490307807922
0.995590090751648
0.907028317451477
0.9902595281600952
0.9806438088417053
0.996343731880188
0.9651594758033752
0.9933929443359375
0.990036129951477
0.993909478187561
0.9560357332229614
0.9919956922531128
0.9901342988014221
0.9807769656181335
0.9747782945632935
0.9946976900100708
0.9634530544281006
0.988464891910553
0.9647138714790344
0.9868781566619873
0.9780606031417847
0.9978187084197998
0.9798635244369507
0.996456503868103
0.9886868596076965
0.9850393533706665
0.9573870897293091
0.9935076832771301
0.9689569473266602
0.9956157207489014
0.975571870803833
0.9927700757980347
0.9846441745758057
0.9919453859329224
0.9628118276596069
0.9902373552322388
0.9591546058654785
0.9942616820335388
0.980385422706604
0.9960099458694458
0.9729202389717102
0.9913821220397949
0.9920607805252075
0.9816974401473999
0.987906813621521
0.9898772835731506
0.9933987855911255
0.9896495342254639
0.9652731418609619
0.998060941696167
0.9781951904296875
0.9915358424186707
0.9702122807502747
0.9951821565628052
0.9779468774795532
0.9913889169692993
0.9838281869888306
0.9944506883621216
0.9761184453964233
0.9865994453430176
0.9841558933258057
0.9870727062225342
0.9873366951942444
0.9846268892288208
0.9642502665519714
0.9967632293701172
0.9825607538223267
0.9944892525672913
0.9679064750671387
0.9821451306343079
