[[17, 13, 2, 9, 19, 21, 3, 14], [14, 2, 4, 10, 18, 5, 3, 17, 20], [2, 14, 4, 6], [15, 9, 2, 12, 3], [31, 6, 15], [16, 19, 8, 22, 26, 0, 9], [7, 13, 0, 17, 25, 34, 37], [1], [5]]
[[7, 3, 10, 11], [13, 21, 8, 0, 10, 19, 1], [16, 3, 10, 22, 0, 18, 24], [7, 18, 20, 12], [5, 10, 11, 7], [9, 6, 1, 16, 18, 2, 13], [20, 8, 15, 17, 5, 3, 9, 16], [18, 15, 5, 8, 11, 21, 23, 20], [9, 24, 0, 11, 19, 21, 7], [21, 2, 6, 13, 25, 18, 8]]
[[20, 14, 0, 18, 1, 7, 16], [2, 4, 23, 27, 0, 5, 10, 3, 20, 13, 25, 12], [17, 4, 9], [7, 4, 17, 2, 8], [10, 23, 7, 17, 20, 18, 25, 24, 4, 14, 22, 11], [14, 6, 1, 3, 9, 10, 21, 23], [11, 7, 14, 20, 4, 2]]
[[20, 26, 7, 11, 0, 14, 17], [13, 16, 10, 4], [3, 14, 16, 0, 5, 7], [9, 22, 4, 12, 19, 0], [14, 30, 15, 7, 10, 11, 21, 25, 27, 32], [13, 19, 2, 9, 15, 0], [9, 13, 23, 4, 24]]
[[9, 7, 11], [8], [9, 0, 17, 4, 5], [8, 6, 13, 15], [19, 2, 12, 20], [21, 3, 19, 9, 17], [9, 24, 10, 13, 15], [5, 10, 1, 12], [13, 18, 19]]
[[15, 12, 17, 0, 4, 18, 3], [2, 9, 3], [11, 26, 7, 13], [29, 10, 26, 7, 16], [3, 14, 1, 0], [25, 36, 9, 30], [9, 2, 7, 6]]
[[19, 11, 0, 5, 16, 22], [5, 7, 9], [16, 10, 20, 26, 27, 0, 3], [8, 15, 13], [11, 1, 6], [5, 1, 9, 12], [9, 24, 30, 20, 22, 16]]
[[7, 12, 19, 21, 23, 3, 9], [5], [1, 12, 4, 6, 13], [6, 4, 11, 2], [1, 5], [11, 3, 9, 14], [16, 2, 8, 9], [9, 27, 6, 15, 20, 22, 24], [4, 11, 7]]
[[9, 11, 6, 0, 4], [0, 24, 27, 5, 9, 21, 8, 17, 15, 14, 16, 20], [2, 5, 15, 17], [34, 53, 64, 76], [1, 7], [4, 5], [20, 13, 9, 11, 15, 24, 5]]
[[21, 3, 6, 11], [8, 6], [12, 2, 14, 18], [4, 19], [14, 18, 7, 4, 9]]
[[18, 23, 26, 30, 13, 19, 2, 10], [3, 6, 15], [0, 27, 29, 2, 6, 13, 15], [3, 17, 20, 27, 6, 9, 22, 32], [13, 11, 3], [13, 11, 0], [16, 11, 9, 1, 6], [30, 2, 4, 18, 13]]
[[6, 16, 21, 19, 26, 0, 3], [7, 11, 22, 26], [11, 19, 23, 28, 9], [27, 39, 42, 34, 31], [18], [23, 5, 10, 18, 14, 3]]
[[11, 5, 14, 3], [12, 9, 15, 6, 22, 19], [1, 6, 10], [18, 1, 4, 9, 15], [15, 21, 5, 17]]
[[13, 7, 2], [6, 17, 18], [2, 10, 19, 12, 8, 14, 17, 5], [], [6, 0, 3], [16, 2, 19, 4, 6], [12, 9, 15, 4, 7, 16], [23, 7, 6, 0, 18, 21], [16, 1, 11, 3], [6, 19, 25, 16, 10, 23, 8, 14, 27]]
[[9, 13, 4], [4, 0], [11, 1], [16, 4], [23, 14, 18, 1], [14, 10, 12, 21], [6, 11, 26, 31, 8, 16, 13, 18, 22, 23, 1]]
[[8, 0, 4, 3, 14, 9, 17], [6, 26, 46, 4, 11, 15, 20, 36, 44, 2, 12, 16], [15, 1, 5, 7], [18, 10, 16, 21, 26, 7, 11, 1, 4], [9, 17, 0, 7, 12, 21], [18, 13, 7, 11, 5, 3, 10]]
[[2, 7, 18], [6, 19, 28, 2, 7, 24], [3, 12, 9, 6, 10], [15, 24, 3, 28, 9]]
[[14, 9], [1, 3, 6, 10, 20, 4, 11], [7, 14, 17, 1], [5, 0, 6, 3], [2, 0, 3], [6], [12, 6, 8, 2, 15, 0], [7, 2], [25, 4, 13]]
[[15, 8, 12, 3, 10], [7, 1], [24, 29, 27, 10, 13], [10, 15, 8, 17]]
[[11, 2], [10, 12, 7], [15, 5, 7], [24, 4, 23, 2], [7], [9, 0, 4], [15, 11, 18], [14, 21, 2, 6, 9], [1, 3, 10], [20, 22, 6], [0, 13, 2, 5]]
[[14, 5, 8], [1, 4], [6], [1, 5, 13], [15, 5, 0, 7, 1], [10, 28, 20, 9, 27, 0, 33], [3, 5, 9], [10, 29, 22, 9, 0, 19, 37, 3, 13, 17], [12, 4, 15, 5], [19, 17]]
[[5, 8, 16, 6, 0], [7, 9], [4, 6, 9], [3, 11, 16, 7], [13, 20, 24, 2, 8], [3, 8], [6, 13, 2, 14], [1, 3, 6], [5, 1], [], [3]]
[[16, 9, 6, 21, 23, 0, 4], [1, 4, 10, 15, 3], [14], [9, 4, 17, 21, 23], [3, 0], [4, 14, 15], [3], [10, 7, 13, 16], [17, 14, 4, 12], [3], [11, 2, 8], [6, 2, 14, 10], [3, 7, 10, 0, 5], [3, 5], [5]]
[[16, 5, 10, 3], [16, 8, 6, 14, 0, 4], [8, 13, 15, 3], [2, 5, 9, 7, 8], [10, 14, 16, 12], [25, 2, 4, 7, 10, 16, 23], [16, 2, 14, 12, 3], [9, 13, 21, 2, 5, 19, 15], [5]]
[[10, 7, 12], [6, 11, 19, 14, 1, 20], [9, 29, 3, 23], [8, 3, 10, 13, 0], [8, 10, 3], [9, 14, 11, 19, 3], [11, 5, 14, 2, 4], [0, 8, 10]]
[[9, 2, 15, 24, 11], [8, 12, 1], [26, 1, 18, 15], [7, 0, 1, 9, 2], [2, 8, 11, 0], [9, 15, 12], [9, 1, 3, 11], []]
[[7, 9, 0, 3, 8, 2], [0, 16, 23, 8, 12, 19, 4, 13, 6, 1, 17], [8, 27, 3, 17, 19], [4, 1, 6], [10, 20, 17, 8]]
[[21, 2, 19, 7, 8], [5, 17, 23], [14, 2, 7], [8, 4, 12], [10, 14, 1, 17], [11, 22], [12, 32, 2, 8, 6, 9]]
[[16, 8, 3, 13, 0], [10, 2, 5, 12], [15, 1, 4, 9, 10, 17, 8, 12], [1, 2, 4, 12, 6], [2, 6, 11, 0, 12, 17, 25, 5, 10], [6, 1], [13, 23, 0, 16, 24, 1], [7, 11, 13, 18], [9, 16, 6, 0]]
[[8, 2, 10, 14], [22, 3, 16, 19, 0], [4, 0, 1], [6, 0, 3, 7], [3, 5], [5, 7], [1, 3], [11, 0, 5], [0, 3], [8, 16, 2, 4, 13], [1, 5, 3], [0, 4, 6, 13, 16, 7, 14], [3, 4], [7, 2, 8], [6, 11], [21, 27, 9, 17, 20], [14, 2, 8, 11, 24]]
[[6, 17, 15, 10, 20, 19], [22, 13, 0, 14, 18], [11, 15], [0, 8, 5], [5], [21, 25, 3, 12, 1, 8, 9, 31], [9, 12, 17, 2], [0, 18, 4, 7, 10, 12], [11, 5], [9, 0, 7, 1]]
[[4, 11, 21, 18, 17, 14], [0, 9, 7, 14, 6, 13], [16, 2, 6, 8, 12, 0, 9, 17], [13, 31, 25, 4, 15, 7, 10, 35, 8, 28, 36], [12, 22, 3, 10, 17, 18, 21, 25]]
[[6, 1, 3], [18, 3, 1], [23, 13, 11, 4, 24, 9], [16, 17, 0, 6, 14], [13, 6, 0, 8]]
[[2, 18, 16, 15, 20, 8, 10, 7, 12, 17], [9, 2, 5, 1, 7], [31, 18, 13, 24, 25, 34, 6, 8], [25, 36, 26, 3, 17, 29, 0, 6, 10, 12, 39, 22, 34], [11, 3, 8, 13], [0], [3]]
[[10, 12, 0, 3], [13, 8, 10], [2], [0, 9, 13, 1], [10, 4, 8], [2, 0, 3], [0, 6, 9, 16, 23, 1, 7], [10, 0, 8], [9, 0], [19, 2, 9, 5], [13, 16, 2, 11, 5], [21, 13, 5]]
[[27, 3, 15, 24, 32, 35, 0, 5], [2, 6], [10, 16], [8, 2, 15], [18, 11, 0, 3, 21, 23, 25], [5, 12, 10, 2, 14], [13, 17, 20, 15, 18, 1, 6]]
[[16, 3, 4, 2, 9], [1, 8, 2, 5], [11, 24, 2], [], [13, 5], [14, 17, 5, 8], [19, 39, 0, 3]]
[[19, 31, 0, 3, 24, 27, 1, 4, 21, 25], [25, 32, 0, 10, 22, 28], [6, 10], [12, 7, 20, 1, 5, 10, 17], [8], [7, 21, 6, 23, 9], [12, 10], [8, 2, 11, 12]]
[[6, 5, 31, 12, 28], [10, 1, 3], [4, 0, 10, 2], [8, 11, 15, 5, 0, 10], [1, 14, 4, 16], [1, 0, 2, 9, 10], [8, 4, 0, 9], [7, 12, 15], [15, 5, 7, 12], [1, 2], [7, 10, 5, 4], [10, 6, 15]]
[[9, 21, 0, 13, 16, 1], [12, 2, 7, 16], [7, 17, 25], [14, 17, 0, 8, 2, 5], [0, 5, 10, 13, 7, 15, 18], [12, 7], [24, 5, 9, 20, 2, 7, 30, 22, 28]]
[[11, 15, 9, 21, 7, 16, 22], [9, 7, 0], [6, 18, 3], [7, 8, 12, 20, 5, 9], [26, 22, 20, 4, 18, 30], [4, 8, 10, 15]]
[[2, 9, 6, 16, 22, 25, 23, 31], [0, 10, 3, 13], [21, 7], [3, 0, 13], [8, 13, 0], [4, 11, 17], [13, 11, 0], [15, 3, 6, 17, 4]]
[[6, 10, 12, 4, 3, 5, 11], [17, 9, 2, 12, 22], [4, 12, 2, 7, 5, 10, 11, 8], [0, 10, 8, 11], [16, 3, 6, 10, 20, 22, 0], [5, 10], [16, 5, 7, 10, 0, 8, 2], [3, 9, 12, 1, 5, 13, 4], [21, 0, 13, 4, 6, 11, 16, 10], [3, 12, 14, 9, 0, 10], [5, 12, 15, 0, 3, 8, 6, 13, 1], [3, 5, 0, 14, 10, 13], [4, 12, 1, 7], [11, 1, 12, 17], [9, 7, 10]]
[[15, 3, 10, 4, 19, 7, 1], [17, 16, 11, 7, 0, 22, 5, 19], [20, 5, 0, 12, 3, 17, 6], [11, 15, 5, 21, 2, 19, 22, 18, 7], [3, 4, 0, 9, 11, 6, 5], [6, 19, 37, 27, 29, 24, 0, 26, 5, 10, 14, 32]]
[[4, 2, 6, 9], [8, 3, 6, 14], [14, 0, 3, 5, 8, 18], [3, 14, 0, 4], [8, 20, 0, 5, 11], [8, 4, 6, 11], [5, 8, 14], [0, 11, 22, 31, 6, 30, 13]]
[[0], [2, 10, 14, 19, 0], [15, 4, 10, 19], [13], [7, 19, 6, 18], [12, 0, 5, 4, 1, 6], [18, 2, 7], [30, 13, 3, 21]]
[[22, 32, 12, 8, 34, 37, 6, 23, 30, 35, 29, 5, 14, 11, 18, 10], [8, 14, 16, 22, 28, 3, 17], [8, 22, 15, 18, 26, 0, 4], [8, 7, 10, 0, 9], [4, 23, 36, 0, 14], [0, 22, 1], [8, 20, 15, 2, 13, 23, 26, 6, 24]]
[[16, 14, 7], [19, 10], [19, 30, 36, 41], [9, 16, 11], [3, 9, 13, 2]]
[[15, 14, 3, 10], [6, 2, 10, 0], [9, 11, 0, 5], [12, 22, 9, 16, 5], [7, 0, 1], [1, 14, 8], [12, 10], [11, 4, 8]]
[[13, 5, 11, 16, 3, 8, 17], [29, 0, 10, 15, 20, 5, 8, 21, 7, 18, 14, 17, 30], [14, 24, 6, 9], [9, 3, 14, 15, 0, 2], [7, 2, 9, 11], [5, 3, 6, 8], [2, 10, 3, 6]]
[[0, 11, 2, 9], [11, 3, 9, 16, 0], [8, 0, 16, 3, 11], [4, 7, 11, 13, 17, 2], [10, 22, 2, 17], [14, 0, 11, 19, 25, 3, 9], [8, 1, 12, 4]]
[[12, 10, 2, 1, 5, 18, 4, 16], [8, 2, 0, 3], [1, 8, 15, 3, 16, 11], [16, 1, 5, 14, 21, 24, 7], [12, 14, 3, 5, 16], [0, 8, 11, 18, 21, 12, 6, 23]]
[[4, 10], [19, 1], [14, 3, 9, 12], [23, 11, 0, 7, 19], [16, 1, 14], [9, 7, 14]]
[[16, 0, 3, 12, 1, 13], [11, 1, 8], [11, 1, 7, 17]]
[[8, 20, 13, 2], [13, 19, 7, 8, 24], [11, 26, 2, 5], [7, 2, 19, 21, 26, 3], [3, 5, 8, 10, 14], [12, 6, 0, 4, 7], [6, 2, 14, 0], [18, 20, 15, 9, 17, 2], [15, 9, 13]]
[[5, 2, 1, 6], [6, 15, 4, 7, 12], [11, 2, 5], [4, 3, 0], [10, 2, 7, 17, 8, 18, 1, 21, 0, 15], [10, 1, 4, 3], [3, 0, 6], [9, 12, 17, 1, 3, 7, 24], [17, 6, 9, 4, 7, 10, 3]]
[[15, 17, 2, 6, 9, 18], [6, 8, 14, 3], [7, 10, 11, 1], [6], [10, 0, 3], [6, 8, 2], [9, 34, 4, 13, 21, 30, 42, 5, 7], [0], [5]]
[[17, 12, 5, 20, 9], [10, 5, 13, 3, 11], [4, 14, 19, 20, 7, 22], [2], [22, 14, 23, 12, 19], [5, 7], [11, 1, 13], [2, 6], [9, 3, 5, 11, 13], [0], [0, 10], [13, 4, 17, 2, 6, 19], [14, 6]]
[[7, 9, 3, 14, 17, 23, 26], [12, 3, 6, 9, 0], [13, 21, 31, 41, 0, 7, 11, 20, 23, 36], [13, 23, 6, 18, 0, 1], [13, 9, 15, 7], [4, 12, 2, 9, 13]]
[[17, 1, 7], [5, 10, 18], [3, 24, 9, 0, 6], [22, 8, 14, 26, 10, 4, 24], [5, 1, 8, 12, 3, 9], [2, 4, 14, 18, 22, 25], [1, 15, 11, 8, 14, 7], [4, 14, 21, 7, 11, 18, 10, 0]]
[[2, 18, 8, 12, 20, 3], [13, 5, 11, 16, 7, 2, 6], [13, 7, 3, 11], [14], [14, 2, 15, 32, 8, 18], [0], [11, 8, 15, 5, 9]]
[[6, 14, 9, 4, 16], [], [20, 34, 17], [34, 19, 4, 26, 17, 0]]
[[0, 14, 16], [3, 10, 4, 8, 15, 14, 7], [16, 10, 14, 19, 22, 5], [18, 6]]
[[7, 3, 9], [8, 21, 26, 2, 17, 12], [1, 6, 10, 17, 26], [10, 14, 2, 8], [10, 19, 7, 12, 14, 4], [5, 0], [9, 17, 5], [2, 4, 8, 13, 0]]
[[9, 3, 8, 6, 12], [10, 2, 16, 0, 3, 13, 12], [0, 5, 11, 13], [4, 8, 16], [16, 0, 4], [16, 2, 11, 20]]
[[32, 7, 10, 14, 18, 23, 25], [], [15, 25], [5, 16, 22]]
[[14, 13, 9, 0, 3], [8, 6, 17, 9], [11, 16], [4, 10, 1], [5, 8, 11, 18, 6, 9], [15, 2, 5], [8, 12, 5], [21, 2, 11, 5]]
[[29, 7, 26, 32, 2, 8, 14, 18, 1], [6, 3, 11, 4], [4, 11, 15, 0, 12, 10, 14], [12, 0, 6, 20, 1, 7, 14], [3, 0, 2], [3, 6, 8, 11, 0, 9], [], [2, 7, 8], [], [2, 5, 4, 3]]
[[5, 8, 2, 6], [4, 8, 10], [13, 0, 3, 12, 10], [3, 2], [0, 9, 20, 34, 42, 11], [11, 1, 3], [3, 7]]
[[7, 11, 28, 21, 31, 0, 19], [13, 7, 10, 16, 19], [2, 5, 7, 10, 13], [15, 8, 12, 22]]
[[18, 24, 6, 14, 20], [2, 21, 54, 17, 13, 22, 42, 4], [8, 17], [17, 0], [10, 15, 18, 23, 1]]
[[5, 7, 1, 6, 9], [7, 17, 2, 12, 3, 8, 11], [2, 12, 19, 22, 25, 3, 9], [7, 18, 3, 9], [7, 1, 5, 9, 3], [5, 8, 3, 13, 18, 10], [21, 19, 12, 14, 5, 3]]
[[23, 9, 12, 15, 13, 20], [2, 5, 8, 13, 15, 0, 9], [14], [11, 1], [12, 8, 4, 14, 15, 11], [13, 29, 5, 33, 2, 16, 20, 26]]
[[15, 18, 22], [14, 2, 4, 0, 1], [1], [3, 2], [15, 17, 5, 19, 12], [11, 15, 3], [8, 15, 2, 10, 3, 6, 13, 17, 0], [30, 23, 10, 29, 5, 12], [10, 13, 3, 8, 15]]
[[15, 4, 2, 1, 14, 11], [20, 12, 3, 14], [0, 5, 12, 24, 26], [7, 5], [4, 10, 14, 13], [9, 3, 10], [19, 25, 10, 12, 3], [8, 12], [10, 28, 11, 2, 18, 13, 22]]
[[31, 12, 14, 22, 25, 28, 35, 7, 23, 32, 6, 11, 26, 10, 34, 27, 13], [5, 14, 6], [18, 26, 28, 25, 3, 10, 12, 21, 4], [8, 20, 22, 34, 42, 19, 5, 11, 13, 17, 24, 27, 29, 9, 14], [32, 13, 10, 20, 8, 12, 4, 15, 30, 16], [18, 3, 11, 15, 12, 2], [30, 8, 10, 0, 21, 6, 7]]
[[5, 7, 2], [20, 3, 15, 0, 8], [4, 13, 6, 12], [10, 25, 28, 19, 1, 13, 15], [5, 20, 19, 10, 13, 0], [19, 5, 7, 13, 0, 2], [10, 15, 2, 11], [21, 8, 2, 10, 19, 0, 3], [16, 2, 28, 23]]
[[15, 8, 11, 17], [7, 1, 11, 16], [2, 8, 14, 3], [3, 15], [8, 16, 2, 14, 0], [9, 5], [14, 18, 0, 11]]
[[10, 6], [10, 29, 5, 18, 21], [22, 14, 24, 7, 3], [7, 15, 10, 17, 16], [3, 14, 17], [0, 1, 7], [12, 14, 11, 19, 0, 4, 2], [0, 11, 8, 4], [1], [5, 18, 15, 1], [], [5]]
[[3, 22, 10, 15, 16], [9, 4, 7], [10, 17, 23], [5, 12, 15, 2, 8, 0], [3, 11, 0, 4], [0, 12, 1, 4], [7, 8, 13, 9, 14], [9, 5, 2, 6], [14, 3], [], [0]]
[[11, 24, 7, 15, 18, 21], [11, 3, 10], [8, 17, 9, 15], [3, 1], [9, 7, 4], [17, 14, 3, 11, 15], [1, 3, 5, 6, 7], [18, 24, 21, 27, 16]]
[[2, 10, 14, 11], [6, 14], [21, 14, 17, 3, 9], [9, 32, 29, 15, 24, 28], [2, 15, 18, 25, 26], [18, 23, 2, 4, 1, 27, 7], [20, 15, 23, 8], [0, 8, 26, 12, 18], [46, 43, 40, 5, 14, 26]]
[[9, 11, 3, 14], [6, 8, 13, 16, 22], [11, 3, 20, 0, 8], [13], [0]]
[[2, 1, 0, 8], [12, 2], [29, 34, 6, 26, 42], [16, 17, 18, 4, 13, 2, 24], [5, 9], [36, 26, 21, 5, 14, 16, 23], [12, 18, 11], [4, 9, 2, 5, 12], [15, 5, 9, 7], [10, 0, 8, 5, 2]]
[[2, 9, 5, 11, 7], [11, 5, 7], [24, 18, 6, 22, 3], [9, 3, 4], [7, 22, 1, 15, 3], [22, 5, 13, 8, 11, 17, 6], [14, 23, 1, 2, 6, 11, 17, 3], [6, 5, 10, 12, 14, 2, 8], [18, 0, 2, 5, 6, 9], [3, 9, 1, 5, 12], [17, 25, 4, 28, 5, 30, 0, 15, 20]]
[[22, 11, 2, 5, 16, 0, 14, 20, 13, 9, 19], [5, 10, 13, 16, 3, 18], [1, 9, 3, 5], [2, 13, 16, 8, 10], [16, 21, 9, 17, 11, 13], [5, 9, 12, 10], [7, 3], [0, 15, 26, 7, 18, 22, 19, 1], [0, 5, 11, 1]]
[[8, 18, 20, 11, 6, 15, 22, 24, 26, 27, 3, 12], [], [7, 9, 5, 10], [10, 8, 19, 2, 18, 3], [3, 13, 6, 10, 16, 0, 7], [3, 5, 9, 11, 0], [14, 0, 7, 9, 11, 1, 16], [13, 23, 14, 30, 7, 10, 8, 6], [4, 12, 0, 10, 2], [5, 13], [12, 5, 16, 7, 18]]
[[12, 19, 21, 6], [5, 8, 13, 18, 23, 20], [10, 16, 23, 7]]
[[0], [12, 7, 2], [0, 2]]
[[13, 18, 4, 9, 0, 5], [17, 3, 15, 18, 20, 2], [12, 0, 8, 15, 21], [13, 5, 10, 3], [16, 2, 12, 23, 0, 3], [16, 19, 14], [3, 6, 15, 12, 8]]
[[11, 14, 8, 16, 20, 6], [9, 17, 1, 3, 11, 13, 10, 2, 8, 0], [5, 8, 7, 14], [9, 8], [], [2], [19, 16, 4, 11, 2], [7], [17, 22, 18, 1, 3]]
[[15, 0, 21, 5, 8, 10, 2], [18, 13, 14], [9, 1], [9, 4, 3, 12, 0], [1, 13, 3, 2, 0, 14, 4], [13], [1, 4, 10, 9], [15, 19, 3, 7, 2, 0, 8], [8, 3]]
[[17, 7, 13, 20, 25, 0, 11], [11, 2, 0, 4, 3], [3, 8, 6, 11, 14, 5, 4], [30, 2, 13, 36, 43, 44, 25, 8, 21, 14, 19, 27, 37, 41, 6], [9, 2, 0, 6, 11, 3], [3, 16, 19, 12, 24, 17, 22], [23, 9, 13, 25]]
[[10, 12, 19, 0, 2], [11, 18, 3, 5, 14], [18, 24, 28], [61, 2, 21, 29, 43, 65]]
[[9, 20, 14, 22], [0], [1, 8, 0], [7, 12, 9], [8, 15, 0, 2, 5], [9, 6, 1], [11, 6, 16, 0], [7, 9, 11, 18], [30, 2, 25, 6, 21], [10, 5, 12, 3], [5, 0, 13], [14, 18, 19, 10]]
[[12, 9], [10, 2], [17, 27, 30, 3], [0, 1], [17, 22, 12, 25], [9, 17, 7, 11]]
[[4, 9, 6, 12, 16, 20, 7, 10], [7, 16, 2, 14, 6], [14, 8, 3, 21, 33, 4, 19, 25], [9, 6, 15, 18, 2], [17, 14, 6], [23, 5, 2, 17]]
[[8, 4, 10, 14, 0], [3, 5, 1], [4, 12, 3, 1], [12, 9, 2, 1, 3, 6, 13], [2, 4, 6, 8, 1], [10, 2, 12, 8], [13, 5, 9, 0, 3], [4, 7, 5], [19, 22, 13, 16, 24, 28], [2, 13], []]
[[3, 6, 13, 9], [0, 6], [7, 0, 3, 6], [], [0], [], [], [0], [13, 4], [11, 16, 5, 7]]
[[0, 8, 13, 16, 10], [3, 9, 11, 13, 6], [2, 13, 0, 7], [6, 4], [3, 12, 6, 8, 19], [32, 4, 23, 27, 35, 39, 2, 6, 18], [5, 18, 1, 7], [8, 13, 16, 10], [5]]
[[16, 8, 19, 5, 4], [16, 1, 17, 3, 8, 5], [6, 14, 0, 1, 4], [12, 6, 9, 15, 3], [3, 12, 6, 20, 0], [24, 9, 21, 26, 0], [5, 12, 22, 25]]
[[14, 9, 2, 7, 1, 6], [11, 9, 14], [16, 9, 15, 0], [5, 2], [21, 2, 19], [9, 15, 0, 6, 21, 11], [13, 4, 21, 1], [14, 24, 18, 8, 17], [7, 1], [5]]
[[7, 13, 18], [11, 7, 4, 2], [10], [7], [], [3, 5, 1], [7, 1], [6, 13], [11, 2, 7, 13], [0, 1, 17], [14, 10, 4], [11, 9]]
[[11, 6, 8, 13, 17], [6, 3, 2], [5, 3], [7, 2, 8, 1], [14, 3, 11, 16, 7, 12], [11, 14, 0, 2, 9, 15], [8, 12, 3, 10], [0, 8], [11, 2, 17, 15, 4, 8]]
[[14, 7, 4], [10, 7, 16, 21], [8, 2, 11, 19, 23, 31, 0, 4], [2, 5, 7], [16, 8, 26, 3, 20], [13, 3, 8, 17], [25, 5, 17, 22, 27], [14, 0, 3, 11, 16, 20, 22], [17, 20, 8, 14, 2]]
[[11, 19, 3, 2, 5, 8], [0, 17], [5, 10, 15, 3], [7, 9, 4, 0], [25, 34, 5, 6], [21, 24, 4, 11, 10], [8, 2, 1]]
[[22, 12, 14, 17, 6, 9, 0], [12, 2, 4, 6, 7, 13, 18], [5, 20, 21, 4], [32, 1, 10, 23, 13, 5, 4, 20, 30, 6], [21, 24, 26, 9, 0, 3, 13, 18, 20, 1], [16, 38, 66, 23, 55, 31, 61, 21, 4, 8, 27, 36, 52, 58, 47, 50, 59, 62, 45, 25], [18, 19, 3, 8, 11, 14, 27]]
[[19, 1, 15, 3, 8], [20, 12, 3, 15, 16, 31, 32, 4, 10, 13], [19, 29, 12, 8, 3], [34, 1, 29, 9, 11, 20, 42, 7, 12, 14], [16, 27, 4, 25, 2, 7], [6, 21, 14, 24, 11]]
[[4, 14, 16, 2], [18, 28, 9, 6, 15, 23, 2], [8], [12, 21, 3, 11, 16, 0, 4], [8, 13, 1, 15], [7, 18, 3, 14], [1, 5, 7], [2, 16, 10, 6], [6, 14, 24, 15, 22], [5, 7, 0], [9, 0, 6, 8]]
[[13, 16, 11, 2, 8, 17, 15, 6, 12], [13, 12, 5], [2, 0, 8, 12], [5, 18, 7, 13, 21, 10, 20, 6, 17], [2, 12, 22, 3, 17, 19, 0, 16], [14, 9, 5, 15, 3], [17, 5, 24, 20, 13, 6], [13, 18, 6, 15, 21, 5, 12, 10, 0, 17], [0, 9, 10, 5]]
[[14, 16, 6, 10], [7, 4], [0, 20, 6, 11, 15, 1], [9, 10], [8, 16], [5, 11]]
[[14, 8, 10, 19, 4, 16, 3, 9, 15, 7, 6, 18], [11, 19, 3, 7, 17, 4, 8], [7, 15, 1], [0, 12, 1, 5], [18, 23, 3, 6, 8, 21, 29, 31, 0, 4, 9, 19, 11], [5, 4, 9, 18, 7, 16, 2, 6, 15], [14, 21, 10, 0, 6, 7, 13, 11, 15, 17, 3], [19, 27, 21, 5, 15, 24], [11, 2]]
[[12, 3, 8, 15, 13], [7, 13, 20], [11, 7, 15], [10, 3, 12], [11, 5, 9], [5], [6, 3, 18, 4, 11]]
[[24, 11, 13, 4, 1, 18], [8, 2], [29, 2, 4, 7, 16, 19, 24, 0, 5], [16, 9, 22, 4, 13, 24], [0, 9, 5, 1], [4, 12, 3, 5, 9], [16, 11, 13, 17, 0, 19, 24, 31, 3], [5]]
[[8, 14, 22, 16], [16, 18, 1], [15, 23, 3, 27, 0, 7, 20], [1, 7, 14], [5, 7, 20, 25, 13, 15]]
[[5, 10, 3, 2], [15, 1, 6, 8, 4, 2], [16, 19, 4, 13, 23], [3, 20, 9], [5, 14, 0, 3, 12, 2], [7, 2], [7, 13, 0, 11, 3], [17, 26, 2, 13, 20, 8]]
[[7, 21, 5, 20, 17, 23, 10], [20, 8, 28, 10, 13, 17, 24], [15, 21, 0], [2, 16, 22, 13], [12, 11, 2, 4], [2, 6], [12, 1, 11], [6, 15, 0, 17], [20, 8, 5], [12, 3, 15, 4], [11, 17, 19, 7, 3, 12, 1]]
[[20, 22, 10, 11, 21], [0, 8], [12, 0, 5, 7], [16, 0, 11, 19], [11, 12, 14, 8], [1, 6, 11], [20], [0, 13, 18, 3], [8, 1, 20, 16], [], [5]]
[[11, 8, 19, 14, 28, 4, 15, 21], [13, 2, 19, 7, 25, 1, 24, 0], [2, 17, 0, 7, 11, 15, 5], [1], [26, 0, 1, 17, 8], [11, 25, 29, 3, 17, 30], [16, 20, 34, 41, 10, 27, 31, 38, 47]]
[[4, 16, 13], [7, 15, 26, 23, 4, 31, 36, 40, 13, 17, 29, 37, 3], [0, 8, 11, 1, 6, 17], [29, 35, 22, 15, 8, 11, 19, 25, 32]]
[[8, 9, 11, 2], [2, 17, 14, 5, 12, 19, 26, 28, 31], [3, 0, 1], [9, 12, 16, 6, 15], [2, 4, 6], [5, 1], [24, 15, 10, 7, 21, 5, 8, 13, 25], [2, 1, 10, 4, 7, 24]]
[[5], [7, 2, 9], [11, 18, 14, 16, 2, 0], [8, 7, 33, 12, 5, 18, 22, 3], [4, 9], [17, 15], [6], [16, 24, 1]]
[[3], [2], [8, 12, 11], [2], [14, 32, 20, 63, 29, 1, 17, 65, 69, 35, 12, 31, 68, 16, 34, 66, 62, 19, 30, 27, 0, 18, 67], [2, 16, 12, 15, 0, 5, 6]]
[[8, 0, 5, 4], [5, 9], [16, 0, 11, 5, 13, 20], [9, 6, 10, 14], [8, 29, 0, 14, 5, 10], [5, 7, 3], [7], [], [6, 13, 3], [2, 10, 4], [0], [11, 1, 9], [4, 7], [3, 5, 14, 1], [6, 10]]
[[13, 15, 9, 5, 0, 25], [4, 1, 13, 8, 15], [1, 3, 6], [8], [11, 1, 4]]
[[2, 4, 6, 7], [11, 3, 13, 16], [12, 0], [1, 7, 12], [15, 27, 7, 12, 21, 4], [11, 2, 15, 5, 3, 1], [24, 6, 3, 17, 13, 9], [6, 13], [2, 10, 13], [8, 4, 11]]
[[2], [8, 2, 5, 11], [11, 5], [6, 2], [21, 6, 18, 7, 13, 15], [5, 11, 7], [0]]
[[10, 15], [27, 19, 15, 22, 6, 12], [11], [10, 1, 4], [17, 22, 2, 11, 12], [16, 27, 8, 1, 10]]
[[11, 23, 0, 14, 17, 21, 4], [0, 10, 17, 23, 18, 26], [14, 9, 15, 3, 5, 17], [2, 23, 19, 25, 8], [15, 10, 12, 5, 8, 3, 1], [16, 14, 9, 11], [8, 17, 18, 4, 6, 12, 20, 23, 2, 10, 13], [16, 6, 11, 19, 12, 14]]
[[13, 24, 33, 0, 8, 14, 25, 30, 12, 23], [8, 12, 0, 2, 14, 4], [9, 11, 0], [3], [21, 13, 0, 9], [5, 8, 11, 13, 3], [4, 22, 9, 10, 15], [10, 3, 7, 0, 4, 8], [], [1]]
[[4, 0, 6], [25, 7, 10, 27, 9, 13], [19, 18, 4, 12], [14, 4, 11, 26, 28, 30], [5, 0, 8], [17, 5, 15], [15, 20, 23, 29], [0, 12, 6, 15]]
[[6, 14, 1], [13, 2, 5, 7], [9, 2, 23, 18, 5], [14, 6, 1, 12, 16], [22, 3, 9, 18, 19, 4, 7], [3, 10, 14, 18, 0, 8], [17, 21, 5, 11, 14], [14]]
[[12, 14, 19, 20, 23, 7, 21], [9, 11, 5], [20, 2, 4, 14, 18, 1], [4, 8, 17, 23, 5, 13], [14, 2, 10, 17, 0, 4], [4, 32, 1, 17, 26, 14, 21], [12, 24, 10, 15, 3, 7, 6, 23], [14, 21, 48, 58, 38, 36, 0, 5, 8, 18, 50, 27, 33, 11], [15, 30, 7, 12, 10]]
[[14, 6, 17], [1, 7, 3], [0, 17, 2, 14, 10, 20, 21], [3, 17, 23, 19, 6, 15, 7], [12, 7, 1], [19, 13, 9, 17, 21]]
[[13, 12, 5, 15, 3], [19, 53, 8, 17], [5, 21, 2, 18], [21, 23, 2], [8]]
[[17, 5, 10, 19, 3], [8, 11, 0, 2], [19, 13, 7, 10, 15, 18], [28, 2, 9, 22, 5], [7, 9], [6, 1, 2], [25, 27, 17, 8, 11, 31, 21, 28], [], [22, 34, 2, 16, 5, 18, 7], [4, 9, 0]]
[[12, 1, 16, 3, 23, 17, 5, 20, 14, 0, 13], [14, 2, 6, 0, 7, 5, 15], [14, 22, 10, 18, 20, 25, 5, 11, 23, 16, 4], [15, 12, 17, 8, 21, 22, 2, 6, 4], [9, 12, 4, 14, 23, 13, 2, 19, 20, 1], [21, 1, 9, 10, 13]]
[[17, 5, 22, 27, 14, 4, 21, 13, 18], [6, 12, 0, 15], [6, 13, 11, 8, 1, 10, 7], [7, 10, 3, 6, 1], [9, 8, 17, 0], [6, 27, 0, 15, 17, 20, 22], [4, 19], [4, 7, 9, 2], [9, 8, 0, 6]]
[[3, 10, 12], [10, 15, 20, 18, 5, 16], [13, 6, 14, 1], [9, 11, 13, 14, 18, 17], [17, 33, 3, 1, 34, 6, 11, 14, 22], [27, 17, 3, 6, 10, 31, 18, 28, 32], [9, 4, 14, 19, 12, 3, 11, 8], [9, 22, 13, 16, 19, 24, 17, 20, 4], [1]]
[[3], [4, 2, 9, 13, 16, 10, 17], [17, 5, 7, 11, 19, 0, 3], [0, 10, 1, 4], [10, 1, 17, 4], [20], [2], [6]]
[[0, 6, 8, 29, 4, 9, 13, 20], [0, 4, 15], [15, 0, 12, 1, 6, 13], [2, 10, 13, 3], [1], [30, 6, 25, 2, 18], [0, 23, 1, 11, 5, 18, 45, 47, 3], [14, 20, 36, 4, 28], [8, 22, 27, 35, 11, 5, 7, 13, 15, 18, 24, 32]]
[[11, 31, 21, 18], [13, 2, 6, 12, 19, 22], [11, 12], [10, 19, 13, 6], [4, 27, 7, 25, 11, 21], [12, 9], [4, 7, 19, 12, 14], [14, 27, 32, 42, 24, 21]]
[[25, 15, 4, 7, 12, 17], [16, 6, 11, 8], [3, 11, 0], [4], [9, 0, 1, 5], [4, 0, 10, 19, 16], [11, 4, 0], [13, 12, 4], [14, 17, 21, 23, 7, 8, 20, 28, 10, 12]]
[[3, 12, 17, 14, 7, 20, 13, 19, 18, 9], [7, 26, 35, 28, 36, 0, 13, 19, 23], [4, 13, 8, 1, 19, 9, 14, 15, 0, 18], [12, 24, 5, 19, 28, 0, 3, 6], [11, 5, 7, 9, 18, 21, 19, 2, 15, 14, 22], [7, 10], [2, 21, 17, 4, 5, 11]]
[[7, 2, 8], [10, 19, 7, 13, 24, 8], [5], [], [2], [2], [4, 6], [5], [0, 2, 9], [10], [5, 3], [0, 7], [0, 1, 7, 2], [1], [6, 8]]
[[1, 4, 7], [10, 13, 7, 11], [10, 15, 18, 1, 7], [1, 8, 4, 10], [9, 22, 14, 21], [1, 10, 18, 7, 19, 6], [5, 7, 9], [1, 5, 7, 10], [11, 14, 7, 3], [6, 12, 0, 19], [22, 25, 7], [18, 4, 0]]
[[7, 11, 17, 14, 20, 26, 4, 15, 3, 5, 8, 19, 24], [16, 11, 24, 0, 21, 1], [10, 4, 5], [4, 13, 6, 10, 2, 9, 17]]
[[8, 2, 5, 14, 11, 1, 9, 10], [2, 19, 10, 15], [6, 14, 3, 10], [4, 0], [0, 7, 13], [3, 7, 16, 5, 8, 13, 4, 12], [7, 14, 1, 9, 16, 0], [22, 5, 2, 4, 9, 14, 27, 15], [0, 9, 1]]
[[20, 10, 15, 25, 28], [14, 15, 11, 17, 1, 4], [13, 5, 2], [9, 4], [2, 17, 7, 4, 11], [6, 0, 2, 8], [10, 0, 3, 12], [6, 14, 0, 3, 7, 12, 15], [11, 3, 8, 0, 6, 12]]
[[15, 8, 10, 14, 3, 2, 9], [10, 3, 11, 7, 17], [9, 13, 4, 3, 6, 5], [16, 19, 29, 3, 8, 21, 22], [14, 23, 9, 12, 20, 3]]
[[10, 20, 12, 0, 3, 17, 16, 6], [5, 19, 8, 21, 27, 30, 32, 2, 9], [5, 0, 12], [6, 10], [8, 2, 4, 14], [6, 0, 10, 9, 12], [10, 0, 4, 8, 7, 18, 16], [4, 8, 1, 0, 5], [13, 18, 11, 0], [11, 9, 20, 13], [15, 18, 11, 23, 14], [12, 1, 14, 0, 6, 7, 11, 5], [1], [9, 1, 6, 2], [3, 9], [11, 17, 2, 7]]
[[10, 7, 13, 15, 12, 1, 6], [2, 17, 20, 8, 13, 18], [11, 15, 20, 5, 0, 18, 1, 13], [0, 2, 11, 14, 18, 19, 16, 17, 3, 12], [29, 11, 22, 7, 14], [23, 35, 7, 14, 19, 5, 12, 29, 28], [1, 5, 2, 6, 13]]
[[10, 18, 4, 5, 16, 0], [10, 12, 18, 15, 20, 2, 8], [20, 36, 5, 7, 3, 29, 0, 9, 16], [17, 0, 4], [10, 17, 7, 11], [6, 13, 22, 11, 0, 8, 25]]
[[1, 12, 22, 4, 14, 23], [1, 12, 9, 14, 13], [11, 18, 28, 31, 5, 12, 24, 7], [6, 9, 11], [5, 8, 3, 2], [6, 1], [8, 17, 2, 19, 11], [3, 12, 10], [8, 11, 18, 26]]
[[28, 11, 20, 23], [8, 16, 13, 30, 5], [0, 5, 10], [22, 2], [12, 1, 5, 7], [4, 7, 10, 14], [], [5]]
[[13, 16, 34, 23, 45, 5, 8, 10, 28, 41, 3, 20, 29], [8, 13, 7, 18, 2], [9, 3, 18, 13, 0], [6, 18, 13, 21, 3, 14, 2], [29, 13, 4, 15, 9, 17, 20, 10], [23, 4, 12, 16, 2, 13, 17, 5]]
[[4, 8, 11, 18, 16], [17, 10, 12, 18, 20], [6, 25, 0, 4, 14], [7]]
[[4, 6], [12, 2, 14], [0], [9, 8], [20, 13, 9, 21], [17, 9, 4], [15, 3], [6, 13, 0], [16, 26, 15], [0, 14, 7], [], [15, 1], [17, 3, 14, 23, 25, 11]]
[[8, 5, 6, 1], [15, 4, 1, 2], [10, 3, 6, 0, 1], [2, 6, 0, 7, 11], [0, 16], [19, 24, 2, 1, 7], [0, 10]]
[[11, 6, 0, 4, 14, 13, 3], [16, 0, 3, 8], [2, 6, 0], [10, 5, 16, 2], [9, 5, 0, 6], [14, 21, 0, 4, 7, 16], [2, 6, 16, 0, 4, 7], [2, 5], [5, 20, 15], [17, 6, 11, 15, 18], [13, 2, 10, 20]]
[[0], [17, 4, 14, 23, 0, 8, 12, 3], [0, 5, 6, 22, 3], [15, 26, 38, 1, 4, 10, 12, 29, 45, 24], [6], [6, 1], [15, 20, 5], [1, 4, 7, 10, 17]]
[[24, 11, 5, 21], [17, 3, 5, 8, 6], [14, 2, 7, 10], [21, 13, 2, 17, 0]]
[[10, 24, 9, 21, 3, 6, 14, 29, 39, 43, 0], [18, 2, 5, 9], [6, 15, 22, 12, 20, 14, 11, 2, 19, 28, 0, 10], [11, 0, 12, 29, 5, 15, 20], [16, 6, 0, 12, 19, 25, 34, 37, 1], [1, 4, 8, 12, 2], [33, 12, 2, 0, 1, 6, 9, 16, 18, 30], [10, 24, 15, 2, 17, 7], [20, 10, 13, 15, 24, 29, 31, 3, 6, 11]]
[[10, 43, 0, 5, 27, 35], [8, 1, 10], [13, 3, 6], [8], [7], [1, 9, 7], [12, 14, 4, 16, 10], [3, 11, 7], [7, 1, 2], [2], [9, 13], [], [5]]
[[18, 31, 11, 6, 14, 20, 23, 27, 33], [10, 17, 16, 4, 12], [4, 6, 1], [7, 15, 27, 10, 32, 12], [16, 9, 13], [22, 27, 29, 20, 25, 6, 11], [13, 2, 22, 6, 10, 17], [7], [0, 10, 8]]
[[1, 4, 7], [12, 5], [18, 1], [8], [11], [0], [8, 27]]
[[4, 12, 18, 22, 16], [12, 4, 9, 2, 8, 10, 15], [1, 8, 20], [9, 20, 7, 13, 16, 22, 0, 3], [17, 2, 5]]
[[3, 6, 14, 4], [13, 1, 4, 8, 15, 21, 5], [4, 1, 9, 12, 14], [21, 15, 4, 13, 7], [28, 0, 4, 7, 10, 21, 25]]
[[22, 3, 16, 19, 24], [11, 12, 4], [1, 5, 12, 17], [21, 23, 27, 25, 0, 8, 14, 16]]
[[12, 15, 0, 7, 13, 6, 11, 10], [10, 2, 7, 16, 0, 3, 8, 17], [15, 8, 7, 0, 10, 19, 1], [15, 6], [8, 18, 27, 35, 13], [14], [10, 21, 2, 7, 14, 26]]
[[16, 27, 4, 19, 9, 21, 12, 8, 36, 28, 20, 31, 33, 35, 17, 32], [12, 4, 18, 7, 17, 3, 14, 15], [18, 14, 27, 17, 24, 6, 12], [7, 1, 8, 4], [28, 32, 0, 14, 20, 25, 34, 43, 4, 16, 39], [21, 4, 23, 27, 32, 18, 28, 30, 33, 10]]
[[12, 28, 7, 15, 9, 17, 13], [18, 27, 30, 14], [8], [7, 0, 8, 12, 21], [8, 1]]
[[14, 4, 10, 16, 2, 11], [0, 8, 10], [0, 11, 7], [15, 41, 18, 11, 22, 27, 0, 20, 28, 19, 2, 6], [12, 6, 14, 3, 13], [12, 18, 6, 15, 20], [19, 5, 8, 10, 11, 1], [9, 14, 17, 20, 7, 26], [6, 28, 8, 12, 15, 17, 10, 18], [10, 1, 14, 12], [10, 16, 4, 13, 14, 18, 20, 17], [6, 29, 4, 38, 12, 34]]
[[15, 5, 4, 2, 16], [16, 6, 8, 10, 4], [8, 6], [10, 13, 4, 7, 0], [0, 6, 3, 19, 11], [13, 15, 17, 0], [15, 23, 2, 5, 18, 12, 9, 0], [0]]
[[19, 2, 7, 8, 11, 9, 4], [20, 14, 21, 0, 7], [8, 3, 6, 10], [11, 24, 17, 2, 21, 3]]
[[14, 24, 4, 19, 1, 16, 8, 22, 28, 2], [19, 12, 1, 32, 5, 25], [21, 13, 15, 25, 0, 5], [11, 5, 7], [2, 13, 3, 0, 7, 9], [30, 25, 28, 17, 29, 3, 14]]
[[10, 3, 15, 21, 24, 26, 13, 27, 4], [9, 15, 11], [26, 12, 22, 9, 14, 0, 17, 24], [9, 22, 11, 20], [5, 0, 9, 4, 8], [10, 23, 33, 24, 0, 12], [15, 7], [10, 21, 12, 18, 23]]
[[0, 9, 2, 4, 10], [9, 14, 7], [7, 1, 4], [11, 0], [3, 0], [6], [3, 5, 7, 14, 0], [15, 12, 0, 1, 18], [1, 8, 11, 9, 12], [4, 1, 6, 7, 13, 2]]
[[1, 21, 29, 13, 14, 4, 10], [3, 5], [5, 9, 3, 2], [1, 9], [4, 6, 13], [13, 10, 17, 11, 9, 1], [1, 2, 0], [3, 13, 8, 16], [9, 7, 11, 5], [19, 23, 1, 16], [7, 20, 0, 5, 9, 3]]
[[15, 21, 17, 23, 24], [8, 22, 2, 11, 5, 1], [12, 5, 10, 7, 1, 0], [0, 1], [9, 18, 0, 15, 14, 13, 17, 1], [7], [5]]
[[2, 1], [2, 5], [14, 0, 5, 18], [14, 1, 18], [14, 22, 11, 16, 18], [0, 13, 18, 1, 8]]
[[7, 18, 1, 5, 8, 11, 16], [4, 0, 12, 20, 1], [24, 2, 11, 18, 19, 0], [11, 17, 8, 13, 19], [5, 23, 6, 17], [3, 15, 6], [], [3]]
[[11, 1, 2], [3, 5, 6, 9], [17, 2, 0, 7, 10], [8, 14, 3, 18, 20, 4, 9], [0, 14, 7]]
[[15, 3, 22, 1, 4, 10, 16], [11, 2, 16, 4, 7], [2, 11, 6, 17], [5, 18, 14, 0, 1, 3, 8], [4, 12, 16, 7], [14, 0, 27, 1]]
[[9, 12, 15, 23, 25, 26, 20], [18, 12, 7, 0, 4, 8], [9, 13, 1, 14], [15, 31, 17, 5, 11, 20], [12, 15, 0, 5, 2], [18, 33, 36, 25, 7, 11, 20, 40, 2, 5, 8], [9, 1, 3]]
[[4, 31, 15, 12, 21], [8, 21, 6, 13, 18], [27, 17, 5, 9, 11]]
[[4, 20, 24, 2], [16, 3, 9, 5], [9, 5, 6], [13, 7, 4, 5, 15], [15, 25, 3], [0, 1], [8, 12, 5, 17], [7, 10, 14], [19, 28, 2, 29, 9, 0, 14], [3, 0], [19, 10], [10, 3, 0], [0, 7, 1], [], [8, 5]]
[[7, 9, 12, 3, 10, 2, 8], [18, 14, 5, 7, 9], [7, 10, 1], [10, 21, 4, 0, 13, 17], [7, 12, 19, 1], [15, 25, 8, 2, 9, 18, 0], [6, 1]]
[[0, 10, 12, 8, 6, 1, 11, 2], [3, 4, 2, 8, 9], [8, 6, 11, 4, 15, 14, 1], [21, 5, 6, 2, 4], [31, 2, 30, 6, 14, 18, 23, 0, 3, 7], [16, 20, 5, 18], [10, 11, 8, 14, 23, 2, 20, 4, 19], [23, 28, 30, 15, 9, 17, 11, 20, 19, 5, 29]]
[[4, 17, 9], [30, 9, 6, 11, 16, 18, 24, 2], [4, 23, 3, 5, 6, 7], [8, 0, 15, 12]]
[[13, 23, 19, 2, 20, 6, 1, 11, 10, 16], [2, 3, 5], [16, 9, 18, 21, 6, 11, 22, 8], [2, 4, 8, 12], [0, 18, 6, 11, 1, 8, 2], [46, 24, 2, 14, 26, 31, 0, 9, 27, 7, 3, 29]]
[[5, 8, 10], [9, 5, 13, 3, 2, 10], [10, 12, 16], [19, 8, 0], [12, 20, 7, 6, 13], [22, 12, 13, 23], [13, 20, 8], [16, 0, 2, 13, 17, 20]]
[[4, 12, 6, 9, 16], [9, 14, 16, 5], [3, 12, 5], [17, 25, 29, 5, 21, 0, 13], [8, 12, 15, 26, 17, 19, 2]]
[[15, 28, 53, 21, 23, 3, 17, 45, 6], [15, 10, 5, 0, 7], [3, 16, 0, 9, 20], [5, 18, 0, 12], [14, 22, 7, 25]]
[[17, 30, 19, 0, 3, 1, 12, 28, 31, 33, 21, 27, 20, 26], [2, 10, 15, 0, 3, 16], [0, 7, 40, 32, 44, 34, 29, 2, 9, 10], [18, 21, 30, 3, 7, 28], [10, 30, 39, 37, 42, 18, 46, 12]]
[[2, 5], [8, 3, 6], [12, 3, 10, 5], [2], [4, 10, 5, 1], [10, 4, 7, 2], [13, 4, 2, 8], [25, 5, 0, 21, 3, 7], [20, 26, 5, 15, 4], [17, 24, 4, 18, 15, 22]]
[[12, 14, 18, 0, 4, 9], [3, 17, 15, 1, 14], [2], [21, 0, 26, 8], [5, 18], [2, 4], [8, 3, 5, 10, 1, 9], [11, 6, 9, 0, 7], [5, 15, 0, 8], [3, 9, 11], [8, 16, 4, 13, 19, 0], [28, 12, 14, 19, 22, 23]]
[[], [12, 7, 9, 0, 3, 2, 8], [9, 14, 17, 16, 1, 6], [1, 6, 3, 9, 12, 4, 7], [8, 25, 2, 21, 23, 13], [10, 30, 2, 22, 25, 0, 3, 8]]
[[8, 0, 3, 9], [13, 1, 2, 4], [4, 9, 2], [8, 2], [13, 2, 4], [5, 2], [2, 5, 6], [14, 26, 17]]
[[7, 9], [12, 3, 7, 9, 0, 5], [9, 4, 13, 1, 5], [0, 8, 6], [18, 0, 8, 16, 1, 9, 3], [16, 7, 8, 18], [7, 18, 1, 19, 8, 15, 0, 6], [8, 2, 0, 9], [5, 9, 2, 0]]
