[[16, 12, 1, 8, 18, 20, 2, 9, 13, 7, 17, 6, 15], [14, 2, 4, 10, 18, 5, 3, 19, 17, 0, 15, 16], [1, 10, 3, 4, 9, 12, 2, 11, 0], [14, 9, 0, 2, 3, 11, 10], [28, 5, 13, 21, 1, 7, 11, 15, 19, 23, 22, 6, 14, 29, 0, 12, 20, 2, 24], [14, 17, 8, 20, 24, 0, 15, 21, 25, 19, 10, 4, 18, 6, 9, 22, 7], [33, 6, 12, 16, 2, 8, 17, 24, 29, 0, 27, 13, 7, 23, 28, 15, 26, 35, 5, 32, 9], [3, 5], [4, 1, 3, 0, 2, 5]]
[[6, 2, 9, 10, 3, 4, 7, 0, 5, 11], [13, 21, 8, 0, 10, 19, 1, 9, 18, 17, 15, 2, 5, 11], [13, 3, 8, 17, 0, 11, 6, 18, 9, 16, 1, 10], [7, 17, 19, 8, 18, 0, 11, 16, 12, 4, 20, 9], [5, 9, 10, 6, 0, 2, 7, 11], [8, 5, 1, 15, 17, 12, 4, 10, 11, 0, 2, 6, 18], [19, 7, 14, 16, 4, 8, 15, 0, 10, 13], [18, 15, 5, 8, 11, 21, 20, 7, 0, 6, 25, 2, 9, 12, 16, 22, 28, 26], [6, 19, 0, 8, 15, 2, 9, 16, 3, 10, 5, 14, 11, 17], [17, 10, 20, 22, 5, 23, 4, 12, 0, 11, 21, 9, 2, 6, 13, 15, 24, 25]]
[[19, 21, 13, 20, 0, 17, 6, 5, 14, 12, 23, 22, 9, 15, 16, 1, 7, 10], [2, 4, 21, 25, 0, 5, 10, 20, 3, 13, 23, 12, 26, 7], [15, 7, 14, 3, 1, 5, 13, 12, 17, 0, 11, 16, 10], [3, 14, 1, 6, 13, 12, 11, 10, 8, 7], [22, 7, 16, 19, 17, 23, 10, 4, 13, 21, 24, 25, 8, 14], [12, 14, 5, 1, 3, 8, 19, 23, 21, 24, 6, 7, 15, 16, 13, 2, 9, 17], [6, 4, 10, 20, 2, 13, 17, 7, 19, 0, 8, 9, 21, 3, 16, 18, 11, 15]]
[[19, 25, 6, 10, 0, 13, 16, 3, 8, 14, 17, 27, 12, 7, 26, 11, 5, 24, 20, 21], [10, 4, 14, 5, 8, 15, 13, 1, 11, 18, 2, 0, 17, 19, 7, 3], [2, 13, 15, 0, 4, 6, 17, 3, 14, 16, 12], [7, 18, 3, 9, 16, 0, 4, 10, 14, 19, 13, 2, 8, 15, 17, 20], [14, 28, 15, 7, 10, 11, 23, 25, 30, 0, 5, 12, 16, 26, 19, 22, 4, 3, 17, 29], [12, 18, 1, 8, 14, 4, 9, 15, 19, 3, 2, 7, 0], [6, 9, 18, 19, 13, 2, 0, 8, 4, 15, 12, 5, 16]]
[[8, 6, 10, 12, 9, 15, 1, 5, 4, 0, 7, 16, 2], [8, 10, 6, 2, 5, 14, 12, 1, 7, 17, 0, 15, 3, 13], [8, 0, 14, 4, 5, 15, 10, 6, 13], [7, 5, 12, 3, 9, 2, 10, 8, 4, 11], [16, 2, 10, 17, 21, 22, 13, 1, 4, 14, 18, 0, 3, 19, 20, 23, 5, 7], [20, 3, 19, 17, 0, 15, 2, 6, 21, 8, 16, 18, 9, 11], [22, 9, 3, 13, 11, 17, 2, 21, 6, 7, 10, 4, 8, 16, 23, 24, 0], [10, 7, 1, 15, 2, 6, 11, 3, 16, 13, 12, 4], [11, 24, 21, 5, 7, 8, 23, 13, 3, 17, 22, 0, 14, 18, 26, 2, 12, 16, 20, 25, 4, 15, 19]]
[[14, 11, 16, 0, 3, 17, 2, 7, 8, 6, 9, 12], [2, 9, 3, 1, 6, 0, 5, 7], [21, 7, 11, 14, 5, 17, 4, 16, 22, 10, 20, 12, 23, 19, 13, 0, 2], [25, 7, 15, 19, 27, 30, 5, 10, 3, 18, 23, 4, 12, 0, 2, 17, 22, 26, 13, 14, 24, 29, 31, 20], [2, 13, 11, 0, 3, 14, 5, 7, 9, 12], [23, 33, 8, 27, 35, 21, 30, 0, 6, 16, 2, 29, 28, 3, 18, 38, 22, 34, 24, 36, 4, 19, 31, 26, 39, 32, 9, 11, 25], [7, 1, 5, 15, 0, 8, 16, 14, 2, 10]]
[[18, 10, 4, 15, 21, 13, 12, 11, 0, 2, 17, 24, 8, 16, 19, 22], [5, 9, 2, 6, 7, 8, 4, 0], [13, 16, 21, 22, 0, 3, 25, 7, 19, 23, 9, 17, 20, 14, 24, 15, 12, 1, 10], [7, 12, 2, 9, 3, 10, 13, 8, 6, 5, 11, 0], [10, 14, 1, 5, 11, 2, 0, 3, 12], [5, 3, 9, 12, 8, 2, 0, 1], [20, 26, 28, 14, 4, 8, 11, 18, 25, 30, 5, 12, 31, 15, 17, 27, 29, 0, 24, 9, 21, 2, 22, 7]]
[[6, 11, 18, 20, 22, 2, 8, 13, 23, 1, 7, 16, 4, 12, 0, 5, 15, 24, 9], [4, 1, 9, 0, 3, 8, 2, 5, 6, 10], [1, 9, 4, 13, 14, 12, 2, 7, 0, 8, 5], [6, 4, 10, 2, 11, 1, 0, 7, 8], [1, 6, 4, 9, 2, 8, 3, 7, 0, 10], [11, 3, 9, 14, 5, 16, 4, 0, 15, 2, 6, 17], [15, 2, 8, 9, 1, 3, 6, 0, 12, 10, 4], [8, 23, 5, 14, 18, 20, 21, 2, 6, 25, 1, 9, 15, 24, 22, 3, 16, 13, 26], [6, 3, 1, 2, 7, 4, 0, 8]]
[[8, 5, 0, 11, 10, 2, 4, 9, 3, 7, 12], [0, 24, 27, 5, 9, 21, 25, 8, 17, 20, 15, 14, 16, 6, 10, 18, 22], [52, 71, 81, 26, 32, 105, 1, 114, 130, 10, 12, 16, 29, 37, 41, 47, 58, 68, 70, 76, 87, 90, 98, 101, 109, 118, 121, 126, 134, 138, 143, 8, 14, 17, 27, 59, 88, 99, 110, 119, 135, 3, 7, 33, 107, 2, 23, 25, 31, 115, 6, 15, 125, 142, 38, 131, 5, 28, 106, 113, 124, 141, 49, 78, 9, 11, 13, 20, 30, 48, 60, 69, 77, 89, 100, 122, 128, 136, 139, 18, 42], [0, 4, 6, 1], [17, 9, 12, 20, 3, 7, 13, 21, 11, 6, 0, 19, 14]]
[[3, 6, 11, 4, 7, 18, 14, 16, 17, 0, 22, 12, 19, 20, 2], [6, 2, 10, 1, 11, 9, 7, 12], [12, 2, 14, 17, 8, 19, 0, 9, 20, 15, 4, 18, 3, 6, 13, 16], [4, 17, 5, 11, 18, 21, 7, 15, 2, 8, 9, 0, 14, 3, 16], [13, 17, 6, 3, 8, 10, 21, 4, 19, 7, 18, 0, 2, 14, 15, 11, 22, 16]]
[[17, 22, 25, 12, 18, 1, 9, 29, 34, 7, 10, 14, 26, 32, 31, 24, 6, 13, 0, 2, 23, 20, 5, 19, 3, 15, 27], [3, 12, 4, 8, 1, 11, 0, 10, 2, 13], [8, 0, 23, 26, 2, 5, 12, 24, 14, 9, 21, 11, 1, 20, 22, 25, 27], [2, 15, 18, 5, 8, 20, 22, 1, 6, 0, 12, 19, 16, 14, 17, 3], [2, 7, 8, 14, 17, 15, 5, 0, 4, 12, 9, 16, 18, 10], [12, 10, 3, 0, 13, 5, 9, 14, 6], [13, 11, 0, 7, 18, 5, 9, 4, 12, 19, 16, 3, 14, 17, 1, 8, 20], [7, 1, 5, 19, 3, 17, 9, 2, 12, 16, 0, 8, 13, 14, 20], [25, 2, 4, 15, 10, 20, 21, 27, 22, 6, 16, 0, 11, 28, 8, 3, 14, 19, 12, 30, 17, 29]]
[[5, 15, 20, 18, 25, 0, 2, 12, 28, 13, 29, 31, 11, 33, 19, 27, 26, 10, 17, 24, 32, 21, 22, 23, 8, 34], [7, 9, 17, 20, 12, 4, 14, 23, 5, 21, 3, 16, 18, 2, 8, 10, 13, 19, 22], [10, 17, 25, 8, 4, 22, 5, 15, 23, 27, 3, 29, 9, 14, 20, 21, 2, 7, 13, 28, 11, 16, 0], [26, 37, 32, 29, 30, 8, 16, 19, 34, 40, 17, 20, 35, 41, 33, 6, 15, 23, 0, 39, 42, 14, 22, 27, 31, 13, 12, 44, 2, 9, 43, 7, 24, 28], [17, 1, 4, 14, 3, 11, 8, 9, 12, 0, 10, 19, 7, 16, 5, 13], [20, 9, 5, 15, 12, 17, 3, 0, 10, 14, 2, 18, 6, 4]]
[[14, 9, 5, 12, 3, 2, 11, 8, 10, 0], [9, 13, 6, 10, 18, 16, 2, 12, 17, 11, 4, 7, 19], [1, 6, 4, 9, 3, 11, 2, 0], [34, 1, 24, 36, 31, 3, 8, 15, 18, 29, 2, 25, 44, 7, 11, 14, 16, 17, 27, 40, 6, 10, 23, 35, 43, 37, 19, 26, 30, 45, 32, 22, 38]]
[[12, 6, 1, 11, 4, 0, 3, 9, 14, 17, 13, 15, 5, 2], [6, 17, 18, 13, 4, 8, 11, 2, 16, 3, 19, 0, 7, 12], [2, 8, 14, 9, 6, 11, 15], [3, 0, 10, 6, 7, 1, 11, 9, 4, 8, 2], [6, 0, 3, 10, 9, 7, 13, 1], [15, 2, 18, 4, 6, 9, 25, 27, 0, 10, 7, 3, 16, 23, 5, 17, 19, 24, 8, 20], [11, 8, 14, 3, 6, 15, 2, 5, 13, 12, 10, 0, 16], [22, 6, 5, 17, 20, 0, 3, 11, 13, 18, 23, 24, 7, 9, 10, 21, 16], [13, 1, 3, 8, 9, 18, 17, 2, 7, 0, 14, 15, 4, 10], [3, 15, 20, 7, 18, 5, 11, 22, 13, 1, 0, 4, 21, 8, 16]]
[[8, 12, 3, 14, 5, 17, 4, 6, 13, 9, 16, 7, 18], [4, 0, 8, 10, 16, 14, 5, 12, 9, 18, 13, 7, 15, 1, 19], [8, 25, 1, 14, 18, 3, 16, 23, 22, 21, 2, 5, 0, 9, 12, 19, 26, 24, 6], [19, 11, 14, 0, 13, 17, 4, 6, 8, 20, 2, 1, 18, 5, 12, 15], [30, 34, 51, 14, 28, 10, 32, 38, 12, 40, 43, 44, 19, 17, 33, 26, 7, 11, 22, 39, 0, 4, 9, 16, 21, 37, 35, 5, 23, 36, 41, 15, 45, 2, 27]]
[[7, 0, 3, 2, 13, 8, 16, 17, 10, 6], [6, 40, 4, 14, 19, 32, 38, 2, 11, 15, 20, 29, 36, 1, 9, 35, 27, 31, 0, 8, 34, 33, 12, 18], [10, 1, 5, 6, 2, 11, 0, 14, 16], [17, 9, 15, 20, 25, 6, 10, 1, 5, 21, 0, 3, 2, 11, 22], [9, 0, 7, 11, 15, 19, 21, 1, 22, 6, 14, 18, 16, 12, 20, 23], [15, 2, 11, 6, 9, 16, 0, 4, 13, 3]]
[[2, 7, 18, 15, 3, 9, 20, 5, 13, 17, 14, 0, 6, 11], [15, 2, 5, 20, 10, 12, 18, 24, 7, 1, 4, 0, 22, 25, 8, 16], [3, 11, 8, 5, 6, 12, 0, 9, 10], [13, 21, 3, 25, 1, 9, 19, 35, 5, 24, 27, 33, 14, 28, 7, 8, 31, 0, 26, 16, 23, 10, 36, 17, 29, 34]]
[[14, 9, 12, 15, 3, 10, 2, 8, 13, 0, 1, 7, 11, 16], [1, 3, 6, 10, 4, 13, 16, 2, 0, 11, 9, 17], [6, 13, 1, 8, 11, 14, 7, 5, 10, 0, 4, 15], [4, 0, 5, 3, 2], [2, 0, 3, 6], [6, 2, 8, 9, 3, 0, 1, 4, 10], [10, 4, 6, 13, 0, 2, 7, 11, 14, 9, 5], [7, 2, 5, 9, 8, 0, 6, 1], [21, 4, 7, 12, 19, 16, 8, 6, 13, 15, 3, 0, 5, 11, 14, 22, 20, 17, 23]]
[[15, 8, 12, 3, 10, 2, 9, 0, 1, 7, 16, 13], [7, 1, 5, 3, 2, 0, 8, 6], [20, 24, 9, 14, 21, 11, 4, 22, 3, 16, 12, 1, 7, 17, 0, 8, 10, 15, 23, 25, 18], [10, 14, 8, 16, 1, 2, 5, 0, 15, 12, 13, 3]]
[[10, 1, 7, 4, 3, 11, 0, 9, 8, 5], [10, 12, 7, 15, 18, 2, 8, 16, 13, 1, 14, 0, 11, 17], [13, 5, 7, 1, 8, 14, 0, 4, 3, 12, 6], [3, 19, 1, 13, 0, 10, 5, 16, 18, 25, 22, 9, 15, 21, 6, 11, 17, 23], [6, 10, 11, 4, 0, 2, 7, 12, 13, 1, 5, 14], [8, 0, 3, 10, 1, 4, 11, 9, 7], [14, 17, 20, 0, 2, 7, 18, 12, 6, 11, 5, 10, 15, 8, 13, 16, 21, 3], [13, 20, 2, 5, 8, 18, 0, 3, 6, 9, 16, 21, 24, 14, 22, 15, 17, 25, 10], [1, 2, 3, 6, 9, 8, 10, 4, 5], [4, 13, 18, 14, 19, 0, 3, 9, 17, 1, 12, 2, 7, 16, 5, 20, 10], [0, 11, 2, 5, 9, 13, 16, 3, 14, 12, 1, 8, 10, 17]]
[[13, 4, 7, 16, 18, 3, 10, 14, 2, 19, 0, 12, 15, 11, 6], [1, 4, 6, 7, 3, 2, 0, 8], [6, 2, 9, 13, 0, 1, 8, 12, 3, 4, 11, 7, 10, 14], [9, 10, 0, 3, 8, 6, 2, 12, 1, 13, 14, 15], [4, 0, 6, 1, 7, 5, 14], [9, 26, 18, 8, 25, 0, 11, 31, 3, 12, 15, 19, 28, 32, 27, 10, 30, 29, 21, 14, 4, 1, 20], [3, 8, 5, 4, 9, 0], [9, 27, 20, 8, 11, 17, 29, 35, 40, 2, 15, 21, 30, 41, 44, 49, 28, 43, 10, 14, 33, 48, 13, 32, 47, 23, 46, 50, 34, 31, 3, 22, 45, 4], [17, 15, 12, 13, 9, 16, 4, 0, 6, 18, 14, 8, 2, 7]]
[[4, 7, 15, 5, 0, 3, 11, 12, 10, 16], [7, 9, 2, 10, 1, 8, 0, 6, 5, 3], [4, 6, 9, 7, 1, 5, 0, 3], [8, 5, 12, 15, 17, 19, 13, 3, 7, 11, 0, 4, 16, 1, 9, 2], [11, 17, 20, 2, 8, 3, 9, 5, 1, 19, 24, 0, 18, 21, 22, 13, 6, 7, 25], [7, 4, 10, 3, 12, 0, 13, 2, 11, 5], [6, 12, 2, 13, 7, 10, 3], [0, 2, 5, 7, 3, 8, 1], [4, 1, 3, 7, 2, 0, 6], [1, 4, 0, 2], [2, 4, 0, 1, 3, 5]]
[[15, 8, 3, 5, 22, 0, 12, 20, 23, 2, 9, 11, 17, 7, 18, 13, 24], [4, 10, 15, 3, 9, 17, 0, 14, 20, 8, 1, 11, 18], [12, 8, 14, 0, 3, 2, 10, 13, 7, 11, 5], [7, 2, 14, 18, 24, 0, 4, 12, 25, 21, 11, 3, 9, 10, 19, 23, 26], [0, 4, 3, 2], [4, 13, 14, 2, 11, 5, 0, 10, 6, 12, 15, 7], [2, 0, 4, 1, 5], [8, 5, 12, 0, 2, 6, 1, 10, 9, 11, 15, 13], [14, 4, 12, 23, 2, 24, 22, 5, 0, 17, 18, 19, 9, 15, 6, 11, 13, 10], [2, 0, 1], [9, 2, 6, 12, 0, 4, 7, 13, 18, 17, 3, 16, 10, 11, 19, 14], [1, 5, 7, 9, 3, 10, 13, 2, 6, 8, 11], [9, 3, 11, 0, 5, 12, 4, 10, 6], [5, 6, 2, 4, 1, 3], [1, 4, 0, 3, 2, 5]]
[[15, 4, 9, 2, 1, 8, 10, 0, 7, 13, 16, 5, 11], [15, 8, 6, 13, 0, 4, 10, 3, 12, 2], [8, 11, 13, 3, 0, 2, 9, 10], [2, 4, 3, 7, 6], [13, 15, 11, 1, 5, 9, 8, 0, 10, 3, 6], [23, 1, 3, 8, 14, 21, 15, 19, 18, 2, 11, 13, 10, 4, 5, 6], [15, 2, 26, 30, 36, 12, 19, 22, 32, 29, 3, 27, 21, 34, 11, 31, 16, 45, 4, 23, 35, 5, 7, 33], [3, 7, 0, 2, 5, 1, 4, 6]]
[[9, 18, 6, 11, 2, 4, 13, 21, 24, 0, 19, 12, 7, 17, 1, 10, 16, 20, 25, 8], [5, 10, 16, 13, 1, 17, 18, 2, 8, 19, 0, 3, 14], [7, 25, 18, 14, 21, 2, 8, 12, 22, 15, 17, 0, 3, 13, 20, 10, 19, 23, 5, 16], [7, 2, 11, 0, 9, 8, 3, 6, 12], [8, 10, 3, 12, 0, 11, 15, 5, 6, 16, 9, 4, 7], [8, 12, 17, 3, 7, 1, 4, 0, 13, 10, 18, 5, 15], [10, 5, 2, 4, 12, 0, 6, 13], [0, 7, 13, 1, 3, 8, 6, 14, 4, 12]]
[[8, 38, 42, 1, 14, 23, 31, 40, 10, 18, 28, 11, 2, 32, 15, 24, 5, 4, 26, 45, 19, 9, 17, 41, 43, 13, 22, 39, 12, 30, 20, 34, 6], [22, 0, 15, 12, 13, 7, 9, 18, 24, 4, 3, 17, 2, 6, 1, 21, 23, 8, 10, 5], [7, 0, 1, 8, 2], [2, 8, 11, 0, 9, 3, 5, 10], [9, 12, 2, 5, 16, 0, 13, 10, 15, 11, 14, 3, 17], [6, 1, 3, 8], [0, 2, 6, 8, 5, 1, 7, 3]]
[[7, 9, 0, 3, 8, 2, 4, 5], [0, 16, 8, 12, 4, 13, 6, 1, 20, 3], [7, 23, 14, 3, 18, 20, 17, 1, 6, 24, 2, 10, 11, 0, 15, 16, 8, 22, 13], [6, 4, 1, 8, 7, 2, 0, 5, 3, 9], [9, 15, 4, 7, 13, 18, 0, 17, 3, 11, 1, 5, 12]]
[[20, 1, 18, 6, 7, 9, 13, 22, 11, 14, 23, 10, 19, 2, 16, 4, 8, 21, 17, 5], [5, 20, 0, 18, 11, 16, 1, 19, 3, 12, 13, 17, 10, 6, 21, 8, 14], [13, 2, 6, 0, 8, 4, 3, 7, 16, 10, 15, 5, 11], [6, 10, 4, 7, 0, 1, 3, 9], [9, 13, 1, 16, 22, 10, 14, 20, 2, 3, 4, 7, 19, 0, 17, 23, 21, 5, 18], [9, 20, 22, 25, 0, 3, 11, 23, 8, 17, 15, 19, 26, 7, 14, 16, 10, 21, 12, 1], [11, 28, 2, 8, 6, 9, 19, 21, 26, 3, 22, 7, 17, 10, 0, 16, 15, 24, 23, 12, 18]]
[[15, 2, 12, 0, 5, 13, 17, 4, 9, 7, 19, 11, 8, 16], [10, 5, 12, 7, 20, 3, 18, 1, 6, 17, 2, 11, 14, 0, 13, 15], [1, 7, 9, 13, 10, 11, 8, 12, 14], [2, 4, 11, 6, 8, 12, 20, 0, 5, 16, 19, 1, 3, 17, 7], [2, 6, 0, 11, 16, 24, 5, 10, 18, 15, 20, 23, 13, 25, 12], [5, 2, 10, 3, 11, 1, 13, 0, 9, 6, 4, 7, 14], [12, 22, 0, 23, 1, 24, 3, 15, 9, 5, 8, 6, 25, 10, 16, 19], [9, 1, 11, 15, 5, 12, 2, 0, 10, 14, 17, 3, 13], [8, 14, 6, 1, 4, 0, 7, 9, 15, 16, 10]]
[[7, 1, 9, 13, 12, 4, 8, 10, 2], [3, 15, 18, 0, 5, 8, 16, 19, 7, 12, 21, 22, 23, 24, 4, 11, 17, 13], [4, 0, 1, 6, 9, 8, 5], [5, 0, 3, 6, 2], [1, 4, 3, 7, 0, 8, 9], [4, 6, 7, 9, 5, 0, 2], [0, 2, 5, 6, 1, 3], [11, 0, 5, 13, 1, 14, 10, 4, 9, 8, 12, 2], [0, 3, 4, 2, 1], [6, 11, 0, 2, 8, 9, 3], [1, 5, 3, 6, 0, 2, 10, 8, 9, 11], [0, 4, 6, 13, 7, 14, 16, 11, 10, 15, 1], [2, 0, 3, 5, 6], [6, 2, 7, 11, 10, 4, 0, 5, 13, 14, 15], [5, 10, 2, 3, 11, 1, 8, 0, 6, 13, 7], [20, 25, 9, 16, 19, 10, 14, 17, 13, 3, 0, 21, 4, 11, 22, 7], [12, 15, 6, 9, 17, 0, 3, 7, 10, 18, 20, 16, 14, 13, 4, 5, 19, 2]]
[[7, 18, 16, 11, 21, 20, 10, 17, 15, 19, 0, 3, 12, 22], [22, 13, 0, 14, 18, 23, 3, 6, 7, 5, 4, 1, 11, 19], [10, 9, 0, 6, 4, 1, 7], [8, 0, 11, 3, 6, 7, 9, 10, 12, 1, 13], [3, 1, 4, 2, 0], [19, 23, 3, 11, 1, 7, 28, 8, 13, 17, 6, 27, 12, 26, 20, 24, 29, 9, 18], [9, 12, 16, 3, 1, 14, 4, 8, 10, 13, 17], [0, 17, 4, 11, 20, 12, 9, 7, 1, 10, 15, 2, 13], [8, 10, 15, 16, 1, 6, 9, 0, 3, 4, 5, 11, 7, 17, 13, 14], [0, 6, 4, 14, 10, 9, 11, 12, 1, 2, 7]]
[[4, 11, 17, 20, 14, 15, 16, 10, 0, 5, 2, 8], [0, 9, 7, 12, 6, 11, 13, 1], [14, 4, 6, 10, 7, 15, 1, 5, 3], [10, 26, 2, 12, 4, 7, 30, 5, 23, 1, 0, 3, 24, 27, 31, 17, 20, 11, 14, 28, 25, 32, 15], [12, 3, 10, 16, 17, 20, 23, 4, 0, 6, 18, 21, 13, 11, 15, 24]]
[[6, 10, 1, 3, 4, 15, 8, 2, 9, 13, 14, 7, 16, 11], [14, 3, 1, 12, 5, 8, 6, 4, 13, 2, 15, 16, 0], [21, 11, 4, 22, 9, 14, 26, 0, 19, 27, 13, 6, 5, 7, 23, 12, 17, 24, 25, 28, 8, 18], [14, 15, 0, 6, 12, 9, 4, 5, 18, 19, 8, 17, 10], [6, 0, 8, 12, 18, 1, 4, 9, 7, 13, 15, 14, 16, 17]]
[[2, 18, 16, 15, 20, 8, 10, 7, 12, 17, 19, 13], [8, 2, 1, 6], [27, 21, 22, 30, 6, 8, 13, 14, 16, 4, 12, 31, 0, 2, 23, 17, 3, 11, 25, 28, 5, 32], [21, 31, 22, 2, 14, 25, 0, 5, 18, 29, 9, 24, 23, 7, 13, 26, 33, 10, 15, 28, 12, 17, 32, 34], [11, 3, 8, 4, 9, 13, 6, 0, 1, 12, 7, 14], [0, 1, 2], [3, 5, 0, 2, 4, 1]]
[[7, 9, 11, 2, 1, 0, 8, 10, 12, 5, 3], [13, 8, 10, 0, 4, 11, 18, 3, 9, 16, 7, 14, 6, 17, 1], [2, 3, 5, 6, 7, 4], [0, 1, 6, 7, 5, 10], [4, 8, 14, 16, 9, 11, 1, 6, 5, 3, 0, 7, 15], [1, 2, 4], [5, 8, 14, 21, 0, 6, 9, 11, 15, 4, 20, 10, 3, 19, 18], [9, 0, 8, 6, 5, 7, 10, 1, 2], [9, 0, 1, 4, 2, 5, 10, 8], [18, 4, 15, 14, 2, 5, 11, 19, 9, 6, 7, 21, 8, 22, 12, 3, 20], [11, 14, 6, 17, 4, 2, 9, 3, 10, 18, 8, 12, 16, 0], [16, 3, 11, 0, 6, 19, 12, 4, 13, 14, 20, 10, 15, 18, 17, 8, 5]]
[[26, 2, 14, 23, 31, 4, 12, 18, 32, 11, 21, 17, 29, 27, 0, 30, 6, 16, 33, 19, 34], [2, 8, 6, 0, 3, 5, 9, 1, 12], [13, 1, 3, 11, 9, 15, 2, 4, 14, 17, 5, 0, 6, 18, 10], [7, 2, 0, 5, 9, 4, 3, 10, 8, 13, 6, 11], [18, 11, 0, 3, 21, 23, 25, 1, 4, 8, 14, 26, 13, 12, 22, 20, 17, 24, 27, 15], [10, 8, 1, 12, 5, 13, 3, 9, 2, 4, 0, 11, 7, 14], [10, 0, 13, 16, 14, 4, 7, 11, 12, 8, 17, 5]]
[[15, 2, 3, 6, 1, 8, 0, 12, 13, 9], [1, 9, 4, 0, 5, 8, 2, 6], [10, 1, 14, 0, 18, 5, 13, 19, 20, 4, 17, 11, 6, 15, 7, 21], [15, 2, 8, 1, 10, 7, 4, 17, 3, 12, 9, 0, 16, 11, 18, 5, 13], [10, 0, 1, 2, 14, 5, 12, 4, 13, 8, 11, 6], [14, 17, 5, 8, 11, 0, 6, 9, 2, 3, 18, 15, 12, 4], [17, 33, 0, 16, 8, 9, 21, 31, 26, 35, 11, 23, 27, 36, 2, 15, 10, 5, 18, 22, 32, 3, 1, 7, 20, 30, 34, 13, 19, 29, 12]]
[[18, 30, 0, 2, 23, 26, 3, 20, 24, 27, 19, 13, 31, 17, 12, 21, 28, 15], [26, 0, 10, 19, 23, 24, 4, 11, 20, 27, 22, 9, 17, 8, 16, 25, 1, 5, 14], [9, 1, 3, 10, 12, 2, 6, 8, 0, 7], [10, 6, 17, 4, 8, 15, 18, 0, 7, 14, 1, 11], [8, 1, 6, 10, 2, 12, 13, 4, 0, 9, 7], [5, 20, 7, 11, 0, 8, 12, 16, 15, 6, 21, 19, 3, 9], [10, 7, 15, 1, 14, 8, 4, 0, 11, 12, 13, 5, 9, 2], [6, 9, 10, 2, 5, 4, 7, 0, 11]]
[[5, 4, 30, 11, 27, 36, 22, 38, 16, 32, 1, 21, 12, 7, 14, 18, 19, 15, 33, 37, 10, 26, 6, 31, 35, 28, 34, 40, 8, 29], [7, 2, 8, 1, 0, 6], [0, 9, 2, 10, 3, 1, 4], [7, 10, 13, 4, 0, 1, 5, 14, 9, 8, 11], [14, 3, 16, 10, 2, 1, 13, 4, 6, 11], [8, 1, 0, 11, 2, 9, 10], [10, 5, 0, 8, 11, 12, 3, 7], [7, 11, 3, 12, 16, 0, 9, 14, 2, 8, 10, 15], [14, 4, 7, 17, 16, 0, 8, 12, 1, 9], [2, 4, 0], [6, 8, 0, 4, 3], [1, 12, 3, 4, 19, 10, 9, 13, 16, 5, 6, 8, 2, 15, 17]]
[[8, 20, 0, 12, 15, 4, 10, 7, 6, 9, 11, 1], [12, 2, 7, 16, 3, 11, 1, 5, 9, 8, 14, 0, 13, 6], [5, 13, 20, 8, 0, 14, 23, 22, 10, 27, 18, 3, 4, 17, 21, 26, 7, 19, 11, 25], [11, 14, 0, 7, 4, 17, 3, 15, 5, 18], [0, 9, 12, 6, 14, 17, 10, 1, 2, 16, 13, 15, 3], [13, 2, 9, 4, 7, 14, 0, 11, 8, 6, 12, 5], [21, 5, 9, 2, 7, 26, 19, 24, 10, 18, 0, 13, 17, 22, 14, 3, 11]]
[[11, 15, 13, 9, 21, 7, 16, 22, 6, 14, 1, 18, 19, 12, 2, 20], [0, 3, 8, 2, 10, 13, 5, 7, 9], [4, 14, 1, 5, 0, 12, 6, 8, 2, 9, 11, 13, 15, 3], [7, 17, 8, 12, 5, 9, 13, 0, 16, 11, 4, 20, 3, 19, 21], [24, 20, 18, 2, 16, 29, 3, 14, 21, 23, 8, 7, 9, 22, 28, 13, 27, 25, 19, 4, 30], [15, 7, 12, 18, 16, 9, 1, 2, 5, 10, 11, 0, 4, 6, 13]]
[[1, 8, 5, 15, 21, 24, 22, 30, 29, 2, 13, 20, 28, 14, 4, 9, 19, 26, 11, 25, 6], [0, 3, 8, 1, 11, 6, 5, 10, 7, 9], [18, 5, 3, 1, 10, 14, 7, 15, 6, 4, 0, 8, 9, 16, 13, 19, 17, 11], [2, 10, 0, 12, 14, 11, 3, 6, 5, 9, 7, 16, 15], [7, 5, 12, 0, 8, 13, 2, 10, 3, 4, 6, 11], [4, 11, 15, 9, 17, 13, 12, 16, 1, 2, 8, 5, 6, 10, 18], [12, 10, 0, 15, 3, 16, 2, 9, 5, 14, 1, 8, 11, 17, 6], [12, 2, 5, 8, 9, 14, 3, 10, 16, 7, 0, 13, 15]]
[[5, 9, 11, 3, 10, 12, 4], [17, 9, 2, 12, 0, 6, 13, 11, 3, 5, 20, 21, 16, 4, 10, 15, 19, 18, 7], [3, 10, 6, 4, 8, 7, 9], [0, 3, 9, 7, 1], [15, 3, 9, 19, 0, 17, 5, 7, 2, 21, 4, 16, 20, 22, 10], [5, 10, 2, 3, 0, 8, 9, 6, 11], [3, 5, 8, 0, 6, 4, 2], [2, 0], [3, 8, 1, 5, 13, 4, 12, 11, 9, 7, 6], [18, 19, 0, 5, 10, 9, 16, 13, 17, 8, 14, 20, 1, 21], [2, 13, 8, 19, 7, 1, 15, 18, 21, 10, 11, 0, 12, 16, 9, 5], [4, 15, 0, 5, 10, 8, 11, 13, 1, 6, 16, 9], [12, 3, 5, 0, 9, 2, 7, 13, 8], [10, 0, 4, 5, 2], [10, 3, 11, 18, 0, 8, 14, 2, 7, 17, 12, 16, 13, 15, 4, 5, 19], [8, 6, 3, 11, 2, 10, 0, 4]]
[[14, 2, 9, 3, 18, 6, 8, 0, 15, 16, 1, 19], [17, 16, 11, 7, 0, 5, 19, 14, 10, 23, 9, 24, 12, 18, 20], [17, 34, 26, 0, 39, 2, 23, 37, 40, 4, 28, 14, 8, 9, 6, 16, 18, 35, 19, 20, 12, 24, 29], [3, 4, 0, 9, 11, 6, 5, 1, 7], [6, 17, 31, 23, 25, 0, 22, 5, 27, 29, 33, 2, 8, 30, 34, 1, 24, 12, 18, 7, 20, 21, 26, 35, 3]]
[[3, 1, 5, 8, 6, 4, 0], [8, 3, 6, 14, 17, 4, 10, 2, 12, 7, 18, 9, 13], [0, 2, 3, 5, 8, 17, 6, 18, 16, 1, 15, 14, 13, 11], [2, 12, 3, 4, 1, 6, 13, 14, 11, 15, 7], [16, 4, 11, 12, 2, 19, 7, 18, 17, 15, 20, 13, 10], [7, 5, 10, 13, 19, 21, 2, 22, 18, 8, 0, 9, 17, 16, 14, 20, 6], [8, 6, 12, 15, 0, 4, 13, 11, 3, 10, 1, 16], [0, 20, 27, 6, 26, 12, 17, 15, 18, 24, 1, 7, 10, 5, 28, 8, 2, 3, 21]]
[[0], [2, 10, 14, 19, 0, 5, 20, 13, 4, 9, 15, 18, 17, 7, 6, 21, 16], [14, 4, 9, 0, 6, 11, 12, 5, 10, 8, 17, 15, 13, 1], [10, 0, 5, 6, 2, 9, 8, 1, 13, 7, 16, 12, 11, 3, 14], [6, 16, 5, 15, 10, 11, 19, 21, 8, 22, 17, 7, 0, 14, 2, 18, 4], [12, 0, 5, 4, 1, 6], [2, 7, 11, 4, 10, 1, 14, 16, 0, 3, 13, 12, 5], [26, 13, 3, 19, 5, 29, 15, 16, 6, 21, 14, 30, 0, 2, 7, 24, 20, 28, 12, 25, 8, 9, 17, 22]]
[[21, 31, 11, 7, 33, 36, 5, 22, 29, 34, 28, 4, 13, 10, 17, 9, 12, 32, 23, 24, 15], [6, 11, 14, 20, 13, 22, 3, 17, 18, 2, 5, 12, 15, 21, 16, 7, 23], [7, 19, 10, 13, 23, 0, 14, 9, 6, 20, 12, 8, 18, 21, 1, 3], [7, 6, 9, 0, 8, 11], [4, 22, 34, 0, 13, 18, 27, 14, 19, 25, 28, 2, 31, 8, 35, 23, 11, 20, 5, 24, 33, 15, 26, 32, 16], [0, 37, 33, 20, 42, 2, 15, 23, 27, 29, 50, 53, 3, 16, 18, 24, 51, 17, 1, 35, 9, 44, 21, 48, 26, 13, 46, 8, 14, 41, 38, 22, 6, 19, 52, 54, 36, 11]]
[[16, 14, 7, 10, 3, 8, 11, 5, 1, 15, 2, 13, 17, 6, 12], [17, 9, 22, 6, 10, 18, 8, 4, 11, 20, 13, 2, 3, 5, 16, 21, 0, 12, 23, 14], [17, 27, 31, 36, 3, 2, 10, 19, 30, 0, 5, 8, 11, 20, 22, 7, 29, 33, 38, 4, 26, 24, 15, 35, 1, 14, 23, 25, 28, 32, 37, 18, 13, 21, 39], [8, 15, 10, 6, 21, 3, 12, 22, 11, 14, 18, 0, 9, 16, 4, 19, 20], [3, 7, 11, 2, 14, 15, 12, 10, 4, 13, 5, 1]]
[[14, 2, 9, 18, 21, 6, 10, 19, 15, 4, 5, 13, 17, 20, 22, 0, 7, 16], [6, 2, 0, 3, 7], [9, 0, 5, 11, 10, 2, 7, 4], [10, 19, 7, 14, 4, 8, 15, 17, 6, 2, 13, 12, 11, 20, 0, 18], [6, 0, 8, 7, 9, 3, 5], [1, 14, 8, 3, 2, 11, 15, 5, 16, 17, 6], [12, 0, 1, 17, 6, 3, 7, 11, 15, 14, 9, 13, 16, 18, 4, 8], [9, 2, 6, 0, 11, 4, 3, 10, 5, 7, 12]]
[[12, 4, 10, 15, 2, 7, 16, 14, 1, 9, 19, 18, 6], [27, 0, 10, 15, 20, 5, 8, 7, 18, 14, 17, 22, 19], [12, 21, 5, 7, 9, 16, 3, 17, 0, 14, 20, 15, 18, 22, 8, 10, 4, 19], [7, 2, 11, 12, 0, 13, 10, 17, 16, 8, 3, 14], [7, 2, 9, 11, 0, 12, 14, 13, 3, 10, 8], [4, 3, 5, 0, 1], [8, 2, 4, 9, 13, 1, 7, 11, 18, 0, 10, 5, 15]]
[[0, 11, 1, 5, 8, 4, 7, 10, 2, 9], [9, 3, 14, 12, 7, 2, 6, 11, 0], [8, 0, 2, 16, 11, 9, 13, 5, 7, 3], [7, 11, 15, 16, 17, 13, 5, 0, 4, 10, 2], [10, 22, 2, 4, 19, 5, 3, 13, 17, 11, 15, 0, 6, 20, 18], [0, 9, 16, 14, 4, 6, 19, 7, 5, 13, 8, 17, 12, 20], [7, 11, 4, 0, 3, 9, 5, 12]]
[[12, 10, 17, 2, 16, 1, 5, 4, 18, 6, 9, 13], [6, 2, 0, 8], [5, 11, 12, 7, 15, 8, 2, 1, 6, 13, 3, 14], [15, 1, 5, 13, 20, 23, 7, 18, 17, 10, 2, 4, 6, 24, 0, 16, 19], [10, 12, 13, 4, 8, 3, 1, 7, 16, 2, 15, 14], [0, 8, 10, 17, 20, 11, 6, 22, 4, 3, 12, 15, 16, 18, 13, 23, 14, 24]]
[[4, 10, 1, 8, 7, 3, 0, 5], [9, 14, 5, 11, 0, 3, 2, 10, 15, 16, 1, 8, 13, 12], [10, 12, 2, 7, 8, 13, 6, 11, 1], [21, 2, 9, 0, 6, 18, 7, 14, 19, 10, 17, 13, 4, 20, 15, 11], [8, 14, 1, 2, 12, 16, 5, 17, 3, 13, 11, 15, 6], [9, 7, 13, 5, 1, 4, 0, 11, 12, 14, 2]]
[[0, 3, 12, 1, 8, 11, 10, 13], [11, 1, 8, 6, 5, 2, 0, 12, 9], [10, 1, 7, 15, 8, 12, 11, 2, 16, 17, 9, 0]]
[[7, 19, 12, 1, 9, 17, 10, 14, 2, 5, 15, 4, 0, 13, 8, 20, 16], [13, 7, 8, 22, 17, 4, 19, 14, 0, 2, 3, 12, 18, 5, 9, 20, 15], [8, 3, 5, 11, 20, 22, 0, 12, 23, 10, 2, 9, 17, 15, 16, 18, 4, 6, 24], [6, 17, 18, 23, 2, 24, 15, 7, 22, 8, 12, 21, 13, 19, 3, 9, 20], [3, 5, 10, 13, 0, 6, 11, 9, 4, 8, 14], [12, 6, 0, 4, 7, 13, 3, 10, 9, 14], [6, 2, 14, 0, 3, 8, 10, 15, 7, 13, 12, 17, 9, 16], [14, 12, 16, 0, 2, 6, 10, 17, 15, 8, 4, 13, 19, 18, 9], [7, 12, 14, 17, 1, 3, 9, 0, 6, 10, 5, 2, 15, 16, 18, 13, 11]]
[[5, 2, 1, 6, 3], [6, 4, 11, 3, 10, 0, 2, 9, 12], [8, 1, 4, 3, 0, 2], [3, 0, 4, 5], [10, 2, 7, 17, 8, 1, 20, 0, 15, 18, 16, 3, 6, 21], [10, 1, 4, 3, 2, 0, 5], [3, 0, 4], [8, 14, 1, 3, 7, 20, 4, 12, 15, 21, 2, 18, 17, 11, 0, 5], [17, 6, 9, 4, 7, 10, 3, 0, 18]]
[[14, 16, 0, 1, 5, 8, 12, 17, 7, 11, 10, 2], [6, 8, 14, 3, 19, 21, 4, 11, 20, 1, 15, 16, 10, 0, 9, 17, 18, 23, 24], [6, 0, 2, 4, 8, 9, 3, 5], [7, 3, 4, 1, 0, 8, 5, 6], [2, 8, 1, 7, 5, 0, 4, 6], [5, 7, 2, 16, 10, 14, 13, 9, 1, 0, 6, 17, 3, 18], [4, 6, 13, 7, 11, 3, 10, 0, 2, 9, 5], [17, 5, 13, 23, 8, 14, 20, 10, 3, 0, 12, 2, 19, 24, 4, 25, 21], [1, 0], [4, 0, 3, 1, 2]]
[[16, 11, 4, 19, 8, 20, 3, 7, 12, 2, 14, 10, 17], [10, 5, 13, 3, 11, 1, 2, 0, 14], [4, 12, 7, 17, 10, 1, 16, 14, 15, 0, 9, 18], [2, 0, 4], [13, 20, 11, 17, 24, 0, 8, 18, 14, 2, 4, 15, 21, 7, 3, 5, 9, 22, 25, 16], [4, 6, 11, 8, 2, 3, 7, 5, 9], [1, 12, 14, 15, 13, 3, 4, 11, 9, 5, 6], [2, 6, 7, 11, 3, 0, 4, 8, 9], [9, 3, 5, 11, 13, 0, 2, 6, 4, 10, 12], [0, 3, 8, 4, 1, 2, 7, 9], [0, 7, 9, 3, 5, 11, 1, 8, 10, 2, 15, 12, 14], [11, 3, 14, 5, 8, 0, 9, 16, 2, 6, 15, 12, 17, 18], [12, 5, 11, 6, 15, 1, 9, 4, 16, 0, 7, 2]]
[[6, 8, 2, 13, 16, 22, 25, 0, 10, 14, 17, 23, 5, 9, 4, 21, 7, 26, 3, 11, 18], [12, 3, 6, 9, 0, 7, 10, 4, 5], [10, 17, 26, 34, 5, 8, 14, 19, 31, 6, 20, 22, 28, 0, 3, 35, 37, 2, 33, 13, 27, 4, 16, 38, 7, 32, 29, 23], [12, 6, 17, 0, 22, 1, 4, 8, 20, 7, 18, 16, 15, 11, 24], [24, 11, 8, 13, 6, 27, 31, 4, 15, 18, 22, 28, 33, 14, 26, 10, 0, 9, 25, 3, 12, 36, 7, 32, 16, 29]]
[[16, 6, 3, 14, 18, 8, 2, 1, 19, 13, 7, 17, 4, 9, 20, 11], [5, 10, 18, 1, 9, 14, 2, 3, 11, 0, 8, 13, 15, 17, 4], [18, 14, 0, 4, 9, 3, 16, 8, 13, 7, 6, 12, 19, 17, 20], [18, 7, 11, 22, 3, 20, 4, 16, 1, 12, 23, 24, 14, 0, 19, 21, 8, 2], [4, 0, 7, 11, 2, 8, 12, 14, 1, 5, 9], [2, 4, 12, 16, 20, 7, 13, 17, 21, 6, 11, 10, 15, 14, 22, 23], [1, 15, 11, 8, 14, 7, 17, 6, 16, 2, 18], [11, 5, 8, 14, 7, 0, 3, 9, 12, 15]]
[[17, 7, 11, 19, 2, 8, 12, 20, 0, 18, 4, 21, 6, 16, 22], [13, 5, 11, 16, 7, 2, 6, 17, 4, 8, 18], [9, 1, 2, 6, 5, 3], [11, 0, 10, 2, 3, 5, 14, 1, 12, 13, 9, 4, 6], [12, 2, 29, 6, 15, 3, 7, 13, 16, 24, 19, 30, 0, 5, 8, 21, 26, 23, 33, 28, 25, 9, 20, 31], [6, 11, 17, 2, 4, 0, 1, 12, 13, 14, 19, 20, 10, 7, 16, 18, 5, 8], [12, 0, 4, 7, 13, 1, 9, 3]]
[[6, 14, 9, 4, 16, 3, 10, 2, 12, 13, 8, 0], [7, 5, 2, 4, 1, 0, 8, 3, 6], [16, 27, 13, 11, 18, 21, 29, 0, 1, 5, 19, 14, 3, 7, 25, 4, 8, 23, 6, 24, 17, 28, 12, 31, 30, 9, 26], [31, 17, 4, 24, 15, 0, 7, 8, 29, 33, 5, 9, 27, 12, 22, 26, 18, 3, 16, 19, 25, 14, 23, 28, 1]]
[[0, 14, 16, 10, 19, 2, 6, 20, 1, 9, 5, 18, 15, 3, 7, 11, 21], [8, 4, 6, 11, 3, 12, 9], [15, 4, 10, 17, 19, 22, 5, 1, 14, 3, 7, 21, 0, 20, 16, 8, 18, 11, 2], [18, 15, 6, 22, 7, 5, 16, 20, 2, 11, 0, 14, 10, 19, 3, 21]]
[[6, 2, 8, 1, 7, 0, 5, 11, 13], [8, 20, 25, 2, 12, 22, 5, 13, 23, 26, 11, 4, 9, 10, 16, 17, 27, 18, 1], [4, 7, 21, 5, 11, 3, 20, 10, 17, 18, 9, 16, 12, 1, 15, 22, 13], [8, 11, 1, 13, 2, 6, 12, 5, 10, 7], [10, 19, 7, 12, 14, 4, 8, 15, 21, 23, 2, 6, 20, 0, 1, 11, 18], [5, 0, 2, 7, 6, 8, 3], [8, 15, 4, 11, 10, 3, 0, 9, 2, 7, 12], [2, 4, 7, 11, 0, 8, 12, 6, 3, 9]]
[[9, 3, 8, 6, 12, 19, 22, 13, 10, 2, 5, 16, 1, 4, 15, 7, 23, 18], [9, 2, 15, 0, 3, 12, 11, 14], [0, 5, 11, 13, 9, 4, 8, 1, 6], [7, 16, 6, 14, 0, 5, 9, 11, 19, 4, 8, 13, 18, 1, 10, 20], [13, 3, 5, 8, 11, 23, 6, 14, 1, 18, 19, 0, 4, 17, 12, 21, 2], [15, 6, 8, 17, 0, 2, 19, 16, 4, 12, 13, 7, 18, 20, 1, 9]]
[[7, 10, 14, 18, 23, 25, 29, 0, 11, 20, 30, 9, 8, 28, 26, 12, 16, 17, 19, 21], [7, 14, 8, 11, 12, 3, 9, 5, 10, 15, 0, 16, 13], [12, 0, 22, 1, 16, 2, 23, 10, 5, 19, 20, 21, 15, 7, 8, 17, 13, 11], [5, 15, 20, 13, 22, 0, 21, 2, 18, 19, 9, 11, 6, 7, 12, 23, 3]]
[[13, 12, 8, 0, 2, 17, 19, 22, 3, 6, 23, 14, 9, 10, 15, 21, 25, 20, 24, 11], [2, 5, 8, 12, 0, 7, 15, 11, 13, 4, 9], [9, 13, 15, 0, 12, 14, 2, 11, 8, 16, 3, 6, 5], [4, 9, 1, 8, 0, 7, 2, 5], [6, 15, 4, 7, 9, 12, 16, 11, 14, 0, 13, 2], [15, 2, 5, 8, 3, 9, 11, 1, 7, 0, 16, 17], [6, 10, 1, 4, 2, 11, 7, 14, 0, 9, 8, 15], [17, 2, 9, 6, 19, 3, 7, 10, 14, 0, 4, 11, 5, 13, 18, 15, 20]]
[[26, 7, 23, 2, 8, 14, 17, 1, 13, 22, 28, 21, 27, 4, 24, 29, 20, 31, 25], [6, 3, 10, 4, 11, 2, 0], [4, 11, 15, 0, 12, 10, 14, 16, 13], [10, 0, 4, 18, 5, 12, 19, 3, 17, 16, 11, 15, 20], [1, 2], [3, 5, 0, 7, 4, 9, 6], [5, 1, 4, 2, 6], [1, 6, 7, 0, 2], [0, 2], [2, 5, 4, 3, 0, 6]]
[[5, 8, 2, 6, 1, 12, 16, 11, 14, 3, 9, 13], [6, 4, 8, 3, 7, 0], [10, 1, 9, 11, 8, 7, 2, 3], [3, 7, 2, 1, 4, 5], [0, 8, 19, 31, 10, 4, 23, 26, 37, 38, 21, 28, 1, 11, 39, 40, 32, 12, 17, 33, 9, 34, 36, 25, 27, 2, 24, 15], [9, 2, 6, 1, 12, 3, 11, 10], [7, 2, 10, 12, 0, 6, 4, 8, 3, 13]]
[[7, 11, 28, 21, 0, 19, 15, 23, 31, 8, 32, 2, 22, 16, 4, 18, 1, 14, 5, 9, 29], [11, 8, 14, 17, 6, 9, 5, 1, 0, 4, 12, 15, 13, 10], [1, 3, 5, 8, 11, 17, 6, 9, 4, 15, 14, 0, 2, 16], [14, 7, 11, 20, 15, 22, 8, 18, 16, 3, 21, 0, 4, 2, 17, 5, 9]]
[[17, 5, 13, 19, 27, 11, 20, 23, 28, 1, 14, 6, 26, 0, 8, 16, 4, 25, 18, 9, 21, 2], [18, 46, 49, 15, 20, 17, 19, 34, 4, 29, 38, 39, 2, 23, 41, 44, 6, 47, 21, 36, 30, 5, 40, 16, 12, 33, 22, 32, 35, 37, 25, 42, 0, 7, 9, 24, 45], [7, 0, 9, 6, 1, 5, 13, 18, 16, 17, 12, 8, 2, 10, 14], [0, 9, 17, 13, 15, 7, 12, 2, 10, 16, 11, 4, 18], [8, 15, 19, 1, 16, 10, 2, 20, 23, 3, 18, 0, 17, 11, 4]]
[[5, 7, 1, 6, 9, 8, 2], [7, 17, 2, 12, 3, 8, 11, 18, 10, 16, 0, 13], [1, 14, 19, 2, 7, 0, 6, 11, 5, 10, 12, 9, 20, 8, 15, 17], [7, 18, 3, 9, 15, 13, 19, 8, 2, 4, 16, 20, 0], [1, 7, 3, 8, 2, 0], [5, 44, 8, 3, 13, 36, 38, 18, 32, 10, 24, 43, 9, 20, 19, 30, 37, 23, 45, 14, 40, 46, 22, 26, 35, 39, 0, 11, 21, 25, 33]]
[[9, 12, 13, 19, 4, 17, 11, 24, 0, 10, 21, 23, 8, 18, 5, 22], [4, 7, 0, 8, 2, 11, 13, 10, 14], [5, 14, 12, 2, 7, 11, 0, 3, 10, 13, 6, 8], [9, 7, 5, 2, 3, 11, 8, 0, 10, 1, 15, 12], [10, 3, 4, 12, 13, 9, 8, 7, 11, 0], [10, 3, 1, 11, 7, 5, 4, 12, 0, 2], [11, 6, 8, 15, 17, 19, 2, 7, 9, 0, 16, 3, 12, 13]]
[[14, 17, 21, 3, 11, 19, 8, 10, 18, 27, 4, 24, 7, 13, 26, 0, 12, 6, 25, 15, 20, 22, 9, 1, 28], [2, 4, 0, 1, 8, 11, 7, 3, 16, 15, 13], [0, 7, 4, 3, 6, 2, 5, 8], [3, 2, 0], [13, 4, 16, 17, 15, 10, 2, 9, 14, 0, 3, 6, 11], [10, 14, 3, 7, 8, 11, 5, 15, 0, 4, 2, 13, 6], [8, 14, 2, 10, 3, 6, 12, 15, 0, 4, 17, 20, 11, 19], [22, 9, 5, 11, 0, 13, 19, 25, 14, 26, 29, 12, 6, 28, 10, 23, 27, 1, 3, 7, 15, 20, 30, 24], [8, 10, 6, 12, 18, 5, 17, 0, 1, 15, 11, 9, 16, 2, 13, 19]]
[[9, 14, 3, 1, 10, 13, 15, 16, 17], [12, 15, 3, 14, 20, 0, 4, 19, 13, 17, 1, 21, 9], [0, 12, 18, 8, 25, 7, 16, 24, 1, 17, 2, 14, 19, 4, 21, 3], [6, 0, 4, 3, 7, 1, 5], [3, 5, 8, 12, 11, 7, 6, 13, 1], [8, 2, 9, 3, 1, 5, 6, 0, 11, 14, 13, 7], [16, 22, 11, 3, 14, 24, 0, 9, 28, 2, 27, 13, 26, 19, 12, 17, 8, 20], [8, 25, 40, 11, 26, 3, 9, 31, 14, 35, 38, 48, 4, 28, 49, 34, 13, 22, 2, 6, 12, 43, 27, 33, 41, 10, 36, 15, 39, 50, 0, 23, 45, 46, 20, 7]]
[[30, 11, 13, 21, 24, 27, 34, 6, 22, 31, 5, 10, 25, 9, 33, 12, 29, 35, 28, 32], [5, 11, 0, 7, 2, 3, 6, 9, 4], [15, 22, 24, 21, 7, 9, 18, 2, 16, 23, 5, 0, 4, 6, 12, 25], [17, 19, 31, 38, 16, 4, 9, 11, 15, 21, 24, 26, 7, 12, 22, 33, 35, 20, 40, 30, 29, 39, 18, 13, 36, 0, 37, 41], [31, 10, 19, 8, 12, 4, 14, 29, 15, 20, 25, 9, 13, 24, 18, 21, 26, 17, 16, 0, 3, 22, 27], [14, 2, 12, 9, 4, 8, 1, 7, 5, 10, 15], [24, 6, 0, 16, 4, 12, 22, 1, 2, 18, 5, 13, 17, 15, 11, 7, 8, 19]]
[[4, 6, 1, 8, 11, 12, 13, 5, 10, 9, 2], [3, 15, 0, 8, 23, 4, 9, 18, 6, 22, 17, 7, 13, 1, 24, 10, 20], [5, 9, 1, 4, 11, 8, 0, 10, 2, 12], [9, 22, 25, 17, 0, 12, 13, 14, 18, 27, 26, 3, 2, 20, 21, 23, 1, 4, 28], [5, 19, 18, 9, 12, 15, 0, 13, 20, 8, 11, 6, 16, 21], [18, 5, 6, 12, 0, 2, 4, 11, 7, 9, 13], [9, 14, 2, 5, 10, 16, 3, 17, 6, 1, 15, 0, 12], [18, 8, 2, 17, 0, 3, 14, 5, 9, 6, 7], [12, 23, 18, 8, 26, 2, 9, 1, 4, 19, 15, 21, 22, 25, 0, 13, 14, 7, 27, 5]]
[[15, 8, 11, 17, 20, 6, 12, 18, 21, 1, 16, 5, 0, 14, 13, 9, 22, 3], [4, 6, 1, 10, 15, 14, 8, 12, 2, 11], [0, 5, 11, 1, 8, 10, 14, 13, 7, 9, 15, 2], [3, 16, 7, 19, 8, 20, 5, 13, 18, 0, 2, 4, 12, 15, 9, 21, 6, 14], [6, 13, 1, 11, 3, 4, 7, 8, 9, 5], [8, 4, 2, 10, 0, 5, 9, 1, 6], [11, 15, 8, 14, 6, 9, 12, 16, 3, 0, 5, 2]]
[[9, 5, 11, 8, 0, 7, 4, 10, 12, 1], [10, 29, 5, 18, 21, 26, 2, 8, 17, 0, 16, 11, 30, 6, 12, 19, 20, 3, 13, 22, 27, 9], [18, 20, 6, 9, 19, 2, 4, 0, 5, 10, 17, 11], [6, 13, 9, 15, 18, 14, 1, 4, 10, 20, 17, 19, 16, 0, 11, 2], [3, 13, 16, 8, 10, 20, 0, 14, 18, 4, 1, 17, 5, 11], [0, 1, 6, 5, 9, 7, 10], [10, 12, 17, 3, 11, 9, 13], [0, 11, 4, 8, 3, 1, 12, 9, 13], [0, 1], [5, 16, 1, 7, 13, 18, 12, 11, 4, 3, 10, 6, 17, 14], [0, 3, 2], [4, 1, 3, 0, 2, 5]]
[[2, 21, 9, 14, 15, 0, 7, 16, 24, 6, 13, 19, 10, 18, 8, 11, 17, 20], [9, 4, 7, 11, 6, 2, 14, 13, 5, 0, 3, 15], [12, 18, 3, 6, 10, 21, 9, 5, 19, 17, 14, 11, 20, 2, 1], [4, 10, 13, 1, 7, 0, 11], [3, 0, 4, 2, 10, 9, 11], [0, 12, 1, 4, 9, 3, 8, 11, 7, 13], [6, 11, 7, 12, 16, 15, 5, 1, 4, 2, 13], [0, 4, 1, 5, 2], [12, 3, 8, 14, 10, 5, 4, 0, 2, 9, 6, 11], [1, 0, 2], [0, 5, 2, 1, 6, 3]]
[[10, 23, 6, 14, 17, 20, 2, 12, 15, 18, 21, 1, 7, 26, 9, 0, 11, 5, 24, 3], [11, 3, 10, 4, 8, 7, 6, 12, 0], [5, 6, 11, 10, 1, 0, 3, 4, 9], [3, 1, 12, 7, 8, 6, 14, 5, 0, 2], [7, 2, 3, 4, 1, 0, 5], [16, 13, 3, 20, 2, 19, 6, 0, 17, 18, 1, 9, 10, 14, 7], [1, 3, 6, 0, 10, 9, 11, 7], [15, 20, 16, 23, 6, 3, 1, 4, 10, 14, 24, 7, 0, 11, 17, 18, 12, 8]]
[[1, 9, 13, 10, 14, 12, 4, 8, 7, 2, 0, 15], [6, 13, 1, 7, 3, 9, 4, 10, 17, 2, 14, 8, 15, 0, 5, 18], [19, 14, 17, 3, 9, 15, 22, 21, 2, 6, 11, 13, 8, 5, 20, 4, 0], [7, 26, 23, 11, 22, 0, 12, 19, 2, 3, 8, 24, 28, 25, 9, 10, 27, 5, 4], [2, 15, 18, 24, 25, 3, 8, 16, 26, 20, 7, 22, 12, 13, 11, 21, 10, 4, 9, 27], [14, 18, 2, 0, 22, 4, 8, 11, 16, 19, 24, 1, 23, 21, 15, 3, 7], [18, 15, 20, 8, 21, 4, 12, 6, 14, 26, 0, 27, 2, 5, 13, 19, 24], [7, 11, 15, 18, 3, 9, 16, 19, 2, 14, 8, 1, 23, 24, 0, 6, 22, 12, 20], [42, 39, 37, 24, 0, 16, 18, 34, 44, 1, 19, 32, 45, 41, 6, 30, 26, 11, 5, 15, 31, 40, 13, 10, 23, 29, 43, 38, 35, 27, 14, 2, 20, 7, 46]]
[[9, 11, 3, 14, 0, 4, 13, 6, 7, 10, 15, 8], [16, 6, 8, 14, 0, 9, 18, 5, 4, 17, 15, 1, 12], [11, 12, 17, 0, 8, 18, 16, 3, 4, 14, 7, 13, 5], [1, 15, 7, 10, 8, 16, 3, 13, 5, 18, 0, 14, 6, 11, 19], [0, 2, 1]]
[[1, 0, 7], [12, 2, 13, 1, 19, 5, 16, 18, 10, 0, 15, 17, 21, 3, 14, 6, 7], [28, 6, 21, 36, 3, 13, 40, 42, 30, 38, 43, 29, 33, 2, 22, 37, 4, 19, 25, 23, 7, 5, 10, 35, 0, 24, 39, 14, 41, 44, 1, 15, 16, 31], [14, 15, 16, 3, 11, 21, 26, 28, 19, 25, 5, 9, 24, 12, 6, 17, 22, 23, 29], [5, 0, 3, 9, 11, 6, 7, 1, 10], [35, 25, 20, 5, 15, 22, 32, 3, 23, 19, 7, 26, 12, 18, 36, 21, 16, 24, 33, 8, 9, 28], [11, 10, 13, 14, 17, 5, 12, 20, 1, 0, 9, 16, 2, 18], [3, 7, 4, 1, 10, 11, 8, 9, 12], [12, 6, 7, 1, 5, 4, 10, 13, 14, 8], [8, 0, 6, 4, 1, 3, 9, 10, 7]]
[[8, 4, 10, 6], [11, 7, 0, 2, 3, 12, 5, 13, 9, 14, 4, 6], [21, 16, 10, 1, 13, 19, 3, 6, 9, 14, 15, 2, 12, 4, 5, 7, 17], [7, 2, 0, 5, 6, 8, 3], [6, 14, 3, 5, 10, 15, 17, 21, 1, 9, 13, 4, 0, 7, 12, 2], [21, 12, 7, 10, 16, 5, 17, 4, 13, 14, 0, 8, 2], [13, 22, 1, 2, 5, 10, 16, 3, 0, 23, 24, 21, 8, 17, 19, 25, 26, 20], [6, 5, 10, 12, 14, 2, 8, 1, 7, 4], [16, 0, 4, 5, 8, 1, 2, 6, 11], [7, 1, 4, 10, 14, 16, 8, 17, 11, 3, 2, 12, 0, 9, 13], [13, 22, 5, 26, 0, 11, 18, 28, 23, 29, 6, 10, 27, 4, 25, 15, 19, 1, 7, 12, 20, 30, 31]]
[[21, 10, 1, 4, 15, 13, 19, 12, 8, 18, 0, 11, 20, 9], [5, 9, 12, 15, 3, 17, 7, 1, 2, 0, 13], [6, 1, 3], [2, 12, 7, 9, 14, 17, 0, 10, 8, 20, 3, 13, 6, 5, 15], [13, 18, 14, 8, 10, 11, 16, 7, 5, 4, 6, 15, 19, 2], [5, 9, 12, 10, 8, 0, 2, 7, 13, 3], [4, 2, 7, 0, 8], [0, 14, 23, 7, 17, 11, 1, 2, 3, 5, 18, 22], [4, 7, 9, 0, 1, 2, 6]]
[[7, 10, 5, 14, 19, 21, 23, 24, 2, 15, 11, 13, 17, 12, 22], [0, 1, 2, 3], [3, 8, 10, 2, 5, 6, 4], [6, 13, 0, 2, 7, 3, 8, 9, 11], [3, 9, 6, 4, 17, 13, 5, 12, 0, 1, 7, 14], [2, 4, 8, 10, 7, 1, 5, 13, 0, 9, 11], [14, 9, 0, 6, 7, 1, 5, 15, 12, 8, 17, 18, 16], [22, 1, 14, 7, 10, 6, 24, 2, 15, 19, 5, 18, 13, 23, 8, 20, 3, 16], [2, 4, 0, 3, 5], [0, 3, 10, 7, 2, 6, 9, 8, 11], [1, 4, 2, 3, 7, 10, 9, 0, 5, 11], [13, 7, 16, 19, 3, 8, 17, 0, 18, 2, 6, 15, 4, 11]]
[[12, 19, 21, 6, 16, 8, 1, 22, 5, 0, 14, 7, 17, 23, 3, 10], [6, 10, 15, 20, 17, 18, 21, 1, 14, 7, 8, 11, 2, 3, 22, 9], [8, 14, 20, 5, 11, 16, 1, 4, 12, 0, 10, 17, 6, 18, 2]]
[[0], [6, 2, 7, 0, 1, 11, 5, 10, 3], [1, 4, 0, 3]]
[[12, 17, 3, 8, 4, 9, 11, 14, 20, 23, 7, 16, 0, 13, 15, 24], [3, 15, 18, 2, 10, 17, 0, 11, 14, 1, 8, 5, 12], [10, 0, 12, 18, 2, 7, 19, 9, 11, 6, 14, 4, 15, 16], [10, 4, 2, 12, 1, 8, 9, 6, 3], [15, 1, 11, 22, 2, 6, 12, 16, 23, 21, 5, 10, 24, 13], [17, 13, 3, 8, 19, 4, 15, 12, 0, 18, 2, 14, 6, 21, 20], [4, 9, 6, 15, 10, 2, 12, 5, 14, 16, 7]]
[[10, 13, 7, 15, 19, 5, 4, 11, 14, 9, 0, 2], [9, 17, 1, 3, 11, 13, 10, 2, 8, 0, 12], [3, 5, 9, 0, 1, 8, 4, 6], [9, 8, 0, 7, 2, 4], [12, 17, 5, 0, 7, 4, 8, 9, 16, 3, 6, 13, 14, 1, 10, 18], [2, 16, 9, 3, 1, 17, 14, 18, 0, 13, 7, 8, 4, 10, 12, 19], [17, 4, 2, 9, 8, 1, 15, 0, 7, 14, 18, 10, 11], [12, 7, 0, 9, 11, 2, 3, 5], [15, 16, 1, 3, 6, 8, 19, 4, 22, 2, 27, 24, 26, 7, 0, 18, 9, 20, 23, 5, 28]]
[[14, 0, 20, 4, 7, 9, 1, 15, 21, 3, 23, 19, 16, 8, 17], [17, 12, 13, 3, 16, 7, 8, 18, 4, 0, 6, 2, 14], [7, 1, 2, 4, 5, 3, 9, 0, 8], [9, 4, 3, 0, 2, 5, 12, 13], [1, 5, 11, 3, 0, 2, 12, 4], [13, 3, 9, 16, 18, 15, 4, 0, 6, 8, 17, 2, 14, 10, 11], [1, 4, 9, 2, 11, 8, 0, 5, 3], [16, 2, 6, 1, 0, 7, 17, 15, 3, 14, 18], [6, 2, 1, 4, 0, 3, 7, 8, 5, 9]]
[[16, 6, 12, 19, 24, 0, 10, 21, 17, 9, 20, 15, 23, 14, 1, 22, 25], [11, 2, 0, 4, 3, 12], [6, 7, 8, 3, 4, 9], [26, 2, 3, 12, 38, 7, 19, 30, 13, 17, 32, 36, 5, 11, 23, 41, 16, 0, 35, 39, 34, 10, 22, 27, 45, 31, 8, 14, 42, 29], [9, 2, 0, 6, 11, 3, 12, 10], [14, 17, 1, 10, 21, 15, 19, 4, 0, 18, 7, 3, 22, 2, 8, 5], [23, 9, 25, 5, 13, 3, 19, 22, 0, 4, 12, 14, 16, 2, 21, 24, 8, 26, 6]]
[[9, 11, 18, 1, 17, 2, 0, 4, 14, 19, 3, 12], [11, 18, 3, 5, 14, 22, 23, 6, 15, 2, 13, 20, 10, 0, 1, 9, 12, 19, 24], [15, 21, 0, 4, 24, 27, 25, 28, 3, 16, 23, 13, 7, 19, 6, 12, 22, 14, 1, 5, 26], [55, 19, 27, 41, 59, 16, 48, 4, 34, 62, 64, 5, 32, 3, 21, 29, 43, 60, 67, 50, 17, 52, 37, 0, 13, 25, 40, 49, 53, 54, 56, 2, 15, 20, 28, 47, 51, 7, 57, 18, 31, 68, 35, 63, 10, 24, 45]]
[[8, 20, 13, 5, 16, 4, 15, 3, 17, 19, 22, 23, 9, 21, 0, 24], [0, 5, 1, 2, 6, 3], [1, 8, 0, 5, 6, 2, 9, 7], [4, 7, 6, 3, 1, 8], [8, 12, 14, 15, 2, 5, 0, 4, 1, 9, 13, 16, 6], [7, 5, 9, 1, 4, 2], [10, 15, 0, 9, 12, 5, 2, 6, 7, 11, 3, 13, 16, 8], [8, 10, 17, 18, 9, 14, 15, 5, 7, 13, 12, 0, 3, 11, 16], [2, 24, 5, 9, 11, 12, 25, 20, 1, 6, 21, 22, 0, 19, 28, 29, 33, 14, 7, 13, 17, 26, 32, 30, 23], [7, 2, 4, 11, 9, 8, 0, 3], [4, 0, 10, 1, 5, 8, 11, 6], [17, 13, 7, 10, 19, 5, 0, 6, 14, 16, 21, 18, 2, 8]]
[[12, 9, 3, 7, 2, 14, 10, 0, 11, 1, 8, 13, 15], [7, 1, 3, 4, 8, 0, 2, 6, 9], [15, 25, 28, 2, 4, 10, 22, 30, 12, 6, 17, 26, 0, 5, 23, 11, 8, 24, 3, 21, 27, 16, 31, 20, 18], [15, 0, 8, 4, 2, 1, 17, 10, 13, 16, 14, 5, 11], [13, 18, 7, 20, 1, 8, 16, 10, 19, 0, 5, 4, 15, 6, 11, 21, 2], [8, 16, 6, 10, 14, 17, 13, 0, 4, 5, 3, 9, 15]]
[[3, 1, 8, 5, 11, 15, 19, 29, 6, 9, 12, 16, 4, 14, 23, 22, 2, 13, 20, 17, 28], [14, 2, 6, 5, 7, 11, 10, 8, 13], [20, 11, 6, 2, 18, 3, 16, 27, 12, 15, 8, 9, 28, 21, 29, 23, 13, 4, 30], [13, 1, 14, 16, 9, 0, 19, 7, 11, 8, 17, 2, 12], [17, 14, 11, 4, 8, 6, 15, 1, 5, 2, 0, 3, 7], [19, 4, 2, 14, 21, 6, 7, 9, 5, 16, 0, 8, 15, 22, 25, 13, 20, 23, 26, 10, 17]]
[[7, 3, 9, 13, 0, 11, 10, 5, 4, 14, 1], [3, 5, 1, 8, 4, 6, 2], [3, 11, 1, 8, 10, 12, 6, 5, 13], [8, 6, 0, 1, 9, 10], [1, 3, 5, 7, 0], [8, 1, 7, 6, 0, 9, 4, 10], [12, 4, 8, 0, 6, 13, 16, 5, 2, 19, 14, 15, 9, 17], [4, 7, 5, 2, 0, 8], [17, 20, 11, 14, 25, 12, 23, 22, 6, 1, 10, 16, 4, 15, 0, 5, 9, 18, 7], [7, 11, 4, 9, 8, 2, 13, 6, 0, 14, 12], [0, 2, 1]]
[[3, 6, 13, 9, 10, 14, 18, 7, 0, 5, 17, 19, 11, 2], [0, 3, 5, 2, 6, 1, 4, 7, 8], [2, 0, 5, 3], [3, 1, 6, 0, 5, 7, 2], [0], [4, 2, 5, 0], [1, 5, 0, 4, 6], [0], [0, 12, 4, 18, 5, 17, 7, 10, 2, 3, 13, 14, 9, 15, 16, 19, 8], [11, 15, 7, 17, 5, 9, 8, 13, 4, 0, 14, 18, 2]]
[[7, 12, 15, 9, 8, 0, 4, 1, 14, 2, 10, 13], [3, 9, 11, 13, 6, 2, 5, 4, 7], [2, 11, 0, 9, 4, 8, 13, 6, 7, 10], [5, 2, 6, 0, 7], [3, 11, 7, 17, 23, 0, 8, 15, 20, 13, 2, 5, 22, 16, 21, 6, 12, 14, 24], [4, 22, 26, 33, 36, 2, 17, 19, 23, 37, 8, 16, 29, 5, 0, 14, 15, 18, 39, 27, 30, 31, 34, 38], [17, 1, 5, 11, 25, 8, 12, 18, 23, 26, 21, 2, 4, 16, 22, 7, 0, 3, 24, 27, 9, 13], [5, 2, 12, 7, 1, 6, 0, 11, 8, 10], [4, 1, 3, 0, 2, 5]]
[[15, 7, 18, 4, 3, 17, 8, 10, 2, 6, 11, 19], [15, 1, 3, 8, 5, 2, 16, 22, 4, 17, 0, 13, 6], [5, 12, 1, 4, 0, 9, 10, 7, 13], [2, 11, 6, 14, 3, 7, 12, 16, 1, 0, 15, 4], [2, 10, 5, 18, 3, 16, 15, 13, 1, 7, 20, 8, 12, 0, 11, 19, 21], [22, 24, 0, 20, 7, 6, 9, 23, 19, 5, 17, 8, 18, 16, 10], [10, 21, 1, 12, 18, 2, 5, 7, 3, 4, 6, 15, 0, 11, 13, 22, 19, 16, 20]]
[[13, 8, 1, 6, 0, 5, 4], [11, 9, 14, 1, 7, 12, 4, 10, 0, 5, 15], [14, 9, 13, 17, 0, 1, 18, 22, 27, 11, 26, 4, 25, 5, 6, 12, 10, 23, 24, 15, 16, 3, 7], [19, 2, 17, 9, 7, 10, 13, 0, 4, 20, 15, 6, 3, 14, 18, 16], [8, 13, 0, 5, 19, 10, 16, 14, 17, 6, 4, 20, 18], [12, 4, 19, 1, 8, 15, 23, 2, 13, 17, 21, 24, 5, 27, 6, 9, 16, 0, 14, 20, 3, 10, 7], [13, 22, 17, 7, 16, 18, 25, 27, 10, 23, 1, 9, 19, 30, 15, 26, 2, 20, 28, 6], [4, 6, 1, 3, 8, 0, 2], [4, 1, 3, 0, 2, 5]]
[[12, 17, 6, 14, 4, 13, 16, 18, 5, 15], [11, 7, 4, 2, 1, 8, 6, 9], [10, 5, 6, 9, 8, 4, 7, 11, 0], [6, 1, 4, 0, 3, 2], [6, 2, 7, 4, 3, 1, 8, 9, 10], [2, 4, 6, 1, 3, 0, 5], [6, 7, 14, 1, 4, 3, 8, 12, 0, 2, 9, 15, 10], [13, 10, 11, 15, 2, 5, 0, 7, 14, 16, 6, 17, 3, 9], [9, 1, 5, 11, 7, 6, 0, 12, 2, 13], [0, 1, 16, 2, 12, 11, 13, 7, 10, 4, 14], [4, 12, 6, 8, 2, 11, 0, 14, 1, 13, 15], [9, 8, 1, 2, 12, 13, 14, 15, 6, 0, 3, 11]]
[[10, 5, 7, 12, 16, 1, 13, 6, 8, 4, 14], [6, 3, 2, 11, 0, 5, 1, 10, 7], [5, 3, 8, 7, 6, 0, 12, 11, 2, 10, 4], [5, 6, 4, 8, 7], [13, 3, 11, 15, 7, 2, 10, 0, 1, 4, 16], [8, 11, 1, 12, 6, 0, 4, 15, 17, 3, 14, 16], [8, 12, 3, 10, 0, 6, 17, 5, 4, 18, 16, 9, 13, 14], [6, 10, 11, 0, 7, 9, 13, 1, 2, 12, 8], [12, 2, 6, 16, 14, 1, 7, 13, 17, 15, 3]]
[[13, 6, 3, 5, 8, 7, 4, 2, 0, 1, 9], [18, 10, 7, 16, 21, 2, 8, 12, 1, 19, 6, 15, 0, 5, 11, 22, 3, 20], [6, 14, 17, 27, 0, 9, 28, 24, 2, 7, 8, 22, 13, 16, 10, 12, 29, 4], [2, 5, 7, 4, 3], [14, 7, 3, 12, 18, 0, 4, 10, 15, 6, 9, 25, 20, 21, 8, 23, 13, 1, 16], [12, 3, 16, 4, 13, 2, 1, 14, 0, 6, 7, 8], [24, 5, 16, 21, 26, 3, 2, 6, 20, 17, 0, 9, 10, 7, 15, 18, 11, 22, 29, 12, 27], [11, 0, 9, 2, 13, 17, 16, 15, 1, 7, 5, 18], [14, 7, 4, 15, 9, 18, 3, 0, 12, 13, 17, 11, 5]]
[[10, 18, 2, 1, 4, 7, 13, 16, 14, 3, 12, 6, 5, 8], [0, 16, 2, 22, 4, 19, 3, 18, 10, 7, 13, 6, 12, 21, 15, 1, 9, 11, 17, 23], [4, 2, 8, 12, 14, 15, 13, 6, 18, 11, 0, 17, 9, 7], [6, 8, 3, 0, 11, 4, 7, 13, 14, 5], [24, 4, 5, 18, 26, 15, 33, 8, 25, 12, 14, 3, 11, 23, 20, 32, 6, 16, 27, 28, 29, 31, 1, 9], [19, 21, 3, 10, 9, 0, 17, 24, 25, 13, 4, 11, 22, 6, 23, 8, 28, 1, 14, 26], [7, 1, 3, 5, 2, 0]]
[[21, 11, 13, 16, 5, 8, 23, 0, 6, 14, 17, 12, 10, 24, 2, 18], [12, 2, 4, 6, 7, 13, 18, 3, 16, 5, 14, 0, 17], [5, 14, 15, 0, 4, 13, 12, 2], [29, 1, 9, 12, 5, 4, 18, 27, 6, 13, 24, 11, 3, 21, 2, 23, 20, 16, 0, 30], [21, 24, 26, 9, 0, 3, 13, 18, 20, 1, 14, 15], [16, 37, 22, 30, 57, 20, 4, 8, 26, 35, 50, 55, 45, 48, 58, 24, 43, 2, 53, 52, 39, 21, 25, 47, 54, 32, 56, 60, 0, 17, 31, 38, 46, 59, 34, 63], [3, 15, 5, 8, 11, 18, 22, 9, 12, 23, 7, 1, 19, 0, 4, 17, 6, 20, 24]]
[[18, 14, 2, 7, 10, 26, 29, 3, 8, 11, 23, 25, 16, 1, 22, 27, 15, 19, 20, 28, 30, 17], [17, 3, 13, 14, 25, 26, 4, 10, 18, 23, 27, 24, 1, 21, 9, 22, 8, 15], [17, 26, 11, 7, 3, 23, 1, 4, 21, 24, 27, 0, 14, 20, 8, 9, 16, 13, 18, 28, 25, 5, 10, 15], [33, 1, 28, 9, 11, 40, 7, 12, 14, 18, 36, 41, 35, 46, 3, 38, 25, 2, 23, 29, 31, 6, 0, 34, 37, 30, 8, 15, 13, 47, 4, 32], [15, 4, 22, 2, 7, 1, 18, 10, 13, 0, 12, 14, 16, 6, 21], [17, 11, 19, 8, 22, 9, 23, 13, 20, 3, 0, 6, 15, 2, 12, 4, 21]]
[[3, 13, 15, 1, 16, 11, 9, 7, 6, 8, 4, 14, 17], [0, 18, 9, 6, 15, 23, 10, 1, 7, 5, 19, 16, 2, 3, 20], [2, 1, 0, 4, 7, 8], [10, 19, 2, 9, 14, 3, 1, 11], [7, 10, 0, 12, 13, 2, 1, 8, 11, 9], [6, 2, 12, 16, 19, 13, 9, 3, 11, 1, 10, 4, 20, 17], [1, 5, 7, 11, 2, 10, 8, 0, 9, 3], [1, 13, 9, 5, 6, 2, 10, 3, 8, 11], [6, 14, 22, 15, 9, 2, 20, 4, 0, 18, 12, 13, 10], [5, 0, 6, 4, 1, 2], [8, 0, 5, 7, 9, 10]]
[[12, 15, 10, 1, 7, 16, 14, 5, 11, 8], [13, 12, 5, 0, 6, 4, 9, 2, 14, 10, 3], [2, 0, 10, 3, 5, 9], [14, 4, 8, 9, 17, 16, 13, 15, 10, 18, 7], [1, 9, 12, 18, 2, 13, 17, 5, 8, 4, 15, 6], [13, 8, 4, 14, 2, 9, 0, 11, 5, 7, 15, 6, 16], [15, 18, 7, 11, 5, 12, 16, 25, 10, 24, 4, 3, 27, 21, 2, 19, 22, 0], [13, 6, 18, 5, 12, 10, 0, 11, 20, 7], [7, 8, 4, 11, 0, 9, 10, 1]]
[[14, 16, 6, 10, 18, 7, 0, 4, 15, 17, 11, 8, 2], [6, 3, 4, 8, 0, 2], [0, 18, 5, 9, 13, 8, 1, 4, 2, 19], [7, 15, 17, 0, 11, 20, 5, 4, 8, 10, 19, 3, 18, 9, 14, 12, 13], [6, 14, 2, 3, 8, 5, 0, 11, 15, 9, 13], [5, 11, 6, 0, 4, 10, 12, 13, 7, 2]]
[[13, 7, 9, 18, 0, 3, 15, 2, 8, 14, 6, 17, 4], [11, 17, 3, 7, 4, 8, 15, 1, 20, 0, 14, 2, 12], [4, 11, 0, 7, 9, 1, 2, 8, 10, 5], [0, 11, 1, 8, 3, 5, 9, 2, 12, 6], [20, 2, 14, 25, 6, 15, 18, 28, 3, 7, 16, 9, 26, 1, 5, 27, 21, 22], [5, 4, 8, 16, 6, 10, 14, 2, 13, 0, 9, 12, 3], [13, 20, 9, 0, 5, 6, 12, 10, 14, 23, 16, 21, 22], [15, 22, 12, 19, 5, 2, 4, 9, 1, 11, 0, 3, 8, 16, 18, 13, 6, 20], [9, 4, 1, 5, 6, 8, 0, 10, 11, 2]]
[[12, 3, 8, 13, 6, 0, 15, 9, 16, 2], [6, 11, 17, 20, 8, 18, 16, 0, 14, 21, 2, 7, 15, 13, 9, 12, 22, 4], [10, 6, 14, 4, 12, 3, 7, 13, 1], [9, 3, 11, 1, 14, 0, 6, 5, 10, 12, 13, 7], [10, 5, 12, 2, 0, 6, 7, 11, 3, 8, 13], [8, 4, 17, 7, 0, 10, 11, 12, 3, 6, 14], [4, 2, 14, 15, 5, 7, 6, 8, 1, 3, 0]]
[[23, 10, 12, 3, 17, 25, 6, 18, 5, 1, 11, 27, 4, 9, 26, 28, 7, 13, 16, 2], [8, 2, 15, 9, 5, 17, 0, 4, 1, 3, 7, 10, 11], [24, 3, 12, 15, 20, 0, 4, 5, 16, 2, 7, 11, 10, 13, 19], [14, 8, 20, 4, 11, 1, 12, 3, 22, 9, 0, 17, 7, 19, 10], [0, 9, 5, 1, 8, 2, 7, 3], [4, 10, 3, 5, 8, 16, 0, 6, 2, 15, 13], [14, 10, 15, 0, 17, 27, 3, 6, 12, 22, 21, 11, 29, 16, 30, 9, 28, 7, 18], [5, 8, 2, 0, 4, 1, 6, 9, 10, 7]]
[[8, 14, 16, 2, 0, 6, 11, 10, 4, 5, 15, 17, 18, 13, 21, 12], [12, 14, 9, 6, 7, 5, 11, 3, 10, 0, 2, 4, 1], [14, 21, 3, 25, 0, 7, 18, 29, 4, 8, 19, 27, 6, 26, 11, 10, 24, 16, 17, 1], [1, 5, 12, 6, 4, 9, 11, 14, 15, 10, 2, 3, 13], [5, 7, 20, 24, 13, 15, 10, 21, 18, 22, 17, 1, 16, 4, 0, 14, 8, 2]]
[[4, 9, 2, 1, 7, 8, 6, 10], [15, 1, 6, 8, 4, 2, 3, 0], [16, 3, 12, 19, 0, 17, 7, 9, 18, 6, 20, 5, 10, 14, 1], [3, 18, 8, 9, 21, 0, 15, 11, 23, 22, 10, 4, 16, 19, 24, 1, 17, 12], [13, 0, 3, 11, 2, 8, 10, 7, 14, 6], [7, 2, 9, 3, 10, 1, 8, 0, 6, 5], [11, 0, 8, 3, 2, 9, 7, 12, 13], [15, 22, 10, 2, 18, 8, 20, 26, 7, 11, 0, 24, 19, 16, 25, 17, 21, 9, 12]]
[[6, 20, 4, 19, 8, 16, 25, 9, 7, 1, 12, 21, 13, 22, 11, 5, 18, 23, 27, 14], [19, 8, 27, 10, 13, 17, 3, 11, 22, 21, 2, 28, 9, 0, 24, 1, 26, 20, 7, 25, 16], [11, 16, 12, 9, 6, 17, 5, 1, 2, 7, 4, 14, 8, 15], [2, 13, 18, 17, 7, 10, 0, 14, 22, 21, 19, 5, 4, 11, 9, 23], [10, 2, 9, 4, 7, 5, 0], [3, 7, 5, 1, 4, 0, 2, 8], [1, 9, 7, 11, 4, 3, 10, 5, 2, 14, 12], [6, 15, 0, 7, 14, 17, 22, 25, 2, 16, 5, 10, 24, 1, 23, 8, 13, 3, 26, 11, 18, 9], [7, 4, 9, 14, 22, 0, 5, 17, 20, 23, 8, 3, 2, 25, 18, 24, 19, 21], [3, 12, 4, 7, 11, 0, 2, 6, 10, 8, 13], [12, 17, 3, 1, 13, 23, 9, 14, 24, 20, 2, 7, 8, 0, 6, 19, 15, 21]]
[[19, 21, 9, 10, 20, 16, 2, 6, 24, 13, 23, 12, 1, 8, 5, 26, 7, 11, 22, 17, 3, 14], [0, 8, 12, 5, 1, 4, 13, 11, 2, 10], [9, 0, 6, 3, 7, 11, 10, 8], [15, 0, 18, 21, 3, 9, 13, 8, 16, 11, 17, 1, 19, 6], [9, 10, 12, 6, 7, 14, 13, 20, 2, 1, 16, 17, 18, 22, 11, 19, 3, 23], [1, 6, 11, 4, 3, 12, 9, 14, 13, 10], [18, 1, 13, 16, 9, 4, 3, 15, 19, 0, 10, 2, 11, 8, 14, 17, 12, 5], [0, 13, 19, 3, 16, 15, 6, 1, 14, 2, 20, 12, 21, 8], [1, 14, 11, 4, 6, 3, 18, 13, 2, 10, 15, 0, 16], [1, 3, 0, 2], [4, 1, 3, 0, 2, 5]]
[[5, 7, 18, 10, 13, 27, 3, 14, 20, 6, 9, 2, 19, 23, 8, 17, 22, 24, 21, 11, 25], [17, 2, 19, 7, 1, 18, 22, 20, 0, 10, 8, 13, 23], [4, 20, 15, 0, 10, 17, 7, 13, 18, 21, 6, 12, 14, 8, 19], [13, 4, 5, 11, 15, 1, 0, 12, 17, 8, 9, 6, 10, 14, 16, 2, 18], [0, 3, 2, 5, 8], [9, 14, 6, 7, 0, 5, 16, 12, 10, 11, 17, 20, 15, 8, 13, 18], [10, 24, 28, 52, 56, 67, 73, 2, 34, 4, 7, 31, 60, 64, 70, 78, 0, 5, 21, 44, 71, 76, 3, 19, 47, 35, 36, 61, 15, 50, 11, 46, 48, 57, 75, 26, 37, 43, 53, 58, 69, 59, 45, 65, 80, 29, 32, 74, 79, 13, 22, 38, 51, 77]]
[[4, 16, 13, 15, 17, 10, 0, 5, 6, 11, 18, 2, 8], [6, 21, 18, 3, 26, 34, 10, 13, 24, 31, 14, 2, 19, 23, 30, 7, 17, 29, 9, 0, 20, 4], [0, 8, 11, 1, 6, 5, 2, 12, 13, 17, 3], [27, 32, 20, 13, 17, 23, 29, 8, 10, 15, 7, 22, 1, 14, 5, 4, 0, 21, 28, 11, 24, 25, 30, 2]]
[[7, 8, 1, 10, 12, 15, 2, 13, 16, 20, 4, 5, 18, 0, 19, 9, 11, 6], [2, 19, 16, 4, 5, 14, 27, 0, 6, 17, 23, 28, 29, 20, 3, 13, 25, 12, 30, 7, 9], [22, 28, 0, 20, 27, 34, 17, 37, 6, 12, 25, 38, 9, 11, 29, 21, 41, 35, 3, 31, 36, 33, 40, 23, 26, 2, 5, 1, 19, 7, 18], [2, 4, 6, 8, 3, 1, 7, 9, 0], [6, 2, 10, 0, 12, 7, 3, 8], [19, 22, 10, 7, 14, 20, 5, 8, 23, 4, 12, 11, 0, 15, 2], [9, 3, 1, 10, 5, 7, 22, 13, 23, 4, 12, 21, 17, 18, 11, 16, 2, 19]]
[[4, 0, 6, 8, 9, 7, 2], [7, 2, 9, 3, 10, 1, 8, 6], [11, 18, 14, 16, 2, 0, 12, 5, 6, 7, 15, 3, 19], [5, 27, 8, 3, 13, 17, 40, 1, 19, 38, 34, 11, 23, 6, 37, 42, 9, 0, 12, 18, 41, 28, 31, 35, 39, 14, 20, 29], [16, 14, 7, 13, 9, 2, 8, 15, 0, 1, 6, 17, 12, 3], [6, 9, 2, 0, 4, 13, 14, 3, 12, 7, 11, 5], [13, 0, 17, 20, 22, 2, 24, 6, 26, 7, 10, 19, 27, 12, 21, 1, 9, 25, 14, 3, 15]]
[[3], [2], [8, 12, 0, 11, 2, 7, 4, 9], [0, 2, 1], [10, 27, 5, 16, 47, 54, 60, 1, 13, 23, 29, 57, 9, 26, 6, 28, 53, 58, 24, 25, 48, 0, 14, 56, 59], [2, 11, 14, 0, 5, 6]]
[[7, 0, 4, 3, 12, 10, 13, 9, 11, 6, 1, 5, 14], [5, 9, 3, 0, 2, 1, 10, 7], [16, 0, 11, 5, 13, 20, 22, 25, 36, 3, 6, 9, 14, 23, 33, 39, 2, 12, 31, 1, 30, 35, 17, 29, 38, 41, 21, 26, 37, 34, 40], [7, 25, 0, 4, 9, 31, 2, 5, 10, 14, 18, 22, 26, 32, 17, 1, 28, 8, 29, 19, 30, 13, 15], [5, 7, 3, 2, 12, 0, 11, 1, 10, 6, 13, 14], [6, 2, 0, 4, 7, 5], [0, 2, 3], [5, 12, 2, 6, 10, 13, 1, 14, 16, 0, 8, 9, 17], [3, 6, 12, 7, 1, 4, 10, 0, 2, 9, 5], [0, 3, 4, 7, 1, 2, 8, 9], [1, 8, 11, 12, 6, 0, 2, 5, 3, 9], [4, 6, 2, 7, 1, 0, 5, 3], [3, 13, 1, 5, 11, 4, 10, 0, 9, 8], [6, 10, 18, 4, 14, 1, 24, 17, 22, 2, 21, 0, 11, 16, 23, 7, 12, 19, 13, 8, 5]]
[[13, 9, 8, 22, 5, 25, 0, 24, 21, 11, 16, 4, 19, 3, 15, 20, 14, 23, 6], [2, 9, 5, 11, 16, 18, 10, 14, 17, 8, 13, 3, 6, 15], [1, 2, 15, 5, 4, 8, 0, 9, 12, 7, 13, 10], [1, 9, 13, 2, 7, 4, 0, 14, 5, 6, 8, 10, 15], [10, 3, 14, 24, 1, 6, 22, 18, 4, 0, 8, 12, 19, 21, 17, 13, 5, 15, 7, 9, 20]]
[[1, 3, 5, 6, 8, 4, 0], [11, 3, 13, 16, 19, 4, 7, 14, 17, 6, 2, 12, 0, 10, 1], [0, 8, 2, 7, 11, 14, 6, 12, 10, 3, 9], [4, 8, 0, 5, 2, 9, 11, 14, 6, 15], [13, 24, 6, 11, 16, 18, 21, 19, 9, 14, 4, 2, 5, 15, 3, 25, 10, 7, 22, 26, 23], [11, 2, 15, 5, 3, 1, 16, 17, 0, 6, 8], [21, 4, 2, 15, 11, 7, 16, 19, 18, 1, 6, 14, 24, 12, 5, 26, 0, 10, 13, 23, 3], [6, 0, 8, 1, 9, 7, 11, 14, 13, 4, 2], [11, 4, 9, 0, 2, 10, 7, 12, 5], [3, 9, 7, 13, 0, 6, 11, 8, 2, 10, 4]]
[[0, 2, 4, 5], [8, 2, 5, 11, 12, 0, 4, 3, 6], [10, 4, 2, 6, 0, 5, 12, 13, 1], [4, 1, 6, 12, 8, 3, 2, 9, 5, 13, 10], [18, 5, 15, 10, 12, 13, 17, 20, 16, 3, 0, 4, 19, 6, 21], [11, 13, 0, 2, 8, 5, 7, 9, 6, 14, 3], [0, 1, 3, 5, 2]]
[[10, 15, 3, 1, 5, 16, 0, 12, 8, 18, 19, 14, 4, 11, 17, 6, 9], [23, 17, 13, 5, 10, 3, 6, 11, 18, 2, 20, 14, 0, 16, 1, 7], [10, 7, 1, 3, 12, 4, 2, 8, 9, 0, 11, 6, 13], [9, 1, 6, 0, 11, 3, 5, 4, 10, 7], [15, 19, 1, 9, 10, 6, 2, 11, 13, 0, 4, 17, 5, 20, 18], [16, 8, 1, 10, 4, 5, 11, 13, 22, 24, 6, 19, 25, 3, 0, 9, 17, 18, 12, 20, 26]]
[[10, 22, 0, 13, 16, 3, 6, 2, 8, 11, 23, 15, 14, 20, 4], [0, 10, 17, 21, 8, 4, 12, 20, 13, 1, 5, 22, 9, 18, 11, 19, 24, 2, 6, 14], [11, 6, 12, 3, 14, 1, 7, 2, 8, 13, 18, 10, 15, 16, 9], [2, 24, 7, 11, 28, 0, 29, 22, 9, 3, 25, 19, 5, 18, 23, 12, 13, 8, 15, 17, 30, 6], [14, 6, 8, 10, 1, 7, 13, 12, 5], [14, 8, 10, 3, 4, 11, 9, 1, 13, 7, 16, 0, 6, 15], [4, 6, 12, 21, 2, 13, 19, 25, 18, 0, 8, 17, 16, 9, 10], [13, 9, 16, 17, 3, 11, 8, 0, 4, 2, 14, 10, 5]]
[[12, 23, 32, 0, 7, 13, 24, 29, 11, 22, 6, 28, 27, 31, 8, 9], [7, 11, 1, 0, 3], [7, 9, 4, 8, 6, 5, 10], [2, 5, 3, 1, 8, 0, 4, 6, 9], [17, 11, 0, 8, 5, 19, 16, 4, 18, 20, 1, 6, 12, 13], [5, 8, 11, 13, 3, 14, 2, 6, 12, 15], [4, 20, 9, 10, 14, 18, 8, 1, 16, 17, 0, 7, 13, 21, 5, 22], [9, 3, 6, 0, 4, 7, 13, 2, 16, 10, 12, 14], [1, 0, 2], [1, 4, 0, 3, 2]]
[[3, 0, 6, 4, 9, 8, 5], [7, 10, 27, 9, 13, 19, 29, 2, 5, 14, 17, 21, 12, 8, 28, 0, 11, 26, 4, 25, 22], [13, 9, 0, 5, 15, 2, 14, 3, 10, 4, 16, 12, 6], [15, 6, 12, 25, 27, 29, 34, 4, 30, 16, 3, 9, 24, 37, 20, 33, 2, 8, 23, 36, 11, 13, 26, 28, 21], [5, 0, 8, 10, 1, 6, 4, 9, 11], [15, 13, 6, 17, 11, 18, 16, 8, 23, 5, 10, 21, 14, 20, 2], [15, 26, 8, 6, 23, 16, 19, 3, 1, 9, 13, 22, 27, 18, 21, 12, 20, 17, 25, 2, 10], [0, 5, 13, 6, 20, 3, 11, 19, 16, 12, 1, 10, 18, 21, 7]]
[[5, 13, 7, 16, 17, 10, 18, 15, 3, 2, 8, 6, 14, 9, 11], [13, 2, 5, 7, 15, 3, 8, 16, 6, 1, 14, 0, 12], [7, 17, 13, 0, 4, 9, 15, 18, 2, 10, 19, 8, 11, 14], [6, 1, 11, 14, 15, 16, 2, 9, 17, 8, 4, 5], [20, 2, 8, 16, 17, 3, 6, 14, 21, 1, 13, 0, 9, 18, 10], [3, 7, 9, 12, 16, 0, 10, 14, 17, 2, 13, 6, 8], [16, 5, 10, 13, 2, 7, 11, 21, 0, 23, 17, 20, 3, 8], [12, 3, 9, 11, 6, 14, 0, 13, 7, 2, 5, 10, 4]]
[[11, 13, 18, 19, 6, 20, 15, 4, 5, 14, 12, 16, 7, 22, 2], [9, 5, 3, 11, 2, 8, 7, 10, 4], [16, 2, 4, 1, 6, 11, 0, 3, 10, 12, 13, 15], [3, 7, 15, 21, 4, 12, 0, 13, 11, 6, 19, 10, 8, 22], [15, 3, 9, 11, 4, 1, 12, 13, 6, 10, 7, 14], [4, 32, 16, 1, 26, 14, 19, 15, 18, 2, 9, 10, 0, 13, 5, 6, 8, 12, 21, 23, 27, 25, 29], [11, 23, 9, 6, 5, 22, 19, 0, 4, 14, 21, 24, 18, 20, 26, 7], [17, 4, 5, 7, 9, 14, 2, 0, 10], [19, 24, 21, 7, 11, 6, 0, 13, 18, 10, 16, 20, 25, 14, 8, 22, 26], [19, 26, 10, 8, 3, 24, 0, 12, 16, 7, 11, 20, 15, 21, 9, 4, 22, 13, 17]]
[[6, 14, 16, 2, 7, 11, 0, 1, 5, 8, 15, 12], [1, 5, 3, 7, 10, 8, 6, 2, 11, 0], [15, 1, 12, 18, 19, 24, 17, 14, 2, 6, 13, 0, 5, 11, 3, 25], [3, 16, 18, 5, 14, 21, 6, 0, 19, 1, 9, 17, 11], [6, 1, 8, 14, 12, 2, 9, 4, 0, 7, 11, 5, 10, 15, 13], [18, 12, 8, 16, 20, 14, 21, 13, 4, 2, 6, 7, 5, 0, 11, 9]]
[[12, 4, 14, 18, 2, 5, 9, 15, 1, 13, 8, 11, 0, 7, 16], [18, 8, 16, 28, 2, 25, 6, 14, 20, 32, 40, 44, 47, 4, 10, 26, 33, 41, 49, 29, 36, 1, 31, 9, 3, 7, 13, 22, 37, 46, 39, 45, 48, 0, 17, 19, 27, 21, 34, 43, 42, 50], [4, 19, 1, 16, 2, 12, 22, 6, 9, 13, 17, 0, 20, 5, 15, 7, 10, 14], [20, 2, 9, 18, 3, 10, 16, 23, 15, 6, 0, 8, 14, 19, 5, 13, 22, 17, 7], [13, 2, 4, 9, 16, 10, 8, 5, 14, 0, 7, 12]]
[[16, 4, 9, 18, 2, 19, 1, 17, 7, 13, 14, 23, 26, 6, 12, 15, 24, 10, 20, 8], [8, 11, 0, 2, 5, 10, 14, 3, 12], [15, 6, 7, 11, 14, 5, 10, 0, 9, 2], [25, 2, 8, 19, 5, 11, 13, 14, 27, 28, 3, 15, 29, 1, 9, 20, 24, 0, 21, 26, 12, 6, 16, 22, 10], [7, 9, 18, 12, 4, 14, 0, 5, 17, 11, 13, 15, 19, 2, 6], [6, 1, 2, 9, 12, 5, 17, 4, 19, 0, 11, 15, 14], [24, 26, 17, 8, 11, 29, 20, 27, 4, 18, 15, 0, 6, 14, 16, 25, 2, 9, 21, 7, 19], [0, 4, 1, 3, 2], [18, 30, 2, 5, 15, 25, 7, 6, 19, 12, 23, 0, 14, 3, 8, 20], [8, 0, 1, 5, 6, 9]]
[[12, 1, 16, 3, 22, 23, 17, 5, 20, 14, 0, 13, 11, 21, 24], [1, 4, 5, 0, 13, 10, 2, 12], [18, 7, 14, 16, 21, 0, 3, 8, 15, 13, 2, 23, 12, 4, 11, 19, 17, 5], [13, 10, 14, 7, 18, 2, 6, 15, 4, 0, 19, 17, 12], [8, 3, 12, 19, 11, 17, 18, 21, 1, 15, 13], [19, 1, 8, 11, 14, 2, 20, 13, 4, 9, 10, 7, 17]]
[[16, 4, 21, 26, 13, 3, 20, 12, 17, 2, 18, 25, 15, 19, 5, 22], [6, 12, 0, 15, 1, 13, 4, 11, 7, 8, 5], [5, 8, 1, 7, 10, 6, 12, 3], [3, 6, 1, 9, 12, 25, 10, 14, 8, 21, 7, 23, 20, 4, 26, 24, 15, 11, 27, 16], [8, 7, 16, 0, 21, 5, 14, 19, 9, 17, 20, 22, 1, 10, 6, 12], [5, 24, 0, 13, 15, 19, 14, 1, 4, 9, 12, 8, 6, 17, 10], [4, 0, 12, 16, 13, 3, 8, 21, 15, 11, 17, 7, 5, 18, 14, 9], [4, 6, 7, 2, 0, 8, 9], [8, 7, 0, 13, 14, 9, 10, 11, 12, 1, 5, 15]]
[[4, 11, 13, 0, 6, 5, 8, 3, 12, 14], [10, 15, 5, 17, 18, 20, 3, 8, 11, 7, 2, 16, 19, 12, 21], [10, 1, 3, 4, 7, 14, 17, 2, 11, 15, 0, 12, 13, 5, 18], [8, 10, 12, 15, 1, 16, 7, 0, 6, 9, 14, 13, 17], [15, 31, 5, 23, 10, 12, 20, 27, 6, 16, 1, 4, 25, 2, 26, 0, 9, 33, 19, 32, 34, 21, 29, 3, 13, 28], [17, 4, 7, 11, 31, 18, 28, 32, 2, 20, 16, 21, 27, 15, 19, 22, 35, 5, 8, 23, 29, 33, 10, 3, 26], [8, 3, 12, 16, 10, 2, 14, 7, 1, 6, 0], [17, 11, 14, 0, 1, 6, 4, 7, 3, 8, 15, 9, 12], [7, 8, 0, 4, 6, 1, 3, 2]]
[[3, 4, 7, 8, 9, 0, 2], [2, 8, 10, 13, 14, 4, 1, 5, 0, 9], [15, 4, 6, 10, 17, 0, 2, 20, 5, 16, 1, 7, 18], [0, 10, 1, 4, 7, 6, 8, 11, 12], [10, 1, 16, 4, 20, 3, 19, 0, 14, 2, 11, 12, 15, 17, 6, 7], [16, 19, 21, 17, 20, 7, 3, 13, 1, 2, 14, 22, 9, 5, 12, 18], [2, 0], [6, 1, 3, 10, 2, 9, 0, 7, 8, 11]]
[[0, 5, 7, 28, 3, 8, 12, 24, 29, 11, 23, 15, 19, 20, 25], [3, 5, 11, 13, 0, 10, 2, 4, 1, 14], [14, 0, 12, 1, 6, 17, 21, 20, 3, 15, 16, 5, 13], [7, 10, 2, 5, 11, 15, 4, 8, 1, 9], [3, 5, 8, 0, 2, 4, 6], [23, 18, 11, 29, 7, 21, 16, 27, 6, 20, 2, 1, 5, 24, 17, 22, 9, 3, 28], [0, 21, 16, 1, 9, 42, 44, 11, 17, 23, 26, 29, 33, 45, 6, 19, 2, 10, 32, 40, 5, 15, 31, 22, 20, 24, 34, 41, 46, 3, 12, 37], [0, 20, 13, 18, 3, 6, 7, 21, 22, 26, 43, 4, 11, 35, 41, 38, 29, 34, 8, 2, 19, 24, 10, 31, 40, 14, 23, 32, 33, 42, 27, 36], [28, 5, 10, 11, 19, 25, 2, 15, 20, 14, 9, 0, 7, 16, 29]]
[[10, 30, 20, 17, 19, 12, 25, 13, 26, 22, 2, 7, 1, 8, 15, 16, 21, 4, 0, 6, 11, 31, 18, 27, 9], [11, 2, 6, 10, 16, 18, 3, 19, 15, 1, 7, 0, 5, 17], [10, 32, 11, 20, 35, 6, 29, 38, 50, 3, 7, 12, 15, 48, 14, 47, 1, 22, 43, 45, 52, 4, 36, 55, 0, 17, 41, 19, 42, 54, 5, 46, 53, 39, 21, 25, 28, 16, 49, 56], [4, 25, 10, 20, 9, 14, 7, 12, 29, 28, 16, 11, 1, 21, 3, 31, 0, 19, 27, 24, 22, 30, 2], [12, 9, 2, 7, 10, 0, 4, 3, 5, 11], [4, 12, 16, 5, 13, 7, 1, 10, 15, 17, 0, 9, 2, 18], [12, 25, 18, 42, 0, 45, 14, 22, 40, 36, 7, 21, 39, 43, 4, 10, 16, 17, 20, 38, 30, 8, 19, 26, 9, 13, 23, 35, 37, 46, 5, 11, 28, 44]]
[[9, 24, 15, 5, 3, 7, 12, 17, 20, 0, 18, 21, 26, 8, 4, 16, 28, 6, 25, 14, 29, 30, 22], [6, 8, 3, 12, 13, 5, 9, 11, 16, 7, 4, 1], [2, 9, 14, 16, 20, 5, 6, 17, 4, 11, 13, 15, 3, 18], [3, 1, 4, 0, 5], [8, 0, 4, 10, 9, 1, 11, 5], [4, 0, 10, 19, 16, 6, 20, 1, 7, 8, 11], [9, 3, 0, 5, 1, 13, 6, 11, 10, 14, 7, 15, 2], [12, 11, 3, 6, 8, 13, 4, 0, 7, 9, 5], [10, 13, 17, 6, 16, 8, 24, 26, 19, 27, 1, 7, 0, 5, 18, 2, 9, 3, 14, 20, 28]]
[[2, 11, 16, 13, 6, 19, 12, 18, 15, 17, 8, 14], [7, 24, 26, 31, 10, 0, 13, 19, 27, 5, 11, 14, 21, 28, 32, 4, 23, 22, 8, 25, 20, 29, 1, 6, 17, 33], [4, 12, 8, 1, 18, 17, 13, 14, 0, 9, 16], [11, 22, 17, 26, 0, 3, 5, 23, 2, 8, 15, 16, 12, 13, 9, 18, 19], [10, 5, 7, 8, 16, 19, 17, 2, 13, 12, 20, 21, 0, 14], [6, 9, 15, 16, 7, 10, 17, 3, 12, 0, 5, 2, 18, 14], [2, 16, 3, 10, 19, 0, 9, 11, 17, 13, 6, 15, 8, 5, 21, 7]]
[[6, 1, 7, 4, 3, 8], [10, 19, 7, 13, 23, 8, 16, 3, 5, 6, 20, 0, 2, 11, 12, 24, 21], [3, 6, 0, 2, 5, 1], [0], [2, 1, 0], [2, 6, 4, 5, 7, 0, 8], [0, 8, 3, 2, 4, 6, 7, 9, 10, 5], [8, 7, 3, 2, 5, 0, 6, 4], [0, 1, 8, 2, 5, 9, 4, 6, 10], [10, 4, 5, 14, 12, 16, 7, 0, 15, 6, 2, 13], [3, 0, 7, 5, 4, 6, 2], [9, 3, 0, 5, 2, 7, 6], [1, 6, 2, 4, 10, 0, 9, 11], [1, 4, 0, 2], [5, 7, 1, 4, 8, 3, 6]]
[[3, 6, 4, 1, 2], [10, 13, 7, 11, 14, 17, 16, 1, 0, 3, 2, 18, 8], [10, 15, 16, 1, 7, 3, 5, 8, 19, 2, 20, 13, 14, 0, 17, 21], [5, 2, 7, 6, 3], [8, 13, 14, 19, 3, 1, 5, 10, 16, 15, 0, 20, 4, 18, 9], [1, 17, 7, 18, 6, 12, 16, 13, 4, 8, 19], [5, 7, 9, 6], [1, 4, 6, 9, 12, 10, 13, 8, 7, 3, 5], [10, 13, 6, 3, 7, 15, 14, 4, 16], [12, 0, 6, 18, 17, 9, 1, 13, 14, 16, 5], [16, 18, 3, 12, 0, 5, 15, 2, 6, 11, 9, 17, 19, 8, 13], [16, 4, 0, 8, 18, 6, 5, 13, 3, 12, 17, 7, 1, 9, 19, 14]]
[[7, 11, 17, 14, 20, 26, 4, 15, 3, 5, 8, 19, 24, 21, 27, 6, 12], [12, 17, 19, 0, 4, 8, 22, 2, 5, 13, 7, 18, 15, 9, 16, 10, 20], [8, 2, 3, 6, 9, 1, 5], [4, 13, 6, 10, 2, 17, 18, 20, 0, 12, 7, 19, 9, 11, 21, 8]]
[[7, 1, 4, 13, 10, 0, 8, 9], [2, 18, 10, 0, 7, 6, 19, 12, 3, 4, 16, 11, 17], [11, 3, 8, 12, 1, 6, 10, 9], [3, 5, 8, 2, 0], [0, 12, 2, 8, 13, 15, 1, 7, 5, 11, 4, 6, 14], [3, 6, 15, 7, 12, 4, 11, 0, 2, 10, 5, 13], [7, 14, 1, 9, 16, 0, 3, 8, 11, 5], [19, 3, 7, 12, 22, 13, 16, 1, 4, 0, 2, 21, 8, 17, 20, 18, 5, 9], [0, 1, 8, 11, 2, 12, 13, 9, 5]]
[[19, 9, 14, 24, 27, 16, 21, 25, 2, 10, 11, 13, 15, 20, 8, 28, 3, 5, 6, 17, 22], [11, 15, 4, 7, 12, 2, 6, 10, 0, 14, 1, 9], [10, 3, 6, 0, 4, 8], [8, 12, 1, 6, 2, 4, 13, 5, 0, 9, 11, 10, 14], [20, 1, 3, 9, 4, 7, 10, 17, 6, 13, 16, 21, 15, 0, 11, 18, 22], [6, 8, 0, 2, 4, 5], [0, 2, 10, 20, 15, 21, 8, 1, 13, 4, 14, 19, 12, 3, 9, 11, 23, 5], [6, 14, 0, 3, 7, 12, 2, 11, 10, 15, 16], [9, 2, 6, 15, 10, 12, 14, 5, 17, 3, 16]]
[[15, 8, 10, 14, 3, 2, 9, 7, 11, 12], [9, 3, 6, 13, 0, 7, 2, 4, 10, 12, 8, 14, 11], [8, 12, 3, 2, 5, 4, 0, 6, 14, 9, 13, 15], [14, 17, 25, 2, 6, 19, 20, 23, 26, 1, 10, 0, 18, 11, 21, 12], [14, 22, 9, 12, 3, 10, 20, 2, 7, 0, 18, 23, 8, 4]]
[[10, 20, 12, 0, 3, 13, 17, 16, 6, 7, 5, 21, 22, 8], [0, 5, 19, 21, 26, 30, 2, 9, 14, 27, 20, 35, 1, 7, 6, 8, 18, 33, 4, 36, 29, 31, 10, 15], [4, 0, 10, 9, 8, 2, 1, 5, 3, 6, 11], [4, 6, 11, 5, 0, 1, 9], [6, 8, 13, 10, 14, 3, 4, 7, 9, 0, 11, 15], [6, 7, 10, 9, 0, 8], [14, 6, 8, 0, 15, 5, 13, 10, 16, 18, 11, 17], [4, 8, 1, 9, 6, 0, 5], [10, 15, 5, 8, 11, 14, 0, 4, 3, 12, 16, 1], [15, 11, 18, 8, 13, 22, 1, 6, 23, 0, 12, 4, 19, 9, 5, 17, 10, 20, 14, 2], [17, 9, 21, 13, 8, 5, 0, 6, 12, 11, 18, 1, 19, 7, 22], [0, 4, 10, 8, 9, 2, 7, 18], [0, 2, 3, 1], [8, 5, 0, 3, 2, 1, 9, 10], [2, 0, 3, 8, 9, 4, 5, 1], [12, 11, 16, 2, 7, 14, 6, 13, 10, 0, 3, 17]]
[[9, 6, 12, 14, 11, 5, 3, 10, 7, 1, 16], [2, 17, 20, 8, 13, 18, 5, 1, 12, 3, 7, 0, 4, 21, 19, 14], [10, 14, 3, 12, 8, 18, 16, 7, 17, 20, 4, 21, 5, 19, 9, 13], [0, 2, 9, 12, 15, 16, 14, 3, 10, 4], [10, 21, 6, 13, 27, 14, 24, 28, 2, 12, 16, 22, 0, 11, 4, 23, 1, 9, 20, 18, 26, 31, 17], [22, 32, 29, 7, 13, 18, 5, 27, 4, 31, 0, 3, 26, 11, 19, 33, 14, 30, 28, 8, 17, 20], [1, 4, 5, 11, 3, 9, 10, 0, 8]]
[[4, 9, 17, 0, 1, 3, 15, 12, 22, 21, 5, 18, 11, 10, 16, 20, 13, 8], [9, 11, 17, 14, 7, 4, 22, 18, 0, 21, 19, 16, 6, 2, 12], [18, 4, 12, 6, 3, 26, 0, 1, 14, 20, 31, 15, 19, 24, 32, 5, 30, 13, 11, 28, 27, 21], [16, 3, 12, 22, 0, 4, 14, 18, 6, 2, 13, 21, 8, 23, 11, 17, 15, 9], [9, 15, 7, 11, 17, 12, 18, 8, 0, 5, 2, 10, 13], [5, 11, 9, 0, 21, 1, 14, 15, 20, 6, 10, 17, 18, 7, 12]]
[[11, 21, 3, 13, 22, 15, 18, 28, 5, 7, 25, 14, 23, 12, 8, 19, 9, 20, 16, 26], [1, 9, 12, 11, 3, 2, 5, 6, 13], [14, 23, 26, 8, 20, 4, 17, 1, 9, 22, 19, 21, 24, 5, 15, 3], [5, 9, 14, 2, 12, 3, 11, 16, 10, 1, 15, 0, 8], [5, 8, 3, 2, 9, 7, 11, 10], [6, 1, 9, 4, 3, 2, 7, 8, 0], [7, 15, 1, 17, 10, 12, 20, 5, 21, 4, 2, 11, 18, 9, 19, 16, 22], [3, 11, 0, 12, 4, 6, 7, 13, 1], [6, 9, 15, 22, 11, 2, 20, 1, 18, 3, 0, 7, 12, 16, 10, 14, 13]]
[[27, 10, 19, 22, 4, 8, 23, 28, 1, 17, 7, 0, 16, 3, 15, 18, 21, 24, 26, 12, 20, 29, 31, 33], [11, 8, 24, 5, 15, 2, 27, 19, 12, 25, 13, 20, 0, 23, 26, 28, 14, 3, 30], [4, 6, 0, 9, 22, 2, 15, 26, 13, 27, 5, 24, 10, 18, 23, 8, 17, 21, 1, 7, 25, 3, 28], [21, 2, 18, 13, 6, 5, 8, 15, 0, 7, 16, 20, 3, 12, 22, 9], [0, 4, 6, 16, 2, 7, 12, 14, 17, 1, 11, 10, 18, 20], [4, 7, 9, 12, 14, 0, 5, 1, 6, 3, 11, 8, 15], [0, 3, 2], [4, 1, 3, 0, 2, 5]]
[[12, 15, 33, 22, 4, 7, 9, 27, 40, 2, 19, 28, 1, 26, 32, 36, 48, 23, 17, 25, 37, 38, 47, 16, 21, 24, 35, 18, 41, 45, 43, 39], [5, 10, 15, 11, 14, 2, 3, 13, 12, 6, 8, 4], [7, 2, 14, 10, 1, 5, 15, 18, 17, 6, 20, 16, 12, 8], [5, 17, 12, 20, 2, 13, 21, 15, 11, 19, 23, 3, 18, 22], [26, 11, 3, 13, 7, 15, 8, 18, 14, 6, 23, 0, 5, 21, 24, 30, 12, 29, 16, 25, 31], [19, 3, 10, 13, 16, 4, 0, 5, 2, 14, 8, 6]]
[[4, 8, 11, 18, 16, 1, 15, 3, 7, 22, 23, 0, 5, 9, 12, 19], [14, 1, 9, 15, 17, 3, 10, 2, 5, 8, 16, 12, 0, 18, 11], [22, 0, 4, 11, 16, 12, 17, 2, 6, 10, 1, 3, 5, 13], [6, 1, 2, 4, 0, 3, 7]]
[[3, 5, 11, 2, 6, 1, 9, 0, 10, 4, 8, 12], [12, 2, 14, 5, 7, 0, 16, 4, 3, 20, 8, 13, 15, 10, 9, 17], [0, 10, 7, 12, 1, 8, 4, 11, 3, 2, 5, 9], [8, 7, 11, 3, 12, 2, 1, 4, 9], [17, 7, 18, 5, 12, 15, 0, 8, 11, 6, 2, 21, 22, 1, 19, 20, 9, 13, 3], [16, 8, 4, 12, 9, 15, 14, 6, 0, 5, 13, 19, 18, 17, 2, 10], [13, 3, 9, 2, 0, 15, 4, 7, 8, 10, 14, 5], [6, 0, 14, 3, 12, 7, 13, 17, 11, 1, 4, 8, 15], [15, 22, 14, 11, 19, 20, 12, 16, 3, 0, 5, 8, 9, 7, 2, 10, 21, 17], [0, 12, 14, 2, 10, 1, 6, 8, 9, 5, 13, 15, 4, 3], [4, 7, 1, 3, 6, 0, 5, 8, 9, 2], [1, 13, 6, 7, 18, 12, 2, 5, 17, 4, 0, 15, 14, 19, 3, 8], [17, 3, 14, 22, 24, 11, 4, 0, 8, 19, 5, 10, 25, 2, 18, 6, 12, 20]]
[[3, 8, 5, 6, 1, 4, 9], [13, 1, 8, 9, 14, 2, 17, 3, 0, 16, 4], [8, 1, 4, 0], [2, 6, 0, 7, 11, 4, 10, 9], [0, 14, 16, 19, 15, 8, 5, 12, 17, 7, 10, 13, 18, 20, 1, 11], [20, 2, 7, 1, 14, 8, 13, 17, 3, 5, 15, 18, 9, 11, 21], [0, 9, 16, 7, 11, 19, 12, 18, 2, 5, 10, 1, 17, 20, 14, 13, 3, 6]]
[[10, 5, 0, 3, 13, 12, 2, 11, 9], [16, 0, 3, 8, 13, 15, 18, 2, 12, 6, 11, 17], [2, 6, 0, 3, 7, 9, 5, 10, 8], [6, 12, 1, 5, 2, 9, 4, 13, 11, 3], [8, 4, 0, 5, 2, 9, 10, 11], [13, 19, 0, 4, 6, 16, 1, 7, 17, 3, 11, 12, 10, 14], [2, 6, 15, 0, 4, 7, 16, 9, 3, 13, 12, 14], [2, 19, 34, 5, 29, 6, 11, 16, 26, 4, 20, 13, 10, 25, 35, 3, 21, 9, 12, 24, 33, 18, 28, 32, 0, 17, 27, 30], [14, 8, 12, 15, 2, 11, 7, 21, 0, 19, 18, 3, 16], [10, 0, 8, 16, 2, 18, 3, 1, 9, 17, 12, 15, 11, 7, 4, 13]]
[[0], [17, 4, 14, 23, 0, 8, 12, 3, 11, 20, 19, 21, 1, 5, 15], [0, 5, 6, 16, 10, 15, 21, 8, 13, 20, 14, 1, 3, 17, 18, 11], [12, 22, 32, 7, 9, 25, 35, 38, 18, 6, 0, 23, 14, 34, 4, 13, 28, 33, 5, 21, 31, 15, 36, 8, 2, 26, 29], [0, 4, 2, 5, 7, 13, 14, 12, 9, 15, 3, 10], [6, 13, 1, 10, 2, 14, 11, 12, 0, 4, 7], [14, 19, 5, 9, 7, 21, 1, 6, 22, 4, 15, 20, 10, 2, 18], [1, 4, 14, 12, 6, 5, 15, 11, 7, 13]]
[[24, 11, 5, 21, 2, 14, 17, 3, 12, 16, 22, 6, 9, 7, 20, 25, 23, 15, 10], [13, 0, 3, 4, 6, 9, 10, 1, 14, 15], [2, 7, 9, 17, 0, 3, 15, 12, 6, 14, 8, 18, 11, 4, 19], [20, 13, 2, 17, 0, 7, 9, 15, 5, 14, 4, 18, 6, 19, 12, 21]]
[[9, 23, 8, 20, 5, 13, 28, 37, 0, 3, 11, 14, 18, 24, 21, 26, 2, 10, 35, 25, 34, 16, 6, 38, 19], [4, 2, 6, 8, 11, 15, 1, 5, 10, 13, 0, 14], [6, 15, 22, 12, 20, 23, 14, 11, 2, 19, 28, 0, 10, 16, 24], [11, 0, 12, 5, 15, 18, 29, 32, 3, 6, 13, 19, 25, 2, 22, 9, 23, 8, 21, 26, 30], [12, 4, 0, 8, 27, 30, 15, 19, 14, 5, 18, 13, 17, 9, 1, 6, 21, 25], [1, 3, 6, 10, 2, 4, 7, 11, 9, 0], [30, 12, 2, 0, 1, 6, 9, 15, 27, 32, 3, 7, 19, 28, 33, 36, 5, 13, 21, 26, 38, 18, 25, 35, 20, 24, 37, 16, 10], [9, 20, 13, 0, 7, 17, 16, 2, 5, 6, 14, 10, 3, 18], [18, 8, 13, 26, 28, 4, 11, 14, 1, 21, 3, 7, 19, 2, 16, 0, 17, 9, 22]]
[[9, 42, 0, 4, 26, 34, 40, 5, 11, 20, 37, 44, 28, 1, 10, 31, 33, 39, 15, 23, 3, 17, 25, 14, 22, 30, 21, 36, 6, 12, 29], [1, 7, 5, 8, 4, 2, 0, 3, 9], [12, 3, 6, 0, 5, 11, 4, 9, 7, 13], [10, 3, 7, 2, 9, 0, 6, 11], [6, 14, 1, 10, 15, 0, 7, 17, 4, 13, 9, 11, 16], [1, 7, 9, 2, 0, 10, 5], [12, 4, 15, 10, 18, 20, 5, 16, 7, 3, 14, 0, 8, 21, 17, 19, 22], [3, 11, 7, 4, 10, 8, 6, 9, 12], [7, 1, 2, 0], [2, 9, 1, 3, 4], [6, 10, 1, 3, 12, 2, 0, 11, 7, 8, 4], [1, 3, 0, 2], [4, 1, 3, 0, 2, 5]]
[[17, 30, 10, 5, 13, 19, 22, 26, 32, 40, 11, 27, 33, 39, 3, 9, 6, 14, 0, 38, 16, 20, 4, 8, 12, 18, 25, 28], [12, 11, 2, 9, 0, 13, 10], [3, 5, 0, 6, 2], [6, 14, 24, 9, 29, 11, 31, 0, 26, 3, 17, 10, 19, 22, 23, 18, 21, 25, 30, 12], [13, 14, 18, 5, 11, 2, 9, 0, 16, 4, 10, 1, 8, 15, 19], [21, 26, 28, 19, 24, 6, 11, 16, 13, 29, 1, 4, 5, 15, 0, 3, 27, 22, 23, 17, 2], [12, 2, 19, 6, 8, 9, 0, 17, 21, 13, 5, 10, 16, 15, 4, 11], [6, 5, 2, 0, 7, 3, 8], [0, 9, 1, 14, 2, 11, 6, 3, 4, 10, 13, 5, 17, 18]]
[[1, 4, 7, 10, 6, 8, 2, 5, 3], [9, 4, 6, 7, 3, 0, 5, 10], [15, 1, 2, 5, 8, 3, 10, 4, 0, 9, 12, 13, 11], [8, 10, 4, 15, 14, 6, 3, 0, 5, 11, 9, 12, 13, 16, 7], [10, 6, 3, 5, 12, 17, 7, 2, 0, 8, 16, 15, 11, 13, 4, 9], [12, 5, 7, 9, 2, 0, 4, 11, 6, 13, 14, 3], [7, 25, 16, 21, 9, 18, 23, 17, 14, 4, 5, 22, 0, 12, 8, 26, 11, 19, 24, 20, 13, 2, 6]]
[[4, 12, 18, 16, 19, 9, 0, 5, 13, 14, 22, 10, 20, 2, 7], [9, 2, 6, 7, 5, 10, 11], [1, 8, 6, 12, 9, 20, 2, 17, 19, 11, 18, 0, 7, 13, 22], [9, 18, 7, 14, 20, 0, 3, 8, 13, 12, 10, 11, 15, 2, 16, 21], [4, 11, 18, 21, 2, 5, 10, 0, 16, 20, 8, 13, 19, 22, 6, 17, 15]]
[[3, 6, 14, 4, 7, 11, 10, 1, 0, 12, 2], [12, 1, 4, 7, 17, 18, 2, 16, 15, 5, 0, 3], [4, 1, 9, 12, 2, 6, 10, 13, 14, 16, 5, 11, 7], [14, 3, 12, 6, 9, 4, 7, 10, 0, 13, 1, 15, 17, 2], [26, 0, 4, 9, 20, 23, 5, 7, 15, 21, 2, 14, 19, 1, 13, 10, 16, 24, 3]]
[[22, 3, 16, 19, 4, 9, 24, 8, 13, 12, 23, 20, 14, 21, 0, 5, 10], [9, 10, 4, 15, 0, 14, 13, 2, 5, 11, 6], [1, 5, 12, 14, 17, 6, 18, 4, 16, 11, 2, 10, 21, 7, 19, 22, 23], [9, 20, 22, 24, 0, 8, 14, 15, 5, 16, 27, 4, 13, 25, 11, 26, 28, 6, 17]]
[[11, 14, 0, 6, 12, 5, 10, 9, 13, 7], [10, 2, 7, 15, 0, 3, 8, 16, 14, 11, 12], [7, 0, 1, 12, 8, 20, 11, 13, 9, 14], [14, 6, 11, 0, 7, 4, 10, 5, 15, 12, 13], [6, 15, 24, 32, 19, 26, 30, 0, 17, 28, 3, 11, 13, 22, 20, 27, 4, 7, 16, 25, 33, 5, 8, 35, 31, 14, 23], [12, 5, 16, 10, 7, 6, 18, 17, 0, 14, 4, 8, 2], [18, 2, 12, 14, 22, 0, 7, 5, 3, 10, 17, 19, 13, 20, 11, 23]]
[[15, 26, 3, 18, 0, 8, 20, 11, 7, 35, 27, 19, 30, 32, 34, 16, 31, 4, 9, 23, 28, 17], [10, 6, 4, 14, 3, 12, 9, 15], [16, 13, 23, 15, 5, 11, 14, 1, 21, 0, 4, 17, 8, 9, 26, 7, 24, 22, 2, 18], [0, 7, 3, 9, 12, 14, 10, 15, 1, 8, 6, 4, 2], [26, 30, 2, 0, 18, 23, 40, 4, 15, 36, 41, 10, 6, 9, 14, 17, 39, 35, 13, 38, 21, 31, 32, 8, 22, 7, 24, 27], [25, 18, 4, 23, 27, 16, 28, 10, 20, 6, 9, 0, 5, 19, 14, 26, 31, 7, 11, 21, 29]]
[[12, 25, 7, 9, 16, 13, 20, 1, 0, 4, 8, 14, 15, 23, 6, 10, 5, 2, 17, 19], [15, 24, 27, 11, 16, 4, 22, 0, 14, 7, 13, 9, 18, 21, 6, 8, 12, 17, 25, 28, 23, 2, 10, 19], [8, 18, 11, 4, 14, 17, 0, 9, 19, 5, 2, 12, 15], [7, 0, 10, 18, 12, 20, 6, 5, 3, 11, 19, 1, 9, 17, 8, 13, 14], [8, 1, 6, 2, 4, 12, 0, 3, 9, 13, 5, 10]]
[[18, 3, 9, 15, 1, 10, 16, 6, 14, 7, 5, 13, 17], [0, 8, 10, 5, 14, 15, 1, 12, 13, 9, 11, 2, 3], [0, 11, 7, 9, 12, 1, 8, 6, 4, 5, 2], [13, 36, 16, 9, 23, 0, 24, 19, 2, 17, 22, 1, 11, 8], [10, 4, 12, 3, 11, 5, 7], [11, 17, 5, 14, 19, 2, 18, 4, 13, 15, 1, 6], [16, 4, 9, 7, 1, 5, 2, 3], [8, 15, 18, 6, 24, 3, 12, 20, 19, 23, 4, 22, 7, 0, 11, 13, 5], [5, 24, 7, 14, 9, 0, 8, 4, 6, 13, 1], [9, 1, 11, 5, 10, 2, 0, 6, 7], [8, 14, 11, 12, 15, 16, 0, 9], [27, 3, 35, 10, 16, 31, 6, 13, 25, 4, 14, 33, 36, 0, 21, 32, 12, 2, 23, 5, 20, 29, 34, 37, 26, 7, 24]]
[[15, 5, 4, 2, 16, 12, 11, 3, 13], [6, 8, 4, 13, 2, 0, 3, 12, 10], [8, 6, 0, 2, 4, 7, 10, 11, 3, 9], [10, 13, 4, 7, 0, 5, 8, 17, 3, 2, 15, 14, 11, 12], [0, 6, 3, 17, 11, 5, 13, 10, 15, 4, 12, 14], [12, 14, 24, 37, 0, 3, 15, 19, 22, 32, 5, 31, 21, 1, 25, 35, 27, 30, 36, 16, 38, 2, 7], [0, 2, 1]]
[[19, 2, 7, 8, 11, 9, 15, 4, 14, 0, 5], [17, 12, 18, 0, 20, 4, 7, 15, 16, 19, 6, 13, 1, 8, 21, 5], [1, 3, 6, 4, 14, 2, 9, 15, 8, 13, 10], [11, 17, 2, 23, 3, 21, 19, 7, 8, 15, 20, 18, 12, 24, 4, 9, 13]]
[[13, 23, 3, 18, 15, 7, 21, 27, 1, 10, 20, 0, 9, 19, 24, 28, 2], [1, 26, 5, 20, 14, 9, 3, 17, 12, 31, 2, 18, 25, 29, 21, 0, 10, 30, 27, 13, 6, 19, 32], [18, 13, 22, 0, 4, 14, 7, 23, 12, 25, 9, 16, 11, 21, 19, 17], [10, 4, 6, 14, 1, 3, 7, 15, 5, 13, 11, 2, 8], [2, 11, 3, 0, 6, 7, 20, 12, 21, 10, 13, 14], [27, 23, 16, 26, 3, 13, 34, 31, 11, 18, 28, 4, 9, 0, 17, 29, 7, 20, 32, 2, 8, 21, 10, 35, 5]]
[[9, 2, 17, 14, 20, 23, 25, 12, 26, 3, 18, 6, 10, 5, 16, 11, 21, 7], [9, 11, 6, 14, 4, 3, 12, 16, 5, 13, 10, 0, 17], [21, 8, 7, 10, 13, 19, 12, 9, 18, 5, 4, 16, 17, 11, 0, 1], [8, 19, 9, 15, 11, 21, 24, 1, 4, 3, 22, 6, 14, 0, 20, 23, 16, 12, 25], [5, 0, 9, 4, 8], [20, 21, 26, 10, 5, 13, 23, 29, 30, 17, 12, 0, 27, 11, 1, 9, 3, 22, 4, 6, 14, 18, 24, 31, 28], [12, 34, 25, 14, 22, 21, 27, 36, 4, 8, 37, 2, 35, 7, 29, 0, 30, 31, 33, 23, 1, 13, 15, 20, 38, 5, 9, 24, 32]]
[[8, 1, 3, 9, 12, 2, 16, 4, 19, 0, 17, 5, 13], [9, 14, 7, 17, 2, 3, 15, 1, 8, 13, 19, 0, 18, 4], [5, 2, 7, 8, 1, 0, 3], [10, 8, 14, 11, 3, 0, 15, 12], [3, 0, 9, 12, 10, 2, 11, 6, 1, 8, 4, 13, 14], [5, 2, 10, 13, 16, 4, 11, 0, 7, 3, 9, 6, 14, 15], [3, 5, 7, 12, 0, 13, 4, 1, 9, 14, 15], [14, 11, 0, 1, 17, 6, 16, 12, 7, 10, 9, 15, 13], [1, 16, 8, 9, 15, 0, 14, 4, 2, 6, 10], [4, 1, 6, 12, 2, 14, 18, 10, 11, 19, 0, 9, 7, 15]]
[[20, 28, 12, 3, 9, 18, 23, 31, 4, 15, 7, 11, 14, 8, 10, 13, 21, 32, 0, 1, 5, 16], [3, 5, 1, 8, 9, 4, 6, 2], [3, 6, 0, 1, 5, 9, 10], [0, 8, 10, 9, 7, 4, 2], [3, 11, 13, 14, 5, 12, 6, 4, 10, 7, 8, 0], [12, 9, 16, 1, 4, 18, 3, 13, 5, 10, 14, 11], [1, 2, 0, 3, 5], [2, 11, 7, 14, 5, 0, 12, 1, 3, 15, 10, 16, 17, 4], [9, 7, 11, 4, 14, 0, 5, 2, 15], [1, 2, 13, 17, 7, 10, 3, 5, 16, 4, 18, 0, 14, 11], [6, 0, 4, 8, 14, 2, 21, 19, 11, 20, 15, 1, 9, 17, 13]]
[[15, 20, 17, 22, 23, 6, 5, 10, 11, 12, 9, 18, 16, 3, 13], [18, 1, 8, 4, 0, 15, 5, 17, 12, 13, 19, 2, 6], [5, 10, 7, 1, 0, 9, 12, 2], [0, 1, 9, 2, 8, 7, 6, 10, 13, 3, 11], [7, 15, 0, 13, 12, 11, 14, 1], [6, 10, 4, 18, 25, 8, 15, 21, 20, 1, 24, 27, 23, 26, 7, 28, 9, 29, 22, 19, 5, 16, 3]]
[[2, 1, 9, 5, 6, 7, 11, 3], [4, 8, 5, 2, 3, 1, 12, 0, 6, 13], [11, 0, 3, 15, 19, 21, 4, 7, 12, 18, 14, 1, 16, 17, 8], [37, 44, 14, 38, 2, 22, 27, 33, 40, 42, 0, 18, 23, 31, 10, 17, 35, 13, 7, 11, 12, 1, 6, 8, 15, 39, 28, 24, 43, 3, 19], [0, 11, 16, 1, 6, 15, 20, 2, 7, 13, 19, 12, 21, 8]]
[[7, 18, 1, 5, 8, 11, 16, 10, 15, 0, 14, 17], [4, 0, 1, 9, 18, 6, 5, 15, 12, 17, 16, 7, 13, 2], [20, 8, 15, 0, 4, 7, 18, 3, 6, 14, 13, 5, 12, 16, 9], [16, 8, 12, 18, 3, 6, 9, 11, 17, 0, 2, 15], [4, 22, 5, 16, 8, 9, 1, 18, 20, 13, 2, 6, 14, 12, 15, 19, 7, 23, 3], [3, 11, 0, 4, 8, 2, 10, 12, 13, 6], [1, 3, 0, 2], [2, 4, 0, 3, 1, 5]]
[[11, 1, 2, 4, 8, 3, 9, 7, 12, 10], [3, 5, 6, 1, 11, 12, 9, 14], [13, 0, 4, 10, 11, 1, 9, 3, 7, 5], [3, 15, 17, 4, 8, 13, 21, 12, 20, 6, 23, 0, 7, 24, 11], [0, 14, 7, 17, 19, 5, 8, 2, 15, 1, 16, 4, 18, 13]]
[[14, 2, 21, 3, 9, 15, 17, 6, 7, 13, 19, 10], [11, 2, 16, 4, 7, 13, 18, 5, 1, 6, 8, 15, 0, 17, 9], [9, 4, 11, 14, 17, 1, 5, 12, 15, 2, 10, 0, 3, 8], [4, 15, 11, 0, 1, 2, 7, 17, 21, 23, 28, 5, 29, 12, 26, 27, 10, 18, 24, 8, 22, 25, 13], [4, 12, 16, 7, 9, 0, 11, 10, 5, 1, 13, 2], [11, 0, 22, 1, 9, 17, 4, 8, 13, 15, 7, 20, 16, 14, 21, 23, 5, 18]]
[[8, 11, 14, 22, 24, 25, 19, 21, 0, 18, 20, 23, 9], [12, 7, 0, 4, 8, 16, 2, 13, 3, 15, 11, 17], [6, 1, 10, 17, 3, 8, 15, 12, 2, 11, 18, 0, 5, 16, 7], [13, 29, 4, 19, 24, 0, 5, 25, 9, 23, 28, 11, 17, 21, 14, 16, 27, 18, 7, 20, 26, 2], [15, 8, 0, 5, 2, 13, 17, 4, 16, 9, 10], [16, 28, 31, 23, 6, 10, 18, 4, 7, 11, 19, 27, 2, 13, 24, 0, 14, 26, 22, 32, 36, 15, 8], [1, 3, 5, 10, 13, 11, 14, 2, 7, 8, 0, 12]]
[[4, 15, 12, 21, 28, 20, 19, 18, 10, 0, 5, 24, 6, 26, 22, 30, 13, 29, 2, 8], [7, 20, 5, 12, 17, 1, 3, 0, 9, 10, 13, 16, 4], [24, 15, 3, 7, 9, 11, 4, 17, 1, 20, 0, 16, 25, 8, 12, 2]]
[[4, 20, 24, 2, 21, 26, 14, 17, 15, 28, 19, 25, 0, 13, 16, 27, 5, 6, 7, 10, 22], [16, 3, 9, 5, 0, 20, 22, 10, 23, 6, 28, 13, 18, 32, 8, 21, 4, 17, 19, 1, 11, 24, 34, 14, 29], [8, 2, 4, 0, 11, 3, 5, 12], [9, 6, 4, 7, 3, 5, 11, 12], [13, 23, 22, 0, 9, 25, 18, 4, 24, 5, 15, 20, 6, 14, 16, 21, 1, 7], [2], [8, 2, 10, 0, 9, 5, 7, 6, 11, 12], [13, 7, 10, 14, 15, 3, 6, 9, 4, 16, 2, 5], [2, 27, 12, 20, 30, 36, 8, 19, 7, 18, 24, 25, 3, 6, 17, 22, 28, 34, 26, 37, 9, 13], [3, 0, 11, 5, 10, 8, 12, 6, 13, 1], [10, 19, 4, 6, 12, 5, 7, 16, 18, 3, 13, 15, 21, 11, 0, 14, 20], [8, 17, 9, 0, 12, 18, 6, 5, 3, 11, 13, 1], [0, 1, 14, 8, 5, 2, 11, 4, 7, 13, 10, 15, 3], [0, 3, 2], [7, 8, 0, 2, 4, 1, 3, 6, 9, 10]]
[[7, 9, 12, 3, 10, 2, 8, 6, 5], [17, 14, 5, 7, 9, 2, 10, 1, 15, 0, 13, 18, 12, 8, 3], [8, 1, 9, 2, 10, 5, 0, 11, 3], [9, 20, 4, 0, 12, 16, 18, 5, 15, 17, 3, 10, 1, 19], [10, 15, 1, 12, 17, 3, 20, 2, 5, 6, 21, 0, 11, 19, 13, 4, 14], [14, 21, 7, 2, 8, 18, 17, 0, 9, 3, 13, 20, 5, 19, 15, 11, 10, 22], [6, 1, 4, 10, 3, 2, 0, 7, 9, 8]]
[[9, 11, 7, 5, 1, 10, 0, 4, 2], [3, 4, 2, 8, 9, 10], [8, 11, 13, 4, 1, 3, 6, 9], [17, 3, 11, 15, 1, 4, 9, 2, 8, 10, 12, 14, 6], [30, 29, 5, 11, 18, 23, 0, 6, 13, 24, 4, 22, 31, 12, 21, 19, 20, 2, 9, 14], [13, 5, 17, 0, 12, 21, 6, 20, 19, 7, 16, 8, 22, 1, 11, 3], [9, 10, 18, 8, 13, 21, 22, 4, 0, 5, 14, 12, 19, 2, 7, 20], [19, 23, 25, 14, 10, 2, 5, 16, 4, 15, 24, 8, 0, 21, 7, 13, 20, 26]]
[[4, 17, 9, 21, 10, 8, 19, 1, 14, 7, 0, 5, 13, 16, 22, 11, 3], [26, 7, 14, 20, 2, 15, 18, 21, 24, 0, 8, 27, 5, 23, 4, 25, 16, 9, 10], [3, 2, 4, 5, 6, 9, 14, 20, 10, 21, 17, 0, 7, 13, 1, 12, 22], [8, 0, 15, 21, 12, 17, 19, 11, 5, 16, 4, 9, 22, 1, 13, 7]]
[[12, 22, 18, 1, 19, 5, 10, 9, 15, 20, 11, 13, 16, 23], [2, 3, 5, 9, 21, 14, 6, 20, 1, 11, 13, 0, 4, 8, 16], [13, 7, 15, 18, 4, 8, 19, 6, 17, 1, 2], [2, 4, 10, 7, 1, 5, 6, 0, 3, 11], [0, 18, 6, 11, 1, 8, 4, 2, 15, 10], [40, 22, 2, 14, 24, 27, 0, 9, 36, 18, 3, 8, 26, 39, 44, 7, 38, 20, 23, 43, 10, 34, 4, 28, 30, 32, 41, 37, 21]]
[[4, 7, 9, 15, 16, 10, 14, 8, 2, 13, 0, 5, 6, 3], [9, 5, 13, 3, 2, 10, 8, 6, 11, 14], [8, 11, 6, 2, 10, 13, 1, 5, 4, 14, 0, 12], [8, 0, 6, 14, 20, 11, 15, 18, 13, 2, 9, 4, 1, 7, 21, 16], [11, 18, 6, 5, 0, 8, 1, 9, 15, 7, 14, 12, 22, 16, 19, 20], [20, 12, 21, 5, 0, 27, 3, 18, 24, 14, 6, 11, 8, 17, 13, 22, 23, 1, 25, 15], [13, 20, 8, 5, 1, 9, 4, 11, 18, 0, 14, 15, 21, 2, 16, 19], [10, 13, 16, 7, 1, 15, 19, 0, 6, 18, 11, 8]]
[[4, 12, 18, 1, 15, 6, 9, 16, 7, 13, 14, 19, 2], [4, 0, 6, 2, 9, 5, 8, 7], [2, 11, 4, 13, 6, 1, 10, 9, 15, 0, 5, 7, 12], [15, 25, 4, 19, 0, 11, 17, 8, 12, 28, 16, 7, 22, 5, 21, 27, 20, 18, 2, 9, 23], [7, 11, 14, 24, 16, 18, 2, 19, 9, 0, 3, 5, 12, 17, 25, 15, 10]]
[[14, 27, 49, 20, 22, 2, 16, 5, 34, 25, 23, 32, 36, 45, 40, 6, 35, 12, 15, 8, 0, 21, 29, 51, 3, 17, 9, 28, 37, 41, 46, 50], [14, 5, 9, 4, 0, 6, 11, 12, 10, 3, 8, 7], [3, 0, 17, 20, 15, 18, 5, 6, 4, 13, 1, 8, 10, 14], [5, 18, 0, 12, 21, 1, 10, 22, 8, 7, 19, 9, 6, 17, 20, 2, 14], [17, 5, 4, 20, 21, 22, 23, 0, 15, 8, 6, 11, 16, 18, 24, 3, 9, 13]]
[[16, 29, 18, 0, 2, 11, 27, 30, 32, 20, 26, 19, 25, 31, 21, 33, 23], [2, 10, 0, 3, 13, 5, 9, 8, 11], [0, 6, 33, 27, 29, 24, 7, 26, 34, 3, 14, 17, 38, 18, 9, 31, 13, 28, 2, 23, 37, 12, 8, 21, 35, 25, 15], [17, 20, 29, 3, 7, 27, 5, 8, 14, 4, 13, 0, 15, 21, 26, 24, 12, 18, 22, 25, 16], [9, 28, 17, 36, 42, 11, 30, 51, 22, 23, 32, 2, 24, 48, 47, 54, 19, 44, 13, 35, 38, 49, 52, 0, 12, 41, 46, 53, 18, 34, 37, 43, 50, 31, 16, 33, 20, 25, 39]]
[[1, 4, 7, 5, 2, 0, 8, 3], [8, 3, 6, 11, 10, 2, 4, 1, 9], [12, 3, 10, 5, 0, 6, 8, 14, 17, 4, 11, 13, 16, 9], [2, 1, 0, 5], [2, 7, 1, 3, 0, 4, 5], [9, 4, 7, 2, 13, 5, 14, 10, 0], [11, 3, 1, 5, 6, 4, 2, 0, 9], [4, 0, 20, 6, 18, 21, 5, 12, 10, 16, 9, 19, 1, 7, 13, 22], [18, 23, 4, 14, 3, 13, 9, 16, 5, 27, 15, 0, 26, 7, 21, 25, 19, 24, 2, 12, 22], [14, 20, 4, 15, 18, 10, 6, 9, 5, 8, 16, 21, 23, 0, 11]]
[[11, 13, 17, 0, 3, 8, 14, 12, 2, 6, 7, 5, 9, 15], [3, 17, 15, 1, 14, 13, 0, 12, 2, 18, 4, 5, 6], [0, 2, 3, 1, 4], [19, 0, 13, 9, 15, 20, 24, 25, 21, 26, 2, 14, 8, 3, 4, 1, 6, 11, 22, 28], [4, 16, 8, 6, 18, 13, 1, 3, 10, 7, 15, 0, 5, 17, 2, 11], [1, 5, 14, 6, 11, 0, 3, 10, 4, 16, 2, 9, 15, 17], [5, 0, 10, 9, 8, 2, 3], [10, 6, 8, 0, 3, 4, 7, 5], [5, 15, 0, 8, 10, 18, 16, 3, 14, 1, 12, 19, 11], [8, 10, 0, 5, 1, 7, 9], [6, 3, 11, 16, 0, 8, 7, 9, 12, 14, 10], [25, 11, 17, 19, 20, 14, 8, 13, 3, 9, 5, 0, 12, 15, 2]]
[[0, 4, 7, 2, 5], [12, 7, 9, 0, 3, 2, 8, 14, 6, 13], [7, 11, 13, 9, 1, 6, 0, 2], [1, 6, 3, 9, 4, 7, 2, 0, 10, 16], [8, 23, 2, 19, 21, 13, 15, 10, 25, 0, 20, 16, 3, 6, 17, 5, 9, 26, 11, 7], [9, 27, 20, 22, 0, 2, 7, 17, 4, 13, 16, 6, 10, 11, 8, 18]]
[[8, 0, 3, 9, 2, 6, 5, 7], [12, 1, 2, 7, 3, 0, 4], [3, 1, 8, 5, 11, 9, 2, 12, 0, 7, 4, 13], [8, 2, 5, 4, 7, 0, 9, 10, 11], [0, 10, 12, 2, 4, 7, 9, 14, 1, 13, 11], [5, 1, 10, 7, 2, 0, 6, 3, 8], [0, 3, 4, 10, 13, 1, 6, 12, 5, 11, 7, 14], [12, 14, 24, 2, 4, 20, 21, 16, 8, 19, 15, 10, 11, 0, 7, 18, 22, 25, 3, 5, 23]]
[[6, 8, 15, 1, 14, 7, 0, 12, 11, 5, 2, 16], [12, 3, 7, 9, 0, 5, 2, 4], [4, 9, 11, 1, 5, 8, 7, 0, 10], [0, 5, 6, 8], [16, 0, 7, 14, 8, 2, 12, 5, 10, 9], [13, 5, 6, 15, 8, 1, 2, 16, 19, 9, 12, 14, 11, 7, 18], [7, 18, 1, 19, 8, 15, 0, 6, 14, 16, 17, 9], [7, 2, 0, 8, 12, 11, 3, 6, 5], [4, 2, 0, 6, 10, 12, 3, 9, 5]]
