0.8609280586242676
0.9772160053253174
0.9447497129440308
0.9434435963630676
0.9421753883361816
0.9602833390235901
0.9346102476119995
0.8225669860839844
0.9140652418136597
0.9763298034667969
0.9212132096290588
0.9409888386726379
0.7843821048736572
0.9372286796569824
0.8330655097961426
0.8774217367172241
0.9102809429168701
0.9301817417144775
0.8567067384719849
0.769279420375824
0.9448292255401611
0.7857863903045654
0.9081662893295288
0.9001576900482178
0.8861216306686401
0.9445087313652039
0.925842821598053
0.9506990909576416
0.8672529458999634
0.9089841842651367
0.9294058084487915
0.9013351202011108
0.7018440961837769
0.9419155120849609
0.9499109983444214
0.8720533847808838
0.7193949222564697
0.9596118330955505
0.9264463782310486
0.9605039358139038
0.9220686554908752
0.9705255031585693
0.8764978647232056
0.8933817744255066
0.9293850064277649
0.8978384733200073
0.9323861598968506
0.7296386957168579
0.8899554014205933
0.8401138782501221
0.856472373008728
0.6134771108627319
0.9283759593963623
0.9664519429206848
0.9449774026870728
0.970876932144165
0.8632838726043701
0.9401517510414124
0.8186671733856201
0.8765192627906799
0.909798800945282
0.8667761087417603
0.8981355428695679
0.954330563545227
0.9003109335899353
0.9078456163406372
0.9513189792633057
0.9645631909370422
0.7914347648620605
0.8880428075790405
0.9086700677871704
0.9680202007293701
0.9190348386764526
0.9573737382888794
0.8960906267166138
0.9427415132522583
0.9609571695327759
0.888547956943512
0.9043898582458496
0.8787466287612915
0.8456586599349976
0.9624353647232056
0.8636476993560791
0.8959318399429321
0.9516326189041138
0.8938784599304199
0.8948161602020264
0.9309439659118652
0.8577454090118408
0.9366500973701477
0.796483039855957
0.8931636810302734
0.8996963500976562
0.8899878263473511
0.9568183422088623
0.919750988483429
0.9402832984924316
0.9413161277770996
0.936009407043457
0.9687119722366333
0.8934007883071899
0.9259483218193054
0.7818304300308228
0.9153121709823608
0.8023045063018799
0.9207624197006226
0.938970685005188
0.9365850687026978
0.9151332378387451
0.9412325620651245
0.9120439291000366
0.9000580310821533
0.8638036251068115
0.9447119235992432
0.9418849945068359
0.8142839670181274
0.9035953283309937
0.8853209614753723
0.898950457572937
0.8899295926094055
0.9320034980773926
0.9640308618545532
0.8372965455055237
0.8401687741279602
0.9013321399688721
0.971165657043457
0.823318362236023
0.9740309715270996
0.9021954536437988
0.9169317483901978
0.8628838658332825
0.9608805179595947
0.8215333819389343
0.8920857906341553
0.7958531975746155
0.9678521156311035
0.9001693725585938
0.9482499957084656
0.9011328220367432
0.9658176898956299
0.9166257381439209
0.9388213157653809
0.9187757968902588
0.9463143944740295
0.8929471969604492
0.941878080368042
0.8468457460403442
0.9400871992111206
0.928585946559906
0.8102733492851257
0.9102250337600708
0.9200243353843689
0.9082661867141724
0.915046215057373
0.8982193470001221
0.9299618005752563
0.9098913073539734
0.9204705953598022
0.8952577114105225
0.9441605806350708
0.913558840751648
0.941032886505127
0.9212031364440918
0.9670153856277466
0.9361494779586792
0.9463834762573242
0.8699072003364563
0.9761021733283997
0.8267797827720642
0.9538646340370178
0.880313515663147
0.9225858449935913
0.9317139387130737
0.9034023284912109
0.9449247121810913
0.9327002763748169
0.9626242518424988
0.8211640119552612
0.8798927068710327
0.9431034326553345
0.6322822570800781
0.8626114130020142
0.8405090570449829
0.9452389478683472
0.8940367698669434
0.7212334871292114
0.9321126937866211
0.8939191102981567
0.9305969476699829
0.7860147953033447
0.8687871694564819
0.9462897777557373
0.9632987976074219
0.9263399839401245
0.8546386957168579
0.9513893723487854
0.9257545471191406
0.9441041946411133
0.8943344354629517
0.8505162000656128
