-1.6404399871826172
-1.352139949798584
-1.5807583332061768
-1.3889496326446533
-1.6839187145233154
-1.2361425161361694
-1.7928626537322998
-1.5971765518188477
-1.448218584060669
-2.0574872493743896
-1.6166547536849976
-1.1462812423706055
-2.036231279373169
-1.6603001356124878
-1.8526314496994019
-1.427091121673584
-1.6742140054702759
-1.5887572765350342
-1.5934996604919434
-1.423790454864502
-1.2966883182525635
-1.4498740434646606
-1.3793528079986572
-1.6518739461898804
-1.4391266107559204
-1.7162511348724365
-1.9712834358215332
-1.6695687770843506
-1.7790038585662842
-1.8421381711959839
-1.8490759134292603
-1.783164620399475
-1.7869008779525757
-1.581437110900879
-1.7644914388656616
-1.5904208421707153
-1.7943215370178223
-1.410091757774353
-1.4597394466400146
-1.5862877368927002
-1.727569580078125
-1.6108012199401855
-1.4052330255508423
-1.1374948024749756
-1.3005276918411255
-1.4751142263412476
-1.2316298484802246
-1.549074411392212
-1.5823720693588257
-1.5371490716934204
-1.6812864542007446
-1.764472484588623
-1.6436480283737183
-2.2171199321746826
-1.667602300643921
-1.361811876296997
-1.4959536790847778
-1.498329758644104
-1.596628189086914
-1.3627588748931885
-1.7811686992645264
-1.6417309045791626
-1.8375804424285889
-1.5314476490020752
-1.7103941440582275
-1.857182502746582
-1.4479695558547974
-1.4495551586151123
-1.539462924003601
-1.759992003440857
-1.7676551342010498
-1.6778967380523682
-1.5880308151245117
-1.4144937992095947
-1.5277858972549438
-1.4368011951446533
-1.5087926387786865
-1.4703694581985474
-1.4080859422683716
-1.545657992362976
-1.6309974193572998
-1.2180559635162354
-1.4921811819076538
-1.7623395919799805
-1.533435344696045
-1.5084433555603027
-1.4778224229812622
-1.8784523010253906
-3.4072980880737305
-1.3233404159545898
-1.679797887802124
-1.3758039474487305
-1.673536777496338
-1.195532202720642
-1.7153717279434204
-1.6734272241592407
-1.5481204986572266
-1.528083324432373
-2.006193161010742
-1.5408411026000977
-1.5840224027633667
-1.3007198572158813
-1.6243600845336914
-1.5286756753921509
-1.8661202192306519
-1.427419900894165
-1.804734468460083
-1.5881401300430298
-1.8185985088348389
-1.5056897401809692
-1.595154047012329
-1.4740657806396484
-1.649643063545227
-1.322084903717041
-1.81227707862854
-1.4185338020324707
-1.6765496730804443
-1.4021821022033691
-1.5059059858322144
-1.7388594150543213
-1.6049983501434326
-1.3530417680740356
-3.8035454750061035
-1.5519217252731323
-1.4785404205322266
-1.3978623151779175
-2.067176580429077
-1.5530873537063599
-1.4227190017700195
-1.7560131549835205
-1.382206678390503
-1.5546746253967285
-1.6722097396850586
-1.303009271621704
-1.3639509677886963
-1.1566312313079834
-1.6694101095199585
-1.6429327726364136
-1.629687786102295
-1.459514856338501
-1.412736177444458
-1.3570189476013184
-1.513393521308899
-1.4908515214920044
-1.7587045431137085
-1.4971572160720825
-1.7408461570739746
-1.4557092189788818
-1.598923683166504
-1.6328917741775513
-1.6249686479568481
-1.508616328239441
-1.4394257068634033
-1.3217146396636963
-1.2023556232452393
-1.2328009605407715
-1.307945966720581
-1.4629831314086914
-1.814193844795227
-1.7173469066619873
-1.4675254821777344
-1.640297532081604
-1.6851105690002441
-1.1298415660858154
-1.6523003578186035
-1.6210298538208008
-1.6162095069885254
-1.1842864751815796
-1.633885383605957
-1.4557451009750366
-1.6238219738006592
-1.4432711601257324
-1.3746778964996338
-1.5540462732315063
-1.6012974977493286
-1.5700486898422241
-1.6100260019302368
-1.5704970359802246
-1.3581920862197876
-1.6414663791656494
-1.8759721517562866
-1.6445586681365967
-1.6122641563415527
-1.3518238067626953
-1.5096707344055176
-1.6774802207946777
-1.6798568964004517
-1.6661207675933838
-1.4446662664413452
-1.4937191009521484
-1.4168360233306885
-1.4967803955078125
-1.5194671154022217
-1.098894476890564
-1.7040718793869019
-1.429497241973877
-1.5806000232696533
-1.745682954788208
-1.7259106636047363
-1.642183542251587
