0.8692519664764404
0.9858807325363159
0.9699869155883789
0.9895899295806885
0.9440299272537231
0.9899245500564575
0.8541702032089233
0.9797126054763794
0.9002106189727783
0.9911038875579834
0.9183412194252014
0.9893174171447754
0.9481848478317261
0.9874175786972046
0.9444907307624817
0.9906837940216064
0.9609717726707458
0.9899508953094482
0.9537292718887329
0.9777380228042603
0.9481395483016968
0.9846882820129395
0.9474936723709106
0.9871936440467834
0.9120237231254578
0.9903503656387329
0.9523777961730957
0.9818390011787415
0.9542746543884277
0.903442919254303
0.9359798431396484
0.9941104650497437
0.890370786190033
0.9916828870773315
0.9671773910522461
0.9840686321258545
0.8913897275924683
0.9852291345596313
0.9308676719665527
0.9878498315811157
0.9515802264213562
0.9849473834037781
0.8106622695922852
0.990227460861206
0.9521840214729309
0.9870885014533997
0.9205030202865601
0.9808142185211182
0.956469714641571
0.98729008436203
0.9446666240692139
0.9870160222053528
0.9509891867637634
0.9625034928321838
0.9609935879707336
0.9902207255363464
0.9192206859588623
0.9885470867156982
0.9385321140289307
0.9727386236190796
0.9303976893424988
0.9942854046821594
0.8497985005378723
0.9882944822311401
0.89600670337677
0.98623126745224
0.9330482482910156
0.9907075762748718
0.8972023725509644
0.9807919263839722
0.9268430471420288
0.9889453649520874
0.8695634603500366
0.986550509929657
0.9543254971504211
0.9786854386329651
0.8972809910774231
0.9888200759887695
0.8337711095809937
0.9835258722305298
0.8633550405502319
0.9722606539726257
0.8401017189025879
0.9749634265899658
0.930031955242157
0.9768790602684021
0.9753234386444092
0.9943192005157471
0.8991600871086121
0.9895784258842468
0.9282973408699036
0.987365186214447
0.9555448889732361
0.9831794500350952
0.9388290643692017
0.9915493726730347
0.9057677388191223
0.9742805361747742
0.8461197018623352
0.993334174156189
0.9505459666252136
0.9684561491012573
0.9074770212173462
0.982137143611908
0.9332199692726135
0.9823353290557861
0.9316903948783875
0.9813920855522156
0.9331350326538086
0.9885457158088684
0.9276034235954285
0.9869548082351685
0.9023057818412781
0.980815589427948
0.9053975939750671
0.9918122291564941
0.925870954990387
0.9791139960289001
0.958572268486023
0.9804065227508545
0.9203724265098572
0.993342399597168
0.9273000359535217
0.9709510207176208
0.9356045722961426
0.9873505234718323
0.806172251701355
0.9917516708374023
0.9627701640129089
0.9792798161506653
0.8793008923530579
0.9891377091407776
0.917485773563385
0.9487884640693665
0.908125638961792
0.9830144047737122
0.9381507039070129
0.9750090837478638
0.8684424161911011
0.9925087094306946
0.9169173836708069
0.9326648712158203
0.8219879269599915
0.9826303720474243
0.9048036336898804
0.9911056756973267
0.9463695287704468
0.9839790463447571
0.9329527616500854
0.9943373203277588
0.890937089920044
0.9901211261749268
0.9199094176292419
0.9906770586967468
0.8062371611595154
0.9789335131645203
0.9372290968894958
0.9850831627845764
0.864890456199646
0.9835755228996277
0.9478210210800171
0.9939616322517395
0.9513409733772278
0.9829393029212952
0.8657550811767578
0.983629047870636
0.9426660537719727
0.9929303526878357
0.9449347257614136
0.992680013179779
0.9381274580955505
0.9885020852088928
0.9488595128059387
0.9746156930923462
0.9645354747772217
0.9879059195518494
0.9598428010940552
0.9855321049690247
0.8950126767158508
0.9897164702415466
0.7971723079681396
0.9759595990180969
0.9414860606193542
0.9830625653266907
0.9539399743080139
0.9864992499351501
0.9046068787574768
0.9891754388809204
0.9560950398445129
0.9862338304519653
0.9486940503120422
0.9816049337387085
0.8986365795135498
0.9650352597236633
0.9511511325836182
0.992828905582428
0.8594560623168945
0.9810299873352051
0.9157657027244568
0.9734472632408142
