-1.0940701961517334
-0.8073729276657104
-0.97137451171875
-1.0387697219848633
-0.9663690328598022
-0.7690086364746094
-1.157058835029602
-0.9285265803337097
-0.9511929750442505
-1.186306357383728
-0.9857512712478638
-0.7902054190635681
-1.3317674398422241
-0.8379685282707214
-1.3359287977218628
-0.9997748732566833
-1.100875973701477
-1.1121551990509033
-1.1347769498825073
-0.8694785833358765
-0.8000191450119019
-0.9357614517211914
-0.9583113193511963
-1.0648249387741089
-0.9449901580810547
-0.9587187767028809
-1.4158852100372314
-1.0430662631988525
-1.1265232563018799
-0.9884580969810486
-1.0227714776992798
-1.010066032409668
-1.0204099416732788
-0.9642719030380249
-1.1468298435211182
-1.046081781387329
-1.1756508350372314
-0.8297647833824158
-1.0694565773010254
-1.2364871501922607
-1.1435163021087646
-1.056934118270874
-0.9617775082588196
-0.808599054813385
-0.8384297490119934
-0.867056667804718
-0.7754974365234375
-0.9507654905319214
-0.9880781173706055
-0.8680497407913208
-1.1773492097854614
-1.0605359077453613
-1.0691851377487183
-1.7992753982543945
-1.007107138633728
-0.9232415556907654
-0.9644285440444946
-0.9739919304847717
-0.9683695435523987
-0.8450827598571777
-1.1132410764694214
-0.986056923866272
-1.1316852569580078
-0.930043637752533
-1.029505729675293
-1.166062593460083
-1.0314849615097046
-1.0154646635055542
-0.9879982471466064
-1.169204592704773
-0.9635314345359802
-0.9673680067062378
-1.0413004159927368
-1.783046841621399
-1.0702377557754517
-0.8555778861045837
-1.021520972251892
-0.908726155757904
-0.9880856871604919
-1.0174756050109863
-0.9837640523910522
-0.8497501611709595
-1.0110995769500732
-0.7759842276573181
-0.9166722893714905
-0.9830808043479919
-1.080498218536377
-1.2608095407485962
-1.933283805847168
-0.8566424250602722
-1.0238416194915771
-0.8804508447647095
-1.0481382608413696
-0.8462790846824646
-1.0998581647872925
-1.0914026498794556
-1.0621274709701538
-0.8876881003379822
-1.6711616516113281
-0.9629499912261963
-1.100101351737976
-0.8507636785507202
-1.065222978591919
-0.989739716053009
-1.1980406045913696
-0.976673424243927
-1.16917884349823
-0.8962513208389282
-1.091817855834961
-0.9266682863235474
-1.112477421760559
-0.9509023427963257
-1.1403260231018066
-0.8704047203063965
-1.205233097076416
-0.9052146077156067
-1.0202460289001465
-0.8689963221549988
-0.9218136072158813
-1.0524193048477173
-0.9699382781982422
-0.9230401515960693
-2.0879626274108887
-0.9967970252037048
-0.9739660620689392
-0.8053176403045654
-1.604856252670288
-1.0362287759780884
-1.0398118495941162
-0.8346533179283142
-1.5007258653640747
-1.0255612134933472
-0.9827850461006165
-0.9092136025428772
-0.8537123799324036
-0.8465718030929565
-1.1588307619094849
-0.9440136551856995
-1.1070560216903687
-1.0579169988632202
-0.984710693359375
-0.8128281235694885
-0.9458207488059998
-1.0075758695602417
-1.2454102039337158
-0.9414463043212891
-1.3903871774673462
-0.8259851932525635
-1.2926830053329468
-0.9826225638389587
-1.0713775157928467
-1.0244146585464478
-0.9277536869049072
-0.8473156690597534
-0.8238732218742371
-0.887347936630249
-0.8505422472953796
-0.9076061844825745
-1.1285456418991089
-0.9618028402328491
-1.0213602781295776
-1.0209383964538574
-1.017835259437561
-0.7781321406364441
-1.0385606288909912
-1.0140340328216553
-1.0594122409820557
-0.7170155048370361
-0.8248757719993591
-0.8696064352989197
-0.9657569527626038
-0.9257001280784607
-0.8931792974472046
-1.0080276727676392
-1.0354617834091187
-1.0060147047042847
-1.0111801624298096
-0.9925729036331177
-0.852389931678772
-0.9650377035140991
-1.1046253442764282
-1.0826005935668945
-1.0698484182357788
-0.9581312537193298
-0.9349727630615234
-1.0327887535095215
-1.1369240283966064
-1.0155667066574097
-1.0268604755401611
-0.9834386110305786
-0.9008891582489014
-0.9111469984054565
-0.9500367641448975
-0.7577921152114868
-1.1705762147903442
-0.9226203560829163
-1.0720568895339966
-1.070784330368042
-1.1581934690475464
-0.994240403175354
