[[17, 13, 2, 9, 19, 21, 3, 10, 14, 8, 18, 7, 16], [14, 2, 4, 10, 18, 5, 3, 17, 20, 0, 15, 16, 19], [2, 14, 4, 6, 11, 0, 12, 16, 3, 15, 1, 17], [15, 9, 2, 12, 3, 11, 0, 10], [31, 6, 15, 24, 1, 8, 13, 17, 22, 26, 16, 25, 7, 32, 0, 14, 23, 20, 2, 9, 18, 27], [16, 19, 8, 22, 26, 0, 9, 17, 23, 27, 11, 4, 20, 6, 21, 28, 24, 7, 14], [37, 7, 13, 0, 17, 34, 3, 9, 18, 26, 32, 30, 14, 8, 25, 31, 16, 29, 39, 6, 27, 1, 36, 10], [3, 5, 7, 0, 2, 4], [5, 0, 2, 4, 1, 3, 6]]
[[7, 3, 10, 11, 4, 5, 8, 0, 6, 12], [13, 21, 8, 0, 10, 19, 1, 9, 18, 17, 15, 2, 5, 11], [16, 3, 10, 22, 0, 18, 24, 6, 12, 23, 11, 14, 21, 1, 7], [7, 18, 20, 12, 8, 19, 0, 21, 11, 22, 17, 13, 4, 9], [5, 10, 11, 7, 0, 6, 2, 8, 12], [9, 6, 1, 16, 18, 2, 13, 5, 11, 12, 0, 3, 7, 19], [20, 8, 15, 17, 5, 3, 9, 16, 0, 11, 14, 21], [18, 15, 5, 8, 11, 21, 23, 20, 26, 7, 0, 6, 22, 2, 9, 12, 16, 29, 27], [9, 24, 0, 11, 19, 21, 7, 3, 12, 20, 4, 14, 18, 15, 22, 5], [21, 2, 6, 13, 25, 18, 8, 28, 7, 15, 27, 0, 14, 26, 12, 24, 3, 9, 16, 19, 29, 30]]
[[20, 22, 14, 21, 0, 18, 1, 7, 6, 15, 13, 24, 23, 10, 16, 17, 2, 8, 11], [2, 27, 4, 23, 0, 5, 10, 20, 3, 13, 25, 12, 29, 7, 21, 28], [17, 9, 16, 4, 1, 3, 7, 15, 14, 19, 0, 2, 13, 18, 12], [7, 4, 17, 2, 8, 16, 13, 15, 12, 14, 9], [10, 23, 7, 17, 20, 18, 24, 4, 14, 22, 11, 25, 26, 8, 15], [14, 7, 16, 6, 1, 3, 10, 21, 26, 24, 27, 9, 8, 17, 23, 18, 15, 2, 11, 19], [11, 7, 14, 20, 4, 24, 2, 15, 8, 21, 0, 9, 10, 25, 3, 18, 19, 23, 22, 12, 17]]
[[20, 26, 7, 11, 0, 14, 17, 1, 4, 9, 15, 18, 28, 13, 8, 27, 12, 6, 25, 21, 22], [13, 16, 10, 4, 24, 5, 8, 17, 15, 19, 1, 21, 11, 2, 23, 0, 14, 20, 7, 22, 3], [3, 14, 16, 0, 5, 7, 19, 18, 4, 15, 13], [9, 22, 4, 12, 19, 0, 6, 13, 17, 20, 23, 16, 3, 5, 10, 11, 18, 24], [14, 30, 15, 7, 10, 11, 21, 25, 27, 32, 0, 5, 12, 16, 28, 24, 4, 3, 20, 18, 31], [13, 19, 2, 9, 15, 0, 5, 10, 16, 20, 4, 3, 8], [9, 13, 23, 4, 24, 17, 3, 20, 0, 11, 12, 7, 2, 16, 18, 8, 21]]
[[9, 7, 11, 13, 0, 10, 16, 2, 6, 5, 8, 17, 3], [8, 10, 6, 2, 5, 14, 12, 1, 7, 17, 0, 15, 3, 13], [9, 0, 17, 4, 5, 10, 14, 18, 12, 6, 19, 16], [8, 6, 13, 15, 4, 10, 2, 11, 9, 16, 5, 12], [19, 2, 12, 20, 7, 25, 8, 26, 14, 1, 4, 17, 21, 16, 0, 3, 22, 27, 5, 9], [21, 3, 19, 17, 0, 15, 2, 6, 20, 8, 16, 22, 18, 9, 11], [24, 10, 13, 15, 14, 19, 2, 23, 12, 7, 8, 11, 5, 9, 18, 25, 26, 0, 3], [12, 10, 15, 7, 14, 1, 18, 2, 6, 13, 3, 19, 16, 4], [13, 18, 23, 28, 25, 10, 27, 15, 3, 9, 20, 26, 0, 8, 16, 21, 6, 30, 2, 14, 19, 24, 29, 4, 17, 22]]
[[15, 12, 17, 0, 4, 18, 3, 8, 9, 7, 10, 11, 13], [2, 9, 3, 1, 6, 0, 5, 7], [11, 26, 7, 13, 16, 22, 5, 20, 4, 12, 19, 27, 28, 18, 25, 10, 14, 29, 21, 15, 24, 0, 2, 23], [29, 10, 26, 7, 16, 22, 31, 34, 5, 20, 11, 3, 21, 27, 4, 13, 0, 2, 19, 25, 30, 14, 15, 28, 33, 35, 23], [3, 14, 1, 0, 12, 4, 15, 6, 8, 10, 13], [25, 36, 9, 30, 38, 23, 33, 0, 18, 2, 32, 31, 3, 20, 41, 24, 29, 37, 26, 39, 4, 21, 34, 5, 28, 42, 35, 6, 10, 12, 14, 16, 27], [9, 2, 7, 6, 19, 0, 10, 20, 18, 3, 12, 14, 16]]
[[19, 11, 0, 5, 16, 22, 14, 13, 12, 18, 25, 1, 9, 17, 20, 23], [5, 9, 2, 6, 7, 8, 4, 0], [16, 10, 20, 26, 27, 0, 3, 30, 7, 18, 23, 28, 11, 25, 15, 17, 29, 14, 24, 21, 1, 12], [8, 15, 13, 14, 2, 10, 3, 11, 16, 9, 7, 5, 0], [11, 15, 1, 6, 12, 2, 3, 0, 4, 13], [5, 3, 9, 12, 8, 2, 0, 1], [24, 30, 20, 31, 34, 22, 16, 4, 9, 13, 36, 5, 14, 37, 18, 2, 0, 7, 10, 29, 21, 35, 12, 17, 25, 32, 8, 26]]
[[7, 12, 19, 21, 23, 3, 9, 14, 24, 2, 8, 17, 5, 13, 6, 16, 25, 0, 10], [5, 1, 10, 0, 3, 9, 2, 6, 7, 4, 11], [1, 12, 4, 6, 13, 17, 19, 3, 16, 2, 9, 0, 11, 7], [6, 4, 11, 2, 9, 12, 1, 0, 7, 8], [1, 5, 8, 11, 6, 12, 3, 2, 9, 0, 10, 13], [11, 3, 9, 14, 5, 16, 4, 0, 15, 2, 6, 17], [16, 2, 8, 9, 14, 1, 3, 6, 0, 12, 10, 4], [9, 27, 6, 15, 20, 22, 24, 0, 3, 7, 25, 29, 2, 10, 17, 16, 28, 26, 4, 18, 14, 30], [4, 11, 7, 2, 3, 8, 5, 0, 9]]
[[9, 6, 0, 12, 11, 3, 5, 10, 4, 8, 13], [0, 24, 27, 5, 9, 21, 25, 8, 17, 20, 15, 14, 16, 6, 10, 18, 22], [2, 5, 15, 17, 21, 0, 12, 19, 22, 4, 3, 11, 8, 20, 7, 14, 16, 18, 9, 13, 23], [34, 53, 64, 76, 5, 12, 89, 98, 8, 17, 22, 28, 31, 40, 50, 52, 59, 70, 73, 82, 85, 93, 102, 106, 111, 6, 18, 29, 41, 71, 83, 94, 103, 2, 13, 91, 99, 4, 11, 110, 90, 97, 109, 61, 30, 42, 51, 60, 72, 84, 107, 113, 9, 19, 23, 0], [1, 7, 12, 17, 8, 3, 16, 2, 0, 15, 9], [4, 0, 5, 7, 1], [20, 13, 11, 15, 24, 5, 9, 16, 21, 25, 3, 8, 14, 0, 23, 17]]
[[21, 3, 6, 11, 4, 7, 18, 14, 16, 17, 0, 23, 12, 19, 20, 2], [8, 6, 5, 12, 2, 15, 13, 1, 14, 11, 7, 9, 16], [12, 2, 14, 18, 8, 21, 0, 9, 22, 16, 15, 4, 19, 3, 6, 13, 17, 20], [4, 19, 15, 5, 11, 20, 23, 7, 16, 2, 8, 9, 17, 0, 14, 3, 18], [14, 18, 7, 4, 9, 11, 23, 2, 5, 21, 8, 20, 0, 15, 19, 16, 12, 24, 17]]
[[18, 23, 26, 13, 19, 2, 10, 30, 35, 0, 8, 11, 15, 27, 33, 32, 25, 7, 14, 3, 24, 21, 6, 20, 4, 16, 28], [3, 6, 15, 4, 7, 10, 16, 1, 14, 13, 0, 12, 2, 18, 17], [9, 0, 25, 27, 29, 2, 6, 13, 15, 5, 10, 23, 12, 1, 22, 24, 26, 31, 17, 30], [3, 17, 13, 20, 6, 9, 22, 24, 1, 7, 0, 14, 21, 18, 16, 19, 4], [2, 7, 8, 15, 18, 16, 5, 10, 0, 4, 13, 9, 17, 19, 11], [13, 11, 3, 0, 14, 5, 10, 15, 6, 7], [13, 11, 0, 7, 19, 5, 9, 4, 12, 20, 17, 3, 14, 18, 1, 8, 21], [9, 1, 6, 13, 24, 4, 18, 22, 11, 3, 2, 16, 25, 21, 0, 10, 26, 7, 14, 12], [30, 2, 4, 18, 13, 22, 24, 25, 28, 32, 11, 26, 6, 19, 0, 14, 33, 9, 3, 17, 15, 23, 35, 20, 34, 7]]
[[6, 16, 21, 19, 26, 0, 3, 13, 29, 1, 14, 30, 32, 12, 34, 20, 28, 27, 11, 18, 25, 33, 22, 23, 24, 9, 35], [7, 11, 22, 26, 15, 4, 17, 29, 5, 18, 27, 3, 10, 16, 21, 23, 2, 9, 14, 12, 24, 28, 25], [11, 19, 23, 28, 9, 4, 16, 25, 5, 17, 26, 30, 3, 32, 10, 15, 22, 24, 2, 8, 14, 31, 12, 20, 18, 0, 33], [27, 39, 42, 34, 31, 32, 8, 16, 19, 36, 43, 17, 20, 22, 37, 44, 35, 6, 15, 24, 0, 41, 45, 14, 23, 28, 29, 33, 13, 12, 47, 2, 9, 46, 7, 25, 30], [18, 10, 1, 4, 12, 3, 8, 9, 13, 0, 11, 21, 15, 7, 17, 5, 14, 19], [23, 5, 10, 18, 14, 3, 0, 11, 16, 20, 2, 21, 6, 9, 4]]
[[14, 9, 5, 12, 3, 2, 11, 8, 10, 0], [12, 9, 15, 6, 10, 22, 19, 2, 21, 13, 4, 20, 14, 16, 7, 23], [1, 6, 4, 9, 3, 12, 2, 0, 10, 13], [1, 4, 9, 16, 19, 3, 8, 12, 2, 15, 17, 18, 7, 11], [15, 5, 17, 12, 21, 10, 6, 26, 0, 3, 8, 28, 24, 16, 25, 18, 7, 11, 27, 13, 2, 19]]
[[13, 7, 2, 12, 5, 0, 4, 10, 15, 18, 14, 16, 6, 3], [6, 17, 18, 13, 4, 8, 11, 2, 16, 3, 19, 0, 7, 12], [2, 10, 19, 12, 8, 14, 17, 5, 11, 20], [4, 1, 11, 8, 13, 7, 2, 12, 0, 10, 5, 9, 3], [6, 0, 3, 11, 10, 9, 15, 14, 7, 1], [16, 2, 19, 4, 6, 10, 26, 28, 0, 8, 11, 7, 3, 17, 24, 5, 18, 20, 25, 27, 21], [12, 9, 15, 4, 7, 16, 3, 6, 14, 13, 11, 0, 17], [23, 7, 6, 0, 18, 21, 25, 1, 4, 12, 14, 19, 26, 8, 10, 11, 24, 22, 17], [16, 1, 11, 3, 9, 12, 22, 2, 17, 8, 21, 0, 18, 10, 19, 4, 13], [6, 19, 25, 16, 10, 23, 8, 14, 27, 3, 17, 0, 1, 2, 7, 26, 4, 11, 20]]
[[9, 13, 4, 15, 6, 18, 0, 5, 7, 14, 10, 17, 1, 8, 19], [4, 0, 8, 10, 16, 14, 5, 12, 9, 18, 13, 7, 15, 1, 19], [11, 5, 1, 9, 7, 2, 4, 0, 3, 8], [16, 4, 9, 7, 14, 13, 2, 12, 6, 10, 0, 17, 15], [14, 18, 1, 16, 21, 5, 8, 10, 11, 17, 3, 23, 2, 22, 6, 0, 15, 19, 7, 24], [14, 10, 12, 19, 17, 7, 11, 22, 0, 4, 9, 21, 5, 15, 2], [6, 11, 26, 31, 4, 8, 16, 13, 18, 22, 23, 1, 9, 17, 21, 15, 3, 2, 24]]
[[8, 0, 4, 3, 14, 9, 17, 18, 11, 7], [6, 26, 46, 4, 11, 15, 20, 36, 44, 2, 12, 16, 21, 33, 37, 41, 32, 1, 43, 9, 40, 30, 35, 0, 8, 39, 42, 24, 38, 13, 19], [15, 1, 5, 7, 2, 12, 0, 16, 17, 18, 11, 19, 6], [18, 10, 16, 21, 26, 7, 11, 1, 4, 22, 6, 0, 3, 2, 12, 23], [9, 17, 0, 7, 12, 21, 23, 1, 13, 24, 6, 16, 20, 18, 10, 14, 22, 25], [18, 13, 7, 11, 5, 3, 10, 16, 0, 15, 19, 4]]
[[2, 7, 18, 15, 3, 9, 20, 5, 13, 17, 14, 0, 21, 6, 11], [19, 2, 7, 24, 13, 16, 22, 28, 10, 5, 30, 1, 9, 4, 14, 0, 6, 26, 29, 11, 20], [3, 12, 9, 7, 6, 13, 0, 10, 11], [15, 24, 3, 28, 1, 9, 11, 22, 39, 19, 5, 30, 37, 16, 31, 7, 34, 10, 0, 29, 36, 18, 26, 12, 40, 41, 20, 8, 27, 32, 38]]
[[14, 9, 12, 15, 3, 10, 2, 8, 13, 0, 1, 7, 11, 16], [1, 3, 6, 10, 20, 4, 11, 14, 18, 2, 0, 9], [7, 14, 17, 1, 8, 11, 15, 18, 10, 6, 13, 0, 5, 12, 19], [5, 0, 6, 3, 2], [2, 0, 3, 6], [6, 2, 9, 10, 3, 0, 1, 7, 4, 11], [12, 6, 8, 2, 15, 0, 3, 9, 13, 16, 11, 7], [7, 2, 5, 9, 8, 0, 6, 1], [25, 4, 13, 8, 15, 10, 19, 23, 16, 6, 9, 18, 3, 0, 5, 7, 14, 17, 26, 24, 20, 27]]
[[15, 8, 12, 3, 10, 2, 9, 0, 1, 7, 16, 13], [7, 1, 5, 3, 2, 0, 8, 6], [24, 29, 27, 13, 18, 25, 15, 6, 20, 12, 16, 1, 10, 21, 31, 5, 0, 11, 14, 19, 26, 28, 30, 3, 22], [10, 15, 8, 17, 1, 2, 5, 13, 0, 16, 12, 14, 3, 18]]
[[11, 2, 8, 0, 5, 4, 12, 10, 7, 9, 6], [10, 12, 7, 15, 18, 2, 8, 16, 13, 1, 14, 0, 11, 17], [15, 5, 7, 1, 8, 0, 4, 16, 12, 3, 14, 6], [24, 4, 23, 2, 17, 8, 0, 14, 20, 10, 22, 30, 13, 19, 26, 27, 5, 9, 15, 21, 28], [7, 9, 12, 13, 0, 2, 5, 8, 14, 15, 1, 6, 3, 16], [9, 0, 4, 11, 1, 5, 12, 10, 8, 2], [15, 11, 18, 21, 0, 2, 7, 19, 13, 6, 12, 5, 10, 16, 8, 14, 17, 22, 3], [14, 21, 2, 6, 9, 19, 0, 3, 7, 10, 17, 22, 25, 5, 15, 23, 16, 18, 26, 11], [1, 3, 10, 4, 7, 11, 2, 9, 6, 5], [20, 22, 6, 17, 25, 7, 18, 26, 16, 5, 24, 12, 1, 2, 3, 23, 15, 4, 10, 21, 27, 13], [0, 13, 2, 5, 10, 15, 18, 3, 6, 11, 16, 14, 1, 9, 19]]
[[14, 5, 8, 17, 19, 0, 4, 11, 15, 3, 20, 1, 13, 16, 12, 7], [1, 4, 6, 7, 3, 2, 0, 8], [6, 12, 2, 9, 15, 0, 14, 1, 8, 13, 3, 4, 11, 7, 10, 16], [1, 5, 13, 14, 4, 11, 9, 0, 16, 12, 3, 2, 6, 17, 18, 19], [15, 5, 0, 7, 1, 8, 6, 4, 16], [10, 28, 20, 9, 27, 0, 12, 33, 3, 13, 17, 21, 30, 34, 29, 11, 32, 16, 15, 31, 5, 23, 1, 4, 22], [3, 5, 9, 6, 4, 10, 0], [10, 29, 22, 9, 0, 12, 19, 31, 37, 3, 13, 17, 23, 32, 30, 11, 16, 35, 15, 34, 5, 25, 36, 1, 33, 4, 24], [12, 4, 15, 5, 8, 14, 7, 13, 2, 11, 16, 10, 9], [19, 17, 14, 15, 10, 18, 4, 0, 6, 20, 16, 7, 9, 2, 8, 11]]
[[5, 8, 16, 6, 0, 4, 12, 13, 11, 17], [7, 9, 2, 10, 1, 8, 0, 6, 5, 3], [4, 6, 9, 7, 1, 5, 0, 3], [3, 11, 16, 7, 20, 22, 24, 17, 2, 10, 5, 13, 0, 6, 21, 1, 4, 9, 12, 15], [13, 20, 24, 2, 8, 4, 9, 10, 6, 1, 22, 23, 28, 0, 3, 21, 14, 25, 16, 7, 29, 26], [3, 8, 5, 11, 4, 13, 0, 14, 2, 12, 6], [6, 13, 2, 14, 7, 10, 3, 12], [1, 3, 6, 8, 4, 9, 2, 0], [5, 1, 4, 9, 2, 0, 8, 6], [1, 3, 5, 0, 2], [3, 5, 0, 2, 4, 1, 6]]
[[16, 9, 4, 6, 23, 0, 13, 21, 24, 3, 10, 12, 18, 8, 19, 14, 25], [4, 10, 15, 3, 9, 17, 0, 14, 20, 8, 1, 11, 18], [14, 10, 8, 16, 0, 3, 12, 2, 15, 9, 13, 7, 5], [9, 4, 17, 21, 29, 2, 6, 15, 30, 14, 5, 10, 0, 13, 22, 23, 26, 3, 24, 28, 31], [3, 0, 5, 4, 2], [4, 13, 14, 2, 11, 5, 0, 10, 6, 12, 15, 7], [3, 0, 2, 5, 6], [10, 7, 15, 0, 4, 8, 14, 3, 2, 13, 11, 12, 19, 16, 18], [17, 14, 4, 12, 24, 2, 25, 23, 18, 5, 0, 19, 20, 9, 15, 6, 11, 13, 10], [3, 0, 2, 4], [11, 2, 8, 14, 0, 5, 9, 15, 21, 20, 4, 3, 19, 12, 13, 23, 17, 16, 22], [6, 2, 15, 8, 11, 17, 0, 4, 9, 12, 18, 16, 3, 7, 19, 13], [10, 3, 8, 12, 0, 5, 13, 4, 11, 6], [5, 6, 2, 4, 9, 1, 3], [1, 4, 0, 3, 2, 5]]
[[16, 5, 10, 3, 2, 9, 11, 8, 14, 17, 0, 6, 12], [16, 8, 6, 14, 0, 4, 10, 3, 12, 2], [8, 13, 15, 3, 0, 11, 2, 9, 12], [2, 5, 9, 7, 8], [10, 14, 16, 12, 17, 1, 5, 8, 0, 11, 3, 9, 6], [25, 2, 4, 7, 10, 16, 23, 17, 21, 20, 3, 13, 15, 12, 5, 6, 8], [16, 2, 14, 12, 3, 11, 4, 5, 7], [9, 13, 21, 2, 5, 19, 15, 12, 10, 0, 4, 18, 14, 30, 6, 16], [5, 9, 0, 3, 7, 2, 6, 8, 1, 4]]
[[10, 19, 7, 12, 3, 5, 14, 22, 25, 0, 20, 13, 8, 18, 2, 11, 17, 21, 26, 1, 9], [6, 11, 19, 14, 1, 20, 17, 21, 2, 9, 22, 0, 3, 4, 15], [9, 29, 3, 23, 17, 25, 0, 11, 21, 15, 5, 26, 18, 20, 4, 16, 24, 10, 7, 1, 22, 13, 27, 19], [8, 3, 10, 13, 0, 11, 9, 4, 7, 14], [8, 10, 3, 12, 0, 11, 15, 5, 6, 16, 9, 4, 7], [9, 14, 11, 19, 3, 7, 1, 4, 0, 12, 15, 20, 5, 17], [11, 5, 14, 2, 4, 0, 6, 8, 15, 16], [0, 8, 10, 15, 1, 3, 9, 4, 7, 13, 16, 5, 14]]
[[9, 2, 15, 24, 11, 19, 29, 12, 30, 3, 16, 25, 6, 5, 27, 20, 10, 18, 14, 23, 13, 21, 7], [8, 12, 1, 10, 2, 17, 11, 13, 9, 4, 14], [26, 1, 18, 15, 16, 4, 10, 12, 21, 28, 6, 22, 29, 5, 8, 20, 3, 2, 25, 9, 27, 24, 7, 11, 13], [7, 0, 1, 9, 2], [2, 8, 11, 0, 9, 3, 5, 10], [9, 15, 12, 2, 17, 5, 0, 13, 10, 16, 11, 14, 3, 18], [9, 1, 3, 11, 6, 5, 0, 2], [0, 3, 2, 7, 9, 6, 1, 8, 4]]
[[7, 9, 0, 3, 8, 2, 4, 5], [0, 16, 23, 8, 12, 19, 4, 13, 6, 1, 17, 3, 18], [8, 27, 17, 23, 19, 15, 0, 4, 21, 24, 20, 2, 7, 28, 3, 11, 12, 18, 9, 26, 16, 14], [6, 4, 1, 8, 7, 2, 0, 5, 3, 9], [10, 17, 5, 8, 14, 20, 4, 1, 19, 0, 12, 16, 6, 2, 13]]
[[21, 2, 19, 7, 8, 10, 14, 23, 12, 15, 24, 11, 20, 3, 17, 5, 9, 22, 18, 6], [5, 17, 23, 26, 0, 20, 11, 18, 1, 21, 3, 12, 13, 19, 16, 10, 6, 24, 27, 22, 8, 14], [14, 2, 7, 0, 9, 16, 5, 4, 8, 18, 11, 15, 6, 3, 12], [8, 4, 12, 5, 13, 9, 0, 1, 3, 11], [10, 14, 1, 17, 23, 8, 11, 15, 21, 2, 3, 4, 7, 20, 0, 18, 24, 22, 5, 19], [11, 22, 9, 28, 0, 3, 13, 26, 10, 5, 19, 17, 21, 25, 29, 1, 8, 16, 18, 12, 23, 14, 6], [12, 32, 2, 8, 6, 9, 22, 24, 30, 3, 25, 7, 19, 0, 18, 20, 10, 15, 17, 13, 28, 27, 26, 11, 21]]
[[16, 3, 13, 0, 6, 14, 18, 5, 10, 8, 20, 12, 9, 17, 1], [10, 5, 12, 7, 20, 3, 18, 23, 1, 6, 17, 2, 11, 14, 0, 13, 15], [1, 4, 9, 10, 8, 12, 17, 15, 16, 18, 13], [2, 4, 12, 6, 9, 13, 22, 0, 8, 21, 5, 17, 1, 3, 18, 23], [2, 6, 11, 0, 12, 17, 25, 5, 10, 19, 16, 21, 24, 26, 14, 13], [6, 2, 12, 4, 8, 3, 13, 1, 15, 0, 11, 7, 16], [13, 23, 0, 24, 1, 25, 3, 16, 10, 5, 9, 6, 26, 11, 17, 20], [7, 11, 1, 13, 18, 5, 14, 19, 2, 17, 0, 12, 8, 21, 3, 15], [9, 16, 6, 13, 1, 4, 0, 7, 8, 20, 10, 17, 18, 11]]
[[8, 2, 10, 14, 13, 1, 5, 9, 3, 11], [22, 3, 16, 19, 0, 5, 8, 17, 20, 7, 12, 24, 25, 26, 15, 4, 11, 23, 18, 13], [4, 0, 1, 6, 9, 8, 5], [6, 0, 3, 7, 2, 4], [3, 5, 1, 6, 4, 10, 0, 11, 9, 12], [5, 7, 2, 8, 10, 6, 0, 3], [1, 3, 6, 7, 2, 0, 4], [11, 0, 5, 13, 1, 14, 10, 4, 9, 8, 12, 2], [0, 3, 4, 6, 2, 1], [8, 16, 2, 4, 13, 0, 9, 14, 3, 11, 12, 5], [1, 5, 3, 6, 0, 2, 10, 8, 9, 11], [0, 4, 6, 13, 16, 7, 14, 17, 11, 10, 1], [3, 4, 1, 6, 0, 7], [7, 2, 8, 12, 11, 5, 0, 6, 14, 15, 16, 3], [6, 11, 1, 3, 4, 12, 2, 9, 7, 14, 0, 8], [21, 27, 9, 17, 20, 10, 14, 18, 23, 13, 3, 0, 22, 4, 11, 7, 15], [14, 2, 8, 11, 24, 0, 4, 9, 12, 22, 25, 6, 17, 19, 16, 21, 3, 18, 15, 7, 10]]
[[8, 19, 17, 12, 22, 21, 11, 18, 16, 20, 0, 2, 4, 13, 23], [22, 13, 0, 14, 18, 23, 3, 6, 7, 5, 4, 1, 11, 19], [11, 15, 14, 2, 7, 0, 9, 1, 6, 12, 16, 3, 10], [8, 0, 11, 12, 3, 6, 7, 9, 10, 13, 1, 14], [3, 5, 4, 1, 2, 0], [21, 25, 3, 12, 1, 8, 30, 9, 14, 7, 19, 4, 29, 13, 28, 22, 26, 31, 10, 20], [10, 13, 18, 3, 1, 16, 4, 8, 11, 14, 19, 15, 9], [0, 18, 4, 10, 12, 21, 13, 7, 1, 11, 2, 14], [11, 12, 19, 20, 18, 7, 1, 9, 0, 5, 3, 4, 6, 8, 13, 15, 16, 21, 10], [9, 0, 7, 5, 12, 10, 13, 14, 16, 1, 2, 11]]
[[4, 11, 21, 18, 17, 14, 15, 16, 10, 0, 5, 2, 8], [0, 9, 7, 14, 6, 13, 15, 1, 11], [16, 2, 6, 8, 12, 0, 9, 17, 4, 7], [13, 31, 25, 4, 15, 7, 10, 35, 8, 28, 36, 27, 2, 1, 5, 29, 32, 37, 20, 23, 14, 6, 17, 33, 3, 30, 38, 18], [12, 22, 3, 10, 17, 18, 21, 25, 4, 0, 6, 19, 13, 23, 14, 11, 16, 26]]
[[6, 10, 1, 3, 4, 15, 8, 2, 9, 13, 14, 7, 16, 11], [18, 3, 1, 15, 6, 9, 7, 5, 16, 2, 12, 17, 19, 20, 21, 0, 4, 13], [23, 13, 11, 4, 24, 9, 15, 28, 0, 29, 14, 6, 22, 5, 7, 25, 21, 18, 26, 12, 19, 30, 8], [16, 17, 0, 6, 14, 11, 4, 10, 5, 21, 22, 9, 19, 20, 12], [6, 0, 8, 12, 19, 1, 4, 9, 7, 13, 16, 17, 14, 20, 18]]
[[2, 18, 16, 15, 20, 8, 10, 7, 12, 17, 19, 13], [9, 2, 5, 1, 7, 10], [31, 18, 13, 24, 25, 34, 6, 8, 15, 30, 16, 4, 20, 35, 12, 19, 29, 0, 2, 26, 3, 11, 28, 32, 14, 5, 36], [25, 36, 26, 3, 17, 29, 0, 6, 10, 12, 39, 22, 34, 28, 8, 16, 30, 21, 18, 33, 15, 20, 27, 38, 40, 1, 31], [11, 3, 8, 13, 4, 9, 14, 6, 0, 1, 7, 15], [0, 2, 3, 1], [3, 5, 0, 2, 4, 1, 6]]
[[8, 10, 12, 0, 3, 2, 9, 11, 13, 6, 4], [13, 8, 10, 0, 4, 11, 18, 3, 9, 16, 7, 14, 6, 17, 1], [2, 3, 5, 8, 7, 6, 9, 4], [0, 9, 13, 1, 7, 10, 4, 6, 14], [10, 4, 8, 15, 17, 12, 1, 6, 5, 3, 11, 0, 7, 9, 16], [2, 0, 3], [0, 6, 9, 16, 23, 1, 7, 10, 13, 17, 12, 5, 22, 4, 21, 20], [10, 0, 8, 6, 5, 7, 11, 1, 2], [9, 0, 1, 4, 2, 5, 10, 8], [19, 5, 16, 15, 2, 3, 6, 7, 12, 20, 10, 9, 8, 22, 23, 13, 4, 21], [13, 16, 2, 5, 8, 6, 4, 11, 19, 3, 22, 12, 21, 10, 18, 14, 0], [21, 5, 15, 0, 8, 18, 11, 16, 6, 13, 17, 19, 25, 24, 14, 20, 23, 22, 1, 9, 7]]
[[27, 3, 15, 24, 32, 35, 0, 5, 13, 19, 33, 12, 22, 18, 30, 28, 1, 31, 7, 17, 34, 20, 36], [2, 6, 11, 0, 3, 8, 5, 1, 9, 14], [10, 16, 2, 4, 14, 0, 7, 18, 3, 6, 17, 20, 23, 12, 8, 21, 5, 13], [8, 2, 15, 0, 5, 11, 4, 3, 9, 12, 10, 16, 7, 14, 13], [18, 11, 0, 3, 21, 23, 25, 1, 4, 8, 14, 26, 13, 12, 22, 20, 17, 24, 27, 15], [5, 12, 10, 2, 14, 0, 7, 15, 4, 11, 3, 6, 13, 9, 16], [13, 17, 20, 15, 18, 1, 6, 9, 5, 14, 10, 21, 7]]
[[16, 3, 4, 7, 2, 9, 0, 13, 1, 14, 10], [1, 9, 4, 0, 5, 8, 2, 6], [11, 24, 2, 15, 16, 17, 1, 6, 22, 0, 23, 5, 21, 14, 25, 7, 18, 8, 13, 26], [17, 3, 9, 1, 11, 8, 5, 19, 4, 13, 10, 0, 18, 12, 20, 2, 6, 15, 14], [13, 5, 0, 1, 3, 17, 7, 15, 2, 6, 16, 10, 14, 8, 12], [14, 17, 5, 8, 11, 0, 6, 9, 2, 3, 18, 15, 12, 4], [19, 39, 0, 18, 9, 24, 25, 36, 30, 33, 41, 13, 27, 31, 42, 2, 5, 17, 10, 20, 26, 37, 3, 6, 22, 12, 1, 8, 23, 35, 40, 15, 38, 21, 34, 14, 11]]
[[19, 31, 0, 3, 24, 27, 1, 4, 21, 25, 28, 20, 14, 32, 18, 13, 22, 29, 16], [25, 32, 0, 10, 22, 28, 30, 4, 11, 15, 23, 33, 27, 9, 14, 19, 8, 18, 26, 21, 24, 29, 31, 1, 5, 16], [6, 10, 1, 3, 11, 14, 2, 9, 0, 8, 7], [12, 7, 20, 1, 5, 10, 17, 21, 0, 9, 8, 16, 2, 13, 18], [8, 1, 6, 10, 2, 12, 13, 4, 0, 9, 7], [7, 21, 6, 23, 9, 13, 0, 3, 10, 14, 18, 17, 24, 8, 22, 4, 11], [12, 10, 7, 16, 1, 15, 8, 4, 0, 11, 14, 13, 5, 9, 17, 2], [8, 2, 11, 12, 3, 5, 9, 0, 6, 13]]
[[6, 5, 31, 12, 28, 37, 23, 39, 17, 33, 2, 22, 13, 8, 15, 19, 20, 16, 34, 38, 11, 27, 7, 32, 36, 29, 18, 35, 41, 9, 30], [10, 1, 3, 4, 11, 2, 9, 14, 0, 8, 13, 15], [0, 10, 2, 11, 1, 4, 5], [8, 11, 15, 0, 5, 1, 6, 16, 10, 9, 12, 13], [1, 16, 4, 18, 3, 11, 14, 2, 15, 5, 7, 12], [8, 1, 0, 11, 2, 9, 10], [11, 5, 8, 0, 9, 12, 3, 13, 7], [7, 12, 3, 13, 17, 9, 0, 10, 15, 2, 8, 11, 16], [14, 4, 7, 18, 17, 0, 8, 12, 1, 9], [2, 3, 4, 0], [7, 10, 0, 5, 4, 2], [3, 15, 5, 6, 11, 23, 13, 16, 20, 7, 8, 10, 12, 0, 4, 19, 21, 17]]
[[9, 21, 0, 13, 16, 1, 5, 11, 8, 7, 10, 12, 2], [12, 2, 7, 16, 3, 11, 1, 5, 9, 8, 14, 0, 13, 6], [7, 17, 25, 10, 22, 0, 18, 14, 28, 27, 11, 5, 32, 23, 13, 3, 4, 21, 26, 31, 9, 24, 29, 30, 6], [14, 17, 0, 8, 2, 5, 9, 21, 11, 4, 18, 19, 6, 12, 22], [0, 5, 10, 13, 7, 15, 18, 11, 1, 2, 17, 14, 16, 3], [12, 7, 15, 9, 2, 10, 4, 8, 0, 13, 6, 14, 16, 5], [24, 5, 9, 20, 2, 7, 30, 22, 28, 15, 11, 21, 0, 25, 19, 26, 16, 3, 12]]
[[11, 15, 13, 9, 21, 7, 16, 22, 6, 14, 1, 18, 19, 12, 2, 20], [9, 7, 0, 4, 14, 2, 6, 13, 17, 10, 12, 11, 3], [6, 18, 3, 8, 0, 15, 1, 9, 11, 4, 17, 12, 14, 7, 16, 19, 5], [7, 18, 8, 12, 5, 9, 13, 0, 3, 21, 17, 11, 4, 16, 20, 22], [26, 22, 20, 4, 18, 31, 5, 16, 23, 25, 10, 9, 11, 24, 30, 15, 29, 27, 21, 6, 32], [4, 8, 18, 10, 15, 22, 7, 20, 1, 12, 2, 6, 13, 14, 0, 5, 9, 19, 16]]
[[2, 9, 6, 16, 22, 25, 23, 31, 30, 3, 14, 21, 29, 15, 5, 10, 20, 27, 8, 12, 26, 7], [0, 10, 3, 13, 8, 1, 11, 6, 5], [21, 7, 2, 13, 17, 9, 18, 8, 5, 1, 6, 16, 11, 12, 19, 0, 22, 20, 14], [3, 0, 13, 17, 1, 15, 18, 4, 14, 10, 9, 6, 8, 12, 20, 19], [8, 13, 0, 9, 14, 6, 2, 11, 3, 4, 7, 12], [4, 11, 17, 9, 19, 14, 13, 1, 18, 2, 8, 5, 16, 6, 12, 10, 20], [13, 11, 0, 16, 3, 17, 2, 9, 5, 15, 10, 1, 8, 12, 18, 6], [15, 3, 6, 17, 4, 13, 19, 12, 9, 0, 10, 2, 16, 18]]
[[6, 10, 12, 4, 3, 5, 11, 13], [17, 9, 2, 12, 0, 6, 13, 18, 11, 23, 3, 5, 21, 22, 16, 4, 10, 15, 20, 7], [4, 12, 2, 7, 5, 10, 11, 8], [0, 10, 8, 11, 1], [16, 3, 6, 10, 20, 0, 18, 8, 5, 2, 22, 4, 17, 21, 23, 11], [5, 10, 2, 3, 0, 8, 9, 6, 11], [5, 7, 10, 0, 3, 8, 2], [2, 0, 3], [3, 10, 15, 1, 5, 16, 4, 8, 11, 13, 9, 6], [21, 22, 0, 13, 5, 11, 24, 10, 19, 15, 20, 9, 23, 1, 16, 6], [3, 11, 14, 9, 0, 20, 8, 16, 2, 19, 22, 12, 13, 17, 10, 6], [5, 18, 0, 3, 8, 13, 11, 6, 14, 16, 12, 1, 9, 19], [12, 3, 5, 0, 13, 9, 2, 7, 8], [12, 0, 8, 4, 5, 7, 2], [12, 3, 13, 20, 0, 10, 16, 2, 8, 19, 9, 7, 14, 18, 15, 4, 17, 5, 21], [9, 7, 10, 4, 13, 0, 12, 5, 2]]
[[15, 3, 10, 4, 19, 7, 1, 9, 0, 16, 17, 20, 2], [17, 16, 11, 7, 0, 22, 5, 19, 23, 14, 10, 9, 26, 12, 18, 20], [20, 5, 0, 12, 3, 17, 6, 10, 11, 8, 19, 21, 22, 23, 15], [11, 15, 5, 21, 2, 19, 22, 18, 7, 0, 16, 8, 3, 9], [3, 4, 0, 9, 11, 6, 5, 1, 7], [6, 19, 37, 27, 29, 24, 0, 26, 5, 10, 14, 32, 34, 39, 2, 8, 30, 35, 40, 1, 28, 13, 20, 7, 21, 25, 36, 41, 3, 23]]
[[4, 2, 6, 9, 0, 7, 5], [8, 3, 6, 14, 17, 4, 10, 2, 12, 7, 18, 9, 13], [14, 0, 2, 3, 5, 8, 18, 20, 6, 21, 1, 17, 16, 15, 11], [3, 14, 0, 4, 6, 2, 8, 15, 16, 13, 17, 9], [8, 20, 0, 5, 11, 14, 15, 3, 16, 23, 9, 22, 21, 19, 24, 17, 13], [8, 4, 6, 11, 14, 20, 22, 2, 23, 19, 9, 0, 10, 18, 17, 15, 21, 7], [10, 8, 14, 17, 6, 15, 18, 4, 0, 13, 12, 5, 19, 2], [0, 22, 31, 6, 30, 13, 18, 25, 8, 16, 19, 26, 28, 32, 1, 7, 11, 5, 29, 2, 3, 23]]
[[0], [2, 10, 14, 19, 0, 5, 20, 13, 4, 9, 15, 18, 17, 7, 6, 21, 16], [15, 4, 10, 19, 0, 6, 12, 13, 5, 11, 21, 20, 9, 18, 16, 14, 1], [13, 0, 6, 8, 2, 11, 3, 10, 1, 16, 9, 19, 7, 15, 14, 12, 4, 17], [7, 19, 6, 18, 11, 13, 23, 25, 9, 21, 26, 8, 20, 0, 17, 2, 22, 24, 27, 4, 14], [12, 0, 5, 4, 1, 6], [18, 2, 7, 11, 4, 10, 1, 15, 17, 0, 3, 19, 13, 12, 5], [30, 13, 3, 21, 5, 33, 27, 18, 28, 6, 23, 15, 34, 0, 2, 7, 14, 17, 22, 32, 12, 29, 8, 9, 19, 25]]
[[22, 32, 12, 8, 34, 37, 6, 23, 30, 35, 29, 5, 14, 11, 18, 10, 13, 33, 24, 25, 16], [8, 14, 19, 26, 16, 22, 28, 3, 23, 24, 12, 2, 6, 7, 5, 15, 20, 27, 21, 18, 9, 17, 29], [8, 22, 15, 18, 26, 0, 16, 3, 10, 23, 14, 7, 12, 9, 21, 24, 1, 4], [8, 7, 10, 0, 9, 12], [4, 23, 36, 0, 14, 19, 28, 12, 15, 20, 26, 29, 2, 33, 8, 37, 24, 11, 21, 5, 25, 35, 16, 27, 34, 17, 30], [0, 22, 2, 15, 17, 30, 33, 3, 19, 27, 31, 18, 1, 9, 23, 29, 13, 26, 8, 21, 14, 24, 6, 16, 20, 11], [8, 20, 15, 2, 13, 23, 26, 6, 24, 5, 16, 0, 18, 9, 21, 12, 7]]
[[16, 14, 7, 10, 3, 8, 11, 5, 1, 15, 2, 13, 17, 6, 12], [19, 10, 26, 6, 11, 20, 4, 8, 22, 13, 15, 2, 3, 5, 9, 18, 23, 24, 0, 14, 21, 27, 16, 25], [19, 30, 36, 41, 3, 2, 10, 21, 24, 34, 0, 5, 8, 11, 22, 25, 20, 7, 13, 32, 38, 43, 4, 29, 27, 17, 40, 1, 15, 16, 28, 31, 37, 42, 14, 33, 23, 26, 45], [9, 16, 11, 22, 3, 13, 23, 12, 15, 7, 19, 0, 10, 17, 4, 20, 21], [3, 9, 13, 2, 18, 19, 15, 12, 17, 14, 16, 4, 5, 1]]
[[15, 3, 10, 19, 22, 0, 7, 11, 20, 16, 5, 6, 14, 18, 21, 23, 1, 8, 17], [6, 2, 10, 0, 3, 7, 8], [9, 0, 5, 13, 15, 11, 2, 7, 4, 12, 10], [12, 22, 9, 16, 5, 10, 17, 20, 19, 2, 15, 8, 7, 14, 13, 23, 0, 21, 3], [7, 0, 1, 9, 8, 10, 4, 11, 6], [1, 14, 8, 3, 2, 11, 15, 5, 16, 17, 6], [12, 10, 0, 1, 17, 19, 6, 13, 3, 7, 11, 16, 15, 9, 4, 20, 8], [11, 4, 8, 1, 12, 2, 6, 5, 0, 7, 14, 9, 13, 15]]
[[13, 5, 11, 16, 3, 8, 17, 15, 2, 10, 20, 19, 7, 6], [29, 0, 10, 15, 20, 5, 8, 21, 7, 18, 14, 17, 30, 24, 19], [14, 24, 6, 9, 11, 18, 4, 0, 3, 16, 23, 17, 21, 25, 20, 5, 10, 19, 12, 22], [9, 3, 14, 15, 0, 2, 4, 16, 13, 11, 20, 19, 5, 17], [7, 2, 9, 11, 0, 12, 14, 13, 3, 10, 8], [5, 3, 6, 8, 0, 1], [2, 10, 3, 6, 11, 5, 16, 1, 22, 9, 14, 0, 13, 17, 7, 19]]
[[0, 11, 1, 5, 8, 4, 7, 10, 2, 9], [11, 3, 9, 16, 14, 7, 2, 6, 13, 0], [8, 0, 2, 16, 11, 9, 13, 5, 7, 3], [7, 11, 13, 17, 18, 19, 5, 0, 4, 10, 2, 14], [10, 24, 2, 14, 4, 21, 5, 12, 3, 15, 19, 17, 25, 11, 0, 6, 22, 20], [14, 0, 11, 20, 21, 19, 17, 5, 8, 24, 9, 7, 16, 10, 3, 15, 25], [8, 1, 12, 5, 0, 4, 10, 6, 13]]
[[12, 10, 2, 1, 5, 18, 4, 16, 19, 6, 9, 13], [8, 2, 0, 3, 10], [1, 8, 15, 3, 16, 11, 19, 12, 5, 4, 9, 17, 6, 18], [16, 1, 5, 14, 21, 24, 7, 11, 19, 18, 10, 2, 4, 6, 25, 0, 17, 20], [12, 14, 3, 5, 16, 6, 10, 22, 15, 1, 9, 20, 2, 19, 18, 17, 4], [0, 8, 11, 18, 21, 12, 6, 23, 4, 3, 13, 16, 17, 19, 14, 24, 15, 25]]
[[4, 10, 1, 8, 7, 3, 0, 5], [18, 9, 10, 15, 5, 12, 0, 3, 2, 11, 19, 16, 1, 8, 14, 17, 13], [12, 14, 3, 9, 10, 1, 15, 8, 13, 2], [23, 2, 3, 11, 0, 7, 20, 8, 16, 21, 5, 19, 15, 12, 22, 17, 13], [10, 17, 2, 15, 1, 14, 19, 7, 20, 3, 16, 4, 6, 18, 13, 8], [9, 7, 14, 5, 1, 11, 4, 0, 12, 13, 15, 2]]
[[16, 0, 3, 12, 1, 13, 8, 11, 10, 14], [11, 1, 8, 6, 13, 5, 2, 0, 12, 9], [11, 1, 7, 17, 13, 8, 14, 19, 2, 18, 10, 9, 12, 0]]
[[8, 20, 13, 2, 10, 18, 0, 11, 15, 3, 6, 16, 5, 14, 9, 21, 17], [13, 19, 7, 8, 24, 17, 4, 20, 14, 0, 2, 3, 12, 18, 5, 9, 26, 21, 22, 15], [11, 26, 2, 5, 8, 14, 21, 24, 0, 6, 15, 27, 13, 28, 4, 3, 12, 20, 18, 19, 22, 7, 9], [7, 2, 19, 21, 26, 3, 9, 27, 17, 8, 25, 10, 14, 24, 15, 22, 4, 11, 23], [3, 5, 10, 14, 0, 6, 11, 9, 4, 8, 15], [12, 6, 0, 4, 7, 14, 3, 10, 9, 13, 15], [6, 2, 14, 0, 3, 8, 10, 15, 7, 13, 12, 17, 9, 16], [18, 15, 9, 17, 2, 12, 20, 24, 0, 3, 7, 13, 21, 25, 19, 5, 10, 16, 22, 11], [9, 13, 16, 19, 7, 1, 3, 10, 18, 0, 6, 11, 15, 5, 2, 20, 17, 12]]
[[5, 2, 1, 6, 3], [6, 15, 4, 7, 12, 3, 11, 0, 2, 10, 13], [11, 2, 5, 7, 1, 4, 0, 3], [4, 3, 0, 5, 6], [10, 2, 7, 17, 8, 18, 1, 21, 0, 15, 16, 3, 6, 22], [10, 1, 4, 3, 2, 0, 5], [3, 0, 6, 4], [9, 12, 17, 1, 3, 7, 24, 25, 4, 14, 18, 22, 26, 2, 21, 20, 13, 0, 5, 15], [17, 6, 9, 4, 7, 10, 3, 0, 18]]
[[15, 17, 2, 6, 9, 13, 18, 8, 12, 0, 11, 3], [6, 8, 14, 3, 19, 25, 4, 11, 20, 24, 1, 15, 16, 10, 0, 9, 17, 18, 21, 23, 26], [8, 11, 0, 2, 5, 10, 4, 12, 6], [7, 3, 4, 1, 0, 8, 5, 6], [0, 3, 10, 2, 9, 6, 5, 7, 11], [6, 8, 2, 15, 18, 3, 11, 16, 14, 10, 1, 0, 7, 19, 20], [4, 6, 13, 7, 11, 3, 10, 0, 2, 9, 5], [19, 6, 15, 27, 2, 7, 10, 16, 20, 24, 12, 4, 0, 14, 23, 28, 5, 29, 25], [0, 2, 1], [5, 0, 2, 4, 1, 3]]
[[17, 12, 5, 20, 9, 21, 4, 8, 13, 3, 15, 11, 6, 0, 18], [10, 5, 13, 3, 11, 1, 2, 0, 14], [4, 14, 19, 20, 7, 22, 12, 23, 1, 17, 18, 0, 11, 16, 21], [2, 0, 4], [22, 14, 23, 12, 19, 27, 0, 5, 9, 20, 15, 2, 4, 17, 8, 3, 16, 24, 6, 10, 25, 28, 18], [5, 7, 2, 12, 9, 4, 8, 3, 6, 10], [11, 1, 13, 15, 16, 3, 4, 12, 14, 9, 5, 6], [2, 6, 11, 7, 3, 0, 4, 12, 8, 9], [9, 3, 5, 11, 13, 0, 2, 6, 4, 10, 12], [0, 5, 3, 9, 8, 1, 2, 10, 4], [0, 10, 12, 4, 7, 15, 2, 1, 8, 11, 13, 19, 6, 16, 18, 14], [13, 4, 17, 2, 6, 19, 10, 0, 11, 21, 20, 3, 7, 18, 8, 14, 22, 23], [14, 6, 13, 7, 11, 1, 17, 10, 4, 18, 0, 5, 8, 2]]
[[7, 9, 3, 14, 17, 23, 26, 0, 11, 15, 18, 24, 6, 10, 5, 22, 8, 27, 4, 12, 19], [12, 3, 6, 9, 0, 7, 10, 4, 5], [13, 21, 31, 41, 0, 7, 11, 18, 23, 36, 5, 8, 24, 26, 33, 45, 17, 32, 4, 42, 20, 44, 3, 16, 30, 40, 39, 46, 1, 9, 34, 27, 38], [13, 6, 18, 0, 23, 1, 4, 8, 21, 7, 19, 17, 16, 25], [13, 9, 15, 7, 20, 4, 17, 21, 12, 16, 0, 11, 3, 14, 8, 18], [4, 12, 2, 9, 13, 15, 6, 0, 5, 8, 10]]
[[17, 1, 7, 4, 15, 19, 9, 3, 2, 20, 14, 8, 18, 5, 10, 21, 12], [5, 10, 18, 1, 9, 14, 2, 3, 11, 0, 8, 13, 15, 17, 4], [3, 24, 9, 0, 6, 20, 4, 22, 11, 18, 10, 13, 17, 25, 8, 19, 23, 5, 14, 26], [22, 8, 14, 26, 10, 4, 24, 19, 5, 20, 9, 1, 27, 15, 28, 17, 0, 23, 13, 25, 2], [5, 1, 8, 12, 3, 9, 13, 15, 2, 6, 10], [2, 4, 14, 18, 22, 25, 8, 15, 19, 24, 7, 13, 12, 17, 20, 23, 16, 26], [1, 15, 11, 8, 14, 7, 17, 6, 16, 2, 18], [4, 14, 21, 7, 11, 18, 10, 0, 15, 2, 5, 12, 16, 19]]
[[2, 18, 8, 12, 20, 3, 9, 13, 21, 0, 5, 19, 22, 7, 17, 23], [13, 5, 11, 16, 7, 2, 6, 17, 4, 8, 18], [13, 7, 3, 11, 1, 4, 9, 8, 0, 5], [14, 12, 0, 11, 3, 4, 6, 2, 16, 13, 15, 1, 10, 5, 7], [14, 2, 15, 32, 7, 8, 18, 3, 9, 16, 19, 27, 5, 22, 33, 0, 6, 10, 24, 29, 26, 36, 31, 28, 11, 23, 34], [0, 6, 19, 12, 16, 2, 4, 22, 14, 1, 8, 13, 15, 23, 11, 20, 7, 18, 5, 9], [8, 5, 9, 16, 13, 11, 4, 15, 0, 2]]
[[6, 14, 9, 4, 16, 3, 10, 2, 12, 13, 8, 0], [7, 5, 2, 4, 1, 0, 8, 3, 6], [20, 34, 17, 31, 10, 15, 26, 2, 22, 25, 36, 0, 3, 8, 23, 11, 18, 5, 32, 7, 12, 21, 28, 35, 16, 30, 9, 29, 38, 37, 13], [34, 19, 4, 26, 17, 0, 7, 8, 31, 36, 5, 9, 29, 12, 24, 28, 20, 3, 18, 21, 32, 27, 16, 25, 30, 1, 13]]
[[0, 14, 16, 10, 19, 2, 6, 20, 1, 9, 5, 18, 15, 3, 7, 11, 21], [3, 10, 4, 11, 15, 14, 7, 8], [16, 4, 10, 19, 22, 25, 5, 1, 14, 3, 7, 24, 0, 23, 8, 17, 20, 11, 2], [18, 15, 20, 6, 23, 7, 24, 5, 10, 16, 21, 2, 11, 22, 0, 14, 17, 19, 25, 3]]
[[7, 3, 9, 2, 8, 0, 1, 6, 12, 14], [8, 21, 26, 2, 17, 12, 23, 5, 13, 24, 27, 11, 4, 9, 10, 16, 18, 28, 19, 1], [1, 6, 10, 17, 26, 2, 8, 15, 5, 25, 7, 14, 22, 23, 0, 13, 21, 16, 20, 3, 18, 27], [10, 14, 2, 8, 16, 3, 9, 17, 1, 7, 15, 6, 13, 11], [10, 19, 7, 12, 14, 4, 8, 15, 21, 23, 2, 6, 20, 0, 1, 11, 18], [5, 0, 2, 8, 6, 3], [9, 17, 5, 12, 18, 4, 11, 0, 2, 10, 3, 8, 13, 15], [2, 4, 8, 13, 0, 5, 9, 14, 7, 3, 11]]
[[9, 3, 8, 6, 12, 19, 21, 24, 13, 10, 2, 5, 16, 1, 4, 15, 22, 7, 25, 18], [10, 2, 16, 0, 3, 13, 12, 15], [0, 5, 11, 13, 9, 4, 8, 1, 6], [9, 4, 18, 8, 16, 0, 11, 13, 5, 10, 15, 20, 7, 22, 23, 1, 12], [16, 0, 4, 6, 9, 13, 28, 7, 18, 25, 2, 22, 12, 23, 1, 5, 21, 17, 14, 10, 15, 26, 3], [18, 2, 11, 20, 0, 3, 22, 19, 6, 8, 9, 15, 16, 10, 21, 23, 12]]
[[32, 7, 10, 14, 18, 23, 25, 29, 0, 11, 20, 30, 9, 8, 28, 26, 12, 16, 17, 19, 21], [9, 16, 6, 10, 13, 14, 4, 3, 11, 7, 12, 17, 0, 18, 15], [15, 25, 0, 1, 9, 19, 2, 10, 26, 6, 22, 23, 13, 24, 18, 20, 16, 8, 14], [5, 16, 22, 14, 24, 0, 23, 2, 19, 20, 26, 10, 12, 6, 21, 13, 25, 3, 8]]
[[14, 13, 9, 0, 3, 18, 20, 23, 1, 4, 7, 24, 15, 10, 11, 16, 22, 26, 21, 25, 12], [2, 6, 17, 9, 5, 13, 0, 8, 16, 4, 12, 14, 10, 18], [11, 16, 18, 6, 14, 17, 0, 5, 13, 15, 19, 2, 3, 7, 9], [4, 10, 1, 7, 9, 0, 8, 2, 5], [8, 11, 18, 6, 9, 12, 15, 19, 14, 2, 5, 17, 0, 4, 16, 3], [15, 2, 5, 8, 3, 9, 11, 1, 7, 0, 16, 17], [8, 12, 5, 3, 6, 13, 9, 16, 0, 11, 2, 10, 17], [21, 2, 11, 5, 8, 23, 3, 6, 9, 12, 17, 0, 13, 20, 16, 22, 24, 14, 18]]
[[29, 7, 26, 32, 2, 8, 14, 18, 1, 17, 13, 23, 25, 22, 30, 4, 27, 33, 21, 31, 28, 35], [6, 3, 11, 4, 12, 2, 0, 7], [4, 11, 15, 0, 12, 10, 14, 16, 13], [12, 0, 6, 20, 1, 7, 14, 21, 5, 19, 18, 13, 17, 22], [3, 0, 2, 4], [3, 6, 8, 11, 0, 9, 5, 4, 12, 7], [6, 1, 5, 4, 2, 7], [2, 7, 8, 0, 3, 1], [0, 2], [2, 5, 4, 3, 0, 6]]
[[5, 8, 2, 6, 1, 12, 17, 11, 14, 15, 3, 9, 13], [4, 8, 5, 10, 3, 9, 0], [13, 0, 3, 12, 10, 14, 9, 11, 4, 5], [3, 7, 2, 1, 4, 5], [0, 9, 20, 34, 11, 4, 6, 24, 27, 29, 42, 22, 30, 1, 12, 43, 41, 45, 35, 13, 18, 36, 10, 37, 39, 26, 28, 2, 25, 31, 16], [11, 1, 3, 7, 2, 15, 4, 12, 14, 13, 8], [7, 2, 10, 12, 0, 6, 4, 8, 3, 13]]
[[7, 11, 28, 21, 31, 0, 19, 15, 23, 33, 8, 34, 2, 22, 16, 4, 18, 1, 14, 29, 32, 30, 5, 9], [13, 7, 10, 16, 19, 20, 8, 11, 2, 0, 1, 14, 5, 17, 15, 12], [2, 5, 7, 10, 13, 19, 0, 8, 11, 4, 6, 3, 17, 16, 18], [15, 8, 12, 22, 3, 16, 24, 9, 20, 19, 5, 23, 17, 0, 4, 2, 18, 6, 10]]
[[18, 6, 14, 20, 28, 12, 21, 24, 29, 2, 15, 7, 27, 0, 9, 17, 5, 26, 19, 10, 22, 3], [21, 54, 57, 17, 24, 22, 39, 42, 4, 34, 44, 45, 2, 27, 47, 51, 6, 14, 19, 55, 49, 41, 46, 35, 5, 18, 12, 13, 38, 26, 37, 33, 40, 43, 25, 15, 23, 20, 30, 48, 0, 7, 9, 28, 29, 52], [8, 1, 10, 7, 2, 6, 14, 19, 17, 18, 0, 13, 9, 3, 11, 15], [17, 0, 19, 11, 14, 16, 7, 13, 2, 10, 18, 9, 4, 20], [10, 15, 18, 23, 1, 19, 12, 5, 2, 22, 24, 27, 4, 0, 21, 20, 13]]
[[5, 7, 1, 6, 9, 8, 2], [7, 17, 2, 12, 3, 8, 11, 18, 10, 16, 0, 13], [2, 12, 19, 22, 25, 3, 9, 13, 26, 18, 1, 8, 0, 7, 14, 16, 10, 20, 23], [7, 18, 3, 9, 15, 20, 13, 19, 8, 2, 4, 16, 21, 0], [7, 1, 5, 9, 3, 10, 2, 0], [5, 8, 3, 13, 18, 10, 24, 9, 20, 19, 23, 14, 22, 26, 0, 11, 21, 25], [21, 19, 12, 14, 5, 3, 8, 20, 0, 13, 22, 16, 23, 4, 15, 9]]
[[23, 9, 12, 15, 13, 20, 4, 18, 11, 22, 0, 10, 24, 16, 26, 27, 8, 19, 5, 25], [5, 8, 13, 0, 9, 2, 12, 15, 11, 3, 16], [5, 14, 12, 2, 7, 11, 0, 3, 10, 13, 6, 8], [11, 9, 1, 7, 5, 13, 2, 10, 4, 0, 12, 17, 14], [5, 12, 8, 3, 4, 14, 15, 11, 10, 9, 13, 0], [13, 5, 2, 16, 0, 9, 7, 6, 14, 3], [11, 6, 8, 15, 17, 19, 2, 7, 9, 0, 16, 3, 12, 13]]
[[15, 18, 22, 4, 12, 20, 9, 11, 19, 28, 1, 5, 25, 8, 14, 27, 0, 13, 7, 26, 16, 21, 23, 10, 2, 29], [14, 2, 4, 0, 1, 8, 11, 7, 3, 18, 17, 15], [1, 0, 11, 7, 4, 6, 3, 10, 8, 9, 12, 5], [3, 2, 0], [15, 17, 5, 19, 12, 20, 18, 11, 2, 3, 10, 16, 0, 4, 7, 13], [11, 15, 3, 8, 6, 9, 12, 5, 16, 0, 4, 2, 14], [8, 15, 2, 10, 3, 6, 13, 17, 0, 4, 19, 22, 21, 11], [30, 23, 10, 29, 5, 12, 31, 0, 14, 20, 7, 15, 33, 13, 6, 32, 27, 11, 24, 28, 1, 3, 8, 16, 21, 34, 25], [10, 13, 3, 8, 15, 22, 1, 7, 2, 19, 21, 14, 0, 11, 20, 4, 16, 17, 23]]
[[10, 15, 4, 2, 1, 14, 11, 16, 17, 18], [12, 15, 3, 14, 20, 0, 4, 19, 13, 17, 1, 21, 9], [0, 5, 24, 31, 21, 30, 9, 1, 16, 19, 2, 10, 23, 18, 25, 6, 27, 3, 12], [7, 2, 1, 5, 0, 4, 8, 6], [4, 10, 14, 13, 1, 9, 7, 6, 8, 15, 2], [9, 3, 10, 0, 4, 2, 6, 7, 12, 15, 14, 8], [18, 24, 10, 12, 3, 15, 26, 0, 31, 2, 30, 14, 9, 29, 21, 8, 13, 19, 16, 22], [8, 11, 3, 9, 14, 4, 13, 2, 6, 12, 15, 16, 10, 0, 7], [10, 28, 11, 2, 18, 13, 22, 25, 37, 14, 38, 21, 7, 20, 0, 31, 32, 17, 12, 29, 23, 8, 26, 34, 35, 5]]
[[31, 12, 14, 22, 25, 28, 35, 7, 23, 32, 6, 11, 26, 10, 34, 27, 13, 24, 30, 36, 29, 33], [5, 14, 6, 13, 0, 9, 2, 3, 8, 11, 4], [18, 26, 28, 25, 3, 10, 12, 21, 4, 19, 9, 27, 7, 0, 6, 2, 15, 29], [8, 20, 22, 34, 42, 19, 5, 11, 13, 17, 24, 27, 29, 9, 14, 25, 36, 38, 23, 44, 21, 33, 40, 32, 39, 43, 15, 0, 41, 45], [32, 13, 10, 20, 8, 12, 4, 15, 30, 16, 21, 26, 9, 14, 25, 19, 22, 27, 18, 17, 0, 3, 23, 28], [18, 3, 11, 15, 12, 2, 5, 9, 1, 8, 6, 13, 16, 19], [30, 8, 10, 0, 21, 6, 7, 16, 3, 28, 1, 4, 24, 9, 17, 23, 20, 15, 11, 12, 25, 18]]
[[5, 7, 2, 9, 12, 1, 13, 14, 6, 11, 10, 3], [3, 15, 0, 8, 23, 4, 9, 18, 6, 22, 17, 7, 13, 1, 24, 10, 20], [4, 7, 13, 6, 12, 1, 2, 3, 10, 11, 16, 0, 17], [10, 25, 28, 19, 1, 13, 15, 30, 16, 20, 31, 24, 4, 3, 22, 23, 29, 14, 0, 26, 2, 5, 32], [5, 20, 19, 10, 13, 16, 0, 14, 21, 8, 9, 12, 17, 6, 22], [19, 5, 7, 13, 0, 2, 4, 12, 8, 10, 14], [10, 15, 2, 11, 17, 3, 6, 18, 5, 1, 16, 0, 13, 7], [21, 8, 2, 10, 19, 0, 3, 15, 5, 6, 7, 16, 18], [16, 29, 2, 23, 9, 12, 32, 3, 10, 13, 31, 1, 5, 24, 19, 27, 28, 8, 26, 0, 17, 18, 21, 11, 33, 6]]
[[15, 8, 11, 17, 20, 6, 12, 18, 21, 1, 16, 5, 0, 14, 13, 9, 22, 3], [7, 1, 11, 16, 4, 15, 9, 13, 2, 12, 6], [2, 8, 14, 3, 0, 16, 18, 13, 11, 17, 10, 12, 15, 19, 4, 6], [3, 15, 17, 7, 21, 8, 22, 5, 13, 18, 0, 2, 20, 4, 12, 16, 9, 23, 6, 14], [8, 16, 2, 14, 0, 5, 11, 6, 10, 9, 3, 7, 12], [9, 5, 3, 11, 1, 6, 0, 10, 2, 7], [14, 18, 0, 11, 17, 9, 12, 15, 19, 4, 8, 3, 1, 20, 6]]
[[10, 6, 12, 2, 9, 0, 3, 8, 1, 5, 11, 13], [10, 29, 5, 18, 21, 26, 2, 8, 17, 0, 16, 11, 30, 6, 12, 19, 31, 32, 20, 3, 13, 22, 27, 9], [22, 14, 24, 10, 7, 3, 12, 23, 2, 5, 0, 6, 21, 13, 15], [7, 15, 10, 17, 21, 16, 1, 5, 23, 11, 19, 20, 22, 18, 0, 12, 2, 4], [3, 14, 17, 9, 11, 21, 0, 15, 19, 4, 1, 18, 5, 6, 12], [0, 1, 7, 6, 5, 10, 8, 11], [12, 14, 11, 19, 0, 4, 2, 13, 10, 15], [0, 11, 4, 8, 3, 1, 12, 9, 13], [1, 2, 4, 0, 3], [5, 18, 1, 7, 15, 20, 14, 13, 4, 3, 6, 19, 11, 8, 16], [0, 3, 2], [5, 0, 2, 4, 1, 3, 6]]
[[3, 22, 10, 15, 16, 0, 8, 17, 25, 7, 14, 20, 11, 19, 9, 12, 18, 21], [9, 4, 7, 11, 6, 2, 17, 14, 13, 5, 0, 3, 15], [10, 17, 23, 4, 8, 11, 14, 26, 13, 24, 0, 7, 16, 3, 22, 19, 15, 25, 5, 2], [5, 12, 15, 2, 8, 0, 1, 13], [3, 11, 0, 4, 2, 10, 9, 12], [0, 12, 1, 4, 9, 3, 8, 11, 7, 13], [7, 8, 13, 9, 14, 18, 17, 6, 1, 3, 5, 15, 2], [9, 5, 2, 6, 0, 3], [14, 3, 9, 17, 8, 12, 5, 4, 0, 11, 2, 10, 6, 13], [1, 3, 0, 2], [0, 5, 2, 1, 6, 3]]
[[11, 24, 7, 15, 18, 21, 0, 3, 13, 16, 19, 22, 2, 8, 27, 10, 12, 6, 25, 4], [11, 3, 10, 4, 8, 7, 6, 12, 0], [8, 17, 9, 15, 7, 3, 14, 2, 5, 0, 6, 13], [3, 1, 13, 7, 8, 6, 15, 5, 0, 2, 11], [9, 3, 4, 1, 6, 0, 7], [17, 14, 3, 21, 2, 10, 6, 0, 18, 19, 1, 9, 20, 11, 15, 7], [1, 3, 6, 0, 11, 10, 7, 12], [18, 24, 21, 19, 27, 16, 3, 1, 4, 9, 17, 28, 6, 12, 0, 13, 8, 22, 20, 14]]
[[2, 10, 14, 11, 15, 13, 5, 9, 8, 4, 0, 3, 16], [6, 14, 1, 7, 3, 9, 4, 10, 18, 2, 15, 8, 16, 0, 5, 11, 19], [21, 14, 17, 3, 9, 15, 18, 24, 23, 2, 6, 11, 13, 8, 5, 22, 4, 0], [9, 32, 29, 15, 24, 28, 0, 5, 13, 16, 25, 23, 2, 4, 10, 30, 34, 31, 11, 12, 33, 7, 6], [2, 15, 18, 25, 26, 3, 8, 16, 23, 27, 7, 20, 22, 12, 13, 11, 21, 10, 4, 9, 28], [18, 23, 2, 4, 1, 27, 7, 11, 20, 5, 12, 15, 21, 24, 29, 3, 28, 26, 0, 10], [20, 15, 23, 8, 16, 24, 28, 4, 27, 6, 14, 30, 0, 31, 2, 5, 13, 21, 29, 22, 17], [0, 8, 26, 12, 18, 21, 4, 10, 13, 19, 22, 3, 2, 16, 9, 27, 28, 1, 7, 25, 17, 23], [46, 43, 40, 5, 14, 26, 42, 0, 18, 20, 37, 48, 1, 21, 35, 49, 45, 7, 33, 29, 12, 6, 17, 28, 34, 44, 15, 11, 25, 32, 47, 41, 38, 16, 30, 2, 22, 8, 50]]
[[9, 11, 3, 14, 0, 4, 13, 6, 7, 10, 15, 8], [19, 6, 8, 13, 16, 22, 0, 9, 14, 17, 21, 5, 4, 20, 18, 1, 12], [11, 20, 0, 8, 21, 17, 19, 3, 4, 15, 7, 16, 12, 5, 13, 14], [1, 15, 7, 10, 8, 16, 3, 13, 19, 5, 18, 0, 14, 6, 11, 20], [0, 2, 1]]
[[2, 1, 0, 8], [12, 2, 13, 1, 19, 5, 16, 18, 10, 0, 15, 17, 21, 3, 14, 6, 7], [29, 34, 6, 26, 42, 3, 15, 22, 44, 47, 49, 13, 36, 45, 50, 35, 20, 39, 2, 10, 43, 27, 4, 18, 31, 7, 5, 25, 41, 0, 30, 16, 23, 46, 48, 51, 1, 17, 37], [16, 17, 18, 4, 13, 2, 24, 29, 31, 22, 28, 6, 11, 27, 0, 14, 7, 8, 20, 25, 26, 32], [5, 9, 0, 3, 12, 6, 7, 10, 1, 11], [36, 26, 21, 5, 14, 16, 23, 33, 3, 24, 20, 7, 27, 12, 19, 37, 22, 17, 25, 34, 8, 9, 29], [12, 18, 11, 20, 2, 16, 21, 6, 24, 13, 1, 15, 19, 0, 10, 3, 22], [4, 9, 2, 5, 12, 13, 10, 11, 15], [15, 5, 9, 7, 10, 1, 6, 4, 13, 16, 17, 11], [10, 0, 8, 5, 2, 1, 4, 11, 12, 9]]
[[2, 9, 5, 11, 7], [11, 7, 0, 2, 3, 12, 5, 13, 9, 14, 4, 6], [24, 18, 10, 21, 1, 13, 16, 3, 6, 9, 14, 17, 2, 12, 15, 4, 5, 7, 19], [9, 3, 4, 1, 8, 10, 5], [7, 22, 15, 3, 5, 11, 17, 19, 1, 10, 14, 16, 4, 0, 8, 24, 13, 6, 2], [22, 5, 13, 8, 11, 17, 6, 18, 4, 0, 14, 15, 9, 2], [14, 23, 1, 2, 6, 11, 17, 3, 0, 24, 26, 22, 4, 9, 18, 20, 27, 28, 21], [6, 5, 10, 12, 14, 2, 8, 1, 7, 4], [18, 0, 2, 5, 6, 9, 12, 1, 3, 7, 13], [3, 8, 1, 5, 11, 16, 19, 9, 20, 13, 4, 2, 14, 10, 0, 17, 15], [17, 27, 30, 5, 32, 0, 15, 22, 34, 7, 28, 35, 33, 6, 14, 11, 4, 31, 19, 23, 1, 8, 16, 24, 36, 37]]
[[22, 11, 2, 5, 16, 0, 14, 20, 13, 9, 19, 12, 21, 10], [5, 10, 13, 16, 3, 18, 1, 2, 0, 6, 8, 14], [1, 9, 3, 5, 7, 10], [2, 13, 16, 8, 10, 15, 19, 0, 11, 9, 4, 14, 22, 7, 6, 17], [16, 21, 9, 17, 11, 13, 14, 19, 7, 3, 10, 6, 18, 22, 8, 0, 4], [5, 9, 12, 10, 8, 0, 2, 7, 13, 3], [7, 3, 5, 2, 9, 0, 10], [0, 15, 26, 7, 18, 22, 19, 1, 12, 11, 25, 2, 3, 5, 13, 20], [0, 5, 11, 1, 10, 2, 8, 3, 7]]
[[8, 11, 6, 15, 20, 22, 24, 25, 3, 16, 12, 14, 18, 13, 23], [0, 1, 2, 3], [3, 8, 10, 11, 2, 5, 6, 4, 12], [9, 7, 17, 14, 0, 3, 8, 2, 10, 4, 11, 12, 15], [3, 10, 16, 19, 4, 15, 14, 6, 5, 13, 0, 1, 8], [3, 5, 9, 11, 0, 12, 8, 2, 6, 15, 10, 13], [14, 9, 0, 6, 7, 1, 5, 15, 19, 12, 8, 17, 18, 16], [23, 1, 14, 7, 10, 6, 25, 2, 16, 20, 5, 19, 13, 24, 8, 21, 3, 17], [2, 4, 0, 3, 5], [14, 0, 3, 11, 8, 2, 7, 10, 9, 12, 15], [1, 5, 2, 4, 8, 13, 10, 0, 3, 6, 11, 15], [14, 7, 18, 9, 21, 15, 3, 8, 19, 0, 20, 2, 6, 17, 4, 12]]
[[12, 19, 21, 6, 16, 8, 1, 22, 5, 0, 14, 7, 17, 23, 3, 10], [5, 8, 13, 18, 23, 20, 21, 24, 1, 17, 9, 10, 14, 2, 3, 25, 12], [10, 16, 23, 7, 13, 18, 21, 20, 1, 5, 14, 0, 12, 8, 19, 24, 2, 6]]
[[0], [7, 2, 9, 0, 1, 13, 6, 12, 8, 3], [2, 5, 1, 4, 0]]
[[13, 18, 4, 9, 0, 5, 10, 12, 15, 21, 24, 8, 17, 2, 14, 16, 25], [17, 3, 15, 18, 20, 2, 10, 0, 11, 14, 1, 8, 5, 12], [12, 0, 8, 15, 21, 3, 9, 22, 14, 7, 17, 5, 13, 18, 19, 11], [13, 5, 10, 3, 15, 2, 11, 7, 12, 8, 4], [16, 2, 12, 23, 0, 3, 7, 13, 17, 24, 22, 6, 11, 25, 14], [16, 19, 14, 3, 8, 21, 4, 17, 12, 0, 20, 2, 15, 6, 23, 22, 13], [3, 6, 15, 12, 8, 19, 0, 13, 16, 4, 7, 18, 9, 20]]
[[11, 14, 8, 16, 20, 6, 5, 12, 15, 10, 0, 1, 3], [9, 17, 1, 3, 11, 13, 10, 2, 8, 0, 12], [5, 8, 7, 14, 0, 12, 2, 11, 6, 9, 17, 3], [9, 8, 0, 7, 2, 4], [15, 21, 8, 17, 6, 11, 13, 1, 12, 0, 10, 5, 9, 19, 4, 20, 22, 7, 16], [2, 17, 10, 3, 1, 8, 15, 18, 19, 0, 7, 14, 9, 4, 11, 13, 20], [19, 8, 16, 4, 11, 2, 9, 10, 1, 17, 0, 7, 15, 20, 12], [7, 13, 10, 0, 9, 12, 2, 3, 5], [17, 18, 1, 3, 6, 8, 13, 22, 25, 4, 9, 2, 20, 31, 28, 30, 7, 26, 0, 21, 23, 27, 5, 32]]
[[15, 0, 21, 5, 8, 10, 2, 16, 22, 4, 24, 1, 20, 17, 9, 18], [18, 13, 14, 3, 17, 8, 20, 9, 19, 4, 0, 6, 2, 15, 21, 7, 22], [9, 1, 3, 5, 6, 2, 4, 11, 0, 10, 12], [9, 4, 3, 12, 0, 2, 5, 13, 14], [1, 13, 3, 2, 0, 14, 4, 16, 15], [13, 3, 9, 16, 18, 15, 4, 0, 6, 8, 17, 2, 14, 10, 11], [1, 4, 10, 9, 2, 8, 0, 5, 3], [15, 19, 3, 7, 2, 0, 8, 20, 4, 16, 17, 21], [8, 3, 1, 6, 2, 5, 0, 4, 9, 10, 11]]
[[17, 7, 13, 20, 25, 0, 11, 22, 18, 10, 21, 16, 24, 15, 1, 2, 23, 26], [11, 2, 0, 4, 3, 12], [3, 8, 10, 11, 14, 5, 4, 6, 12], [30, 2, 3, 13, 25, 8, 21, 14, 19, 27, 37, 41, 6, 47, 12, 17, 26, 39, 0, 40, 43, 44, 35, 11, 31, 51, 36, 9, 15, 45, 48, 33], [9, 2, 0, 6, 11, 3, 12, 10], [16, 19, 1, 12, 24, 17, 22, 21, 5, 0, 6, 20, 9, 2, 4, 25, 3, 10, 7], [27, 9, 29, 5, 10, 15, 18, 14, 21, 3, 0, 4, 13, 2, 23, 28, 25, 30, 6, 16, 22, 26]]
[[10, 12, 19, 0, 2, 3, 18, 5, 15, 20, 4, 13], [11, 18, 3, 5, 14, 22, 25, 6, 15, 23, 2, 13, 20, 10, 0, 1, 9, 12, 19, 26], [18, 24, 28, 0, 5, 31, 6, 29, 32, 19, 26, 35, 16, 4, 9, 22, 3, 8, 15, 25, 27, 17, 1, 33, 11, 21], [61, 2, 21, 29, 43, 65, 18, 52, 5, 36, 69, 72, 6, 34, 44, 70, 4, 23, 31, 46, 67, 54, 19, 9, 39, 57, 75, 0, 15, 27, 42, 48, 53, 58, 59, 60, 62, 3, 8, 17, 22, 30, 51, 56, 66, 63, 20, 33, 76, 37, 71, 73, 12, 26, 49]]
[[9, 21, 14, 6, 17, 5, 16, 4, 18, 20, 23, 24, 10, 22, 12, 0, 25], [0, 5, 1, 2, 6, 3], [1, 8, 0, 5, 6, 2, 9, 7], [7, 12, 15, 9, 5, 11, 13, 6, 0, 3], [8, 13, 15, 16, 2, 5, 0, 4, 1, 9, 14, 17, 11, 6], [9, 6, 1, 11, 2, 5, 8, 3], [11, 16, 0, 10, 13, 6, 2, 7, 8, 12, 18, 3, 14, 17, 9], [7, 9, 11, 18, 19, 10, 15, 16, 5, 8, 14, 13, 0, 3, 12, 17], [2, 25, 6, 10, 12, 13, 26, 21, 1, 7, 22, 23, 27, 0, 20, 30, 31, 35, 15, 3, 8, 14, 18, 34, 32, 24, 28], [10, 5, 12, 3, 15, 6, 11, 13, 0, 7, 4], [5, 0, 13, 1, 10, 6, 9, 4, 14, 11, 15, 7], [14, 19, 10, 7, 11, 16, 21, 5, 0, 6, 15, 18, 23, 20, 2, 8]]
[[12, 9, 3, 7, 2, 14, 10, 0, 11, 1, 8, 13, 15], [10, 2, 7, 4, 5, 11, 9, 1, 8, 0, 3, 14, 12], [17, 27, 30, 3, 5, 12, 24, 32, 0, 14, 7, 19, 28, 6, 25, 13, 9, 26, 4, 23, 29, 18, 33, 10, 22, 1, 20], [0, 1, 9, 5, 16, 3, 18, 2, 11, 14, 15, 19, 17, 6, 12], [17, 22, 12, 25, 2, 10, 14, 20, 24, 1, 9, 6, 13, 5, 7, 23, 19, 21, 26, 3], [9, 17, 7, 11, 15, 18, 14, 1, 5, 6, 4, 10, 16]]
[[4, 2, 9, 6, 12, 16, 20, 30, 7, 10, 13, 17, 5, 15, 1, 24, 23, 3, 14, 21, 18, 29], [16, 2, 14, 6, 13, 5, 7, 11, 10, 8], [23, 14, 8, 3, 21, 33, 4, 19, 31, 15, 18, 10, 11, 25, 32, 24, 27, 16, 5, 12, 35], [6, 15, 2, 16, 18, 11, 1, 21, 9, 13, 10, 19, 3, 14], [17, 14, 4, 8, 11, 6, 15, 1, 5, 2, 0, 3, 18, 7], [23, 5, 2, 3, 17, 25, 7, 10, 8, 11, 6, 19, 0, 12, 18, 21, 30, 16, 24, 26, 31, 13, 27]]
[[8, 4, 10, 14, 0, 12, 11, 6, 2, 5, 15, 16], [3, 5, 1, 8, 4, 6, 2], [4, 12, 3, 1, 9, 11, 13, 7, 6, 14], [12, 9, 2, 1, 3, 6, 13, 14], [2, 4, 6, 8, 1], [10, 2, 12, 8, 1, 7, 0, 11, 5, 13], [13, 5, 9, 0, 3, 7, 14, 17, 6, 2, 20, 15, 16, 10, 18], [4, 7, 5, 2, 0, 8], [19, 22, 13, 16, 24, 28, 14, 26, 25, 7, 1, 12, 18, 4, 5, 17, 11, 0, 6, 20, 29, 8], [2, 13, 5, 11, 10, 7, 0, 17, 9, 16, 14, 15, 3], [0, 2, 1]]
[[3, 6, 13, 9, 10, 14, 18, 7, 0, 5, 17, 19, 11, 2], [2, 0, 4, 6, 10, 3, 7, 5, 1, 8, 11], [7, 0, 3, 6, 4], [3, 1, 6, 0, 5, 7, 2], [0], [5, 2, 6, 0, 4, 8], [3, 1, 6, 0, 5, 7, 2], [0], [0, 13, 4, 14, 20, 5, 10, 19, 7, 2, 3, 15, 16, 9, 17, 18, 21, 8], [11, 16, 7, 18, 5, 9, 8, 13, 4, 0, 14, 20, 19, 2]]
[[0, 8, 13, 16, 10, 1, 9, 5, 2, 15, 3, 11, 14], [3, 9, 11, 13, 6, 2, 5, 4, 7], [2, 13, 0, 7, 11, 17, 14, 16, 4, 10, 6, 19, 12, 18], [6, 4, 2, 7, 0, 8], [3, 12, 6, 8, 19, 26, 0, 9, 16, 22, 14, 2, 5, 25, 18, 24, 13, 23, 15, 17, 27], [32, 4, 23, 27, 35, 39, 2, 6, 18, 20, 24, 36, 40, 9, 30, 5, 17, 0, 15, 16, 33, 19, 42, 28, 31, 37, 41], [5, 18, 1, 7, 12, 27, 9, 13, 19, 25, 28, 21, 8, 23, 2, 4, 17, 24, 0, 3, 22, 26, 29, 10, 14], [8, 13, 16, 10, 1, 3, 9, 5, 0, 2, 15, 11, 14], [5, 0, 2, 4, 1, 3, 6]]
[[16, 8, 19, 5, 4, 18, 9, 11, 7, 12, 20], [16, 1, 3, 8, 10, 5, 24, 2, 17, 23, 4, 18, 0, 14, 6], [6, 14, 0, 15, 1, 4, 8, 11, 12, 16], [2, 12, 6, 9, 15, 3, 7, 13, 16, 18, 1, 0, 4], [3, 12, 6, 20, 0, 4, 7, 18, 17, 15, 2, 9, 10, 14, 13, 22, 21, 23], [24, 21, 26, 0, 19, 22, 7, 6, 9, 25, 17, 5, 18, 8, 16, 10], [5, 12, 25, 1, 14, 15, 22, 2, 3, 7, 9, 18, 0, 13, 6, 16, 26, 4, 23, 19, 24]]
[[14, 9, 2, 7, 1, 6, 5, 3], [11, 9, 14, 1, 7, 12, 4, 10, 0, 5, 15], [16, 9, 15, 0, 1, 13, 21, 11, 23, 4, 19, 5, 6, 12, 20, 10, 18, 3, 7], [5, 2, 8, 7, 6, 0, 4], [21, 2, 19, 8, 10, 11, 14, 0, 4, 22, 16, 6, 3, 15, 20, 7, 17], [9, 15, 0, 6, 21, 11, 18, 1, 12, 16, 19, 7, 5, 22, 20], [13, 4, 21, 1, 8, 9, 17, 25, 2, 10, 14, 19, 23, 26, 5, 29, 6, 18, 0, 22, 20, 3, 15, 7], [14, 24, 18, 8, 17, 20, 28, 31, 11, 25, 32, 2, 10, 35, 19, 0, 30, 21, 29, 16, 3, 22, 33, 7], [7, 1, 3, 9, 5, 0, 2], [5, 0, 2, 4, 1, 3, 6]]
[[13, 18, 7, 15, 5, 14, 17, 19, 6, 16], [11, 7, 4, 2, 1, 8, 6, 9], [10, 5, 6, 9, 8, 4, 7, 11, 0], [10, 7, 9, 0, 5, 4, 11, 2], [7, 3, 8, 5, 0, 4, 1, 9, 10, 2, 11], [3, 5, 7, 1, 4, 0, 6], [7, 1, 9, 16, 2, 5, 4, 10, 14, 0, 3, 8, 11, 17, 19, 12], [13, 10, 11, 15, 2, 5, 0, 7, 14, 16, 6, 17, 3, 9], [11, 2, 7, 13, 9, 1, 8, 0, 14, 3, 15], [0, 1, 17, 2, 13, 12, 14, 8, 11, 5, 15], [5, 15, 11, 16, 7, 3, 9, 2, 13, 0, 18, 1, 17, 14, 19], [11, 9, 1, 2, 14, 15, 16, 17, 7, 0, 3, 13, 5]]
[[11, 6, 8, 13, 17, 2, 14, 1, 7, 9, 5, 15], [6, 3, 2, 11, 0, 5, 1, 10, 7], [5, 3, 8, 7, 6, 0, 11, 13, 2, 10, 4], [7, 2, 8, 1, 5, 0, 11, 9], [14, 3, 11, 16, 7, 12, 2, 10, 0, 1, 4, 17], [11, 14, 0, 2, 9, 15, 20, 6, 8, 18, 21, 5, 16, 17, 19], [8, 12, 3, 10, 0, 6, 17, 5, 4, 18, 16, 9, 13, 14], [0, 8, 5, 12, 13, 1, 9, 11, 15, 2, 3, 14, 10], [11, 2, 17, 15, 4, 8, 20, 0, 18, 3, 9, 16, 21, 19, 5]]
[[14, 7, 4, 6, 0, 9, 8, 5, 3, 2, 10], [18, 10, 7, 16, 21, 2, 8, 12, 1, 19, 6, 15, 0, 5, 11, 22, 3, 20], [8, 2, 11, 19, 23, 33, 0, 4, 12, 34, 30, 3, 16, 9, 15, 10, 28, 20, 22, 13, 17, 35], [3, 6, 0, 8, 5, 4, 9], [16, 8, 3, 20, 0, 5, 11, 17, 7, 10, 14, 27, 22, 23, 4, 9, 15, 25, 1, 18], [13, 3, 8, 17, 4, 14, 2, 1, 15, 0, 6, 7, 9], [25, 5, 17, 22, 27, 3, 7, 2, 6, 11, 21, 18, 0, 10, 16, 19, 12, 23, 30, 13, 28], [14, 0, 3, 11, 16, 20, 22, 19, 1, 2, 7, 9, 6, 12, 23], [17, 8, 14, 2, 5, 18, 21, 4, 11, 0, 16, 20, 13, 15, 10, 6]]
[[11, 19, 3, 2, 5, 8, 14, 17, 15, 6, 13, 4, 7, 1, 9], [0, 17, 2, 10, 25, 4, 20, 3, 19, 11, 7, 14, 23, 6, 13, 24, 16, 1, 9, 12, 18, 22, 26], [5, 10, 15, 3, 17, 18, 13, 16, 8, 21, 14, 0, 20, 11, 2, 9], [7, 9, 4, 0, 11, 5, 14, 15, 10, 13, 8, 16, 17, 6], [25, 34, 5, 6, 19, 27, 16, 9, 26, 13, 35, 15, 4, 0, 12, 24, 33, 21, 7, 17, 28, 29, 30, 32, 2, 10], [21, 24, 4, 11, 10, 0, 19, 28, 32, 29, 14, 5, 12, 25, 7, 26, 3, 9, 27, 33, 1, 15, 18, 30], [8, 2, 1, 4, 6, 3, 0]]
[[22, 12, 14, 17, 6, 9, 0, 7, 15, 18, 13, 24, 11, 25, 3, 19], [12, 2, 4, 6, 7, 13, 18, 19, 3, 16, 5, 14, 0, 17], [5, 20, 21, 4, 13, 19, 0, 12, 18, 2, 6], [32, 1, 10, 23, 13, 4, 5, 20, 30, 6, 14, 18, 27, 3, 12, 24, 2, 26, 17, 0, 9, 22, 33, 34], [21, 24, 26, 9, 0, 3, 13, 18, 20, 1, 14, 15], [16, 38, 66, 23, 55, 31, 61, 21, 4, 8, 27, 36, 52, 58, 68, 47, 50, 59, 62, 45, 25, 44, 2, 56, 40, 22, 54, 26, 49, 33, 64, 69, 0, 17, 18, 32, 39, 48, 63, 35], [5, 18, 19, 3, 8, 11, 14, 27, 12, 15, 28, 10, 1, 24, 23, 0, 6, 21, 9, 25, 29]]
[[19, 1, 15, 3, 8, 11, 27, 30, 4, 9, 12, 24, 26, 17, 2, 23, 28, 16, 20, 21, 29, 31, 18], [20, 12, 3, 15, 16, 31, 32, 4, 10, 13, 21, 28, 33, 30, 1, 9, 26, 18, 27, 8, 25, 17], [19, 29, 12, 8, 3, 26, 31, 1, 4, 6, 24, 27, 0, 14, 9, 10, 18, 21, 16, 23, 13, 20, 30, 32, 28, 11, 17], [34, 1, 29, 9, 11, 20, 42, 7, 12, 14, 18, 37, 43, 36, 48, 3, 40, 26, 2, 24, 30, 32, 6, 0, 35, 38, 31, 8, 15, 13, 49, 4, 33], [16, 27, 4, 25, 2, 7, 1, 20, 10, 14, 0, 13, 18, 17, 6, 11, 15, 21, 24], [6, 21, 14, 24, 11, 27, 12, 28, 16, 25, 3, 0, 4, 9, 19, 2, 15, 7, 22, 5, 17, 26]]
[[4, 14, 16, 2, 17, 12, 1, 10, 8, 7, 9, 5, 15, 3, 18], [0, 18, 28, 9, 6, 15, 23, 10, 1, 7, 5, 19, 16, 2, 3, 20], [8, 2, 1, 0, 4, 6, 9], [12, 21, 3, 11, 16, 4, 0, 2, 13], [8, 13, 1, 15, 16, 3, 2, 12, 10, 0, 14, 11], [7, 3, 14, 18, 21, 15, 10, 0, 4, 13, 2, 12, 5, 11, 22, 19], [1, 5, 7, 12, 2, 10, 0, 9, 3, 8], [2, 16, 10, 6, 14, 7, 3, 0, 11, 4, 9, 12], [6, 14, 24, 15, 22, 25, 9, 2, 21, 20, 4, 0, 18, 12, 13, 10], [5, 7, 0, 6, 4, 1, 2], [9, 0, 6, 8, 10, 11]]
[[13, 16, 11, 2, 8, 17, 15, 6, 12, 9], [13, 12, 5, 0, 6, 4, 9, 2, 14, 10, 3], [2, 0, 8, 12, 3, 5, 11], [5, 18, 7, 13, 21, 10, 20, 6, 17, 12, 19, 14, 22], [2, 12, 22, 3, 17, 19, 0, 16, 21, 6, 11, 5, 7, 10, 8], [14, 9, 5, 15, 3, 10, 0, 12, 6, 8, 16, 7, 17], [17, 5, 24, 20, 13, 6, 14, 18, 28, 9, 12, 4, 27, 3, 30, 23, 2, 21, 25, 0], [13, 18, 6, 15, 21, 5, 12, 10, 0, 17, 11, 7], [0, 9, 10, 5, 13, 1, 11, 12, 2, 6]]
[[14, 16, 6, 10, 18, 7, 0, 4, 15, 17, 11, 8, 2], [7, 4, 5, 10, 9, 0, 2, 11], [0, 20, 6, 11, 15, 1, 8, 5, 2, 3, 21], [10, 18, 20, 0, 14, 23, 7, 5, 13, 11, 22, 4, 6, 21, 3, 9, 12, 17, 15, 16], [8, 16, 2, 13, 6, 4, 10, 3, 0, 5, 17, 11, 15], [5, 12, 6, 0, 10, 4, 11, 13, 7, 14, 2]]
[[14, 8, 10, 19, 4, 16, 3, 9, 15, 7, 6, 18, 5], [11, 19, 3, 7, 17, 4, 8, 15, 1, 22, 0, 14, 2, 12], [7, 15, 1, 11, 13, 3, 2, 0, 10, 12, 14, 4, 8], [0, 12, 1, 5, 9, 3, 6, 10, 2, 13, 7], [18, 23, 3, 6, 8, 21, 29, 31, 0, 4, 9, 19, 11, 2, 28, 16, 17, 7, 30, 24, 25], [5, 4, 9, 18, 7, 16, 2, 6, 15, 0, 10, 14, 3], [14, 21, 10, 0, 6, 7, 13, 11, 15, 17, 3, 22, 23], [19, 27, 21, 5, 15, 24, 8, 16, 2, 7, 12, 1, 14, 4, 0, 11, 20, 23, 9, 25], [11, 2, 7, 1, 6, 10, 0, 5, 12, 13, 3]]
[[12, 3, 8, 13, 6, 0, 15, 9, 16, 2], [7, 13, 20, 23, 10, 21, 19, 0, 17, 24, 6, 15, 2, 8, 14, 18, 9, 11, 25, 4], [11, 7, 15, 5, 16, 4, 13, 0, 8, 14, 2], [10, 3, 12, 1, 7, 15, 17, 0, 6, 5, 11, 13, 14, 8], [11, 5, 9, 13, 2, 0, 6, 7, 12, 3, 14, 8], [10, 5, 19, 8, 0, 12, 13, 14, 4, 7, 16, 20, 2, 9], [6, 3, 18, 4, 11, 19, 1, 9, 0, 8, 10, 7, 12]]
[[24, 11, 13, 4, 1, 18, 26, 7, 19, 6, 2, 12, 28, 5, 10, 27, 29, 8, 14, 17, 3], [8, 2, 15, 9, 5, 18, 0, 4, 19, 1, 3, 7, 16, 10, 11], [29, 2, 4, 7, 16, 19, 24, 0, 5, 8, 11, 20, 10, 3, 15, 14, 17, 23], [16, 9, 22, 4, 13, 24, 1, 11, 14, 3, 10, 19, 23, 0, 8, 21, 5], [0, 9, 5, 1, 8, 2, 7, 3], [4, 12, 3, 5, 9, 18, 0, 7, 10, 2, 17, 6, 15], [16, 11, 13, 17, 0, 19, 24, 31, 3, 7, 14, 25, 6, 12, 33, 18, 10, 32, 34, 8, 20, 23], [5, 7, 10, 3, 1, 6, 2, 8, 11, 0, 12, 9]]
[[8, 14, 22, 16, 2, 0, 6, 11, 10, 4, 5, 15, 17, 18, 13, 21, 12], [16, 18, 1, 12, 5, 8, 6, 9, 0, 3, 14, 13, 2, 11, 15, 4], [15, 23, 3, 27, 0, 7, 20, 31, 4, 8, 18, 21, 29, 6, 28, 11, 10, 26, 17, 19, 1, 12], [3, 1, 7, 14, 8, 11, 17, 4, 13, 18, 19, 12, 5, 2, 15], [5, 7, 20, 25, 13, 15, 10, 22, 18, 23, 17, 1, 16, 4, 0, 14, 8, 2]]
[[5, 10, 3, 2, 8, 9, 7, 6, 11], [15, 1, 6, 8, 4, 2, 3, 0], [16, 19, 4, 13, 23, 0, 11, 20, 2, 8, 10, 21, 1, 7, 17, 24, 6, 15, 25], [3, 20, 9, 10, 23, 0, 16, 25, 12, 27, 26, 24, 11, 4, 17, 21, 19, 1, 5, 13], [5, 14, 0, 3, 12, 2, 9, 11, 8, 15, 7], [7, 2, 9, 3, 10, 1, 8, 0, 6, 5], [7, 13, 0, 11, 3, 2, 10, 8, 9, 14, 15], [17, 26, 2, 13, 20, 8, 24, 22, 30, 7, 11, 0, 28, 12, 18, 29, 19, 23, 9, 21, 14]]
[[7, 21, 5, 20, 9, 17, 26, 10, 8, 2, 13, 22, 14, 23, 12, 6, 19, 24, 28, 15], [19, 8, 27, 10, 13, 17, 3, 11, 22, 21, 2, 28, 9, 0, 24, 1, 26, 20, 7, 25, 16], [15, 21, 0, 16, 12, 1, 13, 8, 3, 22, 7, 4, 9, 6, 18, 10, 19], [2, 15, 21, 20, 7, 12, 0, 8, 16, 25, 24, 10, 5, 22, 4, 19, 13, 11, 26], [10, 2, 9, 4, 7, 13, 5, 0], [3, 6, 8, 9, 5, 1, 4, 0, 2, 10], [1, 10, 12, 5, 8, 13, 4, 3, 11, 2, 6, 16, 14], [6, 16, 0, 7, 15, 18, 23, 13, 24, 26, 2, 17, 5, 10, 1, 27, 8, 3, 29, 11, 25, 19, 9], [23, 9, 5, 11, 16, 19, 27, 0, 6, 20, 24, 28, 3, 10, 2, 8, 26, 22, 30, 21, 25, 29], [3, 15, 5, 10, 4, 8, 13, 0, 14, 2, 7, 12, 9, 16], [13, 18, 20, 3, 1, 14, 25, 4, 10, 15, 26, 22, 2, 8, 9, 0, 7, 21, 16, 23]]
[[20, 22, 10, 11, 21, 17, 3, 7, 25, 14, 24, 13, 2, 9, 6, 27, 8, 12, 23, 18, 4, 15], [0, 8, 12, 5, 1, 4, 13, 11, 2, 10, 15], [12, 0, 5, 7, 14, 3, 8, 15, 13, 11, 10, 16], [16, 0, 11, 19, 22, 3, 9, 14, 8, 17, 18, 1, 20, 24, 6], [11, 12, 14, 8, 0, 4, 9, 16, 15, 23, 3, 2, 18, 19, 20, 21, 25, 13, 22, 26], [1, 6, 11, 4, 12, 3, 13, 9, 15, 14, 10], [20, 1, 15, 18, 10, 5, 13, 4, 17, 21, 0, 11, 2, 12, 3, 9, 16, 19, 6, 14], [0, 13, 18, 3, 16, 19, 6, 22, 1, 24, 14, 2, 23, 12, 15, 8], [8, 1, 20, 16, 13, 4, 6, 3, 21, 15, 2, 11, 12, 17, 0, 18], [1, 3, 0, 2], [5, 0, 2, 4, 1, 3, 6]]
[[6, 8, 19, 11, 14, 28, 4, 15, 21, 7, 10, 3, 20, 24, 9, 18, 23, 25, 22, 12, 26], [15, 19, 2, 21, 7, 22, 1, 20, 26, 25, 0, 27, 28, 10, 12, 23, 8, 13, 16], [5, 22, 2, 17, 0, 11, 19, 8, 14, 20, 23, 7, 13, 15, 9, 21], [1, 15, 5, 20, 13, 17, 2, 19, 0, 6, 14, 21, 10, 11, 8, 12, 16, 18, 3], [0, 3, 2, 5, 8], [10, 15, 6, 7, 0, 5, 17, 13, 11, 12, 18, 21, 16, 8, 14, 19], [11, 25, 29, 3, 2, 36, 5, 8, 33, 0, 6, 22, 4, 20, 37, 16, 40, 12, 27, 30, 31, 34, 14, 23, 38, 41], [16, 20, 34, 41, 27, 31, 38, 47, 6, 39, 45, 5, 0, 28, 42, 13, 25, 9, 11, 21, 44, 10, 17, 36, 26, 32, 7, 14, 43, 48, 23, 37, 46]]
[[4, 16, 13, 15, 17, 10, 0, 5, 6, 11, 18, 2, 8], [7, 15, 26, 23, 4, 31, 36, 40, 13, 17, 29, 37, 3, 24, 28, 35, 12, 8, 22, 34, 10, 16, 0, 19, 25, 5, 18, 41], [0, 8, 11, 1, 6, 17, 18, 5, 2, 12, 13, 3], [29, 35, 22, 15, 8, 11, 19, 25, 32, 9, 12, 17, 30, 24, 1, 16, 5, 4, 0, 23, 36, 7, 13, 26, 27, 33, 2]]
[[8, 9, 2, 11, 13, 16, 0, 3, 14, 17, 21, 5, 6, 19, 20, 10, 12, 7], [2, 19, 16, 4, 5, 14, 21, 30, 33, 0, 6, 17, 22, 25, 28, 31, 34, 20, 3, 13, 27, 12, 35, 7, 9], [24, 27, 31, 33, 0, 22, 30, 38, 19, 41, 44, 1, 7, 13, 17, 28, 42, 45, 10, 12, 23, 4, 35, 40, 39, 37, 25, 32, 29, 3, 6, 21, 34, 46, 8, 20], [2, 4, 6, 8, 3, 1, 7, 9, 0], [6, 2, 11, 13, 0, 7, 3, 10, 14, 8], [24, 10, 7, 15, 21, 5, 8, 13, 25, 4, 12, 11, 20, 0, 16, 2], [10, 3, 1, 11, 5, 8, 25, 14, 21, 26, 4, 13, 19, 20, 12, 18, 2, 6, 15, 22]]
[[5, 0, 2, 7, 9, 10, 8, 3], [7, 2, 9, 3, 10, 1, 8, 6], [11, 18, 14, 16, 2, 0, 12, 5, 6, 7, 15, 3, 19], [8, 7, 33, 12, 5, 18, 22, 3, 24, 15, 28, 1, 17, 13, 2, 23, 11, 16, 9, 34, 30, 19, 25, 35], [4, 9, 7, 2, 6, 12, 0, 11, 10], [17, 15, 7, 14, 10, 2, 9, 16, 0, 8, 1, 6, 18, 13, 3], [6, 9, 2, 0, 4, 14, 15, 3, 13, 7, 11, 12, 5], [16, 24, 1, 20, 26, 3, 7, 31, 0, 8, 23, 32, 14, 25, 2, 10, 30, 17, 29, 4, 21, 18, 27, 12, 15]]
[[3], [2], [8, 12, 0, 11, 2, 7, 4, 9], [0, 2, 3], [14, 32, 20, 28, 55, 63, 69, 17, 35, 66, 12, 31, 13, 16, 34, 62, 67, 19, 1, 27, 56, 65, 0, 18, 68], [2, 16, 12, 15, 0, 5, 6]]
[[8, 0, 5, 4, 13, 11, 14, 10, 12, 7, 1, 6, 15], [5, 9, 3, 0, 2, 1, 10, 7], [16, 0, 11, 5, 13, 20, 22, 25, 3, 6, 9, 14, 23, 26, 2, 12, 1, 17, 21, 27], [9, 6, 10, 14, 13, 2, 4, 0, 3, 7, 15], [8, 29, 0, 14, 5, 10, 35, 3, 6, 17, 21, 26, 30, 36, 2, 16, 20, 33, 15, 1, 13, 32, 9, 25, 22, 34, 11, 18], [5, 7, 3, 8, 2, 13, 0, 12, 1, 11, 6, 15], [7, 3, 0, 5, 2, 8, 6], [0, 3, 1, 4], [6, 13, 3, 7, 11, 14, 0, 2, 15, 17, 1, 9, 10, 18], [2, 10, 4, 13, 7, 16, 8, 11, 15, 1, 5, 0, 3, 6], [0, 4, 5, 3, 9, 1, 2, 8, 10, 11], [11, 1, 9, 14, 7, 15, 6, 0, 2, 5, 12, 3, 10], [4, 7, 2, 8, 1, 0, 5, 3, 9, 10], [3, 5, 14, 1, 6, 12, 4, 11, 0, 10, 9], [6, 10, 19, 4, 14, 1, 25, 17, 23, 2, 22, 0, 11, 16, 24, 7, 12, 20, 18, 13, 8, 5]]
[[13, 9, 8, 5, 26, 0, 25, 21, 11, 16, 4, 19, 23, 3, 15, 20, 14, 24, 6], [4, 1, 13, 8, 15, 20, 9, 22, 14, 2, 18, 7, 21, 12, 17, 23, 19], [1, 3, 6, 17, 5, 10, 0, 11, 14, 9, 7, 15, 12], [1, 11, 15, 2, 17, 6, 7, 8, 4, 19, 0, 16, 5, 10, 12], [11, 1, 4, 15, 26, 2, 7, 24, 5, 19, 0, 9, 13, 20, 23, 18, 14, 6, 16, 8, 10, 21]]
[[2, 4, 6, 7, 9, 5, 0], [11, 3, 13, 16, 19, 4, 7, 14, 17, 6, 2, 12, 0, 10, 1], [12, 0, 8, 2, 16, 7, 11, 6, 14, 13, 10, 3, 9], [1, 7, 12, 8, 6, 5, 0, 3, 13, 15, 18, 2, 10, 9, 19], [15, 27, 7, 12, 21, 4, 18, 24, 29, 22, 10, 16, 28, 5, 2, 6, 17, 3, 8, 13, 19, 25, 30, 11, 26], [11, 2, 15, 5, 3, 1, 16, 17, 0, 6, 8], [24, 6, 3, 17, 13, 9, 0, 18, 22, 21, 2, 8, 16, 27, 14, 7, 29, 12, 15, 26, 4], [6, 13, 0, 8, 1, 9, 7, 16, 11, 17, 15, 14, 4, 2], [2, 10, 13, 4, 11, 0, 7, 12, 8, 14, 5], [8, 4, 11, 2, 9, 15, 0, 7, 13, 10, 12, 5]]
[[0, 2, 4, 5], [8, 2, 5, 11, 12, 0, 4, 3, 6], [11, 5, 3, 0, 6, 12, 15, 13, 1, 16], [6, 2, 8, 14, 0, 10, 5, 3, 11, 7, 15, 12], [21, 6, 18, 7, 13, 15, 11, 16, 20, 23, 19, 3, 0, 5, 22, 8, 24], [11, 13, 0, 2, 8, 5, 7, 9, 6, 14, 3], [0, 1, 4, 6, 3, 7]]
[[10, 15, 3, 1, 5, 16, 0, 12, 8, 18, 19, 14, 4, 11, 17, 6, 9], [27, 19, 15, 22, 6, 12, 3, 7, 13, 20, 24, 2, 23, 16, 0, 18, 1, 11, 14, 4, 8], [11, 7, 1, 3, 9, 14, 4, 2, 8, 12, 10, 0, 13, 6, 15], [10, 1, 4, 7, 13, 0, 12, 3, 6, 5, 11, 8], [17, 22, 2, 11, 12, 7, 3, 8, 13, 18, 15, 1, 5, 20, 6, 0, 23, 21], [16, 27, 8, 1, 10, 18, 4, 5, 11, 13, 24, 6, 21, 25, 29, 3, 19, 0, 9, 17, 20, 28, 12, 22, 30]]
[[11, 23, 0, 14, 17, 4, 7, 3, 9, 12, 24, 16, 15, 21, 5], [0, 10, 17, 23, 26, 8, 4, 12, 22, 13, 1, 5, 20, 24, 9, 18, 11, 19, 27, 25, 2, 6, 14], [14, 9, 15, 3, 5, 17, 1, 10, 11, 8, 16, 13, 18, 19, 12], [2, 25, 27, 8, 12, 31, 0, 13, 32, 24, 10, 3, 28, 21, 5, 20, 26, 15, 9, 17, 19, 33], [15, 6, 8, 10, 12, 1, 7, 5, 13], [16, 14, 9, 11, 4, 5, 12, 10, 1, 15, 8, 18, 2, 0, 7, 17], [4, 6, 12, 20, 23, 2, 13, 21, 19, 0, 8, 18, 17, 9, 10, 27], [16, 6, 11, 19, 20, 9, 13, 3, 0, 4, 2, 17, 12, 14, 5, 10]]
[[13, 24, 33, 0, 8, 14, 25, 30, 12, 23, 7, 29, 28, 32, 9, 10], [8, 12, 0, 2, 14, 4], [9, 11, 0, 6, 12, 5, 10, 8, 14, 13], [3, 6, 4, 1, 9, 0, 2, 5, 7, 10], [21, 13, 0, 9, 3, 6, 23, 5, 19, 20, 14, 22, 24, 1, 7, 10, 15, 16], [5, 8, 11, 13, 3, 14, 2, 6, 12, 15], [4, 22, 9, 10, 15, 20, 8, 1, 14, 18, 19, 0, 7, 13, 17, 23, 5, 24], [10, 3, 7, 0, 4, 8, 16, 20, 15, 2, 19, 12, 11, 17], [1, 3, 0, 2], [1, 4, 0, 3, 2]]
[[4, 0, 7, 5, 10, 9, 6], [7, 10, 27, 9, 13, 19, 29, 2, 5, 14, 17, 21, 12, 8, 28, 0, 11, 26, 4, 25, 22], [19, 2, 18, 12, 15, 0, 7, 16, 21, 4, 20, 3, 11, 6, 13, 22, 17, 8], [16, 6, 13, 28, 30, 32, 37, 4, 33, 38, 3, 21, 17, 9, 26, 11, 22, 36, 41, 2, 8, 25, 40, 12, 14, 29, 31, 23, 27], [5, 0, 8, 10, 1, 6, 4, 9, 11], [17, 15, 7, 24, 19, 13, 20, 18, 9, 26, 5, 12, 6, 23, 16, 22, 2, 10], [15, 20, 23, 29, 8, 6, 22, 26, 31, 16, 3, 1, 9, 13, 21, 25, 30, 24, 12, 17, 19, 28, 2, 10, 18], [0, 12, 6, 15, 7, 23, 2, 13, 18, 22, 19, 4, 14, 1, 11, 17, 21, 24, 8]]
[[6, 14, 1, 8, 17, 18, 11, 19, 16, 4, 3, 9, 7, 15, 10, 12], [13, 2, 5, 7, 15, 3, 8, 16, 6, 1, 14, 0, 12], [9, 2, 23, 18, 5, 0, 6, 12, 20, 24, 4, 19, 13, 25, 10, 17, 11, 14], [14, 6, 1, 12, 16, 18, 19, 2, 10, 20, 7, 4, 9, 17, 15, 5], [22, 3, 9, 18, 19, 4, 7, 16, 23, 2, 15, 0, 1, 10, 20, 11], [3, 10, 14, 18, 0, 8, 11, 16, 19, 7, 2, 15, 6, 12], [17, 21, 5, 11, 14, 26, 2, 8, 12, 7, 23, 0, 25, 18, 22, 3, 9], [14, 3, 11, 4, 10, 16, 0, 15, 8, 7, 2, 6, 12, 5, 13]]
[[12, 14, 19, 20, 7, 21, 16, 5, 6, 15, 13, 17, 8, 23, 3], [9, 5, 3, 11, 2, 8, 7, 10, 4], [20, 2, 4, 14, 18, 1, 6, 12, 0, 3, 11, 13, 17], [4, 8, 17, 23, 5, 13, 0, 14, 12, 7, 21, 11, 9, 24, 15, 22], [14, 17, 0, 4, 10, 5, 12, 2, 13, 15, 7, 11, 8, 16], [4, 34, 1, 17, 28, 14, 21, 2, 20, 9, 10, 0, 13, 19, 5, 6, 8, 12, 23, 25, 29, 15, 27, 31], [12, 24, 10, 3, 7, 6, 23, 20, 0, 5, 15, 22, 25, 19, 21, 27, 8], [14, 21, 2, 5, 6, 8, 18, 11, 3, 0, 12, 17], [23, 28, 11, 25, 2, 8, 13, 19, 7, 0, 15, 21, 29, 12, 18, 24, 30, 16, 9, 26, 31, 22], [23, 31, 8, 13, 11, 3, 29, 0, 4, 26, 15, 19, 9, 14, 20, 24, 18, 25, 12, 5, 27, 21]]
[[14, 6, 17, 2, 16, 7, 11, 0, 1, 5, 15, 8, 12], [1, 7, 3, 9, 12, 10, 2, 8, 13, 0, 6], [0, 17, 2, 14, 10, 20, 21, 26, 3, 19, 16, 7, 15, 1, 6, 13, 4, 27], [3, 17, 23, 19, 6, 15, 7, 0, 20, 25, 22, 1, 10, 18, 24, 26, 4, 12], [12, 7, 1, 10, 5, 17, 2, 15, 11, 4, 0, 14, 13, 8, 18, 16], [19, 13, 9, 17, 21, 15, 22, 14, 5, 2, 7, 8, 6, 0, 12, 10, 3]]
[[13, 5, 15, 19, 3, 6, 10, 16, 2, 14, 9, 12, 8, 0, 17], [19, 53, 8, 17, 32, 2, 28, 6, 15, 31, 21, 37, 46, 50, 4, 11, 22, 29, 38, 47, 56, 33, 1, 42, 9, 36, 3, 7, 14, 25, 35, 43, 52, 45, 51, 55, 0, 41, 18, 20, 24, 54, 30, 23, 39, 49, 48, 57], [5, 21, 2, 18, 3, 6, 14, 24, 7, 11, 15, 19, 1, 10, 22, 0, 17, 8, 12, 16], [21, 23, 2, 9, 19, 3, 10, 16, 25, 15, 6, 0, 8, 14, 20, 5, 13, 24, 18, 17, 26, 7], [16, 3, 5, 8, 2, 11, 19, 12, 10, 6, 17, 0, 9, 15, 13]]
[[17, 5, 10, 19, 3, 20, 2, 18, 8, 14, 15, 24, 27, 7, 13, 16, 25, 11, 0, 21, 9], [8, 11, 0, 2, 5, 10, 15, 16, 3, 12], [19, 13, 7, 10, 15, 18, 4, 14, 0, 12, 2, 6, 8], [28, 2, 9, 22, 5, 6, 12, 15, 16, 32, 3, 17, 33, 14, 1, 10, 27, 23, 31, 0, 21, 24, 29, 13, 7, 18, 25, 11], [7, 9, 18, 19, 12, 4, 14, 0, 5, 17, 11, 13, 15, 20, 2, 6], [6, 1, 2, 9, 12, 5, 18, 4, 20, 0, 11, 15, 14], [25, 27, 17, 8, 11, 31, 21, 28, 32, 4, 18, 15, 0, 6, 20, 14, 16, 26, 2, 9, 22, 7, 19], [1, 6, 2, 5, 4, 0, 3], [22, 34, 2, 16, 5, 18, 7, 29, 8, 6, 20, 23, 12, 27, 0, 14, 17, 3, 9, 24], [4, 9, 0, 1, 6, 7, 10]]
[[12, 1, 16, 3, 22, 23, 17, 5, 20, 14, 0, 13, 11, 21, 24], [2, 6, 0, 7, 5, 15, 1, 12, 3, 14], [22, 10, 18, 20, 25, 5, 11, 16, 4, 15, 28, 6, 14, 27, 8, 23, 7, 19, 21], [15, 12, 17, 8, 21, 2, 6, 18, 4, 14, 0, 16, 22, 20], [9, 12, 4, 14, 21, 13, 2, 19, 20, 23, 1, 17, 15], [21, 1, 9, 13, 16, 2, 22, 15, 4, 10, 8, 5, 19, 23, 11]]
[[17, 5, 22, 27, 14, 4, 21, 13, 18, 3, 19, 26, 16, 20, 8, 6, 23], [6, 12, 0, 15, 1, 16, 13, 4, 11, 7, 8, 5], [6, 13, 11, 8, 1, 10, 7, 16, 3, 14], [7, 10, 3, 6, 1, 13, 16, 28, 11, 23, 9, 8, 26, 22, 4, 17, 29, 27, 12, 30, 18, 24], [9, 8, 17, 0, 22, 4, 20, 6, 15, 18, 10, 21, 23, 1, 11, 7, 13], [6, 27, 0, 15, 17, 20, 22, 10, 1, 5, 16, 11, 14, 2, 7, 19, 12], [4, 19, 0, 12, 16, 13, 3, 8, 24, 15, 18, 11, 17, 7, 5, 20, 21, 14, 9], [4, 7, 9, 2, 0, 11, 10, 5], [9, 8, 0, 6, 15, 16, 10, 12, 13, 14, 1, 5, 17]]
[[5, 12, 14, 0, 7, 6, 9, 2, 4, 13, 15], [10, 15, 5, 17, 18, 20, 3, 8, 11, 7, 2, 16, 19, 12, 21], [13, 1, 16, 3, 6, 9, 19, 4, 10, 23, 2, 14, 21, 20, 0, 15, 17, 18, 7, 24], [9, 11, 13, 1, 18, 17, 8, 16, 0, 6, 10, 4, 15, 14, 19], [17, 33, 6, 1, 25, 11, 14, 22, 29, 37, 7, 12, 18, 35, 2, 5, 27, 3, 28, 0, 10, 21, 34, 23, 31, 4, 15, 30], [18, 4, 7, 11, 32, 19, 29, 33, 2, 21, 17, 22, 28, 16, 20, 23, 36, 5, 8, 24, 30, 34, 10, 3, 27], [9, 4, 14, 19, 12, 1, 11, 8, 2, 17, 0, 7, 3], [9, 22, 13, 16, 19, 24, 1, 2, 8, 0, 5, 10, 4, 11, 12, 20, 14, 17], [8, 9, 5, 0, 2, 3, 7, 1, 4]]
[[3, 4, 7, 8, 9, 0, 2], [4, 2, 9, 13, 16, 10, 17, 5, 12, 1, 6, 0], [17, 5, 7, 11, 19, 0, 3, 12, 22, 2, 6, 18, 8, 20], [0, 10, 1, 4, 7, 6, 8, 11, 12, 13], [10, 1, 17, 4, 18, 22, 3, 21, 0, 15, 14, 2, 11, 12, 19, 6, 7], [20, 7, 24, 26, 22, 9, 4, 25, 16, 1, 2, 17, 12, 3, 6, 15, 21, 27, 10, 18, 23], [2, 0], [6, 1, 3, 10, 2, 9, 0, 7, 8, 11]]
[[0, 6, 8, 29, 4, 9, 13, 25, 30, 12, 24, 16, 20, 21, 1, 26], [4, 6, 13, 15, 0, 12, 2, 5, 1, 11, 16, 3], [15, 0, 12, 1, 6, 13, 18, 22, 21, 3, 16, 17, 5, 14], [2, 10, 13, 3, 7, 14, 18, 6, 17, 9, 11, 1, 12], [1, 5, 7, 10, 2, 4, 6, 8], [30, 25, 18, 20, 11, 29, 33, 7, 22, 16, 28, 6, 2, 21, 1, 5, 26, 31, 17, 24, 9, 23, 3, 32], [0, 24, 19, 1, 10, 12, 47, 49, 3, 14, 20, 26, 29, 32, 36, 45, 50, 8, 22, 2, 13, 35, 44, 7, 18, 34, 25, 40, 23, 27, 37, 46, 51, 5, 15, 41], [0, 22, 14, 20, 4, 7, 8, 23, 24, 17, 28, 45, 5, 12, 37, 43, 46, 40, 31, 36, 9, 2, 21, 26, 11, 33, 42, 15, 25, 34, 35, 44, 29, 38, 3], [26, 34, 6, 11, 5, 13, 15, 23, 31, 2, 19, 24, 29, 35, 18, 12, 0, 8, 9, 20, 36]]
[[11, 31, 21, 18, 20, 13, 26, 14, 27, 23, 25, 8, 2, 9, 16, 17, 22, 5, 0, 7, 12, 32, 19, 28, 3, 10], [13, 2, 6, 12, 19, 22, 3, 20, 23, 18, 1, 7, 17, 0, 5, 11], [11, 12, 22, 7, 4, 8, 13, 17, 16, 2, 15, 5, 0, 19, 14, 21, 24, 6, 23, 18], [10, 19, 13, 6, 16, 29, 27, 26, 31, 14, 34, 0, 24, 20, 33, 25, 32, 17, 2, 5, 28, 22, 35], [4, 27, 7, 25, 11, 21, 10, 15, 8, 13, 31, 30, 17, 12, 29, 1, 22, 3, 33, 0, 20, 26, 23, 32, 2], [12, 9, 2, 7, 10, 0, 13, 14, 11, 4, 3, 5], [4, 7, 19, 12, 14, 5, 15, 1, 11, 18, 21, 0, 10, 8, 20, 2, 22, 16], [14, 27, 32, 42, 24, 21, 23, 51, 0, 16, 54, 17, 29, 45, 49, 44, 26, 48, 11, 5, 12, 19, 20, 25, 8, 37, 3, 10, 33, 15, 28, 43, 52, 22, 30, 46, 55, 6, 13, 35, 53]]
[[10, 25, 16, 6, 4, 8, 13, 18, 21, 0, 19, 22, 27, 9, 5, 17, 29, 7, 26, 15, 30, 31, 23, 1], [16, 6, 11, 8, 3, 14, 19, 13, 5, 9, 7, 17, 4, 15, 1], [3, 11, 0, 16, 19, 23, 7, 8, 20, 5, 13, 6, 15, 17, 4, 1, 21], [4, 1, 3, 5, 0, 6], [9, 0, 5, 12, 11, 10, 1, 2, 6], [4, 0, 10, 19, 16, 6, 20, 1, 7, 8, 11], [11, 4, 0, 7, 1, 3, 15, 8, 2, 13, 12, 16, 9, 17], [13, 12, 4, 7, 9, 14, 5, 0, 8, 2, 10, 6], [14, 17, 23, 7, 8, 20, 28, 10, 12, 30, 32, 24, 33, 2, 29, 9, 6, 21, 3, 0, 4, 18, 25, 34, 22]]
[[3, 12, 17, 14, 7, 20, 13, 19, 18, 9, 15], [7, 26, 35, 28, 36, 0, 13, 19, 23, 30, 5, 11, 14, 21, 31, 37, 4, 25, 34, 10, 22, 8, 27, 20, 32, 1, 6, 17, 38], [4, 13, 8, 1, 19, 9, 14, 15, 0, 18, 10, 17], [12, 24, 5, 19, 28, 0, 3, 6, 14, 25, 18, 2, 17, 9, 13, 10, 20, 21], [11, 5, 7, 9, 18, 21, 19, 2, 15, 14, 22, 23, 0, 16], [7, 10, 16, 17, 8, 11, 18, 3, 13, 0, 6, 2, 19, 4, 15], [2, 21, 17, 4, 5, 11, 24, 0, 12, 15, 22, 8, 18, 9, 14, 20, 13, 6, 26, 10]]
[[7, 2, 8, 1, 5, 4, 9], [10, 19, 7, 13, 24, 8, 16, 23, 3, 5, 6, 20, 0, 2, 11, 12, 25, 21], [3, 7, 0, 2, 5, 1, 6, 8], [0], [2, 1, 0], [2, 7, 3, 8, 5, 6, 0, 10, 9], [0, 3, 8, 2, 4, 6, 9, 7, 10, 11, 5], [5, 10, 9, 4, 2, 7, 0, 3, 8], [0, 2, 9, 3, 6, 10, 5, 1, 7, 11], [10, 4, 5, 14, 12, 16, 7, 0, 15, 6, 2, 13], [3, 0, 8, 5, 4, 7, 2], [0, 10, 4, 6, 3, 8, 7, 1], [1, 7, 2, 5, 4, 11, 0, 12, 10, 13, 14], [1, 4, 0, 2], [6, 8, 2, 10, 5, 9, 0, 4, 7]]
[[1, 4, 7, 5, 2, 3], [10, 13, 7, 11, 14, 17, 16, 1, 0, 3, 2, 18, 8], [10, 15, 18, 1, 7, 3, 5, 8, 16, 21, 2, 23, 13, 14, 0, 19, 24], [1, 8, 4, 10, 7, 9, 5], [9, 22, 14, 21, 3, 15, 17, 1, 5, 11, 18, 8, 0, 23, 4, 10, 20, 16], [1, 10, 18, 7, 19, 6, 13, 17, 14, 4, 8, 20], [5, 7, 9, 6], [1, 5, 7, 10, 13, 11, 14, 9, 8, 4, 6], [11, 14, 7, 3, 8, 16, 15, 5, 17], [6, 12, 0, 19, 13, 9, 18, 1, 14, 15, 17, 5], [22, 25, 7, 20, 3, 10, 16, 0, 6, 19, 2, 9, 15, 12, 23, 26, 11, 4, 17, 24], [18, 4, 0, 9, 20, 6, 5, 15, 3, 13, 19, 14, 1, 7, 10, 16, 21]]
[[7, 11, 17, 14, 20, 26, 4, 15, 3, 5, 8, 19, 24, 21, 27, 6, 12], [16, 21, 11, 0, 23, 1, 7, 12, 26, 4, 8, 17, 10, 22, 19, 13, 20, 14, 24], [11, 5, 0, 6, 9, 3, 12, 2, 8], [4, 13, 6, 10, 2, 17, 19, 21, 0, 22, 12, 7, 20, 9, 11, 8]]
[[8, 2, 5, 14, 11, 1, 9, 10], [2, 19, 10, 15, 0, 7, 6, 20, 12, 3, 4, 17, 11, 18], [6, 14, 3, 10, 15, 1, 7, 8, 11], [4, 0, 10, 6, 3, 1, 7], [0, 7, 13, 2, 9, 14, 17, 1, 8, 5, 12, 4, 6, 16, 15], [3, 7, 16, 5, 8, 13, 4, 12, 0, 2, 11, 14], [7, 14, 1, 9, 16, 0, 3, 8, 11, 5], [22, 5, 2, 4, 9, 14, 27, 15, 18, 1, 6, 0, 23, 10, 19, 24, 7, 11, 20, 25], [0, 9, 1, 4, 10, 2, 14, 15, 11, 13, 6]]
[[20, 10, 15, 25, 28, 17, 22, 26, 3, 11, 12, 14, 16, 21, 9, 0, 29, 1, 4, 6, 7, 18, 23], [14, 15, 11, 17, 4, 7, 12, 2, 6, 10, 21, 0, 16, 1, 9], [13, 5, 2, 7, 9, 0, 3, 6, 11], [9, 13, 1, 6, 15, 2, 4, 14, 0, 10, 12, 11, 16, 5], [23, 2, 17, 7, 4, 11, 0, 5, 9, 12, 20, 8, 15, 24, 18, 19, 16, 13, 21, 25], [6, 8, 0, 2, 4, 5], [0, 3, 12, 23, 17, 24, 22, 10, 1, 15, 5, 16, 21, 4, 14, 11, 13, 26, 6, 7], [6, 14, 0, 3, 7, 12, 15, 17, 2, 11, 10, 16], [11, 3, 8, 18, 0, 6, 12, 17, 15, 20, 4, 19]]
[[15, 8, 10, 14, 3, 2, 9, 7, 11, 12], [10, 3, 11, 7, 17, 0, 8, 2, 5, 12, 13, 9, 18, 14, 15], [9, 13, 4, 3, 6, 5, 0, 7, 15, 10, 14, 16, 18], [16, 19, 29, 3, 8, 21, 22, 4, 27, 30, 12, 25, 0, 20, 26, 13, 2, 23, 14], [14, 23, 9, 12, 20, 3, 10, 2, 7, 21, 0, 18, 8, 4, 24]]
[[10, 20, 12, 0, 3, 13, 17, 16, 6, 7, 5, 21, 22, 8], [0, 5, 19, 30, 21, 27, 32, 2, 9, 14, 28, 20, 1, 7, 38, 6, 8, 37, 18, 35, 4, 39, 29, 33, 10, 15], [5, 0, 12, 13, 10, 9, 2, 1, 6, 3, 7, 14], [5, 7, 12, 0, 6, 1, 10], [8, 2, 10, 16, 12, 17, 5, 4, 6, 9, 11, 0, 14, 18], [6, 7, 10, 9, 0, 8, 11], [17, 19, 10, 4, 8, 11, 0, 18, 7, 16, 13, 20, 21, 22, 14], [4, 8, 1, 9, 6, 0, 5], [1, 6, 13, 18, 8, 11, 14, 17, 5, 7, 16, 2, 15, 19], [17, 11, 20, 8, 13, 24, 1, 6, 14, 25, 0, 12, 4, 21, 9, 15, 5, 19, 10, 22, 16, 2], [18, 12, 10, 23, 14, 24, 5, 0, 13, 9, 19, 1, 6, 20, 8, 7, 21], [6, 0, 4, 13, 11, 10, 12, 2, 22], [1, 0, 3, 4, 2], [9, 1, 6, 4, 2, 3, 0, 10, 11], [3, 1, 0, 4, 8, 10, 11, 5, 6], [13, 11, 17, 2, 7, 15, 6, 14, 10, 0, 12, 3, 18]]
[[10, 7, 13, 15, 12, 1, 6, 4, 11, 8, 17, 2], [2, 17, 20, 8, 13, 18, 5, 1, 12, 3, 7, 0, 4, 21, 19, 14], [11, 15, 20, 5, 0, 18, 1, 13, 24, 22, 6, 23, 26, 27, 25, 12, 16, 7, 19, 14], [0, 2, 11, 14, 18, 19, 16, 17, 3, 12, 4], [29, 11, 22, 7, 14, 5, 15, 25, 30, 2, 33, 13, 17, 23, 28, 0, 12, 4, 24, 34, 1, 10, 21, 27, 31, 19, 18], [23, 35, 7, 14, 19, 5, 12, 29, 28, 4, 34, 0, 3, 27, 11, 20, 33, 36, 15, 32, 30, 31, 8, 18, 21], [1, 5, 2, 6, 13, 4, 11, 12, 0, 10, 7]]
[[5, 10, 18, 2, 4, 16, 0, 13, 23, 22, 6, 19, 12, 11, 17, 21, 14, 9], [10, 12, 18, 15, 20, 8, 4, 7, 19, 25, 0, 24, 6, 22, 17, 2, 13], [20, 5, 14, 30, 7, 3, 29, 0, 1, 9, 16, 23, 36, 17, 27, 33, 37, 6, 15, 31, 35, 13, 32, 21, 22, 4, 24], [17, 0, 4, 13, 23, 1, 5, 15, 19, 3, 7, 14, 22, 9, 24, 12, 18, 16, 10], [10, 17, 7, 11, 13, 19, 14, 20, 0, 5, 2, 8, 12, 15, 9], [6, 13, 11, 0, 8, 25, 1, 17, 24, 14, 7, 12, 21, 22, 16, 9, 5, 18]]
[[1, 12, 22, 4, 14, 23, 16, 19, 29, 6, 8, 26, 15, 24, 13, 9, 20, 10, 21, 17, 27], [1, 12, 9, 14, 13, 3, 2, 5, 6, 15], [11, 18, 28, 31, 5, 12, 24, 7, 21, 2, 6, 27, 1, 23, 26, 13, 29, 4, 8, 25, 19], [6, 9, 11, 18, 16, 3, 14, 4, 13, 19, 2, 1, 0, 12, 10, 17], [5, 8, 3, 2, 9, 7, 11, 10], [6, 1, 10, 4, 9, 3, 2, 7, 8, 0], [8, 17, 2, 19, 11, 13, 22, 6, 23, 5, 3, 12, 20, 10, 21, 18, 14, 25, 24], [3, 12, 10, 0, 13, 4, 6, 15, 7, 16, 1], [8, 11, 18, 26, 13, 19, 3, 15, 24, 1, 4, 0, 9, 14, 20, 12, 5, 17, 16, 22, 2]]
[[28, 11, 20, 23, 5, 9, 24, 29, 2, 8, 18, 0, 17, 4, 1, 16, 19, 22, 25, 27, 13, 21, 30, 32, 34], [13, 8, 16, 30, 5, 10, 18, 21, 25, 2, 11, 22, 33, 14, 31, 15, 24, 0, 29, 9, 32, 34, 17, 26, 3, 36], [5, 7, 21, 10, 26, 0, 2, 15, 18, 30, 16, 31, 6, 28, 12, 22, 27, 9, 25, 4, 20, 29, 8, 1, 3, 34], [22, 2, 18, 13, 21, 6, 5, 8, 15, 0, 20, 7, 16, 3, 12, 23, 9], [1, 5, 7, 15, 18, 3, 8, 13, 16, 19, 2, 12, 0, 11, 20, 22], [4, 7, 10, 14, 16, 0, 8, 17, 5, 13, 1, 6, 3, 12], [0, 3, 2], [5, 0, 2, 4, 1, 3, 6]]
[[13, 16, 34, 23, 45, 5, 8, 10, 28, 41, 3, 20, 29, 2, 27, 33, 37, 24, 18, 26, 38, 39, 46, 50, 52, 17, 22, 25, 36, 44, 19, 7, 42, 48, 40], [8, 13, 7, 18, 2, 17, 3, 4, 5, 16, 15, 9, 14, 11, 6], [9, 3, 18, 13, 0, 2, 6, 22, 19, 21, 8, 24, 17, 20, 10, 15, 11], [6, 18, 13, 21, 3, 14, 2, 22, 16, 12, 20, 24, 4, 19, 23], [29, 13, 4, 15, 9, 17, 20, 10, 21, 16, 6, 26, 0, 7, 24, 27, 33, 14, 30, 32, 18, 8, 28, 34], [23, 4, 12, 16, 2, 13, 17, 5, 20, 0, 7, 18, 10, 8]]
[[4, 8, 11, 18, 16, 1, 15, 3, 7, 22, 23, 0, 5, 9, 12, 19], [17, 10, 1, 12, 18, 20, 0, 3, 7, 13, 2, 11, 19, 15, 4, 21, 14], [6, 25, 0, 4, 14, 19, 15, 20, 2, 11, 13, 1, 10, 7, 3, 5, 16], [7, 1, 5, 2, 4, 0, 3, 8, 9]]
[[4, 6, 12, 3, 7, 2, 10, 11, 5, 9, 13, 0], [12, 2, 14, 5, 7, 0, 16, 4, 3, 20, 8, 13, 15, 10, 9, 17], [0, 10, 7, 12, 1, 8, 4, 11, 3, 2, 5, 9], [9, 8, 10, 3, 14, 13, 2, 1, 4, 7, 11], [20, 13, 9, 21, 7, 3, 15, 18, 24, 0, 10, 14, 23, 2, 8, 26, 1, 6, 22, 27, 4, 11, 16], [17, 9, 4, 13, 10, 16, 15, 6, 0, 5, 14, 20, 19, 18, 2, 11], [15, 3, 10, 2, 8, 14, 0, 12, 4, 5, 11, 17, 18, 16, 9, 6], [6, 13, 0, 16, 3, 19, 14, 7, 15, 8, 12, 1, 4, 9, 17], [16, 26, 15, 12, 21, 23, 13, 17, 3, 22, 0, 5, 8, 9, 7, 2, 20, 24, 10, 18], [0, 14, 7, 16, 12, 10, 1, 8, 11, 6, 2, 15, 17, 5, 3, 18], [6, 9, 1, 5, 3, 8, 0, 7, 10, 4, 11], [15, 1, 17, 9, 7, 10, 22, 16, 3, 18, 21, 2, 6, 0, 19, 23, 11, 4], [17, 3, 14, 23, 25, 11, 4, 0, 8, 5, 10, 19, 26, 2, 18, 20, 6, 12, 21]]
[[3, 8, 5, 6, 1, 4, 9], [15, 4, 1, 9, 10, 16, 2, 19, 0, 18, 5, 8, 3], [10, 3, 6, 0, 1], [2, 6, 0, 7, 11, 4, 10, 9], [16, 11, 3, 18, 21, 9, 17, 12, 0, 6, 14, 19, 15, 20, 22, 1, 8, 13], [19, 24, 2, 7, 8, 1, 16, 10, 15, 3, 5, 20, 17, 21, 11, 13, 22, 25], [0, 10, 17, 19, 7, 12, 21, 13, 20, 2, 5, 1, 18, 11, 22, 15, 14, 3, 6]]
[[11, 6, 0, 4, 14, 13, 3, 12, 10], [16, 0, 3, 8, 13, 15, 18, 2, 12, 6, 11, 17], [2, 6, 0, 3, 7, 5, 10, 11, 9, 12], [10, 5, 16, 2, 8, 0, 3, 13, 7, 17, 6, 15, 9], [9, 5, 0, 6, 2, 10, 11, 3, 12], [14, 21, 0, 4, 7, 16, 18, 1, 5, 8, 19, 3, 12, 13, 11, 15], [2, 6, 16, 0, 4, 7, 14, 17, 9, 3, 13, 12], [2, 5, 6, 11, 4, 13, 10, 3, 9, 12, 0], [5, 20, 15, 2, 12, 6, 11, 21, 0, 7, 10, 19, 14, 18, 3, 13, 16], [17, 6, 11, 15, 18, 23, 4, 10, 2, 26, 22, 0, 14, 21, 24, 3, 19], [13, 2, 10, 20, 4, 16, 22, 0, 5, 3, 12, 21, 11, 15, 19, 14, 9, 6, 17]]
[[0], [17, 4, 14, 23, 0, 8, 12, 3, 11, 20, 19, 21, 1, 5, 15], [0, 5, 6, 16, 19, 10, 15, 8, 13, 22, 23, 14, 1, 3, 17, 20, 11], [15, 26, 38, 1, 4, 9, 10, 12, 29, 45, 21, 8, 27, 3, 17, 40, 6, 16, 24, 33, 39, 42, 7, 25, 37, 18, 43, 11, 30, 34], [0, 10, 2, 6, 8, 14, 15, 5, 13, 16, 3, 11], [6, 1, 10, 2, 16, 12, 11, 0, 15, 4, 7, 13], [15, 20, 5, 9, 24, 7, 10, 23, 1, 6, 4, 16, 21, 11, 2, 19], [1, 4, 7, 10, 17, 11, 6, 15, 5, 18, 14, 8, 16]]
[[24, 11, 5, 21, 2, 14, 17, 3, 12, 16, 22, 6, 9, 7, 20, 25, 23, 15, 10], [17, 3, 5, 8, 6, 9, 12, 14, 0, 1, 18, 13, 19], [14, 2, 7, 10, 20, 0, 3, 8, 18, 6, 15, 17, 21, 13, 11, 4, 22], [21, 13, 2, 17, 0, 7, 9, 15, 23, 5, 14, 4, 19, 6, 18, 12, 22, 20]]
[[10, 24, 9, 21, 3, 6, 14, 29, 39, 43, 0, 4, 12, 15, 19, 25, 22, 27, 11, 36, 26, 35, 17, 38, 2, 7, 40, 20], [18, 2, 5, 9, 13, 3, 7, 10, 14, 12, 1, 6, 19, 16, 0, 17], [6, 15, 22, 12, 20, 23, 14, 11, 2, 19, 28, 0, 10, 16, 24], [11, 0, 12, 29, 5, 15, 20, 33, 36, 3, 6, 13, 21, 27, 2, 17, 32, 24, 9, 25, 31, 8, 23, 28, 34, 22], [16, 6, 0, 12, 19, 24, 25, 34, 37, 1, 4, 20, 7, 23, 32, 10, 17, 22, 31, 13, 28, 8], [1, 4, 8, 12, 2, 6, 9, 13, 11, 0, 5], [33, 12, 2, 0, 1, 6, 9, 16, 18, 30, 35, 3, 7, 22, 31, 36, 39, 5, 13, 24, 29, 41, 21, 28, 38, 15, 23, 27, 40, 19, 10], [10, 24, 15, 0, 3, 8, 21, 17, 20, 2, 6, 7, 16, 11, 12, 18, 22], [20, 10, 15, 29, 31, 3, 6, 13, 16, 1, 9, 21, 2, 18, 23, 24, 0, 19, 11, 4, 25]]
[[10, 43, 0, 5, 27, 35, 41, 47, 6, 12, 21, 38, 44, 45, 29, 2, 11, 32, 34, 40, 16, 24, 4, 18, 26, 1, 15, 23, 31, 22, 37, 7, 13, 30], [8, 1, 10, 6, 11, 3, 5, 13, 2, 0, 4], [13, 3, 6, 0, 5, 12, 4, 10, 9, 7, 14], [8, 12, 4, 9, 3, 2, 11, 0, 7, 13], [7, 15, 1, 11, 16, 0, 8, 18, 4, 14, 10, 6, 12, 17], [1, 9, 7, 10, 2, 0, 11, 5], [12, 14, 4, 16, 10, 19, 21, 17, 5, 7, 3, 15, 0, 8, 22, 18, 20, 23], [3, 11, 7, 4, 10, 8, 6, 9, 12], [7, 1, 2, 0], [2, 0, 4, 12, 3, 8, 5, 6], [9, 13, 1, 5, 15, 2, 16, 4, 0, 14, 10, 6, 11, 7], [1, 3, 0, 2], [5, 0, 2, 4, 1, 3, 6]]
[[18, 31, 11, 6, 14, 20, 23, 27, 33, 41, 1, 12, 28, 34, 40, 4, 10, 7, 15, 0, 39, 17, 21, 5, 9, 13, 19, 26, 29], [10, 17, 16, 4, 12, 0, 2, 18, 13, 15, 14], [4, 6, 1, 7, 0, 3], [7, 15, 27, 10, 32, 12, 34, 0, 24, 29, 35, 3, 11, 19, 21, 26, 23, 18, 28, 33, 20, 25, 13], [9, 13, 14, 18, 5, 19, 11, 2, 17, 0, 16, 4, 10, 1, 8, 15], [22, 27, 29, 20, 25, 6, 11, 16, 17, 13, 30, 1, 4, 5, 15, 0, 3, 28, 23, 24, 18, 2], [13, 2, 22, 6, 10, 17, 0, 20, 9, 14, 5, 11, 18, 19, 16, 25, 4, 12], [8, 7, 2, 9, 0, 10, 3, 4, 5, 11], [0, 12, 10, 1, 8, 16, 13, 2, 19, 6, 3, 4, 11, 15, 5, 20]]
[[1, 4, 7, 10, 6, 8, 2, 5, 3], [12, 5, 7, 8, 3, 0, 10, 6, 13, 4, 11], [18, 1, 2, 4, 7, 14, 10, 3, 12, 6, 0, 11, 15, 5, 16, 13], [8, 10, 4, 15, 14, 6, 3, 0, 5, 11, 9, 12, 13, 16, 7], [11, 7, 4, 6, 13, 18, 8, 3, 0, 9, 17, 16, 12, 14, 5, 10], [0, 16, 7, 9, 18, 11, 4, 1, 6, 12, 14, 8, 17, 19, 5, 15], [8, 27, 18, 23, 11, 20, 25, 6, 19, 16, 4, 24, 0, 5, 14, 9, 28, 13, 10, 21, 26, 22, 15, 2, 7]]
[[4, 12, 18, 16, 19, 9, 0, 5, 13, 14, 22, 10, 20, 2, 7], [12, 4, 9, 2, 8, 10, 7, 5, 15], [1, 8, 20, 6, 9, 15, 22, 2, 12, 13, 18, 21, 11, 0, 7, 19, 24], [9, 20, 7, 16, 22, 0, 3, 8, 13, 12, 10, 11, 17, 2, 14, 18, 23, 24], [2, 5, 12, 23, 3, 6, 11, 0, 17, 22, 20, 9, 14, 24, 21, 7, 18, 16]]
[[3, 6, 14, 4, 7, 11, 10, 1, 0, 12, 2], [13, 1, 4, 8, 15, 21, 5, 22, 2, 24, 0, 18, 6, 19, 3], [4, 1, 9, 12, 14, 2, 6, 10, 15, 17, 5, 11, 13, 7], [21, 15, 4, 13, 7, 10, 19, 5, 8, 11, 1, 14, 2, 0, 16, 18, 3], [28, 0, 4, 7, 10, 21, 25, 5, 8, 16, 22, 2, 15, 20, 1, 14, 11, 17, 23, 26, 3]]
[[22, 3, 16, 19, 4, 9, 24, 8, 13, 12, 23, 20, 14, 21, 0, 5, 10], [11, 12, 4, 17, 14, 18, 16, 2, 5, 6, 13], [1, 5, 12, 14, 19, 6, 20, 4, 17, 11, 2, 10, 24, 7, 15, 21, 22, 25, 26], [9, 21, 23, 27, 25, 0, 8, 14, 16, 5, 17, 29, 13, 32, 4, 26, 11, 28, 30, 6, 18]]
[[12, 15, 0, 7, 13, 6, 11, 10, 9, 14, 8], [10, 2, 7, 16, 0, 3, 8, 17, 15, 11, 12], [15, 8, 7, 0, 10, 19, 1, 9, 24, 13, 16, 14, 11, 17, 25], [15, 6, 11, 0, 7, 13, 4, 10, 5, 16, 12, 14], [8, 18, 27, 35, 13, 22, 29, 33, 0, 4, 20, 31, 3, 14, 16, 25, 23, 30, 9, 19, 28, 36, 6, 10, 32, 38, 34, 17, 26], [14, 5, 18, 11, 6, 20, 8, 19, 0, 16, 4, 9, 13, 2], [10, 21, 2, 7, 14, 26, 0, 8, 5, 24, 3, 20, 23, 17, 15, 12, 13, 27]]
[[16, 27, 4, 19, 9, 21, 12, 8, 36, 28, 20, 31, 33, 35, 17, 32, 5, 10, 24, 29, 18], [4, 19, 18, 7, 12, 3, 15, 17, 11, 14, 8], [18, 14, 27, 17, 6, 12, 22, 1, 16, 0, 19, 25, 9, 10, 30, 8, 24, 15, 28, 5, 26, 3, 20], [1, 8, 4, 11, 14, 16, 12, 17, 2, 10, 9, 0, 7, 5, 3], [28, 32, 2, 0, 14, 20, 25, 34, 43, 4, 16, 39, 44, 10, 6, 9, 38, 23, 19, 42, 15, 18, 41, 33, 35, 8, 13, 24, 7, 26, 29], [30, 21, 4, 23, 27, 32, 18, 28, 33, 10, 24, 16, 6, 9, 0, 5, 15, 22, 31, 11, 36, 7, 12, 19, 25, 34]]
[[12, 28, 7, 15, 9, 17, 13, 21, 1, 0, 4, 8, 14, 16, 6, 10, 22, 5, 2, 18, 20, 25], [18, 27, 30, 14, 11, 19, 6, 25, 0, 3, 17, 16, 2, 12, 9, 21, 24, 8, 10, 15, 20, 28, 26, 4, 31, 13, 22], [8, 18, 20, 11, 4, 14, 17, 0, 9, 19, 5, 2, 12, 15], [7, 0, 8, 12, 21, 15, 24, 25, 6, 5, 3, 22, 1, 20, 13, 9, 16, 10, 17, 23], [8, 1, 6, 2, 4, 12, 0, 3, 9, 13, 5, 10]]
[[19, 4, 10, 16, 2, 11, 17, 1, 7, 15, 8, 6, 14, 18], [0, 8, 10, 5, 14, 15, 1, 12, 13, 9, 11, 2, 3], [0, 11, 7, 9, 12, 1, 8, 6, 4, 5, 2], [15, 41, 18, 11, 27, 0, 20, 28, 19, 2, 23, 6, 26, 1, 22, 13, 10], [12, 6, 14, 3, 13, 5, 7, 9, 4], [12, 18, 6, 15, 20, 19, 3, 14, 16, 2, 7, 5], [19, 5, 10, 8, 11, 1, 6, 2, 15, 4, 3], [9, 17, 20, 7, 26, 3, 14, 22, 21, 6, 25, 12, 4, 5, 24, 0, 15, 8], [6, 28, 8, 15, 17, 10, 18, 0, 4, 9, 12, 7, 16, 1, 5], [10, 1, 14, 12, 6, 11, 9, 2, 7, 8], [10, 16, 4, 13, 5, 14, 18, 20, 17, 0, 11], [29, 4, 38, 12, 18, 34, 8, 15, 27, 0, 6, 16, 36, 39, 1, 35, 3, 5, 14, 25, 7, 22, 31, 37, 40, 28, 9, 23, 26]]
[[15, 5, 4, 2, 16, 12, 11, 3, 13], [16, 6, 8, 10, 4, 15, 2, 0, 3, 14, 12], [8, 6, 0, 2, 4, 7, 10, 11, 3, 9], [10, 13, 4, 7, 0, 5, 8, 19, 3, 2, 15, 18, 14, 11, 12, 16], [0, 6, 3, 19, 11, 15, 5, 14, 10, 17, 4, 12, 16], [13, 15, 17, 0, 3, 7, 10, 18, 5, 14, 1, 19, 2, 8], [15, 23, 2, 5, 18, 12, 9, 0, 10, 21, 16, 17, 24], [0, 2, 1]]
[[19, 2, 7, 8, 11, 9, 15, 4, 14, 0, 5], [20, 14, 0, 22, 23, 4, 19, 13, 7, 18, 12, 21, 15, 1, 8, 24, 5], [1, 3, 6, 10, 4, 2, 17, 9, 15, 18, 8, 14, 16, 11], [11, 17, 2, 21, 24, 3, 22, 19, 7, 8, 15, 20, 18, 12, 4, 9, 13, 25]]
[[14, 24, 4, 19, 1, 16, 8, 22, 28, 2, 11, 21, 0, 10, 20, 25, 29, 3], [19, 12, 1, 32, 5, 25, 28, 16, 24, 9, 14, 3, 33, 11, 20, 37, 2, 21, 31, 35, 26, 0, 10, 36, 15, 6, 22, 38], [21, 13, 15, 25, 0, 5, 19, 16, 3, 8, 26, 14, 28, 10, 18, 12, 24, 22, 20], [11, 5, 7, 15, 2, 4, 8, 16, 6, 14, 12, 3, 9], [2, 13, 3, 0, 7, 9, 22, 14, 23, 4, 12, 15, 16], [30, 25, 28, 17, 29, 3, 14, 38, 39, 35, 20, 4, 10, 0, 19, 32, 7, 22, 36, 2, 9, 18, 31, 23, 11, 34, 40, 33, 5]]
[[10, 3, 18, 15, 21, 24, 26, 13, 27, 4, 19, 7, 11, 6, 17, 12, 22, 8], [9, 15, 11, 6, 16, 4, 3, 12, 18, 5, 13, 10, 0, 14, 19], [26, 12, 9, 11, 14, 0, 17, 24, 16, 22, 8, 15, 7, 13, 20, 21, 1, 2, 23], [9, 22, 11, 20, 17, 13, 24, 27, 1, 5, 4, 25, 7, 16, 0, 10, 23, 26, 18, 14, 28], [5, 0, 9, 4, 8], [10, 23, 24, 29, 0, 12, 6, 15, 26, 32, 33, 14, 4, 30, 2, 20, 1, 11, 19, 13, 25, 5, 7, 16, 21, 27, 34, 31], [15, 17, 4, 11, 2, 7, 0, 9, 1, 16, 18, 5, 12], [21, 10, 7, 6, 12, 18, 23, 24, 22, 5, 15, 0, 16, 17, 20, 8, 25, 13, 19, 9]]
[[0, 9, 2, 4, 10, 1, 13, 3, 17, 5, 20, 18, 6, 14], [9, 14, 7, 17, 2, 3, 15, 1, 8, 13, 19, 0, 18, 4], [7, 1, 4, 10, 11, 9, 2, 8, 0, 5, 12, 13, 3], [11, 0, 9, 16, 12, 4, 1, 17, 13], [3, 0, 10, 14, 2, 12, 7, 1, 9, 4, 5, 15, 13, 16], [6, 4, 2, 11, 14, 17, 5, 12, 0, 8, 10, 7, 3, 15, 16], [3, 5, 7, 14, 0, 8, 15, 13, 4, 1, 10, 16, 17], [15, 12, 0, 1, 18, 6, 17, 13, 10, 11, 16, 7, 14], [1, 8, 11, 9, 12, 18, 0, 17, 4, 20, 2, 6, 13, 22], [4, 1, 6, 7, 13, 2, 16, 20, 11, 12, 21, 0, 10, 17]]
[[1, 21, 29, 13, 4, 10, 19, 24, 32, 5, 16, 8, 12, 15, 9, 11, 14, 2, 22, 33, 0, 6, 17], [3, 5, 1, 8, 9, 4, 6, 2], [5, 9, 0, 3, 2, 14, 15, 7, 11, 12, 8], [1, 9, 11, 10, 0, 8, 5, 3], [4, 6, 13, 15, 16, 14, 8, 7, 5, 12, 0, 9, 1, 17], [13, 10, 17, 9, 1, 4, 19, 3, 14, 5, 11, 15, 12], [1, 2, 0, 3, 5], [3, 13, 8, 16, 6, 0, 14, 1, 4, 17, 12, 5, 9, 18, 2], [9, 7, 11, 4, 14, 0, 5, 2, 15], [23, 1, 2, 16, 20, 9, 8, 24, 3, 19, 4, 21, 0, 13, 17, 18, 5, 10, 14], [7, 0, 5, 9, 3, 2, 22, 24, 17, 1, 13, 20, 23, 10, 18, 15]]
[[15, 21, 17, 23, 24, 6, 5, 10, 11, 12, 18, 9, 19, 16, 25, 3, 13], [8, 22, 2, 11, 5, 1, 19, 16, 21, 0, 15, 17, 23, 3, 6, 9], [12, 5, 10, 7, 1, 0, 9, 2], [0, 1, 9, 2, 8, 7, 6, 10, 13, 3, 11], [9, 18, 0, 15, 14, 13, 17, 1, 16], [7, 11, 5, 0, 9, 2, 8, 14, 10, 6, 12, 4], [5, 12, 2, 8, 7, 11, 14, 0, 10, 13, 15, 16, 9, 6, 3]]
[[2, 1, 9, 5, 6, 7, 11, 3], [2, 5, 9, 6, 4, 1, 15, 0, 12, 10, 7, 16], [14, 0, 5, 18, 22, 24, 6, 9, 15, 21, 10, 11, 17, 3, 1, 19, 20], [15, 2, 23, 0, 19, 24, 11, 18, 14, 7, 8, 12, 13, 1, 6, 9, 16, 3, 20], [14, 22, 11, 15, 16, 9, 18, 20, 7, 3, 13, 0, 17, 4, 21], [0, 13, 18, 1, 8, 17, 22, 2, 9, 6, 21, 14, 15, 23, 10]]
[[7, 18, 1, 5, 8, 11, 16, 10, 15, 0, 14, 17], [4, 0, 12, 20, 1, 7, 10, 21, 6, 5, 17, 14, 19, 18, 15, 2], [24, 2, 11, 18, 19, 0, 3, 6, 10, 22, 5, 9, 17, 16, 7, 15, 20, 12], [11, 17, 8, 13, 19, 3, 6, 9, 20, 12, 18, 0, 2, 16], [5, 23, 6, 17, 9, 0, 10, 2, 19, 21, 14, 3, 7, 15, 13, 16, 20, 8, 24, 4], [3, 15, 6, 0, 4, 7, 10, 14, 2, 12, 11, 16, 17], [1, 3, 0, 2], [3, 5, 0, 2, 4, 1, 6]]
[[11, 1, 2, 4, 8, 3, 9, 7, 12, 10], [3, 5, 6, 1, 11, 12, 9, 14], [13, 17, 2, 0, 7, 10, 14, 15, 3, 1, 5, 8], [14, 3, 18, 20, 4, 9, 16, 24, 11, 15, 23, 6, 26, 0, 8, 27, 13, 10], [0, 14, 7, 18, 20, 5, 8, 2, 15, 1, 17, 4, 19, 21, 13, 16]]
[[15, 3, 22, 1, 4, 10, 16, 0, 18, 7, 8, 14, 20, 11], [11, 2, 16, 4, 7, 13, 20, 5, 18, 1, 6, 8, 15, 0, 17, 9], [2, 11, 6, 17, 20, 7, 15, 18, 14, 3, 13, 0, 4, 5, 12, 10, 1], [5, 18, 14, 0, 1, 3, 8, 21, 25, 27, 32, 6, 12, 33, 15, 30, 31, 13, 22, 7, 19, 28, 10, 26, 29, 16], [4, 12, 16, 7, 9, 0, 11, 10, 5, 1, 13, 2], [14, 0, 27, 1, 12, 11, 21, 5, 10, 16, 18, 19, 8, 24, 4, 20, 17, 25, 26, 28, 6, 22]]
[[9, 12, 15, 23, 25, 26, 20, 22, 0, 19, 18, 21, 24, 10], [18, 12, 7, 0, 4, 8, 16, 2, 13, 3, 15, 11, 19], [9, 13, 1, 14, 21, 4, 11, 19, 16, 8, 2, 22, 0, 20, 10, 15, 6], [15, 33, 8, 19, 5, 11, 22, 26, 27, 30, 0, 2, 6, 28, 31, 10, 13, 20, 24, 16, 18, 21, 23, 29, 3], [15, 8, 0, 5, 13, 2, 17, 18, 4, 9, 10], [18, 30, 33, 36, 25, 7, 11, 20, 40, 5, 8, 12, 16, 21, 29, 38, 14, 26, 0, 15, 28, 2, 24, 34, 37, 39, 41, 9], [9, 1, 3, 6, 12, 15, 4, 13, 16, 2, 8, 0, 10, 14]]
[[4, 31, 15, 12, 21, 28, 20, 19, 18, 10, 0, 5, 24, 6, 26, 32, 22, 30, 13, 29, 2, 8], [8, 21, 6, 13, 18, 1, 4, 0, 10, 11, 14, 17, 2, 5], [27, 17, 5, 9, 11, 13, 6, 19, 1, 4, 22, 0, 18, 29, 10, 14, 28]]
[[4, 20, 24, 2, 21, 26, 14, 17, 15, 28, 19, 25, 0, 13, 16, 27, 5, 6, 7, 10, 22], [16, 3, 9, 5, 0, 20, 22, 10, 23, 6, 13, 29, 18, 34, 8, 21, 4, 17, 32, 19, 1, 11, 24, 25, 14, 30, 36], [6, 0, 14, 2, 5, 10, 11, 7, 3, 15], [10, 4, 7, 13, 5, 8, 15, 3, 6, 12], [15, 25, 24, 0, 10, 27, 20, 4, 7, 26, 6, 17, 22, 5, 16, 18, 23, 1, 8, 11], [2], [4, 12, 5, 0, 14, 3, 13, 8, 11, 9, 17, 10, 15], [14, 8, 11, 15, 16, 4, 7, 10, 5, 17, 3, 6], [2, 29, 14, 22, 32, 39, 4, 7, 10, 21, 9, 20, 26, 27, 3, 6, 8, 19, 24, 30, 37, 28, 11, 15], [3, 0, 6, 12, 5, 11, 9, 13, 15, 1, 14], [19, 10, 20, 4, 6, 12, 5, 7, 16, 18, 3, 13, 22, 15, 11, 0, 14, 21], [10, 19, 11, 0, 14, 8, 20, 3, 6, 7, 5, 13, 15, 1, 21], [0, 1, 13, 15, 17, 10, 6, 2, 14, 5, 7, 9, 16, 12, 18, 3], [0, 3, 2], [8, 5, 9, 0, 2, 4, 1, 3, 10, 11, 7]]
[[7, 9, 12, 3, 10, 2, 8, 6, 5], [18, 14, 5, 7, 9, 16, 2, 10, 1, 15, 0, 13, 19, 12, 8, 3], [7, 10, 1, 11, 2, 12, 5, 0, 13, 3], [10, 21, 4, 0, 13, 17, 19, 5, 16, 9, 18, 3, 11, 1, 20], [7, 12, 19, 1, 14, 21, 3, 24, 2, 15, 17, 6, 26, 0, 13, 23, 8, 16, 20, 4], [15, 25, 8, 2, 9, 18, 0, 23, 22, 10, 3, 14, 5, 21, 19, 16, 12, 11, 26], [6, 1, 4, 10, 3, 2, 0, 7, 8, 11]]
[[0, 10, 12, 8, 6, 1, 11, 2, 5, 3], [3, 4, 2, 8, 9, 10], [8, 11, 4, 15, 14, 1, 3, 6, 9], [21, 4, 12, 8, 15, 19, 7, 1, 5, 13, 2, 14, 11, 6, 16, 18, 9], [35, 2, 34, 6, 14, 19, 27, 30, 0, 7, 16, 28, 9, 5, 26, 11, 22, 15, 25, 23, 17, 21, 24, 3, 12, 36], [13, 16, 5, 18, 20, 0, 12, 23, 6, 21, 7, 22, 17, 8, 24, 1, 11, 3], [10, 11, 19, 8, 14, 22, 23, 4, 0, 5, 15, 13, 20, 2, 7, 21], [23, 28, 30, 15, 9, 17, 12, 2, 5, 20, 19, 4, 29, 10, 0, 18, 24, 26, 8, 16, 25, 31, 6]]
[[4, 17, 9, 21, 10, 8, 19, 1, 14, 7, 0, 5, 13, 16, 23, 11, 3], [30, 9, 6, 11, 16, 18, 24, 2, 7, 19, 22, 25, 28, 33, 0, 10, 5, 31, 27, 4, 29, 20, 12, 13], [4, 23, 3, 5, 6, 7, 10, 15, 20, 11, 24, 18, 0, 8, 14, 1, 22, 13, 25, 2], [8, 0, 15, 12, 17, 20, 11, 5, 24, 16, 19, 4, 9, 23, 22, 1, 13, 7]]
[[13, 23, 19, 2, 20, 6, 1, 11, 10, 16, 21, 12, 14, 17, 24], [2, 3, 5, 9, 23, 14, 6, 19, 1, 11, 22, 13, 0, 4, 8, 20, 16], [16, 9, 18, 21, 6, 11, 22, 8, 20, 4, 2, 0, 3, 10, 23], [2, 4, 8, 12, 9, 1, 6, 14, 7, 0, 3, 13], [0, 18, 6, 11, 1, 8, 4, 2, 15, 10], [46, 24, 2, 14, 26, 31, 0, 9, 27, 41, 3, 8, 29, 45, 50, 7, 43, 22, 25, 44, 49, 20, 42, 10, 4, 32, 34, 36, 47, 23]]
[[5, 8, 10, 16, 17, 11, 15, 1, 9, 3, 14, 0, 6, 7, 4], [9, 5, 13, 3, 2, 10, 8, 6, 11, 14], [10, 12, 16, 14, 8, 2, 6, 13, 17, 1, 5, 19, 0, 4, 18, 15, 21], [19, 8, 0, 6, 12, 15, 23, 16, 20, 2, 9, 13, 4, 14, 24, 1, 11, 7, 17], [12, 20, 7, 6, 13, 0, 9, 1, 4, 10, 17, 8, 16, 14, 24, 18, 21, 22], [22, 12, 13, 23, 5, 0, 29, 3, 20, 26, 15, 6, 16, 8, 19, 30, 14, 24, 25, 1, 11, 27, 17], [13, 20, 8, 5, 1, 9, 4, 11, 18, 0, 14, 15, 21, 2, 16, 19], [16, 0, 2, 13, 17, 20, 3, 9, 23, 12, 1, 8, 22, 19, 14, 10]]
[[4, 12, 18, 1, 15, 6, 9, 16, 7, 13, 14, 19, 2], [9, 5, 10, 2, 14, 0, 7, 3, 6, 11, 12, 8], [3, 12, 5, 1, 14, 7, 2, 11, 10, 16, 0, 6, 8, 13], [17, 25, 29, 5, 21, 0, 13, 19, 10, 14, 32, 18, 6, 9, 24, 1, 7, 23, 31, 22, 26, 27, 20, 3, 11], [8, 12, 15, 26, 17, 19, 2, 20, 10, 6, 0, 4, 13, 18, 16, 21, 27, 11]]
[[15, 28, 53, 21, 23, 3, 17, 45, 6, 35, 47, 26, 24, 33, 37, 48, 51, 7, 13, 36, 41, 16, 54, 9, 0, 46, 50, 22, 30, 4, 18, 56, 10, 29, 38, 42, 49, 52, 55], [15, 10, 5, 0, 7, 12, 13, 6, 11, 9, 3, 8], [3, 16, 0, 9, 20, 23, 18, 21, 6, 5, 17, 7, 4, 15, 1, 10, 12], [5, 18, 0, 12, 21, 1, 10, 22, 8, 7, 19, 9, 6, 17, 20, 2, 14], [14, 22, 7, 25, 27, 28, 29, 20, 11, 0, 6, 19, 2, 15, 23, 8, 21, 30, 4, 12, 17]]
[[17, 30, 19, 0, 3, 1, 12, 28, 31, 33, 21, 27, 20, 26, 22, 34, 24], [2, 10, 15, 0, 3, 13, 16, 5, 9, 8, 11], [8, 0, 7, 40, 32, 44, 34, 29, 2, 9, 10, 31, 41, 4, 12, 18, 21, 46, 22, 35, 37, 17, 33, 3, 27, 45, 16, 11, 25, 42, 30, 19, 28, 13], [18, 21, 30, 3, 7, 28, 5, 9, 15, 4, 14, 0, 16, 22, 27, 25, 8, 13, 19, 23, 26, 17], [10, 30, 37, 18, 46, 12, 32, 57, 24, 25, 34, 53, 2, 5, 26, 54, 52, 60, 20, 48, 14, 38, 40, 58, 0, 13, 45, 23, 42, 51, 59, 19, 39, 47, 56, 33, 36, 17, 35, 55, 27, 21, 43, 49]]
[[2, 5, 8, 6, 3, 9, 0, 4], [8, 3, 6, 11, 10, 2, 4, 1, 9], [12, 3, 10, 5, 17, 0, 6, 8, 14, 18, 4, 11, 13, 16, 9, 19], [2, 1, 0], [4, 10, 5, 1, 2, 0, 6, 8], [10, 4, 7, 2, 14, 5, 15, 8, 11, 0], [13, 4, 2, 8, 5, 3, 7, 0, 11], [25, 5, 0, 21, 3, 7, 19, 22, 6, 13, 11, 17, 10, 20, 1, 8, 14, 23], [20, 26, 5, 15, 4, 14, 10, 17, 24, 6, 30, 16, 0, 29, 8, 23, 28, 21, 27, 13, 2, 18], [17, 24, 4, 18, 15, 22, 12, 20, 11, 5, 6, 9, 10, 19, 25, 27, 0, 2, 13, 7]]
[[12, 14, 18, 0, 4, 9, 15, 13, 3, 7, 8, 6, 10, 16], [3, 17, 15, 1, 14, 13, 0, 12, 2, 18, 4, 5, 6], [4, 5, 0, 2, 3, 1], [23, 0, 17, 28, 8, 12, 19, 24, 30, 13, 25, 31, 2, 18, 9, 4, 5, 11, 1, 7, 29, 15, 26, 33], [5, 18, 3, 9, 4, 7, 20, 15, 1, 12, 8, 17, 0, 6, 19, 2, 13, 10], [2, 6, 15, 7, 12, 1, 4, 11, 0, 5, 17, 3, 10, 16, 18], [4, 6, 0, 11, 10, 9, 2], [11, 6, 9, 0, 7, 3, 4, 5], [5, 15, 0, 8, 10, 18, 16, 3, 14, 1, 12, 19, 11], [10, 12, 13, 1, 6, 2, 8, 0, 11, 9, 14], [8, 16, 4, 13, 19, 0, 3, 9, 11, 10, 5, 14, 17, 12], [28, 12, 14, 19, 22, 23, 16, 20, 9, 15, 4, 10, 6, 0, 13, 17, 3]]
[[0, 4, 7, 2, 5], [12, 7, 9, 0, 3, 2, 8, 14, 6, 13], [9, 14, 17, 16, 1, 6, 12, 0, 2, 7], [1, 6, 3, 9, 12, 4, 7, 2, 0, 10], [8, 25, 2, 21, 23, 13, 15, 10, 20, 27, 0, 28, 16, 3, 6, 17, 5, 22, 9, 11, 18, 7], [10, 30, 2, 22, 25, 0, 3, 8, 19, 5, 14, 18, 7, 11, 12, 9, 15, 20, 24]]
[[8, 0, 3, 9, 2, 6, 5, 7], [13, 1, 2, 4, 8, 14, 3, 0, 5], [4, 9, 2, 11, 6, 14, 3, 15, 18, 10, 5, 12, 16, 0, 17], [8, 2, 5, 4, 7, 0, 9, 10, 11], [0, 11, 13, 2, 4, 7, 15, 10, 1, 14, 9, 12], [5, 1, 10, 7, 2, 0, 6, 3, 8], [1, 5, 6, 13, 17, 3, 8, 7, 15, 0, 2, 14, 16, 18, 12, 9, 19], [14, 16, 26, 2, 5, 22, 23, 3, 18, 10, 21, 17, 12, 13, 0, 9, 20, 24, 27, 7, 25]]
[[7, 9, 16, 2, 15, 8, 0, 13, 12, 1, 6, 3, 17], [12, 3, 7, 9, 0, 5, 2, 4], [9, 4, 13, 1, 5, 8, 12, 11, 7, 0, 10], [0, 8, 6, 5, 7, 4, 10], [18, 0, 8, 16, 1, 9, 3, 13, 6, 11, 10, 14], [16, 7, 8, 18, 11, 2, 0, 4, 9, 19, 22, 12, 15, 17, 14, 3, 21], [7, 18, 1, 19, 8, 15, 0, 6, 14, 16, 17, 9], [8, 2, 0, 9, 15, 14, 11, 4, 3, 7, 6, 13], [5, 9, 2, 0, 7, 10, 12, 14, 3, 11, 6]]
