-1.979294776916504
-1.667033314704895
-2.009500503540039
-1.7678831815719604
-2.1868772506713867
-1.524527668952942
-2.2015860080718994
-2.0022804737091064
-1.8584725856781006
-2.29630970954895
-1.9717817306518555
-1.44356369972229
-2.411057949066162
-1.9131333827972412
-2.2013652324676514
-1.902121663093567
-1.8177812099456787
-1.8603121042251587
-1.913305640220642
-1.8006080389022827
-1.56570303440094
-1.8576643466949463
-1.7257648706436157
-2.057199239730835
-1.74025559425354
-2.104541301727295
-2.318455457687378
-2.206016778945923
-2.1361374855041504
-2.127181053161621
-1.8817919492721558
-2.331878185272217
-2.2679808139801025
-1.8131110668182373
-1.978954553604126
-1.8841394186019897
-2.3007380962371826
-1.6677802801132202
-1.8563716411590576
-1.9968349933624268
-2.1613266468048096
-1.9299664497375488
-1.7815754413604736
-1.5212292671203613
-1.5506013631820679
-1.7249342203140259
-1.5662202835083008
-1.878126859664917
-1.876067042350769
-1.893230676651001
-2.0603034496307373
-2.4666945934295654
-1.9260457754135132
-2.7116336822509766
-1.8205914497375488
-1.586379051208496
-1.885522484779358
-1.8906110525131226
-1.834183931350708
-1.6201378107070923
-2.3109664916992188
-1.970913290977478
-2.0239720344543457
-1.7854902744293213
-2.346337080001831
-2.0051867961883545
-1.9982059001922607
-1.7761332988739014
-1.8712201118469238
-2.2478716373443604
-2.0951828956604004
-2.1204357147216797
-1.9006363153457642
-1.7490860223770142
-2.018866539001465
-1.7253817319869995
-1.8379429578781128
-1.7419599294662476
-1.7944189310073853
-1.9735573530197144
-1.9360452890396118
-1.5413625240325928
-1.6345757246017456
-1.632617712020874
-1.8663718700408936
-1.98177170753479
-1.7872363328933716
-2.2861812114715576
-3.8521337509155273
-1.738210678100586
-1.9677625894546509
-1.6313352584838867
-1.9439291954040527
-1.3612440824508667
-2.0013585090637207
-1.9727880954742432
-1.9286084175109863
-1.7388005256652832
-2.2928032875061035
-1.8261147737503052
-1.8894742727279663
-1.703615665435791
-1.9534372091293335
-2.086228132247925
-2.0997302532196045
-1.8925137519836426
-1.9435055255889893
-2.0269789695739746
-2.232849597930908
-1.8189420700073242
-1.9964178800582886
-1.804504156112671
-1.8877116441726685
-1.6348015069961548
-2.030876398086548
-1.6576887369155884
-2.050292491912842
-1.6106818914413452
-1.9845445156097412
-2.1587913036346436
-1.8612970113754272
-1.7521297931671143
-5.020556449890137
-1.7838659286499023
-1.9918947219848633
-1.8277466297149658
-2.357353687286377
-1.8135604858398438
-1.8399646282196045
-2.215428590774536
-1.8136789798736572
-1.8591134548187256
-1.945286750793457
-1.6402838230133057
-1.5476088523864746
-1.3930275440216064
-2.384598970413208
-1.9825350046157837
-1.9934135675430298
-1.823639154434204
-1.6902564764022827
-1.6388788223266602
-1.7870031595230103
-1.9892783164978027
-2.0734357833862305
-1.822013020515442
-2.0796892642974854
-1.9255318641662598
-1.8224411010742188
-1.9085067510604858
-1.9724050760269165
-1.7870897054672241
-1.798117995262146
-1.752593755722046
-1.4319789409637451
-1.6154875755310059
-1.5601158142089844
-1.9256168603897095
-2.287147283554077
-2.020240068435669
-1.7746785879135132
-1.888009786605835
-2.160066604614258
-1.4160640239715576
-1.851657509803772
-1.9538079500198364
-1.9640599489212036
-1.327272653579712
-1.8703582286834717
-1.8122671842575073
-1.936314582824707
-2.0627377033233643
-1.6699711084365845
-1.9941084384918213
-1.960447072982788
-1.786855936050415
-1.7949808835983276
-1.8558785915374756
-1.6664378643035889
-2.1140031814575195
-2.210362672805786
-1.8735629320144653
-1.960498332977295
-1.6106715202331543
-1.7544848918914795
-2.017179489135742
-2.0260543823242188
-1.9455817937850952
-1.6617436408996582
-1.8288090229034424
-1.6298518180847168
-1.7319937944412231
-1.7356374263763428
-1.3895833492279053
-2.072664737701416
-1.937736988067627
-1.997393250465393
-2.247062921524048
-2.105922222137451
-2.015202283859253
