-1.0518996715545654
-0.73455411195755
-1.0183583498001099
-0.9537143111228943
-0.979810357093811
-0.6764048933982849
-1.2616584300994873
-0.8563742637634277
-0.9504263401031494
-1.1069395542144775
-0.9076533913612366
-0.7371975183486938
-1.3339893817901611
-0.7354776263237
-1.2382723093032837
-0.937908411026001
-1.105228066444397
-0.8961494565010071
-1.079437017440796
-0.8214520812034607
-0.7707160711288452
-0.8915823698043823
-0.9985553622245789
-0.9417968988418579
-0.8924664258956909
-0.8911685347557068
-1.1914938688278198
-0.946409285068512
-1.0268088579177856
-0.8271962404251099
-1.0147184133529663
-1.0023866891860962
-0.9396697878837585
-0.8465260863304138
-1.140712857246399
-0.8398690819740295
-1.1412440538406372
-0.71150803565979
-1.0720229148864746
-0.8265568614006042
-1.104722499847412
-0.9051311016082764
-0.981947124004364
-0.6724054217338562
-0.832306981086731
-0.7988065481185913
-0.8824467658996582
-0.9009421467781067
-0.9632089138031006
-0.7806803584098816
-1.3494170904159546
-0.9513093829154968
-0.9077390432357788
-1.3951547145843506
-0.9845717549324036
-0.8331500887870789
-1.0799959897994995
-0.7700096368789673
-0.9947313666343689
-0.7573611736297607
-1.0447391271591187
-0.9271946549415588
-1.253754734992981
-0.8402222990989685
-1.0070240497589111
-0.9531090259552002
-1.049201488494873
-0.8407617211341858
-1.1284222602844238
-0.8801952600479126
-0.9229136109352112
-0.9204889535903931
-1.1717901229858398
-0.8815129399299622
-0.9843595027923584
-0.6774612665176392
-1.0289311408996582
-0.7812290191650391
-0.9959701895713806
-0.8371676206588745
-1.0682923793792725
-0.720723032951355
-1.0067601203918457
-0.6474871039390564
-0.9575235247612
-0.8059605360031128
-1.0713180303573608
-1.1141437292099
-2.140476942062378
-0.7656627893447876
-0.992475688457489
-0.7793406248092651
-1.0705596208572388
-0.7144351601600647
-1.1436293125152588
-0.9685567021369934
-1.1082500219345093
-0.7692036628723145
-1.0970605611801147
-0.8800743222236633
-1.126657247543335
-0.8800106644630432
-1.0133236646652222
-0.8940908312797546
-1.159814476966858
-0.7442793846130371
-1.0634729862213135
-0.8240196108818054
-1.0697317123413086
-0.8002831339836121
-1.0603424310684204
-0.7345163226127625
-1.0105174779891968
-1.0082536935806274
-1.2114315032958984
-0.758247971534729
-1.016296148300171
-0.8133747577667236
-0.9720703959465027
-0.9548380970954895
-0.963534414768219
-0.8677960634231567
-2.149348020553589
-0.8855270147323608
-1.0376670360565186
-0.7419022917747498
-1.474755048751831
-0.9464445114135742
-1.174458622932434
-0.7268140316009521
-0.9980785250663757
-0.9474045038223267
-0.9854587316513062
-0.9642489552497864
-0.8139342665672302
-0.7271968722343445
-1.1988273859024048
-0.7938010096549988
-1.0594501495361328
-0.9455738067626953
-0.9246041774749756
-0.700983464717865
-1.176164984703064
-0.8662478923797607
-1.2532804012298584
-0.7833135724067688
-1.1497999429702759
-0.7430886030197144
-0.9133620858192444
-0.9377221465110779
-1.1471363306045532
-0.9463327527046204
-1.0238147974014282
-0.7198895812034607
-0.862713098526001
-0.8219484090805054
-0.9666745066642761
-0.8800713419914246
-1.134005069732666
-1.5266735553741455
-1.0146132707595825
-0.872689425945282
-1.0562127828598022
-0.749387800693512
-1.038986086845398
-0.9469197988510132
-0.9900621771812439
-0.6962785720825195
-1.0022727251052856
-0.7999709248542786
-0.896232545375824
-0.8428658246994019
-0.9426870942115784
-0.915378212928772
-1.1155918836593628
-0.9368164539337158
-1.1599266529083252
-0.754348874092102
-0.8952739834785461
-0.7864475846290588
-1.0619655847549438
-0.9246014356613159
-1.066531777381897
-0.8530114889144897
-0.979454755783081
-0.9541188478469849
-1.1320912837982178
-0.921906054019928
-1.0080599784851074
-0.829914391040802
-1.0432310104370117
-0.8439891934394836
-1.1212016344070435
-0.6649362444877625
-1.0856415033340454
-0.724873960018158
-1.0848805904388428
-1.4229413270950317
-1.072762370109558
-0.9910702705383301
