0.9855171839396158
0.9943827867507935
0.9924869963100978
0.7116189830537353
0.9929515719413757
0.9931893433843341
0.8583772640143122
0.8835159312455088
0.9773506011281695
0.9879197597503662
0.9864240752326118
0.9926685591538748
0.9692304134368896
0.904937881231308
0.9781697562762669
0.9844451745351156
0.9939966350793839
0.8876375543574492
0.9493127763271332
0.9930491000413895
0.9887657999992371
0.96620619838888
0.9193862397223711
0.9428042769432068
0.9911407232284546
0.8876779843121767
0.9744311451911927
0.9889370373317173
0.8147758092317317
0.942383786334711
0.9885404527187347
0.9837126135826111
0.7615888595581055
0.9618121981620789
0.8993135006749071
0.9689933487347194
0.8334296588519854
0.9661845043301582
0.9649787892897924
0.9886523825781686
0.9938634832700094
0.9914644956588745
0.9266264091401051
0.9941739737987518
0.953192450106144
0.8864015527069569
0.8160689696669579
0.779724320024252
0.9563028067350388
0.9901566505432129
0.8936197757720947
0.9036324669917425
0.9434040784835815
0.9797632694244385
0.881361322891381
0.99339183833864
0.9904896020889282
0.929772735788272
0.8569083772599697
0.9525241032242775
0.991635297025953
0.9669958204030991
0.9928594827651978
0.8645184524357319
0.6581867738471677
0.7813117615878582
0.9900321513414383
0.9913442015647889
0.9318073477063861
0.7462471531471238
0.8527766938010851
0.9594071507453918
0.9927139452525547
0.8077096251977814
0.9927156700028313
0.9945780294282096
0.9936816891034445
0.9067517178399223
0.943465473751227
0.9908208305185492
0.871320910518989
0.9143786281347275
0.9899239420890809
0.9891276793046431
0.9924289259043607
0.8818678346255587
0.9647804200649261
0.9944122234980265
0.9815619389216105
0.9619380831718445
0.9669521914588081
0.9744154612223307
0.9917885746274676
0.9892810940742492
0.9818691382041345
0.9941999316215515
0.9911223649978638
0.9868577285246416
0.9701390326023102
0.8363613466887424
0.90281799861363
0.9686705112457276
0.9281667868296305
0.8642648418899626
0.9119918445746104
0.993788979947567
0.09481313398906163
0.972319517816816
0.9737284291874279
0.9935084382692972
0.9939458072185516
0.8848972908324666
0.988210243838174
0.9940344989299774
0.6454257592558861
0.9665542989969254
0.8818077092820947
0.7807831144468351
0.991646334528923
0.7922745061106979
0.9940072521567345
0.9920535460114479
0.7841040392716726
0.9541042502969503
0.9640584111213684
0.8273099791258574
0.993227447782244
0.9893666605154673
0.7780586751177907
0.9902055323123932
0.11211933195590973
0.9659332633018494
0.5830283317714929
0.9944770634174347
0.9935592114925385
0.8704098660498858
0.9083765943845113
0.9757274389266968
0.8874713877836863
0.8859793283045292
0.8997284521659216
0.8837487045675516
0.8694883363528384
0.9942371845245361
0.9637967109680176
0.9219709175328413
0.7680493704974651
0.9861960013707479
0.9891441663106283
0.9576154589653015
0.9761832356452942
0.9803242257663182
0.8581806917985281
0.8502524169161916
0.9856507107615471
0.99187890120915
0.9850521385669708
0.9495068949002486
0.993882553918021
0.9885129007426176
0.8937080146537887
0.994393989443779
0.9879292117224799
0.9315817814606887
0.9719084170129564
0.8126193519149508
0.8028273202478886
0.9943436026573181
0.9931225478649139
0.988252443926675
0.8504661917686462
0.9902717232704162
0.8998431792626014
0.8667916813283227
0.7530901888385415
0.9916881408010211
0.7605620436370373
0.9656202316284179
0.991474146192724
0.991761292730059
0.9852540493011475
0.9917319864034653
0.993937885761261
0.9925973316033682
0.9889726553644452
0.994431714216868
0.926086498859028
0.9916415129389081
0.9932344779372215
0.9938745051622391
0.6616657814010978
0.9600117206573486
0.9868431329727173
0.9931074976921082
0.8843364069859186
0.9938424587249756
0.7945969102050489
0.89473324517409
0.9942351207137108
0.9900337987475925
