0.8557924918002553
0.8901687528938055
0.86482294436012
0.5760007024343524
0.940949559211731
0.9798985634531293
0.8914375943796975
0.7734816975361254
0.9707716192517962
0.8902000308036804
0.90781326757537
0.992050568262736
0.9497483134269714
0.77344406908378
0.9896675092833382
0.9830292065938314
0.9922603517770767
0.8858224534326129
0.9926841109991074
0.07636987666289012
0.8985883690416813
0.9660558863119646
0.8771079643629491
0.7404286277790865
0.9778635054826736
0.8725114651024342
0.9672756671905518
0.7479807271489075
0.9879186815685697
0.8845721282722319
0.7978161138249561
0.7767322719097137
0.721549266576767
0.9616967950548444
0.8113772212915743
0.8256433602322691
0.6936640590761921
0.9637546539306641
0.9592019120852152
0.8938949406147003
0.9917442997296652
0.9790344014763832
0.8416763350677987
0.9892746806144714
0.9927618950605392
0.8629793720319867
0.8918628309454236
0.7753064595162868
0.9215448312461376
0.989237402166639
0.7680876127311161
0.89012078444163
0.9291959504286448
0.7987034320831299
0.8579295608732436
0.9933313992288377
0.10835002528296576
0.8609624562355188
0.7640116752258369
0.9253853857517242
0.8532512770699603
0.9487665295600891
0.7863582037389278
0.7233318483340554
0.5404396189066271
0.5282407239428721
0.9820461347699165
0.908372612297535
0.9811170271464756
0.7457484112819657
0.8195029484728972
0.8867208276476178
0.9555513858795166
0.8034284350772699
0.9634753531879849
0.8586697067533221
0.9932875567012363
0.9120261498859951
0.9387073765198389
0.9891286167231473
0.9924655854701996
0.8924603245475076
0.7993339717388153
0.8878845274448395
0.9290165901184082
0.8757332649806308
0.07419389027815598
0.9943916996320089
0.957652747631073
0.9381207823753357
0.9705617229143778
0.7800459729300605
0.9570846387318203
0.24791140854358673
0.08008232712745667
0.9131086568037668
0.9906709889570872
0.9829100153662942
0.8785512696951627
0.8414967106913941
0.7803621653999601
0.9672940254211426
0.8632119980951151
0.8640861838745574
0.8984450019068189
0.9836447313427925
0.07520978791373116
0.16358121236165366
0.8987039248882369
0.9922327465481229
0.8331094967822233
0.8847632797227966
0.9716664637838092
0.9237878434360027
0.6272241033613681
0.9685732275247574
0.8180990706790577
0.7739698224785653
0.990953341126442
0.7915546250529587
0.9111798517405987
0.9915959909558296
0.7424142758051554
0.8298636328836437
0.9637001156806946
0.8115501951426267
0.9930773718016488
0.9550120333830515
0.87022491148673
0.9755593121051789
0.11393077671527863
0.9766440093517303
0.6628134124912322
0.9727856616179148
0.9929073949654897
0.8738121695816516
0.9767171939214071
0.841645542325245
0.9729972084363302
0.8857459016144276
0.7374839890334342
0.6412090964149684
0.8570365598425269
0.8507204471887755
0.909867932399114
0.8427327626850456
0.7670796178281307
0.9341463380389743
0.8838247851365142
0.9060401082038879
0.9127784129232168
0.9617906808853149
0.7647619396448135
0.6716974593905939
0.9369801953434944
0.9664630804743085
0.7091704297345132
0.9322629697047747
0.9924980742590768
0.9875896843996915
0.9911507897906833
0.9922568649053574
0.9658990237447951
0.9303487310042748
0.858522282085485
0.6958476730755397
0.7240303717553616
0.9943596243858337
0.7472086288034916
0.8501103754554477
0.9940159519513448
0.9911188602447509
0.03816646763256618
0.8667509570077527
0.830383189022541
0.987827752317701
0.7382182516157627
0.9648879885673523
0.9411817572333596
0.9916236570903233
0.8754227856794993
0.8659393042034935
0.993784499168396
0.8414533274869124
0.947774418762752
0.6723104317982992
0.9910979986190795
0.8876399951321738
0.9910609498620033
0.9939158707857132
0.14724686741828918
0.8448992297053337
0.9568378329277039
0.9851482411225637
0.19536136388778685
0.9913683056831359
0.8758358607689539
0.8817856907844543
0.9918940737843513
0.9714886016315885
