0.3260512781432933
0.10801146924495697
0.41653569102553384
0.18740069743112794
0.08006645739078522
0.6158252102988107
0.1251380443572998
0.3810191843399985
0.3180937845525997
0.11539129167795181
0.20192207247277516
0.017050808295607567
0.015765995089896023
0.10180748171276516
0.17182067036628723
0.5174198814978203
0.35102214431390166
0.5311492813958062
0.10256980534177274
0.3406763994672264
0.11060017347335815
0.36800149988002057
0.3559556078107562
0.12451003279004778
0.5732077410211787
0.00808005513889449
0.48856049915775657
0.15220777346153877
0.35037310928520227
0.05812258720397949
0.39128285222686826
0.2463486846536398
0.11200813616160303
0.6141624695488385
0.2972964957395258
0.30903962826622383
0.08341064038021224
0.3265290064737201
0.5486284565801421
0.33733288957072155
0.3118868337672514
0.09168704066957746
0.18648374219580244
0.4065072843416904
0.12661185434886388
0.13660195469856262
0.16672951138545095
0.00831542101999124
0.619691805972252
0.18507843136986984
0.19130725860595704
0.16246084857266396
0.34146431243668
0.1719937848392874
0.05616860730307443
0.11495180428028107
0.10610451549291611
0.054950584064830436
0.13054975867271423
0.32965354970656335
0.2948506032781942
0.18826405867002904
0.28319870290579274
0.12003709588732038
0.12810016966735324
0.24806769780116156
0.1047257695879255
0.48229436320252717
0.22644219866820745
0.3874222547019599
0.15655385255813598
0.15121158361434936
0.12134435772895813
0.34098494777248967
0.3036488546575937
0.08818749189376832
0.4397063991701644
0.15719032287597656
0.6983235649143656
0.41436942088925705
0.3153329821652733
0.03723802864551544
0.666175089823082
0.3225634640354353
0.4491258713850667
0.30360641594355303
0.3213139402505476
0.5514506796995798
0.4479515254497528
0.3562846314162016
0.2665530386536072
0.0996735617518425
0.2774750597974552
0.22982241213321686
0.07814818078821356
0.6226405551036199
0.272149504472812
0.4538165413859216
0.4754988573491573
0.35732351145189667
0.5853323340415955
0.1103396862745285
0.30282645296150196
0.18154269425819317
0.31248877650230295
0.31383806094527245
0.08974517243249076
0.08397907018661499
0.3404462330297313
0.3867308852366275
0.37627089434924227
0.20800946473092255
0.14881513118743897
0.43039366108132526
0.46112156808376314
0.41389746975619346
0.45562167911239987
0.459764524648728
0.3775324428715976
0.08585556480102241
0.35864053247496486
0.42922175378043903
0.39554854792853195
0.05557804382764376
0.6142328629270196
0.44944180446909743
0.4242068051493594
0.47982925684967387
0.050740139825003486
0.2805836766958237
0.07321365922689438
0.5045426000724547
0.0950519707467821
0.6145061331723506
0.24334796448238194
0.3122647222829983
0.17934504312385494
0.16513715089563952
0.5732200869048635
0.08108763183866229
0.06672928482294083
0.04566781009946551
0.09197116643190384
0.23054635122285358
0.40489422002186376
0.07366083426909013
0.08492787688737735
0.031323496252298355
0.3724116232349641
0.2735883314162493
0.47499999303545337
0.05546407401561737
0.16818805932998657
0.2809145260964417
0.44795793942466844
0.15589455366134644
0.3873308628099039
0.42971395736990065
0.18472912864360427
0.060853391885757446
0.1155887022614479
0.16011916985735297
0.35800591571670437
0.521411823735644
0.2370588702486
0.1655746864021889
0.3048162378370762
0.5467071479186416
0.24333087634295225
0.24234156955831818
0.36127034202218056
0.31084223501384256
0.03988522749680739
0.3276757974526845
0.22009099018760026
0.14271050691604614
0.13250904423849924
0.12838887196267024
0.47299043385481293
0.0022843508049845695
0.023822951316833495
0.05450404116085598
0.06723636616952718
0.27394911367446184
0.45749902884875027
0.26314244978129864
0.03211729316150441
0.11388593985299979
0.2274573105678428
0.4664827426895499
0.14618167877197266
0.21735802937473636
0.5547638479154557
0.14652296304702758
0.0008802928030490875
0.10963685810565948
0.22514007212400125
0.1921847352059558
0.13495064633233206
0.347429977522956
