0.9137119650840759
0.9491720199584961
0.9555404186248779
0.9663578271865845
0.9215972423553467
0.9495029449462891
0.9286791682243347
0.8974859714508057
0.8689585328102112
0.9464704394340515
0.9342540502548218
0.9382582902908325
0.7415069341659546
0.928265392780304
0.9543765783309937
0.9172874093055725
0.9153026938438416
0.9403071403503418
0.8492466807365417
0.8483501076698303
0.9432491660118103
0.8195739984512329
0.9358034133911133
0.8621182441711426
0.8446656465530396
0.959050178527832
0.9187187552452087
0.9538211226463318
0.8595069050788879
0.9189449548721313
0.9083636999130249
0.923987865447998
0.7164794206619263
0.8903213739395142
0.9317318797111511
0.8708234429359436
0.8416480422019958
0.8938440680503845
0.9166156649589539
0.9209005236625671
0.8484527468681335
0.9574139714241028
0.8078308701515198
0.8976064324378967
0.9023082256317139
0.803849458694458
0.9328718185424805
0.6488057971000671
0.932321310043335
0.9189637303352356
0.9307333827018738
0.6609351634979248
0.9630488753318787
0.9125204086303711
0.9504557251930237
0.9548096060752869
0.8902576565742493
0.9210307002067566
0.9176868796348572
0.9219810962677002
0.9219954013824463
0.8129010796546936
0.914013147354126
0.9173486232757568
0.8830748796463013
0.911106288433075
0.8926706314086914
0.951478123664856
0.8568142056465149
0.8366881012916565
0.9299942255020142
0.9729393720626831
0.9332695007324219
0.9340250492095947
0.8694239258766174
0.8859270811080933
0.9235245585441589
0.9457005262374878
0.8979347944259644
0.8810151219367981
0.8182059526443481
0.9012454152107239
0.9022705554962158
0.8891376256942749
0.9489059448242188
0.9357708096504211
0.9163251519203186
0.947668194770813
0.8672621250152588
0.9473770260810852
0.8056210279464722
0.9299479126930237
0.9032437205314636
0.8444505333900452
0.9496145844459534
0.929512619972229
0.9210268259048462
0.8757786750793457
0.8058258891105652
0.9504742622375488
0.9407178163528442
0.9119510650634766
0.8593301773071289
0.9335106611251831
0.8693993091583252
0.9107527732849121
0.9371312856674194
0.9159815907478333
0.9132434129714966
0.9341861009597778
0.9244157075881958
0.9150621891021729
0.9114434123039246
0.9488195776939392
0.950127363204956
0.833683431148529
0.909896194934845
0.9279782176017761
0.8724585175514221
0.9478179216384888
0.9253451824188232
0.9607157707214355
0.7091019153594971
0.8150110244750977
0.9235625863075256
0.9491591453552246
0.8931600451469421
0.9674460291862488
0.9404810070991516
0.8431360721588135
0.9049183130264282
0.9650923609733582
0.8586679100990295
0.8747817277908325
0.8663207292556763
0.9512140154838562
0.916803240776062
0.9342115521430969
0.9095377922058105
0.9658441543579102
0.9183881878852844
0.9114106893539429
0.8804307579994202
0.9465236663818359
0.8964717388153076
0.9533377289772034
0.833834171295166
0.9245251417160034
0.9146609306335449
0.9091242551803589
0.9050576686859131
0.9544765949249268
0.9177494049072266
0.9565216898918152
0.8869584798812866
0.943616509437561
0.9264868497848511
0.8946257829666138
0.8238045573234558
0.9526695609092712
0.9176986813545227
0.94624263048172
0.9437825679779053
0.9296006560325623
0.9325681924819946
0.9495114684104919
0.8928731679916382
0.959868848323822
0.883220374584198
0.957323431968689
0.8585707545280457
0.9109171032905579
0.9071435928344727
0.9169633984565735
0.9566799402236938
0.9341132044792175
0.9503761529922485
0.9211602807044983
0.9030048847198486
0.8625304102897644
0.6602399945259094
0.8833038210868835
0.8735678195953369
0.897424042224884
0.9521029591560364
0.798749566078186
0.8891610503196716
0.8321437835693359
0.8450921177864075
0.8901922702789307
0.934527575969696
0.9454848170280457
0.9475414752960205
0.930610716342926
0.9151890873908997
0.946197509765625
0.8817004561424255
0.8827896118164062
0.907526433467865
0.8720219135284424
