-0.9561740159988403
-0.686198890209198
-2.086242198944092
-0.9698023796081543
-0.9418904781341553
-0.6215622425079346
-1.3056566715240479
-0.7677527070045471
-0.8693196177482605
-1.0568699836730957
-0.8548063635826111
-0.6892005205154419
-1.3403085470199585
-0.7056106925010681
-1.1613110303878784
-0.8743907809257507
-1.0126721858978271
-0.8379382491111755
-1.0254546403884888
-1.0153014659881592
-0.7558379173278809
-0.8352751135826111
-0.9920912384986877
-0.87506502866745
-0.8315061926841736
-0.8063949346542358
-1.0818984508514404
-0.8833383917808533
-0.9748265147209167
-0.7078021764755249
-0.9892881512641907
-0.8260301351547241
-0.8727678656578064
-0.7804809808731079
-1.0851644277572632
-0.739107072353363
-1.055884599685669
-0.7547256946563721
-1.0405508279800415
-0.7920117378234863
-1.0264968872070312
-0.8693636059761047
-0.9288294315338135
-0.6218665838241577
-0.8148338198661804
-0.733727753162384
-0.8328346610069275
-0.8675046563148499
-0.948445737361908
-0.7516510486602783
-1.273912787437439
-0.9205591678619385
-0.8326612710952759
-1.1756561994552612
-0.9689473509788513
-0.786013662815094
-1.0294344425201416
-0.7493066787719727
-0.917080819606781
-2.9621071815490723
-0.9922822713851929
-0.9006019234657288
-1.199987530708313
-0.7813764214515686
-0.906887412071228
-0.9159350991249084
-1.0002278089523315
-0.7444580793380737
-1.1303963661193848
-0.8283271789550781
-0.9061971306800842
-0.8517402410507202
-1.011474609375
-0.7638993263244629
-0.8747065663337708
-0.6708778738975525
-0.9583478569984436
-0.7733656764030457
-0.9620723724365234
-0.7785614728927612
-1.0420928001403809
-0.6941002011299133
-0.9872533679008484
-0.6280384659767151
-0.920558750629425
-0.7582935094833374
-1.0562506914138794
-1.0511263608932495
-2.018263339996338
-0.6998322010040283
-1.067245364189148
-0.7198812365531921
-1.060124158859253
-0.700251579284668
-1.1250526905059814
-0.8615202903747559
-0.9944838285446167
-0.7387424111366272
-0.9980228543281555
-0.9436455368995667
-1.0616357326507568
-0.781020998954773
-0.9205375909805298
-0.8405895233154297
-1.0837533473968506
-0.7234453558921814
-1.0133495330810547
-0.7930321097373962
-1.0038738250732422
-0.8564236760139465
-0.9668734073638916
-0.6994097232818604
-0.9675370454788208
-0.66717529296875
-1.1516010761260986
-0.7435564398765564
-0.8880861401557922
-0.7582436203956604
-0.968310534954071
-0.9408092498779297
-0.8935314416885376
-0.844801664352417
-1.8655121326446533
-0.818106472492218
-0.947364091873169
-0.7143381834030151
-1.3480267524719238
-0.8800446391105652
-1.069023847579956
-0.6700869798660278
-0.9301021099090576
-1.1183687448501587
-0.9181382656097412
-0.8386539220809937
-0.8027331233024597
-0.6932801604270935
-1.0917853116989136
-0.8525867462158203
-1.0208265781402588
-0.882232666015625
-0.909308910369873
-0.6446805000305176
-0.9643384218215942
-0.8096975088119507
-1.1800293922424316
-0.77712482213974
-1.1171157360076904
-0.709216296672821
-0.8672330975532532
-0.8777959942817688
-1.0425689220428467
-0.9063920974731445
-1.00054931640625
-0.6342459917068481
-0.8378303050994873
-0.7263667583465576
-0.853386402130127
-0.8014602661132812
-1.0214036703109741
-0.7898731231689453
-0.9267734885215759
-0.7791992425918579
-1.0071852207183838
-0.7276578545570374
-0.9945831298828125
-0.8715085387229919
-0.8719601631164551
-0.6768807768821716
-0.9728867411613464
-0.7661471366882324
-0.9883742332458496
-0.7797794938087463
-0.8631201386451721
-0.9005478024482727
-1.055071473121643
-0.8700904846191406
-1.0353565216064453
-0.7275575399398804
-0.8808460831642151
-0.7677498459815979
-0.9815449714660645
-0.7992382049560547
-1.0575870275497437
-0.7898926734924316
-0.9884490966796875
-0.8638976216316223
-1.0796014070510864
-0.8161706328392029
-0.94366854429245
-0.816472589969635
-0.9983834028244019
-0.7240880131721497
-1.0713815689086914
-0.6403140425682068
-0.9962897896766663
-0.644693911075592
-1.0707228183746338
-0.8724883794784546
-1.004603385925293
-1.0586577653884888
