0.906013011932373
0.9637059569358826
0.9513864517211914
0.9724825620651245
0.8008091449737549
0.9786964654922485
0.8783329725265503
0.9071700572967529
0.8949972987174988
0.9587181210517883
0.8240099549293518
0.9687542915344238
0.9364452958106995
0.931415319442749
0.9418591260910034
0.9394068717956543
0.9461023211479187
0.9658313393592834
0.8750640749931335
0.9191907644271851
0.8709256649017334
0.8317044377326965
0.9264776110649109
0.8898687362670898
0.861039400100708
0.967322826385498
0.9182335734367371
0.9580222964286804
0.8758045434951782
0.841988742351532
0.9033041596412659
0.9413390755653381
0.8588087558746338
0.939094066619873
0.935754656791687
0.8846846222877502
0.8976309895515442
0.8935368061065674
0.8977113962173462
0.9562168717384338
0.8191467523574829
0.9616995453834534
0.7003724575042725
0.9667433500289917
0.8557765483856201
0.9182484149932861
0.8635636568069458
0.6800994873046875
0.9294631481170654
0.928559422492981
0.9281339049339294
0.9616063833236694
0.9345496296882629
0.9591606259346008
0.9111863970756531
0.9824382662773132
0.8321999907493591
0.955008327960968
0.9377496242523193
0.9325242042541504
0.9274182319641113
0.9727616310119629
0.8011896014213562
0.9666734337806702
0.8763614296913147
0.9258889555931091
0.9213533401489258
0.9794127345085144
0.8557978868484497
0.9136156439781189
0.9008960127830505
0.9797679781913757
0.9089986085891724
0.951352596282959
0.890144944190979
0.908656656742096
0.8457791209220886
0.9615760445594788
0.8237505555152893
0.9179796576499939
0.7839431166648865
0.9009671807289124
0.784485936164856
0.9446977376937866
0.9367683529853821
0.9603769779205322
0.9381143450737
0.9702924489974976
0.8471957445144653
0.9596959352493286
0.7946176528930664
0.9660972952842712
0.930700421333313
0.9057545065879822
0.9196420311927795
0.9415538907051086
0.8767830729484558
0.8981241583824158
0.7246050834655762
0.9795754551887512
0.9093307256698608
0.9173803925514221
0.8949838876724243
0.9483407735824585
0.7900954484939575
0.946056067943573
0.9190417528152466
0.8855249285697937
0.906731128692627
0.9627479314804077
0.9053340554237366
0.9527499079704285
0.9013363718986511
0.9619665145874023
0.9024550318717957
0.8550882935523987
0.8994158506393433
0.9464714527130127
0.9347704648971558
0.9526115655899048
0.8518561720848083
0.9688408374786377
0.8200990557670593
0.8321812748908997
0.9053962826728821
0.9308173060417175
0.810276210308075
0.9665221571922302
0.9571315050125122
0.8718971610069275
0.8561065793037415
0.9703550934791565
0.9045118093490601
0.8889377117156982
0.8217089772224426
0.9656516909599304
0.9030638933181763
0.933466911315918
0.9242568612098694
0.9771302342414856
0.8857083320617676
0.9362868666648865
0.804207980632782
0.9499611258506775
0.8733673691749573
0.9659407734870911
0.8923589587211609
0.9287499189376831
0.9117485880851746
0.9710789918899536
0.8265395164489746
0.9792145490646362
0.897726833820343
0.9758716821670532
0.7619228959083557
0.958014190196991
0.907588005065918
0.9456246495246887
0.8462904691696167
0.9556289911270142
0.9344671368598938
0.9676986336708069
0.9298565983772278
0.944486141204834
0.8187299370765686
0.9625731706619263
0.9189103841781616
0.969474196434021
0.9203618168830872
0.9703994989395142
0.8830980658531189
0.9388134479522705
0.921954333782196
0.9287683963775635
0.9566747546195984
0.9710447192192078
0.9307001233100891
0.9480365514755249
0.8492842316627502
0.9526857137680054
0.6468997001647949
0.8871432542800903
0.9107906818389893
0.9320058226585388
0.941253125667572
0.8180816769599915
0.8343704342842102
0.8362354636192322
0.927525520324707
0.9110821485519409
0.9316080212593079
0.9353418350219727
0.8591181039810181
0.939741313457489
0.8958032131195068
0.9673778414726257
0.8555766344070435
0.9621102809906006
0.8614395260810852
0.9296031594276428
