0.9197359085083008
0.9898920655250549
0.9909395575523376
0.9940786957740784
0.9872779846191406
0.9942303895950317
0.9786317944526672
0.9798274040222168
0.9659353494644165
0.9901707768440247
0.9868427515029907
0.9888811111450195
0.994635820388794
0.9950904250144958
0.9887686967849731
0.9928755164146423
0.9968780279159546
0.9965710043907166
0.9917452335357666
0.9927342534065247
0.9933114647865295
0.9889140725135803
0.9858500361442566
0.9877845644950867
0.9702996015548706
0.9966504573822021
0.975429892539978
0.9829743504524231
0.9868278503417969
0.9911755323410034
0.9658585786819458
0.9983105659484863
0.9326010346412659
0.9928016066551208
0.9881833791732788
0.9912213087081909
0.9852132797241211
0.9899576306343079
0.9853939414024353
0.993336021900177
0.9865253567695618
0.9909436702728271
0.9444117546081543
0.9923461675643921
0.994437038898468
0.9895768165588379
0.9871761202812195
0.9798771739006042
0.9822700619697571
0.9917453527450562
0.9854844212532043
0.9909724593162537
0.9913969039916992
0.948445200920105
0.9905389547348022
0.9980760812759399
0.978437602519989
0.9920786023139954
0.9889468550682068
0.993876576423645
0.9561377763748169
0.9971257448196411
0.9809021949768066
0.9931297302246094
0.9678810834884644
0.9924536347389221
0.9897128939628601
0.9959907531738281
0.9864709973335266
0.9850955009460449
0.9744141697883606
0.9905964732170105
0.9702380895614624
0.9923935532569885
0.9680744409561157
0.9883894324302673
0.9504261016845703
0.9971086978912354
0.9547775387763977
0.9931644201278687
0.9777959585189819
0.9938410520553589
0.9836199283599854
0.9878812432289124
0.9712527990341187
0.9762405753135681
0.990188479423523
0.9967465996742249
0.9174873232841492
0.9938787817955017
0.989244818687439
0.9879939556121826
0.9868398308753967
0.9903445839881897
0.9871140122413635
0.9939433932304382
0.9884694218635559
0.9855067729949951
0.9815777540206909
0.9960803985595703
0.989362359046936
0.983950138092041
0.9636080265045166
0.9873889088630676
0.9743767976760864
0.9940247535705566
0.9806073307991028
0.9938448667526245
0.9679631590843201
0.993587076663971
0.9806778430938721
0.9963317513465881
0.9661856889724731
0.9803911447525024
0.9819743037223816
0.9948795437812805
0.9844778776168823
0.9816563129425049
0.9807303547859192
0.9858240485191345
0.9886483550071716
0.994885265827179
0.9565051794052124
0.976079523563385
0.9883454442024231
0.9907097220420837
0.9529644846916199
0.9964810013771057
0.9918289184570312
0.9876883625984192
0.9753644466400146
0.987424373626709
0.9575156569480896
0.9514487385749817
0.9928136467933655
0.9936807751655579
0.9759361743927002
0.9843878746032715
0.9798506498336792
0.9959535598754883
0.9722933769226074
0.9584282636642456
0.9915354251861572
0.9900226593017578
0.9589502215385437
0.9939084649085999
0.9783777594566345
0.9918228387832642
0.9837678074836731
0.9966115355491638
0.9695151448249817
0.9919432997703552
0.9907429814338684
0.9913270473480225
0.984775722026825
0.9870603084564209
0.9773385524749756
0.9940129518508911
0.9860666394233704
0.9921857714653015
0.9771597981452942
0.9941608309745789
0.9809486269950867
0.9899542331695557
0.987665057182312
0.9850504398345947
0.9912713170051575
0.9950695633888245
0.9933164119720459
0.995220959186554
0.9851517677307129
0.994291365146637
0.9800286889076233
0.9898168444633484
0.9958367943763733
0.9908835291862488
0.9887294173240662
0.994480550289154
0.9511714577674866
0.9887948632240295
0.9771258234977722
0.9932585954666138
0.9683265089988708
0.9918618202209473
0.9850836992263794
0.9884816408157349
0.9715235233306885
0.9954859018325806
0.9640583395957947
0.9937513470649719
0.982998251914978
0.9924466609954834
0.9907389283180237
0.9692333936691284
0.9905551671981812
0.995629608631134
0.9622921943664551
0.9965630769729614
0.9760519862174988
0.9763338565826416
