0.8985302448272705
0.9770865440368652
0.961668848991394
0.9819180369377136
0.9078347086906433
0.985182523727417
0.888672947883606
0.9335291981697083
0.8894854784011841
0.974696934223175
0.8438330292701721
0.98172926902771
0.9422903656959534
0.9519445896148682
0.9353524446487427
0.9728938937187195
0.9499914050102234
0.9770310521125793
0.942517876625061
0.9357762336730957
0.9238674640655518
0.8377639055252075
0.9258671998977661
0.927910566329956
0.9129444360733032
0.9675774574279785
0.9344946146011353
0.9733334183692932
0.8874977231025696
0.8004611134529114
0.9153858423233032
0.9480302333831787
0.8792110085487366
0.9591794610023499
0.9592194557189941
0.9233803749084473
0.8391542434692383
0.9455618858337402
0.8934586644172668
0.9744380116462708
0.9222102761268616
0.9673377275466919
0.7950088977813721
0.9830719828605652
0.8739606738090515
0.9662129282951355
0.8867810368537903
0.9741665720939636
0.9305056929588318
0.9431582689285278
0.9404253363609314
0.9769081473350525
0.9451971054077148
0.9653606414794922
0.93780517578125
0.9872994422912598
0.884265661239624
0.9676058292388916
0.9504683613777161
0.9575360417366028
0.9260851740837097
0.9785335659980774
0.833774983882904
0.9807895421981812
0.8882924914360046
0.9365113973617554
0.9248045682907104
0.9807118773460388
0.8749058842658997
0.9495289921760559
0.9248449206352234
0.9881437420845032
0.9295285940170288
0.974118173122406
0.9255006313323975
0.9276699423789978
0.899452805519104
0.9862666130065918
0.805997371673584
0.9463179111480713
0.7879961729049683
0.9019371271133423
0.8224285840988159
0.9619234204292297
0.900800883769989
0.9706369042396545
0.9508144855499268
0.9847590327262878
0.8599390983581543
0.9713636040687561
0.8940073847770691
0.9770287275314331
0.936980128288269
0.9278965592384338
0.9369825124740601
0.967616081237793
0.8916563987731934
0.9368023872375488
0.764744222164154
0.9844957590103149
0.919998049736023
0.9304167628288269
0.900752604007721
0.9781725406646729
0.8128218054771423
0.9612573981285095
0.928510308265686
0.9662512540817261
0.9247060418128967
0.975110650062561
0.9071431159973145
0.9717611074447632
0.8856279253959656
0.9771493673324585
0.8908834457397461
0.9650163650512695
0.8904409408569336
0.9530075788497925
0.9472376704216003
0.9694179892539978
0.8445812463760376
0.9758487939834595
0.8906536102294922
0.8517314195632935
0.9222670793533325
0.9687922596931458
0.7635641098022461
0.9871699213981628
0.9502306580543518
0.9242327213287354
0.8314591646194458
0.9752259850502014
0.8873953819274902
0.9170867800712585
0.8628014326095581
0.9695143103599548
0.9203682541847229
0.9647915363311768
0.9391911625862122
0.9820107817649841
0.8907299637794495
0.9403184056282043
0.8177049160003662
0.959649384021759
0.8861281871795654
0.9791661500930786
0.921214759349823
0.9392867684364319
0.900608241558075
0.9875302314758301
0.8914313912391663
0.9832801222801208
0.904232919216156
0.9823615550994873
0.8223743438720703
0.9616278409957886
0.9363890290260315
0.9576383829116821
0.8746170997619629
0.9673281908035278
0.9290940165519714
0.978289008140564
0.9521234631538391
0.966997504234314
0.8356146216392517
0.9711294770240784
0.9313220977783203
0.9837932586669922
0.9526135921478271
0.9681754112243652
0.9079059958457947
0.9765263795852661
0.9439945220947266
0.9614015817642212
0.9583621621131897
0.976413369178772
0.9299009442329407
0.9546388983726501
0.868516743183136
0.9765517711639404
0.7746526598930359
0.9387243986129761
0.9262703657150269
0.9501269459724426
0.9420772194862366
0.9054010510444641
0.8079650402069092
0.9839065670967102
0.9452468156814575
0.9651706218719482
0.9487072825431824
0.9441457986831665
0.8913015723228455
0.9531612992286682
0.9394629001617432
0.9785222411155701
0.7790778279304504
0.9638894200325012
0.8805345892906189
0.9516635537147522
