0.846481204032898
0.9238526821136475
0.9201769232749939
0.9255248308181763
0.6818906664848328
0.9382532238960266
0.8389390110969543
0.8728072643280029
0.8475742936134338
0.774144172668457
0.8226221799850464
0.8955618739128113
0.6791630983352661
0.9244883060455322
0.9265312552452087
0.8768371343612671
0.8813458681106567
0.9344531297683716
0.7771979570388794
0.8556615710258484
0.8336672782897949
0.7867492437362671
0.8198132514953613
0.8227341175079346
0.7774328589439392
0.9449324011802673
0.8984096646308899
0.9126805067062378
0.8537130951881409
0.9134905934333801
0.8402191400527954
0.8753891587257385
0.5292853116989136
0.8360661864280701
0.8572164177894592
0.8649163842201233
0.7970937490463257
0.8380815386772156
0.862591564655304
0.9138467907905579
0.6508364081382751
0.927290678024292
0.6835557222366333
0.863479495048523
0.7803165316581726
0.8153573274612427
0.8393445611000061
0.5248762369155884
0.9256032705307007
0.8824828267097473
0.8907055258750916
0.6083205938339233
0.8655867576599121
0.7512321472167969
0.8412916660308838
0.9488093852996826
0.748561441898346
0.8946061730384827
0.7767763733863831
0.8365075588226318
0.8452379107475281
0.7960975766181946
0.7502397298812866
0.8723923563957214
0.8008671402931213
0.8993310332298279
0.771149754524231
0.9031968116760254
0.6994795203208923
0.7330434918403625
0.7671765089035034
0.9073361754417419
0.9182860255241394
0.9126538038253784
0.6708396673202515
0.8882567286491394
0.8451873660087585
0.9386615753173828
0.755710244178772
0.8735278248786926
0.7914068698883057
0.8593301177024841
0.7760301232337952
0.8354377150535583
0.9055326581001282
0.919966459274292
0.8791462779045105
0.9401209354400635
0.7566847205162048
0.9095211625099182
0.7498069405555725
0.8840556740760803
0.884446918964386
0.8343973755836487
0.7681639194488525
0.8797929286956787
0.8343596458435059
0.8356136679649353
0.6366637349128723
0.926101803779602
0.9183242917060852
0.7813317179679871
0.8777327537536621
0.8989852666854858
0.7830100655555725
0.8835306167602539
0.8833015561103821
0.9138858914375305
0.808347761631012
0.8781607747077942
0.7612112760543823
0.8572346568107605
0.8648207783699036
0.9030636548995972
0.9055193066596985
0.8297423720359802
0.8629019260406494
0.8880544304847717
0.8569480776786804
0.9219249486923218
0.7901245355606079
0.921323835849762
0.6058847904205322
0.8168380856513977
0.8610265254974365
0.9415026307106018
0.8311523199081421
0.9507350325584412
0.9236935377120972
0.854767918586731
0.8080097436904907
0.9379702806472778
0.8878656625747681
0.8823973536491394
0.742878794670105
0.919181764125824
0.8838385939598083
0.9285736083984375
0.8831614255905151
0.9589718580245972
0.8691474795341492
0.9212969541549683
0.7820354104042053
0.8808716535568237
0.7999037504196167
0.9492269158363342
0.8045910596847534
0.8963704109191895
0.8458914756774902
0.891366183757782
0.8316603899002075
0.8645015954971313
0.867168664932251
0.946063220500946
0.7032626271247864
0.9306710958480835
0.8334806561470032
0.8459873199462891
0.6898786425590515
0.9082672595977783
0.839976966381073
0.9169975519180298
0.8864536881446838
0.9165757894515991
0.7661241292953491
0.886755108833313
0.7324621677398682
0.9132634401321411
0.8448702692985535
0.900558352470398
0.7476288080215454
0.8934400677680969
0.9040395021438599
0.885408878326416
0.9420760869979858
0.8427271246910095
0.8970003724098206
0.8670604228973389
0.6634526252746582
0.8449945449829102
0.4886830747127533
0.8730935454368591
0.8179124593734741
0.8772727847099304
0.9103491306304932
0.6937475800514221
0.7743491530418396
0.8106532692909241
0.843830943107605
0.7249278426170349
0.8861761689186096
0.9336921572685242
0.8116679787635803
0.8521425724029541
0.8561462163925171
0.9289739727973938
0.8277469277381897
0.8660382628440857
0.8861876130104065
0.882377028465271
