0.37898587125043076
0.10801146924495697
0.42863151683871237
0.18740069743112794
0.09503094106912613
0.6158252102988107
0.4977504411446197
0.3810191843399985
0.3270724699832499
0.11539129167795181
0.015096996910870075
0.017050808295607567
0.013156546908430756
0.10180748171276516
0.1546157956123352
0.5174198814978203
0.3172599677927792
0.5311492813958062
0.043011043104343116
0.3406763994672264
0.11120899021625519
0.36800149988002057
0.060587728023529054
0.12451003279004778
0.5397394348401576
0.00808005513889449
0.5192742004059255
0.15220777346153877
0.2520544988801703
0.05812258720397949
0.41560495337471365
0.2463486846536398
0.11418954939581454
0.6141624695488385
0.08487680825320157
0.30903962826622383
0.09120680814209793
0.3265290064737201
0.5752953709840464
0.33733288957072155
0.3051503340442044
0.09168704066957746
0.024247437715530396
0.4065072843416904
0.12393035207475935
0.13660195469856262
0.20766239106887951
0.00831542101999124
0.5988476885540877
0.18507843136986984
0.16282743215560913
0.16246084857266396
0.331830402991424
0.1719937848392874
0.049709630864007134
0.11495180428028107
0.10013120621442795
0.054950584064830436
0.13194173574447632
0.32965354970656335
0.3120921667931335
0.18826405867002904
0.22983829770237207
0.12003709588732038
0.11036150661918025
0.24806769780116156
0.11612797634942192
0.48229436320252717
0.2672524054401687
0.3874222547019599
0.17484272718429567
0.15121158361434936
0.1006640096505483
0.34098494777248967
0.322141088752283
0.08818749189376832
0.421600972302258
0.15719032287597656
0.6688798939188322
0.41436942088925705
0.48495450912741944
0.03723802864551544
0.5790635075885803
0.3225634640354353
0.45124054492705246
0.30360641594355303
0.07650871710343794
0.5514506796995798
0.4739309847354889
0.3562846314162016
0.2601400121477329
0.0996735617518425
0.011242385022342205
0.22982241213321686
0.08213687484914606
0.6226405551036199
0.2483497983387982
0.4538165413859216
0.46264251600950956
0.35732351145189667
0.5752989287887301
0.1103396862745285
0.3121698265604209
0.18154269425819317
0.315408604633477
0.31383806094527245
0.09036672966820854
0.08397907018661499
0.32521363377401774
0.3867308852366275
0.37278346143042046
0.20800946473092255
0.1277143359184265
0.43039366108132526
0.3774940624833107
0.41389746975619346
0.4393454375782643
0.459764524648728
0.37037675772444345
0.08585556480102241
0.35689895099494606
0.42922175378043903
0.3500337650378545
0.05557804382764376
0.60015672321897
0.44944180446909743
0.42496709352625267
0.47982925684967387
0.05245846935680935
0.2805836766958237
0.06927768886089325
0.5045426000724547
0.08988762564129299
0.6145061331723506
0.20193363982252777
0.3122647222829983
0.17604332912014797
0.16513715089563952
0.5462411392687095
0.08108763183866229
0.06706402450799942
0.04566781009946551
0.10405810177326202
0.23054635122285358
0.38225392094658067
0.07366083426909013
0.06573998247040436
0.031323496252298355
0.36147876068328816
0.2735883314162493
0.455790787411388
0.05546407401561737
0.16735626459121705
0.2809145260964417
0.45686509172810474
0.15589455366134644
0.3859114247607067
0.42971395736990065
0.18526923390371458
0.060853391885757446
0.1207396611571312
0.16011916985735297
0.39937407119820517
0.521411823735644
0.15803294145088229
0.1655746864021889
0.2928716465830803
0.5467071479186416
0.23838255926966667
0.24234156955831818
0.3884735864897569
0.31084223501384256
0.02714429681117718
0.3276757974526845
0.2422931378823705
0.14271050691604614
0.12089381047657557
0.12838887196267024
0.6641704108227383
0.0022843508049845695
0.03741656541824341
0.05450404116085598
0.09138673120178283
0.27394911367446184
0.41685868693249567
0.26314244978129864
0.033372079624849206
0.11388593985299979
0.22268730388896074
0.4664827426895499
0.09800513585408528
0.21735802937473636
0.7337806820869446
0.14652296304702758
0.021958614885807037
0.10963685810565948
0.20789647564136735
0.1921847352059558
0.13512238434382848
0.347429977522956
