[[16, 12, 1, 8, 18, 20, 2], [14, 2, 4, 10, 18, 5, 3, 17, 19], [1, 10], [14, 9, 0, 2, 3], [28, 5, 13, 21], [14, 17, 8, 20, 24, 0, 15], [6, 23, 12, 16, 29, 32, 2, 8], [2], [4]]
[[6, 2, 9], [13, 21, 8, 0, 10, 19, 1], [13, 3, 8, 17, 0], [7, 17, 19, 8], [5, 9, 10, 6], [8, 5, 1, 15, 17, 12, 4], [19, 7, 14, 16, 4, 8, 15, 0], [18, 15, 5, 8, 11, 21, 20, 7], [6, 19, 0, 8, 15], [17, 10, 20, 22, 5, 23]]
[[19, 13, 0, 17, 6, 15, 5], [2, 4, 21, 25, 0, 5, 10, 20, 3, 13, 23], [15, 3, 5], [3, 14, 1], [22, 7, 16, 19, 17, 24, 23, 10, 4, 13, 21, 25], [12, 5, 1, 3, 7, 8, 19], [10, 6, 4]]
[[19, 25, 6, 10, 0, 13, 16], [10, 4, 14, 5], [2, 13, 15, 0, 4], [7, 18, 3, 9], [14, 28, 15, 7, 10, 11, 23, 25, 30], [12, 18, 1, 8, 14], [6, 9, 18, 19]]
[[8, 6, 10], [8], [8, 0, 14], [7, 5, 12], [16, 2, 10], [20, 3, 9, 17, 0], [8, 22, 9, 13, 2, 21], [5, 10, 1], [11, 16, 21]]
[[14, 11, 16, 0, 3, 17, 2], [2, 9, 3], [21, 7, 11, 14], [25, 7, 15, 19], [2, 13, 11, 0], [23, 33, 8, 27, 35], [7, 1, 5, 15]]
[[18, 10, 4, 15, 21, 13], [5, 7, 9], [13, 16, 21, 22, 0], [7], [10, 1, 5], [5, 1, 9, 12], [8, 20, 14, 25, 4, 11]]
[[6, 11, 18, 20, 22, 2], [4], [1, 9, 4, 13], [6, 4, 10, 2], [1], [11, 3, 9, 14], [15, 2, 8, 9], [8, 23, 5, 14, 18, 20], [6, 3, 1]]
[[8, 10, 5, 0], [0, 24, 27, 5, 9, 21, 8, 17, 15, 14, 16], [52, 71, 81, 26], [4, 0], [17, 7, 9, 12, 20, 3, 13]]
[[3, 6, 11, 4], [6, 2], [12, 2, 14, 17], [4, 17], [13, 17, 6]]
[[17, 22, 25, 29, 12, 18, 1], [3, 12, 4], [0, 26, 2, 5, 12, 24, 14], [2, 15, 18, 25, 5, 8, 20], [12, 10, 3], [13, 11], [12, 7, 1], [25, 2, 4, 15]]
[[5, 15, 20, 18, 25, 0, 2], [7, 9], [10, 17, 25, 8, 4], [26, 37, 32, 29, 30], [], [20, 9, 5, 15, 12]]
[[11, 5, 14, 3], [9, 13, 6, 18, 16], [1, 6, 3], [34, 40, 17, 1, 24, 36, 31]]
[[12, 6], [6, 17, 18], [2, 8, 14, 9, 6, 11, 15], [], [6, 0, 3], [15, 2, 18, 4, 6], [11, 8, 14, 3, 6], [22, 6, 5, 17, 20, 0], [13, 1, 3], [3, 15, 20, 7, 18, 5, 11, 22]]
[[8, 12, 3, 14, 5], [4, 0], [8, 25, 1], [19, 11, 14, 0], [30, 34, 51, 14, 28, 10, 32, 38, 12, 21, 40]]
[[7, 0, 3, 2, 13, 8, 16], [6, 40, 4, 14, 19, 32, 38, 2, 11, 15, 20, 29, 36], [10, 1, 5, 6, 2], [17, 9, 15, 20, 25, 6, 10, 1, 5], [9, 0, 7, 11, 15], [15, 2, 11, 6, 9, 16, 0]]
[[2, 7, 18], [15, 24, 2, 5, 20, 10], [3, 11, 8, 9], [13, 21, 3, 25, 9]]
[[14, 9], [1, 3, 6, 10], [6, 13, 1], [4, 0, 5], [2, 0, 3], [6], [10, 4, 6, 13, 0, 2], [7, 2], [21, 4, 7]]
[[15, 8, 12, 3, 10], [7, 1], [20, 24, 7], [10, 14, 8, 16]]
[[10, 1], [10, 12, 7], [13, 5], [3, 19, 1], [6], [8, 0, 3], [14, 17, 20], [13, 20, 2, 5, 8], [1, 2], [4, 13], [0, 11, 2]]
[[13, 4, 7], [1, 4], [6], [9, 10, 0], [4, 0, 6, 1, 7], [9, 26, 18, 8, 25, 0, 31], [3, 8, 5], [9, 27, 20, 8, 17, 35, 40, 2, 15, 21, 30], [17]]
[[4, 7, 15, 5], [7, 9], [4, 6, 9], [8, 5, 12], [11, 17, 20, 2], [7, 4], [6, 12, 2, 13], [0, 2, 5], [4], [], [2]]
[[15, 8, 5, 20, 22, 0], [1, 4, 10, 15, 3], [12], [8, 3, 15, 19, 25], [0, 4], [4, 14, 15], [2], [8, 5, 12], [14, 4, 12, 23], [2], [9, 2, 6], [1, 5, 8], [3, 6, 9, 13, 0, 4], [4]]
[[15, 4, 9], [15, 8, 6, 13, 0], [8, 11, 13], [2, 4, 3, 7], [13, 15, 11, 1], [23, 1, 3, 8, 14, 21], [15, 2, 26, 30, 36, 12, 19, 22, 32, 29], [3]]
[[9, 6, 11], [5, 10, 16, 1, 17], [7, 25, 2], [7, 2, 11, 0], [8, 10, 3], [8, 12, 17, 3], [10, 5, 2, 4, 12], [0, 7, 13]]
[[8, 38, 42, 1], [22, 0, 15, 12], [7, 0, 1, 8, 2], [2, 8, 11, 0], [9, 12, 2], [6, 1, 3, 8], []]
[[7, 9, 0, 3, 8, 2], [0, 16, 8, 12, 4, 13, 6, 1, 20, 3], [7, 23, 2, 14, 0], [4, 1], [9, 18, 15]]
[[20, 1, 18, 6], [5, 20, 0], [13, 2], [6, 10], [9, 13, 1, 16], [9, 20, 22], [11, 28, 2, 8, 6, 9, 19]]
[[15, 7, 2, 12, 0], [10, 2, 5, 12], [11, 1, 13, 7, 9, 8], [1, 2], [2, 6, 0, 11, 16, 24, 5, 10, 18], [], [12, 22, 0, 15, 23], [9, 11, 15], [8, 14, 6, 0, 1]]
[[7, 1, 9, 13], [3, 15, 18, 0, 5, 8], [4, 0, 1], [5, 0, 3, 6], [1, 4], [4, 6], [0, 2], [11, 0, 5], [0], [6, 11, 0, 2, 8], [1, 5, 3], [0, 4, 6, 13, 7, 14], [2, 0], [6, 2, 7], [5, 10], [20, 25, 9, 16], [12, 15, 6, 9]]
[[5, 16, 14, 9, 19], [22, 13, 0, 14, 18], [8], [7, 4, 0], [], [19, 23, 3, 11, 1, 7], [11, 15, 2], [0, 17, 4, 7, 11, 20], [10], [0, 6, 1]]
[[4, 11, 17, 20, 14, 15], [0, 9, 7, 12, 6], [14, 4, 6, 10, 7, 15, 1, 5], [10, 26, 2, 12, 4, 7, 30, 5, 23], [12, 3, 10, 16, 17, 20, 23, 4]]
[[6, 1, 3], [14, 3, 1], [21, 11, 4, 22, 9], [14, 15, 0, 6], [13, 6, 0]]
[[2, 18, 16, 15, 20, 8, 10, 7, 12, 17], [8, 2, 1, 6], [27, 21, 22, 30, 6, 8, 13, 14], [21, 31, 22, 2, 14, 25, 0, 5, 18, 29, 9], [11, 3, 8], [0], [3]]
[[9, 11, 2], [13, 8, 10], [2], [0, 1, 6], [4, 8, 16, 0], [1, 2], [5, 8, 14, 21, 0, 6], [9, 0], [9, 0], [18, 2, 8, 4], [11, 14, 9, 6, 17], [16, 3, 11, 19]]
[[26, 2, 14, 23, 31, 4, 12, 18], [2], [13], [7, 2, 0], [18, 11, 0, 3, 21, 23, 25], [10, 8, 1, 12], [10, 0, 13, 16, 14]]
[[15, 2, 3, 1, 8], [1, 8, 2, 5], [10, 1], [], [0, 10], [14, 17, 5, 8], [17, 33, 0, 3]]
[[18, 30, 0, 2, 23, 26, 3, 20, 24, 27], [26, 0, 10, 19, 23, 24, 4], [9, 1], [10, 6, 17, 4, 8, 15, 18], [8], [5, 20, 7, 11, 0], [10, 7], [6, 9, 10]]
[[5, 4, 30, 11, 27, 36], [7, 2, 8, 1], [3, 0, 9], [7, 10, 13, 4, 0, 9], [10, 12, 3, 14], [1, 0, 2, 9, 10], [7, 4, 0, 8], [7, 14, 16], [15, 5, 7, 12, 0], [0, 2], [5, 3, 7], [8, 4, 12]]
[[8, 20, 0, 12, 15, 4], [12, 2, 7, 16], [5, 13, 20], [11, 14, 0, 7, 4, 17, 3], [0, 9, 12, 6, 14, 17], [13, 2], [21, 5, 9, 2, 7, 26, 19, 24]]
[[11, 15, 9, 21, 7, 16, 22], [5, 0, 3], [4, 14], [7, 8, 12, 19, 5, 9], [24, 20, 18, 2, 16], [7, 12, 18, 16]]
[[1, 8, 5, 15, 21, 24, 22, 30], [0, 3, 8], [18], [2, 10], [7, 5, 12], [4, 11, 15], [12, 10], [12, 2, 5, 8]]
[[5, 9, 11, 3, 10, 12], [16, 9, 2, 12, 21], [4, 12, 2, 7, 5, 10, 11, 8], [0, 10, 8, 11], [13, 8, 17, 19, 0, 15, 2], [5, 10], [4, 6, 9, 0, 7, 2, 5], [8, 10, 1, 4, 3, 11], [19, 12, 3, 5, 10, 14, 9, 16], [9, 11, 6, 7], [10, 12, 0, 3, 7, 5, 11], [3, 5, 0, 14, 10, 13], [2, 10, 1, 5], [8, 0], [7, 5, 2]]
[[14, 2, 9, 3, 18, 6, 8], [17, 16, 11, 7, 0, 5, 19, 14], [17, 34, 26, 0, 39, 2, 23, 37, 40, 4, 28, 14, 8], [3, 4, 0, 9, 11, 6, 5], [6, 17, 31, 23, 25, 0, 22, 5, 27, 29, 33]]
[[3, 1, 5], [8, 3, 6, 14], [0, 3, 5, 8], [2, 12, 3], [16, 4, 11, 12, 2], [7, 5, 10, 13], [6, 12, 15], [0, 10, 20, 27, 6, 26]]
[[], [2, 10, 14, 19, 0], [14, 4, 9, 0], [10], [6, 16, 5, 15], [12, 0, 5, 4, 1, 6], [2, 7, 11], [26, 13, 3, 19]]
[[21, 31, 11, 7, 33, 36, 5, 22, 29, 34, 28, 4, 13, 10, 17], [6, 11, 13, 22, 3, 17, 2], [7, 19, 10, 13, 23, 0, 3], [7], [4, 22, 34, 0, 13], [0, 37, 33, 20, 42, 1, 2, 15]]
[[16, 14, 7], [17, 9], [17, 27, 31], [8, 15, 10], [3, 7, 11]]
[[14, 13, 2, 9], [6, 2, 0, 3], [9, 0, 5, 11], [10, 19, 7, 14, 4], [6, 0, 9], [1, 14, 8], [12], [9, 2, 6]]
[[12, 4, 10, 15, 2, 7, 16], [27, 0, 10, 15, 20, 5, 8, 7, 18, 14, 17, 22], [12, 21, 5, 7], [7, 2, 11, 12, 0], [7, 2, 9, 11], [4, 3, 5], [8, 2, 4]]
[[0, 11, 2, 9], [9, 3, 13, 0], [8, 0, 15, 3, 10], [4, 7, 11, 15, 2], [10, 21, 2, 16], [11, 8, 15, 20, 6, 13, 3], [7, 11, 0, 3]]
[[12, 10, 17, 2, 16, 1, 5], [6, 2, 0], [5, 11, 12, 7], [15, 1, 5, 13, 20, 23, 7], [10, 12, 13, 4, 8], [0, 8, 10, 17, 20, 11, 6]]
[[4, 10], [1, 10], [12, 2, 7], [21, 2, 9, 0], [13, 15, 0], [9, 7]]
[[0, 3, 12, 1, 8, 11], [11, 1, 8], [10, 1, 7, 15]]
[[7, 19, 12], [13, 7, 8, 22, 5], [8, 22, 3, 5], [6, 17, 18, 23, 2], [3, 5, 8, 10], [12, 6, 0, 4, 7], [6, 2, 14, 0], [14, 16, 12, 8], [11, 12]]
[[5, 2, 1, 6], [6, 4, 11, 3, 10], [8, 1], [3, 0, 4], [10, 2, 7, 17, 8, 1, 20, 0, 15], [10, 1, 4, 3], [3, 0], [8, 14, 1, 3, 7, 20], [17, 6, 9, 4, 7, 10, 3]]
[[14, 16, 1, 5, 8, 17], [6, 8, 14, 3, 19], [8, 2, 1, 7], [6], [8, 0, 2], [7, 2, 14], [9, 32, 4, 13, 20, 28, 38], [1], [4]]
[[16, 11, 4, 19, 8, 20], [10, 5, 13, 3, 11], [4, 12, 7, 17], [2], [13, 20, 11, 17, 24], [4, 6], [1, 12, 14], [2, 6], [9, 3, 5, 11, 13], [0], [0], [11, 3, 14, 5, 8], [12, 5]]
[[6, 8, 2, 13, 16, 22], [12, 3, 6, 9], [10, 17, 26, 34, 5, 8, 16], [12, 22, 6, 17, 0], [24, 11, 8, 13, 6, 27]]
[[16, 6, 3], [5, 10, 18], [18, 14, 0, 4, 9], [18, 7, 11, 22, 3, 20], [4, 0, 7, 11, 2], [2, 4, 12, 16, 20, 7], [1, 15, 11, 8, 14, 7], [11, 5, 8, 14, 7, 0, 3]]
[[17, 7, 11, 19, 2, 8], [13, 5, 11, 16, 7, 2, 6], [9, 1, 2, 6], [11], [12, 2, 29, 6, 15, 3], [0], [9, 11, 12, 4, 7]]
[[6, 14, 9, 4, 16], [], [16, 27], [31, 17, 4, 24]]
[[0, 14, 16], [3, 8, 4, 11], [15, 10, 14], [18, 6]]
[[6, 2, 8], [8, 20, 25, 2, 12, 22], [4, 7, 21, 5], [8, 11, 1, 13], [10, 19, 7, 12, 14, 4], [5], [8, 15, 4], [2, 4, 7, 11]]
[[9, 3, 8, 6, 12], [9, 2, 15, 0, 3, 12], [0, 5, 11, 13], [6, 14, 0], [13, 3, 5, 8], [13, 6]]
[[7, 10, 14, 18, 23, 25], [], [12], [5, 15, 20]]
[[13, 12, 8, 0, 2], [7, 4, 5, 8], [9], [4, 9, 1], [6, 15, 4, 7, 9], [15, 2, 5], [6, 10, 1], [17, 2, 9]]
[[26, 7, 23, 2, 8, 14, 17, 1, 13], [6, 3, 10, 4], [4, 11, 15, 0, 12, 10, 14], [10, 0, 4, 18, 5, 12], [1, 2], [3, 5, 0, 7, 4, 9], [], [1, 6, 7], [], [2, 5, 4, 3]]
[[5, 8, 2, 6], [6], [10, 1, 9, 8], [3, 2], [0, 8, 19, 31, 38, 10], [9, 2, 6], [3, 7]]
[[7, 11, 28, 21, 0, 19, 15], [11, 8, 14, 17], [1, 3, 5, 8], [14, 7, 11]]
[[17, 23, 5, 13], [2, 18, 46, 15, 17, 19, 4], [7, 16], [0, 17, 11], [8, 12, 15, 19]]
[[5, 7, 1, 6, 9], [7, 17, 2, 12, 3, 8], [1, 14, 19], [7, 18, 3, 9], [1, 7, 3, 8, 2], [5, 44, 8, 3, 13, 36, 38, 18, 32]]
[[9, 12, 13, 19, 4, 17], [3, 6, 12, 0, 7, 13], [14], [10, 1], [10, 7, 4, 12], [10, 25, 29, 2, 16, 22, 31]]
[[14, 17, 21], [2, 4, 0, 1], [0], [3, 2], [13, 4, 16, 17, 15], [10, 14], [8, 14, 2, 10, 3, 6, 12], [22, 9, 5, 11, 0, 13], [8, 10, 6, 12]]
[[14, 3, 1, 13, 10, 9], [20, 12, 3, 14], [0, 16, 12, 18], [6], [3, 8, 0, 12], [8, 2, 9], [17, 23, 11, 3, 14], [8, 12], [8, 23, 9, 14, 18, 21]]
[[30, 11, 13, 21, 24, 27, 34, 6, 22, 31, 5, 10, 25, 9, 33, 12], [5, 11, 0], [15, 22, 24, 21, 7, 9, 18], [17, 19, 31, 38, 16, 4, 9, 11, 15, 21, 24, 26], [31, 10, 19, 8, 12, 4, 14, 29, 15, 20], [14, 2, 12, 9, 4], [24, 6, 0, 16, 4]]
[[4, 6, 1], [20, 3, 15, 0, 8], [9, 1, 4], [9, 22, 25, 17, 0, 12, 13], [5, 19, 18, 9, 12, 0], [18, 5, 6, 12, 0], [9, 14, 2, 10], [18, 8, 2, 17, 0, 3], [12, 22, 18, 23, 8]]
[[15, 8, 11, 17], [4, 6, 1, 10], [0, 5, 11, 1], [3, 16], [6, 13, 1, 11, 3], [8, 4], [11, 15, 8, 14]]
[[9, 5], [10, 29, 5, 18, 21], [18, 20, 6, 9], [6, 13, 9, 15], [3, 13, 16], [0, 1, 6], [10, 12, 17, 3, 11, 9, 13], [0, 11, 8, 4], [1], [5, 16, 13], [], [4]]
[[2, 21, 9, 14], [9, 4, 7], [12, 18, 3], [4, 10, 13, 1, 7], [3, 0, 4, 2], [0, 12, 1, 4], [6, 11, 7, 12, 16], [0, 4, 1, 5], [12, 3], [], [0]]
[[10, 23, 6, 14, 17], [11, 3, 10], [5, 6, 11], [3, 1], [7, 3], [16, 13, 3, 10, 14], [1, 3, 5], [15, 20, 23, 6]]
[[1, 9, 13, 10], [6, 13], [19, 14, 17, 3], [7, 26, 23, 11, 22], [2, 15, 18, 24, 25], [14, 18, 2, 0, 22], [18, 15, 20, 8, 21], [7, 11, 15, 18], [42, 39, 37, 24, 0, 16]]
[[9, 11, 3, 14], [6, 8, 14, 0, 9], [11, 3, 12, 17, 0], [13], []]
[[1, 0, 7], [12, 2], [28, 6, 21, 36], [14, 15, 16, 3, 11, 21, 26], [5, 0], [35, 25, 20, 5, 15, 22, 32], [11, 10, 13], [3, 7, 4], [12, 6, 7], [8, 0, 6]]
[[8, 4, 10, 6], [11, 5, 7], [21, 6, 16, 19], [8, 3, 1], [6, 1, 14, 3], [21, 12, 7, 10, 16, 5, 17], [13, 22, 1, 2, 5, 10, 16, 3], [6, 5, 10, 12, 14, 2, 8], [16, 0, 4, 5, 8], [7, 1], [13, 20, 4, 24, 0, 11, 16]]
[[21, 10, 1, 4, 15, 13, 19, 12, 8, 18], [5, 9, 12, 15, 3, 17], [6, 1, 3], [2, 12, 7, 9], [13, 18, 14, 8, 10, 11], [5, 9, 12, 10], [4, 2], [0, 14, 23, 7, 17, 11, 1, 2, 3], [4, 7, 9, 0]]
[[7, 17, 19, 10, 5, 14, 21, 23, 25, 26], [], [7, 5, 2, 4], [7, 15, 2, 14, 8, 1], [3, 5, 9, 14, 0, 6], [2, 4, 8, 9, 10], [14, 0, 7, 9, 11, 1, 16, 5], [13, 22, 29, 7, 10, 8, 6, 24], [11, 0, 3, 9, 2], [4, 9], [11, 5, 14, 16, 17]]
[[12, 19, 21, 6], [6, 10, 15, 20, 17], [8, 14, 20, 5]]
[[0], [10, 6], [1, 4]]
[[12, 17, 3, 8, 4, 9], [3, 15, 18, 2, 10], [10, 0, 12, 18], [10, 4, 2], [15, 1, 11, 22, 2, 6], [17, 13, 3], [4, 9, 6, 15]]
[[10, 13, 7, 15, 19, 5], [9, 17, 1, 3, 11, 13, 10, 2, 8, 0], [3, 5], [9, 8], [], [2], [17, 4, 2, 9, 18], [12], [15, 19, 16, 1]]
[[14, 0, 20, 4, 7, 9, 1], [17, 12, 13], [7], [9, 4, 3, 0, 2], [1, 5, 11, 3, 0], [13], [1, 4, 9], [16, 2, 6, 1, 0, 7], [6]]
[[16, 6, 12, 19, 24, 0, 10], [11, 2, 0, 4, 3], [6, 4, 8, 10, 3], [26, 2, 12, 31, 38, 39, 7, 19, 30, 13, 17, 32, 36], [9, 2, 0, 6, 11, 3], [14, 17, 10, 21, 15, 19, 22], [19, 7, 11, 21]]
[[9, 11, 18, 1], [11, 18, 3, 5], [15, 21, 0, 4], [55, 19, 27, 41, 59, 16]]
[[8, 19, 13], [0], [1, 8, 0], [4, 7], [8, 14, 0, 2, 5], [7, 5, 9], [10, 5, 15, 0], [8, 10, 17, 11], [28, 2, 24, 5, 20], [7, 4, 9], [0, 11, 1], [13, 16, 17, 7]]
[[12, 9], [7, 1], [15, 25, 28, 2], [15, 0], [13, 18, 7], [8, 16, 6, 10]]
[[3, 8, 5, 11, 15, 19, 6, 9], [7, 14, 2, 6], [11, 6, 2, 9, 18, 3], [7, 13, 16], [17, 14, 6, 4], [19, 4, 2]]
[[7, 3, 9, 13, 0], [3, 5, 1], [3, 11, 1, 8], [8, 6, 0, 1, 9], [1, 3, 5, 7, 0], [8, 1, 7], [12, 4, 8, 0, 6], [4, 7, 5], [17, 20, 11, 14, 25, 12], [7, 11], []]
[[3, 6, 13, 9], [0], [2, 0, 5], [], [0], [], [], [0], [12], [11, 15, 5]]
[[7, 12, 15, 9, 8], [3, 9, 11, 13, 6], [2, 11], [5, 2], [3, 11, 7, 17], [4, 22, 26, 33, 36, 2, 17, 19, 23], [17, 1, 5, 11, 25], [5, 2, 12, 7], [4]]
[[15, 7, 18, 4], [15, 1, 16, 3, 8], [5, 0, 12], [11, 6, 14, 3], [2, 10, 5, 18], [22, 9, 24, 0], [10, 18, 21]]
[[13, 8, 1, 6, 0], [11, 9, 14], [14, 9, 13], [19, 2], [8, 13, 0, 5, 19, 10], [12, 4, 19], [13, 22, 17, 7, 16], [4, 6], [4]]
[[6, 12, 17], [11, 7, 4, 2], [10], [4], [6], [2, 4], [6], [6, 13], [9, 5, 11], [0, 1, 16], [11, 9, 3], [8]]
[[10, 5, 7, 12, 16, 1], [6, 3, 2], [5], [5, 6, 4], [13, 3, 11, 15, 7, 2], [8, 11, 1, 12, 6], [8, 12, 3, 10], [6, 10], [12, 2, 6, 16, 14]]
[[13, 6], [10, 7, 16, 21], [6, 14, 17, 25, 0, 9, 26], [1, 4], [14, 7, 24, 3, 18], [12, 3, 16, 6], [24, 5, 16, 21], [11, 0, 9, 2], [14, 17, 7, 4, 9]]
[[10, 18, 2, 1, 4, 7], [0, 16], [4, 2, 8], [6, 8, 3, 0, 11], [24, 4, 5, 18], [19, 21, 3, 10], [7, 1, 3]]
[[21, 11, 13, 16, 5, 8], [12, 2, 4, 6, 7], [5, 14, 15], [29, 1, 9, 12, 5, 4, 18, 27, 6, 13], [21, 24, 26, 9, 0, 3, 13, 18, 20], [16, 37, 22, 30, 57, 20, 4, 8, 26, 35, 50, 55, 45, 48, 58, 24, 43, 2], [15, 5, 8, 11, 22, 9]]
[[18, 14, 2, 7, 10, 26], [17, 3, 13, 14, 25, 26, 4, 10], [17, 26, 11, 7], [33, 1, 28, 9, 11, 40, 7, 12, 14, 18], [15, 4, 22, 2, 7, 1], [17, 11, 19, 8, 22]]
[[3, 13, 15, 1], [18, 9, 6, 15, 23, 2], [], [10, 19, 2, 9, 14, 3], [7, 10, 0], [6, 2, 12, 16], [1, 5, 7], [1, 9, 5, 13], [6, 14, 22, 15, 20], [6, 0, 1], [8, 0, 5]]
[[12, 15, 10, 1, 7, 16, 14, 5], [13, 12, 5], [2, 0, 10], [14, 4, 8, 9, 17, 16, 13], [1, 9, 12, 18, 2, 13, 17, 5], [13, 8, 4, 14], [15, 18, 7, 11, 5, 12], [13, 6, 18, 5, 12, 10, 0, 11, 20], [7, 8, 4, 11]]
[[14, 16, 6, 10], [6, 3], [0, 18, 5, 9, 13, 1, 4], [0, 7], [6, 14], [5]]
[[13, 7, 9, 18, 0, 3, 15, 2, 8, 14, 6, 17], [11, 17, 3, 7, 4, 8], [4, 11], [0, 11, 1, 8], [20, 2, 14, 25, 6, 15, 18, 28, 3, 7, 16, 9, 26], [5, 4, 8, 16, 6, 10], [13, 20, 9, 0, 5, 6, 12, 10, 14, 23], [15, 22, 12, 19], [9]]
[[12, 3, 8, 15, 13], [6, 11, 17, 20], [10, 6], [9, 3, 11], [10, 5, 12, 2], [4], [4, 2, 14, 0]]
[[23, 10, 12, 3, 17, 25], [8, 2, 15], [24, 3, 12, 15, 20, 0, 4], [14, 8, 20, 4], [0, 9, 5, 1], [4, 10, 3, 5, 8], [14, 10, 15, 0, 17, 27, 3, 6], [5]]
[[8, 14, 16, 2], [12, 14], [14, 21, 3, 25, 0, 7, 18], [1, 5], [5, 7, 20, 24]]
[[4, 9, 2, 1], [15, 1, 6, 8, 4, 2], [16, 3, 12, 19], [3], [13, 0, 3, 11, 2, 8], [7, 2], [11, 0, 8, 3, 2], [15, 22, 10, 2, 18]]
[[6, 20, 4, 19, 16, 22], [20, 8, 10, 13, 17, 23, 3], [12, 0], [2, 15, 12, 20], [12, 11, 2, 4], [5, 7], [11, 1, 10], [6, 0, 16, 21, 25], [17, 4, 7], [3, 4, 6], [9, 14, 16, 3, 10]]
[[19, 21, 9, 10], [0], [9, 0, 6, 3], [15, 0, 18], [9, 10, 12], [1, 6, 11], [18], [0, 13, 19, 3], [1, 14, 11, 4], [], [4]]
[[10, 7, 18, 13, 27, 3, 14, 20, 24], [13, 2, 17, 7, 1, 0], [2, 0, 6, 10], [1], [25, 0, 1, 17, 8], [10, 24, 28, 16, 2, 37], [16, 27, 33, 7, 20, 24]]
[[4, 16, 13], [6, 21, 18, 3, 26, 34, 10, 13, 24, 31, 14, 2, 19], [0, 8, 11, 1, 6], [27, 32, 20, 13, 17, 23, 29, 8]]
[[7, 8, 10], [2, 17, 14, 5, 12, 19, 24, 25], [2, 0, 12], [10, 13, 5, 12], [2, 4, 6], [5], [22, 9, 6, 19, 4, 7, 12, 23, 1], [2, 1, 8, 4, 6, 20]]
[[4], [7, 2, 9], [11, 18, 14, 16, 2, 0], [5, 27, 8, 3, 13, 17, 40], [16, 14], [6], [13, 0, 17]]
[[3], [2], [8, 12, 11], [], [10, 27, 5, 16, 54, 13, 24, 29, 56, 60, 9, 26, 59, 6, 1, 28, 57, 15, 25, 23, 55, 0, 14, 58], [2, 11, 14, 0, 5, 6]]
[[7, 0, 4], [5, 9], [16, 0, 11, 5, 13, 20, 22], [7, 25, 0, 4, 9, 31], [5, 7], [6], [], [5, 12, 2], [3, 6], [0], [1, 8, 11], [4], [3, 13, 1, 5], [6, 10]]
[[13, 15, 9, 5, 0, 21], [2, 9, 5, 11, 16], [1, 2], [1, 7], [10, 3]]
[[1, 3, 5], [11, 3, 13, 16], [0, 8], [4, 8, 0], [13, 24, 6, 11, 16, 18], [11, 2, 15, 5, 3, 1], [21, 4, 2, 15], [6, 0], [11, 4, 9], [3, 9]]
[[2], [8, 2, 5, 11], [10], [4, 1], [18, 5, 15, 10, 12], [5, 11, 7], []]
[[10, 15], [23, 17, 13, 5, 10, 3, 6], [10], [9, 1, 6], [15, 19, 1, 9, 10], [16, 8, 1, 10, 4]]
[[10, 22, 0, 13, 16], [0, 10, 17, 21, 18], [11, 6], [2, 21, 17, 7], [10, 12, 5, 8, 3, 1, 7], [13, 8, 10, 3], [8, 16, 17, 4, 6, 12, 19, 21, 2], [14, 6, 10, 17, 11, 18]]
[[12, 23, 32, 0, 7, 13, 24, 29, 11, 22], [7, 11, 1, 0, 3], [7, 9, 4], [2], [17, 11, 0, 8], [5, 8, 11, 13, 3], [4, 20, 9, 10, 14], [9, 3, 6, 0, 4], [], [1]]
[[3, 5], [25, 7, 10, 27, 9, 13], [13, 9, 0], [13, 4, 10, 23, 25, 27], [5, 0, 8], [15, 13, 6], [15, 26, 23, 8], [0, 5, 13, 6]]
[[5, 13, 7], [13, 2, 5, 7], [7, 17, 13], [6, 1, 11, 14, 15, 16], [20, 2, 8, 16, 17, 3], [3, 7, 9, 12, 16], [16, 5, 10, 13, 2], [12]]
[[11, 13, 18, 19, 22, 6], [9, 11, 5], [16, 2, 4, 1], [3, 7, 15, 21], [1, 9, 15, 3, 11, 12], [4, 30, 1, 16, 24, 14], [11, 23, 9, 14, 6, 5, 22, 19], [12, 17, 40, 49, 30, 0, 4, 7, 42, 27, 22, 10], [12, 25, 9, 7]]
[[6, 14, 16], [1], [15, 1, 12, 18, 19, 24, 17], [3, 16, 18, 5, 14, 21, 6, 0, 19], [], [18, 12, 8, 16, 20]]
[[12, 11, 4, 14], [18, 8, 16, 28], [4, 19, 16, 2], [20, 2, 9], [13]]
[[16, 4, 9, 18, 2], [8, 11, 0, 2], [15, 6, 7, 11, 14], [25, 2, 8, 19, 5], [7, 9], [6, 1, 2], [24, 26, 17, 8, 11, 29, 20], [], [18, 30, 2, 5, 15, 25, 7], [8, 0, 1]]
[[12, 1, 16, 3, 23, 17, 5, 20, 14, 0, 13], [12, 1, 4, 5, 0, 13], [11, 18, 7, 14, 16, 21, 0], [13, 10, 14, 7], [8, 18, 3, 12, 11, 17, 21, 19, 1], [19, 1, 8, 11, 14]]
[[16, 4, 21, 26, 13, 3, 20, 12, 17], [6, 12, 0], [5, 8, 1, 7, 10, 6], [3, 6, 1, 9, 12], [8, 7, 16, 0], [5, 24, 0, 13, 15, 19, 14], [4, 0], [4, 6, 7], [8, 7, 0, 13]]
[[2, 9, 11], [10, 15, 20, 18, 5, 16], [10, 11, 1], [8, 10, 12, 13, 16, 15], [15, 31, 2, 1, 32, 5, 10, 12], [26, 16, 3, 6, 10, 30, 17, 27, 31], [8, 3, 12, 13, 15, 10, 7], [7, 18, 12, 15, 4, 13, 16, 3, 0], [7]]
[[3], [2, 8, 10, 13, 14, 4], [15, 4, 6, 10, 17, 0], [0, 10, 1], [10, 1, 16], [16], [2], [6]]
[[0, 5, 7, 28, 3, 8, 12, 19], [0, 3, 13], [14, 0, 12, 1, 6, 17], [7, 10, 2, 5], [], [6, 2, 18, 11], [0, 21, 1, 9, 3, 16, 41, 43], [13, 18, 34], [18, 29, 6, 5, 10, 14, 20, 26, 2, 7, 11, 15]]
[[10, 30, 20, 17], [11, 2, 6, 10], [10, 32, 11, 20, 35], [4, 25, 10, 20, 9, 14], [12, 9, 2], [4, 12, 16, 5, 13], [12, 25, 18, 42, 0]]
[[24, 14, 3, 6, 11, 16], [6, 8, 3], [2, 9], [3], [8, 0, 1], [4, 0, 10, 19, 16], [9, 3, 0], [12, 11, 3], [10, 13, 17, 6, 16, 8, 9, 24]]
[[2, 11, 16, 13, 6, 19, 12, 18, 15], [7, 24, 26, 31, 10, 0], [4, 12, 8, 1, 18, 17, 13, 14, 0], [11, 22, 17, 26, 0, 3, 5], [10, 5, 7, 8, 16, 19, 17, 2], [6, 9], [2, 16, 3, 10, 19]]
[[6, 1, 7], [10, 19, 7, 13, 23, 8], [5], [], [], [2], [4, 6], [], [0, 1, 8], [10], [5], [3, 6], [0, 1, 6], [1], [5, 7]]
[[3, 6, 4], [10, 13, 7, 11], [10, 15, 16, 1], [5, 2, 7], [8, 13, 14, 19, 3], [1, 17, 7, 18, 6, 12], [5, 7, 9], [1, 4, 6], [10, 13, 6, 3], [12, 0, 6, 18], [16, 18], [16, 4]]
[[7, 11, 17, 14, 20, 26, 4, 15, 3, 5, 8, 19, 24], [12, 20, 17, 9, 0], [7, 2], [4, 13, 6, 10]]
[[7, 1, 4, 13, 10, 0, 8], [2, 18, 10, 0], [11, 3, 8], [3, 5], [0, 12, 2], [3, 6, 15, 7, 12, 4, 11], [7, 14, 1, 9, 16, 0], [19, 3, 7, 12, 22], [0, 1, 8]]
[[19, 9, 14, 24, 27, 16], [15, 11, 1, 4, 7, 12], [10, 3, 6], [8], [1, 3, 9, 4], [6, 0, 2, 8], [8, 0, 2, 10], [6, 14, 0, 3, 7], [9, 2, 6, 10, 15, 12, 3]]
[[15, 8, 10, 14, 3, 2, 9], [9, 3], [8, 12, 3, 2], [14, 17, 25, 2, 6, 19, 20], [14, 22, 9, 12, 3]]
[[10, 20, 12, 0, 3, 17, 16, 6], [5, 19, 8, 21, 26], [4], [5, 9], [6, 1, 3], [6, 0, 9, 11, 7], [7, 0, 5, 13, 10], [4, 8, 1, 0, 5], [10, 15, 8, 4], [11, 9, 18, 13], [14, 17, 10, 21, 13], [9, 1, 0, 5, 8, 10], [3], [8, 0, 5, 1], [2], [12, 16, 2, 7]]
[[9, 6, 12, 14, 11, 5, 3], [2, 17, 20, 8, 13, 18], [10, 14, 3, 12, 8], [0, 2, 9, 12, 15, 16, 14, 3], [10, 21, 6, 13, 27, 14], [22, 32, 29, 7, 13, 18, 5, 27, 4], [1, 4, 5, 11, 3]]
[[9, 17, 3, 4, 15], [9, 11, 17, 14, 2], [18, 31, 4, 6, 3, 26, 28, 0, 14], [16, 3, 12], [9, 15, 7, 11], [5, 11, 18, 9, 0, 21]]
[[11, 21, 3, 13, 22, 15], [1, 9, 12, 11], [14, 23, 26, 8, 20, 4, 17, 1], [5, 9, 14], [5, 8, 3, 2], [6, 1], [7, 15, 1, 17, 10], [3, 11, 0], [6, 9, 15, 22]]
[[27, 10, 19, 22], [8, 11, 24, 5, 15], [0, 4, 9], [21, 2], [11, 0, 4, 6], [4, 7], [], [4]]
[[12, 15, 33, 22, 4, 7, 9, 27, 40, 2, 19, 28, 1], [5, 10, 15, 11, 14], [7, 2, 14, 10, 1], [5, 17, 12, 20, 2, 13, 21], [26, 11, 3, 13, 7, 15, 8, 18], [19, 3, 10, 13, 16, 4, 0]]
[[4, 8, 11, 18, 16], [14, 9, 15, 17], [22, 0, 4, 11, 16], [6]]
[[3], [12, 2, 14], [0], [8, 7], [17, 7, 18], [16, 8], [13, 3], [6, 0, 14], [15], [0, 12], [], [1], [17, 3, 14, 22, 24, 11]]
[[8, 5, 6, 1], [13, 1, 2], [8, 1, 4], [2, 6, 0, 7, 11], [0, 14], [20, 2, 1, 14], [0]]
[[10, 5, 0, 3, 13, 12], [16, 0, 3, 8], [2, 6], [6, 12, 1], [8, 4, 0], [13, 19, 0, 4, 6, 16], [2, 6, 15, 0, 4], [2, 19, 34, 5], [14, 8, 12, 15], [10, 0, 8]]
[[], [17, 4, 14, 23, 0, 8, 12, 3], [0, 5, 6, 20], [12, 22, 32, 0, 7, 9, 25], [5], [6], [14, 5, 9, 19], [1, 4, 14, 7, 12]]
[[24, 11, 5, 21], [13, 0, 3, 4], [2, 7, 9], [20, 13, 2, 17, 0]]
[[9, 23, 8, 20, 5, 13, 28, 37, 0, 3, 11], [4, 2, 6, 8], [6, 15, 22, 12, 20, 14, 11, 2, 19, 28, 0, 10], [11, 0, 12, 5, 15, 18, 29, 32], [12, 4, 0, 8, 27, 30, 15], [1, 3, 6, 10], [30, 12, 2, 0, 1, 6, 9, 15, 27], [9, 20, 13, 6, 0], [18, 8, 11, 13, 21, 26, 28, 4, 9, 14]]
[[9, 42, 0, 4, 26], [1], [12, 3, 6], [10], [6], [1, 7, 9], [12, 4, 15, 10, 18], [3, 11], [7, 1, 2], [2], [6, 10], [], [4]]
[[17, 30, 10, 5, 13, 19, 22, 26, 32], [12, 11, 2, 9], [3, 5, 0], [6, 14, 24, 9, 29], [16, 9], [21, 26, 28, 19, 24, 6, 11], [12, 2, 19, 6, 8], [5], [0, 9, 14]]
[[1, 4, 7], [9, 4], [15, 1], [8], [], [], [7, 25]]
[[4, 12, 18, 22, 16], [9, 2, 6, 7, 5, 11], [1, 8, 6], [9, 18, 7, 14, 20, 0, 3], [4, 11]]
[[3, 6, 14, 4], [12, 1, 4, 7, 17], [4, 1, 9, 12, 2], [14, 3, 12, 6, 9], [26, 0, 4, 9, 20, 23]]
[[22, 3, 16, 19], [9], [0, 4, 11], [21, 23, 25, 0, 8, 14, 16, 5]]
[[11, 14, 0, 6, 12, 5, 10, 9], [10, 2, 7, 15, 0, 3, 8], [7, 0, 1, 12, 8, 20, 11], [14, 6], [6, 15, 24, 32], [12], [18, 2, 12, 14, 22, 0]]
[[15, 26, 3, 18, 0, 8, 20, 11, 7, 35, 27, 19], [10, 6, 4, 14, 3, 12, 9], [16, 13, 23, 15, 21, 5], [6, 0, 7, 3], [26, 30, 0, 18, 23, 40, 4, 15, 36, 41, 10], [18, 4, 19, 27, 15, 23, 25, 28, 20]]
[[12, 25, 7, 9, 16, 13], [15, 24, 27], [8], [7, 0, 10], [8, 1]]
[[13, 3, 9, 15, 1, 10], [0, 8, 10], [0, 11, 7], [13, 36, 16, 9, 23, 0, 24, 2, 17, 22, 1], [10, 4, 12, 11, 3], [11, 17, 5, 14, 19], [16, 4, 7, 9, 1], [8, 12, 15, 18, 6, 24], [5, 24, 7, 14, 9, 0, 8], [9, 1, 11, 5, 10], [8, 14, 11, 12, 15, 16], [4, 27, 3, 35, 10]]
[[15, 5, 4, 2, 16], [6, 8, 4, 13, 2], [8, 6], [10, 13, 4, 7, 0], [0, 6, 3, 17, 11], [12, 14, 24, 37, 0, 3, 15, 19, 22], [0]]
[[19, 2, 7, 8, 11, 9, 4], [17, 12, 18, 0], [8, 3, 6, 4], [11, 23, 17, 2, 20]]
[[13, 23, 3, 18, 15, 7, 21, 27, 1, 10], [1, 26, 5, 20, 14], [18, 13, 22, 0, 4, 14], [10, 4, 6], [2, 11, 3, 0, 6], [27, 23, 16, 26, 3, 13, 34]]
[[9, 2, 14, 20, 23, 25, 12, 26], [9, 11, 6], [21, 8, 10, 13, 19, 0], [8, 19, 9], [5, 0, 9, 4, 8], [20, 30, 21, 10, 5, 13], [12, 25, 14, 34, 27, 36]]
[[8, 1, 3, 9, 12], [9, 14, 7], [5, 2, 7, 8], [10, 8], [3, 0], [5], [3, 5, 7, 12, 0], [14, 11, 0, 1], [1, 16, 8, 9], [4, 1, 6, 12]]
[[20, 28, 12, 13, 3, 9, 18], [3, 5], [3, 6, 7], [0, 8], [3, 11], [12, 9, 16, 10, 1, 4], [1, 2, 0], [2, 11, 7], [9, 7, 11, 5], [17, 1, 14], [5, 15, 3, 1, 19]]
[[15, 20, 17, 22, 23], [18, 1, 8, 4, 0], [5, 10, 7, 1, 0], [0, 1], [7, 15, 0, 13, 12, 11, 14], [6, 10, 4]]
[[2, 1], [2], [11, 0, 3, 15], [13, 37, 44, 38, 1, 17, 22], [0, 11, 16, 1, 6]]
[[7, 18, 1, 5, 8, 11, 16], [4, 0, 1, 9], [20, 8, 15, 0, 4, 7], [16, 8, 12, 18, 3], [4, 22, 5, 16], [3, 11], [], [2]]
[[11, 1, 2], [3, 5, 6, 9], [13, 0, 4], [7, 3, 15, 17, 4, 8, 13], [0, 14, 7]]
[[14, 2, 21, 3, 9, 15, 17], [11, 2, 16, 4, 7], [9, 4, 11, 14], [4, 15, 11, 0, 1, 2], [4, 12, 16], [11, 0, 22]]
[[8, 11, 14, 22, 24, 25, 19], [12, 7, 0, 4, 8], [6, 1, 10], [13, 27, 7, 15, 4, 17], [12, 15, 0, 5], [30, 33, 23, 6, 10, 18, 35, 4, 7, 11], [1, 3, 5]]
[[4, 15, 12, 21, 28], [7, 20, 5, 12], [24, 15, 3, 7, 9]]
[[4, 20, 24, 2], [16, 3, 9, 5], [3, 4, 10], [12, 4, 6, 14, 3], [12, 22, 2], [0, 1], [8, 0, 6], [6, 9, 13], [17, 26, 2, 27, 7, 0], [2], [18, 9], [8], [0, 1], [], [7, 8]]
[[7, 9, 12, 3, 10, 2, 8], [17, 14, 5, 7, 9], [8], [9, 20, 4, 0, 12, 16, 18, 5], [10, 15, 1, 12], [14, 21, 7, 2], [6, 1]]
[[9, 11, 7, 5, 1, 10, 0], [3, 4, 2, 8, 9], [8, 6, 11, 13, 4, 1, 3], [17, 4, 2, 3], [26, 25, 5, 11, 19, 0, 2], [16, 5, 0, 21], [10, 8, 13, 22, 2, 19, 4, 0, 5], [19, 23, 25, 12, 14, 8, 16, 15, 5, 7, 24]]
[[4, 17], [26, 7, 14, 20, 2, 15, 18], [3, 2, 4, 5, 6, 9], [8, 0, 15, 21]]
[[12, 22, 18, 1, 19, 5, 10, 9, 15, 11], [2, 3, 5], [13, 7, 15, 18, 4, 8, 19, 6], [2, 4], [0, 18, 6, 11, 1, 8, 2], [40, 22, 2, 14, 24, 27, 0]]
[[4, 7, 9], [9, 5, 13, 3, 2, 10], [8, 11], [8, 0, 6], [11, 18, 6, 5, 0], [20, 12, 21, 5], [13, 20], [10, 13, 16, 7, 1, 15, 19]]
[[4, 12, 6, 9, 16], [12, 4, 6], [2, 11, 4], [16, 23, 26, 20, 0, 12, 18], [7, 11, 14, 24, 16, 18]]
[[14, 27, 49, 20, 22, 2, 16, 5, 34, 25], [14, 5, 9], [3, 0, 17, 20, 15], [5, 18, 0, 12], [17, 5]]
[[16, 29, 18, 0, 2, 11, 27, 30, 32, 20, 26, 19, 25], [2, 10, 0, 3, 5, 9], [0, 6, 33, 27, 29, 24, 7, 26], [17, 20, 29, 3, 7], [9, 28, 36, 38, 17, 42, 11, 30, 51]]
[[1], [8, 3, 6], [12, 3, 10, 5], [], [2, 7], [9, 4, 7, 2], [11, 3, 1], [4, 0, 20, 6, 18, 21], [18, 23, 4], [14, 20, 4, 15, 18, 10, 6, 9]]
[[11, 13, 17, 0, 3], [3, 17, 15, 1, 14], [2], [17, 0, 22], [16, 6], [1, 3], [7, 3, 4, 9, 1], [10, 6, 0, 7, 3], [5, 15, 0, 8], [2, 9], [7, 15, 12, 17, 0], [24, 10, 16, 18, 19, 13]]
[[], [12, 7, 9, 0, 3, 2, 8], [7, 11, 13, 9, 1], [1, 6, 3, 9, 4], [8, 23, 2, 19, 21], [9, 27, 20, 22, 0, 2, 7]]
[[8, 0, 3, 9], [12, 1, 2, 7], [3, 1], [8, 2], [0, 12, 2], [5, 2], [3, 4, 10], [12]]
[[6, 8], [12, 3, 7, 9, 0, 5], [4, 9, 11, 1, 5], [0, 5, 6, 8], [16, 0, 7, 14, 8, 2, 12], [13, 5, 6], [7, 18, 1, 19, 8, 15, 0], [7, 2, 0, 8], [4, 2, 0, 6]]
