-1.522312879562378
-0.8209455609321594
-1.6850634813308716
-1.0781784057617188
-1.71761953830719
-1.3275634050369263
-1.7087256908416748
-0.8912269473075867
-1.3834145069122314
-1.0758754014968872
-1.2283903360366821
-0.9108895659446716
-1.471300482749939
-0.9126677513122559
-1.542874813079834
-1.0421640872955322
-1.564388632774353
-0.9022148251533508
-1.2604883909225464
-1.0122642517089844
-1.0511966943740845
-0.8728868365287781
-1.2859686613082886
-0.9671894907951355
-1.3690820932388306
-0.8304331302642822
-1.5306587219238281
-0.9772943258285522
-1.625784993171692
-1.6945936679840088
-1.381822109222412
-1.0289231538772583
-1.2726284265518188
-0.8823996782302856
-1.661598563194275
-0.8871521949768066
-1.3354272842407227
-0.9331945776939392
-1.6581971645355225
-0.9345575571060181
-1.409694790840149
-1.0190184116363525
-1.8175462484359741
-0.8006733655929565
-1.3360990285873413
-0.8157755136489868
-1.3499979972839355
-1.0778982639312744
-1.2828210592269897
-1.0118895769119263
-1.5958364009857178
-0.8932203650474548
-1.3852453231811523
-1.4714027643203735
-1.561019778251648
-0.9511563181877136
-1.4038832187652588
-0.9830805063247681
-1.5632312297821045
-0.7974429130554199
-1.525443196296692
-0.9730057716369629
-1.5959975719451904
-1.0141984224319458
-1.4355065822601318
-1.2574536800384521
-1.21527099609375
-1.022373080253601
-1.1657612323760986
-0.8457205891609192
-1.1616582870483398
-1.0498566627502441
-1.6749383211135864
-0.8776058554649353
-1.427764892578125
-0.8654424548149109
-1.7663861513137817
-0.8702270984649658
-1.5323128700256348
-1.0303746461868286
-1.5347050428390503
-0.805866539478302
-1.5090066194534302
-0.8237419724464417
-1.3795920610427856
-0.815578281879425
-2.0287885665893555
-1.2793854475021362
-2.108084201812744
-0.8514208197593689
-1.4476318359375
-0.8695814609527588
-1.5741738080978394
-0.8747514486312866
-1.6313519477844238
-0.9736271500587463
-1.3552563190460205
-0.8082888722419739
-1.680200219154358
-1.0199774503707886
-1.4711008071899414
-0.9858617186546326
-1.5655862092971802
-1.0002524852752686
-1.433125615119934
-0.8073056936264038
-1.649680495262146
-0.964038074016571
-1.3719240427017212
-1.0312336683273315
-1.474718689918518
-0.8062965273857117
-1.4251295328140259
-0.7850978970527649
-1.5650290250778198
-0.994664192199707
-1.4873151779174805
-1.027432918548584
-1.5846898555755615
-1.367599606513977
-1.3933476209640503
-0.8897249102592468
-2.112550973892212
-1.0003403425216675
-1.4112145900726318
-0.9764373898506165
-1.7823387384414673
-0.9951006770133972
-1.9200950860977173
-0.8427792191505432
-1.508042335510254
-1.0882879495620728
-1.8305307626724243
-0.9125863313674927
-1.294695258140564
-0.9963255524635315
-1.833103895187378
-0.8729411363601685
-1.5903847217559814
-0.9358906745910645
-1.4439111948013306
-0.7934574484825134
-1.3840389251708984
-1.0281503200531006
-1.6906507015228271
-0.9156302809715271
-1.9033355712890625
-0.8865609169006348
-1.2951551675796509
-0.9507520198822021
-1.4021538496017456
-0.9901790618896484
-1.624276041984558
-0.7754701375961304
-1.4042235612869263
-0.8603833913803101
-1.281620740890503
-0.9657204151153564
-1.3301911354064941
-0.9019893407821655
-1.7052435874938965
-0.8087678551673889
-1.599386215209961
-0.8831906318664551
-1.4823697805404663
-1.0305477380752563
-1.8529072999954224
-0.848351240158081
-1.3877644538879395
-1.0845959186553955
-1.5862175226211548
-0.8378426432609558
-1.4563579559326172
-1.0463441610336304
-1.6543314456939697
-1.243843913078308
-1.2564678192138672
-0.8570035099983215
-1.61737859249115
-0.8543542623519897
-1.5471279621124268
-0.8997844457626343
-1.6453605890274048
-0.918769121170044
-1.4943506717681885
-0.997779369354248
-1.5627986192703247
-0.9344179034233093
-1.87571120262146
-0.93951416015625
-1.4188538789749146
-0.973433792591095
-1.3034744262695312
-0.824643611907959
-1.4730178117752075
-0.7652100324630737
-1.4704792499542236
-0.9694014191627502
-1.4716922044754028
-1.0566511154174805
