[[17, 13, 2, 9, 19, 21, 3, 14, 8, 18, 7, 16], [15, 2, 4, 11, 19, 3, 18, 21, 0, 16, 17, 20], [2, 15, 4, 7, 12, 0], [18, 11, 0, 3, 15, 13, 12, 20, 1], [32, 7, 16, 25], [20, 23, 12, 8, 26, 30, 0, 13, 21, 27, 31, 11], [39, 7, 13, 14, 0, 18, 26, 33, 36, 3], [1], [3]]
[[7, 3, 10, 11, 4, 5], [13, 22, 8, 18, 0, 10, 20, 1, 9, 19], [17, 3, 10, 23, 0, 19, 25, 6, 12, 24, 11, 14, 22], [2, 9, 21, 24, 15, 5, 10], [5, 10, 11, 7, 0, 6], [9, 15, 6, 1, 17, 19, 23, 2, 13, 20, 5, 11], [7, 21, 9, 16, 18, 5, 3, 10, 17, 0, 12, 15], [19, 16, 5, 8, 11, 22, 25, 12, 21, 7, 0, 6, 28], [9, 25, 0, 11, 20, 22, 7, 15, 3, 12], [21, 2, 6, 13, 25, 18, 28, 8, 29, 7]]
[[20, 14, 0, 18, 1, 7, 16], [2, 4, 24, 28, 29, 0, 11, 3, 21, 14, 26, 13, 5, 6, 8, 22, 30], [20, 10, 11, 4], [7, 4, 10, 18, 2, 8, 17], [10, 22, 24, 7, 17, 20, 18, 25, 4, 14, 23, 11, 26, 27, 8, 15], [17, 9, 2, 6, 12, 13, 24, 26, 29, 3, 14, 18], [12, 7, 15, 21, 4, 23, 2, 13, 26]]
[[20, 26, 7, 11, 0, 14, 17, 1, 4, 9], [20, 14, 11, 5, 17, 26, 0], [4, 17, 19, 6, 0, 7, 10, 20, 23, 9], [10, 23, 5, 13, 20, 0, 7, 14, 18], [16, 34, 19, 7, 11, 12, 25, 29, 31, 36, 0, 5, 8, 13, 20, 32, 28, 4], [13, 20, 2, 9, 16, 0, 5, 10, 17], [9, 14, 25, 4, 10, 22, 26]]
[[9, 7, 11, 13], [8], [9, 0, 18, 4, 5, 10, 14], [11, 8, 16, 19, 10, 13, 5], [20, 2, 13, 4, 21, 8, 26], [25, 3, 23, 10, 19, 0, 2, 6, 17, 24], [10, 25, 11, 14, 16, 0, 15, 20, 3], [12, 5, 10, 15, 14, 1], [13, 18, 19, 23]]
[[15, 12, 17, 0, 4, 18, 3, 8, 9, 7], [2, 9, 3, 1], [29, 11, 27, 7, 13, 16, 23], [32, 12, 29, 8, 18, 25, 34], [3, 14, 17, 1, 0, 12], [28, 39, 12, 33, 41, 7], [9, 2, 7, 6, 19, 20]]
[[19, 11, 0, 5, 16, 22, 14, 13, 12], [5, 8, 10, 7], [17, 32, 10, 15, 21, 28, 30, 0, 3, 34, 7, 19, 25], [9, 16, 14, 15], [11, 1, 6, 2], [5, 3, 9, 12, 8, 1], [27, 23, 37, 25, 19, 5, 12, 16, 33, 40]]
[[7, 12, 19, 21, 23, 3, 9, 14, 24, 2], [5], [9, 1, 13, 20, 4, 6, 14], [8, 2, 6, 11, 14, 4], [1, 6, 9], [11, 3, 9, 14, 5, 16], [20, 2, 9, 18, 4, 7, 1], [9, 27, 6, 15, 20, 22, 24, 0, 3, 7], [4, 7, 8, 12]]
[[9, 6, 0, 12, 11, 3], [16, 0, 25, 28, 5, 9, 22, 26, 8, 18, 21, 15, 14, 6, 10, 19, 23], [2, 6, 16, 19, 24, 0, 13, 17, 25], [36, 47, 59, 71, 83, 6, 14], [1, 7, 12], [4, 0, 5], [21, 14, 11, 16, 26, 5, 9, 17, 22, 27]]
[[21, 3, 6, 11, 4, 7], [10, 8, 7, 14], [12, 2, 14, 22, 8, 25, 0], [4, 20, 16], [14, 18, 7, 4, 9, 11, 23]]
[[18, 23, 26, 13, 19, 2, 10, 30, 36, 0, 8, 11], [2, 3, 6, 16, 4, 7], [0, 6, 31, 33, 2, 7, 15, 18, 17, 11, 29, 26], [3, 17, 20, 28, 6, 9, 22, 34, 37, 45, 1, 7], [13, 11, 3, 0], [14, 4, 12, 0], [17, 11, 9, 1, 6, 13, 25], [31, 2, 4, 18, 13, 23, 26]]
[[6, 16, 21, 32, 19, 26, 0, 3, 13, 29], [7, 11, 23, 28, 16, 4, 18, 5, 19], [7, 12, 21, 25, 30, 10, 4], [24, 31, 43, 46, 15, 38, 35, 36, 8], [19], [25, 3, 6, 11, 19, 22, 4, 0, 12]]
[[5, 12, 14, 3, 11, 2], [23, 6, 14, 22, 17, 7, 25, 21, 2], [10, 1, 6, 11], [21, 3, 0, 6, 11, 19, 23, 17, 22], [15, 5, 17, 12, 21, 2]]
[[13, 7, 2, 12], [6, 18, 19, 14, 4, 8], [2, 10, 20, 13, 8, 15, 18, 5, 12, 21], [6], [6, 0, 3, 12], [16, 2, 19, 4, 6, 10, 27, 30, 0], [14, 11, 17, 0, 5, 9, 18, 4, 8], [24, 7, 6, 0, 14, 19, 22, 27, 1, 4], [17, 2, 12, 0, 4, 10, 13], [6, 19, 26, 16, 10, 8, 14, 28, 3, 17, 0, 1, 24]]
[[9, 13, 4, 15], [4, 0, 8, 10], [12, 5, 1, 10], [19, 4, 11], [23, 14, 18, 1, 16, 21], [14, 10, 24, 12, 23, 16], [6, 11, 26, 32, 8, 16, 13, 18, 22, 23, 1, 9, 17, 15, 4, 3]]
[[8, 0, 4, 3, 14, 9, 17, 18, 11, 7], [6, 26, 49, 4, 11, 15, 20, 33, 37, 46, 2, 12, 16, 21, 34, 38, 42, 47], [16, 1, 5, 8, 2, 6, 13], [18, 10, 16, 21, 26, 7, 11, 1, 4, 22, 6, 0, 3], [13, 21, 7, 0, 9, 16, 25, 27, 2], [20, 13, 7, 11, 5, 3, 10, 19, 16, 0]]
[[2, 7, 18, 15], [7, 16, 21, 30, 2, 4, 8, 26, 14, 18], [6, 15, 2, 4, 12, 9, 3], [16, 25, 4, 29, 10, 12, 23]]
[[14, 9, 12], [1, 3, 6, 10, 20, 4, 11, 14, 18, 2], [7, 15, 18, 1, 8, 11], [4, 10, 0, 8, 7, 3], [6, 2, 0, 3], [6], [12, 6, 8, 2, 15, 0, 3, 9, 13], [7, 9, 2], [29, 7, 16, 11, 18, 5]]
[[15, 8, 12, 3, 10, 2, 9], [8, 1, 5, 3], [26, 32, 30, 11, 15, 20, 27], [10, 15, 8, 17, 1, 2]]
[[11, 2, 8], [10, 12, 7, 15, 18, 2], [15, 5, 7, 1], [5, 3, 9], [16, 15, 7], [7], [9, 0, 4, 11], [20, 15, 2, 17, 23, 26, 0], [14, 22, 2, 6, 9, 20, 0, 3, 7], [1, 4, 7, 12, 5, 9], [21, 11, 23, 6], [0, 13, 2, 5, 10, 16]]
[[14, 5, 8, 17], [1, 4, 6], [7], [2, 6, 17, 19], [17, 6, 0, 8, 1, 9, 7, 5, 4], [10, 28, 20, 9, 27, 0, 34, 3, 13, 17], [6, 0, 8, 13, 9, 7], [10, 30, 22, 9, 29, 0, 19, 38, 3, 13, 17, 23, 33, 31, 11], [13, 4, 16, 5, 9, 15], [20, 10, 15]]
[[5, 8, 16, 6, 0, 4, 12], [7, 9, 2], [5, 7, 10, 2], [3, 12, 17, 7, 22, 25], [14, 21, 25, 2, 9, 5, 10, 3, 11], [3, 8, 5], [7, 2, 17, 3], [1, 3, 6, 8], [5, 1, 4], [1], [3]]
[[16, 9, 6, 23, 0, 4, 13, 19, 21, 24], [1, 4, 10, 15, 3, 9, 18], [16], [9, 4, 17, 21, 23, 2], [2, 5, 3], [4, 6, 1], [4, 14, 15, 2], [3], [11, 2, 8, 14, 17, 0], [18, 15, 4, 13, 25, 2, 10], [3], [11, 2, 8, 14], [6, 2, 15, 8, 11, 17], [11, 3, 8, 13, 0, 5, 14], [7, 1, 3], [3]]
[[16, 5, 10, 3, 2, 9], [16, 8, 6, 14, 0, 4, 10, 3, 12], [8, 13, 15, 3, 0, 11], [2, 5, 10, 7], [13, 1, 4, 17, 19, 15, 20], [26, 3, 5, 8, 11, 17, 24, 18, 22, 21, 4, 14, 16], [10, 20, 2, 14, 4, 18, 16, 3, 15], [9, 13, 21, 2, 5, 19, 15, 12, 10, 0], [6]]
[[10, 7, 12, 3], [6, 11, 19, 14, 1, 20, 17, 15, 21], [9, 33, 3, 27, 20, 29, 0], [1, 9, 4, 11, 14, 12], [8, 10, 3, 12], [13, 18, 15, 23, 4, 9, 11, 2, 6, 1], [11, 5, 14, 2, 4, 0, 6], [0, 9, 14, 11, 17, 1]]
[[9, 2, 15, 24, 11, 19, 29], [8, 12, 1, 10], [31, 2, 22, 19, 20, 26, 5], [8, 0, 2, 10, 1, 3], [2, 8, 11, 0, 9, 3], [10, 14, 19, 5, 2, 17], [9, 1, 3, 11, 6, 5], [0]]
[[7, 9, 0, 3, 8, 2, 4, 5], [0, 17, 25, 13, 8, 21, 4, 14, 6, 12, 1, 19, 3, 18, 20], [9, 23, 31, 4, 16, 19, 2], [12, 7, 4, 1], [10, 17, 5, 8, 14, 20]]
[[21, 2, 19, 7, 8, 10, 14], [6, 18, 25, 3], [17, 2, 0, 3, 7, 12, 20], [9, 4, 13, 5], [10, 14, 1, 17, 23, 24], [14, 25, 5, 12], [13, 34, 2, 8, 6, 10, 23, 25, 30]]
[[16, 8, 3, 13, 0, 6, 14], [11, 2, 5, 13, 7, 21], [16, 19, 1, 5, 10, 11, 4, 9, 13, 17, 18, 20], [2, 3, 5, 14, 7, 11, 15], [2, 6, 11, 0, 12, 17, 26, 5, 10, 19, 16, 21, 25], [9, 2, 3], [13, 23, 0, 25, 1, 26, 3, 16, 10, 5], [7, 11, 14, 19, 5, 15], [9, 17, 6, 0, 13, 1]]
[[8, 2, 10, 14, 13, 1], [22, 3, 16, 19, 0, 5, 8], [4, 0, 1, 6], [6, 0, 3, 7, 2, 4], [3, 5, 1], [5, 7, 2, 8], [2, 5, 8, 11, 12, 0], [12, 0, 5, 14], [2, 5, 0], [9, 17, 2, 5, 14, 0, 10], [2, 7, 0, 5, 8, 4, 12], [0, 5, 7, 14, 17, 1, 8, 15, 18, 12], [4, 2, 5], [7, 2, 8, 12], [6, 11, 1], [23, 29, 9, 18, 21, 10, 15, 19, 25, 3, 12, 0], [6, 15, 2, 9, 12, 26, 0]]
[[6, 17, 15, 10, 20, 19, 9, 16, 14], [12, 23, 14, 0, 15, 19, 24], [12, 16, 3], [0, 11, 7, 1], [4], [21, 25, 12, 1, 4, 8, 9, 31, 7, 29, 14, 30], [13, 16, 21, 3, 1, 7, 19, 5, 4], [0, 18, 4, 10, 12, 21, 13, 7, 1], [12, 6, 13], [9, 0, 7, 12, 1, 14]]
[[4, 11, 21, 18, 17, 14, 15, 16, 10], [0, 11, 9, 17, 16, 4, 8, 7, 18, 1, 14], [17, 2, 7, 5, 9, 13, 0, 10, 4, 8, 6], [5, 15, 34, 28, 6, 17, 9, 12, 38, 3, 10, 31, 39, 30, 2, 1, 7, 32], [12, 23, 3, 10, 17, 18, 21, 26, 4, 0, 6, 19, 13]]
[[6, 1, 3, 12], [20, 3, 1, 17], [18, 27, 13, 11, 4, 28, 9, 16, 25, 32], [17, 18, 0, 7, 15, 3, 12], [13, 6, 0, 8, 19, 1]]
[[2, 18, 16, 15, 20, 8, 10, 7, 12, 17, 19, 13], [9, 2, 5, 1, 7, 10], [34, 19, 13, 25, 26, 18, 38, 6, 8, 15, 16, 36, 33], [27, 38, 28, 3, 19, 31, 0, 7, 11, 13, 41, 4, 24, 36, 30, 9, 18, 32, 23], [7, 15, 4, 12, 17, 5], [0], [3]]
[[10, 12, 0, 3, 13, 2], [13, 15, 8, 10], [2], [0, 10, 1, 8, 11, 16], [13, 6, 0, 10, 21, 1], [2, 0, 3], [0, 6, 9, 16, 23, 1, 7, 10, 13, 12, 5, 22], [13, 0, 11, 1, 8, 14, 7], [9, 0, 1], [20, 2, 5, 16, 17, 9], [14, 17, 2, 12, 5, 8, 6], [22, 13, 5, 15]]
[[27, 3, 15, 24, 32, 35, 0, 5, 13, 19, 33, 12], [2, 6, 11], [11, 20, 3, 5, 17, 26], [9, 2, 16, 0], [18, 11, 0, 3, 22, 24, 27, 1, 4, 8, 14, 28, 13], [5, 12, 10, 2, 14, 0, 7], [13, 18, 22, 16, 19, 1, 6, 9, 5, 15]]
[[16, 3, 4, 2, 9, 0, 13], [1, 2, 5, 9, 4, 8], [11, 25, 2, 15], [21], [13, 5, 0], [14, 18, 17, 5, 8, 11], [22, 43, 0, 4, 21, 12, 27, 28, 39]]
[[19, 31, 0, 3, 24, 27, 1, 4, 21, 25, 28, 20, 14, 32, 18], [26, 35, 0, 10, 23, 29, 32, 4, 11, 15, 24, 30], [7, 11, 1], [13, 8, 21, 2, 6, 11, 18, 22, 1, 10], [9, 1, 6], [8, 22, 7, 24, 0, 10, 14], [13, 11, 9], [8, 2, 12, 10, 13, 3]]
[[6, 5, 31, 12, 28, 38], [9, 11, 1, 3], [5, 0, 13, 3, 2, 14], [3, 9, 13, 17, 6, 0, 11, 14, 1], [1, 14, 4, 16, 3, 9], [9, 1, 0, 2, 10, 11], [15, 8, 11, 1, 0, 16], [7, 12, 15, 17], [15, 5, 16, 8, 19, 0], [2, 3, 4, 0], [7, 10, 5, 4, 0, 2], [10, 15, 5, 6]]
[[9, 21, 0, 13, 16, 1, 5, 11, 8], [13, 2, 11, 7, 3, 1], [7, 18, 28, 10, 23, 0], [15, 18, 0, 9, 3, 6, 10, 22, 5, 19, 12, 20], [0, 5, 10, 18, 13, 7, 15, 11, 16, 19], [15, 4, 10], [24, 5, 9, 20, 25, 2, 7, 29, 32, 22, 30, 15, 11]]
[[11, 15, 13, 9, 21, 7, 16, 22, 6, 14], [9, 7, 0, 4], [6, 20, 3, 9], [8, 23, 10, 14, 6, 11, 15, 21, 0, 4], [26, 22, 27, 20, 4, 18, 33, 5, 16], [6, 10, 12, 17, 23, 25]]
[[2, 9, 6, 16, 22, 25, 30, 23, 31, 32, 3, 14], [0, 10, 3, 13, 8, 1], [25, 12, 8, 3, 16, 21], [3, 0, 14, 18], [8, 13, 0, 9], [5, 9, 15, 21], [13, 11, 0, 16], [17, 4, 7, 19, 2, 5, 14, 21, 13]]
[[6, 10, 12, 4, 3, 5, 11, 13], [17, 9, 2, 12, 22, 23, 0], [4, 12, 2, 7, 5, 10, 11, 8], [0, 7, 11, 1, 9], [16, 3, 6, 10, 20, 0, 18, 21, 8, 5, 2, 23, 4], [6, 3, 10, 14, 11, 4], [19, 6, 3, 8, 11, 13, 0, 4, 9, 2, 7, 17], [4, 11, 14, 0, 2, 7, 15, 5, 12, 8], [24, 20, 0, 15, 4, 7, 13, 18, 6, 12, 22, 17], [3, 12, 13, 15, 9, 0, 10, 21, 20], [5, 18, 0, 3, 8, 13, 11, 6, 14, 16], [12, 3, 5, 0, 14, 10, 2], [5, 14, 8, 13, 0, 9, 4, 7, 2], [14, 3, 15, 21, 0, 11], [10, 7, 11, 14]]
[[15, 3, 10, 4, 19, 7, 1, 9, 0, 16], [18, 17, 12, 7, 0, 23, 5, 20, 24, 15, 10, 26], [24, 6, 0, 13, 1, 4, 21, 7, 11, 12, 17, 9], [11, 15, 5, 21, 2, 19, 22, 18, 7, 0, 16, 8, 3], [3, 4, 0, 9, 11, 6, 5, 1, 7], [8, 23, 41, 31, 33, 28, 0, 30, 6, 11, 14, 18, 36, 38, 44, 3, 12, 34, 39]]
[[4, 2, 6, 9, 0, 7], [8, 3, 6, 14, 17, 18], [14, 0, 3, 5, 8, 18, 21, 6, 19], [3, 9, 17, 6, 12, 0, 4], [8, 21, 0, 5, 12, 15, 16], [8, 18, 4, 6, 11, 14, 21, 24, 27], [5, 8, 14, 17], [0, 11, 23, 33, 6, 32, 14, 19, 26, 8, 12, 17]]
[[0], [2, 10, 14, 19, 0, 5, 20], [15, 4, 10, 19, 0, 6], [15, 0, 7], [8, 21, 7, 20], [12, 0, 5, 4, 1, 6], [22, 2, 8, 13, 4, 1], [31, 13, 3, 21, 5, 35]]
[[22, 32, 12, 8, 35, 38, 6, 23, 30, 36, 29, 5, 14, 11, 18, 10, 13, 33, 34, 24, 25, 16], [8, 15, 11, 17, 32, 3, 18, 25, 13, 31], [9, 3, 11, 24, 17, 20, 28, 0, 5, 18], [8, 7, 10, 0, 9, 12], [5, 28, 41, 0, 18, 20, 24], [0, 25, 2, 16, 19, 33, 36, 17, 21, 30, 34, 20, 1, 10, 26], [8, 20, 15, 2, 13, 24, 27, 6, 25, 5, 16, 0, 23]]
[[16, 14, 7, 10], [19, 10, 26], [22, 34, 41, 46, 4, 2, 11], [21, 9, 16, 11], [6, 12, 16, 5, 22, 23]]
[[15, 14, 3, 10, 19, 0], [6, 2, 10, 0, 3, 7], [9, 11, 15, 0, 5, 13], [15, 26, 8, 22, 19, 5, 12], [8, 0, 1, 4], [1, 14, 8, 3], [16, 0, 10], [14, 11, 4, 8]]
[[13, 5, 11, 16, 3, 8, 17, 15, 2, 10], [30, 0, 11, 16, 21, 5, 8, 22, 31, 7, 19, 15, 18, 10, 25, 20], [17, 28, 6, 10, 13, 21, 4, 11, 15], [9, 3, 14, 15, 0, 2, 4, 16, 13], [7, 2, 9, 11, 0, 12, 15], [8, 6, 3, 9, 2, 11], [2, 10, 3, 6, 11, 19]]
[[0, 11, 2, 9, 1, 5], [11, 3, 9, 16, 0, 14, 7], [8, 0, 16, 3, 11, 5, 2], [7, 12, 14, 19, 20, 5, 0, 4, 10, 2], [11, 24, 2, 14, 19, 5], [14, 0, 11, 19, 21, 26, 17, 5, 8], [10, 6, 3, 5, 15, 0, 13]]
[[12, 10, 2, 1, 5, 18, 4, 16, 19, 6, 9, 13], [9, 2, 0, 3, 11], [1, 9, 16, 3, 17, 12, 21, 13, 19, 5], [18, 1, 6, 16, 23, 26, 9, 13, 21, 8], [13, 15, 4, 6, 17, 7, 11, 23, 16], [0, 8, 12, 19, 24, 13, 26, 6, 10, 21, 27, 4]]
[[4, 10, 8], [21, 1, 10], [6, 13, 15, 3, 10, 11], [9, 28, 15, 0, 11, 23, 24, 12, 20, 5, 2, 19], [16, 1, 14, 18], [9, 7, 14, 5]]
[[17, 0, 3, 13, 1, 14, 12, 11, 8, 15], [13, 1, 9, 7, 15, 2], [12, 1, 10, 7, 18, 14]]
[[8, 20, 13, 2, 10, 18], [14, 20, 7, 9, 25, 5, 10], [13, 30, 2, 5, 9, 17, 25, 28, 6], [7, 2, 19, 21, 26, 3, 9, 15, 27, 17], [3, 6, 10, 11, 14, 18, 0, 7, 12, 15], [12, 6, 0, 4, 7, 14, 3], [6, 2, 10, 15, 0, 3], [20, 17, 11, 19, 3, 14, 22, 26, 0], [9, 13, 15, 16]]
[[5, 2, 1, 6, 3], [6, 15, 4, 7, 12, 3, 11], [11, 2, 5, 7, 1, 4], [4, 3, 0, 5], [11, 2, 8, 20, 9, 21, 1, 18, 24, 0, 17, 19, 3, 4, 7, 25], [10, 1, 4, 3, 2, 0], [4, 3, 0, 7], [9, 12, 17, 1, 3, 7, 24, 26, 4, 14], [20, 7, 12, 4, 10, 13, 9, 3, 0, 8, 5]]
[[15, 17, 2, 6, 9, 18, 8, 12, 0], [6, 8, 15, 3, 20, 24], [8, 11, 2, 12, 1, 5, 10], [9, 6, 2], [11, 0, 4, 3, 10, 7], [6, 8, 2, 15], [10, 4, 15, 5, 7, 12, 3], [19, 6, 15, 27, 2, 7, 10, 16, 20, 24, 12, 4], [0], [3]]
[[17, 12, 5, 20, 9, 21, 4], [10, 5, 14, 3, 12, 1, 2], [4, 14, 20, 21, 7, 23, 12, 24, 1, 17], [3, 5, 0], [24, 16, 25, 13, 21, 29, 0, 5, 10], [5, 7, 2], [15, 1, 17, 7, 10, 20], [2, 6, 11], [9, 3, 10, 5, 12, 14, 0], [0, 9, 11], [0, 10, 12], [13, 4, 17, 2, 6, 19, 10, 0, 11], [16, 15, 7]]
[[7, 9, 3, 14, 17, 23, 26, 0, 11, 15], [13, 4, 2, 7, 10, 0, 8], [14, 25, 18, 0, 8, 12, 20, 23, 27, 5, 9, 28, 30, 19, 4], [3, 13, 8, 5, 17, 4], [13, 23, 6, 18, 0, 1, 4, 8, 25], [16, 12, 18, 10, 23, 5], [4, 15, 12, 2, 9, 13, 16]]
[[17, 1, 7, 4], [5, 11, 19, 1], [3, 28, 10, 22, 9, 0, 6, 26, 25], [13, 24, 9, 16, 28, 11, 5, 26, 21], [5, 1, 8, 12, 3, 9, 14, 16, 2], [3, 7, 17, 21, 25, 28, 4, 11, 18, 22, 27, 10], [1, 16, 10, 12, 8, 15, 7, 18, 6], [4, 19, 8, 15, 23, 12, 7, 11, 0, 16, 20, 2]]
[[2, 18, 8, 12, 20, 3, 9, 13, 21], [14, 5, 12, 17, 2, 6, 18, 8, 4, 9], [14, 8, 3, 12, 1, 4], [18, 15, 0], [14, 2, 15, 32, 8, 18, 3, 9, 16], [0, 8, 2], [8, 16, 5, 9, 17, 11, 4]]
[[6, 14, 9, 4, 16, 3, 10], [8, 6, 2], [21, 38, 18, 35, 16, 28], [36, 21, 4, 28, 12, 19, 0, 7, 9]]
[[0, 14, 16, 5], [4, 12, 2, 5, 13, 17, 16, 9, 10, 18], [17, 10, 22, 25, 5, 18, 1, 21, 14], [20, 6, 13]]
[[7, 3, 9, 2], [8, 21, 26, 2, 17, 12, 23, 5, 13], [25, 1, 6, 11, 18, 30, 2, 9, 16], [11, 1, 15, 3, 9, 17], [10, 19, 7, 12, 14, 23, 4, 8, 15], [8, 0, 3, 2], [9, 17, 5, 12], [11, 2, 4, 8, 15, 0, 5]]
[[9, 3, 8, 6, 12, 19, 21], [10, 2, 16, 0, 3, 13, 12, 15], [0, 5, 12, 14, 6, 10, 9], [5, 10, 19, 0, 13, 15, 1, 26, 18], [16, 0, 4, 6], [3, 12, 15, 25, 0, 4, 27, 20, 8, 13]]
[[34, 7, 26, 10, 14, 18, 23, 25, 30, 0], [], [18, 10, 28, 0], [6, 17, 23, 15]]
[[14, 13, 9, 0, 3, 18, 20], [8, 6, 17, 9, 16, 5], [19, 21, 12, 18, 2, 22, 7], [4, 11, 1, 10], [6, 9, 12, 19, 7, 10, 13], [16, 2, 5, 8, 11, 18], [9, 13, 6, 4], [22, 2, 11, 5, 8, 25, 3]]
[[29, 7, 26, 32, 2, 8, 14, 18, 1, 17, 13, 23, 25], [6, 3, 11, 4, 12, 2], [5, 12, 16, 0, 13, 17, 4, 11, 15, 18, 14], [13, 0, 7, 15, 22, 1, 8, 16, 23, 6, 21, 20, 14, 19, 24], [4, 1, 0, 5], [3, 6, 8, 11, 0, 9, 5, 4, 12], [], [3, 9, 1, 0, 8, 4, 6, 15], [], [4, 2, 6, 5, 3, 0]]
[[5, 8, 2, 6, 13, 1], [4, 8, 5], [14, 0, 3, 13, 11, 10, 12], [1, 4, 8, 3], [0, 10, 21, 36, 44, 12, 5, 7, 25], [11, 1, 3, 7], [4, 10, 2]]
[[7, 11, 29, 21, 33, 0, 19, 15, 23, 35, 8, 36], [14, 11, 17, 22, 9, 12, 8], [4, 7, 9, 12, 15, 22, 0, 10, 13, 20], [16, 9, 13, 23, 2, 4]]
[[18, 31, 6, 14, 20, 24, 28], [2, 22, 30, 17, 13, 23, 4], [25, 13, 3, 15, 16, 18], [8, 17, 1], [13, 21, 0, 4], [10, 15, 18, 24, 1, 19, 12]]
[[5, 7, 1, 6, 9, 8, 2], [7, 17, 2, 12, 3, 8, 11, 18, 10, 16], [18, 2, 12, 20, 23, 26, 3, 9, 13, 27], [16, 10, 22, 0, 5, 12, 19], [7, 1, 5, 9, 3, 10, 2], [5, 28, 24, 8, 3, 13, 26, 18, 10], [21, 19, 12, 14, 22, 5, 3, 8, 20]]
[[23, 9, 12, 15, 13, 20, 4, 18, 11], [5, 8, 13, 15, 0, 9, 16, 2, 12, 11], [15], [12, 1, 10], [6, 13, 9, 4, 15, 16, 12, 11, 10], [13, 5, 2, 16, 0, 9, 7, 6, 15], [14, 7, 11, 18, 9, 23, 2]]
[[15, 18, 22, 4], [15, 3, 19, 5, 1, 2, 9], [1, 0, 12], [4, 3, 1], [11, 17, 19, 6, 21, 14, 22], [11, 15, 3, 8], [10, 19, 2, 14, 4, 7, 17, 21, 0, 5, 8, 23, 26, 25, 3], [31, 24, 37, 10, 30, 5, 12, 32, 0], [10, 13, 3, 8, 15, 23, 20]]
[[10, 15, 4, 2, 1, 14, 11, 16, 17], [12, 3, 14, 21, 0, 4], [0, 24, 5, 26, 29, 10, 27, 33, 13], [8, 6, 3, 1], [4, 10, 14, 13, 1, 9], [9, 3, 10, 14], [22, 28, 2, 13, 15, 4, 19, 30, 0, 5], [9, 13, 3], [11, 29, 12, 2, 19, 14, 23, 26, 36, 39]]
[[31, 12, 14, 22, 25, 28, 36, 7, 23, 32, 6, 11, 26, 10, 35, 27, 33, 13, 24, 30, 37, 29, 34], [5, 15, 6, 13, 0, 9], [21, 9, 30, 32, 29, 3, 11, 14, 24, 26, 35, 4, 22, 31, 10, 0], [8, 20, 22, 35, 46, 19, 5, 11, 13, 17, 24, 27, 29, 40, 9, 14, 25, 38, 42, 47, 23, 49, 21, 37, 34], [33, 13, 25, 10, 20, 8, 12, 4, 15, 31, 16, 21, 27, 9, 14], [20, 4, 13, 17, 7, 14, 6, 11, 1], [31, 8, 10, 0, 21, 6, 7, 16, 3, 29]]
[[5, 7, 2, 9], [21, 3, 15, 17, 0, 8, 24], [10, 4, 14, 6, 1, 3], [13, 30, 33, 23, 2, 16, 19, 35, 0, 3, 7, 17, 20, 24, 36], [5, 20, 19, 10, 13, 22, 0], [23, 5, 2, 8, 10, 17, 0, 3, 7, 6], [10, 15, 2, 11, 17, 3], [16, 23, 8, 2, 11, 21, 0, 3, 5, 9, 6, 7], [16, 30, 2, 28, 23, 9]]
[[15, 8, 11, 17, 20, 6], [7, 1, 11, 16, 4, 15], [2, 9, 20, 15, 3, 0, 22], [3, 16, 18], [8, 16, 2, 14, 0, 5, 11], [11, 6, 13], [14, 19, 0, 11, 17, 9, 12]]
[[10, 6, 12], [10, 30, 5, 19, 22, 27, 2], [26, 16, 28, 15, 19, 8, 4], [8, 17, 11, 19, 18, 1, 6, 13, 2], [3, 14, 17, 18, 2, 11], [13, 2, 10, 9, 1, 6], [12, 14, 11, 19, 0, 4, 2, 13, 10, 15], [0, 12, 5, 9, 4, 3], [1], [6, 19, 2, 8, 16, 21], [], [3]]
[[3, 22, 10, 15, 16, 0, 8], [10, 4, 8, 12], [11, 19, 27, 4, 9, 12], [5, 10, 14, 17, 2, 9, 0, 13, 1], [3, 11, 0, 4, 2, 10], [0, 13, 1, 4, 9, 14, 3], [0, 9, 10, 15, 1, 11, 16], [9, 5, 2, 6, 0, 3], [15, 4, 10], [], [0]]
[[11, 24, 7, 15, 18, 21, 0, 3, 13], [12, 4, 11, 2], [9, 18, 10, 16, 19, 8], [5, 2, 16, 9], [9, 7, 4, 1], [17, 14, 3, 11, 15, 21, 2], [8, 2, 4, 10, 5, 11, 16], [18, 24, 21, 28, 16, 3, 1]]
[[2, 10, 14, 11, 15, 13], [6, 14, 1], [21, 14, 17, 24, 3, 9, 15], [9, 35, 32, 30, 31, 15, 25, 37, 0, 5], [3, 16, 19, 30, 4, 9, 17, 20, 26], [19, 25, 3, 5, 2, 29, 8, 12, 22, 0, 6, 13], [22, 24, 9, 17, 2, 10], [0, 8, 27, 13, 19, 22, 4], [6, 16, 0, 20, 23, 1, 9], [24, 21, 18, 4, 20, 15]]
[[9, 11, 3, 14, 0, 4], [6, 9, 15, 18, 24, 0, 7], [11, 3, 18, 22, 0, 8, 23], [14, 1, 16], [0]]
[[2, 1, 0, 8], [12, 2, 13], [31, 7, 28, 4, 16, 24, 14], [2, 11, 4], [16, 17, 18, 4, 13, 2, 24, 29, 31, 22], [7, 13, 9], [37, 26, 21, 5, 14, 16, 23, 28, 34, 3], [14, 20, 13, 22, 3, 18], [5, 10, 3, 6, 2, 13, 14], [15, 5, 9, 7, 10, 1], [12, 1, 9, 6, 10, 3, 2, 5, 0, 13]]
[[2, 9, 5, 11, 7], [11, 5, 7, 2], [26, 19, 3, 7, 24, 4, 11], [10, 3, 4, 1], [8, 24, 1, 17, 3, 22], [23, 5, 13, 8, 11, 17, 6, 18, 14, 15], [18, 27, 5, 2, 9, 15, 12, 21, 1, 28, 30, 0, 6], [6, 5, 8, 11, 13, 15, 2, 9, 1, 7], [20, 1, 0, 3, 8, 11, 9, 14, 2], [3, 9, 1, 5, 12, 17, 20], [17, 27, 33, 4, 30, 5, 32, 0, 15, 21, 22, 35, 7]]
[[22, 11, 2, 5, 16, 0, 14, 20, 13, 9, 19, 12, 21, 10], [5, 10, 13, 16, 3, 18, 1, 2, 0], [1, 10, 8, 3, 5, 11], [2, 16, 20, 10, 13, 18, 23, 0, 14], [2, 17, 22, 10, 18, 12, 14, 15, 20], [5, 13, 11, 8, 0, 2], [9, 5, 7], [0, 15, 27, 7, 18, 22, 19, 1, 12, 11, 26, 2], [0, 5, 12, 1, 11, 2]]
[[8, 11, 6, 15, 20, 22, 24, 25, 3, 16, 12, 14, 18, 13, 23], [0], [7, 9, 5, 10, 2, 4], [10, 8, 22, 20, 3, 0, 16, 4, 9, 2], [3, 15, 7, 11, 18, 0, 8, 21, 4, 17], [3, 5, 9, 11, 0, 12, 8], [16, 0, 6, 7, 10, 1, 18, 20, 5, 22], [14, 24, 1, 15, 8, 11, 9, 7, 26], [3, 5, 0, 4], [5, 14, 0, 3, 12, 2, 11], [13, 1, 5], [12, 15, 5, 17, 7, 19, 20]]
[[12, 19, 21, 6, 16, 8], [7, 10, 15, 21, 26, 23, 24, 0, 27], [8, 13, 19, 26, 10, 16]]
[[3, 4, 0], [12, 7, 2, 9], [0, 2, 5]]
[[13, 18, 4, 9, 0, 5, 10, 12, 15], [5, 18, 3, 16, 19, 21, 2, 11, 0], [13, 17, 0, 9, 25, 1, 4, 10, 26], [14, 6, 11, 0, 4, 16], [16, 2, 12, 23, 0, 3, 7, 13, 17], [13, 20, 23, 18, 4, 9], [3, 6, 15, 18, 12, 8, 20]]
[[11, 14, 8, 16, 20, 6, 5, 12, 15], [9, 18, 1, 3, 12, 14, 11, 10, 2, 8, 0, 13], [5, 9, 7, 15, 18, 0], [7, 11, 10], [], [2], [8, 23, 1, 10, 20, 5, 15], [7], [18, 19, 29, 1, 3, 14, 23]]
[[15, 0, 21, 5, 8, 10, 2, 16, 22, 4], [18, 13, 14, 3], [10, 1, 4], [11, 3, 15, 4, 0, 6, 2], [1, 13, 3, 2, 0, 14, 4, 16, 15], [13], [10, 1, 5, 14, 13, 3], [15, 19, 3, 7, 2, 0, 8, 20, 4, 16], [9, 3, 1, 11]]
[[17, 7, 13, 20, 25, 0, 11, 22, 18, 10], [12, 2, 0, 5, 3, 4, 13], [3, 8, 11, 12, 15, 5, 4, 6, 9, 13], [35, 2, 16, 48, 29, 10, 25, 31, 11, 17, 23, 32, 42, 46, 7, 52, 15, 20, 30, 44, 0, 41, 45, 49, 40, 14, 36], [10, 2, 12, 6, 0, 7, 13, 3, 11], [5, 18, 21, 14, 26, 19, 24, 27, 23, 7], [25, 10, 14, 27, 5, 11]]
[[10, 12, 19, 0, 2, 3, 18], [12, 19, 10, 3, 5, 15, 23], [3, 21, 28, 33], [2, 21, 29, 18], [21, 3, 25, 12, 29, 32]]
[[9, 20, 14, 22, 6, 17], [0], [2, 9, 1, 6], [6, 8, 13, 10], [11, 17, 19, 1, 4, 8], [10, 7, 2, 12], [11, 6, 16, 0, 7, 10], [10, 12, 15, 22, 16, 23, 13, 3, 19], [2, 6, 10, 12, 13, 1, 7], [12, 15, 9, 5], [10, 5, 12, 3, 16, 6, 11], [5, 0, 13, 1], [14, 20, 10, 7, 11, 16]]
[[12, 9, 3], [11, 2, 7, 4], [17, 28, 32, 3, 5, 12, 25], [0, 18, 2], [17, 22, 12, 25, 2, 10], [13, 6, 21, 2, 9, 15, 19]]
[[4, 9, 6, 12, 16, 20, 30, 7, 10, 13, 17, 5], [8, 0, 17, 3, 15, 7, 14], [1, 16, 9, 4, 14, 25, 29, 38, 5, 23, 30, 36], [9, 6, 15, 2, 16, 18, 11], [21, 16, 6, 4, 15, 9], [23, 5, 2, 17, 25, 7]]
[[8, 4, 10, 14, 0, 12, 11], [3, 5, 1, 8], [4, 12, 3, 1, 9, 11], [13, 6, 10, 2, 1, 3, 7, 14, 15], [1, 3, 6, 9, 7, 11, 2], [11, 3, 14, 9, 2, 8], [13, 5, 9, 0, 3, 7, 14], [8, 6, 2, 5, 4, 0], [21, 24, 15, 18, 26, 30, 3, 16, 28], [17, 2, 14, 5], []]
[[3, 6, 13, 9, 10, 14], [0, 7, 4], [7, 0, 3, 8, 6, 4], [], [0], [6, 9, 2, 7], [], [0], [15, 4, 7], [11, 16, 7, 18, 5, 9]]
[[0, 8, 13, 16, 10, 1, 9], [3, 9, 14, 6, 12, 2, 5], [2, 13, 0, 7, 11, 18], [7, 4, 2], [3, 13, 15, 9, 21, 28, 0], [32, 36, 4, 24, 28, 39, 43, 2, 6, 18, 20, 25, 29], [5, 18, 1, 7, 12, 21], [9, 14, 17, 11, 1, 3], [3]]
[[16, 8, 19, 5, 4, 18, 9], [16, 1, 17, 3, 8, 10, 5, 24, 2], [7, 15, 0, 17, 1, 4, 9, 13, 18], [2, 14, 7, 11, 17, 4, 8], [3, 12, 6, 20, 0, 4, 7], [28, 16, 25, 30, 0, 23, 26, 8, 6, 10], [5, 12, 23, 27, 1, 14, 15]]
[[14, 9, 2, 7, 1, 6, 5, 3], [11, 9, 14, 1], [17, 20, 10, 16, 0, 2, 14], [6, 5, 8], [24, 3, 22, 18, 0, 10], [9, 15, 0, 6, 21, 11, 18, 1, 12], [17, 5, 25, 1, 9, 10, 13], [14, 25, 19, 8, 18, 21, 29], [7, 1, 3], [3]]
[[7, 13, 18, 5], [11, 7, 4, 2, 1, 8, 6], [10], [4], [10, 4, 11], [10, 2, 4, 6], [7, 1, 9], [6, 14, 17], [11, 2, 7, 13, 9, 1], [0, 1, 17, 2], [5, 15, 11, 17], [11, 9, 17]]
[[11, 6, 8, 13, 17, 2, 14], [6, 3, 2, 11], [6, 4, 9, 8], [8, 2, 3, 9, 6, 11], [17, 19, 9, 15, 2, 12, 0, 5, 14], [11, 14, 0, 2, 9, 15, 20, 6, 8], [8, 13, 20, 3, 19, 10, 0], [0, 8, 5], [11, 2, 17, 15, 4, 8, 19, 21, 0]]
[[14, 7, 4, 6], [10, 7, 17, 22, 2, 8, 12], [8, 31, 2, 10, 12, 20, 25, 35, 0, 4, 13, 21, 26], [3, 6, 9, 0, 7, 5], [16, 8, 26, 3, 20, 0, 5], [17, 7, 11, 21, 9, 2, 18], [26, 5, 17, 23, 28, 3, 7, 2, 6], [16, 0, 8, 4, 13, 18, 22, 24, 25, 21], [17, 21, 8, 14, 2, 5, 4]]
[[11, 19, 3, 2, 5, 8, 14, 17, 15], [0, 17, 2], [6, 17, 19, 11, 18, 4, 21], [8, 10, 5, 0, 13, 12], [31, 25, 38, 5, 6, 19], [21, 24, 4, 11, 10, 0, 19], [8, 2, 1, 4]]
[[22, 12, 14, 17, 6, 9, 0, 7, 15, 18], [13, 2, 4, 8, 14, 19, 0, 20, 3, 7], [26, 5, 21, 24, 6, 22, 4], [38, 2, 15, 29, 18, 13, 5, 6, 26, 36, 0, 7, 24, 39, 17, 4, 30, 3, 32, 23, 14, 28], [22, 26, 30, 9, 15, 28, 0, 14, 3, 13, 19, 21, 27, 1], [17, 40, 70, 2, 24, 59, 32, 65, 22, 5, 9, 28, 38, 56, 62, 50, 54, 63, 66, 48, 26, 46, 53, 3, 60, 52, 42], [18, 26, 19, 3, 8, 11, 14, 28, 12]]
[[19, 1, 15, 3, 8, 11, 27], [21, 12, 16, 3, 15, 33, 35, 4, 10, 13, 22, 29, 36, 19, 18, 1], [21, 31, 13, 9, 3, 6, 28], [1, 9, 12, 15], [20, 15, 5, 28, 3, 10, 23, 29, 2, 22, 34, 17, 26], [19, 30, 1, 5, 12, 28, 3, 8, 2], [6, 21, 14, 24, 11, 28, 12]]
[[4, 14, 16, 2, 17, 1], [19, 29, 9, 6, 16, 24, 2, 17, 15], [6], [11, 15, 24, 3, 6, 13, 19, 4, 0, 2, 16], [8, 14, 1, 16, 17, 11], [7, 18, 3, 14, 15, 0], [1, 6, 9, 16, 12, 3], [2, 16, 10, 6, 14, 7], [6, 12, 15, 25, 16, 23, 26], [6, 8, 2, 1], [8, 10, 0, 6, 9, 11]]
[[13, 16, 11, 2, 8, 17, 15, 6, 12, 9], [11, 14, 13, 5], [2, 0, 8, 12, 3, 5], [6, 22, 0, 8, 16, 25, 11, 24, 7, 15, 21, 23, 17, 26], [2, 9, 13, 23, 3, 18, 20, 0, 17, 22, 6, 8], [14, 9, 5, 16, 3, 10, 0], [20, 8, 27, 4, 23, 0, 16, 9, 17], [14, 19, 8, 6, 24, 11, 16, 22, 5, 13, 0, 18, 12], [0, 9, 11, 5, 14, 1, 12]]
[[14, 16, 6, 10, 18, 11], [8, 6, 12], [0, 21, 6, 8, 12, 16, 1, 7, 5, 2], [25, 0, 12, 13], [9, 17, 5], [5, 6, 11]]
[[14, 8, 10, 19, 4, 16, 3, 9, 15, 7, 6, 18, 5], [12, 20, 3, 8, 18, 4, 9, 16, 23, 1], [7, 18, 1, 12, 15, 3, 13], [0, 14, 1, 6, 10, 3, 7, 5, 2, 15], [18, 23, 3, 6, 8, 21, 29, 32, 0, 4, 9, 19, 30, 11, 2, 28, 16, 17, 7, 24, 25], [8, 7, 14, 22, 10, 20, 3, 9, 19, 13, 0, 6, 2], [14, 22, 10, 0, 6, 18, 7, 13, 11, 15, 25, 3, 23, 24], [20, 28, 22, 5, 16, 25, 9, 17, 2, 8], [12, 2, 7]]
[[12, 3, 8, 15, 13, 6, 0], [7, 13, 20, 23], [5, 12, 8, 17, 6, 18], [12, 4, 14, 19, 1, 8], [12, 6, 0, 10], [18], [9, 20, 6, 22, 0, 7, 14, 23, 2]]
[[24, 11, 13, 4, 1, 18, 26, 7, 19], [3, 9, 2], [34, 3, 5, 8, 19, 23, 28, 0, 6, 9, 12, 24, 11, 4, 17, 16, 20, 21], [18, 4, 6, 11, 24, 15, 26, 1, 13, 16], [0, 9, 10, 5, 1, 8], [7, 15, 2, 4, 8, 12, 21, 0, 5], [16, 11, 18, 13, 20, 17, 0, 25, 32, 3, 7, 14, 26], [5]]
[[8, 14, 22, 16, 2, 0], [19, 21, 2, 14, 7, 10, 5], [16, 27, 18, 3, 31, 0, 7, 24, 35, 4], [2, 8, 15, 9], [5, 7, 20, 25, 13, 15, 10, 22, 18]]
[[5, 10, 3, 2, 8, 9], [15, 1, 6, 8, 4, 2, 3, 0], [16, 19, 4, 13, 24, 0, 22], [3, 24, 11, 27, 0, 19], [5, 14, 0, 3, 12, 2, 9, 11, 8], [7, 2, 3], [10, 2, 5, 16, 0, 6, 14], [17, 27, 2, 13, 20, 8, 23, 25, 28, 22]]
[[7, 21, 5, 20, 9, 17, 23, 10, 14, 8], [20, 8, 29, 10, 13, 17, 22, 25, 3, 11], [16, 22, 0, 8], [2, 17, 24, 13, 23, 7, 10], [12, 11, 2, 4, 7, 10], [2, 4, 10], [12, 1, 11, 14], [6, 17, 0, 16, 19, 24], [23, 9, 5, 11, 16, 19], [3, 13, 16, 5, 4, 15], [16, 23, 25, 3, 17, 1, 9, 32, 4, 12, 18, 33, 29]]
[[20, 22, 10, 11, 21, 17, 3], [0, 9, 13], [13, 0, 6, 8, 3, 9], [3, 18, 0, 12, 21, 25], [11, 12, 14, 8, 0, 4], [1, 7, 15, 5], [21], [0, 14, 5, 19, 3, 17], [8, 1, 20, 16, 13, 4], [], [3]]
[[8, 19, 11, 14, 28, 4, 15, 21, 25, 10, 3, 20], [14, 3, 20, 0, 8, 22, 27, 2, 19, 26, 25, 21], [7, 2, 21, 0, 9, 14, 18, 6, 11, 17], [1], [], [5, 13, 19, 7, 10, 8, 21], [11, 26, 30, 3, 31, 2, 5, 8, 0, 6, 17, 23], [17, 21, 35, 42, 10, 46, 28, 32, 39, 49, 6, 40, 50]]
[[4, 16, 13, 15], [8, 17, 5, 15, 19, 4], [22, 6, 3, 15, 11, 17, 20, 24, 9, 18, 4, 8, 16, 0, 2, 14], [0, 8, 11, 1, 13, 6, 18, 19, 5], [29, 35, 22, 15, 8, 11, 19, 25, 32, 9, 12, 17, 30]]
[[8, 9, 19, 2, 11, 13], [2, 18, 15, 5, 13, 20, 27, 30, 33, 0, 6, 21, 28, 31, 34], [4, 0, 1], [10, 14, 18, 7, 17, 25], [2, 4, 6, 0], [7, 2, 9, 12], [24, 15, 10, 7, 21, 5, 8, 13, 25, 12, 11, 4, 0], [3, 1, 11, 5, 8, 26, 6, 14, 21]]
[[5], [7, 2, 9, 3], [12, 19, 15, 17, 2, 0, 13, 5, 6, 7], [9, 8, 38, 13, 5, 20, 26, 34, 3, 28, 16, 32], [4, 9, 7], [17, 15, 7], [7], [16, 24, 1, 20]]
[[3], [2], [8, 12, 11, 2], [2], [16, 38, 8, 22, 31, 62, 70, 76, 4, 29, 41, 73, 19, 13, 15, 35, 37, 3, 40, 69, 74, 30, 1, 32, 63, 72, 0, 2, 20, 14, 34, 36, 75], [2, 16, 12, 15, 0, 5, 6]]
[[8, 0, 5, 4, 13, 11], [5, 9, 3], [16, 0, 11, 5, 13, 20, 22, 26, 3], [10, 5, 7, 11, 15, 14], [8, 0, 15, 5, 10, 3], [7, 13, 4, 8], [7, 14, 5, 9], [8], [], [6, 13, 3, 7, 11, 14], [2, 10, 4, 13], [0], [11, 1, 9, 14], [4, 7, 2], [3, 6, 15, 1, 7, 13], [8, 12, 23, 3, 6, 16]]
[[13, 15, 9, 5, 0, 21, 11, 4, 26], [5, 13, 2, 15, 9, 17, 22], [1, 4, 6, 10], [2], [11, 1, 4, 5]]
[[2, 4, 6, 7, 9, 5], [11, 3, 13, 16, 19, 4], [12, 0, 8], [21, 2, 8, 14, 0, 7, 6, 9, 4], [17, 29, 8, 12, 23, 5, 14, 20, 26], [12, 2, 17, 5, 10, 3, 1, 20, 18], [24, 6, 3, 17, 13, 9, 0, 18, 22], [7, 14, 0, 9], [2, 11, 14, 5], [8, 4, 12, 2, 10, 9]]
[[2], [8, 2, 5, 11, 0, 12], [13, 6, 15, 3], [7, 2, 9], [24, 7, 21, 8, 16, 18, 9, 14, 19], [6, 12, 8, 0], [0]]
[[10, 15, 3], [27, 19, 15, 22, 6, 12, 3], [12, 7, 1], [11, 1, 4, 8], [17, 22, 2, 11, 12, 7, 3], [20, 31, 9, 1, 11, 22, 4, 5, 13, 17]]
[[11, 23, 0, 14, 17, 21, 4, 7, 3, 9], [0, 11, 18, 24, 19, 28, 9], [17, 10, 18, 3, 5, 8, 20, 1, 11, 12, 13, 19, 21], [2, 24, 20, 26, 9, 13, 30], [19, 7, 3, 11, 5, 9, 12, 16, 1, 8], [16, 14, 9, 11, 4, 5], [18, 19, 4, 6, 13, 21, 24, 26, 2, 10, 14, 22, 20, 9, 0, 8], [16, 6, 11, 20, 12, 14, 21, 18, 9, 3]]
[[13, 24, 33, 0, 8, 14, 25, 30, 12, 23, 7, 29, 28, 32, 9], [8, 12, 0, 2, 14, 4], [10, 12, 0, 6], [4, 9, 2], [23, 3, 15, 0, 10, 4], [5, 8, 11, 13, 3, 14, 2], [5, 13, 26, 2, 11, 14, 19, 24, 10], [10, 3, 7, 0, 4, 8, 16, 21, 15, 2], [], [2]]
[[4, 0, 6, 7], [26, 7, 10, 28, 9, 13, 19, 22, 30], [20, 19, 4, 13, 16, 22], [17, 2, 0, 6, 14, 19, 30, 32, 34, 39], [5, 0, 8, 11, 1, 9], [20, 8, 18, 1, 10, 27], [16, 21, 24, 31, 27, 8], [0, 12, 6, 15, 20, 7]]
[[6, 14, 1, 8], [14, 2, 5, 7, 16, 3], [9, 2, 25, 11, 19, 5], [16, 7, 2, 14, 19, 21, 22], [22, 3, 9, 18, 19, 4, 7, 16, 23, 2], [0, 9, 4, 14, 18, 22, 1, 5, 12], [17, 5, 11, 14, 27, 2, 8], [15]]
[[12, 14, 19, 20, 23, 7, 21, 16, 5, 6], [10, 5, 3, 12], [8, 22, 2, 4, 16, 20, 1, 6, 15], [4, 10, 20, 27, 6, 15, 0, 14, 24, 9], [15, 5, 2, 18, 0, 11, 6, 13, 14], [4, 34, 1, 18, 24, 28, 15, 22, 2, 21, 10, 11], [12, 24, 10, 3, 7, 6, 23, 20, 0, 5, 15, 22], [16, 23, 3, 0, 6, 8, 10, 20, 13, 4, 1, 14], [24, 30, 35, 7, 14, 12, 26, 2, 9, 17, 20, 8], [16, 26, 34, 8, 13, 11, 3, 32, 4]]
[[14, 6, 17, 2], [1, 7, 3, 9], [0, 17, 2, 14, 19, 10, 21, 22, 27, 3], [4, 25, 20, 27, 22, 8, 18, 6, 9], [12, 7, 1, 10], [23, 15, 17, 11, 21, 26, 19, 24, 27, 18]]
[[13, 12, 5, 15, 3, 6, 10], [19, 58, 8, 17, 33, 48, 2], [6, 22, 2, 19, 4, 15], [25, 27, 17, 2], [8]]
[[17, 5, 10, 19, 3, 20, 2], [2, 9, 3, 12, 0, 6], [22, 14, 8, 11, 20, 5, 4, 15, 0], [30, 2, 10, 24, 6, 7, 14], [15, 7, 9, 22, 23, 20], [7, 1, 3, 10], [28, 30, 18, 8, 12, 26, 34, 9, 23, 31, 35, 4], [], [22, 34, 2, 16, 5, 18, 7, 29, 8, 6], [5, 8, 1, 2]]
[[12, 1, 16, 3, 22, 23, 17, 5, 20, 14, 0, 13, 11, 21, 24], [2, 6, 0, 7, 5, 15, 14, 1, 12, 3], [26, 11, 20, 23, 29, 5, 12, 21, 17, 4, 10, 16, 32, 6, 9, 15, 31, 27, 33, 25, 7], [16, 13, 18, 8, 22, 2, 6, 4, 19, 15, 0, 17, 23, 21], [9, 17, 12, 23, 4, 14, 26, 13, 2, 20, 21, 25, 1, 22, 27, 15], [22, 1, 9, 13, 16, 2, 5, 4, 10]]
[[17, 5, 22, 27, 14, 4, 21, 13, 18, 3, 19, 26, 16], [7, 13, 0, 16, 1, 17], [7, 14, 18, 12, 9, 1, 11, 5, 15], [9, 12, 7, 2, 15, 19, 31, 0, 13], [9, 8, 15, 17, 0, 24, 4], [8, 29, 1, 17, 19, 22, 24, 18, 2, 6], [4, 20, 0, 13, 17, 14, 3], [4, 7, 9, 2, 0, 11], [9, 8, 0, 6, 16, 17, 10]]
[[3, 10, 12, 0], [10, 15, 5, 18, 19, 16, 21, 3, 8], [14, 15, 1, 17, 3, 6], [11, 13, 15, 2, 16, 21, 20, 19, 10, 7], [17, 35, 1, 27, 36, 6, 11, 14, 22, 30, 41, 3, 7], [28, 18, 4, 7, 11, 33, 19, 30, 34, 37, 2, 21, 17], [11, 5, 16, 21, 14, 2, 13, 10, 3, 19, 9, 4], [10, 23, 14, 17, 20, 25, 18, 21, 1, 3, 9, 11, 5], [1]]
[[3], [4, 2, 9, 13, 16, 10, 17, 5, 12, 1], [17, 5, 7, 11, 19, 22, 0, 3, 12, 23], [16, 0, 11, 1, 4, 7], [11, 1, 6, 17, 19, 4], [24], [4], [6]]
[[0, 6, 8, 29, 4, 9, 13, 20, 25, 30, 12, 16], [0, 4, 15, 6], [15, 18, 0, 12, 1, 6, 13, 19, 23], [2, 10, 13, 3, 7, 14], [2, 5, 8], [37, 8, 31, 4, 23, 25, 0], [0, 26, 1, 11, 13, 5, 20, 49, 51, 3, 9, 15, 21, 24, 28, 31], [14, 20, 36, 4, 28, 7, 8], [9, 25, 30, 39, 13, 6, 15, 18, 21, 27, 35, 2, 11, 16, 22, 28, 33, 36, 40]]
[[11, 31, 21, 18, 20, 13], [14, 18, 2, 6, 12, 21, 24, 3, 22, 25], [13, 17, 14, 25, 9, 4, 7], [10, 19, 13, 34, 6, 16], [7, 31, 10, 29, 15, 25, 13, 19, 11, 17, 35, 34], [13, 15, 10, 2], [5, 8, 20, 13, 15, 6, 16], [14, 27, 34, 44, 24, 21, 23, 55, 0, 16]]
[[25, 15, 4, 7, 12, 17, 20, 0, 18], [17, 6, 11, 8, 3, 14], [3, 14, 0, 9], [5], [9, 0, 1, 5, 12, 11], [20, 4, 0, 10, 17, 6, 7, 21, 1], [12, 5, 1, 9], [13, 12, 4, 7], [15, 18, 22, 24, 7, 8, 21, 29, 10, 12, 31, 34, 19, 25, 32]]
[[3, 12, 17, 14, 7, 20, 13, 19, 18, 9, 15], [7, 27, 37, 29, 38, 0, 14, 20, 24, 32, 42, 5, 12], [6, 16, 10, 2, 12, 21, 24, 0, 22, 11, 17, 18, 13, 20], [12, 24, 5, 19, 28, 0, 3, 6, 14, 25, 18, 2, 17], [14, 4, 6, 10, 12, 21, 24, 8, 22, 2, 18, 7, 17, 25, 26, 0], [7, 10, 16, 18], [2, 17, 4, 5, 11, 21, 22, 25, 0]]
[[7, 2, 8, 1], [10, 19, 7, 13, 24, 8, 16, 21, 25], [5], [], [2], [2, 5, 7, 10], [5, 7, 0], [5], [0, 2, 9, 3], [10, 15, 4], [4, 5, 11, 1], [0, 7, 4], [0, 1, 7, 2, 5, 12], [5], [6, 9, 2]]
[[1, 4, 7, 5], [10, 13, 7, 11, 14, 17], [11, 16, 19, 1, 8, 3, 6], [1, 9, 11, 4, 12, 7], [11, 18, 25, 24, 4, 20, 2], [1, 10, 18, 7, 19, 6, 13, 17, 14], [4, 6, 8, 11, 9, 12], [1, 5, 8, 11, 14, 12], [11, 14, 7, 3, 8, 16], [13, 0, 7, 22, 15, 10], [23, 15, 26, 7], [19, 4, 0, 9, 21, 6]]
[[7, 11, 17, 14, 20, 27, 29, 4, 15, 25, 3, 5, 8, 19, 21, 28, 6, 12], [17, 11, 25, 0, 22, 1, 14, 26, 7], [12, 6, 0, 4, 7, 10], [4, 15, 6, 11, 2, 10, 19, 21, 23, 0]]
[[8, 2, 5, 14, 11, 1, 9, 10], [2, 19, 10, 15, 0, 7], [13, 6, 15, 3, 10, 16], [10, 4, 0, 12, 6, 3], [0, 6, 8, 14, 18, 2], [3, 7, 16, 5, 8, 13, 4, 12, 0, 2, 11, 14], [7, 17, 11, 15, 1, 9, 18, 0, 3], [24, 7, 4, 6, 11, 16, 29, 0, 17, 20, 3, 8, 2], [0, 10, 1, 13]]
[[20, 10, 15, 25, 28, 17, 22], [15, 16, 12, 18, 1, 5, 8, 13, 3, 7], [15, 5, 2, 7, 10, 0, 3, 8, 6], [10, 4, 14, 6], [2, 17, 7, 4, 11, 0, 5], [9, 4, 7, 0, 2, 10], [2, 5, 14, 25, 19, 26, 24, 12, 3, 17, 18, 23], [6, 15, 0, 3, 7, 13, 16, 18, 2], [12, 3, 16, 9, 0, 7, 13]]
[[15, 8, 10, 14, 3, 2, 9, 7, 11, 12], [12, 3, 13, 8, 19, 0, 9], [10, 14, 5, 4, 7, 19, 6, 0, 8, 16], [18, 21, 33, 5, 10, 24, 25, 6, 26, 31, 34, 14], [14, 23, 9, 12, 20, 3, 10, 2, 7]]
[[11, 21, 13, 0, 4, 18, 17, 3, 7, 8, 6, 22], [39, 5, 19, 8, 21, 27, 30, 32, 2, 9, 20, 1, 7], [5, 0, 12, 3], [6, 8, 12, 0], [11, 18, 2, 7, 13, 20, 0], [8, 2, 9, 13, 12, 1, 0, 10, 14], [19, 11, 1, 5, 9, 0, 21, 8, 17, 14], [4, 9, 1, 10, 6, 0, 5], [17, 13, 19, 11, 0, 7], [11, 9, 20, 13, 24, 6], [16, 19, 11, 24, 14, 21, 5, 0, 12, 9], [13, 7, 1, 15, 12, 0, 11, 6, 5, 14, 24], [1], [9, 1, 6, 2, 3, 0], [3, 10, 1], [12, 19, 2, 7, 13, 16]]
[[10, 7, 13, 15, 12, 1, 6, 4, 11, 8], [2, 12, 18, 8, 14, 19, 5, 1, 13], [12, 16, 23, 5, 0, 20, 32, 1, 14, 21, 28, 24, 26], [0, 2, 12, 15, 19, 20, 17, 10, 9, 18, 3, 13, 4], [33, 11, 23, 7, 14, 19, 29, 5, 15], [23, 27, 36, 7, 14, 19, 5, 12, 30, 4, 35, 0, 3], [1, 5, 2, 6, 14, 4, 12]]
[[10, 18, 4, 16, 0, 13, 22, 19, 5], [10, 12, 18, 15, 20, 2, 8, 4, 7, 19], [23, 5, 7, 3, 33, 0, 9, 12, 19, 41, 13, 20, 24], [17, 0, 4, 13, 23, 1], [13, 20, 7, 10, 14, 16], [6, 13, 11, 26, 0, 8, 23, 27, 1, 24]]
[[1, 12, 22, 31, 4, 14, 23, 16, 19], [1, 12, 9, 14, 13, 3, 2], [12, 22, 33, 36, 6, 14, 28, 8, 25, 3, 1, 32], [6, 9, 11, 18], [5, 8, 3, 2, 9, 10, 7], [7, 9, 1, 4], [8, 17, 2, 19, 11, 13, 22], [4, 13, 11, 0, 14, 5], [9, 12, 19, 28, 14, 20, 4]]
[[28, 11, 20, 23, 32, 5], [8, 13, 32, 5, 10, 19, 22, 26, 36], [0, 6, 11, 23, 28, 2], [26, 2, 17, 20], [12, 1, 5, 7, 15, 18], [4, 8, 11, 15, 17, 0], [], [3]]
[[13, 16, 23, 5, 8, 10, 28, 3, 20, 29, 2, 27, 24, 18, 26, 17, 22, 25], [2, 13, 9, 1, 5, 6, 7], [9, 16, 11, 21, 2, 20, 17, 3, 4], [10, 3, 19, 14, 0, 2, 6], [6, 19, 13, 26, 23, 3, 14, 2, 24, 12, 22, 28, 4], [29, 13, 4, 15, 9, 17, 20, 10, 21, 16, 6, 26], [24, 4, 12, 16, 2, 13, 17, 5, 20, 0, 7, 18]]
[[4, 8, 11, 18, 24, 16, 1], [19, 11, 13, 20, 16, 22, 4], [7, 27, 0, 4, 16, 21, 5, 17, 22], [7, 1, 5]]
[[4, 6, 12], [12, 2, 14, 5], [0], [14, 10, 4], [20, 13, 23, 9, 21, 7], [19, 11, 4, 15], [10, 19, 5, 13, 2, 17], [13, 6, 15, 0], [17, 27, 16, 13, 22, 24], [0, 14, 7, 16], [], [16, 1, 18], [20, 3, 16, 24, 27, 29, 13, 4, 0]]
[[3, 8, 5, 6, 1, 4], [16, 4, 1, 9, 10, 18, 2], [11, 3, 6, 0, 7, 1], [2, 6, 0, 7, 11, 10, 9], [0, 19, 10], [21, 26, 3, 1, 9, 18, 23, 4, 2], [0, 10, 18, 20]]
[[11, 6, 0, 4, 14, 13, 3, 12, 10], [17, 15, 0, 3, 8, 13], [2, 6, 0, 3], [11, 14, 17, 5, 19, 2], [10, 6, 0, 3, 7, 11, 2], [14, 21, 0, 4, 7, 16, 18, 1, 5], [2, 15, 7, 17, 20, 0, 4, 8, 11], [3, 6, 0], [5, 21, 16, 2], [10, 18, 6, 12, 16, 19], [13, 2, 10, 21, 4, 16]]
[[0], [17, 4, 14, 23, 0, 8, 12, 3, 11, 20, 19, 21], [0, 5, 7, 23, 3, 17, 20, 16, 22], [19, 2, 5, 12, 15, 25, 4, 9, 21], [4, 17, 7, 12, 24, 5, 19, 0, 2], [6], [6, 8, 2, 14, 19, 0, 3], [15, 20, 5, 9, 24, 7], [1, 14, 4, 7, 10, 18, 8]]
[[25, 11, 5, 21, 2, 14], [19, 0, 4, 6, 9, 2, 7], [17, 2, 11, 23, 0, 3, 9, 12, 21], [23, 15, 2, 10, 19, 0, 8]]
[[10, 24, 9, 21, 3, 6, 14, 29, 39, 43, 0, 4, 12, 15, 19, 25], [18, 2, 5, 9, 13, 3], [7, 16, 23, 0, 13, 21, 24, 15, 12, 3, 20, 29, 11, 17, 30, 25], [16, 0, 17, 3, 37, 7, 12, 20, 26, 42, 45, 1, 5, 8, 18, 21, 27, 35, 43, 4, 23], [16, 6, 0, 12, 21, 27, 37, 40, 1, 4, 22, 19, 7], [1, 4, 8, 12, 2, 6, 9], [33, 12, 2, 0, 1, 6, 9, 16, 18, 30, 35, 3, 7, 22, 31], [11, 27, 17, 2, 19, 8, 12, 0, 4, 9], [6, 21, 11, 16, 25, 28, 31, 33, 3, 7, 12, 14, 17, 10, 1]]
[[10, 44, 0, 5, 27, 36, 42, 48, 6], [9, 1, 11, 18], [15, 1, 4, 7], [0], [7], [9, 1, 12, 3], [13, 15, 5, 17, 11, 20, 22], [4, 12, 8, 5], [8, 1, 3, 2], [2], [9, 13, 1], [], [3]]
[[18, 31, 11, 6, 14, 20, 23, 27, 34, 42, 1, 12, 28], [11, 18, 17, 4, 13, 0, 15], [6, 9, 2, 7, 10, 1], [8, 17, 29, 11, 34, 3, 13, 36, 0, 14, 26, 31], [18, 9, 14, 15, 22, 5, 12], [23, 28, 30, 31, 3, 21, 26, 7, 12, 18], [15, 2, 24, 6, 11, 19, 0, 22, 10, 9], [7], [0, 16, 10, 8]]
[[1, 4, 7, 10], [12, 5, 7], [18, 1, 2], [9, 11, 5], [13], [0], [8, 20, 32]]
[[4, 12, 18, 22, 16, 19, 9, 0, 5, 13, 14, 10, 20], [13, 5, 10, 3, 2, 9, 11, 17, 8], [1, 8, 24, 6, 12, 9, 2], [10, 21, 2, 7, 14, 17, 23, 0, 3, 18, 24, 8], [2, 5, 12, 17]]
[[3, 6, 14, 4, 7, 11], [14, 1, 4, 6, 9, 17, 23, 15, 24, 2, 26, 0], [5, 2, 10, 13, 16, 19, 21, 0, 3], [22, 14, 16, 4, 13, 7, 10], [28, 0, 4, 7, 10, 21, 25, 5, 8, 16]]
[[22, 3, 16, 19, 24, 4, 9], [13, 7, 14, 0], [2, 6, 13, 19, 15, 23, 28], [10, 23, 25, 29, 27, 0, 8, 16, 18, 5, 19, 31]]
[[12, 15, 0, 7, 13, 6, 11, 10, 9, 14, 8], [10, 2, 7, 16, 0, 3, 8, 17, 15, 11, 12], [16, 8, 7, 0, 10, 20, 1, 14, 9, 25, 13, 17], [18, 5, 8, 13], [9, 19, 28, 36, 14, 6, 23], [17], [10, 22, 2, 7, 14, 28, 0, 8, 26]]
[[16, 27, 4, 19, 9, 21, 12, 35, 8, 37, 28, 20, 34, 36, 17, 32, 5, 10, 24, 29, 18], [12, 4, 19, 7, 18, 14, 3, 16, 11, 15, 8, 20], [22, 17, 32, 21, 28, 6, 8, 15, 26, 29, 1, 3], [7, 1, 8, 4, 11, 14], [32, 36, 0, 10, 18, 24, 29, 38, 47, 20, 43, 48, 12, 7, 23, 46, 42, 11, 19, 22, 45], [32, 1, 23, 5, 25, 29, 35, 20, 30, 33, 36, 11, 7, 10, 26]]
[[12, 28, 7, 15, 9, 17, 13, 21, 1, 0], [19, 30, 34, 15, 12, 21], [8], [7, 0, 8, 12, 21, 15, 26], [11, 1, 7]]
[[14, 4, 10, 16, 2, 11, 17, 15, 1], [0, 8, 10, 5], [0, 11, 7, 9], [17, 43, 20, 1, 12, 29, 22, 30, 21, 3, 25, 7, 28, 0, 24, 2, 11], [15, 7, 8, 17, 19, 3, 16, 4, 5], [12, 18, 6, 15, 20, 22, 19, 3, 14], [21, 5, 11, 7, 12, 1, 6, 2, 9, 17], [10, 19, 22, 8, 26, 29, 3, 24, 23, 16], [6, 29, 8, 15, 17, 10, 18, 0, 4, 9, 12, 7, 16], [10, 1, 14, 12, 6, 11], [10, 16, 4, 13, 5, 14, 18, 20, 17, 0, 11], [4, 17, 13, 20, 9, 7], [11, 21, 17, 8, 9, 19, 22]]
[[15, 5, 4, 2, 16, 12, 11], [16, 6, 8, 10, 4, 15, 2], [8, 6, 0], [11, 20, 5, 8, 0, 6, 9], [0, 4, 7, 16, 3, 21, 12, 17, 6], [13, 15, 17, 0, 3, 7], [19, 14, 7, 27, 2, 5, 22, 15, 10, 0, 11, 25, 28], [0]]
[[19, 2, 7, 8, 11, 9, 15, 4, 14, 0], [6, 22, 16, 23, 0, 11, 25], [8, 16, 3, 6, 11, 4, 9], [11, 18, 20, 2, 15, 23, 26, 3, 8]]
[[14, 24, 4, 19, 1, 16, 8, 22, 28, 2, 11, 21, 0, 10, 20, 25], [12, 1, 5, 16], [2, 15, 17, 8], [3, 14, 24, 16, 18, 28, 0, 6, 22, 4], [11, 5, 7, 16], [4, 15, 2, 5, 0, 9, 11, 24, 16, 25], [31, 13, 26, 29, 18, 30, 3, 15, 37, 40, 41, 36]]
[[10, 3, 18, 15, 21, 24, 26, 13, 27, 4, 19, 7, 6], [10, 16, 12, 7], [31, 15, 27, 10, 18, 1, 17, 21, 29, 2, 11, 20], [10, 23, 1, 12, 21, 18], [6, 9, 11, 0, 5, 10, 4], [12, 25, 26, 1, 14, 8, 17, 28, 34, 36, 6, 16, 5], [16, 7, 18, 4], [10, 22, 12, 18, 24, 25, 23]]
[[0, 9, 2, 4, 10, 1, 13], [9, 7, 18, 2], [7, 1, 4, 11], [14, 6, 0], [4, 0, 11], [6], [4, 3, 6, 10, 17, 0, 7], [15, 12, 0, 1, 18, 6, 17, 13, 10], [1, 8, 11, 9, 12, 16, 19], [4, 1, 6, 17, 7, 13, 21, 2, 16]]
[[1, 21, 29, 13, 14, 4, 10, 19, 24, 32], [3, 5, 1], [5, 10, 3, 8, 2, 15], [2, 12, 7, 14], [5, 7, 15, 0, 17, 1], [13, 10, 17, 11, 9, 1, 4, 19, 3], [2, 1, 3], [1, 5, 0, 16, 8, 11], [9, 7, 11, 15, 4, 5], [13, 20, 24, 1, 2, 17], [7, 0, 5, 9, 3, 18, 20, 2, 23]]
[[15, 21, 17, 23, 24, 6, 5, 10, 11], [8, 23, 2, 11, 5, 1, 20, 17, 22], [16, 6, 11, 14, 2, 9, 1, 0, 3, 12], [13, 0, 1], [10, 19, 0, 16, 3, 15, 14, 18, 1, 17], [7], [15]]
[[2, 1, 9], [12, 2, 5], [21, 15, 0, 5, 19, 26], [17, 2, 3, 21, 27, 22], [14, 22, 11, 18, 15, 16, 9], [0, 13, 19, 1, 8, 17, 24, 9, 6, 22]]
[[7, 18, 1, 5, 8, 11, 16, 10, 15, 0], [4, 0, 12, 20, 1, 7, 10], [28, 2, 12, 19, 21, 0, 3, 6, 22, 11, 25, 5, 10, 18, 17], [12, 19, 9, 14, 21, 3, 7, 10, 15], [5, 23, 6, 17, 9, 0], [4, 18, 6, 9], [], [3]]
[[11, 1, 2, 4], [3, 5, 6, 9, 1, 12, 13], [19, 3, 1, 8, 11, 16, 12, 4, 2], [9, 17, 3, 7, 21, 23, 4, 10, 19, 27], [3, 1, 16, 9, 7, 10]]
[[15, 3, 22, 1, 4, 10, 16, 0, 18, 7], [12, 2, 17, 4, 8, 14, 21, 5, 19], [3, 12, 7, 17, 20, 24, 1], [6, 19, 15, 0, 1, 4, 9, 22, 26, 28], [4, 14, 20, 7, 10, 0], [14, 26, 0, 28, 1, 12]]
[[9, 12, 15, 23, 25, 26, 20, 22, 0, 19], [6, 19, 13, 8, 0, 4, 9, 17, 2], [10, 14, 21, 1, 16, 25], [18, 34, 9, 20, 2, 6, 11, 14, 23], [13, 19, 16, 9, 0, 5, 17, 2, 8], [18, 31, 34, 37, 25, 7, 11, 20, 41, 2, 5, 8, 12, 16, 21, 29], [9, 1, 3, 6]]
[[4, 33, 15, 25, 12, 21, 29], [9, 22, 6, 14, 19, 1, 4, 0, 11], [30, 18, 6, 10, 12, 14]]
[[5, 21, 25, 2, 6, 22], [16, 3, 9, 5, 0, 20], [9, 5, 6, 13], [12, 14, 4, 7, 5, 9, 18], [19, 31, 3, 9, 30, 0], [2, 0], [13, 6, 18, 0, 10, 15], [15, 8, 11, 16], [19, 29, 2, 30, 9, 0, 14, 23, 33, 40], [3, 0, 6], [20, 10, 21], [11, 3, 13, 0], [0, 1, 5, 7], [], [10, 3, 8]]
[[7, 9, 12, 3, 10, 2, 8, 6, 5], [18, 14, 5, 7, 9, 16, 2], [7, 10, 1, 11], [11, 24, 4, 0, 15, 20, 22, 16, 13, 5], [8, 13, 20, 1, 15, 22, 3], [17, 29, 8, 2, 9, 22, 0, 11, 27, 26, 20, 10], [6, 1, 4]]
[[0, 10, 12, 8, 6, 1, 11, 2, 5, 3], [3, 4, 2, 8, 9, 10], [9, 12, 5, 16, 15, 1, 3, 7, 10], [25, 6, 7, 5, 13, 14, 2, 9, 18], [33, 3, 10, 32, 7, 16, 20, 25, 0, 4, 8, 13, 18, 21, 26], [17, 20, 22, 24, 5, 0, 14], [10, 11, 19, 8, 14, 23, 24, 4, 20, 0, 2, 5, 15], [24, 30, 32, 16, 9, 18, 13, 11, 21, 28, 20, 31, 5, 10, 0, 19]]
[[4, 17, 9, 21], [36, 33, 11, 0, 8, 13, 18, 21, 27, 3, 9, 19], [5, 26, 4, 6, 7, 8, 11, 16, 23], [8, 0, 15, 12, 17, 20]]
[[13, 23, 19, 2, 20, 6, 1, 11, 10, 16, 21, 12, 14, 17, 24], [2, 3, 5, 10, 7, 24], [19, 9, 11, 14, 21, 24, 27, 6, 12, 25, 8, 23, 4, 2, 0], [2, 4, 8, 12, 9, 1], [0, 18, 6, 11, 1, 8, 4, 2, 15, 10], [2, 10, 0, 11, 3, 9], [36, 14, 4, 16, 21, 2, 17, 10, 19, 35, 41, 0, 33, 37, 12]]
[[5, 8, 10, 16], [9, 5, 14, 3, 11, 2, 10, 8, 6], [10, 13, 17, 15, 8, 2, 6], [22, 10, 0, 8, 2, 15, 18, 27, 13], [12, 20, 7, 6, 13, 0, 9], [26, 7, 16, 17, 27, 6, 0], [14, 21, 8, 5], [17, 0, 2, 5, 14, 18, 22, 3, 21]]
[[4, 12, 18, 15, 6, 9, 16], [4, 11, 6, 12, 2, 16, 0], [4, 13, 6, 1], [20, 29, 33, 8, 25, 0, 4, 16, 22, 35], [8, 12, 15, 26, 17, 19, 2, 10, 6, 0]]
[[15, 28, 21, 23, 3, 17, 6, 26, 24, 7], [23, 14, 4, 0], [18, 7, 13, 9, 6, 0, 15, 16, 10, 8], [3, 16, 0, 9, 20, 23, 18], [5, 19, 0, 12, 23, 26, 1, 10, 21, 24], [14, 22, 7, 25, 27, 29, 30]]
[[17, 30, 19, 0, 3, 1, 12, 28, 31, 33, 21, 27, 20, 26, 22, 34, 24], [3, 11, 16, 0, 4, 17, 6, 2, 10], [0, 8, 2, 10, 11, 5, 13], [30, 21, 34, 23, 18, 20, 5, 9, 16, 26, 36, 6], [18, 21, 34, 3, 7, 30, 5, 9, 15], [10, 30, 40, 38, 43, 18, 36, 47, 12, 32, 59, 60, 2]]
[[2, 5, 8], [8, 3, 6, 11], [13, 3, 11, 5, 18, 0, 6], [2], [8, 4, 11, 12, 5, 1], [12, 5, 0, 17, 3, 18], [13, 4, 2, 8, 5, 3], [17, 29, 5, 0, 23, 26, 3, 7, 20, 24], [20, 26, 5, 15, 4, 14, 10], [18, 26, 5, 19, 0, 16, 23, 13, 21]]
[[12, 14, 18, 0, 4, 9, 15, 13, 3], [3, 18, 16, 1, 15, 6, 14, 0, 13], [2], [24, 0, 16, 29, 9, 13, 19], [6, 19, 8], [2, 4, 11], [11, 3, 6, 8, 0, 14, 2, 12, 13], [11, 6, 9, 0, 7, 3, 4], [5, 16, 0, 8, 11, 17], [4, 11, 13, 14, 1, 7], [9, 18, 4, 15, 21, 0, 3, 5, 12], [29, 12, 14, 19, 22, 24, 16, 20, 9, 15]]
[[], [12, 7, 9, 0, 3, 2, 8, 14, 6, 13], [11, 16, 20, 18, 2, 8, 14, 0, 7, 3], [20, 1, 6, 3, 9, 13, 4, 7, 2, 0, 10, 17], [8, 26, 2, 22, 24, 16, 10, 21, 28], [10, 30, 2, 22, 25, 0, 3, 8, 19, 5, 14, 18]]
[[8, 0, 3, 9, 2, 6], [13, 1, 2, 4, 8, 3], [4, 9, 2, 11], [9, 2, 5], [0, 2, 15, 3], [6, 1, 3], [2, 5, 6, 13], [15, 30, 19, 2]]
[[7, 9, 16], [12, 3, 7, 9, 0, 5, 2, 4], [10, 5, 14, 2, 6, 9, 13], [4, 0, 9, 7], [22, 0, 11, 20, 1, 6, 12, 17, 4], [16, 7, 8, 18, 11, 2], [7, 19, 20, 11, 22, 1, 23, 8, 21, 16, 0, 6], [8, 2, 0, 9, 15, 14], [5, 11, 9, 2, 0, 7]]
