-1.7861216068267822
-1.2097381353378296
-2.1803908348083496
-1.5408822298049927
-2.2146811485290527
-1.791367769241333
-2.1600561141967773
-1.3298611640930176
-1.7637662887573242
-1.4966028928756714
-1.631900668144226
-1.2959117889404297
-1.8810861110687256
-1.5032521486282349
-1.9303041696548462
-1.325006127357483
-1.8672008514404297
-1.441828727722168
-1.820043921470642
-1.580989956855774
-1.5777732133865356
-1.4402567148208618
-1.7619677782058716
-1.5562151670455933
-1.7968082427978516
-1.4284579753875732
-1.9064419269561768
-1.4198838472366333
-1.9286171197891235
-2.071073055267334
-1.7712295055389404
-1.652147889137268
-1.5506258010864258
-1.3478119373321533
-2.0171022415161133
-1.3056548833847046
-1.6572792530059814
-1.4569474458694458
-2.124727725982666
-1.4014370441436768
-2.02262282371521
-1.5131043195724487
-2.253396987915039
-1.2049427032470703
-1.9116237163543701
-1.2738535404205322
-1.8332449197769165
-1.7857139110565186
-1.6252201795578003
-1.467706322669983
-2.0746846199035645
-1.432359218597412
-2.016130208969116
-1.9096555709838867
-2.0601561069488525
-1.3607515096664429
-1.866713523864746
-1.5859975814819336
-1.9377611875534058
-1.3452266454696655
-1.936188817024231
-1.5067541599273682
-2.029970645904541
-1.4358762502670288
-1.909521460533142
-1.7767424583435059
-1.8098278045654297
-1.4329441785812378
-1.586146354675293
-1.4800177812576294
-1.5750764608383179
-1.512611746788025
-2.1717987060546875
-1.369541883468628
-1.794424295425415
-1.3600794076919556
-2.1871042251586914
-1.4671080112457275
-1.8690502643585205
-1.579810380935669
-1.9343897104263306
-1.242530107498169
-1.9300488233566284
-1.534172773361206
-1.8798854351043701
-1.3290296792984009
-2.4622514247894287
-1.6518601179122925
-2.4737839698791504
-1.2300392389297485
-1.8288146257400513
-1.273308277130127
-1.9656840562820435
-1.333596110343933
-2.1587657928466797
-1.4860743284225464
-1.6982148885726929
-1.2554970979690552
-2.058769464492798
-1.5973093509674072
-1.8996134996414185
-1.4853150844573975
-2.060232639312744
-1.5494835376739502
-1.9025877714157104
-1.2213215827941895
-2.001518726348877
-1.4627747535705566
-1.631286859512329
-1.5380908250808716
-2.127363443374634
-1.3241723775863647
-1.7545350790023804
-1.2591352462768555
-1.9908661842346191
-1.475757122039795
-2.066617488861084
-1.502997875213623
-2.0964488983154297
-1.7074626684188843
-1.7557766437530518
-1.2577553987503052
-2.341521978378296
-1.4897984266281128
-1.6901007890701294
-1.3599109649658203
-2.2997560501098633
-1.3053423166275024
-2.377983808517456
-1.2445367574691772
-2.027601957321167
-1.6862040758132935
-2.17974853515625
-1.3886793851852417
-1.860163927078247
-1.549107313156128
-2.5399327278137207
-1.4665502309799194
-2.0650711059570312
-1.4791663885116577
-1.8761457204818726
-1.415871500968933
-1.826447606086731
-1.61150324344635
-2.1883292198181152
-1.4631305932998657
-2.5757222175598145
-1.4412894248962402
-1.8578141927719116
-1.5816885232925415
-1.9039366245269775
-1.2775444984436035
-2.1394248008728027
-1.2411770820617676
-1.848013162612915
-1.348535180091858
-1.9031355381011963
-1.420866847038269
-1.7384979724884033
-1.2453051805496216
-2.291883945465088
-1.4176710844039917
-2.0502376556396484
-1.4043099880218506
-1.9207171201705933
-1.5340111255645752
-2.1584625244140625
-1.267737627029419
-1.9003769159317017
-1.5724999904632568
-1.9770437479019165
-1.1701042652130127
-1.883381962776184
-1.5558266639709473
-2.210251569747925
-1.6795283555984497
-1.6777739524841309
-1.3156572580337524
-1.9222947359085083
-1.4946849346160889
-2.1655380725860596
-1.4352630376815796
-2.0780298709869385
-1.391812801361084
-2.042968988418579
-1.5304726362228394
-1.8926441669464111
-1.3353490829467773
-2.238563299179077
-1.3891957998275757
-1.8877276182174683
-1.5841354131698608
-1.682558536529541
-1.3745489120483398
-1.8293133974075317
-1.3754111528396606
-1.8031340837478638
-1.4452757835388184
-1.8834571838378906
-1.4141336679458618
