[[17, 13, 2, 9, 19, 21, 3, 10, 14, 8, 18, 7, 16], [15, 2, 4, 11, 19, 3, 18, 21, 0, 16, 17, 20], [2, 14, 4, 6, 11, 0, 12, 16, 3, 15, 1, 17], [18, 11, 0, 3, 15, 13, 12, 20, 1], [32, 7, 16, 25, 2, 9, 14, 18, 23, 27, 17, 1, 8, 0, 26, 33, 15, 24, 21, 30, 3, 10, 19, 28], [18, 21, 10, 8, 24, 28, 0, 11, 19, 25, 29, 13, 5, 2, 22, 7, 23, 30, 9, 26, 16], [38, 7, 13, 0, 17, 32, 35, 3, 9, 18, 26, 33, 30, 14, 8, 25, 31, 16, 29, 40, 6, 27, 1, 37, 10], [3, 5, 7, 0, 2, 4], [3, 6, 0, 2, 5, 1, 4, 7]]
[[7, 3, 10, 11, 4, 5, 8, 0, 6, 12], [13, 22, 8, 18, 0, 10, 20, 1, 9, 19, 17, 15, 2, 5, 11], [16, 3, 10, 22, 0, 18, 24, 6, 12, 23, 11, 14, 21, 1, 7], [2, 9, 21, 24, 15, 5, 10, 26, 22, 0, 25, 13, 20, 16, 23, 6, 11], [5, 10, 11, 7, 0, 6, 2, 8, 12], [9, 15, 6, 1, 17, 19, 2, 13, 20, 5, 11, 12, 0, 3, 7, 21], [7, 21, 9, 16, 18, 5, 3, 10, 17, 0, 12, 15, 22], [18, 15, 5, 8, 11, 21, 24, 20, 7, 0, 6, 27, 28, 2, 9, 12, 16, 22, 31, 29], [9, 25, 0, 11, 20, 22, 7, 15, 3, 12, 21, 4, 14, 19, 16, 23, 5], [21, 2, 6, 13, 25, 18, 28, 8, 29, 7, 15, 27, 0, 14, 26, 12, 24, 3, 9, 16, 19, 30, 31]]
[[20, 22, 14, 21, 0, 18, 1, 7, 6, 15, 13, 24, 23, 10, 16, 17, 2, 8, 11], [2, 28, 4, 24, 0, 5, 11, 21, 3, 14, 26, 13, 6, 8, 22, 29], [19, 9, 18, 4, 22, 1, 3, 7, 17, 14, 16, 21, 0, 2, 13, 15, 20, 10], [7, 4, 17, 2, 8, 16, 13, 15, 12, 14, 9], [10, 22, 24, 7, 17, 20, 18, 25, 4, 14, 23, 11, 26, 27, 8, 15], [16, 9, 18, 8, 2, 5, 12, 23, 28, 26, 29, 11, 10, 4, 19, 25, 20, 17, 3, 0, 13, 21], [11, 7, 14, 20, 4, 22, 25, 2, 15, 8, 21, 0, 9, 10, 26, 3, 18, 19, 24, 23, 12, 17]]
[[20, 26, 7, 11, 0, 14, 17, 1, 4, 9, 15, 18, 28, 13, 8, 27, 12, 6, 25, 21, 22], [14, 17, 11, 5, 25, 0, 6, 9, 18, 16, 20, 2, 22, 12, 3, 24, 15, 21, 8, 23, 4], [3, 16, 18, 5, 0, 6, 9, 19, 22, 8, 21, 4, 17, 15], [9, 22, 4, 12, 19, 0, 6, 13, 17, 20, 23, 16, 3, 5, 10, 11, 18, 24], [16, 33, 18, 7, 11, 12, 24, 28, 30, 35, 0, 5, 8, 13, 19, 31, 27, 4, 21, 3, 23, 17, 34], [13, 19, 2, 9, 15, 0, 5, 10, 16, 20, 4, 3, 8], [9, 14, 25, 4, 10, 22, 26, 18, 3, 21, 0, 12, 13, 7, 2, 17, 19, 8, 23]]
[[9, 7, 11, 13, 0, 10, 16, 2, 6, 5, 8, 17, 3], [8, 10, 6, 2, 5, 15, 12, 1, 7, 16, 18, 0, 14, 3, 13], [9, 0, 17, 4, 5, 10, 14, 18, 12, 6, 19, 16], [10, 7, 15, 18, 9, 12, 4, 2, 5, 13, 16, 11, 19, 6, 14], [20, 2, 13, 4, 21, 8, 26, 9, 27, 15, 1, 5, 18, 22, 17, 0, 3, 23, 28, 6, 10], [23, 3, 21, 19, 0, 2, 6, 22, 17, 8, 9, 16, 18, 24, 20, 12], [25, 11, 14, 16, 15, 20, 3, 24, 13, 8, 9, 12, 6, 10, 19, 26, 27, 0, 1, 4], [12, 10, 15, 7, 14, 1, 19, 2, 6, 13, 3, 20, 17, 16, 4], [13, 18, 23, 29, 25, 10, 28, 15, 3, 9, 20, 27, 0, 8, 16, 21, 6, 31, 2, 14, 19, 24, 30, 4, 17, 22]]
[[15, 12, 17, 0, 4, 18, 3, 8, 9, 7, 10, 11, 13], [2, 9, 3, 1, 6, 10, 0, 5, 7], [11, 26, 7, 13, 16, 22, 5, 20, 4, 12, 19, 27, 28, 18, 25, 10, 14, 29, 30, 21, 15, 24, 0, 2, 23], [31, 12, 28, 8, 18, 24, 33, 36, 6, 22, 4, 13, 29, 5, 15, 21, 27, 32, 11, 16, 17, 30, 26, 35, 37, 0, 25], [3, 14, 17, 1, 0, 12, 4, 15, 6, 8, 10, 13], [27, 38, 11, 32, 40, 6, 25, 35, 0, 20, 2, 34, 33, 4, 22, 43, 7, 26, 31, 39, 28, 41, 23, 36, 5, 30, 44, 37, 8, 12, 14, 16, 18, 29], [9, 2, 7, 6, 19, 20, 0, 10, 21, 3, 12, 14, 16]]
[[19, 11, 0, 5, 16, 22, 14, 13, 12, 18, 25, 1, 9, 17, 20, 23], [5, 7, 10, 2, 6, 8, 9, 4, 0], [16, 30, 10, 20, 26, 28, 0, 3, 32, 7, 18, 23, 29, 11, 25, 15, 17, 14, 24, 27, 21, 31, 1, 12], [9, 16, 14, 15, 2, 11, 3, 12, 17, 6, 10, 8, 5, 0], [11, 15, 1, 6, 12, 2, 3, 0, 4, 13], [5, 3, 9, 12, 8, 15, 2, 0, 1, 13], [25, 31, 21, 32, 35, 23, 17, 5, 10, 14, 38, 6, 15, 39, 19, 2, 0, 8, 11, 30, 22, 36, 13, 18, 26, 33, 3, 9, 27]]
[[7, 12, 19, 21, 23, 3, 9, 14, 24, 2, 8, 17, 5, 13, 6, 16, 25, 0, 10], [5, 1, 10, 0, 3, 9, 2, 6, 7, 4, 11], [1, 12, 4, 6, 13, 17, 19, 3, 16, 2, 9, 0, 11, 7], [8, 2, 6, 11, 14, 4, 12, 15, 3, 0, 1, 9, 10], [1, 5, 8, 11, 6, 12, 3, 2, 9, 0, 10, 13], [11, 3, 9, 14, 5, 16, 4, 0, 15, 2, 6, 17], [19, 2, 9, 17, 4, 15, 1, 3, 10, 7, 11, 12, 0, 14, 5], [9, 27, 6, 15, 20, 22, 24, 0, 3, 7, 25, 28, 30, 2, 10, 17, 16, 29, 26, 4, 18, 14, 31], [4, 7, 8, 12, 2, 3, 9, 5, 0, 10]]
[[9, 6, 0, 12, 11, 3, 5, 10, 4, 8, 13], [16, 0, 25, 28, 5, 9, 22, 26, 8, 18, 21, 15, 14, 6, 10, 19, 23], [2, 5, 15, 18, 23, 0, 12, 16, 19, 24, 4, 3, 11, 8, 22, 7, 21, 14, 9, 13, 25], [36, 47, 56, 68, 80, 6, 14, 93, 102, 0, 10, 19, 24, 30, 33, 42, 53, 55, 62, 74, 77, 86, 89, 97, 106, 111, 117, 7, 20, 31, 43, 63, 75, 87, 98, 107, 112, 15, 95, 3, 5, 13, 103, 116, 94, 101, 115, 65, 1, 32, 44, 54, 64, 76, 88, 113, 119, 11, 21, 25, 108], [1, 7, 12, 18, 8, 13, 3, 17, 2, 0, 16, 9], [4, 0, 5, 7, 1], [21, 14, 11, 16, 26, 5, 9, 17, 22, 27, 3, 8, 15, 0, 13, 30, 18]]
[[21, 3, 6, 11, 4, 7, 18, 14, 16, 17, 0, 23, 12, 19, 20, 2], [9, 7, 6, 13, 3, 16, 2, 14, 8, 0, 15, 12, 10, 17], [12, 2, 14, 21, 8, 24, 0, 9, 17, 25, 16, 15, 4, 22, 3, 6, 13, 20, 18, 23], [4, 20, 16, 5, 12, 21, 11, 24, 7, 17, 2, 8, 9, 18, 0, 15, 13, 3, 19], [14, 18, 7, 4, 9, 11, 23, 2, 5, 21, 8, 20, 0, 15, 19, 16, 12, 24, 17]]
[[18, 23, 26, 13, 19, 2, 10, 30, 32, 36, 0, 8, 11, 15, 27, 34, 25, 7, 14, 3, 24, 21, 33, 6, 20, 4, 16, 28], [3, 6, 15, 4, 7, 10, 16, 1, 14, 13, 0, 12, 2, 18, 17], [11, 0, 6, 31, 33, 2, 7, 15, 18, 17, 12, 29, 26, 14, 1, 25, 27, 10, 30, 35, 20, 34], [3, 17, 13, 20, 6, 9, 22, 24, 1, 7, 0, 14, 21, 18, 16, 19, 4], [3, 8, 9, 17, 20, 15, 18, 6, 11, 0, 5, 14, 2, 10, 19, 21, 12], [13, 11, 3, 0, 14, 5, 10, 15, 6, 7], [13, 11, 0, 7, 21, 5, 9, 15, 19, 4, 12, 22, 18, 3, 14, 20, 1, 8, 23], [9, 1, 6, 13, 25, 4, 19, 23, 11, 3, 2, 14, 17, 26, 22, 0, 10, 27, 7, 15, 12], [31, 2, 4, 18, 13, 23, 25, 26, 29, 34, 11, 27, 6, 19, 0, 14, 35, 9, 3, 17, 20, 15, 24, 37, 21, 32, 36, 7]]
[[6, 16, 21, 32, 19, 26, 0, 3, 13, 29, 1, 14, 30, 33, 12, 35, 20, 28, 27, 11, 18, 25, 22, 34, 23, 24, 9, 36], [7, 11, 22, 26, 15, 4, 17, 5, 18, 28, 3, 30, 10, 16, 21, 23, 2, 9, 14, 29, 12, 24, 31], [7, 12, 21, 25, 30, 10, 4, 18, 27, 5, 19, 28, 32, 3, 34, 11, 17, 24, 26, 2, 9, 16, 33, 13, 22, 15, 20, 0, 35], [29, 41, 44, 15, 36, 33, 34, 8, 17, 21, 38, 45, 18, 22, 24, 39, 46, 37, 6, 16, 26, 0, 43, 47, 25, 30, 31, 14, 35, 13, 12, 49, 2, 9, 20, 48, 7, 27, 32], [18, 10, 1, 4, 12, 3, 8, 9, 13, 0, 11, 21, 15, 7, 17, 5, 14, 19], [25, 3, 6, 11, 19, 22, 4, 0, 12, 17, 15, 2, 23, 7, 10, 5]]
[[14, 9, 5, 12, 3, 2, 11, 8, 10, 0], [6, 14, 17, 7, 12, 24, 21, 2, 23, 15, 4, 11, 22, 16, 18, 8, 25], [1, 6, 4, 9, 3, 12, 2, 0, 10, 13], [3, 0, 6, 11, 19, 18, 22, 5, 10, 14, 4, 17, 21, 9, 13, 1], [15, 5, 17, 12, 21, 10, 6, 26, 0, 3, 8, 28, 24, 16, 25, 18, 7, 11, 27, 13, 2, 19]]
[[13, 7, 2, 12, 5, 0, 4, 10, 15, 18, 14, 16, 6, 3], [6, 18, 19, 14, 4, 8, 11, 2, 13, 17, 3, 20, 0, 7], [2, 10, 19, 12, 8, 14, 17, 5, 11, 20], [5, 14, 1, 13, 9, 10, 16, 2, 3, 6, 15, 0, 7, 12, 11, 4], [6, 0, 3, 12, 7, 10, 16, 11, 15, 8, 1], [16, 2, 19, 4, 6, 10, 27, 30, 0, 8, 11, 28, 7, 3, 17, 25, 5, 18, 20, 26, 29, 21], [13, 10, 16, 4, 8, 17, 3, 7, 15, 14, 6, 12, 0, 18], [23, 7, 6, 0, 18, 21, 26, 1, 4, 12, 14, 19, 24, 27, 8, 10, 11, 22, 17], [17, 2, 12, 0, 4, 10, 13, 20, 24, 3, 18, 9, 23, 19, 11, 21, 5, 14], [6, 19, 26, 16, 10, 8, 14, 28, 3, 17, 0, 1, 24, 2, 7, 27, 4, 11, 20]]
[[9, 13, 4, 15, 6, 18, 0, 5, 7, 14, 10, 17, 1, 8, 19], [4, 0, 8, 10, 17, 15, 5, 9, 19, 14, 7, 16, 13, 1, 20], [11, 5, 1, 9, 7, 2, 4, 0, 3, 8], [18, 4, 10, 7, 16, 15, 2, 14, 6, 11, 0, 9, 19, 20, 17, 12], [14, 18, 1, 16, 21, 5, 8, 10, 11, 17, 3, 23, 2, 22, 6, 0, 15, 19, 7, 24], [14, 10, 12, 20, 15, 18, 7, 11, 24, 0, 4, 9, 23, 16, 5, 21, 2], [6, 11, 26, 32, 4, 8, 16, 13, 18, 22, 23, 1, 9, 17, 21, 15, 3, 2, 24]]
[[8, 0, 4, 3, 14, 9, 17, 18, 11, 7], [6, 26, 47, 4, 11, 15, 20, 36, 44, 2, 12, 16, 21, 33, 37, 41, 45, 32, 1, 43, 9, 40, 30, 35, 0, 8, 39, 42, 24, 38, 13, 19, 48], [16, 1, 5, 8, 2, 6, 13, 0, 17, 18, 19, 12, 20], [18, 10, 16, 21, 26, 7, 11, 1, 4, 22, 6, 0, 3, 2, 12, 23], [12, 20, 7, 0, 9, 15, 24, 26, 2, 10, 16, 27, 8, 19, 23, 1, 21, 13, 17, 25, 28], [19, 13, 7, 11, 5, 3, 10, 18, 16, 0, 15, 20, 4]]
[[2, 7, 18, 15, 3, 9, 20, 5, 13, 17, 22, 14, 0, 6, 11], [19, 2, 7, 24, 13, 16, 22, 28, 10, 5, 30, 1, 9, 4, 14, 0, 6, 26, 29, 11, 20], [6, 15, 2, 4, 12, 10, 3, 9, 16, 0, 13, 14], [16, 25, 4, 29, 1, 10, 12, 23, 40, 20, 6, 31, 38, 3, 17, 32, 8, 35, 11, 0, 30, 37, 19, 27, 13, 41, 42, 21, 9, 28, 33, 39]]
[[14, 9, 12, 15, 3, 10, 2, 8, 13, 0, 1, 7, 11, 16], [1, 3, 6, 10, 20, 4, 11, 14, 18, 2, 0, 9], [7, 14, 17, 1, 8, 11, 15, 18, 10, 6, 13, 0, 5, 12, 19], [9, 0, 7, 3, 2, 6], [6, 2, 0, 3, 7], [6, 2, 9, 10, 3, 0, 1, 7, 4, 11], [12, 6, 8, 2, 15, 0, 3, 9, 13, 16, 11, 7], [7, 9, 2, 5, 10, 8, 0, 6, 1], [28, 6, 15, 10, 17, 12, 21, 26, 25, 8, 18, 11, 20, 4, 0, 7, 9, 16, 19, 29, 27, 22, 30, 2]]
[[15, 8, 12, 3, 10, 2, 9, 0, 1, 7, 16, 13], [8, 1, 5, 3, 2, 0, 6, 9], [25, 30, 28, 32, 14, 19, 26, 1, 16, 7, 33, 21, 13, 4, 17, 2, 11, 22, 6, 0, 12, 15, 20, 29, 31, 27, 34, 23], [10, 15, 8, 17, 1, 2, 5, 13, 0, 16, 12, 14, 3, 18]]
[[11, 2, 8, 0, 5, 4, 12, 10, 7, 9, 6], [10, 12, 7, 15, 18, 2, 8, 16, 13, 1, 14, 0, 11, 17], [15, 5, 7, 1, 8, 0, 4, 16, 12, 3, 14, 6], [27, 26, 4, 18, 25, 2, 15, 19, 8, 0, 14, 22, 10, 24, 33, 30, 13, 21, 29, 5, 9, 34, 16, 23, 31], [7, 9, 12, 13, 0, 2, 5, 8, 14, 15, 1, 6, 3, 16], [9, 0, 4, 11, 1, 5, 12, 10, 8, 2], [18, 13, 2, 15, 21, 24, 0, 3, 9, 16, 22, 14, 6, 8, 12, 19, 10, 20, 25, 4], [14, 21, 2, 6, 9, 19, 0, 3, 7, 10, 17, 22, 25, 5, 15, 23, 16, 18, 26, 11], [1, 4, 7, 12, 5, 9, 13, 3, 11, 6, 8], [21, 11, 23, 6, 18, 26, 7, 19, 27, 17, 5, 25, 13, 1, 2, 3, 24, 16, 4, 10, 22, 28, 14], [0, 13, 2, 5, 10, 16, 19, 3, 6, 11, 17, 14, 1, 15, 9, 20]]
[[14, 5, 8, 17, 19, 0, 4, 11, 15, 3, 20, 1, 13, 16, 12, 7], [1, 4, 6, 7, 3, 2, 0, 8], [7, 13, 3, 10, 16, 0, 15, 2, 9, 14, 4, 5, 1, 12, 8, 11, 17], [1, 5, 15, 17, 14, 4, 11, 9, 0, 18, 12, 21, 3, 2, 6, 19, 20], [17, 6, 0, 8, 1, 4, 9, 7, 5, 18], [10, 28, 20, 9, 27, 0, 12, 34, 3, 13, 17, 21, 30, 35, 29, 11, 16, 33, 15, 32, 5, 23, 31, 1, 4, 22], [4, 0, 6, 11, 7, 5, 12, 1], [10, 29, 22, 9, 0, 12, 19, 31, 37, 3, 13, 17, 23, 32, 30, 11, 16, 35, 15, 34, 5, 25, 36, 1, 33, 4, 24], [13, 4, 16, 5, 9, 15, 8, 14, 2, 12, 17, 11, 6, 10], [20, 18, 14, 15, 10, 19, 4, 0, 16, 6, 17, 21, 7, 9, 2, 8, 11]]
[[5, 8, 16, 6, 0, 4, 12, 13, 11, 17], [7, 9, 2, 10, 1, 8, 0, 6, 5, 3], [5, 7, 10, 2, 8, 1, 6, 0, 4], [3, 11, 16, 7, 20, 23, 26, 17, 24, 2, 10, 5, 13, 0, 6, 22, 1, 4, 9, 12, 15], [14, 21, 25, 2, 9, 5, 10, 3, 11, 7, 1, 23, 24, 29, 0, 22, 15, 26, 17, 8, 30, 27], [3, 8, 5, 11, 4, 13, 0, 14, 2, 12, 6], [7, 2, 16, 3, 17, 13, 9, 12, 4, 15], [1, 3, 6, 8, 4, 9, 2, 0], [5, 1, 4, 9, 2, 0, 8, 6], [1, 3, 5, 0, 2], [3, 6, 0, 2, 5, 1, 4, 7]]
[[16, 9, 4, 6, 23, 0, 13, 21, 24, 3, 10, 12, 18, 8, 19, 14, 25], [4, 10, 15, 3, 9, 18, 0, 14, 21, 8, 17, 1, 11, 19], [16, 2, 11, 9, 14, 18, 0, 4, 13, 3, 17, 10, 15, 6], [9, 4, 17, 21, 23, 2, 6, 15, 14, 5, 10, 0, 13, 3, 24, 22], [4, 5, 1, 0, 6], [4, 6, 1, 5, 3], [4, 14, 15, 2, 11, 5, 0, 10, 6, 16, 7, 12], [3, 0, 2, 6, 7, 4], [10, 7, 13, 16, 0, 4, 8, 3, 2, 14, 15, 11, 12, 20, 17, 19], [18, 15, 4, 13, 25, 2, 26, 24, 19, 5, 0, 20, 21, 9, 16, 6, 14, 10, 11], [3, 0, 2, 6, 7, 4], [11, 2, 8, 14, 0, 5, 9, 15, 21, 20, 4, 3, 19, 12, 13, 23, 17, 16, 22], [6, 2, 15, 8, 11, 17, 0, 4, 9, 12, 18, 16, 3, 7, 19, 13], [10, 3, 8, 12, 0, 5, 13, 4, 11, 6], [8, 2, 4, 11, 7, 6, 1, 3], [3, 6, 0, 2, 5, 1, 4, 7]]
[[16, 5, 10, 3, 2, 9, 11, 8, 14, 17, 0, 6, 12], [16, 8, 6, 14, 0, 4, 10, 3, 12, 2], [8, 13, 15, 3, 0, 11, 2, 9, 12], [2, 5, 9, 7, 8], [13, 1, 4, 17, 19, 15, 20, 7, 2, 10, 14, 0, 5, 11, 8], [25, 2, 4, 7, 10, 16, 23, 17, 21, 20, 3, 13, 15, 12, 5, 6, 8], [10, 19, 2, 4, 17, 15, 3, 14, 13, 5, 6, 8], [9, 13, 21, 2, 5, 19, 15, 12, 10, 0, 4, 18, 14, 30, 6, 16], [6, 11, 8, 1, 0, 4, 9, 3, 7, 10, 2, 5]]
[[10, 19, 7, 12, 3, 5, 14, 22, 25, 0, 20, 13, 8, 18, 2, 11, 17, 21, 26, 1, 9], [6, 11, 19, 14, 1, 20, 17, 21, 2, 9, 22, 0, 3, 4, 15], [9, 32, 3, 26, 19, 28, 0, 11, 23, 16, 24, 5, 29, 20, 22, 4, 10, 18, 27, 13, 7, 1, 30, 14, 21], [8, 3, 10, 13, 0, 11, 9, 4, 7, 14], [8, 10, 3, 12, 0, 11, 15, 5, 6, 16, 9, 4, 7], [12, 17, 14, 22, 4, 8, 10, 2, 6, 1, 15, 18, 7, 23, 5, 20], [11, 5, 14, 2, 4, 0, 6, 8, 15, 16], [0, 9, 14, 11, 17, 1, 4, 10, 5, 8, 15, 18, 6, 16]]
[[9, 2, 15, 24, 11, 19, 29, 12, 30, 3, 16, 25, 6, 5, 27, 20, 10, 18, 14, 23, 13, 21, 7], [8, 12, 1, 10, 2, 17, 11, 13, 9, 4, 14], [29, 1, 20, 17, 18, 24, 4, 10, 13, 31, 6, 11, 14, 25, 32, 5, 22, 27, 3, 2, 8, 23, 28, 9, 26, 30, 7], [7, 0, 1, 9, 2], [2, 8, 11, 0, 9, 3, 5, 10], [10, 14, 18, 5, 2, 16, 20, 6, 0, 11, 19, 12, 17, 3, 13, 21], [9, 1, 3, 11, 6, 5, 0, 2], [0, 3, 2, 8, 10, 7, 1, 9, 4]]
[[7, 9, 0, 3, 8, 2, 4, 5], [0, 17, 25, 13, 8, 21, 4, 14, 6, 12, 1, 19, 3, 18, 20], [8, 21, 29, 17, 25, 19, 15, 0, 4, 23, 26, 20, 2, 7, 30, 3, 11, 12, 18, 9, 22, 28, 16, 14], [6, 7, 4, 1, 9, 8, 2, 0, 5, 3, 10], [10, 17, 5, 8, 14, 20, 4, 1, 19, 0, 12, 16, 6, 2, 13]]
[[21, 2, 19, 7, 8, 10, 14, 23, 12, 15, 24, 11, 20, 3, 17, 5, 9, 22, 18, 6], [6, 18, 24, 3, 27, 0, 21, 12, 19, 1, 22, 4, 13, 14, 20, 17, 11, 7, 25, 28, 23, 9, 15], [16, 2, 0, 6, 11, 19, 13, 5, 9, 4, 10, 21, 18, 3, 14], [8, 4, 12, 5, 13, 9, 0, 1, 3, 11], [10, 14, 1, 17, 23, 24, 8, 11, 15, 21, 2, 3, 4, 7, 20, 0, 18, 25, 22, 5, 19], [13, 24, 4, 11, 0, 30, 1, 5, 15, 28, 7, 12, 21, 19, 23, 27, 31, 10, 18, 20, 14, 25, 16, 2, 8], [12, 33, 2, 8, 6, 9, 22, 24, 29, 31, 3, 25, 28, 7, 19, 0, 18, 20, 10, 15, 17, 13, 27, 26, 11, 21]]
[[16, 3, 13, 0, 6, 14, 18, 5, 10, 8, 20, 12, 9, 17, 1], [11, 5, 13, 7, 21, 3, 19, 24, 1, 6, 18, 2, 9, 12, 15, 0, 14, 16], [17, 1, 4, 9, 10, 8, 12, 18, 15, 16, 19, 13], [3, 5, 14, 7, 11, 15, 25, 10, 24, 6, 20, 1, 2, 0, 4, 19, 21, 26, 8], [2, 6, 11, 0, 12, 17, 26, 5, 10, 19, 16, 21, 25, 27, 14, 13], [7, 3, 13, 5, 9, 4, 1, 14, 2, 16, 0, 12, 8, 17], [13, 23, 0, 24, 1, 25, 3, 16, 10, 5, 9, 6, 26, 11, 17, 20], [7, 11, 1, 14, 19, 5, 15, 20, 2, 18, 0, 12, 8, 13, 22, 3, 16], [9, 17, 6, 13, 1, 4, 0, 16, 7, 8, 21, 10, 18, 19, 11]]
[[8, 2, 10, 14, 13, 1, 5, 9, 3, 11], [22, 3, 16, 19, 0, 5, 8, 17, 20, 7, 12, 24, 25, 26, 15, 4, 11, 23, 18, 13], [4, 0, 1, 6, 9, 8, 5], [6, 0, 3, 7, 2, 4, 8], [3, 5, 1, 6, 4, 10, 0, 11, 9, 12], [5, 7, 2, 8, 11, 10, 6, 0, 3], [2, 4, 7, 10, 0, 8, 3, 11, 5], [12, 0, 5, 14, 1, 6, 15, 11, 4, 10, 9, 13, 2], [2, 5, 0, 6, 9, 8, 4, 3, 1], [8, 16, 2, 4, 13, 0, 9, 14, 3, 11, 12, 5], [1, 6, 4, 7, 3, 11, 9, 0, 10, 12], [0, 5, 7, 14, 17, 1, 8, 15, 18, 12, 11, 2], [4, 2, 5, 1, 7, 0, 8], [7, 2, 8, 12, 11, 5, 0, 6, 14, 15, 16, 3], [6, 11, 1, 3, 4, 12, 2, 9, 7, 14, 0, 8], [21, 27, 9, 17, 20, 10, 14, 18, 23, 13, 3, 0, 22, 4, 11, 7, 15], [6, 15, 2, 9, 12, 26, 0, 4, 10, 13, 24, 27, 18, 20, 16, 17, 22, 23, 3, 19, 7, 8, 11]]
[[8, 19, 17, 12, 22, 21, 11, 18, 16, 20, 0, 2, 4, 13, 23], [23, 14, 0, 15, 19, 24, 3, 6, 7, 5, 10, 12, 4, 1, 20], [11, 15, 14, 2, 7, 0, 9, 1, 6, 12, 16, 3, 10], [10, 6, 0, 15, 1, 4, 8, 9, 14, 11, 12, 16, 17], [4, 6, 5, 1, 2, 0, 3], [21, 25, 3, 12, 1, 8, 30, 9, 31, 14, 7, 19, 4, 29, 13, 28, 22, 26, 32, 10, 20], [11, 14, 19, 3, 1, 17, 5, 4, 9, 12, 15, 20, 16, 10], [0, 18, 4, 10, 12, 21, 13, 7, 1, 11, 2, 14], [11, 12, 20, 16, 21, 19, 7, 15, 1, 9, 0, 5, 3, 4, 6, 8, 13, 17, 22, 10], [9, 0, 7, 12, 5, 13, 17, 10, 14, 15, 1, 2, 11]]
[[4, 11, 21, 18, 17, 14, 15, 16, 10, 0, 5, 2, 8], [0, 11, 9, 16, 4, 8, 7, 15, 1, 13], [16, 2, 6, 8, 12, 0, 9, 17, 4, 7], [5, 15, 34, 28, 6, 17, 9, 12, 38, 3, 10, 31, 39, 30, 2, 1, 7, 32, 35, 40, 22, 26, 16, 8, 19, 36, 23, 33, 41, 20], [12, 23, 3, 10, 17, 18, 21, 26, 4, 0, 6, 19, 13, 24, 14, 11, 16, 27]]
[[6, 10, 1, 3, 4, 15, 8, 2, 9, 13, 14, 7, 16, 11], [19, 3, 1, 16, 7, 10, 8, 5, 2, 13, 18, 20, 21, 22, 0, 4, 17, 14, 6], [17, 26, 13, 11, 4, 27, 9, 15, 31, 0, 32, 14, 6, 21, 25, 5, 7, 28, 20, 24, 29, 12, 22, 33, 8], [17, 18, 0, 7, 15, 3, 12, 5, 11, 6, 22, 23, 10, 20, 21, 13], [6, 0, 8, 12, 19, 1, 4, 9, 7, 13, 16, 17, 14, 20, 18]]
[[2, 18, 16, 15, 20, 8, 10, 7, 12, 17, 19, 13], [9, 2, 5, 1, 7, 10], [32, 18, 13, 24, 25, 36, 6, 8, 15, 16, 34, 4, 20, 37, 12, 19, 29, 0, 2, 26, 31, 3, 11, 28, 33, 14, 5, 38], [26, 37, 27, 3, 18, 30, 0, 7, 11, 13, 40, 4, 23, 35, 29, 9, 17, 31, 22, 19, 34, 16, 21, 28, 39, 41, 1, 32], [7, 14, 4, 11, 16, 5, 12, 17, 0, 1, 9, 8, 10, 18, 2], [0, 2, 3, 1], [3, 6, 0, 2, 5, 1, 4, 7]]
[[8, 10, 12, 0, 3, 2, 9, 11, 13, 6, 4], [13, 15, 8, 10, 0, 4, 11, 19, 3, 9, 7, 14, 17, 6, 18, 1], [2, 3, 5, 8, 7, 6, 9, 4], [0, 9, 13, 1, 7, 10, 4, 6, 14], [13, 6, 0, 10, 21, 11, 15, 19, 8, 7, 5, 14, 1, 9, 20, 22, 2], [2, 0, 3], [0, 6, 9, 16, 23, 1, 7, 10, 13, 17, 12, 5, 22, 4, 21, 20], [11, 0, 9, 7, 6, 8, 5, 12, 1, 2], [9, 0, 1, 4, 2, 5, 10, 8], [19, 5, 16, 15, 2, 3, 6, 7, 12, 20, 10, 9, 8, 22, 23, 13, 4, 21], [14, 17, 2, 5, 8, 6, 9, 4, 20, 3, 23, 13, 22, 12, 11, 19, 15, 0], [22, 5, 15, 0, 8, 18, 11, 16, 6, 13, 17, 19, 23, 26, 21, 14, 20, 24, 25, 1, 9, 7]]
[[27, 3, 15, 24, 32, 35, 0, 5, 13, 19, 33, 12, 22, 18, 30, 28, 1, 31, 7, 17, 34, 20, 36], [2, 6, 11, 0, 3, 8, 5, 1, 9, 14], [10, 18, 2, 4, 15, 24, 0, 7, 20, 3, 6, 19, 22, 12, 8, 13, 25, 23, 5, 16, 26], [8, 2, 15, 0, 5, 11, 4, 3, 9, 12, 10, 16, 7, 14, 13], [18, 11, 0, 3, 22, 24, 27, 1, 4, 8, 14, 28, 13, 12, 26, 23, 20, 17, 25, 30, 15], [5, 12, 10, 2, 14, 0, 7, 15, 4, 11, 3, 6, 13, 9, 16], [13, 18, 22, 16, 19, 1, 6, 9, 5, 15, 10, 20, 23, 7]]
[[16, 3, 4, 7, 2, 9, 0, 13, 1, 14, 10], [1, 9, 4, 0, 5, 8, 2, 6], [11, 24, 2, 15, 16, 17, 1, 6, 22, 0, 23, 5, 21, 14, 25, 7, 18, 8, 13, 26], [20, 3, 11, 1, 13, 10, 5, 17, 6, 22, 4, 15, 12, 0, 21, 14, 23, 2, 9, 7, 18, 16], [13, 5, 0, 1, 3, 17, 7, 15, 2, 6, 16, 10, 14, 8, 12], [14, 18, 17, 5, 8, 11, 0, 6, 9, 2, 3, 19, 15, 12, 4], [21, 41, 0, 20, 11, 26, 27, 38, 32, 35, 44, 15, 29, 33, 42, 45, 8, 2, 7, 19, 12, 22, 28, 39, 4, 24, 3, 14, 1, 10, 25, 37, 17, 40, 23, 36, 5, 16, 13]]
[[19, 31, 0, 3, 24, 27, 1, 4, 21, 25, 28, 20, 14, 32, 18, 13, 33, 22, 29, 16], [25, 33, 0, 10, 22, 28, 30, 4, 11, 15, 23, 31, 34, 27, 9, 14, 19, 8, 18, 26, 21, 24, 29, 32, 1, 5, 16], [7, 11, 1, 3, 12, 15, 2, 6, 10, 0, 9, 8], [12, 7, 20, 1, 5, 10, 17, 21, 0, 9, 8, 16, 2, 13, 18], [9, 1, 6, 11, 2, 14, 4, 0, 10, 15, 7], [8, 22, 7, 24, 0, 10, 14, 1, 4, 11, 15, 19, 18, 25, 9, 23, 5, 12], [12, 10, 7, 16, 1, 15, 8, 4, 0, 11, 14, 13, 5, 9, 17, 2], [8, 2, 12, 10, 13, 3, 5, 9, 0, 6, 14]]
[[6, 5, 31, 12, 28, 38, 23, 40, 17, 34, 37, 2, 22, 13, 8, 15, 19, 20, 16, 35, 39, 11, 27, 7, 32, 29, 18, 36, 42, 33, 9, 30], [10, 1, 3, 4, 11, 2, 9, 14, 0, 8, 13, 15], [0, 12, 9, 2, 13, 5, 1, 4, 6], [3, 9, 13, 17, 6, 0, 11, 10, 1, 7, 18, 12, 14, 15], [1, 16, 4, 18, 3, 11, 14, 2, 15, 5, 7, 12], [9, 1, 0, 12, 2, 10, 11], [13, 6, 9, 1, 10, 0, 14, 4, 15, 8], [7, 12, 3, 13, 17, 9, 0, 10, 15, 2, 8, 11, 16], [14, 4, 7, 19, 18, 0, 8, 12, 15, 1, 9], [2, 3, 4, 0], [7, 10, 0, 5, 4, 2], [3, 15, 5, 6, 20, 11, 24, 13, 16, 21, 7, 8, 10, 12, 0, 4, 19, 22, 17]]
[[9, 21, 0, 13, 16, 1, 5, 11, 8, 7, 10, 12, 2], [13, 2, 11, 7, 3, 1, 5, 12, 9, 17, 8, 15, 0, 14, 6], [7, 17, 26, 10, 22, 0, 18, 14, 30, 29, 11, 5, 34, 23, 13, 3, 4, 21, 27, 33, 9, 24, 31, 32, 6, 25], [15, 18, 0, 9, 3, 6, 10, 22, 5, 19, 12, 20, 7, 13, 23], [0, 5, 10, 18, 13, 7, 15, 11, 16, 19, 1, 2, 17, 14, 3], [14, 4, 9, 17, 11, 2, 6, 12, 5, 10, 0, 15, 8, 16, 18, 7], [24, 5, 9, 20, 2, 7, 28, 31, 22, 29, 15, 11, 21, 0, 25, 19, 26, 16, 3, 12]]
[[11, 15, 13, 9, 21, 7, 16, 22, 6, 14, 1, 18, 19, 12, 2, 20], [9, 7, 0, 4, 14, 2, 6, 13, 17, 10, 12, 11, 3], [6, 18, 3, 8, 0, 15, 1, 9, 20, 11, 4, 12, 14, 7, 16, 19, 5, 17], [8, 20, 10, 14, 6, 11, 15, 0, 4, 23, 19, 13, 5, 18, 22, 1, 24], [26, 22, 27, 20, 4, 18, 33, 5, 16, 23, 25, 10, 9, 11, 24, 31, 32, 15, 30, 28, 21, 6, 34], [5, 9, 19, 11, 16, 22, 24, 8, 21, 0, 2, 13, 3, 7, 14, 15, 1, 6, 10, 20, 17]]
[[2, 9, 6, 16, 22, 25, 30, 23, 31, 32, 3, 14, 21, 29, 15, 5, 10, 20, 27, 8, 12, 26, 7], [0, 10, 3, 13, 8, 1, 11, 6, 5], [23, 7, 11, 2, 14, 19, 9, 20, 8, 5, 18, 1, 6, 13, 12, 21, 0, 17, 24, 15, 22], [3, 0, 13, 17, 1, 15, 18, 4, 14, 10, 9, 6, 8, 12, 20, 19], [8, 13, 0, 9, 14, 6, 2, 11, 3, 4, 7, 12], [5, 9, 14, 20, 11, 22, 17, 16, 1, 15, 21, 2, 3, 10, 6, 13, 19, 7, 12, 23], [13, 11, 0, 16, 3, 17, 2, 9, 5, 15, 10, 1, 8, 12, 18, 6], [16, 3, 6, 18, 4, 13, 20, 12, 9, 15, 0, 10, 2, 17, 19]]
[[6, 10, 12, 4, 3, 5, 11, 13], [17, 9, 2, 12, 0, 6, 13, 18, 11, 23, 3, 5, 21, 22, 16, 4, 10, 15, 20, 7], [4, 12, 2, 7, 5, 10, 11, 8], [0, 7, 11, 1, 9], [16, 3, 6, 10, 20, 0, 18, 8, 5, 2, 4, 17, 21, 11], [0, 1], [5, 12, 2, 3, 10, 0, 9, 8, 6, 13], [6, 3, 8, 11, 13, 0, 4, 9, 2, 7], [2, 0, 3], [4, 11, 16, 0, 2, 6, 17, 9, 5, 12, 14, 10, 7], [23, 19, 24, 0, 14, 6, 12, 26, 5, 11, 21, 16, 22, 10, 25, 1, 17, 7], [3, 15, 9, 0, 10, 21, 8, 2, 17, 20, 23, 12, 13, 14, 18, 6], [5, 18, 0, 3, 8, 13, 11, 6, 14, 16, 12, 1, 9, 19], [12, 3, 5, 0, 13, 9, 2, 7, 8], [12, 0, 8, 4, 5, 7, 2], [14, 3, 15, 22, 0, 11, 18, 2, 5, 9, 21, 10, 4, 8, 16, 20, 17, 19, 6, 23], [10, 7, 11, 4, 14, 0, 13, 5, 8, 2]]
[[15, 3, 10, 4, 19, 7, 1, 9, 0, 16, 17, 20, 2], [18, 17, 12, 7, 0, 23, 5, 20, 24, 15, 10, 26, 9, 27, 13, 19, 11, 21], [22, 5, 0, 12, 3, 19, 6, 10, 11, 15, 8, 21, 18, 23, 24, 16, 17, 25], [11, 15, 5, 21, 2, 19, 22, 18, 7, 0, 16, 8, 3, 9], [3, 4, 0, 9, 11, 6, 5, 1, 7], [8, 21, 39, 29, 31, 26, 0, 28, 6, 12, 16, 34, 36, 42, 3, 10, 32, 37, 40, 43, 15, 2, 30, 1, 22, 9, 23, 27, 38, 44, 4, 7, 25]]
[[4, 2, 6, 9, 0, 7, 5], [8, 3, 6, 14, 17, 18, 4, 10, 2, 12, 7, 9, 19, 13], [14, 0, 2, 3, 5, 8, 18, 20, 6, 21, 1, 17, 16, 15, 11], [3, 8, 16, 11, 0, 4, 6, 19, 18, 2, 9, 17, 15, 10], [8, 20, 0, 5, 11, 14, 15, 3, 16, 23, 9, 22, 21, 19, 24, 17, 13], [8, 18, 4, 6, 11, 14, 21, 24, 26, 2, 22, 20, 9, 0, 10, 19, 17, 15, 25, 7], [10, 8, 14, 17, 6, 15, 18, 4, 0, 13, 12, 5, 19, 2], [0, 22, 32, 6, 31, 13, 18, 25, 8, 16, 19, 26, 29, 1, 7, 33, 11, 28, 5, 30, 2, 3, 23]]
[[0], [2, 10, 14, 19, 0, 5, 20, 13, 4, 9, 15, 18, 17, 7, 6, 21, 16], [15, 4, 10, 19, 0, 6, 12, 13, 5, 11, 21, 20, 9, 18, 16, 14, 1], [13, 0, 6, 8, 2, 11, 3, 10, 1, 17, 9, 18, 21, 7, 16, 14, 12, 4, 19], [8, 20, 7, 19, 12, 14, 24, 26, 10, 22, 27, 21, 9, 0, 18, 6, 2, 23, 25, 28, 15, 4], [12, 0, 5, 4, 1, 6], [21, 2, 8, 4, 1, 12, 15, 5, 18, 20, 0, 3, 11, 14, 22, 16, 13, 6], [31, 13, 3, 21, 5, 35, 28, 18, 29, 6, 23, 15, 36, 0, 2, 7, 14, 17, 27, 22, 34, 32, 12, 30, 8, 9, 19, 25]]
[[22, 32, 12, 8, 35, 38, 6, 23, 30, 36, 29, 5, 14, 11, 18, 10, 13, 33, 34, 24, 25, 16], [8, 14, 19, 27, 16, 22, 30, 3, 23, 12, 2, 6, 7, 28, 5, 15, 20, 29, 24, 21, 18, 9, 17, 31], [9, 3, 11, 24, 17, 20, 28, 0, 18, 4, 12, 25, 16, 8, 14, 10, 23, 26, 1, 5], [8, 7, 10, 0, 9, 12], [5, 26, 39, 0, 16, 18, 22, 31, 3, 14, 23, 29, 32, 2, 36, 10, 40, 27, 13, 24, 9, 6, 28, 38, 19, 30, 37, 17, 20, 33], [0, 22, 24, 2, 15, 18, 32, 35, 3, 16, 20, 29, 33, 19, 1, 25, 9, 31, 13, 28, 8, 23, 14, 26, 6, 21, 11], [8, 20, 15, 2, 13, 24, 27, 6, 25, 5, 16, 0, 23, 18, 9, 21, 12, 7]]
[[16, 14, 7, 10, 3, 8, 11, 5, 1, 15, 2, 13, 17, 6, 12], [19, 10, 26, 6, 11, 20, 4, 8, 22, 13, 15, 2, 3, 5, 9, 18, 23, 24, 0, 14, 21, 27, 16, 25], [20, 32, 38, 43, 3, 2, 10, 22, 25, 36, 0, 5, 8, 11, 23, 26, 7, 13, 34, 40, 45, 4, 31, 18, 29, 17, 42, 1, 16, 28, 30, 33, 39, 44, 21, 14, 15, 35, 24, 27, 47], [21, 9, 16, 11, 23, 3, 13, 24, 12, 15, 7, 19, 0, 10, 17, 22, 4, 20], [5, 11, 15, 4, 21, 22, 17, 19, 14, 0, 16, 18, 6, 20, 2, 7]]
[[15, 3, 10, 19, 22, 0, 7, 11, 20, 16, 5, 6, 14, 18, 21, 23, 1, 8, 17], [6, 2, 10, 0, 3, 7, 8], [9, 0, 5, 13, 15, 11, 2, 7, 4, 12, 10], [14, 25, 21, 18, 5, 11, 19, 23, 13, 22, 2, 17, 8, 10, 7, 16, 15, 26, 0, 24, 3], [7, 0, 1, 9, 8, 10, 4, 11, 6], [1, 14, 8, 3, 2, 11, 15, 5, 16, 17, 6], [15, 10, 12, 0, 1, 20, 22, 7, 14, 3, 8, 13, 19, 18, 6, 11, 16, 4, 23, 9], [14, 11, 4, 8, 1, 12, 2, 6, 5, 0, 15, 7, 13, 9, 16]]
[[13, 5, 11, 16, 3, 8, 17, 15, 2, 10, 20, 19, 7, 6], [30, 0, 11, 16, 21, 5, 8, 22, 7, 19, 15, 18, 10, 25, 20], [16, 27, 6, 9, 12, 20, 4, 10, 14, 21, 0, 3, 18, 26, 19, 13, 24, 28, 23, 5, 25], [9, 3, 14, 15, 0, 2, 4, 16, 13, 11, 20, 19, 5, 17], [7, 2, 9, 11, 0, 12, 15, 14, 3, 10, 8], [6, 4, 7, 2, 9, 1, 0], [2, 10, 3, 6, 11, 19, 5, 16, 1, 23, 9, 14, 0, 13, 17, 7, 20]]
[[0, 11, 1, 5, 8, 4, 7, 10, 2, 9], [11, 3, 9, 16, 14, 7, 2, 6, 13, 0], [8, 0, 2, 16, 11, 9, 13, 5, 7, 3], [7, 11, 13, 18, 19, 20, 5, 0, 4, 17, 10, 2, 14], [11, 25, 2, 15, 5, 22, 6, 13, 4, 3, 16, 20, 18, 26, 12, 0, 7, 23, 21], [14, 0, 11, 19, 21, 22, 17, 5, 8, 25, 26, 9, 7, 16, 10, 20, 3, 15, 27], [9, 2, 14, 12, 6, 1, 5, 11, 7, 15]]
[[12, 10, 2, 1, 5, 18, 4, 16, 19, 6, 9, 13], [9, 2, 0, 3, 11], [1, 9, 16, 3, 17, 12, 20, 13, 5, 4, 10, 18, 6, 19, 7], [17, 1, 6, 15, 22, 25, 8, 12, 20, 19, 11, 2, 4, 7, 26, 0, 18, 5, 21], [12, 14, 3, 5, 16, 6, 10, 22, 15, 1, 9, 20, 2, 19, 18, 17, 4], [0, 8, 12, 19, 24, 13, 26, 6, 10, 21, 27, 4, 22, 3, 14, 17, 18, 15, 20, 28, 16, 29]]
[[4, 10, 1, 8, 7, 3, 0, 5], [19, 9, 10, 16, 5, 13, 0, 3, 2, 11, 20, 17, 1, 8, 15, 18, 12, 14], [12, 14, 3, 9, 10, 1, 15, 8, 13, 2], [8, 27, 14, 0, 10, 23, 3, 11, 19, 24, 2, 22, 18, 15, 5, 20, 25, 16], [10, 17, 2, 15, 1, 14, 19, 7, 20, 3, 16, 4, 6, 18, 13, 8], [9, 7, 14, 5, 1, 11, 4, 0, 12, 13, 15, 2]]
[[16, 0, 3, 12, 1, 13, 8, 11, 10, 14], [13, 1, 9, 7, 15, 2, 3, 6, 0, 14, 10], [12, 1, 10, 7, 18, 14, 8, 15, 11, 2, 19, 13, 20, 0, 9]]
[[8, 20, 13, 2, 10, 18, 0, 11, 15, 3, 6, 16, 5, 14, 9, 21, 17], [14, 20, 7, 9, 25, 18, 4, 21, 15, 0, 2, 3, 13, 19, 5, 10, 27, 22, 8, 23, 16], [12, 29, 2, 5, 8, 16, 24, 27, 0, 6, 9, 17, 30, 15, 32, 4, 3, 13, 22, 31, 14, 20, 21, 25, 7], [7, 2, 19, 21, 26, 3, 9, 27, 17, 8, 25, 10, 14, 24, 15, 22, 4, 11, 23], [3, 6, 12, 16, 0, 7, 13, 17, 11, 9, 4, 10, 5], [12, 6, 0, 4, 7, 14, 3, 10, 9, 13, 15], [6, 2, 14, 0, 3, 8, 10, 15, 7, 13, 12, 17, 9, 16], [20, 17, 11, 19, 3, 14, 22, 26, 0, 4, 9, 15, 23, 27, 21, 12, 6, 18, 28, 24, 7, 13], [9, 13, 16, 20, 7, 19, 1, 3, 10, 0, 6, 11, 15, 17, 5, 2, 18, 21, 12]]
[[5, 2, 1, 6, 3], [6, 15, 4, 7, 12, 3, 11, 0, 2, 10, 13], [11, 2, 5, 7, 1, 4, 0, 3], [4, 3, 0, 5, 6], [10, 2, 7, 18, 8, 19, 1, 22, 0, 17, 24, 3, 6, 23], [10, 1, 4, 3, 2, 0, 5], [3, 0, 6, 4], [9, 12, 17, 1, 3, 7, 24, 26, 4, 14, 18, 22, 27, 2, 21, 20, 13, 0, 25, 5, 15], [20, 7, 12, 4, 10, 13, 9, 3, 0, 8, 5]]
[[15, 17, 2, 6, 9, 13, 18, 8, 12, 0, 11, 3], [6, 8, 15, 3, 11, 20, 26, 4, 12, 21, 25, 1, 16, 17, 0, 9, 18, 10, 19, 22, 24, 27], [8, 11, 0, 2, 5, 10, 4, 12, 6], [9, 6, 2, 1, 5, 0, 10, 7, 8], [0, 4, 11, 3, 10, 7, 6, 8, 12], [6, 8, 2, 15, 18, 3, 11, 16, 14, 10, 1, 0, 7, 19, 20], [4, 6, 15, 7, 12, 3, 11, 0, 2, 10, 5, 13], [19, 6, 15, 27, 2, 7, 10, 16, 20, 24, 12, 4, 0, 14, 23, 28, 5, 29, 25], [0, 2, 1], [3, 6, 0, 2, 5, 1, 4]]
[[17, 12, 5, 20, 9, 21, 4, 8, 13, 3, 15, 11, 6, 0, 18], [10, 5, 14, 3, 12, 1, 2, 0, 11, 15], [4, 14, 19, 20, 7, 22, 12, 23, 1, 17, 18, 0, 11, 16, 21], [3, 5, 0, 6], [24, 16, 25, 13, 21, 29, 0, 5, 10, 22, 17, 2, 4, 19, 9, 3, 18, 26, 7, 6, 11, 27, 30, 20], [5, 7, 2, 12, 9, 4, 8, 3, 6, 10], [12, 1, 14, 17, 18, 2, 4, 5, 0, 13, 15, 10, 6, 7], [2, 6, 11, 7, 3, 0, 4, 12, 8, 9], [9, 3, 5, 11, 13, 0, 2, 6, 4, 10, 12], [0, 9, 11, 6, 3, 4, 10, 1, 2, 12], [0, 10, 12, 4, 7, 2, 1, 16, 8, 11, 13, 20, 6, 17, 19, 14], [13, 4, 17, 2, 6, 19, 10, 0, 11, 21, 20, 3, 7, 18, 8, 14, 22, 23], [16, 15, 7, 14, 8, 12, 1, 4, 11, 5, 19, 0, 6, 20, 9, 2]]
[[7, 9, 3, 14, 17, 23, 26, 0, 11, 15, 18, 24, 6, 10, 5, 22, 8, 27, 4, 12, 19], [13, 4, 2, 7, 10, 0, 8, 11, 5, 6], [13, 23, 0, 7, 11, 18, 25, 5, 8, 26, 28, 17, 4, 3, 16, 1, 9, 19, 21], [3, 13, 8, 5, 17, 4, 14, 0, 16, 2, 12, 11, 6, 10], [13, 23, 6, 18, 0, 1, 4, 8, 21, 25, 7, 19, 17, 24, 16, 26], [14, 10, 16, 8, 21, 5, 18, 22, 17, 0, 12, 4, 15, 9, 19, 2], [4, 15, 12, 2, 9, 13, 16, 6, 0, 5, 8, 10]]
[[17, 1, 7, 4, 15, 19, 9, 3, 2, 20, 14, 8, 18, 5, 10, 21, 12], [5, 11, 19, 1, 9, 15, 2, 3, 12, 0, 8, 14, 10, 16, 18, 4], [3, 26, 9, 20, 0, 6, 24, 4, 23, 11, 18, 10, 13, 17, 8, 19, 25, 5, 14, 28], [23, 9, 15, 27, 11, 5, 25, 20, 6, 21, 1, 10, 28, 16, 29, 4, 18, 0, 24, 14, 26, 2], [5, 1, 8, 12, 3, 9, 14, 16, 2, 13, 6, 10], [16, 20, 24, 27, 10, 17, 21, 26, 9, 15, 14, 19, 22, 25, 29, 18, 28], [1, 15, 11, 8, 14, 7, 17, 6, 16, 2, 18], [4, 19, 8, 15, 23, 12, 7, 11, 0, 16, 20, 2, 5, 13, 17, 21]]
[[2, 18, 8, 12, 20, 3, 9, 13, 21, 0, 5, 19, 22, 7, 17, 23], [14, 5, 12, 17, 2, 6, 18, 8, 4, 9, 19], [13, 7, 3, 11, 1, 4, 9, 8, 0, 5], [17, 14, 0, 13, 5, 8, 6, 2, 16, 15, 18, 4, 1, 19, 12, 7, 9], [14, 2, 15, 32, 7, 8, 18, 3, 9, 16, 19, 27, 5, 22, 33, 0, 6, 10, 24, 29, 26, 36, 31, 28, 11, 23, 34], [0, 8, 21, 14, 18, 3, 5, 24, 16, 1, 2, 6, 10, 15, 17, 25, 13, 22, 9, 20, 7, 11], [8, 16, 5, 9, 17, 13, 11, 4, 15, 0, 2]]
[[6, 14, 9, 4, 16, 3, 10, 2, 12, 13, 8, 0], [8, 6, 2, 4, 1, 0, 9, 3, 7], [20, 36, 17, 33, 10, 15, 26, 2, 22, 25, 31, 38, 0, 3, 8, 23, 29, 11, 18, 5, 7, 12, 34, 21, 28, 37, 16, 32, 9, 30, 40, 39, 13], [35, 20, 4, 27, 18, 0, 7, 9, 32, 37, 5, 10, 30, 13, 25, 29, 21, 3, 19, 22, 33, 28, 17, 26, 31, 1, 39, 14]]
[[0, 14, 16, 10, 19, 2, 6, 20, 1, 9, 5, 18, 15, 3, 7, 11, 21], [4, 12, 2, 5, 13, 17, 16, 9, 10], [16, 4, 10, 21, 24, 27, 5, 1, 20, 14, 3, 7, 26, 0, 25, 8, 17, 22, 11, 2], [19, 16, 21, 6, 24, 7, 25, 11, 5, 17, 22, 2, 12, 23, 0, 15, 18, 20, 26, 3]]
[[7, 3, 9, 2, 8, 0, 1, 6, 12, 14], [8, 21, 26, 2, 17, 12, 23, 5, 13, 24, 27, 11, 4, 9, 10, 16, 18, 28, 19, 1], [23, 1, 6, 10, 17, 28, 2, 8, 15, 5, 27, 7, 14, 24, 25, 0, 13, 22, 16, 3, 18, 20, 29], [11, 1, 15, 3, 9, 17, 4, 10, 18, 2, 8, 16, 7, 14, 12], [10, 19, 7, 12, 14, 23, 4, 8, 15, 21, 24, 2, 6, 20, 0, 1, 11, 18], [7, 0, 3, 10, 2, 11, 4, 8], [9, 17, 5, 12, 18, 4, 11, 0, 2, 10, 3, 8, 13, 15], [2, 4, 8, 14, 0, 5, 9, 15, 7, 11, 3, 12]]
[[9, 3, 8, 6, 12, 19, 21, 24, 13, 10, 2, 5, 16, 1, 4, 15, 22, 7, 25, 18], [10, 2, 16, 0, 3, 13, 12, 15], [0, 5, 11, 13, 9, 4, 8, 1, 6], [10, 4, 20, 9, 18, 0, 12, 14, 17, 11, 5, 22, 7, 24, 25, 1, 13], [16, 0, 4, 6, 9, 13, 28, 7, 18, 25, 2, 22, 12, 23, 1, 5, 21, 17, 14, 10, 15, 26, 3], [3, 9, 11, 14, 24, 0, 4, 26, 21, 8, 12, 18, 19, 13, 25, 27, 1, 15, 22]]
[[34, 7, 26, 10, 14, 18, 23, 25, 30, 0, 11, 20, 31, 9, 27, 8, 29, 12, 16, 17, 19, 21, 32], [9, 16, 6, 10, 13, 14, 4, 3, 11, 7, 12, 17, 0, 18, 15], [17, 9, 27, 0, 1, 11, 21, 2, 12, 15, 28, 6, 24, 25, 29, 26, 20, 22, 18, 8, 16], [5, 16, 22, 14, 24, 0, 23, 2, 19, 20, 26, 10, 12, 6, 21, 13, 25, 3, 8]]
[[14, 13, 9, 0, 3, 18, 20, 23, 1, 4, 7, 24, 15, 10, 11, 16, 22, 26, 21, 25, 12], [2, 6, 17, 9, 5, 13, 0, 8, 16, 4, 12, 14, 10, 18], [17, 19, 11, 16, 20, 6, 14, 18, 0, 5, 13, 15, 2, 3, 7, 9], [4, 11, 1, 10, 8, 0, 7, 9, 2, 5], [8, 11, 18, 6, 9, 12, 15, 19, 14, 2, 5, 17, 0, 4, 16, 3], [16, 2, 5, 8, 11, 18, 3, 9, 12, 1, 7, 17, 0, 19], [9, 13, 6, 4, 7, 14, 10, 17, 1, 12, 3, 0, 11, 18], [22, 2, 11, 5, 8, 25, 3, 6, 9, 16, 12, 18, 0, 13, 21, 23, 24, 26, 14, 19]]
[[29, 7, 26, 32, 2, 8, 14, 18, 1, 17, 13, 23, 25, 22, 30, 4, 27, 33, 21, 31, 28, 35], [6, 3, 11, 4, 12, 2, 0, 7], [4, 11, 15, 0, 12, 10, 14, 16, 13], [13, 0, 7, 15, 22, 1, 8, 16, 23, 6, 21, 20, 14, 19, 24], [3, 0, 2, 4], [3, 6, 8, 11, 0, 9, 5, 4, 12, 7], [6, 1, 5, 4, 2, 7], [3, 9, 1, 10, 0, 8, 4, 12], [0, 2], [4, 2, 6, 5, 3, 0, 7]]
[[5, 8, 2, 6, 1, 12, 17, 11, 14, 15, 3, 9, 13], [4, 8, 5, 10, 3, 9, 0], [14, 0, 3, 13, 11, 5, 15, 10, 12, 4, 6], [3, 7, 2, 1, 4, 5], [0, 9, 20, 34, 11, 4, 6, 24, 27, 29, 42, 22, 30, 1, 12, 43, 41, 45, 35, 13, 18, 36, 10, 37, 39, 26, 28, 2, 25, 31, 16], [11, 1, 3, 7, 2, 16, 4, 12, 13, 15, 14, 8], [4, 10, 3, 6, 13, 15, 0, 9, 5, 11, 7, 2, 16]]
[[7, 11, 29, 21, 33, 0, 19, 15, 23, 35, 8, 36, 2, 22, 16, 34, 4, 18, 1, 14, 32, 5, 9, 24, 30], [13, 7, 10, 16, 19, 20, 8, 11, 2, 0, 1, 14, 5, 17, 15, 12], [4, 7, 9, 12, 15, 22, 0, 10, 13, 20, 6, 8, 5, 19, 18, 3], [15, 8, 12, 22, 3, 16, 24, 9, 20, 19, 5, 23, 17, 0, 4, 2, 18, 6, 10]]
[[18, 31, 6, 14, 20, 28, 12, 21, 24, 29, 2, 15, 7, 27, 0, 9, 17, 5, 26, 19, 10, 22, 3], [21, 17, 24, 22, 4, 2, 27, 6, 14, 19, 5, 18, 12, 13, 26, 25, 23, 20, 0, 7, 9, 28, 29], [25, 28, 9, 13, 3, 15, 16, 18, 22, 26, 20, 11, 17, 5, 0, 4, 8, 7, 10, 14, 19, 23, 12], [8, 1, 10, 7, 2, 6, 14, 19, 17, 18, 0, 13, 9, 3, 11, 15], [19, 0, 4, 21, 13, 16, 18, 8, 15, 2, 12, 20, 9, 11, 5, 22], [10, 15, 18, 24, 1, 19, 12, 5, 2, 22, 28, 4, 0, 21, 20, 25, 13, 23]]
[[5, 7, 1, 6, 9, 8, 2], [7, 17, 2, 12, 3, 8, 11, 18, 10, 16, 0, 13], [2, 12, 19, 22, 25, 3, 9, 13, 26, 18, 1, 8, 0, 7, 14, 16, 10, 20, 23], [15, 9, 21, 4, 11, 18, 23, 2, 5, 16, 22, 10, 17, 19, 24, 0], [7, 1, 5, 9, 3, 10, 2, 0], [5, 27, 24, 8, 3, 13, 26, 18, 10, 9, 21, 20, 25, 14, 23, 29, 0, 11, 22, 28], [21, 19, 12, 14, 22, 5, 3, 8, 20, 0, 13, 23, 16, 24, 4, 15, 9]]
[[23, 9, 12, 15, 13, 20, 4, 18, 11, 22, 0, 10, 24, 16, 26, 27, 8, 19, 5, 25], [5, 8, 13, 0, 9, 2, 12, 15, 11, 3, 16], [5, 14, 12, 2, 7, 11, 0, 3, 10, 13, 6, 8], [12, 10, 5, 1, 8, 14, 6, 15, 2, 11, 4, 0, 13, 19, 16], [5, 12, 8, 3, 4, 14, 15, 11, 10, 9, 13, 0], [13, 5, 2, 16, 0, 9, 7, 6, 14, 3], [13, 7, 10, 17, 22, 2, 20, 8, 11, 0, 18, 3, 9, 5, 14, 15]]
[[15, 18, 22, 4, 12, 20, 9, 11, 19, 28, 1, 5, 25, 8, 14, 27, 0, 13, 7, 26, 16, 21, 23, 10, 2, 29], [15, 3, 5, 1, 2, 9, 12, 8, 4, 19, 18, 16, 0], [1, 0, 11, 7, 12, 4, 6, 3, 10, 8, 9, 13, 5], [4, 3, 1], [11, 17, 19, 6, 21, 14, 22, 20, 13, 2, 3, 4, 12, 18, 0, 8, 15, 5], [11, 15, 3, 8, 6, 9, 12, 5, 16, 0, 4, 2, 14], [10, 17, 2, 12, 4, 7, 15, 19, 0, 5, 8, 21, 24, 23, 3, 13], [30, 23, 36, 10, 29, 5, 12, 31, 0, 14, 20, 7, 15, 33, 13, 6, 32, 27, 11, 24, 28, 1, 3, 8, 16, 21, 34, 25], [10, 13, 3, 8, 15, 23, 20, 1, 22, 7, 2, 14, 0, 21, 11, 4, 16, 17, 24]]
[[10, 15, 4, 2, 1, 14, 11, 16, 17, 18], [12, 3, 14, 21, 0, 4, 16, 13, 18, 15, 1, 22, 9, 20], [0, 5, 24, 26, 29, 33, 21, 32, 9, 1, 16, 19, 2, 10, 23, 18, 6, 25, 28, 3, 12], [8, 3, 1, 6, 2, 0, 5, 9, 7], [4, 10, 14, 13, 1, 9, 7, 6, 8, 15, 2], [9, 3, 10, 14, 0, 4, 2, 6, 7, 16, 12, 15, 8], [20, 26, 2, 11, 13, 4, 17, 28, 0, 15, 33, 32, 3, 14, 10, 31, 23, 9, 21, 16, 34, 18, 24], [8, 11, 3, 9, 14, 4, 13, 2, 6, 12, 15, 16, 10, 0, 7], [11, 29, 12, 2, 19, 14, 23, 26, 36, 39, 8, 15, 40, 22, 7, 21, 0, 32, 33, 18, 13, 30, 24, 9, 27, 37, 5, 35]]
[[31, 12, 14, 22, 25, 28, 36, 7, 23, 32, 6, 11, 26, 10, 35, 27, 33, 13, 24, 30, 37, 29, 34], [5, 14, 6, 13, 0, 9, 2, 3, 8, 11, 4], [20, 29, 31, 28, 3, 10, 13, 23, 25, 34, 4, 21, 9, 30, 7, 0, 6, 2, 12, 17, 32], [8, 20, 22, 35, 44, 19, 5, 11, 13, 17, 24, 27, 29, 9, 14, 25, 38, 40, 45, 23, 47, 21, 37, 34, 42, 33, 41, 46, 15, 0, 43, 48], [32, 13, 10, 20, 8, 12, 4, 15, 30, 16, 21, 26, 9, 14, 25, 19, 22, 27, 18, 17, 0, 3, 23, 28], [20, 4, 13, 17, 7, 14, 6, 11, 1, 3, 10, 8, 15, 18, 21, 2], [31, 8, 10, 0, 21, 6, 7, 16, 3, 29, 1, 4, 24, 9, 17, 23, 20, 15, 11, 12, 25, 27, 18]]
[[5, 7, 2, 9, 12, 1, 13, 14, 6, 11, 10, 3], [17, 3, 15, 0, 8, 24, 4, 9, 19, 6, 23, 18, 7, 13, 1, 25, 10, 21], [4, 7, 13, 6, 12, 1, 2, 3, 10, 11, 16, 0, 17], [12, 29, 32, 22, 1, 15, 18, 34, 2, 6, 16, 19, 23, 35, 25, 5, 4, 26, 27, 33, 0, 30, 7, 36, 28], [5, 20, 19, 10, 13, 16, 22, 0, 14, 21, 8, 9, 12, 17, 6, 23], [21, 2, 6, 8, 14, 15, 0, 3, 5, 9, 11, 16], [10, 15, 2, 11, 17, 3, 6, 18, 5, 1, 16, 0, 13, 7], [16, 23, 8, 2, 11, 21, 0, 3, 17, 5, 9, 6, 7, 20, 18], [16, 30, 2, 23, 9, 12, 33, 3, 10, 13, 32, 1, 5, 24, 19, 27, 28, 8, 26, 0, 17, 18, 29, 21, 11, 34, 6]]
[[15, 8, 11, 17, 20, 6, 12, 18, 21, 1, 16, 5, 0, 14, 13, 9, 22, 3], [7, 1, 11, 16, 4, 15, 9, 13, 2, 12, 6], [2, 8, 18, 14, 3, 0, 20, 16, 13, 11, 17, 10, 12, 15, 19, 4, 6], [3, 16, 18, 22, 9, 23, 5, 14, 19, 0, 2, 8, 21, 4, 13, 17, 10, 24, 6, 15], [8, 16, 2, 14, 0, 5, 11, 6, 10, 9, 3, 7, 12], [11, 6, 13, 3, 14, 1, 7, 10, 0, 12, 4, 2, 8], [14, 19, 0, 11, 17, 9, 12, 15, 20, 4, 8, 3, 1, 21, 6]]
[[10, 6, 12, 2, 9, 0, 3, 8, 1, 5, 11, 13], [10, 30, 5, 19, 22, 27, 2, 8, 17, 0, 18, 21, 16, 11, 31, 6, 12, 32, 33, 20, 3, 13, 23, 28, 9], [24, 14, 26, 10, 17, 7, 3, 12, 25, 2, 5, 0, 6, 23, 13, 22, 15], [8, 17, 11, 19, 23, 18, 1, 6, 13, 25, 12, 21, 22, 24, 20, 0, 14, 2, 5], [3, 14, 17, 9, 18, 11, 22, 0, 15, 20, 4, 1, 5, 6, 12], [11, 2, 8, 7, 1, 6, 12, 9], [12, 14, 11, 19, 0, 4, 2, 13, 10, 15], [0, 11, 4, 8, 3, 1, 12, 9, 13], [1, 2, 4, 0, 3], [6, 19, 2, 8, 16, 21, 0, 15, 14, 5, 4, 7, 20, 12, 9, 17], [0, 3, 2], [3, 6, 0, 2, 5, 1, 4, 7]]
[[3, 22, 10, 15, 16, 0, 8, 17, 25, 7, 14, 20, 11, 19, 9, 12, 18, 21], [10, 4, 8, 12, 6, 2, 18, 15, 14, 5, 0, 3, 7, 16], [10, 17, 25, 4, 8, 11, 14, 21, 28, 13, 26, 0, 7, 16, 20, 30, 3, 24, 18, 15, 27, 5, 2], [5, 13, 16, 2, 9, 0, 12, 1, 14], [3, 11, 0, 4, 2, 10, 9, 12], [0, 13, 1, 4, 9, 14, 3, 8, 11, 12, 7], [8, 9, 14, 0, 10, 15, 19, 18, 7, 2, 4, 6, 16, 3], [9, 5, 2, 6, 0, 3], [14, 3, 9, 17, 8, 12, 5, 4, 0, 11, 2, 10, 6, 13], [1, 3, 0, 2], [0, 6, 3, 2, 1, 7, 4]]
[[11, 24, 7, 15, 18, 21, 0, 3, 13, 16, 19, 22, 2, 8, 27, 10, 12, 6, 25, 4], [12, 4, 11, 2, 5, 9, 8, 0, 7, 13], [8, 17, 9, 15, 7, 3, 14, 2, 5, 0, 6, 13], [5, 2, 16, 9, 3, 10, 18, 1, 8, 7, 13, 0, 14], [9, 3, 4, 1, 6, 0, 7], [17, 14, 3, 21, 2, 10, 6, 0, 18, 19, 1, 9, 20, 11, 15, 7], [2, 4, 8, 5, 1, 13, 0, 12, 9, 14], [18, 24, 21, 19, 28, 16, 3, 1, 4, 9, 17, 29, 6, 12, 0, 13, 8, 22, 26, 20, 14]]
[[2, 10, 14, 11, 15, 13, 5, 9, 8, 4, 0, 3, 16], [6, 14, 1, 7, 3, 9, 4, 10, 18, 2, 15, 8, 16, 0, 5, 11, 19], [21, 14, 17, 24, 3, 9, 15, 18, 25, 23, 2, 6, 11, 13, 8, 5, 22, 4, 0], [9, 34, 31, 15, 25, 30, 36, 0, 5, 13, 16, 26, 37, 23, 2, 4, 10, 32, 24, 33, 11, 12, 35, 7, 6, 27], [3, 16, 19, 30, 4, 9, 17, 20, 26, 31, 23, 8, 25, 29, 13, 14, 12, 24, 11, 0, 5, 10, 32], [18, 23, 2, 4, 1, 27, 7, 11, 20, 5, 12, 15, 21, 24, 29, 3, 28, 26, 0, 10], [22, 24, 9, 17, 2, 10, 18, 27, 31, 26, 7, 16, 33, 5, 0, 34, 30, 3, 6, 15, 23, 32, 25, 19], [0, 8, 27, 13, 19, 22, 4, 10, 14, 20, 23, 3, 2, 17, 9, 28, 29, 1, 7, 26, 18, 11, 24], [47, 44, 41, 6, 15, 27, 43, 0, 19, 21, 38, 49, 1, 22, 36, 50, 46, 8, 34, 30, 13, 7, 18, 29, 35, 45, 16, 12, 26, 33, 48, 42, 39, 17, 31, 23, 2, 9, 51]]
[[9, 11, 3, 14, 0, 4, 13, 6, 7, 10, 15, 8], [21, 6, 9, 15, 18, 24, 0, 10, 16, 19, 25, 23, 13, 5, 4, 22, 7, 14, 20, 1], [11, 17, 21, 0, 8, 22, 18, 20, 3, 4, 15, 7, 16, 12, 5, 13, 14], [1, 16, 7, 10, 8, 11, 17, 3, 14, 20, 5, 19, 0, 15, 6, 21], [0, 2, 1]]
[[2, 1, 0, 8], [12, 2, 13, 1, 19, 5, 16, 18, 10, 0, 15, 17, 21, 3, 14, 6, 7], [30, 7, 27, 4, 16, 23, 14, 21, 3, 11, 28, 0, 5, 19, 32, 8, 6, 26, 1, 31, 17, 24, 2, 18], [2, 11, 4, 14, 17, 19, 5, 15, 20, 8, 12, 0, 3, 10, 13, 18, 22, 6, 21], [16, 17, 18, 4, 13, 2, 24, 29, 31, 22, 28, 6, 11, 27, 0, 14, 7, 8, 20, 25, 26, 32], [6, 10, 1, 4, 13, 14, 0, 7, 8, 11, 2, 12], [36, 26, 21, 5, 14, 16, 23, 33, 3, 24, 20, 7, 27, 12, 19, 37, 22, 17, 25, 34, 8, 9, 29], [14, 20, 13, 22, 3, 18, 23, 7, 26, 2, 15, 1, 17, 0, 21, 12, 4, 24], [5, 10, 3, 6, 2, 13, 14, 11, 12, 16], [15, 5, 9, 7, 10, 1, 6, 4, 13, 16, 17, 11], [12, 1, 9, 6, 10, 3, 2, 5, 0, 13, 14]]
[[2, 9, 5, 11, 7], [11, 7, 0, 2, 3, 12, 5, 13, 9, 14, 4, 6], [25, 19, 11, 14, 22, 1, 17, 4, 7, 10, 15, 18, 2, 13, 16, 5, 6, 8, 20], [10, 3, 4, 1, 8, 7, 11, 5, 12, 9], [8, 24, 17, 3, 5, 12, 15, 21, 1, 19, 6, 11, 16, 18, 4, 0, 14, 9, 26, 7, 2], [23, 5, 13, 8, 11, 17, 6, 18, 4, 0, 14, 15, 9, 19, 2], [15, 24, 1, 2, 6, 12, 9, 18, 3, 0, 25, 27, 23, 4, 10, 19, 21, 28, 29, 22], [6, 5, 10, 12, 14, 2, 8, 1, 7, 4], [20, 1, 3, 0, 8, 11, 7, 14, 2, 4, 9, 15], [3, 9, 1, 5, 12, 17, 20, 10, 21, 14, 4, 2, 15, 11, 0, 6, 18, 16], [17, 29, 35, 32, 5, 34, 0, 15, 24, 37, 7, 30, 38, 36, 6, 14, 11, 4, 18, 23, 33, 25, 1, 8, 16, 20, 26, 39, 40]]
[[22, 11, 2, 5, 16, 0, 14, 20, 13, 9, 19, 12, 21, 10], [5, 10, 13, 16, 3, 18, 1, 2, 0, 6, 8, 14], [1, 9, 3, 5, 7, 10], [2, 15, 19, 9, 12, 17, 22, 0, 13, 7, 25, 4, 11, 6, 16, 8, 20], [16, 21, 9, 17, 11, 13, 14, 19, 7, 3, 10, 6, 18, 22, 8, 0, 4], [5, 13, 11, 8, 0, 2, 7, 10, 14, 15, 3], [8, 4, 6, 1, 10, 3, 0, 11], [0, 15, 27, 7, 18, 22, 19, 1, 12, 11, 26, 2, 3, 5, 13, 20], [0, 5, 12, 1, 11, 2, 9, 3, 7]]
[[8, 11, 6, 15, 20, 22, 24, 25, 3, 16, 12, 14, 18, 13, 23], [0, 1, 2, 5, 3], [3, 8, 10, 11, 2, 5, 6, 4, 12], [9, 7, 20, 18, 14, 0, 3, 8, 2, 10, 4, 11, 12, 15], [3, 15, 11, 18, 8, 21, 4, 17, 16, 7, 14, 0, 1, 5, 9], [3, 5, 9, 11, 0, 12, 8, 2, 6, 15, 10, 13], [16, 0, 6, 7, 10, 1, 5, 17, 21, 13, 19, 20, 8, 18], [24, 1, 15, 8, 11, 7, 26, 3, 17, 21, 6, 20, 14, 25, 9, 22, 4, 18], [2, 4, 0, 3, 5], [5, 16, 0, 3, 12, 11, 9, 2, 13, 8, 10, 14, 17], [1, 5, 2, 4, 8, 13, 10, 0, 3, 6, 11, 15], [14, 17, 7, 19, 9, 22, 15, 20, 3, 8, 0, 21, 2, 6, 18, 4, 12]]
[[12, 19, 21, 6, 16, 8, 1, 22, 5, 0, 14, 7, 17, 23, 3, 10], [7, 10, 15, 20, 25, 22, 23, 0, 26, 2, 19, 11, 12, 16, 3, 4, 5, 27, 14], [7, 12, 18, 25, 9, 15, 20, 23, 22, 1, 5, 16, 0, 8, 14, 10, 21, 26, 2, 6]]
[[3, 0], [7, 2, 9, 0, 1, 13, 6, 12, 8, 3], [2, 5, 1, 4, 0]]
[[13, 18, 4, 9, 0, 5, 10, 12, 15, 21, 24, 8, 17, 2, 14, 16, 25], [5, 18, 3, 16, 19, 21, 2, 11, 0, 12, 15, 1, 9, 6, 13], [12, 15, 0, 8, 23, 3, 9, 24, 14, 18, 7, 19, 5, 13, 20, 21, 11], [14, 6, 11, 0, 4, 16, 3, 12, 8, 13, 9, 5], [16, 2, 12, 23, 0, 3, 7, 13, 17, 24, 22, 6, 11, 25, 14], [18, 21, 16, 4, 9, 23, 2, 5, 10, 19, 14, 0, 22, 17, 7, 25, 24, 15], [3, 6, 15, 18, 12, 8, 20, 0, 13, 16, 4, 7, 19, 9, 21]]
[[11, 14, 8, 16, 20, 6, 5, 12, 15, 10, 0, 1, 3], [9, 18, 1, 3, 12, 14, 11, 10, 2, 8, 0, 13], [5, 8, 7, 14, 0, 12, 2, 11, 6, 9, 17, 3], [7, 11, 10, 0, 9, 2, 3, 5], [16, 22, 9, 18, 7, 12, 14, 1, 13, 0, 11, 6, 10, 20, 5, 21, 23, 8, 17, 2], [2, 17, 10, 3, 1, 8, 15, 18, 19, 0, 7, 14, 9, 4, 11, 13, 20], [8, 22, 1, 10, 19, 5, 14, 3, 12, 2, 20, 0, 9, 18, 11, 23, 13, 15], [7, 13, 10, 0, 9, 12, 2, 3, 5], [17, 18, 28, 1, 3, 6, 8, 13, 22, 25, 4, 9, 2, 20, 32, 31, 7, 26, 0, 21, 23, 27, 5, 33]]
[[15, 0, 21, 5, 8, 10, 2, 16, 22, 4, 24, 1, 20, 17, 9, 18], [18, 13, 14, 3, 17, 8, 20, 9, 19, 4, 0, 6, 2, 15, 21, 7, 22], [9, 1, 3, 5, 6, 2, 4, 11, 0, 10, 12], [11, 3, 15, 4, 0, 6, 2, 7, 16, 17], [1, 13, 3, 2, 0, 14, 4, 16, 15], [13, 3, 9, 16, 18, 15, 4, 0, 6, 8, 17, 2, 14, 10, 11], [1, 5, 10, 13, 12, 3, 2, 11, 0, 6, 4, 7], [15, 19, 3, 7, 2, 0, 8, 20, 4, 16, 17, 21], [8, 3, 1, 10, 6, 2, 5, 0, 4, 11, 12]]
[[17, 7, 13, 20, 25, 0, 11, 22, 18, 10, 21, 16, 24, 15, 1, 2, 23, 26], [12, 2, 0, 5, 3, 4, 13], [3, 8, 10, 11, 14, 5, 4, 6, 12], [33, 2, 3, 15, 28, 9, 24, 10, 16, 22, 30, 40, 44, 6, 50, 14, 19, 29, 42, 0, 43, 46, 47, 38, 13, 34, 54, 39, 17, 48, 51, 36], [10, 2, 12, 0, 7, 13, 3, 6, 11, 14], [17, 20, 2, 13, 25, 18, 23, 22, 6, 1, 7, 21, 10, 3, 5, 26, 4, 11, 8], [28, 9, 30, 5, 10, 15, 18, 14, 21, 3, 26, 22, 0, 4, 13, 2, 23, 25, 29, 31, 6, 16, 27]]
[[10, 12, 19, 0, 2, 3, 18, 5, 15, 20, 4, 13], [12, 19, 10, 3, 5, 15, 23, 26, 6, 16, 24, 2, 14, 21, 11, 0, 1, 9, 13, 20, 27], [19, 26, 31, 16, 0, 5, 34, 6, 32, 35, 4, 21, 28, 38, 17, 9, 24, 3, 8, 15, 20, 27, 18, 30, 1, 36, 11, 23], [63, 2, 21, 29, 34, 45, 67, 18, 54, 5, 37, 71, 74, 6, 35, 38, 46, 72, 75, 4, 23, 31, 41, 48, 69, 78, 56, 19, 9, 59, 0, 15, 27, 44, 50, 55, 60, 61, 62, 64, 3, 8, 17, 22, 30, 53, 58, 68, 65, 20, 33, 79, 39, 73, 76, 12, 26, 51]]
[[9, 21, 14, 6, 17, 5, 16, 4, 18, 20, 23, 24, 10, 22, 12, 0, 25], [0, 5, 1, 2, 6, 3], [2, 9, 1, 6, 7, 0, 3, 10, 8], [7, 12, 15, 9, 5, 11, 13, 6, 0, 3], [10, 16, 18, 19, 3, 7, 13, 0, 6, 1, 5, 11, 17, 20, 14, 8], [10, 7, 2, 12, 3, 6, 9, 0, 4], [11, 16, 0, 10, 13, 6, 2, 7, 8, 12, 19, 3, 14, 17, 9], [8, 10, 13, 20, 21, 11, 3, 17, 18, 6, 9, 16, 15, 0, 14, 4], [28, 2, 25, 6, 10, 12, 33, 13, 32, 26, 21, 1, 7, 22, 23, 0, 20, 29, 31, 15, 37, 3, 8, 14, 18, 27, 36, 34, 24], [10, 5, 12, 3, 16, 6, 11, 13, 0, 7, 14, 4], [5, 0, 13, 1, 10, 6, 9, 4, 14, 11, 15, 7], [14, 20, 10, 7, 11, 16, 22, 5, 0, 6, 15, 18, 24, 21, 2, 8, 19]]
[[12, 9, 3, 7, 2, 14, 10, 0, 11, 1, 8, 13, 15], [11, 2, 7, 4, 9, 5, 12, 1, 8, 0, 3, 15, 13], [17, 27, 30, 3, 5, 12, 24, 32, 0, 14, 7, 19, 28, 6, 25, 13, 9, 26, 4, 23, 29, 18, 33, 10, 22, 1, 20], [0, 2, 11, 6, 18, 4, 20, 3, 13, 16, 1, 10, 17, 21, 19, 7, 14], [17, 22, 12, 25, 2, 10, 14, 20, 24, 1, 9, 6, 13, 5, 7, 23, 19, 21, 26, 3], [12, 6, 20, 2, 9, 14, 18, 21, 17, 1, 8, 7, 11, 5, 13, 19]]
[[4, 2, 9, 6, 12, 16, 20, 30, 7, 10, 13, 17, 5, 15, 1, 24, 23, 3, 14, 21, 18, 29], [0, 17, 3, 15, 7, 14, 6, 8, 12, 11, 9], [25, 14, 8, 3, 23, 27, 36, 4, 21, 34, 16, 10, 20, 11, 28, 35, 15, 19, 26, 30, 17, 5, 12, 38], [6, 15, 2, 16, 18, 11, 1, 21, 9, 13, 10, 19, 3, 14], [19, 16, 4, 15, 9, 12, 6, 17, 1, 5, 2, 0, 3, 20, 7], [23, 5, 2, 3, 17, 25, 7, 10, 28, 8, 11, 6, 19, 0, 12, 18, 27, 21, 31, 16, 24, 26, 32, 13]]
[[8, 4, 10, 14, 0, 12, 11, 6, 2, 5, 15, 16], [3, 5, 1, 8, 4, 6, 2], [4, 12, 3, 1, 9, 11, 13, 7, 6, 14], [12, 9, 2, 1, 3, 6, 13, 14], [2, 5, 8, 6, 10, 1, 3], [11, 3, 13, 9, 2, 8, 0, 1, 12, 6, 14], [13, 5, 9, 0, 3, 7, 14, 17, 6, 2, 20, 15, 16, 10, 18], [8, 6, 2, 5, 4, 0, 9], [20, 23, 14, 17, 25, 29, 2, 15, 27, 26, 8, 12, 1, 13, 19, 5, 6, 18, 0, 7, 21, 30, 9], [17, 2, 14, 5, 12, 11, 10, 7, 0, 19, 18, 15, 16, 3], [0, 2, 1]]
[[3, 6, 13, 9, 10, 14, 18, 7, 0, 5, 17, 19, 11, 2], [2, 0, 5, 7, 4, 12, 9, 3, 8, 6, 1, 10, 13], [7, 0, 3, 6, 4], [3, 1, 6, 0, 5, 7, 2], [0], [5, 8, 2, 6, 0, 9, 4], [3, 1, 6, 0, 5, 7, 2], [0], [0, 14, 4, 7, 15, 21, 5, 11, 20, 8, 2, 3, 16, 17, 10, 18, 19, 22, 9], [11, 16, 7, 18, 5, 9, 8, 13, 4, 0, 14, 20, 19, 2]]
[[0, 8, 13, 16, 10, 1, 9, 5, 2, 15, 3, 11, 14], [3, 9, 14, 6, 12, 2, 5, 4, 7], [2, 13, 0, 7, 11, 17, 14, 16, 4, 10, 6, 19, 12, 18], [6, 4, 2, 9, 7, 0, 8, 10], [3, 13, 15, 9, 21, 28, 0, 10, 18, 24, 16, 2, 5, 27, 20, 26, 7, 14, 25, 17, 19, 29], [34, 4, 24, 28, 37, 41, 2, 6, 18, 20, 25, 29, 38, 42, 9, 32, 5, 17, 0, 15, 16, 35, 19, 40, 44, 21, 30, 33, 39, 43], [5, 18, 1, 7, 12, 27, 9, 13, 19, 25, 28, 21, 8, 23, 2, 4, 17, 24, 0, 3, 22, 26, 29, 10, 14], [9, 14, 17, 11, 1, 3, 10, 6, 5, 0, 2, 16, 12, 15], [3, 6, 0, 2, 5, 1, 4, 7]]
[[16, 8, 19, 5, 4, 18, 9, 11, 7, 12, 20], [16, 1, 3, 8, 10, 5, 24, 2, 17, 23, 4, 18, 0, 14, 6], [6, 14, 0, 15, 1, 4, 8, 16, 11, 12], [3, 2, 14, 7, 11, 17, 4, 8, 15, 18, 20, 1, 10, 0, 5], [3, 12, 6, 20, 0, 4, 7, 18, 17, 15, 2, 9, 10, 14, 13, 22, 21, 23], [27, 24, 29, 0, 22, 25, 8, 6, 10, 15, 28, 20, 5, 21, 9, 19, 11], [5, 12, 26, 1, 14, 15, 22, 2, 24, 3, 7, 9, 18, 0, 13, 6, 16, 27, 4, 19, 25]]
[[14, 9, 2, 7, 1, 6, 5, 3], [11, 9, 14, 1, 7, 12, 4, 10, 0, 5, 15], [17, 10, 16, 0, 2, 14, 22, 12, 24, 5, 20, 6, 7, 13, 21, 11, 19, 4, 8], [5, 7, 2, 9, 8, 6, 0, 4], [24, 3, 22, 18, 0, 10, 12, 8, 13, 16, 5, 25, 19, 7, 4, 17, 23, 1, 20], [9, 15, 0, 6, 21, 11, 18, 1, 12, 16, 19, 7, 5, 22, 20], [15, 5, 23, 1, 9, 10, 11, 19, 27, 2, 12, 16, 21, 25, 28, 6, 31, 7, 20, 0, 24, 22, 17, 4, 8], [14, 24, 18, 8, 17, 20, 28, 32, 11, 25, 30, 33, 2, 10, 36, 19, 0, 31, 21, 29, 16, 3, 22, 34, 7], [7, 1, 3, 9, 5, 0, 2], [3, 6, 0, 2, 5, 1, 4, 7]]
[[13, 18, 7, 15, 5, 14, 17, 19, 6, 16], [11, 7, 4, 2, 1, 8, 6, 9], [10, 5, 6, 9, 8, 4, 7, 11, 0], [10, 7, 9, 0, 5, 4, 11, 2], [9, 3, 10, 6, 0, 4, 1, 2, 11, 12, 7, 5, 13], [10, 2, 4, 6, 8, 5, 1, 0, 7], [7, 1, 9, 16, 2, 5, 4, 10, 14, 0, 3, 8, 11, 17, 19, 12], [14, 17, 12, 16, 2, 5, 11, 0, 7, 15, 18, 6, 19, 3, 9], [11, 2, 7, 13, 9, 1, 8, 0, 14, 3, 15], [0, 1, 17, 2, 13, 12, 14, 8, 11, 5, 15], [5, 15, 11, 17, 7, 3, 9, 2, 13, 0, 19, 1, 16, 18, 14, 20], [11, 9, 1, 2, 15, 16, 17, 18, 7, 0, 3, 14, 5]]
[[11, 6, 8, 13, 17, 2, 14, 1, 7, 9, 5, 15], [6, 3, 2, 11, 0, 5, 1, 10, 7], [6, 4, 9, 8, 7, 12, 14, 3, 11, 5, 1], [7, 2, 8, 1, 5, 0, 11, 9], [17, 19, 9, 15, 2, 12, 0, 5, 14, 1, 6, 20], [11, 14, 0, 2, 9, 15, 20, 6, 8, 18, 21, 5, 16, 17, 19], [8, 13, 3, 10, 0, 6, 15, 5, 19, 4, 20, 18, 9, 14, 11], [0, 8, 5, 12, 13, 1, 9, 11, 15, 2, 3, 14, 10], [11, 2, 17, 15, 4, 8, 19, 21, 0, 18, 3, 9, 16, 22, 20, 5]]
[[14, 7, 4, 6, 0, 9, 8, 5, 3, 2, 10], [19, 10, 7, 17, 22, 2, 8, 12, 1, 15, 20, 6, 0, 5, 11, 23, 3, 21], [8, 29, 2, 11, 19, 23, 35, 0, 4, 12, 24, 36, 32, 3, 16, 9, 15, 10, 20, 13, 17, 30, 37, 38, 22], [3, 0, 9, 5, 4, 6, 7, 10], [16, 8, 3, 20, 0, 5, 11, 17, 7, 10, 14, 27, 22, 23, 28, 4, 9, 25, 15, 1, 18], [15, 9, 19, 5, 2, 16, 1, 4, 17, 0, 14, 7, 8, 10], [25, 5, 17, 22, 27, 3, 7, 2, 6, 11, 21, 18, 0, 10, 16, 19, 12, 23, 30, 13, 28], [16, 0, 8, 4, 13, 18, 22, 24, 21, 1, 3, 9, 2, 11, 7, 14, 25], [17, 8, 14, 2, 5, 19, 22, 4, 11, 0, 16, 21, 13, 15, 10, 18, 6]]
[[11, 19, 3, 2, 5, 8, 14, 17, 15, 6, 13, 4, 7, 1, 9], [0, 17, 2, 10, 25, 4, 20, 3, 19, 11, 7, 14, 23, 6, 13, 24, 16, 1, 9, 12, 18, 22, 26], [5, 15, 17, 10, 16, 3, 19, 20, 13, 8, 23, 14, 0, 22, 18, 11, 2, 9], [8, 10, 5, 0, 12, 6, 15, 16, 11, 14, 9, 17, 3, 18, 7], [31, 25, 37, 5, 6, 19, 28, 16, 9, 27, 13, 38, 15, 26, 34, 4, 0, 12, 32, 24, 36, 21, 7, 17, 29, 30, 35, 2, 10], [21, 24, 4, 11, 10, 0, 19, 28, 33, 29, 32, 14, 5, 12, 25, 7, 26, 3, 9, 27, 34, 1, 15, 18, 30], [8, 2, 1, 4, 6, 3, 9, 0]]
[[22, 12, 14, 17, 6, 9, 0, 7, 15, 18, 13, 24, 11, 25, 3, 19], [13, 2, 4, 8, 14, 19, 20, 3, 7, 17, 5, 15, 0, 18], [24, 5, 20, 22, 21, 4, 13, 19, 0, 12, 18, 2, 6], [38, 2, 15, 29, 18, 13, 5, 6, 26, 36, 7, 24, 33, 17, 4, 30, 3, 32, 23, 14, 28, 0, 9, 39, 40], [22, 26, 28, 9, 15, 0, 14, 3, 13, 19, 21, 16, 1], [17, 39, 69, 2, 24, 58, 32, 64, 22, 5, 9, 28, 37, 55, 61, 49, 53, 62, 65, 47, 26, 45, 52, 3, 59, 51, 41, 71, 23, 57, 27, 46, 34, 56, 67, 72, 0, 18, 19, 33, 40, 50, 66, 36], [5, 18, 26, 19, 3, 8, 11, 14, 28, 12, 15, 29, 10, 1, 24, 23, 0, 6, 21, 27, 9, 30, 25]]
[[19, 1, 15, 3, 8, 11, 27, 30, 4, 9, 12, 24, 31, 26, 17, 2, 23, 28, 16, 20, 21, 29, 32, 18], [20, 12, 3, 15, 16, 31, 33, 4, 10, 13, 21, 28, 34, 30, 1, 9, 26, 18, 27, 8, 25, 17], [21, 31, 13, 9, 3, 6, 28, 33, 1, 4, 7, 14, 26, 29, 0, 16, 10, 11, 20, 23, 18, 25, 15, 22, 32, 34, 30, 12, 19], [37, 1, 32, 9, 12, 15, 22, 45, 7, 10, 13, 16, 20, 27, 40, 46, 39, 51, 3, 43, 29, 2, 26, 33, 35, 6, 0, 38, 41, 34, 8, 17, 52, 4, 36], [18, 29, 4, 11, 27, 2, 7, 1, 17, 22, 10, 15, 0, 14, 16, 20, 19, 6, 12, 23, 26], [6, 21, 14, 24, 11, 28, 12, 29, 16, 26, 3, 0, 4, 9, 19, 2, 15, 25, 7, 22, 5, 17, 27]]
[[4, 14, 16, 2, 17, 12, 1, 10, 8, 7, 9, 5, 15, 3, 18], [0, 19, 29, 9, 6, 16, 24, 10, 15, 1, 7, 5, 14, 20, 17, 2, 3, 21], [8, 2, 1, 0, 4, 6, 9], [10, 14, 23, 3, 12, 18, 4, 0, 2, 15], [8, 13, 1, 15, 16, 3, 2, 12, 10, 0, 14, 11], [7, 3, 14, 18, 21, 15, 10, 0, 4, 13, 2, 12, 5, 11, 22, 19], [1, 6, 9, 15, 11, 3, 13, 2, 0, 12, 4, 7], [2, 16, 10, 6, 14, 7, 3, 0, 11, 4, 9, 12], [6, 14, 24, 15, 22, 25, 9, 2, 21, 20, 4, 0, 18, 12, 13, 10], [6, 8, 1, 7, 0, 5, 2, 3], [8, 10, 0, 6, 9, 11, 12]]
[[13, 16, 11, 2, 8, 17, 15, 6, 12, 9], [11, 14, 13, 5, 0, 6, 4, 9, 2, 15, 10, 3], [2, 0, 8, 12, 3, 5, 11], [5, 20, 7, 14, 23, 10, 13, 22, 6, 19, 21, 15, 24], [2, 12, 22, 3, 17, 19, 0, 16, 21, 6, 11, 5, 7, 10, 8], [14, 9, 5, 16, 3, 10, 0, 12, 6, 8, 17, 7, 15, 18], [19, 7, 26, 22, 0, 15, 8, 16, 20, 30, 11, 14, 4, 29, 5, 32, 25, 3, 23, 27, 1, 6], [13, 18, 6, 23, 15, 21, 5, 12, 10, 0, 17, 11, 7], [0, 9, 11, 5, 14, 1, 12, 13, 2, 6]]
[[14, 16, 6, 10, 18, 7, 0, 4, 15, 17, 11, 8, 2], [8, 6, 12, 11, 0, 10, 5, 2, 13], [0, 20, 6, 11, 15, 1, 8, 5, 2, 3, 21], [24, 12, 20, 22, 0, 8, 16, 26, 9, 5, 15, 13, 25, 4, 23, 3, 11, 14, 18, 19, 17, 6], [8, 16, 2, 13, 6, 4, 10, 3, 0, 5, 17, 11, 15], [5, 12, 6, 0, 10, 4, 11, 13, 7, 14, 2]]
[[14, 8, 10, 19, 4, 16, 3, 9, 15, 7, 6, 18, 5], [12, 20, 3, 8, 18, 4, 9, 16, 1, 23, 0, 15, 2, 5, 13], [7, 17, 1, 11, 14, 3, 12, 2, 0, 10, 4, 8, 15], [0, 14, 1, 6, 10, 3, 7, 5, 2, 15, 8], [18, 23, 3, 6, 8, 21, 29, 32, 0, 4, 9, 19, 30, 11, 2, 28, 16, 17, 7, 24, 25], [6, 5, 12, 20, 8, 18, 3, 7, 17, 11, 0, 2, 16, 4], [14, 21, 10, 0, 6, 7, 13, 11, 15, 17, 3, 22, 23], [20, 28, 22, 5, 16, 25, 9, 17, 2, 8, 13, 1, 15, 4, 0, 12, 21, 24, 10, 26], [12, 2, 7, 1, 6, 11, 0, 5, 13, 14, 3, 8]]
[[12, 3, 8, 13, 6, 0, 15, 9, 16, 2], [7, 13, 20, 23, 10, 21, 19, 0, 17, 24, 6, 15, 2, 8, 14, 18, 9, 11, 25, 4], [11, 7, 15, 5, 16, 4, 13, 0, 8, 14, 2], [12, 4, 14, 1, 8, 17, 19, 0, 7, 6, 13, 15, 16, 2, 9], [11, 5, 9, 13, 2, 0, 6, 7, 12, 3, 14, 8], [10, 18, 5, 8, 0, 12, 13, 14, 19, 4, 7, 16, 20, 21, 2, 9], [8, 19, 5, 21, 6, 13, 22, 2, 4, 11, 3, 10, 12, 9, 0, 14]]
[[24, 11, 13, 4, 1, 18, 26, 7, 19, 6, 2, 12, 28, 5, 10, 27, 29, 8, 14, 17, 3], [3, 9, 2, 16, 10, 19, 0, 5, 20, 1, 4, 8, 17, 6, 11, 12], [32, 2, 4, 7, 17, 21, 26, 0, 5, 8, 11, 22, 10, 3, 15, 14, 18, 19, 25, 16], [17, 10, 23, 5, 14, 25, 1, 12, 15, 4, 11, 20, 24, 0, 9, 22, 6], [0, 9, 10, 5, 1, 8, 2, 7, 3], [6, 14, 2, 4, 7, 11, 20, 0, 9, 12, 19, 3, 17, 8], [16, 11, 13, 17, 0, 19, 24, 31, 3, 7, 14, 25, 6, 12, 33, 18, 10, 32, 34, 8, 20, 23], [5, 7, 11, 3, 10, 1, 6, 2, 9, 12, 0, 13, 8]]
[[8, 14, 22, 16, 2, 0, 6, 11, 10, 4, 5, 15, 17, 18, 13, 21, 12], [17, 19, 2, 13, 6, 9, 7, 10, 1, 4, 15, 14, 0, 3, 12, 16, 5], [15, 26, 17, 3, 30, 0, 7, 23, 34, 4, 8, 21, 24, 32, 6, 31, 18, 11, 20, 10, 29, 16, 22, 1, 12], [4, 2, 8, 15, 9, 12, 18, 5, 14, 19, 20, 13, 0, 6, 3, 16], [5, 7, 20, 25, 13, 15, 10, 22, 18, 23, 17, 1, 16, 4, 0, 14, 8, 2]]
[[5, 10, 3, 2, 8, 9, 7, 6, 11], [15, 1, 6, 8, 4, 2, 3, 0], [16, 19, 4, 13, 23, 0, 11, 20, 2, 8, 10, 21, 1, 7, 17, 24, 6, 15, 25], [3, 23, 10, 26, 0, 18, 28, 14, 30, 29, 27, 11, 13, 9, 4, 19, 24, 22, 1, 5, 15, 20], [5, 14, 0, 3, 12, 2, 9, 11, 8, 15, 7], [7, 2, 3, 11, 1, 8, 10, 0, 6, 5], [9, 2, 15, 0, 5, 13, 4, 3, 12, 10, 11, 16, 17], [17, 27, 2, 13, 20, 8, 23, 25, 28, 22, 32, 7, 11, 0, 30, 12, 18, 31, 19, 29, 9, 21, 14]]
[[7, 21, 5, 20, 9, 17, 26, 10, 8, 2, 13, 22, 14, 23, 12, 6, 19, 24, 28, 15], [20, 8, 29, 10, 13, 17, 25, 3, 11, 23, 26, 22, 2, 9, 30, 0, 1, 28, 21, 7, 16], [16, 22, 0, 17, 13, 1, 14, 9, 3, 23, 8, 4, 10, 7, 19, 11, 5, 20], [2, 16, 23, 22, 7, 13, 19, 0, 8, 17, 27, 26, 5, 24, 4, 18, 21, 14, 12, 28, 10], [11, 2, 4, 7, 10, 14, 5, 9, 0], [2, 4, 7, 9, 10, 6, 1, 5, 0, 3, 11], [1, 11, 13, 5, 9, 14, 4, 3, 12, 2, 17, 15], [6, 17, 0, 16, 11, 19, 24, 14, 25, 27, 2, 18, 5, 9, 31, 1, 26, 28, 7, 3, 30, 12, 20, 10], [23, 9, 5, 11, 16, 19, 27, 0, 6, 20, 24, 28, 3, 10, 2, 8, 26, 22, 30, 21, 25, 29], [3, 15, 5, 10, 4, 8, 13, 0, 14, 2, 7, 12, 9, 16], [13, 20, 22, 3, 14, 1, 29, 4, 10, 15, 30, 26, 17, 2, 8, 25, 9, 0, 7, 24, 18, 27]]
[[20, 22, 10, 11, 21, 17, 3, 7, 25, 14, 24, 13, 2, 9, 6, 27, 8, 12, 23, 18, 4, 15], [0, 9, 13, 6, 1, 5, 14, 12, 3, 2, 11, 16], [12, 0, 5, 7, 14, 3, 8, 15, 13, 11, 10, 16], [3, 18, 0, 12, 21, 25, 4, 10, 13, 16, 22, 9, 19, 20, 1, 23, 27, 7], [11, 12, 14, 8, 0, 4, 9, 16, 15, 23, 3, 2, 18, 19, 20, 21, 25, 13, 22, 26], [1, 7, 13, 5, 8, 14, 4, 3, 15, 11, 17, 16, 12], [21, 2, 16, 19, 11, 6, 14, 5, 18, 22, 1, 12, 3, 13, 0, 4, 10, 17, 20, 7, 15], [0, 13, 18, 3, 16, 19, 6, 22, 1, 25, 14, 2, 24, 12, 23, 15, 8], [8, 1, 20, 16, 13, 4, 6, 3, 21, 15, 2, 11, 12, 17, 0, 18], [1, 3, 0, 2], [3, 6, 0, 2, 5, 1, 4, 7]]
[[6, 8, 19, 11, 14, 28, 4, 15, 21, 7, 10, 3, 20, 24, 9, 18, 23, 25, 22, 12, 26], [16, 20, 3, 22, 0, 8, 23, 2, 21, 27, 26, 28, 29, 11, 13, 24, 9, 14, 17], [6, 2, 20, 0, 13, 22, 5, 10, 16, 23, 26, 9, 15, 17, 18, 11, 24, 27], [1, 15, 5, 20, 13, 17, 2, 19, 0, 6, 14, 21, 10, 11, 8, 12, 16, 18, 3], [0, 3, 8, 2, 5, 9], [5, 11, 17, 7, 8, 19, 6, 12, 20, 15, 23, 18, 0, 9, 13, 16, 21], [11, 25, 29, 3, 2, 38, 5, 8, 34, 0, 6, 22, 4, 20, 40, 35, 39, 16, 42, 12, 30, 27, 31, 32, 36, 14, 23, 43], [17, 21, 35, 42, 10, 46, 28, 32, 39, 49, 6, 40, 47, 5, 11, 0, 29, 43, 14, 26, 9, 12, 22, 45, 18, 37, 27, 33, 7, 15, 44, 50, 24, 38, 48]]
[[4, 16, 13, 15, 17, 10, 0, 5, 6, 11, 18, 2, 8], [8, 16, 42, 27, 24, 5, 32, 37, 40, 44, 14, 18, 30, 38, 4, 3, 25, 29, 36, 13, 9, 23, 35, 11, 17, 0, 20, 26, 6, 19, 45], [0, 8, 11, 1, 13, 6, 18, 19, 5, 2, 12, 14, 3], [29, 35, 22, 15, 8, 11, 19, 25, 32, 9, 12, 17, 30, 24, 1, 16, 5, 4, 0, 23, 36, 7, 13, 26, 27, 33, 2]]
[[8, 9, 2, 11, 13, 16, 0, 3, 14, 17, 21, 5, 6, 19, 20, 10, 12, 7], [2, 20, 17, 4, 5, 15, 22, 31, 34, 0, 6, 18, 23, 26, 29, 32, 35, 21, 3, 14, 28, 13, 36, 7, 10, 8], [0, 1, 9, 15, 12, 4, 14, 8, 5, 3, 7, 10], [10, 13, 17, 19, 7, 16, 24, 4, 27, 30, 2, 14, 28, 31, 9, 8, 0, 21, 26, 25, 23, 11, 18, 20, 32, 5], [2, 4, 6, 8, 9, 3, 1, 7, 0], [7, 2, 8, 13, 15, 0, 9, 3, 12, 16, 4, 10], [24, 10, 7, 15, 21, 5, 8, 13, 25, 4, 12, 11, 20, 0, 16, 2], [10, 3, 1, 11, 5, 8, 26, 14, 21, 27, 25, 4, 13, 19, 20, 12, 18, 2, 6, 15, 22]]
[[5, 0, 2, 7, 9, 10, 8, 3], [7, 2, 9, 3, 10, 1, 8, 6], [12, 19, 15, 17, 2, 0, 13, 5, 6, 7, 16, 3, 20], [8, 7, 36, 12, 5, 18, 24, 32, 3, 26, 15, 30, 1, 17, 13, 2, 25, 11, 16, 9, 37, 19, 33, 20, 23, 27, 38], [4, 9, 7, 2, 6, 12, 0, 11, 10], [17, 15, 7, 14, 10, 2, 9, 16, 0, 8, 1, 6, 18, 13, 3], [7, 11, 2, 0, 3, 5, 16, 8, 17, 4, 15, 9, 13, 14, 6], [16, 24, 1, 20, 26, 3, 30, 7, 32, 0, 8, 23, 33, 14, 25, 2, 10, 31, 17, 4, 21, 18, 27, 12, 15]]
[[3], [2], [8, 12, 0, 11, 2, 7, 4, 9], [0, 2, 4, 3], [14, 35, 20, 28, 59, 67, 73, 17, 38, 70, 12, 32, 34, 13, 16, 37, 66, 71, 19, 1, 27, 29, 60, 69, 0, 18, 31, 33, 72], [2, 16, 12, 15, 0, 5, 6]]
[[8, 0, 5, 4, 13, 11, 14, 10, 12, 7, 1, 6, 15], [5, 9, 3, 0, 2, 1, 10, 7], [16, 0, 11, 5, 13, 20, 22, 26, 3, 6, 9, 14, 23, 27, 2, 12, 1, 17, 21, 28, 24], [10, 5, 7, 11, 15, 14, 2, 4, 0, 3, 8, 16], [8, 0, 15, 5, 10, 3, 6, 11, 19, 23, 2, 16, 22, 1, 14, 9, 24, 18, 20], [7, 13, 4, 8, 14, 3, 11, 0, 2, 10, 12], [7, 14, 5, 9, 3, 10, 2, 16, 0, 15, 1, 13, 8, 6, 18], [7, 3, 0, 5, 2, 8, 6], [0, 2, 4, 1, 5], [6, 13, 3, 7, 11, 14, 0, 2, 16, 18, 19, 1, 9, 10], [2, 10, 4, 13, 7, 16, 8, 11, 17, 15, 1, 5, 0, 3, 6], [0, 4, 5, 3, 9, 1, 2, 8, 10, 11], [11, 1, 9, 14, 7, 15, 6, 0, 2, 5, 12, 3, 10], [4, 7, 2, 8, 1, 0, 5, 3, 9, 10], [3, 5, 14, 1, 6, 12, 4, 11, 0, 10, 9], [6, 10, 21, 4, 14, 15, 1, 27, 18, 25, 2, 24, 0, 11, 17, 26, 7, 12, 22, 20, 13, 8, 5]]
[[13, 9, 8, 5, 27, 0, 21, 11, 16, 4, 26, 19, 23, 3, 15, 20, 14, 24, 6], [4, 1, 13, 8, 15, 20, 9, 22, 14, 2, 18, 7, 21, 12, 17, 23, 19], [1, 3, 7, 9, 20, 5, 13, 0, 14, 17, 12, 6, 10, 8, 18, 15], [2, 1, 12, 5, 16, 3, 18, 7, 8, 9, 20, 17, 0, 6, 11, 13], [11, 1, 4, 15, 26, 2, 7, 24, 5, 19, 0, 9, 13, 20, 23, 18, 14, 6, 16, 8, 10, 21]]
[[2, 4, 6, 7, 9, 5, 0], [11, 3, 13, 16, 19, 4, 7, 14, 17, 6, 2, 12, 0, 10, 20, 1], [12, 0, 8, 2, 16, 7, 11, 6, 14, 13, 10, 3, 9], [19, 1, 7, 12, 8, 6, 5, 0, 3, 13, 16, 20, 2, 10, 9, 21], [17, 29, 8, 12, 23, 5, 14, 20, 26, 31, 24, 11, 18, 30, 6, 2, 7, 19, 13, 3, 9, 15, 21, 27, 32, 16, 28], [12, 2, 17, 5, 10, 3, 1, 18, 19, 0, 16, 6, 8], [24, 6, 3, 17, 13, 9, 0, 18, 22, 21, 2, 8, 16, 27, 14, 7, 29, 12, 15, 26, 4], [6, 13, 0, 8, 1, 9, 7, 16, 11, 17, 15, 14, 4, 2], [2, 11, 14, 5, 3, 12, 0, 8, 13, 9, 15, 6], [8, 4, 12, 2, 10, 9, 16, 0, 7, 14, 13, 5]]
[[0, 2, 4, 5], [8, 2, 5, 11, 12, 0, 4, 3, 6], [13, 6, 3, 0, 4, 8, 7, 14, 17, 15, 1, 18], [6, 2, 8, 14, 0, 10, 5, 3, 11, 7, 15, 12], [23, 6, 20, 7, 15, 17, 8, 13, 18, 22, 25, 21, 3, 0, 5, 9, 24, 27, 10, 26], [11, 13, 0, 2, 8, 5, 7, 9, 6, 14, 3], [0, 1, 4, 6, 3, 7]]
[[10, 15, 3, 1, 5, 16, 0, 12, 8, 18, 19, 14, 4, 11, 17, 6, 9], [27, 19, 15, 22, 6, 12, 3, 7, 13, 20, 24, 2, 23, 16, 0, 18, 1, 11, 14, 4, 8], [11, 7, 1, 3, 9, 14, 4, 15, 2, 8, 12, 10, 0, 13, 6], [11, 1, 4, 8, 14, 0, 13, 3, 7, 5, 12, 9], [17, 22, 2, 11, 12, 7, 3, 8, 13, 18, 15, 1, 5, 20, 6, 0, 23, 21], [19, 30, 9, 1, 11, 21, 4, 5, 13, 16, 27, 32, 6, 14, 24, 28, 33, 12, 3, 22, 0, 10, 20, 23, 7, 25, 34]]
[[11, 23, 0, 14, 17, 4, 7, 3, 9, 12, 24, 16, 15, 21, 5], [0, 11, 18, 24, 27, 9, 4, 13, 23, 14, 1, 5, 21, 25, 10, 8, 19, 12, 20, 28, 26, 2, 6, 15], [16, 9, 17, 3, 5, 19, 23, 1, 10, 11, 12, 8, 18, 20, 21, 15], [2, 26, 28, 9, 13, 32, 0, 14, 33, 3, 29, 22, 5, 25, 21, 27, 16, 20, 10, 6, 34, 18], [17, 7, 11, 5, 9, 12, 14, 1, 8, 15], [16, 14, 9, 11, 4, 5, 12, 10, 1, 15, 8, 18, 2, 0, 7, 17], [4, 6, 12, 20, 23, 25, 2, 13, 21, 19, 0, 8, 18, 17, 9, 10, 28], [16, 6, 11, 20, 21, 18, 9, 13, 3, 0, 4, 2, 12, 14, 5, 10]]
[[13, 24, 33, 0, 8, 14, 25, 30, 12, 23, 7, 29, 28, 32, 9, 10], [8, 12, 0, 2, 14, 4], [9, 11, 0, 6, 12, 5, 10, 8, 14, 13], [3, 8, 5, 1, 11, 4, 0, 2, 6, 9, 12], [22, 3, 14, 0, 10, 4, 7, 24, 6, 15, 20, 21, 23, 25, 1, 8, 11, 16, 17], [5, 8, 11, 13, 3, 14, 2, 6, 12, 15], [5, 12, 25, 2, 13, 18, 23, 10, 1, 17, 21, 22, 0, 16, 20, 8, 26, 11, 6, 27], [10, 3, 7, 0, 4, 8, 16, 21, 15, 2, 20, 12, 11, 17], [1, 3, 0, 2], [2, 5, 1, 4, 0, 3]]
[[4, 0, 7, 5, 10, 9, 6], [7, 10, 28, 9, 13, 19, 22, 30, 2, 5, 14, 17, 21, 12, 8, 29, 0, 11, 27, 4, 26, 23], [19, 2, 18, 12, 15, 0, 7, 16, 21, 4, 20, 3, 11, 6, 13, 22, 17, 8], [19, 4, 0, 8, 16, 21, 32, 34, 36, 41, 6, 37, 42, 5, 25, 11, 20, 30, 14, 26, 40, 45, 3, 10, 29, 44, 15, 17, 1, 22, 33, 35, 27, 31], [5, 0, 8, 11, 1, 9, 6, 4, 12], [18, 16, 1, 8, 25, 20, 14, 21, 19, 10, 27, 6, 13, 7, 24, 17, 23, 3, 11], [15, 20, 23, 30, 8, 6, 22, 26, 32, 16, 27, 3, 1, 9, 13, 21, 25, 31, 24, 12, 17, 19, 29, 2, 10, 18], [0, 12, 18, 6, 15, 7, 24, 2, 13, 20, 23, 19, 4, 14, 1, 11, 17, 22, 25, 8]]
[[6, 14, 1, 8, 17, 18, 11, 19, 16, 4, 3, 9, 7, 15, 10, 12], [14, 2, 5, 7, 16, 3, 8, 17, 10, 6, 1, 15, 0, 13], [9, 2, 23, 18, 5, 0, 6, 12, 20, 25, 4, 19, 13, 26, 10, 17, 24, 11, 14], [16, 7, 2, 14, 18, 20, 21, 0, 3, 12, 22, 9, 5, 11, 19, 8, 17, 6], [22, 3, 9, 18, 19, 4, 7, 16, 23, 2, 15, 0, 1, 10, 20, 11], [0, 4, 13, 17, 21, 1, 5, 11, 14, 19, 22, 10, 3, 9, 18, 8, 15], [17, 21, 5, 11, 14, 26, 2, 8, 12, 7, 23, 0, 25, 18, 22, 3, 9], [15, 3, 4, 12, 10, 7, 17, 0, 16, 8, 13, 2, 6, 5]]
[[12, 14, 19, 20, 7, 21, 16, 5, 6, 15, 13, 17, 8, 23, 3], [10, 8, 3, 5, 12, 2, 9, 7, 11, 4], [8, 22, 2, 4, 16, 20, 1, 6, 15, 13, 0, 3, 12, 14, 19], [4, 10, 19, 26, 6, 15, 0, 16, 14, 9, 23, 8, 13, 11, 27, 24, 17], [14, 17, 0, 4, 10, 5, 12, 2, 13, 15, 7, 11, 8, 16], [4, 35, 1, 17, 23, 29, 14, 21, 2, 20, 9, 10, 30, 0, 13, 19, 5, 6, 8, 12, 24, 26, 15, 28, 32], [12, 24, 10, 3, 7, 6, 23, 20, 0, 5, 15, 22, 25, 19, 21, 27, 8], [16, 23, 3, 0, 6, 8, 10, 20, 13, 4, 2, 14], [24, 30, 7, 12, 26, 2, 9, 14, 20, 8, 0, 16, 22, 31, 13, 19, 25, 32, 17, 10, 27, 33, 23], [24, 32, 9, 14, 12, 4, 30, 1, 5, 27, 10, 16, 20, 15, 21, 25, 19, 26, 0, 13, 6, 28, 22]]
[[14, 6, 17, 2, 16, 7, 11, 0, 1, 5, 15, 8, 12], [1, 7, 3, 9, 12, 10, 2, 8, 13, 0, 6], [0, 17, 2, 14, 10, 20, 21, 26, 3, 19, 16, 7, 15, 1, 6, 13, 4, 27], [3, 19, 25, 21, 7, 17, 5, 8, 0, 22, 27, 24, 1, 15, 11, 20, 26, 4, 28, 13], [12, 7, 1, 10, 5, 17, 2, 15, 11, 4, 0, 14, 13, 8, 18, 16], [22, 14, 16, 11, 20, 25, 18, 23, 26, 17, 2, 8, 6, 7, 0, 15, 12, 3, 9]]
[[13, 5, 15, 19, 3, 6, 10, 16, 2, 14, 9, 12, 8, 0, 17], [19, 56, 8, 17, 32, 46, 2, 28, 6, 15, 31, 21, 37, 43, 48, 52, 54, 4, 11, 22, 29, 38, 49, 59, 33, 1, 42, 9, 36, 3, 7, 14, 25, 35, 47, 53, 58, 0, 41, 18, 20, 24, 57, 30, 23, 39, 44, 51, 50, 60], [5, 21, 2, 18, 3, 6, 14, 24, 7, 11, 15, 19, 1, 10, 22, 0, 17, 8, 12, 16], [24, 26, 2, 15, 10, 18, 22, 3, 11, 19, 28, 9, 17, 6, 0, 8, 16, 23, 5, 14, 27, 21, 20, 29, 7], [17, 3, 5, 8, 16, 2, 11, 20, 12, 10, 6, 18, 0, 9, 15, 13]]
[[17, 5, 10, 19, 3, 20, 2, 18, 8, 14, 15, 24, 27, 7, 13, 16, 25, 11, 0, 21, 9], [2, 9, 3, 12, 0, 6, 11, 16, 17, 4, 13], [21, 13, 7, 10, 19, 4, 14, 0, 16, 12, 20, 2, 6, 8], [30, 2, 10, 24, 6, 7, 14, 17, 18, 34, 3, 19, 35, 5, 16, 1, 11, 29, 25, 12, 33, 0, 23, 26, 31, 15, 8, 20, 27, 13], [7, 9, 19, 20, 4, 15, 13, 0, 5, 18, 12, 14, 16, 21, 2, 6], [7, 1, 3, 10, 2, 6, 13, 19, 5, 21, 0, 12, 16, 15], [27, 29, 17, 8, 11, 25, 33, 22, 30, 34, 4, 18, 15, 0, 6, 21, 14, 16, 28, 2, 9, 23, 7, 19], [1, 2, 5, 4, 7, 0, 3], [22, 34, 2, 16, 5, 18, 7, 29, 8, 6, 20, 23, 12, 27, 0, 14, 17, 3, 9, 24], [5, 8, 1, 2, 7, 11, 0, 12, 9]]
[[12, 1, 16, 3, 22, 23, 17, 5, 20, 14, 0, 13, 11, 21, 24], [2, 6, 0, 7, 5, 15, 1, 12, 3, 14], [24, 10, 18, 21, 27, 5, 11, 19, 16, 4, 15, 30, 6, 14, 29, 8, 25, 31, 7, 23, 22], [15, 12, 17, 8, 21, 2, 6, 18, 4, 14, 0, 16, 22, 20], [9, 17, 12, 4, 14, 23, 13, 2, 20, 21, 25, 1, 22, 26, 15], [22, 1, 9, 13, 16, 2, 23, 15, 4, 10, 8, 5, 19, 24, 11]]
[[17, 5, 22, 27, 14, 4, 21, 13, 18, 3, 19, 26, 16, 20, 8, 6, 23], [7, 13, 0, 16, 1, 17, 5, 14, 4, 12, 8, 9, 6], [6, 13, 16, 11, 8, 1, 10, 7, 17, 3, 14], [9, 12, 7, 2, 15, 19, 31, 0, 13, 11, 26, 8, 10, 29, 25, 5, 20, 32, 4, 30, 14, 33, 21, 27], [9, 8, 15, 17, 0, 24, 4, 21, 18, 6, 19, 10, 23, 25, 1, 11, 22, 7, 13], [7, 28, 0, 16, 18, 21, 23, 17, 1, 5, 6, 12, 15, 11, 2, 8, 20, 13], [4, 19, 0, 12, 16, 13, 3, 8, 25, 15, 18, 11, 17, 7, 5, 20, 21, 14, 9], [4, 7, 9, 2, 0, 11, 10, 5], [9, 8, 0, 6, 16, 17, 10, 15, 12, 13, 1, 5, 18]]
[[5, 12, 14, 0, 7, 6, 9, 2, 4, 13, 15], [10, 15, 5, 18, 19, 21, 3, 8, 11, 7, 2, 16, 17, 20, 12, 22], [13, 1, 16, 3, 6, 9, 19, 4, 10, 24, 23, 2, 14, 21, 20, 0, 15, 17, 18, 25, 7], [11, 13, 15, 2, 8, 16, 21, 20, 10, 19, 7, 12, 5, 18, 17, 22, 1], [17, 35, 6, 39, 1, 25, 27, 11, 14, 22, 30, 33, 7, 12, 18, 37, 2, 5, 28, 3, 29, 0, 10, 21, 36, 23, 4, 15, 31], [18, 4, 7, 11, 32, 19, 29, 33, 2, 21, 17, 22, 28, 16, 20, 23, 36, 5, 8, 24, 30, 34, 10, 3, 27], [11, 5, 16, 21, 14, 2, 13, 10, 3, 19, 9, 4], [10, 23, 14, 17, 20, 25, 1, 3, 9, 0, 6, 11, 5, 2, 12, 13, 21, 15, 18], [5, 9, 10, 0, 6, 2, 3, 8, 1, 4]]
[[3, 4, 7, 8, 9, 0, 2], [4, 2, 9, 13, 16, 10, 17, 5, 12, 1, 6, 0], [17, 5, 7, 11, 19, 0, 3, 12, 22, 2, 6, 18, 8, 20], [15, 0, 10, 1, 4, 7, 6, 8, 11, 12, 13], [11, 1, 6, 18, 4, 19, 23, 3, 22, 0, 16, 15, 2, 12, 13, 20, 7, 8], [24, 20, 7, 25, 27, 22, 9, 4, 16, 1, 2, 17, 12, 3, 6, 15, 21, 26, 29, 28, 10, 18, 23], [3, 0, 2], [6, 1, 3, 7, 11, 2, 10, 0, 8, 9, 12]]
[[0, 6, 8, 29, 4, 9, 13, 25, 30, 12, 24, 16, 20, 21, 1, 26], [4, 6, 13, 15, 0, 12, 2, 5, 1, 11, 16, 3], [15, 18, 0, 12, 1, 6, 13, 19, 23, 22, 3, 16, 17, 5, 14], [2, 10, 13, 3, 7, 14, 18, 6, 17, 9, 11, 1, 12], [2, 7, 9, 0, 4, 3, 6, 8, 10], [36, 31, 23, 25, 0, 14, 35, 39, 1, 10, 20, 27, 19, 26, 34, 8, 4, 22, 3, 7, 32, 37, 30, 12, 28, 29, 5, 9, 38], [0, 25, 19, 1, 10, 12, 49, 51, 3, 14, 20, 23, 27, 30, 33, 37, 46, 52, 8, 22, 41, 2, 13, 36, 45, 7, 18, 35, 26, 28, 38, 48, 53, 5, 15, 42], [0, 22, 14, 20, 4, 7, 8, 23, 24, 17, 28, 45, 5, 12, 37, 43, 46, 40, 31, 36, 9, 2, 21, 26, 11, 33, 42, 15, 25, 34, 35, 44, 29, 38, 3], [23, 28, 37, 6, 11, 5, 13, 16, 25, 33, 2, 14, 20, 26, 31, 34, 38, 19, 12, 0, 8, 9, 21, 39]]
[[11, 31, 21, 18, 20, 13, 26, 14, 27, 23, 25, 8, 2, 9, 16, 17, 22, 5, 0, 7, 12, 33, 19, 28, 3, 10], [13, 2, 6, 12, 19, 22, 3, 20, 23, 18, 1, 7, 17, 0, 5, 11], [13, 17, 14, 25, 9, 4, 7, 10, 15, 20, 19, 2, 18, 6, 0, 22, 24, 26, 16, 27, 21], [10, 19, 13, 34, 6, 16, 29, 27, 26, 31, 14, 35, 0, 24, 20, 33, 25, 32, 17, 2, 5, 28, 22, 36], [5, 29, 8, 27, 13, 23, 11, 17, 9, 15, 33, 32, 19, 14, 31, 1, 24, 2, 4, 35, 0, 22, 28, 25, 34, 3], [12, 14, 9, 2, 7, 10, 0, 15, 11, 4, 3, 5], [5, 8, 20, 13, 15, 6, 16, 1, 12, 19, 2, 22, 0, 11, 9, 21, 3, 23, 17], [14, 27, 34, 44, 24, 21, 23, 54, 0, 16, 29, 57, 17, 30, 47, 51, 46, 26, 50, 11, 55, 5, 12, 19, 20, 25, 8, 39, 3, 10, 35, 53, 15, 28, 45, 22, 48, 58, 31, 6, 13, 37, 56]]
[[10, 25, 16, 6, 4, 8, 13, 18, 21, 0, 19, 22, 27, 9, 5, 17, 29, 7, 26, 15, 30, 32, 23, 1, 31], [16, 6, 11, 8, 3, 14, 19, 13, 5, 9, 7, 17, 4, 15, 1], [3, 13, 0, 8, 18, 22, 26, 9, 23, 5, 15, 6, 17, 19, 4, 12, 20, 7, 1, 24], [5, 1, 2, 4, 6, 0, 7], [9, 0, 5, 12, 11, 10, 1, 2, 6], [20, 4, 0, 10, 17, 6, 22, 21, 1, 7, 8, 11, 12], [11, 4, 0, 7, 1, 3, 15, 8, 2, 13, 12, 16, 9, 17], [13, 12, 4, 7, 9, 14, 5, 0, 8, 2, 10, 6], [15, 18, 24, 7, 8, 21, 29, 10, 12, 31, 34, 25, 32, 35, 2, 30, 9, 6, 22, 3, 0, 4, 13, 19, 26, 36, 23]]
[[3, 12, 17, 14, 7, 20, 13, 19, 18, 9, 15], [7, 27, 36, 29, 37, 0, 14, 20, 24, 31, 5, 12, 15, 22, 32, 38, 4, 11, 26, 35, 10, 23, 8, 28, 21, 33, 1, 6, 18, 39], [6, 16, 10, 2, 12, 21, 23, 0, 11, 17, 18, 22, 13, 20], [12, 24, 5, 19, 28, 0, 3, 6, 14, 25, 18, 2, 17, 9, 13, 10, 20, 21], [13, 6, 4, 9, 11, 20, 23, 7, 21, 2, 17, 16, 24, 25, 0, 18], [7, 10, 16, 17, 8, 11, 18, 3, 13, 0, 6, 2, 19, 4, 15], [2, 17, 4, 5, 11, 21, 22, 25, 0, 12, 15, 23, 8, 18, 9, 14, 20, 13, 6, 27, 10]]
[[7, 2, 8, 1, 5, 4, 9], [10, 19, 7, 13, 24, 8, 16, 23, 3, 5, 6, 20, 0, 2, 11, 12, 25, 21], [3, 7, 0, 2, 5, 1, 6, 8], [0], [2, 1, 0], [2, 7, 3, 8, 5, 6, 9, 0, 10], [0, 10, 2, 9, 3, 5, 7, 11, 8, 12, 13, 4, 6], [5, 10, 9, 4, 2, 7, 0, 3, 8], [0, 2, 9, 3, 6, 10, 5, 1, 7, 11], [10, 4, 5, 15, 12, 17, 7, 13, 0, 16, 6, 2], [4, 1, 7, 10, 0, 6, 9, 3], [0, 10, 4, 6, 3, 8, 7, 1], [1, 7, 2, 5, 4, 11, 0, 12, 10, 13, 14], [5, 0, 3, 1], [6, 9, 2, 11, 7, 5, 10, 0, 4, 8]]
[[1, 4, 7, 5, 2, 3], [10, 13, 7, 11, 14, 17, 16, 1, 0, 3, 2, 18, 8], [11, 16, 19, 1, 8, 3, 6, 9, 17, 5, 22, 2, 24, 14, 15, 0, 20, 25], [1, 8, 10, 4, 11, 7, 9, 5], [11, 18, 25, 24, 4, 20, 2, 6, 13, 21, 10, 1, 26, 16, 17, 5, 0, 12, 19, 23], [1, 10, 18, 7, 19, 6, 13, 17, 14, 4, 8, 20], [4, 6, 8, 11, 9, 7, 3], [1, 5, 8, 11, 14, 12, 15, 10, 9, 4, 7, 6], [11, 14, 7, 3, 8, 16, 15, 5, 17], [12, 0, 6, 21, 14, 9, 20, 13, 18, 19, 1, 15, 16, 5], [23, 15, 26, 7, 21, 17, 3, 10, 0, 6, 20, 2, 9, 16, 12, 24, 27, 11, 4, 18, 25], [19, 4, 0, 9, 21, 6, 14, 5, 15, 3, 13, 20, 1, 7, 10, 16, 22]]
[[7, 11, 17, 14, 20, 27, 29, 4, 15, 25, 3, 5, 8, 19, 21, 28, 6, 12], [17, 22, 11, 0, 24, 1, 7, 27, 13, 4, 8, 18, 10, 23, 20, 14, 21, 15, 25], [12, 6, 0, 4, 7, 10, 3, 13, 2, 9], [4, 14, 6, 11, 2, 18, 20, 22, 0, 23, 7, 8, 21, 10, 12, 13, 9]]
[[8, 2, 5, 14, 11, 1, 9, 10], [2, 19, 10, 15, 0, 7, 6, 20, 12, 3, 4, 17, 11, 18], [6, 14, 3, 10, 15, 1, 7, 8, 11], [9, 4, 0, 11, 6, 3, 1, 7], [0, 6, 8, 14, 2, 10, 15, 18, 1, 9, 5, 13, 4, 17, 16], [3, 7, 16, 5, 8, 13, 4, 12, 0, 2, 11, 14], [7, 17, 11, 15, 1, 9, 18, 0, 3, 8, 12, 5], [23, 6, 3, 5, 10, 15, 28, 16, 19, 2, 7, 1, 24, 11, 20, 25, 8, 12, 21, 26], [0, 10, 1, 13, 11, 5, 2, 16, 17, 12, 15, 7]]
[[20, 10, 15, 25, 28, 17, 22, 26, 3, 11, 12, 14, 16, 21, 9, 0, 29, 1, 4, 6, 7, 18, 23], [15, 16, 12, 18, 1, 5, 8, 13, 3, 7, 11, 22, 0, 17, 10], [14, 5, 2, 7, 9, 0, 3, 6], [10, 14, 1, 6, 16, 2, 7, 4, 15, 0, 11, 13, 12, 17, 5], [23, 2, 17, 7, 4, 11, 0, 5, 9, 12, 20, 8, 15, 24, 18, 19, 16, 13, 21, 25], [9, 4, 7, 0, 2, 5, 10, 6], [1, 4, 13, 24, 18, 25, 23, 11, 2, 16, 6, 17, 22, 5, 15, 12, 14, 27, 7, 8], [6, 14, 0, 3, 7, 12, 15, 17, 2, 11, 10, 16], [12, 3, 16, 9, 20, 0, 7, 13, 4, 6, 19, 17, 22, 21]]
[[15, 8, 10, 14, 3, 2, 9, 7, 11, 12], [12, 3, 13, 8, 19, 0, 9, 2, 6, 5, 14, 15, 11, 20, 10, 16, 17], [9, 13, 4, 3, 6, 5, 0, 7, 15, 10, 14, 16, 18], [18, 21, 32, 5, 10, 24, 25, 6, 30, 33, 14, 28, 4, 29, 0, 22, 15, 26, 16, 2], [14, 23, 9, 12, 20, 3, 10, 2, 7, 21, 0, 18, 8, 4, 24]]
[[11, 21, 13, 0, 4, 14, 18, 17, 3, 7, 8, 6, 22, 23, 9], [0, 5, 19, 30, 21, 27, 32, 2, 9, 14, 28, 20, 1, 7, 38, 6, 8, 37, 18, 35, 4, 39, 29, 33, 10, 15], [5, 0, 12, 13, 10, 9, 2, 1, 6, 3, 7, 14], [5, 7, 11, 0, 14, 6, 8, 1, 12], [10, 2, 6, 12, 19, 15, 20, 14, 7, 8, 11, 13, 0, 4, 17, 21], [1, 8, 9, 12, 2, 11, 0, 10, 13], [17, 10, 4, 8, 11, 0, 19, 7, 16, 13, 21, 22, 18, 23, 14], [4, 9, 1, 10, 6, 0, 5, 7], [17, 1, 6, 13, 19, 8, 11, 14, 18, 5, 0, 7, 16, 2, 15, 20], [17, 11, 20, 8, 13, 24, 1, 6, 14, 25, 0, 12, 4, 21, 9, 15, 5, 19, 10, 22, 16, 2], [18, 12, 10, 23, 14, 24, 5, 0, 13, 9, 19, 1, 6, 20, 8, 7, 21], [12, 6, 0, 4, 14, 11, 10, 2, 13, 23], [2, 1, 4, 5, 3, 0], [9, 1, 6, 4, 2, 3, 0, 10, 11], [3, 1, 0, 4, 9, 11, 12, 5, 6], [14, 12, 19, 2, 7, 17, 6, 16, 10, 11, 0, 13, 3, 20]]
[[10, 7, 13, 15, 12, 1, 6, 4, 11, 8, 17, 2], [2, 12, 18, 8, 14, 19, 5, 1, 13, 3, 21, 7, 0, 4, 22, 20, 15], [11, 15, 21, 5, 0, 18, 30, 1, 13, 19, 26, 22, 24, 6, 25, 28, 29, 27, 12, 16, 7, 20, 14], [0, 2, 11, 14, 18, 19, 16, 17, 3, 12, 4], [32, 11, 23, 7, 14, 19, 28, 5, 15, 33, 2, 24, 36, 13, 17, 31, 0, 12, 4, 26, 37, 1, 10, 22, 30, 34, 27, 20, 18], [23, 35, 7, 14, 19, 5, 12, 29, 28, 4, 34, 0, 3, 27, 11, 20, 33, 36, 15, 32, 30, 31, 8, 18, 21], [1, 5, 2, 6, 14, 4, 12, 13, 0, 11, 10, 7]]
[[5, 10, 18, 2, 4, 16, 0, 13, 23, 22, 6, 19, 12, 11, 17, 21, 14, 9], [10, 12, 18, 15, 20, 8, 4, 7, 19, 25, 0, 24, 6, 22, 17, 2, 13], [22, 5, 16, 33, 7, 3, 32, 0, 1, 9, 11, 18, 26, 39, 12, 19, 23, 30, 36, 40, 6, 34, 38, 17, 14, 35, 24, 25, 4, 15, 27], [17, 0, 4, 13, 23, 1, 5, 15, 19, 3, 7, 14, 22, 9, 25, 12, 18, 16, 10], [12, 19, 9, 13, 15, 21, 7, 16, 22, 10, 0, 6, 2, 14, 17, 4, 11], [6, 13, 11, 0, 8, 18, 27, 1, 17, 26, 14, 7, 12, 22, 23, 16, 9, 5, 24, 19]]
[[1, 12, 22, 31, 4, 14, 23, 16, 19, 29, 6, 8, 26, 15, 24, 13, 9, 20, 10, 21, 17, 27], [1, 12, 9, 14, 13, 3, 2, 5, 6, 15], [11, 20, 31, 34, 5, 12, 26, 7, 23, 2, 30, 6, 27, 1, 15, 25, 29, 13, 32, 35, 4, 8, 28, 21], [6, 9, 11, 18, 16, 3, 14, 4, 13, 19, 2, 1, 0, 12, 10, 17], [5, 8, 3, 2, 9, 10, 7, 11], [7, 1, 4, 11, 5, 10, 3, 2, 8, 9, 0], [8, 17, 2, 19, 11, 13, 22, 6, 23, 5, 3, 12, 20, 10, 21, 18, 14, 25, 24], [3, 12, 10, 0, 13, 4, 6, 15, 7, 16, 1], [9, 12, 19, 28, 14, 20, 4, 16, 26, 0, 2, 23, 5, 10, 15, 21, 13, 6, 18, 17, 24, 3]]
[[28, 11, 20, 23, 32, 5, 9, 24, 29, 2, 8, 18, 0, 17, 4, 1, 16, 19, 22, 25, 27, 35, 13, 21, 30], [13, 8, 16, 30, 5, 10, 18, 21, 25, 34, 2, 11, 22, 35, 14, 32, 15, 24, 31, 0, 29, 9, 33, 17, 26, 36, 38, 3], [6, 22, 0, 11, 27, 2, 16, 19, 31, 3, 17, 32, 8, 29, 7, 13, 23, 28, 1, 10, 26, 5, 21, 30, 9, 35], [25, 2, 17, 20, 14, 6, 24, 5, 8, 16, 0, 13, 23, 7, 3, 12, 21, 26, 9], [1, 5, 7, 15, 18, 3, 8, 13, 16, 19, 2, 12, 0, 11, 20, 22], [4, 7, 10, 14, 16, 0, 8, 17, 5, 13, 1, 6, 3, 12], [0, 3, 2], [3, 6, 0, 2, 5, 1, 4, 7]]
[[13, 16, 23, 5, 8, 10, 28, 3, 20, 29, 2, 27, 24, 18, 26, 17, 22, 25, 19, 7], [2, 13, 9, 1, 5, 6, 7, 14, 18, 20, 12, 16, 8], [8, 15, 7, 10, 20, 2, 19, 16, 3, 4, 5, 18, 14, 17, 9, 12, 6], [9, 3, 18, 13, 0, 2, 6, 22, 19, 21, 8, 24, 17, 20, 10, 15, 11], [6, 19, 13, 23, 3, 14, 2, 24, 12, 22, 27, 4, 20, 25, 26], [29, 13, 4, 15, 9, 17, 20, 10, 21, 16, 6, 26, 0, 7, 24, 27, 33, 14, 30, 32, 18, 8, 28, 34], [24, 4, 12, 16, 2, 13, 17, 5, 20, 0, 7, 18, 10, 21, 8]]
[[4, 8, 11, 18, 24, 16, 1, 15, 3, 7, 22, 23, 0, 5, 9, 12, 19], [19, 11, 1, 13, 20, 16, 22, 0, 4, 8, 14, 2, 12, 21, 17, 5, 23, 15], [6, 26, 0, 4, 15, 20, 16, 21, 2, 11, 14, 1, 10, 7, 3, 5, 17, 12], [7, 1, 5, 2, 4, 0, 3, 8, 9]]
[[4, 6, 12, 3, 7, 2, 10, 11, 5, 9, 13, 0], [12, 2, 14, 5, 7, 0, 16, 4, 3, 20, 8, 13, 15, 10, 9, 17], [0, 10, 7, 12, 1, 8, 4, 11, 3, 2, 5, 9], [14, 10, 4, 9, 11, 15, 3, 16, 2, 1, 5, 8, 12], [20, 13, 23, 9, 21, 7, 3, 15, 18, 25, 0, 10, 26, 14, 2, 8, 29, 28, 1, 6, 24, 22, 4, 11, 16], [19, 11, 4, 15, 7, 12, 18, 17, 6, 0, 5, 16, 22, 21, 8, 20, 2, 13], [10, 18, 5, 13, 2, 17, 0, 3, 15, 6, 7, 14, 20, 21, 19, 4, 11, 8], [6, 14, 0, 17, 3, 20, 15, 7, 16, 9, 13, 1, 4, 10, 18], [17, 27, 16, 13, 22, 24, 14, 18, 3, 23, 0, 5, 9, 10, 8, 2, 21, 25, 11, 19, 6], [0, 14, 7, 16, 12, 10, 1, 8, 11, 6, 2, 15, 17, 5, 3, 18], [6, 9, 1, 5, 3, 8, 0, 7, 10, 4, 11], [15, 1, 17, 9, 7, 10, 22, 16, 3, 18, 21, 2, 6, 0, 19, 23, 11, 4], [18, 3, 14, 22, 25, 27, 11, 4, 0, 8, 5, 10, 20, 28, 2, 19, 21, 6, 12, 15, 23]]
[[3, 8, 5, 6, 1, 4, 9], [16, 4, 1, 9, 10, 17, 2, 20, 0, 19, 5, 8, 3], [11, 3, 6, 0, 7, 1], [2, 6, 0, 7, 11, 4, 10, 9], [18, 13, 3, 6, 9, 20, 23, 11, 19, 14, 0, 16, 21, 17, 8, 22, 24, 1, 15], [20, 25, 3, 8, 9, 1, 17, 11, 16, 4, 2, 6, 21, 18, 22, 12, 14, 23, 26], [0, 10, 18, 20, 7, 12, 15, 23, 13, 21, 2, 5, 1, 19, 11, 24, 14, 16, 3, 6]]
[[11, 6, 0, 4, 14, 13, 3, 12, 10], [17, 15, 0, 3, 8, 13, 19, 2, 12, 6, 11, 18, 16], [2, 6, 0, 3, 7, 5, 10, 11, 9, 12], [10, 13, 16, 5, 18, 2, 8, 0, 3, 14, 7, 6, 17, 19, 9], [10, 6, 0, 3, 7, 11, 2, 13, 4, 14], [14, 21, 0, 4, 7, 16, 18, 1, 5, 8, 19, 3, 12, 13, 11, 15], [2, 7, 18, 0, 4, 8, 11, 16, 19, 10, 3, 15, 14, 5], [3, 6, 0, 7, 12, 5, 14, 11, 4, 10, 13, 1], [5, 20, 15, 2, 12, 6, 11, 21, 0, 7, 10, 19, 14, 18, 3, 13, 16], [10, 18, 6, 12, 16, 19, 24, 4, 2, 27, 23, 0, 15, 11, 22, 25, 3, 9, 20], [13, 2, 10, 21, 4, 16, 23, 0, 5, 3, 12, 22, 11, 15, 20, 14, 9, 19, 6, 17]]
[[0], [17, 4, 14, 23, 0, 8, 12, 3, 11, 20, 19, 21, 1, 5, 15], [0, 5, 7, 17, 20, 11, 16, 9, 14, 23, 24, 15, 1, 3, 18, 21, 12], [17, 1, 4, 9, 10, 13, 23, 8, 3, 19, 6, 18, 7, 16, 20, 11], [4, 16, 7, 23, 5, 18, 0, 2, 11, 17, 20, 15, 21, 8, 12], [0, 10, 2, 6, 8, 14, 15, 5, 13, 16, 3, 11], [6, 8, 2, 13, 0, 3, 11, 19, 15, 14, 10, 18, 9, 12, 16], [15, 20, 5, 9, 24, 7, 10, 23, 1, 6, 4, 16, 21, 11, 2, 19], [1, 14, 4, 7, 10, 18, 11, 16, 6, 5, 19, 15, 8, 17]]
[[25, 11, 5, 21, 2, 14, 17, 3, 12, 16, 22, 6, 9, 24, 7, 20, 23, 26, 15, 10], [18, 4, 6, 9, 2, 7, 10, 13, 15, 0, 1, 19, 14, 20], [16, 2, 7, 10, 22, 0, 3, 8, 11, 20, 6, 17, 19, 23, 15, 4, 24], [22, 14, 2, 18, 0, 8, 10, 16, 24, 5, 15, 4, 20, 7, 19, 13, 23, 21]]
[[10, 24, 9, 21, 3, 6, 14, 29, 39, 43, 0, 4, 12, 15, 19, 25, 22, 27, 11, 36, 26, 35, 17, 38, 2, 7, 40, 20], [18, 2, 5, 9, 13, 3, 7, 10, 14, 12, 1, 6, 19, 16, 0, 17], [7, 16, 23, 0, 13, 21, 24, 15, 12, 3, 20, 29, 11, 17, 30, 25], [14, 0, 9, 15, 35, 6, 10, 18, 24, 29, 30, 40, 43, 1, 4, 7, 16, 19, 25, 33, 21, 3, 28, 38, 37, 27, 34, 41, 26, 31], [16, 6, 0, 12, 20, 25, 26, 36, 39, 1, 4, 21, 18, 7, 24, 33, 10, 17, 23, 32, 13, 35, 29, 8], [1, 4, 8, 12, 2, 6, 9, 13, 11, 0, 5], [33, 12, 2, 0, 1, 6, 9, 16, 18, 30, 35, 3, 7, 22, 31, 36, 39, 5, 13, 24, 29, 41, 21, 28, 38, 15, 23, 27, 40, 19, 10], [10, 24, 15, 0, 3, 8, 21, 17, 20, 2, 6, 7, 16, 11, 12, 18, 22], [6, 21, 11, 16, 28, 31, 33, 3, 7, 14, 17, 10, 1, 22, 2, 19, 24, 25, 0, 20, 12, 4, 26]]
[[10, 44, 0, 5, 27, 36, 42, 48, 6, 12, 21, 33, 39, 45, 46, 29, 2, 11, 32, 35, 41, 16, 24, 4, 18, 26, 1, 15, 23, 31, 22, 38, 7, 13, 30], [8, 1, 10, 16, 6, 11, 3, 5, 13, 2, 15, 0, 4], [15, 1, 4, 7, 0, 6, 14, 11, 5, 10, 12, 8, 16], [0, 9, 13, 5, 4, 10, 3, 12, 1, 8, 14], [7, 18, 15, 20, 1, 11, 16, 0, 8, 19, 4, 14, 10, 6, 12, 17], [1, 10, 3, 8, 11, 2, 0, 12, 6], [13, 15, 5, 17, 11, 20, 22, 0, 18, 6, 8, 4, 16, 1, 9, 23, 19, 21, 24], [3, 11, 7, 4, 10, 8, 6, 9, 12, 13], [8, 1, 3, 2, 0], [2, 0, 4, 12, 3, 8, 5, 6], [9, 13, 1, 5, 15, 2, 16, 4, 0, 14, 10, 6, 11, 7], [1, 3, 0, 2], [3, 6, 0, 2, 5, 1, 4, 7]]
[[18, 31, 11, 6, 14, 20, 23, 27, 34, 42, 1, 12, 28, 35, 41, 4, 10, 7, 15, 0, 40, 17, 21, 5, 9, 13, 19, 26, 29], [10, 17, 16, 4, 12, 0, 2, 18, 13, 15, 14], [5, 8, 1, 6, 9, 0, 4], [8, 17, 29, 11, 34, 3, 13, 36, 0, 14, 26, 31, 37, 12, 21, 23, 28, 25, 20, 30, 35, 22, 27], [14, 15, 20, 5, 16, 21, 11, 2, 9, 0, 18, 4, 10, 1, 8, 12], [23, 28, 30, 3, 21, 26, 7, 12, 17, 18, 14, 31, 1, 6, 16, 5, 0, 4, 29, 24, 25, 19, 2], [15, 2, 24, 6, 11, 19, 0, 22, 9, 10, 16, 5, 12, 20, 21, 18, 27, 4, 13], [8, 7, 2, 9, 0, 10, 3, 4, 5, 11], [0, 12, 16, 10, 1, 8, 17, 2, 20, 13, 6, 3, 4, 11, 15, 5, 21]]
[[1, 4, 7, 10, 6, 8, 2, 5, 3], [12, 5, 7, 8, 3, 0, 10, 6, 13, 4, 11], [18, 1, 2, 4, 7, 14, 10, 3, 12, 6, 0, 11, 15, 5, 16, 13], [8, 10, 4, 15, 14, 6, 3, 0, 5, 11, 9, 12, 13, 16, 7], [13, 8, 11, 5, 7, 15, 20, 9, 3, 0, 10, 19, 18, 14, 16, 6, 12, 4], [0, 16, 7, 9, 18, 11, 4, 1, 6, 12, 14, 8, 17, 19, 5, 15], [8, 31, 5, 14, 16, 21, 26, 12, 23, 28, 6, 22, 11, 18, 17, 29, 4, 27, 0, 15, 20, 9, 32, 25, 10, 24, 30, 2, 7]]
[[4, 12, 18, 16, 19, 9, 0, 5, 13, 14, 22, 10, 20, 2, 7], [12, 4, 9, 2, 8, 10, 7, 5, 15], [1, 8, 23, 6, 9, 15, 2, 25, 20, 12, 13, 21, 24, 11, 19, 0, 7, 22, 27], [10, 21, 2, 7, 17, 23, 0, 3, 8, 12, 14, 13, 11, 18, 15, 19, 24, 25, 9], [2, 5, 12, 23, 3, 6, 11, 0, 17, 22, 20, 9, 14, 24, 21, 7, 18, 16]]
[[3, 6, 14, 4, 7, 11, 10, 1, 0, 12, 2], [14, 1, 4, 6, 9, 16, 22, 23, 2, 25, 0, 19, 5, 20, 3], [4, 1, 9, 12, 14, 17, 19, 2, 6, 10, 15, 20, 5, 11, 13, 18, 7], [22, 14, 16, 4, 13, 7, 10, 20, 5, 8, 11, 1, 15, 2, 0, 17, 19, 3], [28, 0, 4, 7, 10, 21, 25, 5, 8, 16, 22, 2, 15, 20, 1, 14, 11, 17, 23, 26, 3]]
[[22, 3, 16, 19, 4, 9, 24, 8, 13, 12, 23, 20, 14, 21, 0, 5, 10], [13, 7, 0, 14, 5, 19, 16, 20, 18, 3, 8, 15, 6], [1, 5, 12, 17, 14, 21, 6, 22, 4, 19, 11, 2, 10, 26, 20, 7, 15, 23, 24, 27, 28], [10, 22, 24, 28, 26, 0, 8, 15, 17, 5, 18, 30, 33, 4, 14, 27, 12, 29, 31, 9, 6, 19]]
[[12, 15, 0, 7, 13, 6, 11, 10, 9, 14, 8], [10, 2, 7, 16, 0, 3, 8, 17, 15, 11, 12], [15, 8, 7, 0, 10, 19, 1, 9, 24, 13, 16, 14, 11, 17, 25], [18, 5, 8, 13, 0, 9, 7, 12, 16, 6, 15, 19, 14, 17], [8, 18, 27, 35, 13, 22, 29, 33, 0, 4, 20, 31, 3, 14, 16, 25, 23, 30, 9, 19, 28, 36, 6, 10, 32, 37, 34, 17, 26], [16, 7, 20, 13, 5, 8, 22, 4, 10, 21, 0, 18, 11, 15, 2], [10, 22, 2, 7, 14, 28, 0, 8, 26, 5, 3, 21, 24, 17, 25, 15, 12, 13, 18, 29]]
[[16, 27, 4, 19, 9, 21, 12, 35, 8, 37, 28, 20, 34, 36, 17, 32, 5, 10, 24, 29, 18], [4, 19, 18, 7, 12, 3, 15, 17, 11, 14, 8], [21, 16, 30, 20, 5, 7, 14, 25, 1, 19, 0, 22, 6, 18, 11, 12, 33, 10, 27, 28, 31, 29, 3, 23], [1, 8, 4, 11, 14, 16, 12, 17, 2, 10, 9, 0, 7, 5, 3], [31, 35, 2, 0, 10, 17, 23, 28, 37, 46, 19, 42, 47, 12, 7, 41, 26, 22, 45, 11, 18, 16, 21, 44, 36, 38, 9, 27, 8, 13, 29, 32], [31, 22, 4, 24, 28, 34, 19, 29, 35, 10, 25, 16, 6, 9, 0, 5, 17, 15, 23, 32, 11, 33, 38, 7, 12, 20, 26, 36]]
[[12, 28, 7, 15, 9, 17, 13, 21, 1, 0, 4, 8, 14, 16, 6, 10, 22, 5, 2, 18, 20, 25], [19, 29, 32, 15, 12, 20, 6, 26, 0, 3, 18, 17, 2, 13, 10, 22, 25, 9, 11, 16, 21, 30, 27, 7, 28, 4, 33, 14, 23], [8, 18, 20, 11, 4, 14, 17, 0, 9, 19, 5, 2, 12, 15], [7, 0, 8, 12, 21, 15, 26, 6, 5, 3, 22, 25, 1, 20, 13, 9, 16, 10, 17, 23], [11, 1, 7, 5, 2, 4, 15, 0, 3, 12, 8, 16, 6, 13, 9]]
[[19, 4, 10, 16, 2, 11, 17, 1, 7, 15, 8, 6, 14, 18], [0, 8, 10, 5, 14, 15, 1, 12, 13, 9, 11, 2, 3], [0, 11, 7, 9, 12, 1, 8, 6, 4, 5, 2], [17, 43, 20, 1, 12, 29, 22, 30, 21, 3, 25, 7, 28, 0, 24, 2, 11], [14, 7, 8, 16, 18, 3, 15, 4, 9, 11, 5, 6], [12, 18, 6, 15, 20, 22, 19, 3, 14, 16, 2, 7, 5], [20, 5, 11, 7, 12, 1, 6, 2, 9, 16, 4, 3], [10, 18, 21, 8, 25, 28, 3, 15, 23, 22, 6, 13, 4, 5, 9, 0, 16, 26, 7], [6, 29, 8, 15, 17, 10, 18, 0, 4, 9, 12, 7, 16, 1, 5], [10, 1, 14, 12, 6, 11, 9, 2, 7, 8], [10, 16, 4, 13, 5, 14, 18, 20, 17, 0, 11], [31, 4, 41, 12, 18, 37, 8, 15, 28, 0, 6, 16, 39, 42, 23, 3, 38, 5, 14, 26, 7, 22, 36, 33, 40, 43, 30, 9, 29, 24, 27]]
[[15, 5, 4, 2, 16, 12, 11, 3, 13], [16, 6, 8, 10, 4, 15, 2, 0, 3, 14, 12], [8, 6, 0, 2, 4, 7, 10, 11, 3, 9], [10, 13, 18, 4, 7, 0, 5, 8, 20, 3, 2, 15, 19, 14, 11, 12, 16], [0, 4, 7, 3, 20, 12, 16, 6, 15, 11, 18, 13, 17], [13, 15, 17, 0, 3, 7, 10, 18, 5, 14, 1, 19, 2, 8], [18, 7, 26, 2, 5, 21, 14, 10, 0, 11, 24, 27, 19, 20, 15, 12], [0, 2, 1]]
[[19, 2, 7, 8, 11, 9, 15, 4, 14, 0, 5], [6, 22, 16, 23, 0, 11, 25, 26, 4, 21, 15, 8, 20, 14, 7, 24, 17, 1, 9, 27, 5], [1, 15, 3, 6, 10, 4, 2, 18, 9, 16, 19, 8, 14, 17, 11], [11, 18, 2, 15, 22, 25, 3, 23, 20, 7, 8, 16, 21, 19, 12, 4, 9, 13, 26]]
[[14, 24, 4, 19, 1, 16, 8, 22, 28, 2, 11, 21, 0, 10, 20, 25, 29, 3], [19, 12, 31, 1, 33, 5, 25, 28, 16, 24, 9, 14, 3, 34, 11, 20, 39, 2, 21, 37, 26, 0, 10, 32, 38, 15, 6, 22, 35, 40], [3, 23, 15, 17, 27, 0, 6, 21, 18, 4, 9, 28, 16, 30, 11, 20, 14, 26, 24, 22], [11, 5, 7, 16, 2, 13, 18, 4, 8, 17, 6, 15, 12, 3, 9], [3, 14, 4, 0, 8, 10, 23, 15, 24, 5, 13, 16, 17], [30, 25, 28, 17, 29, 3, 14, 36, 39, 40, 35, 20, 4, 10, 0, 19, 32, 7, 22, 37, 2, 9, 18, 31, 23, 11, 34, 41, 33, 5]]
[[10, 3, 18, 15, 21, 24, 26, 13, 27, 4, 19, 7, 11, 6, 17, 12, 22, 8], [10, 16, 12, 7, 17, 5, 13, 19, 2, 6, 14, 4, 11, 0, 15, 20], [29, 13, 9, 11, 16, 0, 15, 19, 27, 18, 14, 25, 8, 17, 7, 22, 23, 24, 12, 1, 2, 26], [10, 23, 1, 12, 21, 18, 14, 25, 28, 2, 6, 5, 26, 8, 17, 0, 11, 24, 27, 19, 15, 29], [6, 9, 0, 11, 5, 10, 4], [11, 24, 25, 30, 0, 13, 7, 16, 27, 33, 34, 15, 4, 31, 2, 21, 1, 12, 20, 14, 26, 5, 8, 17, 22, 28, 35, 32], [16, 18, 4, 11, 2, 7, 0, 9, 1, 17, 19, 5, 12], [22, 10, 7, 6, 12, 18, 24, 25, 23, 5, 15, 0, 16, 17, 20, 8, 21, 26, 13, 19, 9]]
[[0, 9, 2, 4, 10, 1, 13, 3, 17, 5, 20, 18, 6, 14], [9, 7, 18, 2, 15, 3, 16, 19, 1, 8, 14, 20, 0, 10, 4], [7, 1, 4, 10, 11, 9, 2, 8, 0, 5, 12, 13, 3], [13, 5, 0, 11, 19, 14, 4, 8, 15, 16, 1, 20], [4, 0, 11, 15, 2, 13, 8, 1, 10, 5, 6, 16, 14, 17, 3], [6, 4, 2, 11, 14, 17, 5, 12, 0, 8, 10, 7, 3, 15, 16], [4, 3, 6, 8, 15, 0, 9, 16, 14, 5, 1, 11, 17, 18], [15, 12, 0, 1, 18, 6, 17, 13, 10, 11, 16, 7, 14], [1, 8, 11, 9, 12, 16, 19, 0, 18, 4, 21, 2, 6, 13, 23], [4, 1, 6, 17, 7, 13, 21, 2, 16, 11, 12, 22, 0, 10, 18]]
[[1, 21, 29, 34, 13, 4, 10, 19, 24, 32, 5, 16, 8, 12, 15, 9, 11, 14, 2, 22, 33, 0, 6, 17], [3, 5, 1, 8, 9, 4, 6, 2], [5, 9, 0, 3, 2, 14, 15, 7, 11, 12, 8], [1, 11, 6, 13, 3, 12, 0, 10, 7, 4], [5, 15, 0, 17, 18, 7, 16, 8, 6, 14, 1, 11, 2, 9, 19], [13, 10, 17, 9, 1, 4, 19, 3, 14, 5, 11, 15, 12], [2, 1, 3, 0, 4, 7], [3, 14, 6, 9, 17, 7, 0, 15, 1, 4, 18, 13, 5, 10, 19, 2], [9, 7, 11, 4, 14, 0, 5, 2, 15], [13, 24, 1, 2, 17, 21, 9, 8, 25, 3, 20, 4, 22, 0, 14, 18, 19, 5, 10, 15], [7, 0, 5, 9, 3, 20, 2, 23, 25, 17, 1, 13, 24, 10, 18, 21, 15]]
[[15, 21, 17, 23, 24, 6, 5, 10, 11, 12, 18, 9, 19, 16, 25, 3, 13], [8, 23, 2, 11, 5, 1, 20, 17, 22, 0, 16, 18, 24, 3, 6, 9, 12], [14, 5, 12, 1, 8, 0, 2, 10], [13, 0, 1, 9, 2, 8, 7, 6, 14, 10, 3, 11], [9, 18, 0, 15, 14, 13, 17, 1, 16], [7, 11, 5, 0, 9, 2, 8, 14, 10, 6, 12, 4], [15, 5, 13, 2, 8, 7, 11, 0, 12, 10, 16, 17, 18, 9, 6, 14, 3]]
[[2, 1, 9, 5, 6, 7, 11, 3], [12, 2, 5, 9, 6, 4, 1, 16, 0, 13, 10, 7, 17], [8, 15, 0, 5, 19, 23, 25, 6, 10, 16, 22, 11, 12, 18, 3, 1, 20, 21], [17, 3, 26, 21, 27, 1, 13, 20, 16, 9, 10, 14, 15, 22, 0, 8, 11, 18, 2, 4, 23], [14, 22, 11, 15, 16, 9, 18, 20, 7, 3, 13, 0, 17, 4, 21], [0, 13, 19, 1, 8, 17, 24, 2, 9, 6, 22, 14, 15, 25, 10]]
[[7, 18, 1, 5, 8, 11, 16, 10, 15, 0, 14, 17], [4, 0, 12, 20, 1, 7, 10, 21, 6, 5, 17, 14, 19, 18, 15, 2], [26, 2, 11, 18, 19, 0, 3, 6, 20, 10, 23, 5, 9, 17, 16, 7, 15, 12], [12, 18, 9, 14, 20, 3, 7, 10, 21, 13, 19, 0, 2, 17], [5, 23, 6, 17, 9, 0, 10, 2, 19, 21, 14, 3, 7, 15, 13, 16, 20, 8, 24, 25, 4], [4, 17, 8, 0, 6, 9, 12, 16, 3, 14, 2, 13, 5, 18, 19], [1, 3, 0, 2], [3, 6, 0, 2, 5, 1, 4, 7]]
[[11, 1, 2, 4, 8, 3, 9, 7, 12, 10], [3, 5, 6, 9, 11, 1, 12, 13], [14, 18, 3, 1, 8, 11, 15, 16, 4, 2, 6, 9], [12, 16, 3, 20, 22, 4, 9, 18, 26, 6, 13, 25, 17, 28, 0, 8, 29, 11, 15, 10], [1, 15, 8, 19, 21, 6, 9, 3, 16, 2, 18, 5, 20, 22, 14, 17]]
[[15, 3, 22, 1, 4, 10, 16, 0, 18, 7, 8, 14, 20, 11], [12, 2, 17, 4, 8, 14, 21, 5, 19, 1, 9, 16, 0, 18, 10, 6], [2, 11, 6, 15, 18, 22, 7, 16, 20, 14, 3, 13, 0, 4, 5, 12, 19, 10, 1], [6, 19, 15, 0, 1, 4, 9, 22, 26, 28, 33, 2, 7, 13, 34, 16, 31, 32, 14, 23, 8, 20, 29, 11, 27, 30, 17], [4, 14, 18, 7, 10, 0, 12, 8, 11, 5, 1, 15, 2, 13], [14, 26, 0, 28, 1, 12, 11, 21, 5, 10, 16, 18, 19, 8, 24, 4, 20, 17, 27, 25, 29, 6, 22]]
[[9, 12, 15, 23, 25, 26, 20, 22, 0, 19, 18, 21, 24, 10], [6, 19, 13, 8, 0, 4, 9, 17, 2, 14, 3, 16, 12, 20], [9, 13, 19, 1, 14, 23, 4, 11, 21, 17, 8, 2, 16, 24, 0, 22, 10, 15, 6], [17, 35, 9, 21, 2, 6, 11, 13, 24, 29, 32, 0, 3, 7, 30, 33, 28, 10, 15, 22, 26, 18, 20, 23, 12, 25, 31, 4], [13, 18, 9, 0, 5, 16, 2, 8, 20, 21, 4, 15, 10, 11], [18, 30, 33, 36, 25, 7, 11, 20, 40, 5, 8, 12, 16, 21, 29, 38, 14, 26, 0, 15, 28, 2, 24, 34, 37, 39, 41, 9], [9, 1, 3, 6, 12, 13, 16, 4, 14, 17, 2, 8, 0, 10, 15]]
[[4, 33, 15, 25, 12, 21, 29, 30, 20, 19, 18, 10, 0, 5, 24, 6, 27, 34, 22, 32, 13, 31, 2, 8], [9, 22, 6, 14, 19, 1, 4, 0, 11, 12, 7, 15, 18, 2, 5], [29, 18, 6, 10, 12, 14, 7, 20, 1, 5, 24, 0, 19, 31, 11, 15, 30, 3, 22]]
[[5, 21, 25, 2, 22, 27, 15, 18, 16, 29, 20, 26, 0, 14, 17, 28, 3, 6, 7, 8, 11, 23], [16, 3, 9, 5, 0, 20, 22, 10, 23, 34, 6, 13, 29, 18, 8, 21, 4, 17, 32, 19, 37, 1, 11, 24, 25, 35, 14, 30], [6, 0, 14, 2, 5, 10, 11, 7, 3, 15], [12, 4, 7, 15, 5, 9, 17, 3, 6, 14, 8], [18, 30, 29, 0, 13, 32, 23, 27, 3, 6, 9, 31, 8, 20, 25, 5, 7, 19, 26, 21, 28, 1, 10, 14], [2], [4, 12, 5, 0, 14, 17, 3, 13, 8, 11, 9, 10, 15], [15, 8, 11, 16, 4, 7, 10, 17, 5, 14, 18, 3, 6], [19, 2, 30, 14, 23, 33, 40, 4, 7, 10, 22, 9, 21, 27, 28, 3, 6, 8, 20, 25, 31, 38, 29, 11, 15], [3, 0, 6, 12, 5, 11, 9, 13, 15, 1, 14], [19, 10, 20, 4, 6, 12, 5, 7, 16, 18, 3, 13, 22, 15, 11, 0, 14, 21], [10, 12, 0, 15, 8, 22, 6, 7, 3, 5, 11, 20, 14, 16, 1, 23], [0, 1, 13, 15, 17, 10, 6, 2, 14, 5, 7, 9, 16, 12, 18, 3], [0, 3, 2], [10, 8, 6, 11, 0, 2, 5, 1, 4, 3, 9, 12, 13]]
[[7, 9, 12, 3, 10, 2, 8, 6, 5], [18, 14, 5, 7, 9, 16, 2, 10, 1, 15, 0, 13, 19, 12, 8, 3], [7, 10, 1, 11, 2, 12, 5, 0, 13, 3], [10, 23, 4, 0, 14, 19, 21, 15, 12, 5, 18, 9, 20, 3, 11, 24, 1, 22], [7, 12, 19, 1, 14, 21, 3, 24, 2, 15, 17, 6, 26, 0, 13, 23, 8, 16, 20, 4], [17, 28, 18, 8, 2, 9, 21, 0, 11, 26, 25, 10, 3, 15, 5, 24, 22, 19, 13, 12, 29, 16], [6, 1, 4, 11, 3, 10, 2, 0, 7, 8, 12]]
[[0, 10, 12, 8, 6, 1, 11, 2, 5, 3], [3, 4, 2, 8, 9, 10], [9, 12, 5, 16, 15, 1, 3, 7, 10], [23, 4, 12, 8, 16, 21, 20, 7, 1, 5, 13, 2, 14, 11, 17, 6, 9], [36, 3, 35, 7, 15, 20, 28, 31, 0, 8, 17, 29, 2, 6, 10, 37, 27, 12, 23, 16, 26, 24, 18, 22, 25, 4, 13], [16, 19, 5, 21, 23, 0, 14, 26, 12, 6, 24, 8, 25, 20, 9, 27, 13, 1, 3], [10, 11, 19, 8, 14, 22, 23, 4, 0, 5, 15, 13, 20, 2, 7, 21], [24, 30, 32, 16, 9, 18, 13, 2, 5, 21, 28, 20, 4, 31, 10, 0, 19, 25, 27, 8, 17, 26, 33, 6, 11]]
[[4, 17, 9, 21, 10, 8, 19, 1, 14, 7, 0, 5, 13, 16, 23, 11, 3], [32, 11, 0, 8, 13, 18, 20, 26, 3, 9, 21, 24, 27, 30, 35, 12, 7, 33, 29, 6, 31, 5, 22, 1, 14, 15, 38], [5, 25, 4, 6, 7, 8, 11, 16, 22, 12, 17, 26, 20, 1, 9, 15, 2, 24, 0, 14, 27, 3], [8, 0, 15, 12, 17, 20, 11, 5, 24, 16, 19, 4, 9, 23, 22, 1, 13, 7]]
[[13, 23, 19, 2, 20, 6, 1, 11, 10, 16, 21, 12, 14, 17, 24], [2, 3, 5, 10, 7, 24, 15, 6, 20, 1, 12, 23, 14, 0, 4, 9, 21, 17], [18, 9, 13, 20, 23, 26, 6, 11, 24, 8, 22, 4, 2, 0, 3, 10], [2, 4, 8, 12, 9, 1, 6, 14, 7, 0, 3, 13], [0, 18, 6, 11, 1, 8, 4, 2, 15, 10], [48, 26, 2, 10, 16, 28, 33, 0, 11, 29, 43, 3, 9, 31, 47, 53, 8, 45, 49, 24, 27, 46, 52, 22, 44, 12, 4, 34, 36, 38, 50, 25]]
[[5, 8, 10, 16, 17, 11, 15, 1, 9, 3, 14, 0, 6, 7, 4], [9, 5, 14, 3, 11, 2, 10, 8, 6, 12, 15], [10, 12, 16, 14, 8, 2, 6, 13, 17, 1, 5, 19, 0, 4, 18, 15, 21], [22, 10, 0, 8, 2, 15, 18, 26, 13, 19, 23, 3, 11, 16, 5, 17, 1, 9, 27, 20], [12, 20, 7, 6, 13, 0, 9, 1, 4, 10, 17, 8, 16, 14, 24, 18, 21, 22], [25, 7, 15, 16, 26, 6, 0, 32, 4, 23, 29, 18, 8, 19, 10, 22, 33, 17, 27, 28, 1, 11, 14, 30, 20], [13, 20, 8, 5, 1, 9, 4, 11, 18, 0, 14, 15, 21, 2, 16, 19], [17, 0, 2, 5, 14, 18, 22, 3, 21, 10, 25, 13, 1, 9, 24, 15, 11]]
[[4, 12, 18, 1, 15, 6, 9, 16, 7, 13, 14, 19, 2], [4, 10, 6, 11, 2, 15, 0, 8, 7, 12, 13, 9], [3, 12, 5, 1, 14, 7, 2, 11, 10, 16, 0, 6, 8, 13], [20, 29, 33, 8, 25, 0, 4, 16, 22, 5, 13, 17, 23, 36, 3, 21, 9, 12, 28, 1, 10, 27, 35, 26, 30, 31, 6, 14], [8, 12, 15, 26, 17, 19, 2, 20, 10, 6, 0, 4, 13, 18, 16, 21, 27, 11]]
[[15, 28, 21, 23, 3, 17, 6, 26, 24, 7, 13, 16, 9, 0, 22, 4, 18, 10, 29], [22, 14, 4, 16, 0, 2, 6, 17, 5, 20, 10, 23, 15, 19, 25, 7, 11, 18, 21, 24], [17, 6, 12, 8, 5, 0, 14, 15, 9, 7, 13, 11, 3, 18], [3, 16, 0, 9, 20, 23, 18, 21, 6, 5, 17, 7, 4, 15, 1, 10, 12], [5, 19, 0, 12, 23, 1, 10, 21, 24, 8, 7, 20, 9, 6, 18, 2, 14, 15], [14, 22, 7, 25, 27, 29, 30, 20, 11, 0, 6, 19, 2, 15, 23, 8, 21, 31, 4, 12, 17]]
[[17, 30, 19, 0, 3, 1, 12, 28, 31, 33, 21, 27, 20, 26, 22, 34, 24], [3, 11, 16, 0, 4, 14, 17, 6, 2, 10, 9, 12], [8, 0, 7, 43, 35, 47, 37, 32, 2, 9, 10, 34, 44, 4, 12, 19, 23, 30, 49, 24, 38, 40, 17, 36, 3, 29, 48, 16, 11, 27, 45, 33, 20, 18, 13, 31, 21], [18, 21, 33, 3, 7, 30, 5, 9, 15, 27, 31, 4, 14, 0, 16, 22, 29, 26, 8, 13, 19, 23, 17, 24], [10, 30, 37, 18, 46, 12, 32, 58, 24, 25, 34, 53, 2, 5, 26, 54, 52, 61, 20, 48, 14, 38, 40, 59, 0, 13, 45, 23, 42, 51, 60, 19, 39, 47, 57, 33, 36, 17, 35, 27, 55, 21, 43, 49]]
[[2, 5, 8, 6, 3, 9, 0, 4], [8, 3, 6, 11, 10, 2, 4, 1, 9], [13, 3, 11, 5, 18, 0, 6, 9, 15, 19, 4, 12, 14, 17, 10, 20], [2, 1, 0], [4, 10, 11, 5, 1, 2, 0, 6, 8], [12, 5, 0, 17, 3, 16, 6, 9, 1, 18, 10, 13], [13, 4, 2, 8, 5, 3, 7, 0, 11], [17, 28, 5, 0, 23, 25, 3, 7, 20, 6, 13, 11, 18, 10, 19, 1, 24, 8, 14, 21, 26], [20, 26, 5, 15, 4, 14, 10, 17, 24, 6, 30, 16, 0, 29, 8, 23, 28, 21, 27, 13, 2, 18], [17, 25, 4, 18, 15, 22, 12, 20, 11, 5, 6, 9, 10, 19, 26, 28, 0, 2, 13, 7]]
[[12, 14, 18, 0, 4, 9, 15, 13, 3, 7, 8, 6, 10, 16], [3, 18, 16, 1, 15, 14, 0, 13, 2, 19, 4, 5, 6], [4, 5, 0, 2, 3, 1], [25, 0, 17, 30, 8, 12, 20, 33, 13, 21, 27, 34, 2, 19, 32, 9, 4, 5, 11, 1, 7, 18, 31, 26, 15, 28, 36], [6, 19, 4, 2, 10, 8, 21, 16, 1, 5, 13, 9, 18, 0, 3, 7, 20, 14, 11], [2, 6, 16, 7, 12, 1, 4, 11, 0, 5, 18, 3, 10, 17, 19], [9, 4, 6, 0, 12, 11, 10, 2], [11, 6, 9, 0, 7, 3, 4, 5], [5, 18, 15, 0, 8, 10, 16, 3, 20, 14, 19, 1, 12, 11], [4, 11, 13, 14, 1, 7, 2, 9, 0, 12, 10, 15], [9, 18, 4, 15, 21, 0, 3, 5, 10, 12, 13, 11, 6, 16, 19, 14], [29, 12, 14, 19, 22, 24, 16, 20, 9, 15, 4, 10, 6, 0, 13, 17, 3]]
[[0, 4, 7, 2, 5], [12, 7, 9, 0, 3, 2, 8, 14, 6, 13], [10, 15, 18, 17, 2, 7, 13, 0, 3, 8], [19, 1, 6, 3, 9, 12, 4, 7, 2, 0, 10, 16], [8, 26, 2, 22, 24, 16, 10, 21, 28, 0, 14, 29, 17, 3, 6, 13, 18, 5, 23, 9, 11, 19, 7], [10, 30, 2, 22, 25, 0, 3, 8, 19, 5, 14, 18, 7, 11, 12, 9, 15, 20, 24]]
[[8, 0, 3, 9, 2, 6, 5, 7], [13, 1, 2, 4, 8, 14, 3, 0, 5], [4, 9, 2, 11, 6, 14, 3, 15, 18, 10, 5, 12, 16, 0, 17], [8, 2, 5, 4, 7, 0, 9, 10, 11], [12, 14, 3, 5, 8, 0, 16, 11, 1, 2, 15, 10, 13], [6, 1, 3, 11, 8, 2, 0, 7, 4, 9], [1, 5, 6, 13, 17, 3, 8, 7, 15, 0, 2, 14, 16, 18, 12, 9, 19], [15, 18, 30, 2, 5, 7, 26, 27, 3, 22, 28, 11, 25, 19, 13, 14, 0, 10, 20, 24, 21, 31, 8, 29]]
[[7, 9, 16, 2, 15, 8, 0, 13, 12, 1, 6, 3, 17], [12, 3, 7, 9, 0, 5, 2, 4], [10, 5, 14, 2, 6, 9, 13, 12, 0, 8, 1, 11], [0, 8, 6, 5, 7, 4, 10], [21, 0, 10, 19, 1, 5, 11, 16, 3, 7, 15, 9, 13, 12, 17], [16, 7, 8, 18, 11, 2, 0, 4, 9, 19, 22, 12, 15, 17, 14, 3, 21], [7, 11, 20, 1, 21, 8, 19, 16, 0, 6, 15, 18, 17, 9], [8, 2, 0, 9, 15, 14, 11, 4, 3, 7, 6, 13], [5, 11, 9, 2, 0, 7, 13, 10, 15, 3, 12, 6]]
