0.8936091661453247
0.9491720199584961
0.9447976350784302
0.9663578271865845
0.7826187610626221
0.9495029449462891
0.8348608613014221
0.8974859714508057
0.8630526065826416
0.9464704394340515
0.8336462378501892
0.9382582902908325
0.6803582906723022
0.928265392780304
0.9214614629745483
0.9172874093055725
0.8858833312988281
0.9403071403503418
0.8437080383300781
0.8483501076698303
0.8683304786682129
0.8195739984512329
0.9072052240371704
0.8621182441711426
0.8161476254463196
0.959050178527832
0.9225116968154907
0.9538211226463318
0.8603057861328125
0.9189449548721313
0.8770002722740173
0.923987865447998
0.5882726907730103
0.8903213739395142
0.9273841977119446
0.8708234429359436
0.7853766679763794
0.8938440680503845
0.8730887174606323
0.9209005236625671
0.7722395062446594
0.9574139714241028
0.7081582546234131
0.8976064324378967
0.8267621994018555
0.803849458694458
0.8823173642158508
0.6488057971000671
0.9292140603065491
0.9189637303352356
0.9264149069786072
0.6609351634979248
0.9045637249946594
0.9125204086303711
0.8768762350082397
0.9548096060752869
0.8459473848342896
0.9210307002067566
0.9375362992286682
0.9219810962677002
0.8784676790237427
0.8129010796546936
0.8089747428894043
0.9173486232757568
0.8403067588806152
0.911106288433075
0.8476718068122864
0.951478123664856
0.6268254518508911
0.8366881012916565
0.8954049944877625
0.9729393720626831
0.9163066744804382
0.9340250492095947
0.8748565316200256
0.8859270811080933
0.8531277775764465
0.9457005262374878
0.8436766266822815
0.8810151219367981
0.789438784122467
0.9012454152107239
0.7910534143447876
0.8891376256942749
0.9125576019287109
0.9357708692550659
0.8965850472450256
0.947668194770813
0.805298924446106
0.9473770260810852
0.7404763102531433
0.9299479126930237
0.9099048376083374
0.8444505333900452
0.8680955767631531
0.929512619972229
0.8433923721313477
0.8757786750793457
0.7306712865829468
0.9504742622375488
0.9435747861862183
0.9119510650634766
0.8889669179916382
0.9335107803344727
0.7652468681335449
0.9107527732849121
0.9113438725471497
0.9159815907478333
0.8852253556251526
0.9341861009597778
0.8500867486000061
0.9150621891021729
0.8291367292404175
0.9488195776939392
0.896201491355896
0.833683431148529
0.8786374926567078
0.9279781579971313
0.916301429271698
0.9478179216384888
0.7838934063911438
0.9607157707214355
0.6519391536712646
0.8150110244750977
0.9051329493522644
0.9491591453552246
0.8216860294342041
0.9674460291862488
0.9435411691665649
0.8431360721588135
0.8361808061599731
0.9650923609733582
0.8816831111907959
0.8747817277908325
0.798634946346283
0.9512140154838562
0.8901225328445435
0.9342115521430969
0.8802155256271362
0.9658441543579102
0.8915833830833435
0.9114106893539429
0.7779766321182251
0.9465234279632568
0.840657114982605
0.9533377289772034
0.8274510502815247
0.9245251417160034
0.8960478901863098
0.9091242551803589
0.8675658106803894
0.9544765949249268
0.8790035843849182
0.9565216898918152
0.7729216814041138
0.943616509437561
0.8892083168029785
0.8946257829666138
0.7432173490524292
0.9526695609092712
0.927826464176178
0.94624263048172
0.9195268154144287
0.9296006560325623
0.8047969937324524
0.9495114684104919
0.8810780048370361
0.959868848323822
0.8768989443778992
0.957323431968689
0.8274121284484863
0.9109171032905579
0.8989924788475037
0.9169633984565735
0.9423330426216125
0.9341132044792175
0.9213604927062988
0.9211602807044983
0.7968406677246094
0.8625304102897644
0.5701932907104492
0.8833038210868835
0.8331825137138367
0.897424042224884
0.9246295094490051
0.798749566078186
0.739556074142456
0.8321437835693359
0.8558562994003296
0.8901922702789307
0.9159456491470337
0.9454848170280457
0.8354743719100952
0.9306105375289917
0.8778046369552612
0.946197509765625
0.8127909302711487
0.8827896118164062
0.8973193168640137
0.8720219135284424
