0.7121744180719057
0.6547519504907541
0.6587457048839757
0.22903007272231793
0.7150883078575134
0.9430576307432992
0.61563545545297
0.7300200413964275
0.7923120116548878
0.6939637869596481
0.509811144736078
0.7082056904522082
0.2500468978425488
0.5705583561211824
0.1716447353363037
0.9205082356929779
0.6100756316445768
0.7162658803992801
0.46723634947557
0.6254445246528261
0.106270432472229
0.6065459290138361
0.04131327072779337
0.13519173860549927
0.740577403921634
0.0048844702541828156
0.8328121483325959
0.4825273686687329
0.388186299862961
0.6391438517363414
0.7741347167640924
0.45553712248802186
0.2795125220902264
0.8268172448234898
0.5153104325290769
0.554726919724739
0.5533597558803324
0.7305659800767899
0.8310527789096037
0.6860813591629267
0.5263391461533805
0.43723242805572227
0.42226601618652543
0.9141222536563873
0.8526877698022872
0.728145251981914
0.5704040959078286
0.028974860906600952
0.7924121934920549
0.583236557498042
0.35966943826393355
0.2657289682732274
0.791025166089336
0.47764165451129276
0.5013275036407221
0.7123807676964335
0.10448234611087376
0.5291894822596357
0.016413524746894836
0.8031743057072163
0.8409411760845354
0.2401575220283121
0.6425147162517533
0.4427115299622528
0.47378728445619345
0.2591504575757426
0.8769667521119118
0.7911091691814363
0.7445478503193174
0.49225740623660386
0.19301003217697144
0.1620636781056722
0.06905360023180644
0.5664505923373832
0.5932773150917556
0.3796555492029126
0.7140796894414557
0.6953095889766701
0.8781110818187395
0.603509527927434
0.48498456639936194
0.019757284224033354
0.5863291008397937
0.0494042864212623
0.5643856599926949
0.5619093273352418
0.5375695626183491
0.43431636939446133
0.7517953713734945
0.6737376494067056
0.8082223894695441
0.6538544356202086
0.6876591185906104
0.2449079304933548
0.07608380417029063
0.7509005417426428
0.7406706204637885
0.7257130189470693
0.6718382347375155
0.737514740968537
0.7310503657375064
0.10808792379167345
0.5583771223318763
0.5532502081089964
0.6393373256885551
0.5205300084780902
0.05750763842037746
0.1484160522619883
0.4881462836532261
0.7911988835678332
0.7631023762126764
0.5019880473199818
0.7123899743227022
0.5381984593113884
0.47485009878873824
0.7414889486972243
0.7105690362778577
0.5214338115501133
0.6301051960326731
0.5141110791824758
0.7614265866577625
0.8534136790549383
0.6542254288991293
0.3956118560672621
0.7186748182401062
0.5732247578445822
0.671685968708646
0.8250477266265079
0.6362840719521046
0.596362091251649
0.1206202283501625
0.8669539093971252
0.07557281520631579
0.6236289795488119
0.8025788217782974
0.6034006684087216
0.6636467824379603
0.5678880108106468
0.8378835651609633
0.8802247941493988
0.6717574807504813
0.36314384709112346
0.6008207737985585
0.4615414627894227
0.6779533197482427
0.6109432626011161
0.17221051087835804
0.6554398072831746
0.4481813221548994
0.5300999194616451
0.7684758836403489
0.07532970607280731
0.8887191514174143
0.5045566243352368
0.6925130421295762
0.16008373101552328
0.678385429084301
0.7513039795538554
0.5316545481660536
0.595041021366011
0.12173370271921158
0.5665241507813334
0.7812259238627222
0.7698963987999238
0.5209446740854118
0.48531993784542593
0.5811915874481202
0.6962012380361557
0.24998189124744385
0.3736564727233989
0.6288682222366333
0.5617410864681005
0.038344811934691206
0.743731437047245
0.7308771507814527
0.887117760522025
0.1349025879587446
0.647903706820216
0.8445705967870626
0.1892956018447876
0.17812620401382445
0.5444725383422337
0.573873155284673
0.6782737423976263
0.963173142501286
0.34113970686060685
0.6104306569400554
0.53500444578406
0.6863024551421404
0.8253232017159462
0.13901199102401735
0.6895579067058861
0.8344271540641784
0.7702110857935622
0.12862659990787506
0.46155112963169814
0.524399089103099
0.28326478266778093
0.7432241991045885
0.8663074274857839
