0.8906781071150703
1
0.8202675260896255
1
0.8433787519747237
1
0.8901131604843692
1
0.7818866930729924
1
0.8076254130524577
1
0.8352542903453786
1
0.820278281176057
1
0.8360201614220828
1
0.8394368558770464
1
0.8816554756419621
1
0.931052106389531
1
0.8940873739706867
1
0.8263791723822589
1
0.823896079302572
1
0.8151299986064408
1
0.9229474269046463
1
0.8898321779456172
1
0.9511778091679913
1
0.9014036053392046
1
0.8864391731924969
1
0.8467315357229473
1
0.8629264372854116
1
0.8695556251023938
1
0.8699417136399153
1
0.8155149760422422
1
0.8914358017280177
1
0.8408274357542955
1
0.9157780504430811
1
0.8595063303099018
1
0.8847760860940289
1
0.8300000000000002
1
0.8348931623931624
1
0.9092933789487236
1
0.8940083773447459
1
0.9107162753330831
1
0.7688368285255645
1
0.8189408496846449
1
0.8934557364334039
1
0.8750326157860405
1
0.9124548116453663
1
0.9448001295621631
1
0.8625345338952298
1
0.8945228658590488
1
0.8920857142857144
1
0.8247062001227747
1
0.9207692374739733
1
0.8499178741341588
1
0.878956069546489
1
0.7961196484694055
1
0.8433429978442986
1
0.8961691086597201
1
0.8370761444606176
1
0.8970068160175877
1
0.848232968947151
1
0.82308822129442
1
0.8904817093255676
1
0.8403329003704242
1
0.8544336107921733
1
0.8913815534168579
1
0.8683601149101633
1
0.9586113540550899
1
0.901493930613204
1
0.931809356017561
1
0.8545815497239283
1
0.9171347984900842
1
0.8528691649073424
1
0.840076079440939
1
0.8497390007457122
1
0.9059423529107776
1
0.9016012390215439
1
0.8588113535367036
1
0.9218944183654789
1
0.8824639561707035
1
0.8825281345147961
1
0.8651358628437451
1
0.8597704477343463
1
0.8825012784007236
1
0.9422355672253107
1
0.8660976927108053
1
0.8722564573499103
1
0.7939655172413794
1
0.8977869862740567
1
0.8423021186440678
1
0.845703281713873
1
0.8809753661897783
1
0.9259673705454768
1
0.8799637632489622
1
0.8345361249757625
1
0.8653370396783653
1
0.8926237594517958
1
0.9192214746968974
1
0.9066150749924429
1
0.8563634977731478
1
0.8897846648441179
1
0.8174840597310522
1
0.8010755067333056
1
0.8992554535870415
1
0.869813161951171
1
0.8868312757201646
1
