0.9121859868367513
1
0.9935701659747532
1
0.7936538590325249
1
0.9493858388492039
1
0.9831825750214713
1
0.6675369706418779
1
0.9934374570846558
1
0.9662168281418937
1
0.9891278445720673
1
0.8781704604625702
1
0.9708759963512421
1
0.9869242012500763
1
0.9213727489113808
1
0.9937659740447998
1
0.9887560341093276
1
0.9908836126327515
1
0.793686842918396
1
0.9922517289717993
1
0.7716125138103962
1
0.9913059175014496
1
0.9070787876844406
1
0.9495507001876831
1
0.9566788673400879
1
0.892575068133218
1
0.8416983596980572
1
0.9156974043164935
1
0.993567019701004
1
0.7600706012712585
1
0.9863944113254547
1
0.9478439433234078
1
0.9789273057665143
1
0.9913129657506943
1
0.8919553210337957
1
0.9021928608417511
1
0.9915208646229335
1
0.8378033675253391
1
0.9889901791300092
1
0.9220687548319498
1
0.9094388650523292
1
0.9831891655921936
1
0.9921852424740791
1
0.8009118743240833
1
0.9613731340928511
1
0.9936926513910294
1
0.9680050412813822
1
0.9062817328506045
1
0.9933091572352818
1
0.9759301313987145
1
0.7926825831333796
1
0.8897502206265926
1
0.9104566701820919
1
0.8430251919974884
1
0.8763065271907382
1
0.991460032761097
1
0.8638793865049427
1
0.9290631214777628
1
0.9926517861230033
1
0.9817651033401489
1
0.9876664768565785
1
0.8553979359567165
1
0.9886610731482506
1
0.9558601478735606
1
0.9914644002914429
1
0.9938948750495911
1
0.7512805737787858
1
0.9922219581074185
1
0.989612740278244
1
0.9931664367516836
1
0.9931022723515829
1
0.9925278160307143
1
0.9657063219282362
1
0.9860984219445122
1
0.9181268617510796
1
0.9792788624763489
1
0.953465633922153
1
0.9762372635304928
1
0.9470455050468445
1
0.9881632775068283
1
0.972242534160614
1
0.9833824719701495
1
0.8005033737669388
1
0.9452445904413859
1
0.9904516736666361
1
0.8616335153579712
1
0.7532793283462524
1
0.8511190464099249
1
0.9942458409529465
1
0.7865089625120163
1
0.8882121779024601
1
0.7904989554292776
1
0.9914825956026713
1
0.9929262161254883
1
0.9927757637841361
1
0.9513844807942708
1
0.9852776154875755
1
0.9376740540776934
1
0.988154411315918
1
0.9893821676572164
1
0.882322088504831
1
0.9904773905873299
1
