10.98479175567627
5.27313756942749
15.513971328735352
9.083830833435059
20.70134735107422
4.40232515335083
17.11666488647461
8.199450492858887
6.286652088165283
11.768281936645508
18.296218872070312
4.271791934967041
31.425235748291016
7.036632537841797
23.328262329101562
5.939448833465576
12.870386123657227
6.882976055145264
18.49457359313965
5.2746148109436035
9.696763038635254
5.456963062286377
7.701033115386963
10.04714584350586
13.80824089050293
8.00291919708252
18.759300231933594
9.205674171447754
15.690935134887695
7.385084629058838
14.091142654418945
7.7320027351379395
13.107769966125488
7.5544209480285645
9.844740867614746
6.021953582763672
11.484338760375977
7.346081256866455
14.71019458770752
7.568047046661377
17.283370971679688
8.753710746765137
8.64567756652832
5.101667881011963
7.900379180908203
6.0546722412109375
9.421740531921387
6.234229564666748
16.103225708007812
5.915404796600342
13.926565170288086
11.367636680603027
12.851494789123535
21.997211456298828
14.434146881103516
5.626754283905029
8.704031944274902
5.337072372436523
16.37662124633789
5.6969685554504395
12.97713565826416
9.368969917297363
21.783906936645508
8.156473159790039
16.839670181274414
10.374799728393555
11.486327171325684
5.272058963775635
13.929497718811035
9.112351417541504
16.366281509399414
6.555988311767578
27.946388244628906
7.345505714416504
18.413145065307617
6.264431953430176
14.214221954345703
7.353120803833008
17.35079002380371
8.076190948486328
9.836220741271973
5.162937164306641
12.624778747558594
6.264814853668213
9.184402465820312
5.93048620223999
9.500486373901367
11.117968559265137
72.60028076171875
7.027519226074219
11.868837356567383
5.249897480010986
10.835652351379395
3.809418201446533
10.934842109680176
6.503917694091797
14.630175590515137
6.247176647186279
12.28769302368164
7.1079230308532715
16.02610969543457
6.30195426940918
10.404314041137695
8.419519424438477
14.665031433105469
8.130043029785156
7.928567886352539
7.793078899383545
13.897603988647461
6.906305313110352
25.82339859008789
6.080958843231201
11.717864990234375
4.714606761932373
16.555479049682617
5.166237831115723
13.350325584411621
6.858731269836426
9.453861236572266
12.077862739562988
15.438532829284668
7.94550085067749
509.7916564941406
5.802504539489746
13.555495262145996
6.401979446411133
26.226163864135742
7.855184078216553
13.051663398742676
7.8326263427734375
7.489657878875732
7.11289119720459
10.477245330810547
6.382517337799072
10.545448303222656
5.0055365562438965
18.27923583984375
6.152987957000732
9.60267162322998
6.8978118896484375
11.523277282714844
5.021772861480713
15.669189453125
6.9339752197265625
10.263660430908203
6.383627891540527
16.295547485351562
6.3044586181640625
12.474206924438477
8.575794219970703
10.088176727294922
7.58518648147583
11.24736499786377
5.233189582824707
7.817823886871338
5.046028137207031
11.109612464904785
6.181272029876709
13.434676170349121
6.811426162719727
12.621965408325195
7.48956823348999
12.891644477844238
4.4417924880981445
11.94284439086914
6.019235610961914
19.59091567993164
5.573942184448242
12.074626922607422
9.946581840515137
11.63862133026123
6.7962846755981445
6.547518253326416
7.172812461853027
11.915987968444824
6.38087272644043
23.160995483398438
5.840641975402832
11.252103805541992
7.643883228302002
14.21413803100586
7.799973011016846
11.872831344604492
6.628589630126953
9.123979568481445
13.389514923095703
9.455826759338379
6.846426010131836
9.322098731994629
7.989356994628906
16.119577407836914
6.620432376861572
15.136835098266602
5.4074931144714355
10.690247535705566
6.349366664886475
13.498918533325195
8.776145935058594
13.097939491271973
10.40189266204834
