0.9074567788177066
1
0.9940464752061027
1
0.7335575876964463
1
0.9559012992041451
1
0.9777472615242004
1
0.9299159016874101
1
0.9940512418746948
1
0.9665112580571856
1
0.9937760978937149
1
0.8785756528377533
1
0.993204665184021
1
0.9926248826086521
1
0.8797765634953976
1
0.9939930319786072
1
0.989457368850708
1
0.9928649365901947
1
0.9869744539260864
1
0.9937438319126765
1
0.9924774595669338
1
0.9942450424035391
1
0.9942825436592102
1
0.9778681914011638
1
0.9814389273524284
1
0.9339075088500977
1
0.9763952791690826
1
0.9322762744767326
1
0.9937150776386261
1
0.8568727202299569
1
0.9882083356380462
1
0.9285569531576974
1
0.9798401849610465
1
0.9911608844995499
1
0.8801667193571726
1
0.9938992410898209
1
0.9915978993688311
1
0.8374532895783583
1
0.9895199196679252
1
0.9938658409648471
1
0.9444083240297105
1
0.9929213573535284
1
0.9937473759055138
1
0.9908522248268128
1
0.992280434478413
1
0.9937735895315806
1
0.9680050412813822
1
0.9865453773074679
1
0.9939800330570766
1
0.9770089387893677
1
0.8690932566920916
1
0.8897547088563442
1
0.9013877127851758
1
0.9544481436411539
1
0.9218944840961032
1
0.9915317371487617
1
0.9845667806538668
1
0.9944151341915131
1
0.9938588653291974
1
0.9927168726921082
1
0.9919863722541116
1
0.963342934846878
1
0.9928349480032921
1
0.9576308925946554
1
0.9914644002914429
1
0.9939054506165641
1
0.866775163973216
1
0.9930399391386244
1
0.992502075433731
1
0.9937455455462137
1
0.9930892686049143
1
0.992903040515052
1
0.9442777434984843
1
0.9900388585196601
1
0.9900313218434652
1
0.9940376579761505
1
0.9904696212874519
1
0.9624639414250851
1
0.9207545717557272
1
0.873909892514348
1
0.9945826530456543
1
0.9912187371935163
1
0.8825819608238008
1
0.9799611369768778
1
0.9933930304315355
1
0.8353307247161865
1
0.8719800710678101
1
0.9943312406539917
1
0.9942011282994196
1
0.702856183052063
1
0.9904400110244751
1
0.8654373857954686
1
0.9941292007764181
1
0.9925993323326111
1
0.9942425148827689
1
0.9922184149424235
1
0.9860462844371796
1
0.9643024461609977
1
0.9929705142974854
1
0.98956698179245
1
0.986155038078626
1
0.9898987784981728
1
