0.9921985864639282
1.0
0.9870663114956447
1.0
0.9799751440684
0.9999999574252537
0.9882202999932426
0.9999999536408318
0.9803122878074646
1.0
0.9876661035749648
0.9999999602635702
0.9789154171943665
0.9999999582767487
0.9841564808573041
0.9999999403953552
0.9859397262334824
0.9999999735090468
0.9867185354232788
0.9999999602635702
0.984757536649704
0.9999999512325634
0.9936032854020596
1.0000000066227384
0.9907783791422844
0.9999999776482582
0.9863417744636536
1.0000000085149492
0.9848273065355089
0.9999999649384442
0.9873864591121674
0.9999999880790711
0.9951711535453797
1.0000000170298986
0.9935288776954015
0.9999999744551522
0.9946957145418439
0.9999999850988388
0.9893109252055486
0.9999999829701015
0.9875675936539968
0.9999999478459358
0.9892964005470276
0.9999999900658926
0.9904273301362991
0.9999999701976776
0.9927358201571873
1.0000000198682149
0.9892825931310654
0.9999999489103045
0.9840318305151803
0.9999999761581421
0.9880069096883138
1.0000000198682149
0.9864266779687669
0.9999999735090468
0.9888213396072387
1.0000000045849726
0.9855716824531555
0.9999999850988388
0.9946267860276359
0.9999999552965164
0.9882204681634903
0.9999999403953552
0.987498531738917
0.9999999552965164
0.9891134351491928
0.9999999642372132
0.9890168905258179
0.9999999105930328
0.9893423716227213
1.0000000085149492
0.9842742340905326
0.9999999735090468
0.9879230260848999
0.9999999574252537
0.9870641297764249
1.0
0.9882998118797938
0.9999999458139593
0.9891390353441238
0.9999999523162841
0.9868614912033081
0.9999999566511675
0.9904657927426425
0.9999999536408318
0.990901047984759
0.9999999006589254
0.9680294990539551
1.0
0.9851948022842407
0.999999980131785
0.9912420426096235
0.9999999761581421
0.9894889318026029
1.0000000298023224
0.9907399813334147
1.000000005418604
0.9709662199020386
0.9999999735090468
0.9904805081231254
0.9999999642372132
0.9910831997791926
0.999999965940203
0.9863948424657186
0.9999999925494194
0.9926193282008171
1.0000000085149492
0.987551293589852
0.9999999668863084
0.994622677564621
0.9999999470180936
0.9909488303320748
0.9999999776482582
0.9844777941703796
0.9999999850988388
0.9877007874575529
0.9999999295581471
0.9877119660377502
0.9999999642372132
0.9910220578312874
0.9999999925494194
0.993571917215983
0.9999999515712261
0.9801182389259339
1.000000011920929
0.9887862460953849
0.9999999900658926
0.9866037219762802
0.9999999642372132
0.9937495589256287
0.9999999503294627
0.9896382451057434
0.9999999701976776
0.9879226585229238
1.0000000059604646
0.9804899493853251
0.999999980131785
0.9896305137210422
1.0000000149011612
0.9850915206803216
1.0000000298023224
0.9844412737422519
0.9999999829701015
0.9955784360567729
0.9999999751647314
0.9837567955255508
0.9999999867545234
0.993401308854421
0.9999999642372132
0.9863300174474716
0.9999999523162841
0.9897820850213369
0.9999999933772616
0.9843175187706947
0.9999999318804059
0.9925641417503357
0.9999999174704919
0.985795761857714
0.9999999729069796
0.987957219282786
0.9999999701976776
0.9840477108955383
0.9999999816601093
0.991817487610711
1.0000000170298986
0.9851994037628173
0.9999999761581421
0.9905736595392227
0.9999999574252537
0.9908594985802969
1.0
0.9879127649160532
0.9999999701976776
0.9872714728116989
1.0000000170298986
0.9789674580097198
0.9999999463558197
0.9865314526991411
0.9999999489103045
0.9888752003510793
0.999999925494194
0.9907071709632873
0.9999999602635702
0.9913149986948285
0.9999999602635702
0.9889881451924641
0.9999999489103045
0.9922143295407295
0.9999999850988388
0.9802290541785104
0.9999999478459358
0.9824716687202454
0.9999999503294627
0.9882708291212717
0.9999999940395355
0.9916347215572993
0.999999980131785
0.9928632155060768
1.0000000066227384
