-0.8214190602302551
-0.6707263588905334
-0.8643152713775635
-0.7646048665046692
-0.9186360239982605
-1.1524690389633179
-1.0743045806884766
-0.7347851395606995
-0.7834838628768921
-0.9248172044754028
-0.8544803261756897
-0.6234281659126282
-1.1313118934631348
-0.7402194142341614
-1.0593959093093872
-0.8150773048400879
-0.8890863656997681
-0.8066524863243103
-0.9965551495552063
-0.7917651534080505
-0.6961884498596191
-0.7555122971534729
-0.6962445378303528
-0.7986463904380798
-0.7353647351264954
-0.7556654810905457
-0.9596806764602661
-0.8136380910873413
-0.8265189528465271
-1.463579773902893
-0.9141852259635925
-0.76845782995224
-0.7835093140602112
-0.7170336246490479
-0.8685969114303589
-0.6950750946998596
-0.8660853505134583
-0.6933625936508179
-0.8262773752212524
-0.7496156096458435
-0.9824955463409424
-0.8143865466117859
-0.7398030757904053
-0.6077920198440552
-0.8436960577964783
-0.6955411434173584
-0.7818053960800171
-0.8076802492141724
-0.9033600687980652
-0.8669806122779846
-1.0658138990402222
-0.8539702892303467
-0.7922775149345398
-1.0366237163543701
-0.9444681406021118
-0.7865360379219055
-0.8276154398918152
-0.7247569561004639
-0.805780291557312
-0.6264169216156006
-0.9046209454536438
-0.8286182880401611
-1.0199154615402222
-0.7436417937278748
-0.8797369003295898
-0.8735974431037903
-0.848466694355011
-0.7038271427154541
-0.8031102418899536
-0.7911098599433899
-0.8544823527336121
-0.7848252058029175
-0.9369180798530579
-0.6737727522850037
-0.8324819803237915
-0.6654102802276611
-1.2566454410552979
-0.7322145700454712
-0.7600578665733337
-0.7474681735038757
-0.7906569242477417
-0.698215901851654
-0.878503680229187
-0.5577563643455505
-0.7420506477355957
-0.6833466291427612
-0.9211017489433289
-1.041581153869629
-1.7624680995941162
-0.6718699336051941
-0.9579342603683472
-0.6612151265144348
-0.7582589983940125
-0.660685122013092
-1.0232189893722534
-0.8496456146240234
-0.7814740538597107
-0.6800519227981567
-1.3859831094741821
-0.7643288969993591
-0.820163905620575
-0.7826022505760193
-0.8062375783920288
-0.802328884601593
-0.9937331676483154
-0.6913099884986877
-0.6705915927886963
-0.7547672390937805
-0.8658327460289001
-0.8930788040161133
-0.843654453754425
-0.6376109719276428
-0.8758569955825806
-0.6517133116722107
-0.9036312103271484
-0.7133921384811401
-0.7545450925827026
-0.6906285881996155
-0.8302150368690491
-1.1633129119873047
-0.7901989221572876
-0.8148916363716125
-0.6211945414543152
-0.7654258608818054
-0.9205589890480042
-0.6683740019798279
-1.0621281862258911
-0.8200274109840393
-0.8287560939788818
-0.6445537805557251
-0.8519970774650574
-0.9552338123321533
-0.7707539200782776
-0.7910864353179932
-0.7633118629455566
-0.6643581986427307
-0.7585057020187378
-0.6844926476478577
-0.7934542894363403
-0.793929934501648
-0.8032357692718506
-0.5961691737174988
-0.8197410702705383
-0.891804575920105
-0.9205113649368286
-0.7401363253593445
-1.0178645849227905
-0.6761287450790405
-0.7177991271018982
-0.8139300346374512
-0.8921871781349182
-0.8078657984733582
-0.896411120891571
-0.6052584052085876
-0.8222761154174805
-0.6003933548927307
-0.7066047787666321
-0.794175922870636
-0.9315342903137207
-0.7779329419136047
-0.86689692735672
-0.7735695242881775
-0.7379741072654724
-0.7110373973846436
-0.8005134463310242
-0.8013098835945129
-0.8661571741104126
-0.6489074230194092
-0.8122513294219971
-0.7106166481971741
-0.8161892890930176
-0.7225925326347351
-0.6693224310874939
-0.8258116841316223
-0.9478542804718018
-1.043013572692871
-0.826984167098999
-0.6528145670890808
-0.8153146505355835
-0.6979208588600159
-0.910449206829071
-0.7771610021591187
-1.0292927026748657
-0.7630462646484375
-0.9784550070762634
-0.7675450444221497
-0.905325174331665
-0.7898097038269043
-0.8861686587333679
-0.8090696930885315
-0.8148725628852844
-0.774107038974762
-0.8826778531074524
-0.6224474906921387
-0.813414990901947
-0.6333048939704895
-0.8250011801719666
-0.840572714805603
-0.9236630201339722
-0.871938943862915
