0.9875888824462891
0.9999997019767761
0.9883964657783508
0.9999998211860657
0.978356659412384
0.9999999403953552
0.9938263893127441
0.9999997615814209
0.991300642490387
0.9999998211860657
0.9835919737815857
1.000000238418579
0.9792265295982361
1.0000005960464478
0.9502996206283569
0.9999999403953552
0.9860618114471436
1.0
0.9903243780136108
1.0
0.9738373756408691
1.000000238418579
0.9951910972595215
1.0
0.9953315854072571
1.0000003576278687
0.9707216620445251
0.9999999403953552
0.9732599258422852
1.0
0.9852269887924194
1.000000238418579
0.9717536568641663
1.000000238418579
0.9918462038040161
1.0000001192092896
0.9946843981742859
0.9999995827674866
0.9893534183502197
1.0000003576278687
0.9895124435424805
1.000000238418579
0.9717416763305664
1.0000003576278687
0.9787503480911255
0.9999997615814209
0.9888361692428589
0.9999998211860657
0.9863970279693604
1.0
0.9607486724853516
1.0
0.9804031848907471
1.000000238418579
0.978287935256958
1.0000003576278687
0.9638545513153076
1.0000004768371582
0.965576708316803
1.0000001192092896
0.9929860830307007
1.000000238418579
0.9593729376792908
1.0000003576278687
0.977410078048706
1.0000009536743164
0.9901599287986755
0.9999998807907104
0.9766519069671631
1.0000005960464478
0.9547337293624878
1.0
0.9416621923446655
1.000000238418579
0.9900680780410767
0.9999998807907104
0.9898272752761841
1.0000001192092896
0.9960123896598816
0.9999998211860657
0.9968471527099609
1.000000238418579
0.9957594275474548
1.0
0.9964264631271362
1.0
0.9821847081184387
1.0000001192092896
0.922102689743042
1.0000001192092896
0.9544618129730225
1.0000001192092896
0.995785117149353
0.999999463558197
0.9299696087837219
0.9999996423721313
0.9862227439880371
1.000000238418579
0.944280207157135
0.9999999403953552
0.9770904779434204
0.9999999403953552
0.9792961478233337
0.9999996423721313
0.9747641682624817
0.9999998211860657
0.9946485757827759
0.9999997019767761
0.979050874710083
1.0000003576278687
0.9946922063827515
0.9999996423721313
0.9872491359710693
1.0000007152557373
0.9648393988609314
1.0000001192092896
0.9703778028488159
1.000000238418579
0.9914552569389343
1.0
0.98865807056427
0.9999998211860657
0.9870597720146179
0.9999997615814209
0.9831073880195618
1.0000001192092896
0.9741600751876831
0.9999994039535522
0.9916455745697021
1.0000001192092896
0.9599841833114624
1.000000238418579
0.9788745045661926
1.0000005960464478
0.9358280301094055
1.0000001192092896
0.9817269444465637
1.0
0.9928100109100342
0.9999997615814209
0.9868479371070862
1.000000238418579
0.9888803362846375
1.0000003576278687
0.996709942817688
1.0
0.9631227254867554
0.9999999403953552
0.9814947843551636
0.9999998807907104
0.9956504106521606
1.0000003576278687
0.9623820185661316
0.9999999403953552
0.9174466729164124
0.9999998211860657
0.9783592820167542
1.0
0.9796621799468994
0.9999998807907104
0.9622116684913635
0.999999463558197
0.9901174902915955
0.9999998211860657
0.9475790858268738
1.0
0.8619876503944397
1.0000001192092896
0.9754805564880371
0.9999998807907104
0.9790072441101074
1.0000004768371582
0.9666543006896973
1.0000001192092896
0.9804953932762146
0.9999997019767761
0.9248992204666138
1.0000007152557373
0.9890748262405396
1.000000238418579
0.9672374725341797
0.9999999403953552
0.987330973148346
1.0000003576278687
0.9910745620727539
1.000000238418579
0.9934336543083191
1.0000004768371582
0.9652959108352661
1.000000238418579
0.9893102645874023
1.0000001192092896
0.9508837461471558
1.0000001192092896
0.9787685871124268
0.9999999403953552
0.9705765843391418
1.0
0.9843584299087524
0.9999996423721313
