-1.1132752895355225
-0.6707263588905334
-1.3803266286849976
-0.7646048665046692
-1.4966875314712524
-1.1524690389633179
-1.160109519958496
-0.7347851395606995
-1.1786489486694336
-0.9248170852661133
-1.0767505168914795
-0.6234280467033386
-1.576780080795288
-0.7402194142341614
-1.3212783336639404
-0.8150773048400879
-1.3692264556884766
-0.8066524863243103
-1.4641517400741577
-0.7917651534080505
-1.027480125427246
-0.7555122971534729
-0.8723350763320923
-0.7986463904380798
-0.9804203510284424
-0.7556654810905457
-1.4375927448272705
-0.8136380910873413
-1.3701897859573364
-1.463579773902893
-1.3245484828948975
-0.76845782995224
-0.8231267333030701
-0.7170336246490479
-1.0595916509628296
-0.6950750946998596
-1.0017399787902832
-0.6933625936508179
-1.2505825757980347
-0.7496156096458435
-1.2629379034042358
-0.8143865466117859
-1.0734049081802368
-0.6077920198440552
-1.004104733467102
-0.6955411434173584
-0.9878538250923157
-0.8076802492141724
-1.2906497716903687
-0.8669806122779846
-1.5129995346069336
-0.8539702892303467
-1.2155191898345947
-1.0366237163543701
-1.230557918548584
-0.7865360379219055
-1.0111364126205444
-0.7247569561004639
-1.1135458946228027
-0.6264169216156006
-0.9907932877540588
-0.8286182880401611
-1.4764376878738403
-0.7436417937278748
-1.3337749242782593
-0.8735973834991455
-1.1378281116485596
-0.7038271427154541
-1.0900566577911377
-0.7911098599433899
-1.123038649559021
-0.7848252058029175
-1.4085291624069214
-0.6737727522850037
-1.1351656913757324
-0.6654102802276611
-1.4962806701660156
-0.7322145700454712
-1.3375493288040161
-0.7474681735038757
-1.0577377080917358
-0.698215901851654
-1.085208535194397
-0.5577563643455505
-1.053618311882019
-0.6833466291427612
-1.1985374689102173
-1.041581153869629
-1.9920644760131836
-0.6718699336051941
-1.3546497821807861
-0.6612151265144348
-0.9913281798362732
-0.660685122013092
-1.3655134439468384
-0.8496456146240234
-0.9447522759437561
-0.6800519227981567
-1.7437195777893066
-0.7643288969993591
-1.0653241872787476
-0.7826022505760193
-1.0887324810028076
-0.802328884601593
-1.3221426010131836
-0.6913099884986877
-0.8655872344970703
-0.7547672390937805
-1.1880065202713013
-0.8930788040161133
-1.07354736328125
-0.6376109719276428
-1.1484284400939941
-0.6517133116722107
-1.3308535814285278
-0.7133921384811401
-1.0509498119354248
-0.6906285881996155
-1.06990385055542
-1.1633129119873047
-1.0627843141555786
-0.8148916363716125
-0.7847796082496643
-0.7654258608818054
-1.2690129280090332
-0.6683740019798279
-1.4335602521896362
-0.8200274109840393
-1.2496100664138794
-0.6445537805557251
-1.0031006336212158
-0.9552338123321533
-1.020674467086792
-0.7910864353179932
-1.1267417669296265
-0.6643581986427307
-1.5196713209152222
-0.6844926476478577
-1.037285566329956
-0.793929934501648
-0.9755565524101257
-0.5961692929267883
-1.363633394241333
-0.8918046355247498
-1.0413604974746704
-0.7401363253593445
-1.404515266418457
-0.6761287450790405
-0.8734743595123291
-0.8139299750328064
-1.1987820863723755
-0.8078657984733582
-1.2064965963363647
-0.6052584052085876
-1.1556682586669922
-0.6003933548927307
-0.97605299949646
-0.794175922870636
-1.2840546369552612
-0.7779329419136047
-1.1043295860290527
-0.7735695242881775
-1.2493948936462402
-0.7110373973846436
-0.9543179869651794
-0.8013098835945129
-1.1970291137695312
-0.6489074230194092
-1.0454169511795044
-0.7106166481971741
-1.0324293375015259
-0.7225925326347351
-1.0376805067062378
-0.8258116841316223
-1.083066463470459
-1.043013572692871
-1.4431244134902954
-0.6528145670890808
-1.247593641281128
-0.6979207992553711
-1.1493439674377441
-0.7771610021591187
-1.1472622156143188
-0.7630462646484375
-1.1735435724258423
-0.7675450444221497
-1.2184650897979736
-0.7898098230361938
-1.1566838026046753
-0.8090696930885315
-1.2451890707015991
-0.774107038974762
-1.3266617059707642
-0.6224474906921387
-1.0683960914611816
-0.6333048939704895
-1.0114737749099731
-0.840572714805603
-1.164588212966919
-0.871938943862915
