0.9225062277540114
1
0.8561287236515669
1
0.8721513436040463
1
0.913225961773568
1
0.8045266266621438
1
0.90688590023247
1
0.8548171300306289
1
0.8730175843922474
1
0.8451272747661156
1
0.8652778150104103
1
0.9021036160586425
1
0.9664673016431667
1
0.9351753307971504
1
0.8689326492631155
1
0.8714835964351761
1
0.8590350656561073
1
0.9493399521293363
1
0.9288486510693263
1
0.9696106770833334
1
0.9479640545228579
1
0.9269538623229269
1
0.878523071369047
1
0.9139118457300276
1
0.9181944981930438
1
0.9136293682129122
1
0.8687320004836511
1
0.909993084440259
1
0.9132081260200046
1
0.9432115669367681
1
0.9306574164767519
1
0.9365473611111111
1
0.8838329008073817
1
0.8653136665623656
1
0.9334692845271155
1
0.9244812904758427
1
0.9365473611111111
1
0.8516505205552386
1
0.8952738505297907
1
0.9135992702320859
1
0.924187828030796
1
0.9312982746721877
1
0.9668797111978931
1
0.9182150129219204
1
0.90430342236266
1
0.8920857142857144
1
0.8482717684124014
1
0.9377520317637571
1
0.8730322165466758
1
0.937652838044316
1
0.8061694020849554
1
0.9251344589073291
1
0.9337811338109377
1
0.8619877706052672
1
0.9124061665222813
1
0.896544385138671
1
0.925694876279201
1
0.9127555665183272
1
0.8760162601626017
1
0.928258222826563
1
0.9278922113288222
1
0.918197580423585
1
0.9751876182630145
1
0.901493930613204
1
0.9219308184762287
1
0.8925382974714503
1
0.9407815728822927
1
0.9058631828726513
1
0.9155916031252234
1
0.8753381897067072
1
0.9333350274484794
1
0.9388889814653506
1
0.8863186466355258
1
0.9707501165334003
1
0.8939009825130702
1
0.9323149747329367
1
0.8908199692087986
1
0.8912105225323607
1
0.9045199701744784
1
0.9767386548940064
1
0.8987270598862557
1
0.9260107716593927
1
0.8607833217764619
1
0.9447910141615978
1
0.868214565451324
1
0.9118901273255482
1
0.9225219726790628
1
0.9446250247358955
1
0.9347735599509601
1
0.9090170684641634
1
0.9050805769858277
1
0.9215944592071244
1
0.930132805041482
1
0.9349668316004152
1
0.897676118499444
1
0.9118358695968846
1
0.8647356373507145
1
0.8506028686335501
1
0.9161671643157352
1
0.9215917772067506
1
0.917335096542953
1
