0.9939569234848022
0.9999998211860657
0.9882949590682983
0.9999997019767761
0.9590949416160583
0.9999998807907104
0.9959007501602173
1.0000004768371582
0.9860908389091492
1.000000238418579
0.9936927556991577
0.9999998211860657
0.988133430480957
1.0
0.96596360206604
1.0
0.9916495084762573
1.000000238418579
0.9938327074050903
1.0
0.9866691827774048
1.0000003576278687
0.9992946982383728
0.9999998807907104
0.9984304904937744
1.0
0.9773999452590942
0.9999999403953552
0.9852887988090515
1.0000001192092896
0.9899297952651978
0.9999999403953552
0.9860032200813293
1.000000238418579
0.9951858520507812
1.0
0.9973529577255249
1.000000238418579
0.9877309799194336
0.9999998807907104
0.9939752817153931
1.000000238418579
0.99602872133255
0.9999998807907104
0.978657603263855
1.0
0.9946565628051758
1.0000004768371582
0.9954005479812622
0.9999997615814209
0.9706296920776367
1.0000003576278687
0.9893192052841187
0.9999999403953552
0.9880831241607666
0.9999998807907104
0.8628975749015808
1.000000238418579
0.9699676036834717
1.0
0.9944007396697998
1.0000001192092896
0.9802910685539246
1.0
0.9795118570327759
1.000000238418579
0.9949624538421631
1.0
0.9950451850891113
1.0000001192092896
0.938003420829773
0.9999998807907104
0.9633667469024658
1.0000004768371582
0.9939565658569336
1.0000001192092896
0.9931837916374207
1.0000001192092896
0.9918003082275391
1.0
0.9971272945404053
1.0000001192092896
0.9985049962997437
1.000000238418579
0.996886134147644
1.000000238418579
0.9970308542251587
1.0
0.9146777391433716
1.0000001192092896
0.9250563383102417
1.0000001192092896
0.9973634481430054
0.9999997019767761
0.9788158535957336
1.000000238418579
0.9950107336044312
1.0000001192092896
0.9899606704711914
1.0
0.9821146130561829
0.9999998807907104
0.9862493276596069
0.9999998807907104
0.9750257730484009
0.9999998807907104
0.9979009628295898
1.0000001192092896
0.9881190657615662
1.0000001192092896
0.9978253245353699
1.0
0.9788062572479248
0.9999998807907104
0.9790741205215454
1.0000001192092896
0.9578802585601807
0.9999998807907104
0.9915015697479248
1.0000004768371582
0.9946343302726746
1.0000003576278687
0.9528669714927673
0.9999996423721313
0.9883021712303162
1.0
0.974102795124054
0.9999999403953552
0.9952490329742432
0.9999996423721313
0.9864671230316162
0.9999996423721313
0.9906383752822876
0.9999997019767761
0.9839199781417847
1.0
0.9904081225395203
0.9999998807907104
0.9956443309783936
1.000000238418579
0.9845091104507446
0.9999998807907104
0.9963902831077576
1.0000003576278687
0.9991016983985901
0.9999999403953552
0.9859834909439087
1.000000238418579
0.98897385597229
0.9999998211860657
0.9920532703399658
0.9999998807907104
0.9751672148704529
1.0000004768371582
0.9358538389205933
1.0
0.9788402915000916
1.0000004768371582
0.9927495718002319
0.9999998807907104
0.9846227765083313
1.0000001192092896
0.9919866323471069
1.0000003576278687
0.9937847852706909
0.9999998807907104
0.8550983667373657
1.0000003576278687
0.9835586547851562
1.0000001192092896
0.9871175289154053
1.0
0.9771215319633484
1.0000001192092896
0.965497612953186
0.9999997615814209
0.9769642949104309
1.000000238418579
0.9909036159515381
1.0
0.989220380783081
0.9999997615814209
0.9968104362487793
1.0000001192092896
0.9925113916397095
1.0000005960464478
0.9923770427703857
0.9999999403953552
0.9861151576042175
0.9999998807907104
0.9926410913467407
1.0000005960464478
0.9676315784454346
0.9999999403953552
0.9708288311958313
0.9999998807907104
0.9825375080108643
1.0000001192092896
0.9967315793037415
1.0
