0.9858573079109192
1.0
0.9805303812026978
1.0
0.9730588793754578
1.0
0.9845206141471863
1.0
0.9649604558944702
1.0
0.9797637462615967
1.0
0.9748049378395081
1.0
0.9812929630279541
1.0
0.9830324053764343
0.9999998807907104
0.9826441407203674
0.9999999403953552
0.9834830164909363
1.0
0.9882341027259827
1.0000001192092896
0.9858851432800293
1.0
0.9801705479621887
1.0
0.9779345393180847
1.0
0.9825406074523926
1.0
0.9948014616966248
1.0
0.9887856245040894
0.9999999403953552
0.990500807762146
1.0
0.9815371632575989
1.0
0.9839994311332703
1.0
0.9796039462089539
1.0
0.9843366742134094
0.9999998807907104
0.9888213872909546
0.9999999403953552
0.9777700304985046
1.0
0.9714626669883728
1.0
0.9816130995750427
1.0
0.9800624847412109
1.0
0.9897223114967346
0.9999999403953552
0.9776790738105774
0.9999998807907104
0.9930853247642517
0.9999999403953552
0.9823648929595947
1.0
0.9800612926483154
0.9999999403953552
0.9875887036323547
0.9999999403953552
0.9894998669624329
0.9999999403953552
0.9863510131835938
1.0
0.9798364043235779
0.9999998807907104
0.9825789928436279
1.0
0.9826398491859436
1.0
0.9757875800132751
1.0
0.986860454082489
0.9999998807907104
0.9881835579872131
0.9999998807907104
0.9835129976272583
1.0
0.9835218787193298
0.9999999403953552
0.9749778509140015
1.0
0.980160653591156
1.0
0.9876589775085449
1.0
0.9796962141990662
1.0
0.9887272715568542
0.9999998807907104
0.9624987840652466
0.9999999403953552
0.9842230081558228
0.9999999403953552
0.9863765835762024
0.9999999403953552
0.9785272479057312
1.0
0.9864593148231506
1.0
0.9814701676368713
0.9999998807907104
0.99177086353302
1.0
0.9855918884277344
1.0
0.9804793000221252
0.9999999403953552
0.9820678234100342
1.0
0.9819296598434448
1.0
0.9884582161903381
1.0
0.990519106388092
1.0
0.9771513342857361
1.0
0.9800649881362915
1.0
0.9825803637504578
1.0
0.9913579821586609
0.9999999403953552
0.9832015037536621
1.0
0.9846342206001282
1.0
0.9735667109489441
1.0
0.9851585030555725
0.9999999403953552
0.978475034236908
0.9999999403953552
0.9809086918830872
1.0
0.9909864664077759
0.9999999403953552
0.9818373322486877
0.9999999403953552
0.9905653595924377
1.0
0.9810168147087097
0.9999999403953552
0.9860051870346069
0.9999999403953552
0.9781070947647095
0.9999998807907104
0.9889576435089111
0.9999999403953552
0.9772510528564453
0.9999999403953552
0.9818413853645325
1.0000001192092896
0.975673258304596
1.0
0.987661600112915
0.9999999403953552
0.9777241349220276
1.0
0.9784466624259949
0.9999999403953552
0.9866742491722107
1.0
0.9816913604736328
0.9999998807907104
0.9823142886161804
1.0
0.9697204232215881
0.9999999403953552
0.9797182083129883
1.0
0.9853881001472473
1.0
0.9885146021842957
1.0
0.9873782992362976
0.9999999403953552
0.9797164797782898
1.0
0.9876649379730225
1.0
0.9756875038146973
0.9999999403953552
0.977294921875
0.9999999403953552
0.9847031235694885
0.9999999403953552
0.9882502555847168
0.9999999403953552
0.9864930510520935
1.0
