9.689935684204102
5.27313756942749
12.864530563354492
9.083830833435059
16.80819320678711
4.40232515335083
14.916851043701172
8.199450492858887
5.7369794845581055
11.768281936645508
11.079222679138184
4.271791934967041
27.232624053955078
7.036632537841797
15.979429244995117
5.939448833465576
12.049647331237793
6.882976055145264
14.806376457214355
5.2746148109436035
7.971148490905762
5.456963062286377
6.630974769592285
10.04714584350586
10.560683250427246
8.00291919708252
17.108577728271484
9.205674171447754
13.638405799865723
7.385084629058838
11.344541549682617
7.7320027351379395
9.940475463867188
7.5544209480285645
7.053452491760254
6.021953582763672
10.448933601379395
7.346081256866455
10.661643028259277
7.568047046661377
16.143478393554688
8.753710746765137
6.782253265380859
5.101667881011963
6.601785659790039
6.0546722412109375
6.711141109466553
6.234229564666748
13.76317310333252
5.915404796600342
11.465855598449707
11.367636680603027
11.417396545410156
21.997211456298828
8.851578712463379
5.626754283905029
7.071698188781738
5.337072372436523
11.589385986328125
5.6969685554504395
9.262887954711914
9.368969917297363
17.782360076904297
8.156473159790039
13.030250549316406
10.374799728393555
11.442397117614746
5.290431976318359
12.127655982971191
9.112351417541504
15.352202415466309
6.555988311767578
14.147066116333008
7.345505714416504
10.836112022399902
6.264431953430176
12.389151573181152
7.353120803833008
13.107839584350586
8.076190948486328
8.38096809387207
5.162937164306641
11.92569637298584
6.264814853668213
7.264691352844238
5.93048620223999
8.615860939025879
11.117968559265137
72.60028076171875
7.027519226074219
11.502267837524414
5.249897480010986
9.56418514251709
3.809418201446533
9.386581420898438
6.503917694091797
9.06663990020752
6.247176647186279
11.607490539550781
7.1079230308532715
12.486466407775879
6.30195426940918
9.319609642028809
8.419519424438477
13.69316577911377
8.130043029785156
7.475674629211426
7.793078899383545
11.955801963806152
6.906305313110352
11.655619621276855
6.080958843231201
11.52485466003418
4.714606761932373
13.950621604919434
5.166237831115723
9.592005729675293
6.858731269836426
8.134126663208008
12.077862739562988
12.42513370513916
7.94550085067749
478.1446533203125
5.802504539489746
13.555495262145996
6.401979446411133
22.62250328063965
7.855184078216553
8.758781433105469
7.8326263427734375
6.647175312042236
7.11289119720459
8.092945098876953
6.382517337799072
7.165010929107666
5.0055365562438965
16.296138763427734
6.152987957000732
8.229779243469238
6.8978118896484375
9.590729713439941
5.021772861480713
13.515378952026367
6.9339752197265625
6.809319019317627
6.383627891540527
15.112350463867188
6.3044586181640625
9.330214500427246
8.575794219970703
8.524808883666992
7.58518648147583
8.826394081115723
5.233189582824707
7.083293437957764
5.046028137207031
9.324568748474121
6.181272029876709
11.265925407409668
6.811426162719727
10.012028694152832
7.48956823348999
9.963828086853027
4.4417924880981445
8.988088607788086
6.019235610961914
16.615514755249023
5.573942184448242
7.763050079345703
9.946581840515137
9.46622085571289
6.7962846755981445
5.9190754890441895
7.172812461853027
9.67786979675293
6.38087272644043
15.950607299804688
5.840641975402832
9.101421356201172
7.643883228302002
11.550375938415527
7.799973011016846
10.29958438873291
6.628589630126953
8.508223533630371
13.389514923095703
7.933590412139893
6.846426010131836
8.146004676818848
7.989356994628906
10.401250839233398
6.620432376861572
11.379741668701172
5.4074931144714355
9.969733238220215
6.349366664886475
11.117410659790039
8.776145935058594
11.307069778442383
10.40189266204834
