0.9638296271895676
1
0.9199775590249348
1
0.9369407530887387
1
0.934067974700598
1
0.8522802736570299
1
0.9414417730159149
1
0.9730856432384992
1
0.9543188089078207
1
0.8891704515678226
1
0.8914486772486773
1
0.956245156008104
1
0.9739309045386694
1
0.9643345893179315
1
0.9442918144018682
1
0.9450047858911546
1
0.9229352938941212
1
0.9578176607669846
1
0.9625349276791585
1
0.9817785768060115
1
0.9671283714049813
1
0.9669026489937185
1
0.904394599303136
1
0.9663570154577883
1
0.9480730549968329
1
0.9482378160832029
1
0.9423169390591712
1
0.9460938305550782
1
0.9588098270910084
1
0.9812662960122701
1
0.9690105876631362
1
0.956019319492503
1
0.9580182734719597
1
0.9086363636363638
1
0.9702677901995501
1
0.9320863292466337
1
0.9747178819444445
1
0.8690707429957953
1
0.9405607335707721
1
0.9580321247068687
1
0.9340512132122928
1
0.9626667356079653
1
0.9890055623388957
1
0.9552209549257104
1
0.9416203970357487
1
0.9999772230320699
1
0.911010456143555
1
0.9490234718382378
1
0.9652317245029962
1
0.9875743229946334
1
0.8566539978777465
1
0.9507503048332833
1
0.951180701295869
1
0.9339427922711906
1
0.9492480896887797
1
0.9382933240229666
1
0.925694876279201
1
0.949534587206268
1
0.9262887642726844
1
0.9925737966469477
1
0.9730778383877036
1
0.9461047605343531
1
0.999999717763035
1
0.9353580246913581
1
0.9709125425109152
1
0.9293475412122704
1
0.9759489385253781
1
0.9615084866681859
1
0.974350095887492
1
0.9523384755075495
1
0.973784066847554
1
0.9786090507462376
1
0.9081592651853642
1
0.9941796839894286
1
0.9791507516598762
1
0.963692229536854
1
0.9424749423042557
1
0.9282940772469135
1
0.9602830723515727
1
0.9884995306565214
1
0.9456031032751469
1
0.9718898396617314
1
0.8945951099897403
1
0.9683004977019867
1
0.9219835278525582
1
0.970842718446602
1
0.953881455353167
1
0.9632973059508069
1
0.9569044041088546
1
0.9554791267942584
1
0.9450956209214507
1
0.9765465
1
0.9502200220022001
1
0.9516447320586898
1
0.932356415577306
1
0.9377524652182002
1
0.9245671443238714
1
0.8697755102040816
1
0.982288201116758
1
0.9831801173241594
1
0.9475278501157408
1
