0.9927442007594638
1
0.9938560213361468
1
0.9915090269512601
1
0.993657044001988
1
0.9839994055884225
1
0.9930790662765503
1
0.9942143082618713
1
0.994191859449659
1
0.9940649271011353
1
0.9943411946296692
1
0.9939852178096771
1
0.9926215000450611
1
0.9917712211608887
1
0.9944485187530517
1
0.9936324291759067
1
0.9928442418575287
1
0.97904531955719
1
0.9937300880750021
1
0.9925742660249982
1
0.9943226675192515
1
0.9943603376547495
1
0.9754958113034566
1
0.993639811873436
1
0.9940985696656364
1
0.9942680597305298
1
0.9925999471119472
1
0.9943432013193766
1
0.9940289325184293
1
0.9916354715824127
1
0.9941504767962864
1
0.9924928886549813
1
0.9941430687904358
1
0.9925890664259592
1
0.9941841587424278
1
0.9922115973063877
1
0.9943672021230062
1
0.9906413810593742
1
0.9933440685272217
1
0.9936881528960334
1
0.9929612179597219
1
0.9939047992229462
1
0.9909440159797669
1
0.9937933845953508
1
0.9940598905086517
1
0.9908640185991923
1
0.9898753497335646
1
0.9940157447542463
1
0.9939524668913621
1
0.8360731806606054
1
0.8940173767507076
1
0.9937445947102138
1
0.994333287080129
1
0.9935158159997728
1
0.9911786615848541
1
0.9932276714931835
1
0.9944151341915131
1
0.9943016682352338
1
0.9942520380020141
1
0.9939583919265054
1
0.9937470257282257
1
0.993983082473278
1
0.9541988968849182
1
0.9943751573562623
1
0.9940421666417804
1
0.9943334683775902
1
0.9942819144990709
1
0.9933058500289917
1
0.9935417870680491
1
0.9931998054186503
1
0.9927801423602634
1
0.9928883380360074
1
0.9912431240081787
1
0.9906490961710612
1
0.994445338845253
1
0.9924037655194601
1
0.9926204457879066
1
0.890174518028895
1
0.7613658541813493
1
0.9944907873868942
1
0.994426395211901
1
0.9925531678729587
1
0.9729168944888644
1
0.9938182499673631
1
0.8706284761428833
1
0.9940651804208755
1
0.9927882750829061
1
0.9944512293888972
1
0.9943153560161591
1
0.9944885820150375
1
0.9562216617844321
1
0.9941873947779337
1
0.9937782883644104
1
0.9942078420094081
1
0.9922269821166992
1
0.9863165244460106
1
0.9938357216971261
1
0.9937927961349488
1
0.9933758775393168
1
0.961433599392573
1
0.9905464798212051
1
