8.110990524291992
5.27313756942749
10.693866729736328
9.083830833435059
10.878168106079102
4.40232515335083
14.042241096496582
8.199450492858887
5.282386779785156
11.768281936645508
9.087482452392578
4.271791934967041
17.97447967529297
7.036632537841797
11.037192344665527
5.939448833465576
11.106505393981934
6.882976055145264
12.549995422363281
5.2746148109436035
5.784657001495361
5.456963062286377
6.221096038818359
10.04714584350586
8.584321022033691
8.00291919708252
11.748544692993164
9.205674171447754
10.335156440734863
7.385084629058838
8.374741554260254
7.7320027351379395
9.876479148864746
7.5544209480285645
6.196666717529297
6.021953582763672
9.27384090423584
7.346081256866455
8.910208702087402
7.568047046661377
12.998964309692383
8.753710746765137
6.231831073760986
5.101667881011963
5.622284889221191
6.0546722412109375
5.943021297454834
6.234229564666748
11.54548168182373
5.915404796600342
7.374249458312988
11.367636680603027
10.531465530395508
21.997211456298828
6.535120964050293
5.626754283905029
5.787028789520264
5.337072372436523
8.727705955505371
5.6969685554504395
8.824479103088379
9.368969917297363
10.011153221130371
8.156473159790039
11.488795280456543
10.374799728393555
9.128305435180664
5.290431976318359
11.679954528808594
9.112351417541504
13.256888389587402
6.555988311767578
12.705416679382324
7.345505714416504
8.353922843933105
6.264431953430176
9.98928165435791
7.353120803833008
12.032074928283691
8.076190948486328
7.318966388702393
5.162937164306641
10.541878700256348
6.264814853668213
5.583046913146973
5.93048620223999
7.338987350463867
11.117968559265137
36.56477355957031
7.027519226074219
8.861907005310059
5.249897480010986
8.448640823364258
3.809418201446533
7.340776443481445
6.503917694091797
7.885875701904297
6.247176647186279
9.810742378234863
7.1079230308532715
10.476043701171875
6.30195426940918
8.317985534667969
8.419519424438477
10.361842155456543
8.130043029785156
6.556459903717041
7.793078899383545
9.372547149658203
6.906305313110352
11.655619621276855
6.080958843231201
9.562335968017578
4.714606761932373
9.890068054199219
5.166237831115723
7.104974269866943
6.858731269836426
6.75162410736084
12.077862739562988
11.347515106201172
7.94550085067749
418.5368957519531
5.802504539489746
12.365581512451172
6.401979446411133
18.467334747314453
7.855184078216553
6.824938774108887
7.8326263427734375
5.553946495056152
7.11289119720459
6.1420817375183105
6.382517337799072
5.063538074493408
5.0055365562438965
9.32451057434082
6.152987957000732
6.138996601104736
6.8978118896484375
7.619178295135498
5.021772861480713
11.11325454711914
6.9339752197265625
6.22653865814209
6.383627891540527
8.285772323608398
6.3044586181640625
8.262423515319824
8.575794219970703
6.707110404968262
7.58518648147583
7.523200511932373
5.233189582824707
5.623966693878174
5.046028137207031
7.901396751403809
6.181272029876709
9.14242935180664
6.811426162719727
7.6209893226623535
7.48956823348999
8.171466827392578
4.4417924880981445
7.740705490112305
6.019235610961914
13.360085487365723
5.573942184448242
5.949838161468506
9.946581840515137
7.750341892242432
6.7962846755981445
5.430295944213867
7.172812461853027
8.208547592163086
6.38087272644043
9.981430053710938
5.840641975402832
7.873023986816406
7.643883228302002
10.249025344848633
7.799973011016846
9.637752532958984
6.628589630126953
7.373070240020752
13.389514923095703
6.575309753417969
6.846426010131836
6.849679946899414
7.989356994628906
6.463648319244385
6.620432376861572
9.955159187316895
5.4074931144714355
8.815203666687012
6.349366664886475
9.25593090057373
8.776145935058594
10.272940635681152
10.40189266204834
