0.9771494534280565
1.0
0.9772862025669643
1.0
0.9787158171335856
0.9999999574252537
0.9849989754813058
0.9999999536408318
0.9737414462225777
1.0
0.9877835909525553
0.9999999602635702
0.981836450099945
0.9999999582767487
0.9888161165373666
0.9999999403953552
0.9764374047517776
0.9999999735090468
0.9864184111356735
0.9999999602635702
0.9889629483222961
0.9999999512325634
0.9851114526391029
1.0000000066227384
0.9856974929571152
0.9999999776482582
0.9750184893608094
1.0000000085149492
0.9787442286809286
0.9999999649384442
0.9863457620143891
0.9999999880790711
0.9842984914779663
1.0000000170298986
0.9789518316586813
0.9999999744551522
0.9857799410820007
0.9999999850988388
0.9807984679937363
0.9999999829701015
0.9929405252138773
0.9999999478459358
0.9750279982884725
0.9999999900658926
0.9843201413750648
0.9999999701976776
0.9848430497305733
1.0000000198682149
0.9893936067819595
0.9999999489103045
0.9800223452704293
0.9999999761581421
0.9844522575537363
1.0000000198682149
0.9815788600179884
0.9999999735090468
0.9806614279747009
1.0000000045849726
0.9842363766261509
0.9999999850988388
0.9830687982695443
0.9999999552965164
0.9817461967468262
0.9999999403953552
0.9866936604181925
0.9999999552965164
0.9914047420024872
0.9999999642372132
0.9889325244086129
0.9999999105930328
0.9932140409946442
1.0000000085149492
0.9818065762519836
0.9999999735090468
0.981769409444597
0.9999999574252537
0.9830383592181735
1.0
0.9802971084912618
0.9999999458139593
0.9792254120111465
0.9999999523162841
0.9883599996566772
0.9999999566511675
0.9844701452688738
0.9999999536408318
0.9741405546665192
0.9999999006589254
0.9755581219991049
1.0
0.9820483790503608
0.999999980131785
0.9742381572723389
0.9999999761581421
0.9816223749747643
1.0000000298023224
0.9818798502286276
1.000000005418604
0.9756561815738678
0.9999999735090468
0.9800081423350743
0.9999999642372132
0.9830085734526316
0.999999965940203
0.9831237726741366
0.9999999925494194
0.9738723412156105
1.0000000085149492
0.9828746969049628
0.9999999668863084
0.9873096843560537
0.9999999470180936
0.9822406343051365
0.9999999776482582
0.9829312443733216
0.9999999850988388
0.9786362539638173
0.9999999295581471
0.9809046387672424
0.9999999642372132
0.983922079205513
0.9999999925494194
0.9728117187817892
0.9999999515712261
0.9848021984100341
1.000000011920929
0.97337064572743
0.9999999900658926
0.9754982814192772
0.9999999642372132
0.9866887662145827
0.9999999503294627
0.9714641809463501
0.9999999701976776
0.9875834782918295
1.0000000059604646
0.9617276887098948
0.999999980131785
0.9780775639745924
1.0000000149011612
0.9818060861693488
1.0000000298023224
0.9854859047465854
0.9999999829701015
0.98177703221639
0.9999999751647314
0.9774210304021835
0.9999999867545234
0.9863136543167962
0.9999999642372132
0.9828577637672424
0.9999999523162841
0.9786848624547323
0.9999999933772616
0.9890118837356567
0.9999999318804059
0.9884609282016754
0.9999999174704919
0.9839108501161847
0.9999999729069796
0.9780764049953885
0.9999999701976776
0.9757516384124756
0.9999999816601093
0.9799925353791978
1.0000000170298986
0.9704081416130066
0.9999999761581421
0.9859149158000946
0.9999999574252537
0.974116712808609
1.0
0.9787507744935843
0.9999999701976776
0.9773813486099243
1.0000000170298986
0.9828483164310455
0.9999999463558197
0.9816676811738447
0.9999999489103045
0.9808376332124075
0.999999925494194
0.9778107404708862
0.9999999602635702
0.9810828140803746
0.9999999602635702
0.9832607706387838
0.9999999489103045
0.9748689383268356
0.9999999850988388
0.9827397636004856
0.9999999478459358
0.9908361911773682
0.9999999503294627
0.9805104732513428
0.9999999940395355
0.9817425211270651
0.999999980131785
0.9842472150921822
1.0000000066227384
