-0.833055317401886
-0.6707263588905334
-0.8644965887069702
-0.7646048665046692
-0.789922833442688
-1.1524711847305298
-0.9265260696411133
-0.7347850799560547
-0.6917927265167236
-0.9248172044754028
-0.7282386422157288
-0.623428225517273
-1.0228546857833862
-0.7402194142341614
-0.9827319979667664
-0.8150773048400879
-0.8165474534034729
-0.8066524863243103
-0.9027794599533081
-0.7917651534080505
-0.6628316044807434
-0.7555122971534729
-0.7931963801383972
-0.7986463904380798
-0.744373083114624
-0.7556654810905457
-0.9077707529067993
-0.8136380910873413
-0.80257248878479
-1.463579773902893
-0.8381860852241516
-0.76845782995224
-0.8408185243606567
-0.7170336246490479
-0.9497907757759094
-0.6950750946998596
-0.8882267475128174
-0.6933625936508179
-0.8486937284469604
-0.7496156096458435
-0.9017964005470276
-0.8143865466117859
-0.7864567041397095
-0.6077920198440552
-0.738080620765686
-0.6955411434173584
-0.7477553486824036
-0.8076802492141724
-0.834776759147644
-0.8669806122779846
-0.9734022617340088
-0.8539702892303467
-0.772959291934967
-1.0366237163543701
-0.8565928339958191
-0.7865360379219055
-0.8385961651802063
-0.7247569561004639
-0.742256760597229
-0.6264169216156006
-0.886595606803894
-0.8286182880401611
-0.9828119277954102
-0.7436417937278748
-0.7762289047241211
-0.8735974431037903
-0.8364431262016296
-0.7038271427154541
-0.8488286733627319
-0.7911097407341003
-0.7826117873191833
-0.7848248481750488
-0.8149831891059875
-0.6737727522850037
-0.7683317065238953
-0.6654102802276611
-0.8632878661155701
-0.7322145700454712
-0.8077987432479858
-0.7474681735038757
-0.8744683265686035
-0.698215901851654
-0.8722896575927734
-0.5577563643455505
-0.687766432762146
-0.6833466291427612
-0.9658358097076416
-1.041581153869629
-1.8797513246536255
-0.6718699336051941
-0.8386035561561584
-0.6612151265144348
-0.9114223122596741
-0.660685122013092
-0.9021063446998596
-0.8496456146240234
-0.7632240056991577
-0.6800519227981567
-0.91046541929245
-0.7643288969993591
-0.8511969447135925
-0.7826022505760193
-0.8037722706794739
-0.802328884601593
-0.8659150004386902
-0.6913099884986877
-0.8756049275398254
-0.7547672390937805
-0.8314180374145508
-0.8930788040161133
-0.8486309051513672
-0.6376109719276428
-0.8869425654411316
-0.6517133116722107
-0.8541650176048279
-0.7133921384811401
-0.7888703942298889
-0.6906285881996155
-0.8091339468955994
-1.1633129119873047
-0.8013389110565186
-0.8148916363716125
-1.374634027481079
-0.7654258608818054
-0.8679301738739014
-0.6683740019798279
-1.168971061706543
-0.8200274109840393
-0.9009476900100708
-0.6445537805557251
-0.8624482154846191
-0.9552338123321533
-0.752879798412323
-0.7910864353179932
-0.735930323600769
-0.6643581986427307
-0.8458334803581238
-0.6844926476478577
-0.8253900408744812
-0.793929934501648
-0.7804701328277588
-0.596169114112854
-0.7583490610122681
-0.8918047547340393
-0.9894559383392334
-0.7401363253593445
-1.0896848440170288
-0.6761287450790405
-0.7270065546035767
-0.8139300346374512
-0.826962411403656
-0.8078657984733582
-0.8780198693275452
-0.6052584052085876
-0.7419907450675964
-0.6003933548927307
-0.7337853908538818
-0.794175922870636
-0.8313107490539551
-0.7779329419136047
-0.8243301510810852
-0.7735695242881775
-0.8097550272941589
-0.7110373973846436
-0.8726370334625244
-0.8013098835945129
-0.838468074798584
-0.6489074230194092
-0.7221887111663818
-0.7106166481971741
-0.837299644947052
-0.7225925326347351
-0.6725592017173767
-0.8258116841316223
-0.8417720198631287
-1.043013572692871
-0.8058556914329529
-0.6528145670890808
-0.9256057739257812
-0.6979208588600159
-0.9183771014213562
-0.7771610021591187
-0.9395058155059814
-0.7630462646484375
-0.9869545102119446
-0.7675450444221497
-0.9394030570983887
-0.7898097038269043
-0.8888230323791504
-0.8090696930885315
-0.7354779243469238
-0.774107038974762
-0.8166437745094299
-0.6224474906921387
-0.8143998980522156
-0.6333048939704895
-0.7999334931373596
-0.840572714805603
-0.9437588453292847
-0.871938943862915
