0.9920858475897048
1
0.9942109414509365
1
0.9934449593226115
1
0.99211927822658
1
0.9784120321273804
1
0.9940604964892069
1
0.9730701565742492
1
0.9787612387112209
1
0.9938023388385773
1
0.9840066134929657
1
0.9931927382946014
1
0.9888742603361607
1
0.9508229643106461
1
0.9939854979515076
1
0.9934459461106194
1
0.9930168449878692
1
0.8960904359817505
1
0.9886701554059982
1
0.9894368052482605
1
0.992204487323761
1
0.9943402707576752
1
0.9930025696754455
1
0.9931029826402664
1
0.8506749048829079
1
0.9934297204017639
1
0.9941119040761676
1
0.9941336015860239
1
0.9848847587903341
1
0.9858486950397491
1
0.9938228045191083
1
0.992192941052573
1
0.9918552190065384
1
0.6680359147333851
1
0.9931449964642525
1
0.9900929927825928
1
0.9942726294199625
1
0.9925421050616673
1
0.9939004447725084
1
0.9940249058935378
1
0.9792452653249105
1
0.9928923472762108
1
0.9911857843399048
1
0.9928521784869108
1
0.9937131057182947
1
0.980622927347819
1
0.9935229089525011
1
0.9919626201902118
1
0.9938947741801922
1
0.96323495109876
1
0.9783410608768464
1
0.993555988584246
1
0.9912635137637457
1
0.9921468761232164
1
0.9528996646404266
1
0.9895910945805636
1
0.9941218396027883
1
0.9941158464976719
1
0.9941523671150208
1
0.8981192139062014
1
0.9917783737182617
1
0.9935458302497864
1
0.8167846401532491
1
0.9935306787490845
1
0.9933540225028992
1
0.9934840798377991
1
0.889228553407722
1
0.9289145112037659
1
0.9937862157821655
1
0.8650377616286278
1
0.9921953876813253
1
0.8443797362140484
1
0.9940004547437032
1
0.9832101225852966
1
0.7660665865987539
1
0.9929771953158908
1
0.988665796816349
1
0.8647730002800623
1
0.9825898855924606
1
0.9849876016378403
1
0.9940285767827716
1
0.8907462226019965
1
0.990907735294766
1
0.9923256304528978
1
0.8023425690829754
1
0.993929997086525
1
0.9933067361513773
1
0.9918163693868197
1
0.9936549961566925
1
0.9929230511188507
1
0.981439622965726
1
0.9940654039382935
1
0.9938091993331909
1
0.9589057053838458
1
0.9262617706942061
1
0.9930956363677979
1
0.9412320341382708
1
0.9934628486633301
1
0.987494945526123
1
0.8842053363332525
1
0.9941884353756905
1
