[[13, 17, 2, 9, 21, 16], [4, 20, 0, 17, 18, 21], [3, 8, 0], [3, 15, 20, 1], [17, 26], [23, 12, 30, 0, 13, 21, 27, 31], [7, 14, 27, 37, 40, 3], [1], [3]]
[]
[[20, 16, 18, 7, 15, 13], [2, 4], [21, 16, 17, 6, 22, 23], [4, 10, 11], [], [4, 10, 18, 2, 8, 17], [], [25, 7, 17, 27, 18, 26, 4, 24], [6, 9, 12, 29, 14, 18, 30, 10], [12, 7, 15, 22, 4]]
[]
[[9, 13], [8, 6], [4, 5, 15], [8, 19, 6], [21, 4, 22, 9], [11, 2], [10, 14, 11, 16, 0, 3, 24], [5, 11, 1, 13, 16], [19, 18]]
[]
[[5, 16, 22, 14], [5, 9, 10], [18, 33, 10, 22, 29, 3], [9, 17, 16], [2], [1, 13, 3], [12, 33, 23, 37, 5, 16, 40]]
[]
[[9, 6, 11, 0, 4, 3], [26, 29, 9, 23, 8, 22, 19, 27, 10, 20], [3, 7, 26, 0, 14, 27, 13], [37, 49, 61, 73], [12], [4, 5, 0], [14, 11, 16, 5, 9, 22]]
[]
[[19, 33, 2, 26, 0, 8], [6, 7], [0, 35, 8], [3, 20], [12, 3], [13, 11, 0], [4, 12], [17], [13, 23, 26]]
[]
[[14, 12, 8], [23, 18, 8, 26, 25], [1, 11], [21, 0, 11, 17, 5], [15, 21, 12, 2]]
[]
[[9, 15], [4, 0, 10], [1, 8], [4], [24, 17, 22], [15, 24, 17], [2, 13, 28, 34, 10, 15, 25, 19, 0]]
[]
[[2, 19, 3], [7, 16, 2, 30, 4, 26, 14], [6, 2, 4, 12, 3, 13], [17, 6, 11]]
[]
[[8, 16], [], [11, 26, 32, 20], [8, 1, 2]]
[]
[[8, 14], [1, 4, 6], [8], [2, 19], [18, 6, 8, 9], [9, 27, 17], [6, 8, 13, 9], [9, 29, 19, 39, 31], [13, 9, 15], [20]]
[]
[[16, 9, 21, 0, 4, 13, 19, 24], [1, 10, 15, 3, 9, 18], [17], [9, 4, 17], [6, 7], [5, 1], [16, 14], [], [8, 0], [15, 13], [], [8, 14], [16, 15, 11], [11, 3, 8, 13, 0, 5, 14], [7, 1], [3]]
[]
[[7, 12, 3], [7, 12, 5, 22, 16], [17, 27, 20], [1, 4, 11, 14], [8, 10, 3], [23, 9, 2], [11, 5, 2, 4, 0, 6], [0, 9, 11]]
[]
[[9, 0, 3, 7, 4, 5], [9, 7, 1], [23, 4, 2], [12, 7, 1], [17, 20, 5]]
[]
[[16, 8, 0, 6], [9, 2, 22], [6, 11, 18, 5, 10, 14, 19, 21], [2, 3, 5, 20], [6, 11, 27, 17, 5, 10], [2, 3], [0, 16, 26], [8, 5, 6], [9, 6, 0, 1]]
[]
[[6, 10, 14], [12, 24, 15, 0, 20, 25], [], [0, 7], [], [31, 9, 32, 7, 4], [13, 16, 5, 4], [7, 12, 13], [6], [12, 1, 14]]
[]
[[6, 1, 3], [21, 11], [18, 11, 28, 9, 25], [5, 16], [13, 0, 8, 1]]
[]
[[10, 12, 3, 13], [13, 15, 8], [9], [10, 1, 8, 11, 16], [13, 6, 10, 1], [3, 2], [16, 9, 1, 10, 13], [1, 8, 14], [9, 0, 1], [2, 9, 5], [15, 3, 13, 6, 9, 18, 7, 10, 16], [13, 15]]
[]
[[9], [8, 2, 5, 4], [12, 27], [], [6, 0], [14, 19], [43, 0, 4, 21, 12, 27, 39]]
[]
[[5, 12, 8], [9, 17], [1], [5, 0, 13, 3, 14], [], [3, 9, 18, 14, 0, 15], [0, 15, 2, 8], [1, 11], [], [11, 6, 1], [15, 17], [], [5, 17, 20], [0], [7, 5], [10, 15, 6]]
[]
[[9, 21, 22, 13, 1, 20], [8, 0], [21, 34, 0, 13, 40, 49], [4, 18, 25], [6, 17, 23]]
[]
[[10, 3, 5], [12, 22, 23, 0], [4, 11, 5, 10, 12, 8], [7, 12, 1, 10], [23, 6, 10, 0, 18, 21, 8, 2, 5], [4, 16], [6, 16, 0, 4], [4, 11, 16, 10, 5, 12], [24, 20, 15, 13, 18, 22], [12, 13, 0, 10, 20], [5, 12, 0, 6, 11, 13, 14], [0, 10], [5, 9, 14, 8, 13, 0, 7, 15], [15, 21, 0], [11, 14]]
[]
[[2, 6, 0], [14], [4, 6, 20, 24], [9, 6, 12], [8, 5, 12], [6, 11], [10, 14, 5], [33, 11, 19, 27]]
[]
[[22, 32, 6, 23, 30, 35, 29, 33, 25, 16], [33, 18, 3, 19, 26, 32], [3, 29, 5], [7, 12], [6, 42, 4], [0, 1, 2, 15, 18, 22, 31, 30], [20, 15, 13, 5, 23]]
[]
[[14, 10, 19, 0], [2, 0], [16, 0, 14], [15, 26, 8, 4, 19, 5], [], [8], [0], [14, 4]]
[]
[[11, 2, 9, 5], [11, 16, 0, 6, 2], [17, 3, 11, 5], [7, 4, 12, 14, 20, 2, 5, 10], [19, 5], [11, 20, 22, 3, 9, 17, 5], [15, 0, 6, 2]]
[]
[[10, 8], [22, 0], [2, 17, 12, 15], [3, 17, 13, 25, 22], [17, 19], []]
[]
[[8, 13, 2], [18, 15, 21, 29, 5, 8], [30, 5, 9, 6], [8, 3, 22, 27, 0, 16], [11, 15, 19, 2, 8, 13, 16], [0, 4, 7, 14, 3], [6, 2, 10, 0, 3], [23, 0, 4, 27], [9, 13, 15, 16]]
[]
[[15, 9, 18, 8, 0], [8, 3, 21], [9, 0, 3, 13, 2], [9], [11, 4, 3], [6, 8, 2, 15], [7, 11, 4, 16, 8], [27, 2, 7, 10, 16, 12], [0], [3]]
[]
[[14, 17, 26, 0, 11, 15], [0, 3], [15, 24, 28, 10, 21, 29, 5], [14, 8, 5], [18, 8], [5, 16, 12, 23], [4, 12, 15, 13, 16]]
[]
[[18, 8, 12, 13, 21], [15, 5, 13, 18, 6, 8], [9, 4, 13, 5], [0], [15, 33, 19, 3], [0, 2], [11, 8, 16, 5, 9]]
[]
[[14, 5, 20, 2], [5, 13, 6, 11, 18, 17, 10, 14], [14, 5, 18, 21], [13, 6]]
[]
[[3, 6, 12, 21], [11, 17, 14, 13], [6, 7, 11, 10], [5, 0, 13, 1, 26], [0, 4, 9], [20, 12, 15, 0, 4, 22]]
[]
[[13, 18], [9, 6, 7, 10, 17], [13, 20, 3], [], [6, 12, 10, 13], [17, 12], [9], []]
[]
[[2, 13, 1], [10, 8, 2, 3], [0, 13], [1, 8], [44, 7, 25], [1, 3, 7], [10, 2]]
[]
[[24, 31, 11, 6, 14, 20, 28, 12], [2, 13, 4], [3], [17], [22], [15, 19]]
[]
[[15, 20, 18], [2, 6, 16, 10, 17, 3], [16], [1, 10], [6, 9, 15, 12], [13, 5, 2, 17, 0, 3, 7, 9, 15], [18, 2]]
[]
[[4, 2, 14, 11, 10, 17], [22, 3, 0], [25, 5, 27, 30, 28], [6, 1], [5, 11, 0], [9], [22, 2, 15, 30, 0, 5], [9, 13], [11, 14, 39]]
[]
[[5, 7, 9], [22, 25, 4], [56, 24, 41, 58, 15, 22, 25, 39, 42, 46], [10, 13, 23, 0, 11, 14, 27], [46, 15, 2, 11, 17, 24, 3, 6, 18, 22], [2, 28, 23, 30, 9]]
[]
[[6, 12], [5], [26, 16, 19, 8], [11, 20, 19, 13, 2], [14, 18, 2, 17], [13, 2, 10, 6], [12], [0, 12, 5], [1], [16, 2, 8, 21], [], [3]]
[]
[[7, 15, 21, 24, 0, 3], [5], [10, 19, 9], [5, 16, 9], [8, 1], [14, 17, 21, 3, 11, 15, 22], [8, 4, 2, 11, 16], [16]]
[]
[[11, 0, 4, 13], [10, 0], [0], [16], [0]]
[]
[[2, 8], [5, 2], [8, 28, 26, 12], [3, 8, 9], [25, 1, 3, 23], [24, 5, 14], [27, 2, 5, 15, 12, 1, 28, 30], [6, 2, 1], [2, 9, 15, 10], [3, 9, 12], [4, 33, 32, 15, 21, 35, 28]]
[]
[[8, 18, 11, 12, 6, 22, 19, 16], [], [4, 8, 10, 6], [9, 21, 4, 1, 3, 6], [7, 19, 0, 8, 22, 4, 18], [9, 8], [17, 8, 21, 19], [14, 9], [5, 4], [2, 6, 15, 0, 4, 13, 3], [13, 5], [2, 7, 21]]
[]
[[4, 1], [12, 7, 9, 19]]
[]
[[20, 14, 6, 12], [1, 3, 13, 15, 11, 0, 12], [10, 8, 16, 19, 0], [], [], [2, 17], [23, 1, 10, 5, 15], [], [18, 1, 24, 14]]
[]
[[17, 13, 0, 11, 10, 18, 21, 16], [6, 3, 4], [3, 9, 7, 10, 5, 16, 12, 14], [35, 48, 41, 49, 29, 25, 11, 23, 46, 7, 15, 20, 45], [13, 7, 0], [5, 14, 26, 27, 23], [14, 28]]
[]
[[9, 20, 14, 17], [], [2, 7, 8, 4], [7, 11], [19, 1, 4, 17], [3], [11, 6, 17, 7], [12, 15, 22, 16, 3, 19], [6, 1], [16], [10, 3, 5, 12, 4, 16], [5, 0, 13, 1], [14, 7]]
[]
[[6, 12, 20, 10, 13, 30, 5], [9, 1], [38, 9, 4, 14, 29, 23], [18, 2, 21], [17, 16], [23, 5, 17]]
[]
[[13, 15], [8], [7, 0, 3, 8], [], [0], [2], [], [0], [], [5, 9]]
[]
[[8, 19, 5, 9], [17, 1, 18, 5, 25, 10], [8, 16, 14, 13], [7, 11, 17, 8], [20, 6, 0], [29, 11, 17, 26, 31, 0, 24, 7], [5, 23, 15, 1, 14]]
[]
[[13, 7, 18, 15], [2, 6], [], [5], [10, 4, 11], [2, 4, 1], [1, 9], [6], [2, 13, 9, 1], [11, 0, 1, 18], [16, 18, 5], [11, 9]]
[]
[[14, 7, 4], [23, 2, 12], [2, 3], [9, 0, 7, 10], [20, 0, 5], [7, 11, 21, 9], [26, 28, 3], [17, 9, 5, 19, 23, 25, 26], [17, 21, 22, 5]]
[]
[[22, 12, 6, 14, 0], [2, 4, 15, 0, 7, 18], [22, 25, 0], [2, 29, 12, 5, 17, 26, 0, 24, 39, 16, 4, 30, 3, 32], [23, 9, 29, 0, 3, 14, 20, 22, 1], [22, 40, 2, 0, 18, 41, 26, 23, 19, 33, 37], [27, 16, 11, 20, 5], [3, 18, 26, 19, 11, 14, 28]]
[]
[[4, 2, 17], [20, 9, 6, 15, 25, 2, 18], [], [15, 3, 13, 6, 19, 0, 14], [1, 11], [7, 3, 22], [9, 16, 1], [16, 14], [16], [6, 2], []]
[]
[[17, 6, 10, 19, 11], [13, 7], [7], [12, 0], [17, 5], [11, 5]]
[]
[[3, 12, 15, 6, 0], [8, 15, 7, 13], [6, 26, 36, 9, 41], [6], [20, 6, 0, 7, 23]]
[]
[[17, 2, 0, 6, 11], [19, 14, 7, 10, 5], [27, 7, 24, 35], [16, 9, 10], [5, 18, 13, 21]]
[]
[[21, 5, 17, 23, 10, 14], [17, 29, 10, 13, 25, 3], [17, 28, 44, 23, 0, 39], [2, 7, 10, 5], [4], [0, 10], [6, 0, 17], [23, 45, 9, 46, 5], [16, 23, 9, 30, 4, 12, 18]]
[]
[[19, 11, 28, 4, 21, 25, 10, 20], [15, 2, 4, 9, 29, 3, 21, 28], [2, 21, 0, 9, 18, 11], [2], [0], [10, 7, 13], [32, 11, 3, 5, 17, 8], [21, 28, 6, 40, 50]]
[]
[[11, 19], [19, 14, 21, 29, 32, 0, 6, 33], [4, 0], [14, 7, 17], [4], [9], [5, 15, 13, 25], [10, 0, 4, 7, 26, 5]]
[]
[[3], [], [2], [], [52, 16, 74, 8, 13, 35, 63, 32, 41, 75, 15, 43, 40, 70, 30, 34, 77, 46, 51, 14, 36, 64, 73], [2, 16, 15, 5, 12]]
[]
[[15, 9, 17, 22, 11, 4], [13, 2, 15, 22], [4, 10], [10, 2], [4, 5]]
[]
[[2], [8, 2, 12, 0, 9], [7, 0, 5], [2, 9], [16, 21, 8, 18, 9], [8, 12, 0], [0]]
[]
[[21, 7], [20, 12, 30], [17, 10, 3, 5, 20], [2, 21, 10, 31], [15, 3, 12, 6, 10, 17, 1, 9], [9, 14, 11, 4], [18, 8, 6, 13, 22, 25, 10, 9, 20], [12, 11, 20, 14, 9]]
[]
[[0, 6, 7], [13, 27, 9, 19, 31], [4, 23], [3], [2, 12, 14, 19], [9, 10], [], [16, 28, 8], [0, 12, 15, 20, 7]]
[]
[[12, 14, 19, 23, 5, 20], [10, 12], [8, 4, 16, 1, 15], [5, 11, 18, 9, 17, 12], [4, 17, 20, 12, 18, 9, 14], [4, 35, 1, 25, 2, 22], [3, 12, 10, 15, 7, 6, 22], [7, 11, 17, 4, 14, 1, 20], [24, 35, 12, 2, 9, 8, 17], [1, 17, 23, 35, 9, 4, 33, 30]]
[]
[[13, 12, 3], [18], [32, 7, 22, 19, 6], [6, 22, 2, 15], [26, 6, 18], [8]]
[]
[[3, 17, 5, 14, 13, 22, 24], [5, 15, 2, 0, 6, 1], [16, 27, 6, 28, 5, 7, 10, 17, 26], [1, 16, 13, 18, 23, 4, 15, 19, 0, 21], [12, 22, 24, 4, 9, 2, 21, 23], [9, 0, 8, 12, 4, 3]]
[]
[[3, 12], [10, 20, 22, 16, 19, 3], [1, 6, 16, 18, 3], [11, 13, 15, 21, 5, 2], [3, 1, 26, 6, 42], [28, 29, 7, 33, 34, 21], [14, 4], [23, 17, 18, 21, 1], [1]]
[]
[[20, 8, 29, 9, 30, 12], [0, 4, 15, 6], [0, 12, 18, 13, 19], [10, 14], [11, 0], [38, 8, 22, 4, 24], [31, 1, 11, 5, 50, 3, 9], [14, 28, 7], [10, 26, 31, 7, 6, 22, 28, 36, 12, 17, 29]]
[]
[[7, 16, 6], [18, 3], [14, 9], [6], [0, 1, 5, 11], [21, 10, 7, 11], [12, 1, 9], [12, 4], [16, 9, 22, 32, 35, 20, 33]]
[]
[[7, 2, 1], [23, 8, 13, 21, 26], [5], [], [], [5, 7, 10], [5, 7, 0], [], [3], [10, 16, 13], [1, 11], [0, 7], [0, 7, 5, 12], [], [7]]
[]
[[18, 21, 4, 22, 27, 30, 8, 20], [25, 0, 17, 1, 14, 7], [12, 0, 4], [4, 10, 15, 6, 11, 2]]
[]
[[10, 15, 25, 28, 22], [18, 17, 1, 14], [4, 6], [7, 4, 0], [10, 5, 19, 2, 26, 28, 0, 11], [15, 3, 13, 16], [16, 9, 0]]
[]
[[13, 0, 4, 17, 8], [5, 8, 2], [16, 5, 7, 13, 6, 24], [1, 13, 4], [], [12, 6], [2, 5, 14, 19, 21], [1, 3, 14, 2, 0, 10], [], [17, 19, 11, 9, 21], [4, 9, 10], [], [19, 0], [8, 9, 13], [], [9, 22, 0, 14], [], [15, 14, 1, 9], [1], [3], [10, 3], [13]]
[]
[[5, 10, 22], [11, 17, 22, 8, 14, 19, 2, 4, 7], [23, 41, 7, 12, 19, 13, 20], [17, 22, 0, 4], [13, 7, 10], [6, 23, 8, 24, 17, 26]]
[]
[[28, 5], [14, 5], [0, 6, 23], [27, 18, 21], [12, 1, 15], [4, 15, 18], [], [3]]
[]
[[8, 11], [19, 13, 20, 22], [27, 0, 4, 21, 5], [1, 5]]
[]
[[6, 3], [2, 1, 18], [7, 2], [7, 0, 8], [0, 10, 19], [26, 9, 23], [0, 9, 11]]
[]
[[0], [8, 14, 23, 0, 12, 19, 21], [25, 8, 3, 18], [5, 25, 9], [4, 7, 24, 2, 5, 0], [6], [6, 2, 17, 0], [2, 11, 26], [11, 9, 12]]
[]
[[21, 3, 14, 29, 39, 0, 4, 12, 15, 25], [9, 13], [3, 21, 22, 24, 0, 31, 16, 13, 18, 25, 26], [18, 0, 3, 40, 14, 28, 34, 45, 9, 20, 23, 29, 46], [6, 12, 21, 27, 37, 22], [9, 13, 7, 10], [12, 2, 0, 1, 6, 18, 35, 3, 7], [11, 28, 2, 19, 8, 0, 4, 13], [14, 33, 6, 11, 16, 25, 28, 31, 12, 17, 10, 1]]
[]
[[18, 31, 23, 1], [19, 14, 5], [1, 6], [30, 11, 13, 37, 0, 18], [19, 15, 5, 13, 17], [23, 31, 28, 30, 21, 7, 18], [20, 25, 2, 6, 0, 11], [], [0]]
[]
[[4, 12, 14, 23, 24], [10, 3, 2, 11, 17], [1, 6, 12], [22, 10, 2, 15, 0, 3, 19, 25], [17, 2, 5]]
[]
[[10, 17, 7, 15, 18, 8], [4, 17, 35, 76, 19, 84, 93, 98, 13, 21, 59, 62], [12, 18, 2], [16, 23, 3, 25, 9], [14, 8, 15], [2, 23, 28], [10, 29, 27, 8, 16, 5, 19]]
[]
[[34, 4, 19, 27, 32, 9, 35, 8, 17, 20, 31, 16, 37, 5, 29], [11, 13, 7, 16], [29, 21, 3, 8], [7, 8, 11, 14], [37, 2, 30, 48, 13, 24, 47], [33, 30, 36, 34, 37, 27]]
[]
[[14, 10, 16, 2], [10], [7, 11], [21, 25, 7, 3, 29, 26, 0, 16, 2, 11], [16, 20, 8, 3, 6], [15, 18, 22, 3, 14], [6, 10, 12, 13, 18], [16, 22, 26], [13, 16, 18, 19, 5], [1, 14, 6], [16, 20, 0, 5, 11], [8, 5, 18, 14, 10], [8, 21, 9]]
[]
[[7, 14, 9, 8, 15], [7, 24, 12, 26], [8, 3, 4, 2], [26, 18, 20, 2, 8]]
[]
[[21, 15, 13, 4, 18, 6, 19], [11, 2, 17, 34, 13, 0], [39, 13, 22, 44, 3, 15, 29, 43], [36, 1, 8, 28, 6, 16, 5], [34, 8, 40, 46, 12]]
[]
[[14, 21, 4, 10, 19], [4, 0, 6], [6, 16], [12, 14], [16, 0, 18, 1], [13, 17, 11, 1, 9, 19, 4], [1], [5, 0, 16, 8], [9, 5, 4], [21, 2], [20, 0, 5, 3, 18]]
[]
[[2, 1], [12], [16], [17, 2, 21, 27, 22], [16, 15], [0, 9, 8]]
[]
[[2, 1], [4, 1, 6, 11], [19, 1, 8, 11, 12], [9, 23, 17, 3, 7, 4, 10, 27], [1]]
[]
[[15, 23, 25, 19], [6, 4, 7, 10, 18], [14, 21, 1, 25], [18, 2, 6, 14, 23], [7, 0, 10, 2], [18, 37, 2, 7, 11, 42, 12, 16, 21, 29], [1, 6]]
[]
[[5, 6], [9], [0, 7], [7, 4, 17, 5], [33, 10, 0], [0], [18, 0, 10], [15, 11], [30, 10, 34], [0], [11, 12], [], [7, 1, 5], [], [3]]
[]
[[12, 10, 2], [2], [4, 8, 13, 5], [26, 8, 3, 7, 10, 19], [7, 10, 20, 25, 4, 13, 21], [18, 6, 23], [10, 14, 11, 8, 23, 2, 20, 24], [17, 19, 33, 6, 12, 11, 20]]
[]
[[23, 2, 1, 11, 12, 21], [24, 3, 5, 18, 26, 16], [12, 8, 0, 3], [1], [2, 10, 15], [0, 9, 4], [4, 32, 37]]
[]
[[15, 6, 17, 19], [17, 0], [13, 1], [20, 30, 4, 22, 36], [12, 10, 6, 0]]
[]
[[3, 28, 20, 30, 24, 34], [0, 12, 18, 3], [9, 11, 14, 5], [21, 26, 34, 20, 6], [18, 31, 7, 5, 9, 28], [40, 43, 18, 48, 32, 60, 61]]
[]
[[12, 18, 0, 4, 9], [6, 1, 3, 2, 15, 14, 0, 20], [2, 5], [25, 0, 17, 30, 13], [7, 2], [4, 17], [3, 0, 2, 12, 13], [6, 9, 0], [8], [4, 11, 13, 14, 1, 7], [18, 0, 4], [12, 14, 16, 9, 1]]
[]
[[0, 3, 9, 6], [13, 2, 4, 1, 8], [4, 31, 12, 25, 6], [0, 2, 15, 3], [6, 16, 1, 19], [16, 20]]
[]
