20.284687042236328
5.27313756942749
29.583303451538086
9.083830833435059
28.927352905273438
4.40232515335083
36.053565979003906
8.199450492858887
9.50593376159668
11.768281936645508
17.078750610351562
4.271791934967041
32.155269622802734
7.036632537841797
33.527645111083984
5.939448833465576
24.373849868774414
6.882976055145264
22.320842742919922
5.2746148109436035
10.737692832946777
5.456963062286377
15.370096206665039
10.04714584350586
24.625972747802734
8.00291919708252
31.299484252929688
9.205674171447754
29.4586181640625
7.385084629058838
19.448591232299805
7.7320027351379395
22.53572654724121
7.5544209480285645
20.04396629333496
6.021953582763672
19.64824104309082
7.346081256866455
30.145673751831055
7.568047046661377
27.078594207763672
8.753710746765137
20.6441593170166
5.101667881011963
13.503364562988281
6.0546722412109375
17.733938217163086
6.234229564666748
20.67059898376465
5.915404796600342
32.642906188964844
11.367636680603027
16.021896362304688
21.997211456298828
18.364662170410156
5.626754283905029
22.83558464050293
5.337072372436523
32.368831634521484
5.6969685554504395
22.336925506591797
9.368969917297363
27.100217819213867
8.156473159790039
28.270458221435547
10.374799728393555
19.837657928466797
5.290431976318359
25.407392501831055
9.112351417541504
18.558273315429688
6.555988311767578
34.392967224121094
7.345505714416504
17.930009841918945
6.264431953430176
29.611862182617188
7.353120803833008
17.603487014770508
8.076190948486328
21.973377227783203
5.162937164306641
23.260955810546875
6.264814853668213
22.776826858520508
5.93048620223999
29.466815948486328
11.117968559265137
103.06165313720703
7.027519226074219
17.754167556762695
5.249897480010986
24.076953887939453
3.809418201446533
22.202167510986328
6.503917694091797
24.49505043029785
6.247176647186279
15.209223747253418
7.1079230308532715
24.689998626708984
6.30195426940918
20.211101531982422
8.419519424438477
29.595577239990234
8.130043029785156
23.502788543701172
7.793078899383545
18.412612915039062
6.906305313110352
37.732967376708984
6.080958843231201
26.524320602416992
4.714606761932373
29.663410186767578
5.166237831115723
22.30607032775879
6.858731269836426
24.580751419067383
12.077862739562988
30.956037521362305
7.94550085067749
901.2863159179688
5.802504539489746
19.695526123046875
6.401979446411133
42.71038818359375
7.855184078216553
29.195877075195312
7.8326263427734375
12.387653350830078
7.11289119720459
31.79425811767578
6.382517337799072
8.888988494873047
5.0055365562438965
61.2142448425293
6.152987957000732
20.542095184326172
6.8978118896484375
24.424970626831055
5.021772861480713
20.34930419921875
6.9339752197265625
24.554920196533203
6.383627891540527
34.65342712402344
6.3044586181640625
22.123056411743164
8.575794219970703
16.765037536621094
7.58518648147583
22.69015884399414
5.233189582824707
11.460081100463867
5.046028137207031
23.164901733398438
6.181272029876709
19.136823654174805
6.811426162719727
26.937824249267578
7.48956823348999
26.33394432067871
4.4417924880981445
24.655162811279297
6.019235610961914
38.20585250854492
5.573942184448242
21.7630558013916
9.946581840515137
25.68121337890625
6.7962846755981445
19.943532943725586
7.172812461853027
35.78045654296875
6.38087272644043
24.245840072631836
5.840641975402832
21.814125061035156
7.643883228302002
23.033695220947266
7.799973011016846
21.831571578979492
6.628589630126953
21.52800941467285
13.389514923095703
13.992939949035645
6.846426010131836
26.449527740478516
7.989356994628906
26.135820388793945
6.620432376861572
16.672121047973633
5.4074931144714355
24.431215286254883
6.349366664886475
21.8618221282959
8.776145935058594
18.99917984008789
10.40189266204834
