0.9919949703746371
1
0.9940611464636666
1
0.9928370383050706
1
0.9926784975188119
1
0.9887062651770455
1
0.9940848615434434
1
0.9626754283905029
1
0.9943109835897174
1
0.9943153411149979
1
0.9942493587732315
1
0.9933700203895569
1
0.9890994429588318
1
0.9503005221486092
1
0.9943281650543213
1
0.9934256739086575
1
0.993410724401474
1
0.8962178826332092
1
0.989043265581131
1
0.9893859113965716
1
0.9941757321357727
1
0.9944454232851664
1
0.9931490262349446
1
0.9931241795420647
1
0.993398300239018
1
0.9935692921280861
1
0.9927624293736049
1
0.9943045079708099
1
0.9684834877649943
1
0.9897358655929566
1
0.9937772325107029
1
0.9915062614849636
1
0.76216234639287
1
0.6659540289547294
1
0.9940755665302277
1
0.9899726850645882
1
0.9942919015884399
1
0.9926126003265381
1
0.9939094384511312
1
0.9941795733239915
1
0.9879792282978693
1
0.9927054271101952
1
0.9912508606910706
1
0.9930672157894481
1
0.9937402158975601
1
0.9738393425941467
1
0.9933543933762444
1
0.9915998492922101
1
0.9938974793140705
1
0.9929806192715963
1
0.9783587276935577
1
0.9935577086039952
1
0.9942433337370554
1
0.9922872715526156
1
0.9908240363001823
1
0.9895581711422313
1
0.9940583606561025
1
0.9940847413880485
1
0.9942218542099
1
0.8979441225528717
1
0.9926563426852226
1
0.9940613210201263
1
0.8443061610062917
1
0.9936145901679992
1
0.9933649556977409
1
0.9935027733445168
1
0.8887833199567265
1
0.984095299243927
1
0.9937743643919627
1
0.8604188114404678
1
0.9926577674018012
1
0.8608226902368996
1
0.994004401895735
1
0.9836922883987427
1
0.7660883869975805
1
0.9933131734530131
1
0.9932915605604649
1
0.864747608701388
1
0.9827073141932487
1
0.9482496529817581
1
0.9940727267946515
1
0.9922015600734286
1
0.9913893077108595
1
0.9909868439038595
1
0.8049636445939541
1
0.9941550940275192
1
0.9942994018395742
1
0.9934816268774179
1
0.994217112660408
1
0.9934023395180702
1
0.9407211162827231
1
0.9938735067844391
1
0.9938199043273925
1
0.9491484080042157
1
0.9919523040453593
1
0.9929706752300262
1
0.9938002143587384
1
0.9941089391708374
1
0.9863870243231455
1
0.9667625973622004
1
0.9942112937569618
1
