[[13, 17, 2, 9, 21, 16, 10], [4, 20, 0, 17, 18, 21], [3, 8, 0, 14, 4, 17, 19], [3, 15, 20, 1], [17, 26, 10, 19, 28, 1, 9, 18, 27], [23, 12, 30, 0, 13, 21, 27, 31, 11, 5, 24, 2, 28], [7, 14, 27, 37, 40, 3, 9, 32, 15, 8, 17, 31, 29, 1, 39], [1, 0], [3, 5]]
[]
[[20, 16, 18, 7, 15, 13, 21, 23, 11, 24], [30, 2, 4, 25, 5, 26, 15, 31, 9, 32], [4, 10, 11, 15, 17, 19, 21, 22, 8, 23], [4, 10, 18, 2, 8, 17, 14, 16], [25, 7, 17, 27, 18, 26, 4, 24, 8], [6, 9, 12, 29, 14, 18, 30, 10, 13, 19, 22, 27, 11], [12, 7, 15, 22, 4, 13, 27, 9, 23, 10, 28]]
[]
[[9, 13, 10, 6, 17, 5, 16, 0], [8, 6, 5, 1, 7, 15, 17, 14, 9], [4, 5, 15, 16, 20, 11], [8, 19, 6, 14, 12], [21, 4, 22, 9, 10, 16, 1, 5, 18, 3, 24, 7, 11], [11, 2, 23, 10, 13], [10, 14, 11, 16, 0, 3, 24, 6, 13, 15, 1], [5, 11, 1, 13, 16, 3, 20, 6, 4], [19, 18, 25, 16, 21, 29, 31, 30, 20, 22, 4, 17]]
[]
[[5, 16, 22, 14, 23, 1, 17], [5, 9, 10, 0], [18, 33, 10, 22, 29, 3, 20, 26, 32, 28, 17, 30, 34, 1], [9, 17, 16, 12, 10, 15, 3, 0], [2, 15, 4, 12], [1, 13, 3, 16, 8, 12, 14], [12, 33, 23, 37, 5, 16, 40, 8, 41, 21, 10, 39, 24, 38, 34, 3, 13, 11, 35]]
[]
[[9, 6, 11, 0, 4, 3, 13], [26, 29, 9, 23, 8, 22, 19, 27, 10, 20], [3, 7, 26, 0, 14, 27, 13, 10, 25, 22, 11], [37, 49, 61, 73, 108, 10, 25, 118, 124, 104, 14, 109, 123, 119, 112, 1, 12, 32, 44, 56, 68, 80, 92], [12, 18, 17, 0, 13], [4, 5, 0], [14, 11, 16, 5, 9, 22, 8, 18]]
[]
[[19, 33, 2, 26, 0, 8, 25, 34, 21, 32, 20, 3, 28], [6, 7, 18, 1, 16, 0, 13], [0, 35, 8, 11, 28, 37, 13], [3, 20, 7, 13, 21, 24, 4, 18, 25, 14], [12, 3, 23, 6, 17, 2, 22, 10, 15], [13, 11, 0, 6, 7, 14], [4, 12, 23, 17, 21, 5, 13, 14, 3, 1, 24], [17, 4, 19, 12, 14, 0, 15, 26], [13, 23, 26, 34, 20, 6, 9, 10, 17, 14, 21, 32, 7]]
[]
[[14, 12, 8, 9, 0], [23, 18, 8, 26, 25, 12, 13, 27], [1, 11, 3, 9, 0, 4], [21, 0, 11, 17, 5, 4, 18, 13, 1], [15, 21, 12, 2, 6, 26, 0, 28, 24, 16, 25, 3]]
[]
[[9, 15, 6, 5, 14, 1, 8], [4, 0, 10, 18, 16, 5, 15, 21], [1, 8, 4, 9], [4, 6, 0, 13, 21, 17, 18, 2, 7], [24, 17, 22, 5, 8, 18, 3, 25, 2, 6, 0, 7], [15, 24, 17, 16, 7, 11, 0, 26], [2, 13, 28, 34, 10, 15, 25, 19, 0, 6, 4, 23]]
[]
[[2, 19, 3, 9, 21, 25, 14, 11], [7, 16, 2, 30, 4, 26, 14, 6, 33, 1, 28, 12], [6, 2, 4, 12, 3, 13, 9, 10, 16, 14], [17, 6, 11, 24, 41, 7, 1, 32, 39, 18, 33, 9, 12, 0, 31, 43, 22, 10, 40]]
[]
[[8, 16, 1, 17], [6, 7, 10], [11, 26, 32, 20, 34, 28, 35, 1, 18, 0, 31, 33, 29, 36, 24, 4, 14], [8, 1, 2, 5, 0, 16, 12, 14, 3, 18]]
[]
[[8, 14, 16, 11, 15, 3, 1, 13, 12, 20, 0], [1, 4, 6, 7, 3, 2, 0, 8], [8, 14, 3, 5, 6, 1, 10, 0, 17, 18], [2, 19, 0, 20, 1, 21, 22], [18, 6, 8, 9, 4, 19], [9, 27, 17, 36, 29, 11, 16, 34, 12, 30, 15, 33, 5, 23, 1], [6, 8, 13, 9, 1, 4], [9, 29, 19, 39, 31, 11, 16, 36, 12, 32, 15, 35, 5, 25, 1], [13, 9, 15, 8, 11, 2, 6], [20, 2, 16, 6, 21, 9, 8, 11, 14]]
[]
[[16, 9, 21, 0, 4, 13, 19, 24, 10, 12, 5], [1, 10, 15, 3, 9, 18, 11, 19], [17, 2, 9, 15, 3, 19], [9, 4, 17, 6, 15, 12, 14, 0, 3, 13, 24], [6, 7, 1, 0], [5, 1, 6], [16, 14, 11, 0, 10, 17], [6], [8, 0, 5, 15, 18, 4, 13], [15, 13, 10, 25, 9, 11], [6, 7], [8, 14, 20, 0, 5, 15, 4, 12, 22], [16, 15, 11, 0, 9, 19, 17, 7, 13], [11, 3, 8, 13, 0, 5, 14, 4, 12], [7, 1, 0], [3, 5]]
[]
[[7, 12, 3, 14, 22, 25, 0, 20, 8, 19, 1], [7, 12, 5, 22, 16, 24], [17, 27, 20, 12, 24, 10, 21, 19, 7, 1], [1, 4, 11, 14, 5, 15], [8, 10, 3, 12, 5, 7], [23, 9, 2, 24, 7], [11, 5, 2, 4, 0, 6, 16], [0, 9, 11, 19, 4, 16, 5]]
[]
[[9, 0, 3, 7, 4, 5], [9, 7, 1], [23, 4, 2, 27, 0, 25, 28, 18, 22, 3, 32, 12, 13], [12, 7, 1, 6, 2, 0], [17, 20, 5, 1, 4, 0, 12, 16, 6, 13]]
[]
[[16, 8, 0, 6, 5], [9, 2, 22, 20, 16, 1, 17, 19, 0, 13], [6, 11, 18, 5, 10, 14, 19, 21, 22, 15], [2, 3, 5, 20, 15, 26, 25, 1, 21, 0, 4, 27, 8], [6, 11, 27, 17, 5, 10, 26, 14, 28], [2, 3, 5, 11, 6, 1, 16, 0, 4, 19], [0, 16, 26, 9, 27, 17], [8, 5, 6, 16, 19, 1, 9, 14, 23, 17], [9, 6, 0, 1, 7, 10]]
[]
[[6, 10, 14, 18, 2, 11, 21], [12, 24, 15, 0, 20, 25, 6, 10, 13, 8], [11, 1, 4, 9], [0, 7, 16, 9, 15, 12], [1, 2, 3], [31, 9, 32, 7, 4, 14, 22, 26, 30, 33], [13, 16, 5, 4, 14, 18], [7, 12, 13, 16, 2, 14], [6, 11, 23, 21, 8, 4, 0, 5, 19, 24], [12, 1, 14, 2, 5, 15]]
[]
[[6, 1, 3, 2, 10, 17, 13], [21, 11, 4, 19, 22, 23, 16], [18, 11, 28, 9, 25, 0, 33, 5, 10, 23, 34, 8], [5, 16, 13, 21, 14], [13, 0, 8, 1, 14, 17, 12, 18]]
[]
[[10, 12, 3, 13, 8], [13, 15, 8, 0, 4, 20, 19], [9, 8, 6, 4], [10, 1, 8, 11, 16, 7], [13, 6, 10, 1, 19, 8, 22, 9], [3, 2], [16, 9, 1, 10, 13, 17], [1, 8, 14, 6], [9, 0, 1, 4, 5, 10], [2, 9, 5, 10, 4, 3, 6, 8, 22], [15, 3, 13, 6, 9, 18, 7, 10, 16, 5, 4, 23, 12], [13, 15, 25, 23, 17, 21, 24, 16, 11, 9]]
[]
[[9, 1, 7], [8, 2, 5, 4, 6], [12, 27, 8, 7, 25, 1, 6, 24, 14, 9], [11, 12, 23, 5], [6, 0, 1, 3, 18, 2, 17, 8, 4, 13], [14, 19, 9, 3, 6, 0, 12, 4], [43, 0, 4, 21, 12, 27, 39, 33, 36, 46, 16, 34, 41, 23, 3, 15, 26, 38, 24, 6, 9]]
[]
[[5, 31, 12, 39, 8, 23, 29, 41, 15, 38, 35, 19, 20, 16, 36, 11, 27, 32, 17, 43, 33], [1, 4, 2, 0], [5, 0, 13, 3, 14, 1, 6, 10], [3, 9, 18, 14, 0, 15, 1, 10], [0, 15, 2, 8, 4], [1, 11], [11, 6, 1, 8], [15, 17, 0, 3, 13], [5, 17, 20, 0, 7, 14, 21, 10], [0], [7, 5, 0], [10, 15, 6, 20, 11, 24, 7, 8, 0, 21, 3]]
[]
[[9, 21, 22, 13, 1, 20, 19], [8, 0, 4, 15, 7, 11], [21, 0, 13, 9, 3, 14, 8, 6], [8, 14, 23, 11, 15, 21, 5, 20, 24], [4, 18, 25, 9, 32, 31, 29, 26], [6, 17, 23, 14, 15, 20, 2, 11, 18, 16]]
[]
[[10, 3, 5], [12, 22, 23, 0, 6, 13, 11, 5, 16, 21, 7], [4, 11, 5, 10, 12, 8], [7, 12, 1, 10], [23, 6, 10, 0, 18, 21, 8, 2, 5, 24], [4, 16], [6, 16, 0, 4, 18], [4, 11, 16, 10, 5, 12, 13, 8], [24, 20, 15, 13, 18, 22, 17, 28, 8], [12, 13, 0, 10, 20, 8, 14, 17, 18, 6], [5, 12, 0, 6, 11, 13, 14, 9], [0, 10, 8], [5, 9, 14, 8, 13, 0, 7, 15], [15, 21, 0, 11, 5, 10, 4, 8, 16, 6], [11, 14, 4, 0, 13]]
[]
[[2, 6, 0, 5], [14, 2, 12, 7], [4, 6, 20, 24, 2, 19, 16], [9, 6, 12, 19, 2, 18], [8, 5, 12, 10, 14, 18], [6, 11, 28, 23, 9], [10, 14, 5, 17, 18, 13, 12, 0], [33, 11, 19, 27, 24, 3]]
[]
[[22, 32, 6, 23, 30, 35, 29, 33, 25, 16], [33, 18, 3, 19, 26, 32, 2, 6, 22, 7, 30, 21, 23, 10, 27], [3, 29, 5, 27, 17, 15, 10], [7, 12], [6, 42, 4, 17, 22, 26, 35, 3, 43, 40, 13, 16, 41, 7, 20, 27, 23, 14], [0, 1, 2, 15, 18, 22, 31, 30, 27, 33, 14, 28, 24, 12], [20, 15, 13, 5, 23, 18, 9, 21]]
[]
[[14, 10, 19, 0, 7, 11, 5, 22, 23, 18, 17], [2, 0, 7], [16, 0, 14, 2, 7, 13, 10], [15, 26, 8, 4, 19, 5, 24, 18, 9, 14, 16, 27], [11, 10, 9, 5, 12], [8, 11, 15], [0, 24, 3, 15, 9, 25, 16, 22], [14, 4, 5, 12, 1, 7, 16, 3, 13]]
[]
[[11, 2, 9, 5], [11, 16, 0, 6, 2, 17], [17, 3, 11, 5, 2, 9, 13], [7, 4, 12, 14, 20, 2, 5, 10, 15, 18, 21], [19, 5, 21, 0, 12, 15, 20, 17, 25, 13], [11, 20, 22, 3, 9, 17, 5, 16, 18, 23, 26], [15, 0, 6, 2, 8, 16]]
[]
[[10, 8, 1, 0, 3], [22, 0, 18, 6, 4, 11, 23, 20, 15, 9, 17, 14, 16], [2, 17, 12, 15, 18, 11], [3, 17, 13, 25, 22, 26, 27, 1, 19], [17, 19, 0, 14, 10, 7, 3, 13], [1, 0, 12]]
[]
[[8, 13, 2, 0, 3, 16, 5, 9, 21, 7, 17], [18, 15, 21, 29, 5, 8, 11, 19, 23, 4, 22, 16, 24, 3, 20, 25], [30, 5, 9, 6, 18, 23, 32, 15, 31, 0], [8, 3, 22, 27, 0, 16, 9, 26, 11, 24, 25, 23, 12], [11, 15, 19, 2, 8, 13, 16, 5, 12], [0, 4, 7, 14, 3, 13], [6, 2, 10, 0, 3, 11, 9, 17], [23, 0, 4, 27, 28, 7, 22, 13, 8], [9, 13, 15, 16, 20, 7, 1, 17, 0, 18]]
[]
[[15, 9, 18, 8, 0, 11, 13], [8, 3, 21, 25, 13, 11, 1, 24, 0, 17, 19, 4, 26, 23, 27], [9, 0, 3, 13, 2, 11, 5, 7], [9, 7, 1, 5, 0, 10, 8], [11, 4, 3, 7, 6, 8], [6, 8, 2, 15, 18, 16, 1, 0, 10, 20], [7, 11, 4, 16, 8, 3, 0], [27, 2, 7, 10, 16, 12, 14, 5], [0, 2, 1], [3, 5]]
[]
[[14, 17, 26, 0, 11, 15, 18, 6, 22, 27], [0, 3, 12, 6, 7], [15, 24, 28, 10, 21, 29, 5, 20, 1], [14, 8, 5, 4, 15, 0, 17, 6], [18, 8, 19, 21, 25, 16], [5, 16, 12, 23, 20, 24, 6, 0], [4, 12, 15, 13, 16, 0, 8]]
[]
[[18, 8, 12, 13, 21, 19, 17], [15, 5, 13, 18, 6, 8], [9, 4, 13, 5, 8, 6], [0, 14, 10, 19, 5, 13], [15, 33, 19, 3, 17, 20, 8, 7, 6, 30, 27, 32, 24, 35], [0, 2, 3, 24, 1, 6, 12, 20], [11, 8, 16, 5, 9, 0, 13]]
[]
[[14, 5, 20, 2, 15, 21, 9, 1, 10, 11, 19, 3, 7, 22, 12], [5, 13, 6, 11, 18, 17, 10, 14], [14, 5, 18, 21, 4, 27, 26, 15, 28], [13, 6, 22, 26, 18, 0, 16, 21, 14, 27, 12, 24]]
[]
[[3, 6, 12, 21, 24, 22, 10, 5, 16, 1, 25], [11, 17, 14, 13], [6, 7, 11, 10], [5, 0, 13, 1, 26, 21, 11, 23], [0, 4, 9, 7, 12, 23, 5, 17, 10, 15, 26, 3], [20, 12, 15, 0, 4, 22, 13, 10, 14, 26, 23]]
[]
[[13, 18, 23, 4, 16, 22, 15, 10, 25, 12], [9, 6, 7, 10, 17, 14, 15, 2], [13, 20, 3, 17, 1, 11], [8, 0, 9, 2, 5], [6, 12, 10, 13, 16, 20, 0, 17], [17, 12, 20, 8, 1, 13, 18], [9, 7, 17, 12, 3, 11, 10, 18], [6, 9, 12, 18, 16, 27]]
[]
[[2, 13, 1, 12, 17, 3], [10, 8, 2, 3, 0, 11, 12], [0, 13, 12, 4, 5, 15, 16], [1, 8], [44, 7, 25, 28, 31, 23, 26, 39, 13, 43, 37, 14, 19, 30, 38, 47, 11, 27, 29], [1, 3, 7, 15, 17, 4, 12, 14, 16], [10, 2, 3, 15, 0, 9, 11, 16, 6]]
[]
[[24, 31, 11, 6, 14, 20, 28, 12, 21, 7, 9, 17, 5, 19, 29, 10], [2, 13, 4, 26, 27, 20, 0, 6, 14, 21, 12, 25, 28, 7, 9, 30], [3, 22, 29, 27, 17, 5, 9, 20, 7, 8], [17, 10, 19, 7, 14, 9, 15], [22, 21, 18, 15, 23, 6, 19], [15, 19, 20, 25, 23]]
[]
[[15, 20, 18, 22, 26, 8, 16, 25], [2, 6, 16, 10, 17, 3, 13], [16, 4, 0, 1, 9, 17, 7], [1, 10, 8, 2, 13, 16], [6, 9, 15, 12, 14, 0, 3], [13, 5, 2, 17, 0, 3, 7, 9, 15], [18, 2, 12, 19, 10, 3, 5, 15, 16]]
[]
[[4, 2, 14, 11, 10, 17], [22, 3, 0, 4, 1, 21], [25, 5, 27, 30, 28, 23, 18, 2, 35, 6, 29], [6, 1, 7, 2], [5, 11, 0, 8, 16], [9, 0, 6, 17, 13, 16], [22, 2, 15, 30, 0, 5, 17, 25, 23, 18, 36], [9, 13, 10, 6, 17, 11, 8], [11, 14, 39, 24, 40, 21, 32, 33, 13, 9, 27, 37, 35]]
[]
[[5, 7, 9, 12, 13, 3], [22, 25, 4, 17, 7, 19, 1, 10], [15, 7, 1, 3, 2, 12, 8], [34, 2, 19, 36, 0, 3, 17, 20, 24, 37, 26, 5, 27, 29, 32, 8], [10, 13, 23, 0, 11, 14, 22, 8, 17, 6, 24], [0, 3, 16, 11], [15, 2, 11, 17, 3, 6, 18, 1, 13, 7, 19], [24, 2, 0, 3, 10, 7, 18], [2, 28, 23, 30, 9, 12, 3, 13, 5, 32, 1, 17, 29, 34]]
[]
[[6, 12, 2, 8, 1, 11], [5, 8, 19, 0, 11, 34, 22, 13, 27, 29, 9], [26, 16, 19, 8, 13, 27, 0, 3, 7, 11], [11, 20, 19, 13, 2, 25, 0, 24, 5], [14, 18, 2, 17, 1, 15, 21, 9, 6], [13, 2, 10, 6, 8], [12], [0, 12, 5, 4, 15, 14, 16], [1, 4, 2], [16, 2, 8, 21, 0, 15, 4, 7], [1, 0, 2], [3, 5]]
[]
[[7, 15, 21, 24, 0, 3, 19, 22, 25, 8, 6, 27], [5, 9, 0, 3], [10, 19, 9, 16, 0, 3, 7], [5, 16, 9, 10, 14, 18, 1, 8], [8, 1, 3, 7, 4, 2], [14, 17, 21, 3, 11, 15, 22, 7, 19, 1, 20], [8, 4, 2, 11, 16, 1, 9], [16, 4, 9, 14, 29, 12, 19, 22, 26]]
[]
[[11, 0, 4, 13, 16, 8], [10, 0, 8, 11, 17, 20, 6, 22, 15], [0, 5, 7], [16, 8, 11, 18, 3, 5, 20, 0, 15], [0, 2, 1]]
[]
[[2, 8], [5, 2, 3, 12, 13, 0, 14], [8, 28, 26, 12, 20, 6, 2, 25, 9, 5, 7, 22], [3, 8, 9], [25, 1, 3, 23, 12, 20, 6, 22, 27, 0, 7], [24, 5, 14, 17, 0, 20], [27, 2, 5, 15, 12, 1, 28, 30, 26, 13, 22, 25], [6, 2, 1], [2, 9, 15, 10, 8, 0, 5], [3, 9, 12, 21, 14, 2, 15, 11, 0, 6, 18, 16], [4, 33, 32, 15, 21, 35, 28, 6, 11, 22, 18, 23, 1, 8, 16]]
[]
[[8, 18, 11, 12, 6, 22, 19, 16], [5, 2, 6], [4, 8, 10, 6, 2, 5], [9, 21, 4, 1, 3, 6, 14], [7, 19, 0, 8, 22, 4, 18, 1, 5], [9, 8, 2, 6], [17, 8, 21, 19, 7, 9], [14, 9, 20, 22], [5, 4], [2, 6, 15, 0, 4, 13, 3, 17, 11, 14, 18], [13, 5, 8, 4], [2, 7, 21, 15, 20, 8, 18]]
[]
[[3], [12, 7, 9], [0, 2, 5, 1]]
[]
[[20, 14, 6, 12, 0, 3], [1, 3, 13, 15, 11, 0, 12], [10, 8, 16, 19, 0, 14, 20, 7, 4], [9, 5], [17, 23, 15, 1, 11, 21, 0, 22, 24, 8, 18, 3], [2, 17, 3, 1, 13, 20], [23, 1, 10, 5, 15, 3, 24, 0, 9, 14, 16], [12, 5], [18, 1, 24, 14, 25, 31, 7, 22, 9, 33, 0, 19, 35]]
[]
[[17, 13, 0, 11, 10, 18, 21, 16, 23], [6, 3, 4, 14], [3, 9, 7, 10, 5, 16, 12, 14], [35, 48, 41, 49, 29, 25, 11, 23, 46, 7, 15, 20, 45, 3, 56, 18], [13, 7, 0, 12, 4], [5, 14, 26, 27, 23, 8, 4, 0, 3], [14, 28, 4, 15, 23, 27, 29, 6, 18, 25]]
[]
[[9, 20, 14, 17, 16, 4, 21, 12, 23, 0, 10, 25], [5, 2, 6], [2, 7, 8, 4, 11, 9], [7, 11, 3, 13, 15, 8, 17], [19, 1, 4, 17, 15, 7, 20], [3], [11, 6, 17, 7, 9], [12, 15, 22, 16, 3, 19, 20, 6, 18, 7], [6, 1, 8, 3], [16, 5, 18, 6, 14, 20, 12, 19, 8], [10, 3, 5, 12, 4, 16, 7], [5, 0, 13, 1, 14, 6], [14, 7, 5, 18, 24, 15, 8]]
[]
[[6, 12, 20, 10, 13, 30, 5, 15, 2, 21], [9, 1, 12, 10], [38, 9, 4, 14, 29, 23, 30, 40, 36, 11, 12, 13, 27, 19], [18, 2, 21, 11, 13, 10, 3, 14], [17, 16, 13, 19, 8, 1, 6, 18, 23], [23, 5, 17, 10, 3, 6, 32, 21, 31]]
[]
[[13, 15, 0, 18, 20, 2], [8, 3, 6, 9, 11, 14, 4], [7, 0, 3, 8], [5, 7, 2], [0], [2], [5, 7, 2], [0], [17, 22, 5, 12, 21, 0, 16, 19, 20, 3], [5, 9, 8, 13, 0, 20]]
[]
[[8, 19, 5, 9, 7], [17, 1, 18, 5, 25, 10, 2, 0, 6], [8, 16, 14, 13], [7, 11, 17, 8, 18, 20, 1, 10, 3, 5, 21], [20, 6, 0, 15, 9, 10, 21], [29, 11, 17, 26, 31, 0, 24, 7, 12], [5, 23, 15, 1, 14, 3, 19, 2, 0, 28, 13, 7]]
[]
[[13, 7, 18, 15, 19, 6], [2, 6], [6, 2, 9, 1, 8, 12, 10], [5, 12, 0, 13], [10, 4, 11, 5, 13, 8, 2], [2, 4, 1, 8], [1, 9, 4, 0, 3, 8, 11, 17], [6, 21, 13, 19, 17, 0, 22], [2, 13, 9, 1, 3, 15], [11, 0, 1, 18, 14], [16, 18, 5, 3, 2, 8, 1, 17, 19, 10], [11, 9, 1, 15, 16, 18, 14]]
[]
[[14, 7, 4, 0, 8, 10], [23, 2, 12, 1, 15, 21, 0, 5, 20, 24, 22], [2, 3, 33, 10, 25, 38], [9, 0, 7, 10], [20, 0, 5, 11, 17, 7, 14, 22, 23, 30, 28], [7, 11, 21, 9, 1, 4, 8, 0, 5, 10], [26, 28, 3, 18, 0, 10, 19, 12], [17, 9, 5, 19, 23, 25, 26, 2, 8, 4], [17, 21, 22, 5, 4, 11, 13, 10, 15, 19, 6]]
[]
[[22, 12, 6, 14, 0, 13, 11, 19], [2, 4, 15, 0, 7, 18, 19], [22, 25, 0, 21], [2, 29, 12, 5, 17, 26, 0, 24, 39, 16, 4, 30, 3, 32, 28, 9, 40], [23, 9, 29, 0, 3, 14, 20, 22, 1], [22, 40, 2, 0, 18, 41, 26, 23, 19, 33, 37], [27, 16, 11, 20, 5, 10, 15, 4, 24], [3, 18, 26, 19, 11, 14, 28, 15, 10, 1, 6, 24, 23, 0, 5, 21, 30, 7, 25]]
[]
[[4, 2, 17, 10, 8, 5, 15], [20, 9, 6, 15, 25, 2, 18, 16, 1, 0, 5, 21, 3, 22], [1, 3, 0, 5], [15, 3, 13, 6, 19, 0, 14], [1, 11, 13, 0, 12], [7, 3, 22, 4, 5, 11, 19], [9, 16, 1, 14, 0, 13, 7], [16, 14, 0, 11, 12], [16, 2, 0, 19, 13, 21], [6, 2, 5, 3], []]
[]
[[17, 6, 10, 19, 11, 15, 4, 0, 18, 7, 2], [13, 7, 12, 11, 14], [7, 3, 11, 22], [12, 0, 9, 10, 2, 16, 5, 4, 15, 14, 20, 18, 7], [17, 5, 11, 8, 4, 0, 12, 3, 16], [11, 5, 12, 4, 0, 14]]
[]
[[3, 12, 15, 6, 0, 16], [8, 15, 7, 13, 21, 24, 10, 22, 25, 9, 18, 16, 11], [6, 9, 0, 16], [4, 14, 19, 17, 7, 13, 16, 9], [6, 10, 14, 3, 1, 4, 15, 9], [5, 8, 9, 4, 0, 20, 12, 10, 15], [20, 6, 0, 7, 23, 5, 4, 13, 15]]
[]
[[17, 2, 0, 6, 11, 4, 18, 5, 16, 13, 12], [19, 14, 7, 10, 5, 11, 1, 4, 16, 3], [27, 7, 24, 35, 12, 33, 6, 11, 30, 19, 17, 23, 1], [16, 9, 10, 19, 6, 20, 21], [5, 18, 13, 21, 15, 1, 14, 0, 6]]
[]
[[21, 5, 17, 23, 10, 14, 2, 22, 24, 12, 15], [17, 29, 10, 13, 25, 3, 26, 2, 1, 21], [17, 23, 0, 14, 10, 4, 11, 24, 20, 12, 5, 21], [2, 18, 13, 7, 10, 21, 0, 8, 19, 29, 5, 14, 20, 30], [2, 7, 10, 5], [4, 11, 1, 5, 12], [0, 10, 4, 12, 17, 15], [6, 0, 17, 26, 2, 19, 9, 28, 27, 11, 7, 15, 32, 10], [23, 9, 5, 0, 24, 3, 10, 26, 8], [13, 14, 10, 5, 8, 15, 7, 16, 9], [16, 23, 9, 30, 4, 12, 18, 25, 6, 13, 21]]
[]
[[19, 11, 28, 4, 21, 25, 10, 20, 24, 9, 6, 18, 12, 26], [15, 2, 4, 9, 29, 3, 21, 28, 19, 30, 10, 16], [2, 21, 0, 9, 18, 11, 17, 10, 27, 19], [2, 3, 19, 1, 6, 14, 20, 4, 22], [0, 1, 2, 6], [10, 7, 13, 0, 14, 17], [32, 11, 3, 5, 17, 8, 21, 40, 34, 36, 41, 44, 24], [21, 28, 6, 40, 50, 29, 43, 14, 9, 18, 37, 27, 33, 7, 48]]
[]
[[11, 19, 0, 20, 10, 3, 17], [19, 14, 21, 29, 32, 0, 6, 33, 36, 9, 3, 7, 17], [4, 0, 16, 13, 8, 5, 11], [14, 7, 17, 20, 21, 32, 27, 22], [4, 0, 10, 3], [9, 0, 8, 11, 4], [5, 15, 13, 25, 0, 20], [10, 0, 4, 7, 26, 5, 27, 2, 13, 20, 8, 22]]
[]
[[3], [], [2, 8, 7, 10, 0], [3, 0], [52, 16, 74, 8, 13, 35, 63, 32, 41, 75, 15, 43, 40, 70, 30, 34, 77, 46, 51, 14, 36, 64, 73], [2, 16, 15, 5, 12]]
[]
[[15, 9, 17, 22, 11, 4, 8, 16, 21, 29, 6], [13, 2, 15, 22, 0, 8, 23, 14, 19, 10, 24], [4, 10, 7, 18, 13, 2, 11], [10, 2, 21, 3, 19, 0, 14], [4, 5, 15, 24, 6, 13, 18, 14, 2, 16, 8, 10]]
[]
[[2, 0, 4, 5], [8, 2, 12, 0, 9, 13, 6], [7, 0, 5, 8, 15, 18, 1, 19], [2, 9, 15, 0, 11, 5, 12, 16, 13, 6], [16, 21, 8, 18, 9, 3, 28], [8, 12, 0, 10, 2, 15, 7, 9, 4], [0, 6, 3, 7]]
[]
[[21, 7, 16, 15], [20, 12, 30, 24, 2, 8, 5, 11, 28, 6, 16], [17, 10, 3, 5, 20, 24, 22], [2, 21, 10, 31, 0, 24, 5, 20, 26, 6, 15, 12, 19, 11, 33], [15, 3, 12, 6, 10, 17, 1, 9], [9, 14, 11, 4, 1, 15, 18, 7, 17], [18, 8, 6, 13, 22, 25, 10, 9, 20, 21, 11, 30], [12, 11, 20, 14, 9, 4, 5, 10]]
[]
[[0, 6, 7, 5, 10, 9], [13, 27, 9, 19, 31, 23, 8, 24], [4, 23, 0, 15, 18, 24, 13], [3, 21, 6, 17, 15, 1, 22], [2, 12, 14, 19, 20, 8, 23, 13, 7, 22], [9, 10], [22, 5, 23, 21, 12, 29, 3, 15, 19, 13], [16, 28, 8, 10, 24, 34, 11, 3, 9, 14, 23, 13, 18, 31, 2], [0, 12, 15, 20, 7, 24, 13, 18, 14, 17, 8]]
[]
[[12, 14, 19, 23, 5, 20, 3], [10, 12, 2, 8, 11], [8, 4, 16, 1, 15, 14], [5, 11, 18, 9, 17, 12, 29, 19], [4, 17, 20, 12, 18, 9, 14, 2, 10], [4, 35, 1, 25, 2, 22, 11, 0, 30, 5, 26], [3, 12, 10, 15, 7, 6, 22, 8, 25], [7, 11, 17, 4, 14, 1, 20], [24, 35, 12, 2, 9, 8, 17, 22, 31, 32, 10, 27, 23], [1, 17, 23, 35, 9, 4, 33, 30, 24, 20, 28, 18, 29, 31]]
[]
[[13, 12, 3, 2, 9, 19, 17], [18, 3, 16, 12, 9, 1, 26, 21, 15, 25], [32, 7, 22, 19, 6, 13, 25, 11, 8, 34, 5, 18], [6, 22, 2, 15, 12, 3, 23, 1, 7, 13, 17], [26, 6, 18, 16, 12, 21, 10, 7, 27, 5, 15], [8, 3, 5, 10, 2, 16, 13, 6]]
[]
[[3, 17, 5, 14, 13, 22, 24], [5, 15, 2, 0, 6, 1, 3], [16, 27, 6, 28, 5, 7, 10, 17, 26, 19, 25], [1, 16, 13, 18, 23, 4, 15, 19, 0, 21], [12, 22, 24, 4, 9, 2, 21, 23], [9, 0, 8, 12, 4, 3, 10, 22, 14]]
[]
[[3, 12, 5, 4, 2, 13], [10, 20, 22, 16, 19, 3, 11, 7, 21], [1, 6, 16, 18, 3, 26, 22, 19, 0], [11, 13, 15, 21, 5, 2, 12, 1, 8], [3, 1, 26, 6, 42, 7, 23, 40, 30, 2, 29, 34, 0, 21, 4, 10, 32], [28, 29, 7, 33, 34, 21, 37, 8, 5, 10, 31, 3, 38], [14, 4], [23, 17, 18, 21, 1, 0, 12, 6, 15], [1, 5, 10, 0, 8, 2]]
[]
[[20, 8, 29, 9, 30, 12, 16, 21, 26, 1], [0, 4, 15, 6, 11, 16], [0, 12, 18, 13, 19, 17, 23, 3, 14], [10, 14, 17, 1, 12], [11, 0], [38, 8, 22, 4, 24, 14, 27, 10, 5, 9, 29, 3, 37, 31, 30], [31, 1, 11, 5, 50, 3, 9, 35, 39, 48, 8, 23, 43, 14, 38, 47, 51, 37, 27, 29, 40, 49, 55, 19], [14, 28, 7, 15, 23, 34, 48, 31, 42, 0, 22, 17, 25, 35, 46, 39, 3], [10, 26, 31, 7, 6, 22, 28, 36, 12, 17, 29, 41, 0]]
[]
[[7, 16, 6, 0, 9, 17, 10, 25, 30, 33, 1, 31], [18, 3, 21, 16, 9, 19, 17, 10], [14, 9, 16, 27, 18, 20, 8, 1], [6, 1, 5, 7], [0, 1, 5, 11, 10, 6], [21, 10, 7, 11, 1], [12, 1, 9, 4], [12, 4, 2, 14, 0, 8, 9, 10], [16, 9, 22, 32, 35, 20, 33, 2, 10, 24, 3, 14, 27]]
[]
[[7, 2, 1, 4, 9], [23, 8, 13, 21, 26, 6, 20, 3, 5, 12, 0, 2, 11], [5, 3, 0, 2, 1, 7, 8], [0], [1, 0], [5, 7, 10, 3, 6], [5, 7, 0, 10, 2, 9, 11, 6], [4, 3, 11], [3, 6, 1, 7], [10, 16, 13, 7, 6, 5], [1, 11, 10, 0, 7], [0, 7, 3], [0, 7, 5, 12, 4, 11, 13], [0], [7, 11, 0, 4, 12, 9]]
[]
[[18, 21, 4, 22, 27, 30, 8, 20], [25, 0, 17, 1, 14, 7, 26, 10, 21, 19, 15, 18, 23], [12, 0, 4, 13], [4, 10, 15, 6, 11, 2, 24, 7, 14, 22, 9]]
[]
[[10, 15, 25, 28, 22, 26, 3, 11, 12, 14, 9, 0, 6, 18, 23], [18, 17, 1, 14, 4, 8, 19], [0], [4, 6, 12, 16, 5, 0, 11], [7, 4, 0, 12, 20, 16, 24, 18, 23], [10, 5, 2, 0, 11, 6], [5, 12, 14, 3, 23, 6, 15, 28, 7, 9], [15, 3, 13, 16], [16, 9, 0, 20, 4, 19, 17]]
[]
[[13, 0, 4, 17, 8, 14, 23, 9], [30, 5, 19, 8, 21, 27, 2, 9, 20, 1, 38, 0, 40, 4, 28, 34, 33, 10, 14, 15], [1, 13, 4, 10, 3, 2, 0, 7, 14, 8, 15], [12, 6, 5, 13], [2, 5, 14, 19, 21, 0, 16, 13, 22, 23], [1, 3, 14, 2, 0, 10, 15], [17, 19, 11, 9, 21, 24, 12, 25, 15], [4, 9, 10, 11], [19, 0, 18, 6, 1, 8, 14, 2, 15], [8, 9, 13, 14, 22, 0, 21, 15, 5, 1, 25, 17, 2], [9, 22, 0, 14, 26, 8], [15, 14, 1, 9, 6], [1, 0, 5, 3], [3, 4, 11], [10, 3, 8, 11, 12, 5, 6], [13, 10, 11, 6, 0, 17, 3]]
[]
[[5, 10, 22, 6, 12, 2, 11, 17, 21, 14, 23], [11, 17, 22, 8, 14, 19, 2, 4, 7, 18], [23, 41, 7, 12, 19, 13, 20, 31, 17, 37, 10, 26, 38, 1, 28, 18, 35], [17, 22, 0, 4, 19, 23, 26, 12], [13, 7, 10, 11, 12], [6, 23, 8, 24, 17, 26, 7, 12, 22, 16, 18, 28]]
[]
[[28, 5, 9, 21, 29, 8, 1, 27, 36], [14, 5, 11, 24, 15, 0, 26, 34, 13, 41, 28], [0, 6, 23, 14, 3, 18, 7, 24, 29, 5, 36], [27, 18, 21, 11, 9, 26, 5, 0, 22, 6, 3, 7, 14, 23, 28], [12, 1, 15, 3, 13, 16, 2, 0, 11, 22], [4, 15, 18, 19, 6, 7, 1], [1, 0], [3, 5, 7]]
[]
[[8, 11, 1, 23, 0, 16, 5, 12, 20, 3], [19, 13, 20, 22, 14, 1, 0, 12, 17, 5, 23], [27, 0, 4, 21, 5, 18], [1, 5, 0, 3]]
[]
[[6, 3], [2, 1, 18, 3, 21, 17, 0, 5, 8], [7, 2], [7, 0, 8, 11, 5], [0, 10, 19, 17, 14, 6, 20, 15, 22, 12, 18, 9, 23, 1, 11], [26, 9, 23, 10, 6, 12, 22, 15, 24, 27], [0, 9, 11, 21, 7, 14, 5, 15, 6]]
[]
[[0], [8, 14, 23, 0, 12, 19, 21, 5], [25, 8, 3, 18, 24, 17, 12, 10, 16, 26, 1, 19, 13], [5, 25, 9, 7, 8, 0], [4, 7, 24, 2, 5, 0, 22, 8, 11, 13], [6, 16, 8, 10, 14, 15, 13, 0], [6, 2, 17, 0, 14, 13, 11, 7, 15], [2, 11, 26, 12, 25, 18, 23, 21], [11, 9, 12, 17, 8, 16, 18]]
[]
[[21, 3, 14, 29, 39, 0, 4, 12, 15, 25, 40, 2, 27, 11, 22, 20, 26, 7], [9, 13, 7, 10, 1, 6, 16, 17], [3, 21, 22, 24, 0, 31, 16, 13, 18, 25, 26], [18, 0, 3, 40, 14, 28, 34, 45, 9, 20, 23, 29, 46, 25, 42, 33, 30], [6, 12, 21, 27, 37, 22, 26, 30, 8], [9, 13, 7, 10, 1, 6, 14], [12, 2, 0, 1, 6, 18, 35, 3, 7, 22, 36, 24, 29, 41, 15, 23, 40, 10, 42], [11, 28, 2, 19, 8, 0, 4, 13, 21, 25, 20, 24, 18, 14], [14, 33, 6, 11, 16, 25, 28, 31, 12, 17, 10, 1, 22, 2, 24, 0, 20, 4]]
[]
[[18, 31, 23, 1, 10, 7, 15, 41, 17, 21, 13, 32, 29], [19, 14, 5, 16, 2, 15, 10, 17], [1, 6, 0], [30, 11, 13, 37, 0, 18, 38, 22, 24, 31, 28], [19, 15, 5, 13, 17, 12, 9, 11, 1], [23, 31, 28, 30, 21, 7, 18, 17, 14, 1, 16, 5, 4, 29, 2], [20, 25, 2, 6, 0, 11, 13, 19, 17, 14, 22], [2, 9, 0, 10, 3, 8], [0, 12, 2, 15, 13]]
[]
[[4, 12, 14, 23, 24, 0, 16, 7], [10, 3, 2, 11, 17], [1, 6, 12, 25, 11, 28], [22, 10, 2, 15, 0, 3, 19, 25, 13, 14, 20, 26, 9], [17, 2, 5, 6, 11, 24, 3, 22]]
[]
[[16, 23, 3, 25, 9, 21, 8, 13, 14, 22, 10], [14, 8, 15, 6, 17, 16], [2, 23, 28, 16, 21, 25], [10, 29, 27, 8, 16, 5, 19, 34, 13, 28, 32, 9, 6, 15]]
[]
[[34, 4, 19, 27, 32, 9, 35, 8, 17, 20, 31, 16, 37, 5, 29], [11, 13, 7, 16, 21], [29, 21, 3, 8, 0, 23, 13, 33, 24], [7, 8, 11, 14, 5, 2], [37, 2, 30, 48, 13, 24, 47, 46, 28, 38, 29, 3, 9, 15, 18, 31], [33, 30, 36, 34, 37, 27, 19, 38, 14, 22]]
[]
[[14, 10, 16, 2, 6, 19], [10, 14, 13, 9, 11, 3], [7, 11, 6, 12], [21, 25, 7, 3, 29, 26, 0, 16, 2, 11], [16, 20, 8, 3, 6, 5, 13], [15, 18, 22, 3, 14, 16, 5], [6, 10, 12, 13, 18, 5, 4], [16, 22, 26, 6, 15, 11, 0, 17], [13, 16, 18, 19, 5], [1, 14, 6, 2, 8], [16, 20, 0, 5, 11], [8, 5, 18, 14, 10, 11, 0, 9, 7], [8, 21, 9, 18, 6, 22, 7]]
[]
[[7, 14, 9, 8, 15], [7, 24, 12, 26, 9, 4, 5, 21, 18, 25, 1, 28, 6], [8, 3, 4, 2, 19, 1, 20, 18], [26, 18, 20, 2, 8, 21, 22, 19, 9, 16, 27]]
[]
[[21, 15, 13, 4, 18, 6, 19, 11, 12, 22, 8], [11, 2, 17, 13, 0, 21, 3, 15, 12, 14, 22], [10, 2, 11, 19, 28, 16, 24, 25, 14, 13], [13, 22, 3, 15, 29, 25, 20, 16], [7, 12, 11], [36, 1, 8, 28, 6, 16, 5, 22, 32, 13, 31, 27, 9, 18, 29, 37], [8, 12, 2, 11, 18, 5], [12, 18, 24, 25, 23, 15, 7, 8, 26, 13, 17]]
[]
[[14, 21, 4, 10, 19, 16, 15, 9, 34, 6, 17], [4, 0, 6, 2, 9], [6, 16, 13, 0], [12, 14, 4, 1, 5], [16, 0, 18, 1, 19, 7, 9], [13, 17, 11, 1, 9, 19, 4, 12], [1, 0, 7], [5, 0, 16, 8, 19, 2, 3, 21, 4], [9, 5, 4, 0], [21, 2, 18, 9, 3, 23, 22, 11], [20, 0, 5, 3, 18, 2, 23, 25, 24, 21]]
[]
[[2, 1, 11], [12, 9, 6, 4, 1, 0, 13, 7], [16, 7, 25, 11, 12, 13, 20, 26, 9, 24, 1, 22], [17, 2, 21, 27, 22, 5, 14, 1, 10, 15, 18, 3, 12, 19, 24], [16, 15, 3, 17], [0, 9, 8, 16, 2]]
[]
[[2, 1, 9, 10], [4, 1, 6, 11, 13, 14], [19, 1, 8, 11, 12, 6, 17, 9, 15], [9, 23, 17, 3, 7, 4, 10, 27, 29, 30, 31], [1, 19, 20, 22, 23, 18, 21]]
[]
[[15, 23, 25, 19, 18, 21, 16, 24, 10], [6, 4, 7, 10, 18, 13], [14, 21, 1, 25, 5, 19, 3, 2, 12, 0, 15, 24], [18, 2, 6, 14, 23, 0, 7, 12, 32, 10, 21, 19, 24], [7, 0, 10, 2, 22, 4], [18, 37, 2, 7, 11, 42, 12, 16, 21, 29, 40, 14, 24, 35, 3], [1, 6, 4, 17, 2, 0]]
[]
[[5, 6, 15, 0, 16, 17, 29], [9, 24, 23, 21, 29, 32, 1, 35, 30], [0, 7, 2, 5, 11, 3], [7, 4, 17, 5, 19, 6, 8], [33, 10, 0, 30, 25, 8, 11, 29, 34, 23, 31, 1], [0], [18, 0, 10, 15, 12, 14, 19, 5], [15, 11, 7, 4, 5, 6, 17, 18], [30, 10, 34, 8, 11, 28, 29, 26, 32, 1], [0, 13, 11, 9, 1], [11, 12, 15, 4, 5, 6, 13, 25, 0, 16, 18], [17, 10, 18, 7, 16, 1], [7, 1, 5, 18, 13, 16, 6, 12, 14, 3], [1, 0, 2], [3, 11, 5, 9]]
[]
[[12, 10, 2], [2], [4, 8, 13, 5, 11], [26, 8, 3, 7, 10, 19, 0, 20, 2, 9, 16, 23], [7, 10, 20, 25, 4, 13, 21, 2, 6, 12, 24, 28, 19, 14], [18, 6, 23, 3, 22, 1, 16], [10, 14, 11, 8, 23, 2, 20, 24, 13, 22, 21], [17, 19, 33, 6, 12, 11, 20, 9, 26, 21, 27, 7]]
[]
[[23, 2, 1, 11, 12, 21], [24, 3, 5, 18, 26, 16, 22, 27, 1, 13, 25], [12, 8, 0, 3, 10], [1, 6, 14], [2, 10, 15], [0, 9, 4], [4, 32, 37, 34, 41, 24, 22, 26, 38]]
[]
[[15, 6, 17, 19, 13, 2, 1], [17, 0, 10, 11], [13, 1, 15, 8, 11, 0, 18], [20, 30, 4, 22, 36, 13, 17, 32, 37, 9, 29, 12, 26, 1], [12, 10, 6, 0, 13, 16, 20, 27, 11]]
[]
[[3, 28, 20, 30, 24, 34], [0, 12, 18, 3, 15], [9, 11, 14, 5, 10], [21, 26, 34, 20, 6, 22, 13, 15, 2, 31, 32, 19], [18, 31, 7, 5, 9, 28, 30, 4, 0, 8, 23, 19, 29, 17, 25], [40, 43, 18, 48, 32, 60, 61, 2, 34, 55, 56, 63, 62, 13, 54, 49, 37, 17, 21, 51]]
[]
[[12, 18, 0, 4, 9, 7, 8, 10], [6, 1, 3, 2, 15, 14, 0, 20], [2, 5, 0, 3, 1], [25, 0, 17, 30, 13, 14, 27, 19, 32, 5, 6, 12, 26, 15, 28, 36], [7, 2, 9, 3, 15, 6, 1, 19, 21], [4, 17, 13, 18, 5, 19], [3, 0, 2, 12, 13], [6, 9, 0], [8, 19, 21, 1], [4, 11, 13, 14, 1, 7, 10, 9], [18, 0, 4, 10, 16, 14], [12, 14, 16, 9, 1, 10, 6, 0, 3]]
[]
[[0, 3, 9, 6, 5], [13, 2, 4, 1, 8, 0, 5, 14], [4, 12, 6, 15, 0, 17, 3, 19, 11, 18, 5], [10, 4, 2, 6, 9, 8, 11, 13], [0, 2, 15, 3, 13, 17, 1, 16, 11, 14], [6, 1, 11, 2, 0, 4, 9], [2, 5, 13, 17, 1, 14], [16, 20, 23, 22, 12, 19, 0, 11, 21, 25, 17, 32, 9]]
[]
