0.7503138620745677
1
0.6741220825346712
1
0.7944840384350766
1
0.7786766205902008
1
0.6802064363893839
1
0.8510900746419062
1
0.7960311818204103
1
0.779136751473113
1
0.7677233333333334
1
0.8267881939524472
1
0.792325918716673
1
0.7494693820575048
1
0.7316173826414447
1
0.8206190431465157
1
0.7577004937549051
1
0.8226165987607404
1
0.8347148383162789
1
0.745810256630087
1
0.8689003907822881
1
0.811368266034673
1
0.8448223261321348
1
0.7154349783455118
1
0.7632785373263888
1
0.7244103313264058
1
0.8691492028646733
1
0.6570185861396086
1
0.8350530588292826
1
0.7428081772633142
1
0.7012234347903226
1
0.7148790619034795
1
0.7697968297505012
1
0.8352972742976172
1
0.8105996523795855
1
0.8430136070539831
1
0.8128220543527352
1
0.8578487312006438
1
0.7974337914981982
1
0.840068497762508
1
0.7964430835848993
1
0.8194137343411935
1
0.7323290303859928
1
0.917914080564683
1
0.73397360523192
1
0.778346918495157
1
0.7366071428571428
1
0.8262118764408621
1
0.7221712597746538
1
0.7842785700591818
1
0.8231623557671133
1
0.7755986482523705
1
0.7610246790448467
1
0.7682114495261173
1
0.7951271705162483
1
0.6652963489961272
1
0.7945374456311534
1
0.8270363677369557
1
0.7914928057553957
1
0.698801924542683
1
0.822116297499392
1
0.7931790896004224
1
0.7654414185494329
1
0.7913580291336922
1
0.883833430704416
1
0.8250251279461607
1
0.7678956894734443
1
0.8181938509021842
1
0.7138936802048128
1
0.8806208113300492
1
0.6388200781571016
1
0.757659098331902
1
0.773310813056934
1
0.8150822547909718
1
0.7722326687498272
1
0.7534987604098181
1
0.7251088523634911
1
0.7221858601296132
1
0.8023184236460755
1
0.8173074587969686
1
0.7883187241295349
1
0.8102213466589787
1
0.7837007797502795
1
0.5830239612777254
1
0.8055459200406926
1
0.7971958468210011
1
0.770132348319468
1
0.7428035229188206
1
0.6988549894606992
1
0.7607749044699192
1
0.7946750409021709
1
0.8049292017428056
1
0.8727952951869806
1
0.7899477856768425
1
0.6812478701322842
1
0.8324513586044952
1
0.7209556925315892
1
0.7869890127520045
1
0.7833689766756375
1
0.7042257208348414
1
0.7628444724674233
1
0.8245925925925925
1
