[[17, 13, 2, 9, 19, 21, 3, 14], [16, 2, 4, 12, 20, 3, 19, 22, 0, 17], [3, 16, 5, 8, 13], [18, 11, 0, 3, 15, 13, 12, 20, 1], [33, 8, 17], [20, 23, 12, 8, 26, 30, 0, 13], [7, 13, 14, 0, 18, 27, 34], [1], [3]]
[[7, 3, 10, 11], [13, 23, 8, 18, 0, 10, 21], [18, 3, 10, 24, 0, 20, 26, 6, 11], [2, 9, 21, 15, 5], [5, 10, 11, 7], [9, 16, 6, 1, 13, 18, 20, 24], [7, 21, 9, 16, 18, 5, 3, 10], [19, 16, 5, 21, 8, 11, 26, 12, 23], [9, 25, 0, 11, 20, 22, 7], [21, 2, 6, 13, 25, 18, 28]]
[[20, 14, 0, 18, 1, 7, 16], [2, 4], [16, 21, 22, 3, 17, 13, 6, 19, 5, 18], [20, 4, 10], [7, 10, 4, 18], [10, 23, 25, 7, 17, 20, 18, 21, 27, 26, 4, 14], [17, 9, 2, 6, 12, 13, 24, 26], [18, 12, 7, 15, 22, 4]]
[[20, 26, 7, 11, 0, 14, 17], [22, 17, 15, 12, 6, 19], [4, 17, 19, 6, 0, 7, 10], [10, 23, 5, 13, 20, 0], [17, 35, 20, 8, 12, 13, 26, 30, 32, 37, 0, 5], [13, 20, 2, 9, 16, 0], [10, 15, 26, 2, 5, 11]]
[[9, 7, 11], [8, 10], [9, 0, 19, 4, 5], [8, 11, 16, 19, 10], [21, 2, 14, 4], [26, 3, 24, 11, 20, 0, 2], [10, 25, 11, 14, 16, 0], [5, 9, 11, 1], [13, 18, 19]]
[[15, 12, 17, 0, 4, 18, 3], [2, 9, 3], [30, 11, 28, 7, 17], [32, 12, 29, 8, 18], [3, 14, 18, 1], [28, 39, 12, 33], [10, 2, 8, 7]]
[[19, 11, 0, 5, 16, 22], [5, 7, 9, 11], [18, 33, 10, 16, 22, 29, 31], [9, 17, 14], [11, 1, 6], [5, 11, 1, 9], [12, 27, 33, 23, 39, 25, 19]]
[[7, 12, 19, 21, 23, 3, 9], [6, 1], [10, 1, 6, 14, 21], [8, 2, 6, 11], [1, 6], [11, 3, 9, 14], [21, 3, 10, 19, 5], [9, 27, 6, 15, 20, 22, 24], [4, 8, 9]]
[[9, 11, 6, 0, 4], [16, 0, 26, 29, 5, 9, 23, 8, 22, 15, 19, 14, 18], [3, 7, 18, 21, 26, 0, 14, 19], [37, 49, 61, 73, 85], [1, 7], [4, 5], [21, 14, 11, 16, 26, 5, 9]]
[[22, 3, 6, 11], [10, 8, 7], [12, 2, 14, 22, 8], [4, 21, 17], [14, 18, 7, 4, 9]]
[[18, 23, 26, 13, 19, 33, 2, 10], [2, 3, 6, 17, 4], [4, 0, 7, 33, 35, 2, 8, 16, 19], [3, 17, 20, 29, 6, 9, 22, 35], [13, 11, 3], [15, 4, 12], [17, 11, 9, 1, 6], [31, 2, 4, 18, 13]]
[[6, 16, 21, 32, 19, 26, 0, 3], [7, 12, 24, 29, 10, 17], [7, 12, 22, 26, 31], [25, 32, 44, 47, 16, 39], [20], [25, 3, 6, 11, 19, 22]]
[[11, 5, 14, 3], [24, 7, 15, 23, 18, 8, 26], [10, 1, 6], [21, 3, 0, 6, 11, 19], [15, 21, 5, 17]]
[[13, 7, 2], [6, 19, 13, 20], [2, 11, 21, 14, 5, 9, 16, 19, 8], [6], [6, 0, 3, 8], [16, 2, 19, 4, 6, 10], [14, 11, 17, 0, 5, 9], [25, 7, 6, 0, 14, 19, 22, 28], [17, 2, 12, 0, 4], [6, 19, 26, 16, 10, 8, 14, 28, 3]]
[[9, 13, 4], [4, 0, 8], [13, 5, 1, 11], [19, 4], [24, 15, 19, 1], [15, 10, 25, 12, 24], [3, 9, 14, 29, 35, 11, 19, 16, 21, 25, 26]]
[[8, 0, 4, 3, 14, 9, 17], [6, 27, 31, 51, 4, 16, 21, 35, 39, 48, 2, 13], [12, 16, 1, 5, 8], [18, 29, 10, 16, 21, 26, 7, 11, 1], [13, 21, 7, 0, 9, 16], [20, 13, 7, 11, 5, 3, 10]]
[[2, 7, 19, 16], [7, 16, 21, 30, 2, 4, 8], [6, 15, 2, 4, 12], [17, 26, 6, 4, 30]]
[[14, 9], [18, 1, 3, 6, 10, 21, 4], [7, 11, 16, 19], [4, 10, 0, 8], [6, 2, 0], [6], [12, 6, 8, 2, 15, 0], [8, 10, 2], [29, 7, 16, 11]]
[[15, 8, 12, 3, 10], [9, 1, 3], [26, 32, 30, 11, 15], [10, 15, 8, 17]]
[[11, 2], [10, 12, 7, 15], [17, 6, 8], [5, 3], [16, 15], [8], [9, 0, 4], [21, 0, 16, 3, 18], [14, 22, 2, 6, 9, 20], [2, 5, 8, 13], [21, 11, 23], [0, 13, 2, 5]]
[[14, 5, 8], [1, 4], [8], [2, 6, 17], [18, 6, 0, 8, 15, 1], [10, 28, 20, 9, 27, 0, 35], [6, 0, 8, 13], [10, 30, 22, 9, 29, 0, 19, 39, 3, 13], [13, 4, 16, 5], [20, 10]]
[[5, 8, 16, 6, 0], [7, 9], [6, 8, 11], [3, 13, 18, 5], [15, 22, 26, 2, 9], [3, 8], [7, 2, 17], [1, 3, 6], [5, 1], [1], [3]]
[[16, 9, 6, 21, 23, 0, 4], [1, 4, 10, 15, 3], [17], [9, 4, 17, 21], [6, 4], [5, 7], [4, 14, 16], [3], [11, 2, 8, 14], [19, 15, 18, 4, 13], [3], [11, 2, 8], [16, 6, 2, 15], [11, 3, 8, 13, 0], [7, 1], [3]]
[[16, 5, 10, 3], [17, 8, 6, 15, 0, 4], [8, 14, 16, 12, 3], [2, 5, 10, 7], [13, 1, 4, 17, 19], [26, 3, 5, 8, 11, 17, 24, 18, 22], [11, 21, 3, 15, 5, 19, 17], [9, 13, 21, 2, 5, 19, 15], [6, 12]]
[[10, 7, 12], [7, 12, 20, 15, 1, 22, 5], [9, 33, 3, 17, 27], [1, 9, 4, 11], [8, 15, 10], [13, 18, 15, 23, 4, 9, 11], [11, 5, 14, 2, 4], [0, 9, 15, 11]]
[[9, 2, 15, 24, 11], [9, 13, 2], [31, 2, 22, 19, 20], [8, 0, 2, 10, 1], [2, 8, 11, 0], [11, 15, 20, 6, 2], [9, 1, 3, 11], [0]]
[[7, 9, 0, 3, 8, 2], [0, 19, 27, 15, 9, 23, 5, 16, 7, 14, 1, 21], [9, 23, 31, 4, 16], [12, 7, 4], [10, 20, 17, 8]]
[[21, 2, 19, 7, 8], [7, 19, 27], [17, 2, 0, 3, 7], [9, 4, 13], [10, 14, 1, 17], [14, 25, 5], [13, 35, 2, 8, 6, 10]]
[[16, 8, 3, 13, 0], [9, 12, 2, 5, 14], [17, 18, 20, 2, 6, 11, 12, 5], [2, 3, 5, 20, 14], [2, 6, 11, 0, 12, 17, 22, 27, 5], [9, 2], [13, 23, 0, 16, 25, 1, 26], [8, 12, 5, 15], [9, 17, 6, 0]]
[[8, 2, 10, 14], [22, 3, 16, 19, 0], [4, 0, 1], [6, 10, 0, 3], [3, 5], [5, 7, 2], [2, 4, 6, 9, 12], [12, 0, 5], [3, 6, 0], [9, 17, 2, 5, 14], [2, 7, 0, 5, 8], [0, 5, 8, 15, 18, 1, 6], [4, 2], [7, 2, 8], [6, 11], [24, 31, 10, 19, 22, 7, 11, 16, 20], [6, 15, 2, 9, 12]]
[[6, 17, 15, 10, 20, 19], [12, 24, 15, 0, 16], [13, 17], [0, 11, 7], [5], [21, 25, 3, 12, 1, 8, 31, 9], [13, 16, 21, 3, 1, 7], [0, 18, 4, 7, 10, 12], [13, 6], [9, 0, 7, 12]]
[[4, 11, 21, 18, 17, 14], [14, 0, 11, 9, 18, 17, 4, 8], [18, 2, 7, 5, 10, 14, 0, 11, 4, 6], [5, 15, 35, 29, 6, 17, 9, 12, 39, 3, 10, 27], [12, 23, 3, 10, 17, 18, 21, 26, 4]]
[[6, 1, 3], [21, 3, 1, 18], [18, 27, 13, 11, 4, 28, 9], [18, 5, 19, 0, 8], [13, 6, 0, 8]]
[[2, 18, 16, 15, 20, 8, 10, 7, 12, 17], [9, 2, 5, 1, 7], [35, 20, 13, 26, 27, 19, 39, 6, 8], [27, 38, 28, 3, 19, 31, 0, 7, 11, 13, 41, 4, 24], [8, 16, 5, 13], [0], [3]]
[[10, 12, 0, 3], [13, 15, 8], [2, 3], [0, 10, 1, 8], [13, 6, 0, 10, 21], [2, 0, 3], [0, 6, 9, 16, 24, 1, 7, 10], [13, 0, 11, 1, 8], [9, 0], [20, 2, 9, 5], [15, 18, 3, 13, 6, 9], [22, 13, 5]]
[[27, 3, 15, 24, 32, 35, 0, 5], [2, 6], [11, 20, 3, 5], [9, 2, 16], [18, 11, 0, 3, 23, 25, 28, 1, 4], [5, 12, 10, 2, 14], [13, 18, 22, 16, 19, 1, 6]]
[[16, 3, 4, 2, 9], [1, 8, 2, 5], [12, 27, 3], [21], [14, 6], [14, 19, 18, 5], [22, 43, 0, 4, 21, 12]]
[[19, 31, 0, 3, 24, 27, 1, 4, 21, 25, 28], [27, 36, 0, 10, 24, 30, 33, 4], [7, 11], [13, 8, 21, 2, 6, 11, 18], [10, 1], [8, 22, 7, 24, 0], [13, 11], [8, 2, 12, 10]]
[[6, 5, 12], [9, 6], [10, 12, 1], [5, 0, 13, 3], [3, 9, 13, 18, 14, 6], [1, 14, 4, 16], [10, 1, 0, 2, 11], [11, 7, 0, 12], [7, 12], [16, 5, 17, 8], [2, 0, 3], [7, 10, 5, 4], [10, 6, 15]]
[[9, 21, 0, 13, 16, 1], [14, 12, 2, 11], [7, 19, 29], [12, 16, 19, 0, 9, 3, 6, 10], [0, 5, 10, 19, 13, 7, 15, 11], [15, 4], [24, 5, 9, 20, 25, 2, 7, 29, 32]]
[[11, 15, 9, 21, 7, 16, 22], [10, 6, 8], [7, 21, 10], [8, 10, 14, 23, 6, 11, 15], [27, 22, 28, 20, 4, 18], [6, 10, 12, 17]]
[[2, 9, 6, 16, 22, 25, 30, 23, 31], [0, 10, 3, 14], [25, 12, 8, 3], [3, 0, 14], [8, 13, 0], [6, 10, 16, 22], [13, 11, 0], [18, 4, 7, 11, 20, 2, 5]]
[[6, 10, 12, 4, 3, 5, 11], [17, 9, 2, 12, 22], [4, 12, 2, 7, 5, 10, 11, 8], [0, 7, 12, 1, 10], [16, 3, 6, 10, 20, 23, 0, 18, 21], [7, 4, 11, 16, 2, 12], [20, 6, 3, 8, 11, 13, 16, 0], [4, 11, 14, 0, 2, 7, 15, 5], [24, 20, 26, 0, 15, 4, 7, 13], [3, 12, 13, 15, 9, 0], [5, 12, 15, 0, 3, 8, 6, 13, 1], [13, 3, 5, 0, 15, 10], [5, 14, 8, 13, 9, 4], [14, 3, 15, 21], [10, 7, 11]]
[[15, 3, 10, 4, 19, 7, 1], [19, 18, 13, 24, 7, 0, 5, 11], [24, 6, 0, 13, 1, 4, 21, 7], [12, 16, 5, 22, 2, 20, 23, 11], [3, 4, 0, 9, 11, 6, 5], [9, 24, 42, 32, 34, 29, 1, 31, 7, 12, 15, 19, 37]]
[[4, 2, 6, 9], [8, 3, 6, 14], [15, 1, 4, 6, 9, 20, 23], [3, 9, 17, 6, 12], [8, 21, 0, 5, 12], [8, 19, 4, 6, 11, 14], [5, 8, 14], [0, 11, 23, 34, 6, 33, 14, 19]]
[[0], [2, 10, 14, 19, 0], [16, 4, 11, 20], [16, 1, 8], [8, 21, 7], [12, 0, 5, 4, 1, 6], [23, 2, 9, 14], [31, 13, 3, 21]]
[[22, 32, 12, 8, 36, 39, 6, 23, 30, 37, 29, 5, 14, 11, 35, 18, 10], [9, 16, 12, 18, 33, 3, 19], [12, 9, 3, 11, 25, 18, 21], [8, 7, 10, 0, 9], [6, 29, 42, 0, 19, 21], [0, 26, 1, 2, 17, 20, 34, 37, 15, 18, 22], [8, 20, 15, 2, 13, 24, 27, 6, 25]]
[[16, 14, 7], [13, 53, 105, 20, 65, 72, 77, 92], [6, 12, 16, 5]]
[[15, 14, 3, 10], [6, 2, 11, 0], [9, 16, 0, 5], [15, 26, 8, 22, 19], [8, 0, 1], [1, 14, 8], [17, 0], [14, 11, 4]]
[[13, 5, 11, 16, 3, 8, 17], [32, 0, 12, 17, 22, 27, 5, 8, 23, 33, 16, 7, 11, 20], [17, 28, 6, 10, 13, 21], [10, 4, 15, 16, 0, 2, 5], [7, 2, 9, 12, 0], [8, 6, 3, 9], [2, 10, 3, 6]]
[[0, 11, 2, 9], [11, 3, 9, 16, 0, 14], [15, 8, 0, 17, 3], [4, 7, 12, 14, 19, 2, 20], [11, 24, 2, 14], [14, 0, 11, 20, 22, 27, 3, 9], [10, 3, 15, 0, 13]]
[[12, 10, 2, 1, 5, 18, 4, 16], [9, 14, 23, 30, 2, 17, 32, 26, 36, 0, 27], [18, 1, 6, 16, 23, 26, 9], [13, 15, 4, 6, 17, 7], [0, 8, 13, 20, 25, 14, 27, 6]]
[[4, 10], [23, 1], [3, 9, 18, 6], [4, 12, 31, 18, 0, 14, 26, 27], [17, 2, 15], [9, 7, 14]]
[[18, 0, 3, 13, 1, 15, 12, 11], [13, 1, 9, 7], [12, 1, 10, 7]]
[[8, 20, 13, 2], [15, 21, 7, 10, 27, 29], [13, 30, 2, 5, 9, 17], [8, 3, 20, 22, 27, 0], [4, 7, 11, 12, 15, 19, 0], [12, 6, 0, 4, 7], [6, 2, 10, 15], [21, 23, 0, 18, 12, 20], [9, 13, 15]]
[[5, 2, 1, 6], [6, 15, 4, 7, 12], [12, 2, 7, 5], [4, 3, 0], [12, 3, 9, 21, 10, 22, 1, 19, 2, 25, 0, 18], [10, 1, 4, 3], [4, 3, 0], [9, 12, 17, 1, 3, 7, 24, 27], [20, 7, 12, 4, 10, 13, 9, 3]]
[[15, 17, 2, 6, 9, 18], [6, 8, 16, 3], [9, 12, 0, 3, 13], [9, 6], [11, 0, 4, 12], [6, 8, 2], [11, 4, 7, 16, 5], [19, 6, 15, 27, 2, 7, 10, 16], [0], [3]]
[[17, 12, 5, 20, 9], [10, 5, 12, 15, 3, 13], [4, 15, 21, 22, 7, 24, 13], [0, 4], [25, 16, 26, 13, 22, 30], [5, 7, 2], [15, 1, 17, 7], [2, 6], [9, 3, 10, 5, 12], [0, 10, 12], [0, 10], [13, 4, 17, 2, 6, 19], [16, 15]]
[[7, 9, 3, 14, 17, 23, 26], [14, 5, 2, 8, 11], [15, 26, 3, 19, 0, 9, 13, 24, 28, 6], [3, 14, 8, 5, 10], [13, 24, 6, 18, 0, 1], [5, 16, 12, 18], [4, 12, 15, 2, 9]]
[[17, 1, 7], [5, 12, 20], [3, 29, 11, 23, 10, 0, 7], [13, 24, 9, 16, 28, 11], [5, 1, 8, 13, 3, 9, 15], [3, 7, 17, 21, 25, 28, 4, 11], [1, 20, 16, 10, 12], [4, 19, 8, 15, 23, 12, 7, 11]]
[[2, 18, 8, 12, 20, 3], [15, 5, 13, 18, 9, 8, 2], [15, 9, 4, 13], [18, 15], [15, 5, 2, 16, 33, 9], [0, 8], [11, 8, 16, 5, 9]]
[[6, 14, 9, 4, 17], [9, 4], [21, 38, 18, 35], [36, 21, 4, 28, 12, 19]]
[[0, 14, 17, 5], [0, 5, 13, 3, 6, 11, 18], [17, 10, 14, 22, 25, 5], [13, 20]]
[[7, 3, 9], [8, 22, 27, 2, 17, 12], [26, 1, 7, 12, 19, 31], [12, 1, 16, 3, 9], [10, 19, 7, 12, 14, 21], [8, 0, 3], [9, 17, 5], [11, 2, 4, 8, 15]]
[[9, 3, 8, 6, 12], [11, 2, 5, 17, 0, 3, 14], [0, 6, 13, 15, 7], [5, 10, 19, 0, 13, 15], [16, 0, 4, 6], [20, 3, 12, 15, 25, 0, 4]]
[[36, 7, 20, 28, 10, 14, 18], [], [18, 10, 28], [6, 17, 23]]
[[14, 13, 9, 0, 3], [9, 6, 7, 18], [20, 22, 0, 13, 19], [4, 11, 1], [6, 9, 12, 19, 7], [17, 2, 5, 9], [9, 13, 6], [22, 2, 11, 5, 8]]
[[29, 7, 26, 32, 2, 8, 14, 18, 1], [6, 3, 11, 4], [0, 6, 13, 17, 1, 14, 18, 5], [13, 0, 7, 15, 22, 1, 8, 16, 23, 6], [4, 1, 0], [3, 6, 8, 11, 0, 9], [], [4, 10, 2, 1, 9, 5, 7], [], [4, 2, 6, 5]]
[[5, 8, 2, 6], [4, 8, 10, 5], [14, 0, 3, 13, 11], [1, 4, 3], [0, 10, 21, 36, 44, 12], [11, 1, 3], [4, 10]]
[[7, 11, 31, 22, 35, 0, 20, 15], [14, 11, 17, 22, 9], [4, 7, 9, 12, 15, 22, 0], [16, 9, 13, 23]]
[[18, 24, 31, 6, 14, 20], [2, 23, 31, 18, 13], [26, 13, 3, 15], [8, 17], [14, 22, 0], [10, 15, 18, 24, 1]]
[[5, 7, 1, 6, 9], [20, 7, 17, 2, 12, 3, 8], [19, 2, 12, 21, 24, 27, 3], [16, 10, 22, 0, 5], [7, 1, 5, 9, 3], [5, 17, 29, 25, 8, 3], [21, 19, 12, 14, 22, 5]]
[[23, 9, 12, 15, 13, 20], [2, 4, 6, 9, 14, 16, 0], [16], [12, 1], [6, 13, 9, 4, 15, 16], [13, 5, 2, 17, 0, 3, 7], [14, 7, 11, 18, 9]]
[[15, 18, 22], [16, 4, 21, 6, 2, 3], [1, 0], [4, 3], [11, 18, 13, 20, 6], [11, 15, 3], [11, 20, 3, 15, 5, 8, 18, 22, 0, 6], [32, 24, 38, 10, 31, 5, 12], [10, 13, 3, 8, 15]]
[[15, 4, 2, 1, 14, 11], [16, 22, 12, 3], [0, 25, 5, 27, 30, 8], [8, 6, 3], [5, 11, 0, 15], [9, 3, 10], [22, 28, 2, 13, 15, 4, 19], [9, 13], [11, 29, 12, 2, 19, 14, 23]]
[[31, 12, 14, 22, 25, 28, 34, 37, 7, 23, 32, 6, 11, 26, 10, 33, 27, 13], [5, 16, 6, 14], [21, 9, 30, 32, 29, 3, 11, 14, 24, 26, 35], [9, 21, 23, 37, 48, 20, 0, 6, 12, 14, 18, 25, 28, 31, 42, 10, 15], [33, 13, 25, 10, 20, 8, 12, 4, 15, 31], [21, 5, 14, 18, 8, 15], [31, 8, 10, 0, 21, 6, 7]]
[[5, 7, 2], [22, 3, 15, 0, 8], [11, 4, 15, 7], [13, 31, 34, 23, 2, 16, 19, 36, 0, 3], [5, 21, 19, 10, 13, 23], [23, 5, 2, 8, 10, 17, 0], [10, 15, 2, 11], [17, 24, 9, 2, 12, 22, 0, 3], [16, 2, 28, 23]]
[[15, 8, 11, 17], [7, 8, 1, 12], [2, 10, 21, 16, 4, 0], [3, 16], [8, 16, 2, 14, 0], [12, 3], [14, 19, 0, 11, 17]]
[[10, 6], [10, 31, 17, 20, 5], [26, 16, 28, 15, 19], [8, 18, 11, 20, 19, 1], [3, 14, 18, 19], [13, 2, 10, 9], [12, 14, 11, 19, 0, 4, 2], [0, 12, 5, 9], [1], [6, 19, 16, 2], [], [3]]
[[3, 22, 10, 15, 16], [11, 4, 9], [12, 20, 28, 5], [5, 10, 14, 17, 2, 9], [3, 11, 0, 4], [0, 8, 14, 1, 4], [0, 9, 10, 15, 1], [9, 5, 2, 6], [16, 4], [], [0]]
[[11, 24, 7, 15, 18, 21], [13, 5, 12], [10, 19, 11, 17], [5, 2, 16], [10, 8, 5], [17, 14, 21, 3, 11], [8, 2, 4, 10, 5], [18, 24, 21, 28, 16]]
[[2, 10, 14, 11], [6, 14], [21, 14, 17, 24, 3], [9, 36, 33, 30, 32, 15, 25], [23, 3, 16, 19, 31, 4], [19, 25, 3, 5, 2, 29, 8, 12], [23, 25, 10, 18], [0, 8, 27, 13, 19], [7, 17, 0, 21, 24], [24, 21, 18, 4]]
[[9, 11, 3, 0], [5, 7, 10, 16, 19], [11, 3, 18, 22, 0], [14, 1], [0]]
[[2, 1, 0, 8], [12, 2], [33, 8, 30, 5, 17, 26], [2, 11], [17, 18, 19, 5, 14, 32, 3], [7, 13], [37, 26, 21, 5, 14, 16, 23], [14, 20, 13, 22], [5, 10, 3, 6, 2], [15, 5, 9, 7], [12, 1, 9, 6, 10, 3, 2]]
[[2, 9, 5, 11, 7], [11, 5, 7], [28, 18, 8, 21, 26], [11, 3, 4, 8], [8, 25, 1, 18], [24, 5, 13, 8, 11, 18, 6], [18, 27, 5, 9, 15, 12, 21, 1, 28], [6, 5, 8, 11, 13, 15, 2], [21, 2, 1, 4, 9, 12], [3, 9, 1, 5, 12], [17, 27, 33, 4, 30, 5, 32, 0, 15]]
[[22, 11, 2, 5, 16, 0, 14, 20, 13, 9, 19], [5, 11, 14, 17, 3, 19, 1], [1, 11, 9, 4, 3], [2, 16, 20, 10, 13, 18], [2, 17, 22, 10, 18, 12], [5, 14, 12, 11, 8], [9, 5], [0, 15, 27, 7, 18, 22, 19, 1], [0, 5, 13, 1, 12]]
[[8, 18, 20, 11, 6, 15, 22, 24, 26, 27, 3, 12], [0], [5, 3, 9, 11], [11, 9, 23, 21, 4, 1, 17, 5, 10], [3, 15, 7, 11, 19, 0, 8], [3, 5, 9, 11, 0], [17, 0, 8, 11, 1, 19, 21], [14, 24, 1, 15, 8, 11], [3, 5, 0], [2, 6, 15, 0, 4], [5, 13], [3, 15, 18, 8, 20]]
[[12, 20, 25], [7, 10, 15, 21, 26, 23], [8, 13, 19, 26]]
[[], [3, 4], [12, 7, 2], [0, 2]]
[[13, 18, 4, 9, 0, 5], [5, 19, 22, 3, 17, 20], [13, 17, 0, 9, 25, 1], [15, 6, 12, 0], [16, 2, 12, 23, 0, 3], [13, 20, 23, 18], [3, 6, 15, 18, 12]]
[[11, 14, 8, 16, 20, 6], [9, 19, 1, 3, 13, 15, 11, 10, 2, 8, 0], [6, 10, 8, 16], [7, 11], [], [2, 17], [8, 23, 1, 10, 20], [7], [18, 24, 20, 30, 1]]
[[15, 0, 21, 5, 8, 10, 2], [19, 14, 15, 3], [10, 1], [11, 3, 15, 4, 0], [1, 5, 14, 3, 2, 0, 15, 4], [13, 3], [10, 1, 5, 14], [15, 19, 3, 7, 2, 0, 8], [9, 3, 1]]
[[17, 7, 13, 20, 25, 0, 11], [13, 2, 5, 0, 6], [3, 6, 9, 10, 7, 13, 5], [35, 2, 16, 41, 48, 49, 29, 10, 25, 31, 11, 17, 23, 32, 42, 46, 7, 44], [11, 2, 13, 7, 0, 8], [5, 18, 21, 14, 26, 19, 24], [26, 10, 14, 28]]
[[10, 12, 19, 0, 2], [13, 20, 24, 10, 3], [3, 21, 28], [2, 21, 29], [21, 3, 25, 12]]
[[9, 20, 14, 22], [0], [3, 10, 2, 7], [7, 9, 14], [11, 19, 1, 4, 8], [11, 8, 3, 13], [11, 6, 17, 0], [10, 12, 15, 22, 16, 23], [2, 6, 10, 12, 13], [10, 13, 16], [10, 5, 12, 3, 16], [5, 0, 13], [14, 20, 10, 7]]
[[12, 9], [11, 2, 7], [18, 29, 33, 3, 5], [0, 18], [17, 22, 12, 25], [13, 6, 21, 2, 9]]
[[4, 9, 6, 12, 16, 20, 7, 10], [9, 0, 19, 1, 4], [1, 16, 9, 4, 14, 25, 29, 38], [9, 6, 15, 18, 2], [22, 17, 7, 4], [23, 5, 2, 17]]
[[8, 4, 10, 14, 0], [3, 5, 1], [5, 13, 3, 1, 10], [14, 7, 11, 2, 1, 4, 8], [1, 3, 6, 9, 7], [11, 3, 14, 9], [13, 5, 9, 0, 3], [9, 3, 7, 2], [21, 24, 15, 18, 26, 30], [18, 2, 14], []]
[[3, 6, 13, 9], [0, 8], [7, 0, 3, 8, 6], [], [0], [6, 9, 2], [], [0], [15, 4], [11, 16, 5, 7]]
[[0, 8, 13, 16, 10], [3, 9, 15, 6, 13], [2, 14, 0, 7], [7, 4], [3, 13, 15, 9, 22, 29], [33, 37, 4, 20, 25, 29, 40, 44, 2], [5, 18, 1, 7], [9, 14, 17, 11], [3]]
[[16, 8, 19, 5, 4], [17, 1, 18, 3, 8, 5], [8, 16, 18, 2, 5, 10], [2, 14, 7, 11, 17], [3, 12, 6, 20, 0], [5, 29, 11, 17, 26, 31, 0], [5, 12, 23, 27, 15]]
[[14, 9, 2, 7, 1, 6], [11, 9, 14], [19, 22, 11, 2, 17, 0], [6, 5], [25, 3, 23, 18], [9, 15, 0, 6, 21, 11], [18, 6, 26, 2, 10], [14, 26, 19, 8, 18], [7, 1], [3]]
[[7, 13, 18], [11, 7, 4, 2, 1], [11], [5], [10, 4], [10, 2, 4, 6], [7, 1], [6, 15], [11, 2, 7, 13], [0, 1, 17], [16, 12, 18], [11, 9]]
[[11, 6, 8, 13, 17], [6, 3, 2], [7, 5, 10], [8, 32, 2, 34, 3, 9, 24, 30, 17], [12, 15, 2, 0, 3, 10], [25, 8, 14, 33, 21, 3, 20], [11, 2, 17, 15, 4, 8]]
[[14, 7, 4], [10, 7, 18, 23, 2], [9, 32, 2, 11, 13, 21, 26, 36, 0, 4], [3, 6, 9, 0], [16, 8, 26, 3, 20], [17, 7, 11, 21, 9], [26, 5, 17, 23, 28, 3], [17, 1, 9, 5, 14, 19, 23], [17, 21, 8, 14, 2]]
[[11, 19, 3, 2, 5, 8], [24, 0], [6, 17, 19, 11, 18], [8, 10, 5, 0], [5, 6, 19], [9, 3], [21, 24, 4, 11, 10], [9, 2, 1]]
[[22, 12, 14, 17, 6, 9, 0], [14, 2, 4, 9, 15, 20, 0, 21], [27, 6, 22, 25, 0, 7], [39, 2, 15, 30, 18, 13, 5, 6, 27, 37, 0, 7, 25, 40, 17], [23, 27, 31, 9, 16, 29, 0, 15, 3, 14, 20, 22], [17, 40, 2, 24, 32, 22, 5, 9, 28, 38, 26, 3, 41, 23, 27, 35, 0], [27, 16, 22, 13, 19, 7, 11], [18, 26, 19, 3, 8, 11]]
[[19, 1, 15, 3, 8], [23, 18, 4, 35, 37, 0, 5, 11, 14, 24, 31], [22, 32, 13, 9, 16], [1, 10, 13, 16], [20, 15, 5, 28, 3, 10, 23, 29, 2], [20, 31, 1, 5, 13, 29], [6, 21, 14, 24, 11]]
[[4, 14, 16, 2], [20, 30, 6, 15, 17, 25], [7], [11, 15, 24, 3, 6, 13, 19, 0, 4], [8, 14, 1, 16], [7, 3, 14, 18, 15], [1, 6, 9, 16], [2, 16, 10, 6], [6, 12, 15, 26, 16], [6, 8, 2], [8, 10, 0, 6]]
[[13, 16, 11, 2, 8, 17, 15, 6, 12], [11, 15, 14], [11, 2, 0, 8], [6, 22, 0, 8, 16, 25, 11, 24, 7, 15, 21, 23], [2, 9, 13, 23, 3, 18, 20, 0], [15, 9, 5, 17, 3], [20, 8, 27, 4, 23, 0], [14, 20, 8, 6, 25, 11, 17, 23, 5, 13, 0], [0, 9, 11, 5, 14]]
[[14, 17, 6, 10], [9, 13], [0, 21, 6, 8, 12, 16, 1], [25, 0, 12], [9, 17], [5, 11]]
[[14, 8, 10, 19, 4, 16, 3, 9, 15, 7, 6, 18], [13, 21, 3, 9, 19, 4, 10, 17], [7, 18, 1, 12, 15], [0, 14, 1, 6, 10, 3, 7, 5], [18, 23, 3, 28, 6, 8, 21, 30, 33, 0, 4, 9, 19, 31], [8, 7, 14, 22, 10, 20, 3, 9, 19], [14, 22, 10, 0, 6, 18, 7, 13, 11, 15, 25], [21, 29, 6, 17, 26, 10, 18], [12, 2]]
[[12, 3, 8, 15, 13], [7, 15, 13], [6, 13, 9, 18], [12, 4, 14, 19], [12, 6, 0], [19], [9, 20, 6, 22, 0, 7]]
[[24, 11, 13, 4, 1, 18], [3, 10], [34, 3, 5, 8, 19, 23, 28, 0, 6, 9, 12, 24], [18, 4, 6, 11, 24, 15, 26], [0, 8, 10, 11], [7, 15, 2, 4, 8, 12], [16, 31, 11, 18, 13, 20, 17, 0, 25], [5]]
[[8, 14, 23, 17, 2, 0], [19, 21, 2, 14, 7], [16, 27, 18, 3, 31, 0, 7], [5, 2, 9, 16], [5, 7, 20, 25, 13, 15]]
[[5, 10, 3, 2], [15, 1, 6, 8, 4, 2], [17, 21, 5, 14, 26, 0], [3, 24, 11, 27], [5, 14, 0, 3, 12, 2], [2, 3], [10, 2, 5, 16, 0], [17, 27, 2, 13, 20, 8, 23]]
[[7, 21, 5, 20, 17, 23, 10], [20, 8, 29, 10, 13, 17, 22], [17, 23, 0], [2, 18, 26, 13, 25], [2, 4, 7, 10], [2, 4], [12, 1, 11], [6, 18, 0, 17], [23, 9, 5, 11], [13, 14, 3, 10], [16, 23, 25, 3, 17, 1, 9, 32, 4]]
[[20, 22, 10, 11, 21], [0, 10], [14, 0, 7, 9], [3, 18, 0, 12, 21], [11, 12, 14, 8], [2, 8, 16], [21], [0, 14, 5, 17], [8, 1, 20, 16], [], [3]]
[[11, 8, 19, 14, 28, 4, 15, 21], [15, 2, 20, 4, 22, 0, 9, 24], [7, 2, 21, 0, 9, 14, 18], [2], [0], [5, 13, 19, 7, 10], [11, 26, 31, 3, 17, 32, 2, 5, 8], [17, 21, 35, 42, 10, 46, 28, 32, 39]]
[[4, 17, 13, 15, 18], [9, 18, 6, 16], [22, 6, 3, 15, 11, 17, 20, 24, 9, 18, 4], [0, 8, 11, 17, 1, 13], [29, 35, 22, 15, 8, 11, 19, 25, 32]]
[[8, 9, 11, 2], [2, 19, 16, 5, 14, 21, 29, 32, 35, 0], [4, 0], [10, 14, 18, 7], [2, 4, 6], [7, 2, 9], [24, 15, 10, 7, 21, 5, 8, 13, 25], [11, 3, 1, 12, 5, 8]]
[[5], [7, 2, 9], [13, 20, 16, 18, 2, 10, 0], [10, 9, 39, 14, 3, 6, 21, 27], [5, 10], [17, 15], [8], [16, 24, 1]]
[[3], [2], [9, 13, 12], [2], [16, 38, 8, 22, 4, 29, 41, 73, 77, 13, 15, 35, 37, 76, 32, 3, 28, 40, 74, 21, 30, 34, 1, 14, 0, 2, 20, 36, 75], [2, 16, 12, 15, 0, 5, 6]]
[[8, 0, 5, 4], [5, 9], [16, 0, 11, 5, 13, 20], [7, 11, 5, 8], [8, 0, 15, 5, 10], [8, 14, 5], [8, 15, 5, 10], [8], [], [6, 13, 3, 7], [3, 11, 1], [0], [11, 1, 9], [4, 7], [4, 7, 16, 2], [8, 12, 23, 3]]
[[13, 15, 9, 5, 0, 22], [5, 13, 2, 15, 9], [1, 4, 6], [10, 1], [11, 1, 4]]
[[2, 4, 6, 7], [11, 3, 13, 16, 19], [12, 0, 8], [21, 2, 8, 14, 0, 7], [18, 30, 8, 12, 24, 5], [13, 2, 18, 5, 11, 3], [24, 6, 3, 17, 13, 9], [7, 15, 0], [2, 11, 14], [8, 4, 12, 2]]
[[2], [8, 2, 5, 12], [14, 7, 16, 4], [7, 2], [24, 7, 21, 8, 16, 18], [6, 12, 8], [0]]
[[10, 15], [29, 20, 16, 23, 6], [12, 7], [11, 1, 4], [17, 22, 2, 11, 12], [21, 32, 10, 1, 12, 23, 6]]
[[11, 23, 0, 14, 17, 21, 4], [0, 12, 19, 26, 20, 30, 10], [17, 10, 18, 3, 5, 8, 20, 1, 11], [2, 25, 21, 27, 10], [20, 8, 3, 12, 15, 6, 10, 13, 17], [16, 14, 9, 11], [8, 18, 19, 4, 6, 13, 22, 25, 27, 2, 10], [16, 6, 11, 20, 12, 14, 21]]
[[13, 24, 33, 0, 8, 14, 25, 30, 12, 23], [9, 13, 0, 3, 15, 5], [3, 11, 13], [4, 9], [23, 3, 15, 0], [5, 8, 11, 13, 3], [6, 14, 27, 3, 12, 15], [10, 3, 7, 0, 4, 8, 16], [], [3]]
[[4, 0, 6], [27, 7, 10, 29, 9, 13], [21, 20, 4, 14], [4, 20, 5, 0], [3, 11, 13, 15], [5, 0, 9, 12], [20, 8, 18, 1], [16, 22, 25, 32, 28], [0, 12, 6, 15]]
[[6, 14, 1], [15, 2, 5, 7], [10, 47, 2, 26, 38, 12, 20], [22, 3, 9, 18, 19, 4, 7], [43, 0, 9, 4, 14, 18, 22, 31], [16]]
[[12, 14, 19, 20, 23, 7, 21], [10, 12, 5], [8, 22, 2, 4, 16, 20], [5, 11, 21, 28, 7, 16, 0, 15, 25, 10], [17, 6, 2, 12, 13, 20, 0], [4, 35, 1, 19, 25, 29, 16, 23], [12, 24, 10, 15, 3, 7, 6, 23], [17, 24, 4, 0, 7, 9, 11, 21, 14, 5, 3], [24, 30, 35, 7, 14, 12, 26, 2], [1, 17, 23, 27, 35, 9, 14, 12]]
[[14, 6, 17], [1, 7, 3], [1, 19, 3, 15, 21, 11, 23], [4, 25, 20, 27, 22, 8], [12, 7, 1], [24, 16, 18, 12, 22, 27, 3]]
[[13, 12, 5, 15, 3], [20, 8], [32, 7, 22, 2, 19], [6, 22, 2, 19], [26, 28, 6], [8]]
[[17, 5, 10, 19, 3], [2, 10, 3, 13, 0], [23, 14, 8, 11, 21, 5], [31, 2, 10, 25, 6], [16, 7, 10, 23], [7, 1, 3], [29, 31, 18, 8, 12, 27, 35, 9], [], [22, 34, 2, 16, 5, 18, 7], [5, 8, 1]]
[[12, 1, 16, 3, 23, 17, 5, 20, 14, 0, 13], [5, 7, 15, 2, 0, 8, 6], [16, 27, 12, 21, 24, 30, 6, 13, 22, 28, 18, 4, 11, 33], [16, 13, 18, 8, 22, 23, 2, 6, 4, 15], [9, 18, 12, 24, 4, 27, 13, 2, 21, 22, 26], [22, 1, 9, 10, 13, 16]]
[[17, 5, 22, 27, 14, 4, 21, 13, 18], [8, 14, 0, 17, 1], [8, 15, 19, 13, 10, 2], [9, 12, 7, 2, 15, 20, 32], [9, 8, 18, 0, 25], [8, 29, 1, 17, 19, 22, 24], [4, 21, 0, 13, 18, 14], [4, 7, 9, 2], [9, 8, 0, 6, 16]]
[[3, 10, 12], [10, 15, 22, 20, 5, 16], [15, 6, 16, 1], [11, 13, 15, 16, 22, 21, 10], [17, 36, 3, 1, 26, 28, 37, 6, 11], [28, 18, 4, 7, 11, 33, 19, 30, 34], [11, 5, 16, 21, 14, 2, 13, 10, 3, 19], [10, 23, 14, 17, 20, 25, 18, 21, 1], [1]]
[[3], [4, 2, 9, 13, 16, 10, 17], [18, 6, 8, 2, 12, 21, 24, 0], [16, 0, 11, 1], [11, 1, 6, 17], [25, 20], [4], [6]]
[[0, 6, 8, 29, 4, 9, 13, 20], [0, 4, 15], [15, 18, 0, 12, 1, 6], [2, 10, 13, 3], [2, 9, 11], [38, 8, 22, 32, 4], [0, 26, 31, 1, 11, 13, 5, 20, 50, 52, 3], [14, 20, 36, 4, 28], [10, 26, 31, 40, 7, 14, 6, 16, 19, 22, 28, 36, 2]]
[[11, 31, 21, 18], [14, 18, 2, 6, 12, 21, 24], [14, 2, 18, 15], [11, 20, 14, 36, 6], [7, 31, 10, 29, 15, 25, 13, 19], [14, 16, 10, 2], [5, 8, 20, 13, 15], [14, 27, 34, 44, 24, 21, 23]]
[[8, 27, 17, 6, 4, 9], [18, 6, 11, 8], [3, 14, 0], [6], [9, 0, 1, 5], [21, 4, 0, 10, 18, 6], [12, 5, 1], [13, 12, 4], [16, 19, 23, 25, 8, 9, 22, 30, 11, 13]]
[[3, 12, 17, 14, 7, 20, 13, 19, 18, 9], [7, 29, 39, 27, 31, 40, 0, 12, 15], [6, 16, 10, 2, 12, 21, 24, 0, 22, 11, 17, 18], [12, 24, 5, 19, 27, 29, 0, 3, 6], [14, 4, 6, 10, 12, 21, 24, 8, 22, 2, 18], [7, 10, 16], [2, 18, 6, 12, 22, 23]]
[[7, 2, 8], [10, 19, 7, 13, 23, 25, 8], [5], [], [2], [2, 5, 7], [5, 7], [5], [0, 2, 9], [10, 13, 16], [4, 5, 1], [0, 7], [0, 1, 7, 2], [5], [7, 10, 2]]
[[1, 4, 7], [10, 13, 7, 11], [12, 17, 20, 1, 5, 9], [1, 9, 11, 4], [11, 18, 26, 25, 4], [1, 10, 18, 7, 19, 6], [5, 7, 9, 12], [1, 5, 8, 11], [11, 14, 7, 3], [14, 0, 7, 12], [23, 15, 26], [19, 4, 0, 9]]
[[7, 11, 18, 14, 21, 29, 31, 4, 27, 3, 5, 8, 20, 22, 30, 6], [17, 11, 25, 0, 22, 1], [12, 6, 0, 4], [4, 15, 6, 11, 2, 10, 19]]
[[8, 2, 5, 14, 11, 1, 9, 10], [2, 20, 10, 15], [6, 14, 8, 16], [10, 4, 0, 12], [0, 6, 8, 14], [3, 7, 16, 5, 8, 13, 4, 12], [7, 18, 12, 16, 1, 10], [24, 7, 4, 6, 11, 16, 29, 0, 17], [0, 10, 1]]
[[20, 10, 15, 25, 28], [16, 41, 3, 18, 31, 20, 17, 13, 28, 33, 36], [10, 4, 14], [2, 17, 7, 4, 11], [10, 5, 2, 8], [12, 2, 5, 14, 25, 19, 26, 24], [6, 15, 18, 0, 3, 7, 13], [12, 3, 16, 9, 0]]
[[16, 8, 10, 14, 3, 2, 9], [13, 3, 14, 9, 20, 0], [10, 14, 5, 4, 7, 19, 6], [18, 21, 33, 5, 10, 24, 25, 6], [14, 23, 9, 12, 20, 3]]
[[11, 21, 13, 0, 4, 18, 17, 3], [5, 8], [25, 5, 7, 13, 16, 18, 0], [6, 1], [6, 8, 12, 0], [12, 2, 5, 8, 14], [1, 9, 3, 14, 13], [17, 19, 11, 1, 5, 9, 0], [4, 9, 1, 6], [17, 13, 19, 11], [11, 9, 20], [17, 20, 12, 9, 10, 25, 15], [15, 1, 5, 17, 14, 0, 3], [1], [9, 1, 6, 2], [3, 10], [12, 19, 2, 7]]
[[10, 7, 13, 15, 12, 1, 6], [2, 12, 19, 8, 15, 20], [13, 17, 0, 24, 6, 21, 33, 36, 38, 48, 51, 55, 1], [64, 68, 78, 76, 34, 11, 24, 7, 14, 20, 30, 48], [1, 5, 2, 6, 14]]
[[10, 18, 4, 5, 16, 0], [11, 13, 19, 24, 8, 16, 21], [23, 41, 5, 7, 3, 33, 0, 9, 12], [17, 22, 0, 4], [13, 20, 7, 10], [6, 13, 23, 11, 0, 8, 1]]
[[1, 12, 22, 31, 4, 14, 23], [1, 12, 9, 14, 13], [12, 22, 33, 36, 6, 14, 28, 8], [7, 10, 1], [5, 8, 3, 2, 9], [7, 9, 1], [8, 17, 2, 19, 11], [4, 14, 11, 0, 15], [9, 12, 19, 28, 14]]
[[28, 11, 20, 23], [8, 14, 33, 5, 10, 20], [0, 6, 11, 23], [27, 2, 18], [12, 1, 5, 7], [4, 8, 11, 15], [], [3]]
[[13, 16, 23, 5, 8, 10, 28, 3, 20, 29, 2, 27], [3, 14, 10, 2, 6], [9, 16, 11, 21, 2, 20], [10, 3, 19, 14, 0], [6, 20, 13, 16, 27, 24, 3, 14, 2], [29, 13, 4, 15, 9, 17, 20, 10], [25, 4, 13, 17, 2, 14, 18, 5]]
[[4, 8, 15, 11, 19], [19, 11, 13, 20, 16], [7, 27, 0, 4, 16, 21], [7, 1]]
[[4, 6], [12, 2, 14], [0], [16, 14], [20, 13, 23, 9], [20, 12, 4], [11, 20, 6, 14, 2], [13, 6, 15], [18, 28, 17, 14], [0, 14, 7], [], [17, 1], [20, 3, 16, 24, 27, 29]]
[[8, 5, 6, 1], [16, 4, 1, 2, 9], [0, 12, 4, 7, 1], [2, 7, 0, 8], [0, 10], [21, 26, 3, 1, 9, 18], [0, 9, 11]]
[[11, 6, 0, 4, 14, 13, 3], [18, 15, 0, 3, 8], [2, 6, 0, 3], [11, 14, 17, 5], [10, 6, 0, 3, 7], [14, 21, 0, 4, 7, 16], [2, 16, 8, 4, 18, 21], [3, 6], [5, 21, 16], [11, 19, 7, 13], [13, 2, 10, 21]]
[[0], [17, 4, 14, 23, 0, 8, 12, 3], [0, 5, 8, 25, 3, 18], [19, 2, 5, 12, 15, 25], [4, 17, 7, 12, 24, 2], [6], [6, 8, 2, 14, 19], [3, 18, 23, 8], [1, 15, 4, 11, 19]]
[[27, 11, 5, 22], [19, 0, 4, 6, 9], [17, 2, 11, 23, 0, 3], [23, 15, 2, 10, 19]]
[[10, 24, 9, 21, 3, 6, 14, 29, 39, 43, 0], [18, 2, 5, 9], [8, 17, 24, 0, 14, 22, 31, 16, 13, 3, 21, 30, 12, 18], [18, 0, 19, 3, 40, 8, 14, 22, 28, 34, 45, 48, 1, 6, 9], [16, 6, 0, 12, 21, 27, 37, 40, 1], [2, 5, 9, 13, 3], [33, 12, 2, 0, 1, 6, 9, 16, 18], [11, 28, 17, 2, 19, 8, 0], [6, 21, 11, 14, 16, 25, 28, 31, 33, 3]]
[[10, 45, 0, 5, 27, 37], [9, 1, 11], [15, 1, 4], [0], [7, 19], [9, 1, 12], [13, 15, 5, 17, 11], [4, 11, 13], [8, 1, 3], [2], [9, 13], [], [3]]
[[18, 31, 11, 6, 14, 20, 23, 27, 35, 43], [12, 19, 18, 4, 14], [1, 6, 9, 2], [8, 17, 30, 11, 35, 3, 13, 37], [19, 15, 16, 23, 5], [23, 28, 30, 31, 3, 21, 26], [16, 2, 25, 6, 12, 20, 0], [7], [0, 16, 10]]
[[1, 4, 7], [12, 5], [19, 1, 2], [9, 11], [13], [0], [8, 21]]
[[4, 12, 14, 19, 23, 17, 20, 24], [13, 3, 5, 10, 2, 9], [1, 8, 24, 6, 12], [10, 22, 2, 7, 12, 15, 18, 24], [17, 2, 5]]
[[3, 6, 14, 4], [15, 1, 4, 7, 10, 18, 24, 5, 16], [5, 2, 10, 13, 16, 19], [23, 14, 16, 4, 13, 7], [28, 0, 4, 7, 10, 21, 25]]
[[22, 0, 10, 17, 24, 7, 15, 6, 14, 18, 13], [4, 17, 26, 35, 76, 98, 19, 52, 84, 93, 23, 90, 82, 1], [12, 18], [23, 16, 3, 20, 25], [14, 0, 8], [2, 6, 13, 19, 15], [10, 23, 25, 29, 27, 0, 8, 16]]
[[12, 15, 0, 7, 13, 6, 11, 10], [10, 2, 7, 14, 16, 17, 0, 3], [17, 8, 7, 0, 10, 21, 1, 11, 15], [18, 5, 8], [9, 19, 28, 37, 14, 6], [17], [10, 22, 2, 7, 14, 28]]
[[16, 27, 4, 19, 34, 9, 21, 35, 12, 32, 8, 28, 20, 38, 37, 17, 31], [11, 13, 4, 20, 7, 15, 19, 3], [22, 17, 32, 21, 28, 29, 6, 3], [7, 1, 8, 4], [33, 37, 0, 2, 11, 19, 25, 30, 39, 48, 21, 44, 49, 13], [33, 1, 24, 5, 26, 30, 36, 21, 31, 34]]
[[12, 28, 7, 15, 9, 17, 13], [21, 32, 36, 16], [8], [7, 0, 8, 12, 21], [11, 1]]
[[14, 4, 10, 16, 2, 11], [0, 8, 10], [0, 11, 7], [18, 44, 21, 1, 12, 25, 30, 23, 31, 3, 15, 22, 7], [16, 7, 8, 18, 20, 3, 17], [12, 18, 6, 15, 20, 22], [22, 6, 10, 12, 8, 13, 2], [10, 16, 19, 22, 8, 26, 29], [2, 7, 30, 9, 13, 16, 18, 11], [10, 1, 14, 12], [10, 16, 4, 13, 14, 18, 20, 17], [8, 5, 18, 14], [11, 21, 17, 8, 9]]
[[15, 5, 4, 2, 16], [16, 6, 8, 10, 4], [8, 6], [12, 21, 6, 9, 0, 7, 10], [0, 4, 7, 16, 3, 21], [13, 15, 17, 0], [20, 15, 8, 28, 2, 6, 23, 5, 16], [0]]
[[20, 2, 7, 8, 11, 9, 4, 14], [7, 23, 17, 24, 0], [8, 16, 3, 6, 11], [11, 26, 18, 20, 2, 15]]
[[14, 24, 31, 4, 19, 1, 16, 8, 22, 28, 2], [12, 1, 5], [2, 15, 17], [3, 14, 24, 16, 18, 28, 0], [12, 5, 7], [4, 15, 2, 5, 0, 9, 11], [32, 13, 27, 30, 18, 31, 3, 15, 38]]
[[10, 3, 15, 21, 24, 26, 13, 27, 4], [2, 11, 17, 13], [31, 15, 27, 10, 18, 1, 17, 21], [11, 24, 1, 13], [7, 10, 12, 0, 6, 11, 5], [12, 25, 36, 26, 1, 14, 8, 17, 28], [17, 8, 19, 4], [10, 22, 12, 18, 24]]
[[0, 9, 2, 4, 10], [9, 7, 19], [8, 1, 4], [14, 6], [4, 0], [6, 4], [4, 3, 6, 10, 17], [15, 12, 0, 1, 18, 6], [1, 9, 12, 10, 13, 17], [4, 1, 6, 17, 7, 13]]
[[1, 21, 29, 13, 14, 4, 10], [4, 0], [6, 11, 3, 9], [2, 12, 7], [5, 16, 0, 11], [13, 10, 17, 11, 9, 1], [2, 1], [1, 5, 0, 16], [9, 7, 11, 5], [14, 21, 2, 25], [7, 20, 0, 5, 9, 3]]
[[15, 21, 17, 23, 24, 6], [9, 25, 2, 12, 5, 1], [16, 6, 11, 14, 2, 9, 1], [13, 0], [10, 19, 0, 16, 3, 15, 14, 18, 1], [7, 11], [15]]
[[2, 1], [12, 2], [3, 23, 16, 0], [17, 2, 3, 21], [14, 22, 11, 16, 18], [0, 14, 20, 1, 9, 18, 25]]
[[7, 18, 1, 5, 8, 11, 16], [4, 0, 12, 21, 1], [29, 2, 13, 20, 22, 0, 3, 7, 23, 12], [12, 19, 9, 14, 21, 3], [5, 24, 6, 17], [4, 18, 6], [], [3]]
[[11, 1, 2], [4, 1, 6, 7, 11], [19, 3, 1, 8, 11, 16], [9, 17, 3, 7, 21, 23, 4], [3, 1, 16, 9]]
[[15, 3, 22, 1, 4, 10, 16], [8, 13, 2, 18, 4, 9], [3, 12, 7, 17, 20], [6, 20, 11, 16, 0, 1, 4], [4, 15, 21, 8], [14, 26, 0, 28]]
[[9, 12, 15, 23, 25, 26, 20], [6, 20, 14, 9, 0, 4, 7], [10, 14, 21, 1], [18, 34, 9, 20, 2, 6], [14, 20, 17, 7, 0, 5], [18, 31, 34, 37, 25, 7, 11, 20, 42, 2, 5], [9, 1, 3]]
[[4, 25, 35, 15, 27], [9, 22, 6, 14, 19, 1], [30, 18, 6, 10]]
[[5, 21, 25, 2], [16, 3, 9, 5], [10, 6, 0], [12, 15, 7, 4, 17], [20, 33, 3, 10], [2, 0], [9, 13, 6, 18], [15, 8, 11], [20, 30, 3, 31, 10, 0, 15], [3, 0], [21, 11], [12, 3, 14], [0, 7, 1], [], [10, 3]]
[[7, 9, 12, 3, 10, 2, 8], [19, 14, 5, 7, 9], [7, 10, 1], [11, 24, 4, 0, 15, 20, 22], [8, 13, 20, 1, 15], [18, 30, 8, 2, 10, 23, 0, 12], [6, 1]]
[[0, 10, 12, 8, 6, 1, 11, 2], [3, 4, 2, 8, 9], [4, 10, 8, 13, 6, 17, 16], [26, 7, 8, 3, 6, 14], [33, 3, 10, 32, 7, 16, 20, 25, 0, 4], [18, 21, 6, 25, 5], [10, 11, 8, 14, 23, 2, 20, 24, 4], [25, 31, 33, 17, 10, 19, 14, 6, 12, 22, 29]]
[[4, 16, 18], [36, 33, 11, 0, 8, 13, 18, 21], [5, 26, 4, 6, 7, 8], [8, 0, 15, 12]]
[[13, 23, 19, 2, 20, 6, 1, 11, 10, 16], [24, 2, 3, 5, 11, 7], [19, 9, 11, 14, 21, 24, 27, 6, 12, 25], [2, 4, 9, 13], [0, 18, 6, 11, 1, 8, 2], [2, 11, 0, 12, 9, 4, 5], [36, 14, 4, 16, 21, 2, 17, 10, 19, 35]]
[[5, 8, 10], [9, 5, 15, 3, 2, 10], [11, 14, 18, 16, 9], [22, 10, 0, 8, 2, 15], [12, 20, 7, 6, 13], [26, 7, 16, 17, 27], [14, 21, 8], [17, 0, 2, 5, 14, 18]]
[[4, 12, 15, 6, 9], [5, 12, 17, 19, 7], [4, 13, 6], [20, 30, 34, 8, 25, 0, 4], [8, 12, 15, 26, 17, 19, 2]]
[[15, 28, 21, 23, 3, 17, 6], [25, 15, 5], [18, 7, 13, 9, 6, 0, 15], [3, 17, 0, 10, 21], [14, 5, 20, 0, 12, 24, 27], [14, 22, 7, 25, 27]]
[[17, 30, 19, 0, 3, 1, 12, 28, 31, 33, 21, 27, 20, 26], [2, 4, 12, 17, 0, 5], [1, 9, 3, 11, 12, 6], [30, 21, 26, 34, 23, 18, 20, 5], [18, 22, 35, 3, 7, 31, 5], [10, 30, 40, 46, 38, 43, 18, 36, 48]]
[[2, 5], [8, 3, 6], [14, 3, 12, 5, 19], [3], [8, 4, 11, 12], [12, 5, 0, 17], [13, 4, 2, 8], [18, 30, 5, 0, 24, 27, 3], [20, 26, 5, 15, 4], [19, 27, 11, 5, 20, 0]]
[[12, 14, 18, 0, 4, 9], [3, 19, 17, 1, 16, 6, 15, 2], [2, 4], [25, 0, 17, 30, 9], [2, 7], [2, 4, 6], [11, 3, 6, 8, 0, 14], [11, 6, 9, 0, 7], [5, 20, 16, 0], [4, 11, 13, 14], [9, 18, 4, 15, 21, 0], [29, 12, 14, 19, 22, 24, 16]]
[[], [13, 8, 10, 7, 0, 3, 2, 9], [11, 16, 20, 18, 2, 8, 14], [21, 2, 7, 4, 10, 14, 0, 5, 8, 3], [8, 27, 2, 23, 25, 16], [10, 30, 2, 22, 25, 0, 3, 8]]
[[8, 0, 3, 9], [13, 1, 2, 4], [4, 10, 2], [10, 4], [0, 2, 15], [6, 1], [2, 5, 6], [16, 31, 20]]
[[7, 9], [12, 3, 7, 9, 0, 5], [11, 6, 15, 3, 7], [4, 0, 9], [22, 0, 11, 20, 1, 6], [17, 8, 9, 19], [7, 20, 21, 12, 23, 1, 9, 24], [8, 2, 0, 9], [5, 11, 9, 2]]
