0.888052225112915
0.9999997019767761
0.9787337779998779
0.9999998211860657
0.9661254286766052
0.9999999403953552
0.865346372127533
0.9999997615814209
0.8968304991722107
0.9999998211860657
0.9087759852409363
1.000000238418579
0.9523462057113647
1.0000005960464478
0.9476646184921265
0.9999999403953552
0.9555389881134033
1.0
0.9581680297851562
1.0
0.9625205397605896
1.000000238418579
0.9668557643890381
1.0
0.9193699359893799
1.0000003576278687
0.9548565149307251
0.9999999403953552
0.9630853533744812
1.0
0.9371498227119446
1.000000238418579
0.9068713188171387
1.000000238418579
0.976580798625946
1.0000001192092896
0.9104869961738586
0.9999995827674866
0.9158750176429749
1.0000003576278687
0.9739172458648682
1.000000238418579
0.8513147830963135
1.0000003576278687
0.9521064162254333
0.9999997615814209
0.9109091758728027
0.9999998211860657
0.9641815423965454
1.0
0.9471858143806458
1.0
0.9649438858032227
1.000000238418579
0.9586687684059143
1.0000003576278687
0.9358382225036621
1.0000004768371582
0.9679248332977295
1.0000001192092896
0.9650416970252991
1.000000238418579
0.85357266664505
1.0000003576278687
0.9002779722213745
1.0000009536743164
0.9398864507675171
0.9999998807907104
0.8992174863815308
1.0000005960464478
0.9362970590591431
1.0
0.9145094752311707
1.000000238418579
0.9749667644500732
0.9999998807907104
0.9392125010490417
1.0000001192092896
0.8441770672798157
0.9999998211860657
0.8605465292930603
1.000000238418579
0.8731989860534668
1.0
0.9627105593681335
1.0
0.9746052622795105
1.0000001192092896
0.93980473279953
1.0000001192092896
0.9316370487213135
1.0000001192092896
0.976140558719635
0.999999463558197
0.9510297179222107
0.9999996423721313
0.9032996892929077
1.000000238418579
0.8867322206497192
0.9999999403953552
0.9704497456550598
0.9999999403953552
0.9297359585762024
0.9999998807907104
0.958425760269165
0.9999998211860657
0.9538825750350952
0.9999997019767761
0.9440425634384155
1.0000003576278687
0.9239872097969055
0.9999996423721313
0.8635945916175842
1.0000007152557373
0.8521840572357178
1.0000001192092896
0.9407195448875427
1.000000238418579
0.9695174694061279
1.0
0.9482768774032593
1.0
0.9410775303840637
0.9999997615814209
0.9284072518348694
1.0000001192092896
0.8307508230209351
0.9999994039535522
0.9733193516731262
1.0000001192092896
0.916632354259491
1.000000238418579
0.9272398352622986
1.0000005960464478
0.9255936145782471
1.0000001192092896
0.9360116124153137
1.0
0.9456472992897034
0.9999997615814209
0.9404816031455994
1.000000238418579
0.8206937313079834
1.0000003576278687
0.9192371964454651
1.0
0.9579126238822937
0.9999999403953552
0.9761029481887817
0.9999998807907104
0.8725985288619995
1.0000003576278687
0.9383849501609802
0.9999999403953552
0.8123950362205505
0.9999998211860657
0.952467679977417
1.0
0.899766206741333
0.9999998807907104
0.9723373651504517
0.9999993443489075
0.9614552855491638
0.9999998211860657
0.8417530059814453
1.0
0.9351890087127686
1.0000001192092896
0.9525439739227295
0.9999998807907104
0.9735054969787598
1.0000004768371582
0.9618281722068787
1.0000001192092896
0.9739593863487244
0.9999997019767761
0.9774009585380554
1.0000007152557373
0.9041348695755005
1.000000238418579
0.8506707549095154
0.9999999403953552
0.9579509496688843
1.0000003576278687
0.9386431574821472
1.000000238418579
0.9047794938087463
1.0000004768371582
0.9669632911682129
1.000000238418579
0.9729118943214417
1.0000001192092896
0.9222283959388733
1.0000001192092896
0.9558608531951904
0.9999999403953552
0.9014182090759277
1.0
0.9284716844558716
0.9999996423721313
