-0.8853733539581299
-0.6707263588905334
-0.8942936658859253
-0.7646048665046692
-0.830853283405304
-1.1524711847305298
-1.0214146375656128
-0.7347850799560547
-0.7760583758354187
-0.9248172044754028
-0.7437523007392883
-0.623428225517273
-1.127948522567749
-0.7402194142341614
-1.0514676570892334
-0.8150773048400879
-0.844643235206604
-0.8066524863243103
-0.9433099627494812
-0.7917651534080505
-0.6804497241973877
-0.7555122971534729
-0.8419631123542786
-0.7986463904380798
-0.7662184238433838
-0.7556654810905457
-0.9182769656181335
-0.8136380910873413
-0.8366250395774841
-1.463579773902893
-0.8698629140853882
-0.76845782995224
-0.851603627204895
-0.7170336246490479
-0.9964439272880554
-0.6950750946998596
-0.9095293283462524
-0.6933625340461731
-0.8831247687339783
-0.7496156096458435
-0.9723278880119324
-0.8143865466117859
-0.8668723702430725
-0.6077920198440552
-0.7447108626365662
-0.6955411434173584
-0.8018736243247986
-0.8076802492141724
-0.8486099243164062
-0.8669806122779846
-1.0822319984436035
-0.8539702892303467
-0.7964555025100708
-1.0366237163543701
-0.8947560787200928
-0.7865360379219055
-0.9096401929855347
-0.7247569561004639
-0.7977043986320496
-0.6264169216156006
-0.9454095363616943
-0.8286182880401611
-1.1118035316467285
-0.7436417937278748
-0.8106540441513062
-0.8735974431037903
-0.9122694730758667
-0.7038271427154541
-0.9220948219299316
-0.7911097407341003
-0.8158164024353027
-0.7848248481750488
-0.8758561015129089
-0.6737727522850037
-0.7821661829948425
-0.6654102802276611
-0.8994327783584595
-0.7322145700454712
-0.8590953350067139
-0.7474681735038757
-0.9160967469215393
-0.698215901851654
-0.9069933891296387
-0.5577563643455505
-0.7727498412132263
-0.6833466291427612
-1.0974249839782715
-1.041581153869629
-2.0032923221588135
-0.6718699336051941
-0.8730510473251343
-0.6612151265144348
-0.9610634446144104
-0.660685122013092
-0.953233003616333
-0.8496456146240234
-0.8105649948120117
-0.6800519227981567
-0.9096428155899048
-0.7643288969993591
-0.9066188335418701
-0.7826022505760193
-0.8556320667266846
-0.802328884601593
-0.9087414741516113
-0.6913099884986877
-0.9625846147537231
-0.7547672390937805
-0.9070897102355957
-0.8930788040161133
-0.8741656541824341
-0.6376109719276428
-0.9100074172019958
-0.6517133116722107
-0.9096127152442932
-0.7133921384811401
-0.8136019706726074
-0.6906285881996155
-0.8948326706886292
-1.1633129119873047
-0.829091489315033
-0.8148916363716125
-1.6420645713806152
-0.7654258608818054
-0.8845754265785217
-0.6683740019798279
-1.226041555404663
-0.8200274109840393
-0.9304818511009216
-0.6445537805557251
-0.8809564709663391
-0.9552338123321533
-0.8176748752593994
-0.7910864353179932
-0.7470875978469849
-0.6643581986427307
-0.9686204195022583
-0.6844926476478577
-0.848010241985321
-0.793929934501648
-0.8014155030250549
-0.596169114112854
-0.8102506995201111
-0.8918047547340393
-1.0446221828460693
-0.7401363253593445
-1.0786620378494263
-0.6761287450790405
-0.7448938488960266
-0.8139300346374512
-0.9215020537376404
-0.8078657984733582
-0.916548490524292
-0.6052584052085876
-0.7622093558311462
-0.6003933548927307
-0.7787815928459167
-0.794175922870636
-0.8980712890625
-0.7779329419136047
-0.8685562014579773
-0.7735695242881775
-0.8799086213111877
-0.7110373973846436
-0.8556122779846191
-0.8013098835945129
-0.8653961420059204
-0.6489074230194092
-0.7469003796577454
-0.7106166481971741
-0.8806700110435486
-0.7225925326347351
-0.772560179233551
-0.8258116841316223
-0.8911836743354797
-1.043013572692871
-0.9008086919784546
-0.6528145670890808
-0.8205680251121521
-0.6979208588600159
-0.9316811561584473
-0.7771610021591187
-0.9603920578956604
-0.7630462646484375
-1.049081802368164
-0.7675450444221497
-0.9620394706726074
-0.7898097038269043
-0.8982351422309875
-0.8090696930885315
-0.8862122297286987
-0.774107038974762
-0.9473453760147095
-0.6224474906921387
-0.888809323310852
-0.6333048939704895
-0.9094672799110413
-0.840572714805603
-0.9738189578056335
-0.871938943862915
