15.807687759399414
5.27313756942749
19.82155990600586
9.083830833435059
17.883703231811523
4.40232515335083
23.239774703979492
8.199450492858887
7.604862689971924
11.768281936645508
11.46573543548584
4.271791934967041
20.81694984436035
7.036632537841797
16.55355453491211
5.939448833465576
14.071828842163086
6.882976055145264
12.099851608276367
5.2746148109436035
6.5931477546691895
5.456963062286377
10.101444244384766
10.04714584350586
15.557162284851074
8.00291919708252
22.110448837280273
9.205674171447754
17.523502349853516
7.385084629058838
10.277570724487305
7.7320027351379395
14.974862098693848
7.5544209480285645
12.863591194152832
6.021953582763672
13.62830638885498
7.346081256866455
15.770397186279297
7.568047046661377
16.77833366394043
8.753710746765137
13.008441925048828
5.101667881011963
10.180410385131836
6.0546722412109375
9.554311752319336
6.234229564666748
13.49315357208252
5.915404796600342
11.385855674743652
11.367636680603027
11.372771263122559
21.997211456298828
12.933815956115723
5.626754283905029
11.289913177490234
5.337072372436523
16.0274715423584
5.6969685554504395
15.128787994384766
9.368969917297363
15.424683570861816
8.156473159790039
15.360453605651855
10.374799728393555
11.757120132446289
5.290431976318359
11.486513137817383
9.112351417541504
13.859724998474121
6.555988311767578
17.88047218322754
7.345505714416504
12.590286254882812
6.264431953430176
15.478927612304688
7.353120803833008
13.162348747253418
8.076190948486328
12.975181579589844
5.162937164306641
11.973479270935059
6.264814853668213
11.537165641784668
5.93048620223999
18.546430587768555
11.117968559265137
54.3773307800293
7.027519226074219
13.32432746887207
5.249897480010986
14.078140258789062
3.809418201446533
12.965322494506836
6.503917694091797
13.674406051635742
6.247176647186279
13.272514343261719
7.1079230308532715
16.374618530273438
6.30195426940918
13.215651512145996
8.419519424438477
16.68335723876953
8.130043029785156
15.300248146057129
7.793078899383545
13.216980934143066
6.906305313110352
17.262685775756836
6.080958843231201
14.026134490966797
4.714606761932373
15.91996955871582
5.166237831115723
14.681389808654785
6.858731269836426
12.698531150817871
12.077862739562988
17.59507179260254
7.94550085067749
714.0625
5.802504539489746
12.400477409362793
6.401979446411133
29.753000259399414
7.855184078216553
18.26854133605957
7.8326263427734375
8.961164474487305
7.11289119720459
16.788930892944336
6.382517337799072
6.932405471801758
5.0055365562438965
27.370542526245117
6.152987957000732
13.486197471618652
6.8978118896484375
14.623702049255371
5.021772861480713
11.217117309570312
6.9339752197265625
12.527430534362793
6.383627891540527
24.7379093170166
6.3044586181640625
12.57839298248291
8.575794219970703
10.344496726989746
7.58518648147583
14.199562072753906
5.233189582824707
7.093879699707031
5.046028137207031
12.476280212402344
6.181272029876709
10.934914588928223
6.811426162719727
16.474945068359375
7.48956823348999
13.062677383422852
4.4417924880981445
14.22221565246582
6.019235610961914
29.600399017333984
5.573942184448242
11.943439483642578
9.946581840515137
18.416244506835938
6.7962846755981445
10.026650428771973
7.172812461853027
17.55425453186035
6.38087272644043
11.917930603027344
5.840641975402832
12.525757789611816
7.643883228302002
14.870107650756836
7.799973011016846
17.643888473510742
6.628589630126953
12.53789234161377
13.389514923095703
9.608378410339355
6.846426010131836
17.3400821685791
7.989356994628906
9.372171401977539
6.620432376861572
8.319449424743652
5.4074931144714355
13.158769607543945
6.349366664886475
14.80630874633789
8.776145935058594
15.940210342407227
10.40189266204834
