0.9569857120513916
0.9999997019767761
0.9942285418510437
0.9999998211860657
0.9877923727035522
0.9999999403953552
0.9933376312255859
0.9999997615814209
0.9883060455322266
0.9999998211860657
0.9936272501945496
1.000000238418579
0.9959010481834412
1.0000005960464478
0.9940515160560608
0.9999999403953552
0.9983447194099426
1.0
0.9936217665672302
1.0
0.9976539611816406
1.000000238418579
0.9912711977958679
1.0
0.9855042099952698
1.0000003576278687
0.9839873313903809
0.9999999403953552
0.9909273982048035
1.0
0.9944648742675781
1.000000238418579
0.9301570653915405
1.000000238418579
0.9940937757492065
1.0000001192092896
0.9974629282951355
0.9999995827674866
0.9909417629241943
1.0000003576278687
0.9929527640342712
1.000000238418579
0.957577109336853
1.0000003576278687
0.9974921345710754
0.9999997615814209
0.990973949432373
0.9999998211860657
0.9900475740432739
1.0
0.9924468994140625
1.0
0.9945099949836731
1.000000238418579
0.9845935106277466
1.0000003576278687
0.978814423084259
1.0000004768371582
0.9957165718078613
1.0000001192092896
0.9916048645973206
1.000000238418579
0.982754647731781
1.0000003576278687
0.9789248108863831
1.0000009536743164
0.9945067763328552
0.9999998807907104
0.9906036257743835
1.0000005960464478
0.9940813779830933
1.0
0.9777736067771912
1.000000238418579
0.9907155632972717
0.9999998807907104
0.9726372957229614
1.0000001192092896
0.9885329604148865
0.9999998211860657
0.9948890805244446
1.000000238418579
0.9885830283164978
1.0
0.9926609396934509
1.0
0.9918693900108337
1.0000001192092896
0.9776930809020996
1.0000001192092896
0.9912466406822205
1.0000001192092896
0.99468594789505
0.999999463558197
0.9934701323509216
0.9999996423721313
0.9956280589103699
1.000000238418579
0.9954640865325928
0.9999999403953552
0.9968401193618774
0.9999999403953552
0.9827903509140015
0.9999998807907104
0.9921729564666748
0.9999998211860657
0.9861379265785217
0.9999997019767761
0.9762822985649109
1.0000003576278687
0.993843138217926
0.9999996423721313
0.9623449444770813
1.0000007152557373
0.9901009798049927
1.0000001192092896
0.9861825108528137
1.000000238418579
0.9938806891441345
1.0
0.9876496195793152
0.9999998211860657
0.9652013778686523
0.9999997615814209
0.9872022867202759
1.0000001192092896
0.9645987153053284
0.9999994039535522
0.9954155087471008
1.0000001192092896
0.9816644787788391
1.000000238418579
0.9691693782806396
1.0000005960464478
0.996440052986145
1.0000001192092896
0.9715200662612915
1.0
0.9919409155845642
0.9999997615814209
0.9868035912513733
1.000000238418579
0.9965486526489258
1.0000003576278687
0.984605610370636
1.0
0.9842228889465332
0.9999999403953552
0.9972960352897644
0.9999998807907104
0.9835337400436401
1.0000003576278687
0.9919434785842896
0.9999999403953552
0.994366466999054
0.9999998211860657
0.9901183843612671
1.0
0.9881905317306519
0.9999998807907104
0.9900451898574829
0.999999463558197
0.9876131415367126
0.9999998211860657
0.9937044382095337
1.0
0.992374062538147
1.0000001192092896
0.9966499209403992
0.9999998807907104
0.9900999665260315
1.0000004768371582
0.9865084886550903
1.0000001192092896
0.9971342086791992
0.9999997019767761
0.9947468042373657
1.0000007152557373
0.9710926413536072
1.000000238418579
0.9786103367805481
0.9999999403953552
0.9791439771652222
1.0000003576278687
0.989712655544281
1.000000238418579
0.983543872833252
1.0000004768371582
0.9789350628852844
1.000000238418579
0.9914339780807495
1.0000001192092896
0.9973510503768921
1.0000001192092896
0.9973052740097046
0.9999999403953552
0.9936511516571045
1.0
0.9819458723068237
0.9999996423721313
