0.8862549066543579
0.9999998211860657
0.9601274728775024
0.9999997019767761
0.9566529393196106
0.9999998807907104
0.8980070352554321
1.0000004768371582
0.9480973482131958
1.000000238418579
0.8988748788833618
0.9999998211860657
0.9422938227653503
1.0
0.9280606508255005
1.0000001192092896
0.8961668014526367
1.000000238418579
0.9779747724533081
0.9999998807907104
0.9568784832954407
1.000000238418579
0.9624703526496887
0.9999998807907104
0.9513431191444397
1.0
0.9033812880516052
0.9999999403953552
0.9500638246536255
1.0000001192092896
0.9201560616493225
0.9999999403953552
0.9334875345230103
1.000000238418579
0.9592740535736084
1.0
0.8633010387420654
1.000000238418579
0.9126707315444946
0.9999998807907104
0.9856356382369995
1.000000238418579
0.8549190759658813
0.9999996423721313
0.979601263999939
1.0
0.9744504690170288
1.0000004768371582
0.9355326890945435
0.9999997615814209
0.9401072859764099
1.0000003576278687
0.9490509033203125
1.000000238418579
0.9363622069358826
0.9999998807907104
0.9311865568161011
1.000000238418579
0.9782922267913818
1.0
0.9100273251533508
1.0000001192092896
0.8633065819740295
1.0
0.9341256022453308
1.000000238418579
0.9502276182174683
1.0
0.8936933279037476
1.0000001192092896
0.959101676940918
0.9999998807907104
0.9025291204452515
1.0000004768371582
0.9755066633224487
1.0000001192092896
0.9447256326675415
1.0000001192092896
0.808769941329956
1.0000001192092896
0.9249725341796875
1.0000001192092896
0.7658317685127258
1.000000238418579
0.9699543714523315
1.000000238418579
0.9782867431640625
0.9999999403953552
0.9553589820861816
1.0000001192092896
0.9023630619049072
1.0000001192092896
0.9781068563461304
0.9999997019767761
0.9381756782531738
1.000000238418579
0.908539891242981
1.0
0.8745157718658447
1.0
0.9783384799957275
0.9999998807907104
0.9094047546386719
0.9999998807907104
0.9432569742202759
0.9999998807907104
0.9659843444824219
1.0000001192092896
0.9685668349266052
1.0000001192092896
0.9029040932655334
0.9999998807907104
0.8979551792144775
0.9999998807907104
0.9058650135993958
1.000000238418579
0.9363280534744263
0.9999997615814209
0.9741055965423584
1.0000004768371582
0.9600239396095276
1.0000003576278687
0.95435631275177
0.9999996423721313
0.8633835911750793
1.0000001192092896
0.8194682598114014
0.9999999403953552
0.9373524188995361
0.9999996423721313
0.8564721345901489
0.9999997019767761
0.9523983001708984
0.9999997019767761
0.9247866868972778
1.0
0.9738333821296692
0.9999998211860657
0.9732722043991089
1.000000238418579
0.8709060549736023
0.9999998807907104
0.9163116216659546
1.0000001192092896
0.9515674114227295
0.9999999403953552
0.9681415557861328
1.000000238418579
0.9829361438751221
0.9999998211860657
0.8937188982963562
0.9999998807907104
0.925129771232605
1.0000004768371582
0.9051336050033569
1.0
0.9109537601470947
1.0000004768371582
0.9304864406585693
0.9999998807907104
0.9162578582763672
1.0
0.9461661577224731
1.0000003576278687
0.8459354639053345
0.9999998807907104
0.927033007144928
1.0000003576278687
0.9465441703796387
1.0000001192092896
0.9645665884017944
1.0
0.9769086241722107
1.0000001192092896
0.9508766531944275
0.9999997615814209
0.9916120767593384
1.000000238418579
0.8430402278900146
1.0
0.8921092748641968
0.9999997615814209
0.9748501777648926
1.0000001192092896
0.8970100283622742
1.0000004768371582
0.9749640822410583
0.9999999403953552
0.9782336354255676
0.9999998807907104
0.9290546178817749
1.0000005960464478
0.9559234380722046
1.0000001192092896
0.9309986233711243
0.9999998807907104
0.9635471701622009
1.0000001192092896
0.9450026750564575
1.0000001192092896
