0.7863788235205028
1
0.7560372967167097
1
0.8109732003875013
1
0.819833856619571
1
0.6917509299417017
1
0.9109634046883818
1
0.8544597345132744
1
0.871238274274012
1
0.8652291952446273
1
0.8830571428571429
1
0.8417726624255668
1
0.7715747437979423
1
0.7957647659140197
1
0.8355568026675068
1
0.8230876374487981
1
0.8734720259005733
1
0.8250850357943108
1
0.802891985962309
1
0.9396449704142013
1
0.8511673094151933
1
0.8717105263157895
1
0.7650257605545212
1
0.8476852196113426
1
0.8109481004793879
1
0.9124847180791238
1
0.7936816236744009
1
0.8809531907175006
1
0.8210512255273829
1
0.7846964104654911
1
0.793292464349863
1
0.8108610773251904
1
0.8469932022109856
1
0.8501516120563739
1
0.9381832470414201
1
0.8907507139544785
1
0.9056600675548884
1
0.8109224152298886
1
0.8926257654538837
1
0.8556227242753941
1
0.868064992993646
1
0.8147113594040968
1
0.9308329890812068
1
0.8185409294808293
1
0.8217787874518644
1
0.7668240850059032
1
0.8478112349186143
1
0.7757963992729018
1
0.849820619077656
1
0.8687158883612381
1
0.7999805239069043
1
0.8114513227130672
1
0.8194970421986028
1
0.8752260636869347
1
0.7251573586145399
1
0.8420118343195266
1
0.8673474069557348
1
0.828226413515232
1
0.8048201628331699
1
0.8442120412790968
1
0.8920687735658759
1
0.870297717328563
1
0.8241501072052084
1
0.911893849759512
1
0.8792223645241336
1
0.8090554814890781
1
0.8813842805244921
1
0.7645746063804019
1
0.9002503939191264
1
0.6974970350465102
1
0.8301757491024297
1
0.8156395317971104
1
0.8654091390209222
1
0.8371808650425383
1
0.806712962962963
1
0.7961682891305624
1
0.8105482794380544
1
0.8450597386339072
1
0.8626835609979853
1
0.8359582647536075
1
0.8712735745373016
1
0.8311167163494613
1
0.6798223926128418
1
0.8823991134915504
1
0.816735711840607
1
0.8434298214071676
1
0.7856656072323541
1
0.7559600263028243
1
0.8021925766652366
1
0.8459683089728546
1
0.8436747042518884
1
0.9096037991270364
1
0.8145718270806672
1
0.7622486413198368
1
0.8640846680644174
1
0.8230713110060601
1
0.8315875463342051
1
0.8785840220385674
1
0.7980391053033888
1
0.7886037103728857
1
0.8570504431463928
1
