-1.3463795185089111
-0.6707263588905334
-1.6196885108947754
-0.7646048665046692
-1.561267614364624
-1.1524690389633179
-1.4931281805038452
-0.7347850203514099
-1.177746295928955
-0.9248173236846924
-1.0689022541046143
-0.6234281659126282
-1.4320220947265625
-0.7402194142341614
-1.3516387939453125
-0.8150773048400879
-1.3198288679122925
-0.8066524863243103
-1.122378945350647
-0.7917651534080505
-0.8545991778373718
-0.7555122971534729
-1.164506196975708
-0.7986463904380798
-1.2366758584976196
-0.7556654810905457
-1.4172471761703491
-0.8136380910873413
-1.4287163019180298
-1.463579773902893
-1.1948814392089844
-0.76845782995224
-1.0288009643554688
-0.7170336246490479
-1.4706554412841797
-0.6950750946998596
-1.1961274147033691
-0.6933626532554626
-1.6368381977081299
-0.7496157288551331
-1.2685096263885498
-0.8143865466117859
-1.6115580797195435
-0.6077920794487
-1.2096961736679077
-0.6955411434173584
-1.226659893989563
-0.8076802492141724
-1.1582129001617432
-0.8669806122779846
-1.3881943225860596
-0.8539702892303467
-1.1153037548065186
-1.0366235971450806
-1.4146013259887695
-0.7865360379219055
-1.3076022863388062
-0.7247569561004639
-1.3609352111816406
-0.6264169216156006
-1.346413016319275
-0.8286182880401611
-1.4774836301803589
-0.7436417937278748
-1.255432367324829
-0.8735974431037903
-1.1331170797348022
-0.7038271427154541
-1.006998896598816
-0.7911097407341003
-0.9883012175559998
-0.7848252058029175
-1.418867826461792
-0.6737727522850037
-1.3004249334335327
-0.6654102802276611
-1.6433601379394531
-0.732214629650116
-1.3681334257125854
-0.7474681735038757
-1.4135938882827759
-0.698215901851654
-1.4135572910308838
-0.5577563643455505
-1.2354917526245117
-0.6833466291427612
-1.8716202974319458
-1.041581153869629
-2.108084201812744
-0.6718699336051941
-1.3099201917648315
-0.6612151265144348
-1.4699233770370483
-0.660685122013092
-1.4977514743804932
-0.8496456146240234
-1.2031757831573486
-0.6800519227981567
-1.6464282274246216
-0.7643288969993591
-1.3241286277770996
-0.7826022505760193
-1.3527569770812988
-0.802328884601593
-1.333473801612854
-0.6913099884986877
-1.5026339292526245
-0.7547672390937805
-1.259705662727356
-0.8930788040161133
-1.3514807224273682
-0.6376109719276428
-1.3732720613479614
-0.6517133116722107
-1.340899109840393
-0.7133921384811401
-1.3428136110305786
-0.6906285881996155
-1.3577289581298828
-1.1633127927780151
-1.2695462703704834
-0.8148916363716125
-1.8807059526443481
-0.7654258608818054
-1.2730454206466675
-0.6683740019798279
-1.7121082544326782
-0.8200274109840393
-1.7126890420913696
-0.6445537805557251
-1.3203580379486084
-0.9552338123321533
-1.6432836055755615
-0.7910864353179932
-1.121830940246582
-0.6643581986427307
-1.7103601694107056
-0.6844926476478577
-1.4736013412475586
-0.793929934501648
-1.283928632736206
-0.596169114112854
-1.2256357669830322
-0.8918047547340393
-1.5097771883010864
-0.7401363253593445
-1.7916744947433472
-0.6761287450790405
-1.1770365238189697
-0.8139300346374512
-1.2185988426208496
-0.8078657984733582
-1.6555265188217163
-0.6052584052085876
-1.170074224472046
-0.6003933548927307
-1.1480076313018799
-0.794175922870636
-1.233934998512268
-0.7779329419136047
-1.5481292009353638
-0.7735695242881775
-1.4207185506820679
-0.7110373973846436
-1.3588777780532837
-0.8013098835945129
-1.6897344589233398
-0.6489074230194092
-1.201664686203003
-0.7106166481971741
-1.561938762664795
-0.7225925326347351
-1.3658009767532349
-0.8258116841316223
-1.4636527299880981
-1.043013572692871
-1.1727521419525146
-0.6528145670890808
-1.4631582498550415
-0.6979208588600159
-1.363430380821228
-0.7771610021591187
-1.5178316831588745
-0.7630462646484375
-1.425144076347351
-0.7675450444221497
-1.3910138607025146
-0.7898098230361938
-1.7372299432754517
-0.8090696930885315
-1.2503993511199951
-0.774107038974762
-1.0805065631866455
-0.6224474906921387
-1.2845580577850342
-0.6333049535751343
-1.2751837968826294
-0.840572714805603
-1.3618959188461304
-0.871938943862915
