[[17, 13, 2, 9, 19, 21, 3, 14, 8, 18, 7, 16], [16, 2, 4, 12, 20, 3, 19, 22, 0, 17, 18, 21], [3, 16, 5, 8, 13, 0, 6], [18, 11, 0, 3, 15, 13, 12, 20, 1], [33, 8, 17, 26], [20, 23, 12, 8, 26, 30, 0, 13, 21, 27, 31, 11], [40, 7, 13, 14, 0, 18, 27, 34, 37, 3], [1], [3]]
[[7, 3, 10, 11, 4, 5], [13, 23, 8, 18, 0, 10, 21, 1, 9, 19], [18, 3, 10, 24, 0, 20, 26, 6, 11, 25, 12, 15, 23], [2, 9, 21, 15, 5, 10, 25], [5, 10, 11, 7, 0, 6], [9, 16, 6, 1, 13, 18, 20, 24, 2, 14, 21, 5], [7, 21, 9, 16, 18, 5, 3, 10, 17, 0, 12, 15], [19, 16, 5, 21, 8, 11, 26, 12, 23, 22, 29, 7, 0], [9, 25, 0, 11, 20, 22, 7, 15, 3, 12], [21, 2, 6, 13, 25, 18, 28, 8, 29, 7]]
[[20, 14, 0, 18, 1, 7, 16], [2, 4, 0], [16, 21, 22, 3, 13, 6, 19, 5, 18, 24, 0, 14, 17, 23], [20, 10, 19, 11], [7, 4, 10, 18, 2, 8], [10, 23, 25, 7, 17, 20, 18, 21, 26, 4, 14, 24, 11, 27, 28, 8, 15], [17, 9, 2, 6, 12, 13, 24, 26, 29, 3, 14, 18], [18, 7, 15, 22, 4, 12, 24, 2, 13]]
[[20, 26, 7, 11, 0, 14, 17, 1, 4, 9], [22, 17, 15, 12, 6, 19, 28, 0, 7], [4, 17, 19, 6, 0, 7, 10, 20, 23, 9], [10, 23, 5, 13, 20, 0, 7, 14, 18], [17, 35, 20, 8, 12, 13, 26, 30, 32, 37, 0, 5, 9, 14, 21, 33, 29, 4], [13, 20, 2, 9, 16, 0, 5, 10, 17], [10, 15, 26, 2, 5, 11, 23, 27, 19]]
[[9, 7, 11, 13], [8, 10, 6], [9, 0, 19, 4, 5, 10, 15], [11, 8, 16, 19, 10, 13, 5], [21, 2, 14, 4, 22, 9, 27], [26, 3, 24, 11, 20, 0, 2, 6, 18, 25], [10, 25, 11, 14, 16, 0, 15, 20, 3], [9, 13, 5, 11, 16, 1], [13, 18, 19, 23]]
[[15, 12, 17, 0, 4, 18, 3, 8, 9, 7], [2, 9, 3, 1], [30, 11, 28, 7, 17, 24, 5], [32, 12, 29, 8, 18, 25, 34], [3, 14, 18, 1, 0, 12], [28, 39, 12, 33, 41, 7], [10, 2, 8, 7, 6, 20]]
[[19, 11, 0, 5, 16, 22, 14, 13, 12], [5, 7, 9, 11, 2, 6], [18, 33, 10, 16, 22, 29, 31, 0, 3, 35, 7, 20, 26], [9, 17, 14, 16], [11, 1, 6, 2], [5, 11, 3, 9, 13, 8], [27, 23, 37, 25, 19, 5, 12, 16, 33, 40]]
[[7, 12, 19, 21, 23, 3, 9, 14, 24, 2], [6, 1, 4], [10, 1, 6, 14, 21, 4, 7], [8, 2, 6, 11, 14, 4], [1, 6, 9], [11, 3, 9, 14, 5, 16], [21, 3, 10, 19, 5, 1, 4], [9, 27, 6, 15, 20, 22, 24, 0, 3, 7], [4, 8, 9, 13]]
[[9, 6, 0, 12, 11, 3], [16, 0, 26, 29, 5, 9, 23, 27, 8, 22, 15, 19, 14, 18, 6, 10, 20, 24], [3, 7, 18, 21, 26, 0, 14, 19, 27, 5, 4, 10], [37, 49, 61, 73, 85, 6, 15], [1, 7, 12], [4, 0, 5], [21, 14, 11, 16, 26, 5, 9, 17, 22, 27]]
[[22, 3, 6, 11, 4, 7], [10, 8, 7, 14], [12, 2, 14, 22, 8, 25, 0], [4, 21, 17, 5], [14, 18, 7, 4, 9, 11, 23]]
[[18, 23, 26, 13, 19, 33, 2, 10, 30, 37, 0, 8], [2, 3, 6, 17, 4, 7, 11], [4, 0, 7, 33, 35, 2, 8, 16, 19, 31, 18, 12, 30], [3, 17, 20, 29, 6, 9, 22, 35, 38, 46, 1, 7], [13, 11, 3, 0], [15, 4, 12, 0], [17, 11, 9, 1, 6, 13, 25], [31, 2, 4, 18, 13, 23, 26]]
[[6, 16, 21, 32, 19, 26, 0, 3, 13, 29, 1, 14], [7, 12, 24, 29, 10, 17, 4, 19, 5], [7, 12, 22, 26, 31, 10, 17], [25, 32, 44, 47, 16, 39, 13, 14, 36], [20], [25, 3, 6, 11, 19, 22, 4, 0, 12]]
[[5, 12, 14, 3, 11, 2], [24, 7, 15, 23, 18, 8, 26, 22, 2, 25], [10, 1, 6, 11], [21, 3, 0, 6, 11, 19, 23, 17, 22], [15, 5, 17, 12, 21, 2]]
[[13, 7, 2, 12], [6, 19, 13, 20, 15, 4], [2, 11, 21, 14, 5, 9, 16, 19, 8, 13, 22], [6], [6, 0, 3, 8, 13, 7], [16, 2, 19, 4, 6, 10, 28, 31, 0], [14, 11, 17, 0, 5, 9, 18, 4, 8], [25, 7, 6, 0, 14, 19, 22, 28, 1, 4, 12, 15], [17, 2, 12, 0, 4, 10, 13], [6, 19, 26, 16, 10, 8, 14, 28, 3, 17, 0, 1, 24]]
[[9, 13, 4, 15], [4, 0, 8, 10], [13, 5, 1, 11, 8, 2], [19, 4, 11], [24, 15, 19, 1, 17, 22], [15, 10, 25, 12, 24, 17, 21], [3, 9, 14, 29, 35, 11, 19, 16, 21, 25, 26, 4, 12, 20, 0, 18]]
[[8, 0, 4, 3, 14, 9, 17, 18, 11, 7], [6, 27, 31, 51, 4, 16, 21, 35, 39, 48, 2, 13, 17, 22, 36, 40, 44, 49], [12, 16, 1, 5, 8, 2, 6], [18, 29, 10, 16, 21, 26, 7, 11, 1, 4, 22, 6, 0], [13, 21, 7, 0, 9, 16, 25, 27, 2], [20, 13, 7, 11, 5, 3, 10, 19, 16, 0]]
[[2, 7, 19, 16, 23, 3], [7, 16, 21, 30, 2, 4, 8, 26, 14, 18], [6, 15, 2, 4, 12, 9, 3], [17, 26, 6, 4, 30, 11, 13]]
[[14, 9, 12], [18, 1, 3, 6, 10, 21, 4, 11, 14, 19], [7, 11, 16, 19, 1, 8], [4, 10, 0, 8, 7, 3], [6, 2, 0, 3], [6], [12, 6, 8, 2, 15, 0, 3, 9, 13], [8, 10, 2, 5], [29, 7, 16, 11, 18, 5]]
[[15, 8, 12, 3, 10, 16, 2], [9, 1, 3, 2], [26, 32, 30, 11, 15, 20, 27], [10, 15, 8, 17, 1, 2]]
[[11, 2, 8], [10, 12, 7, 15, 18, 2], [17, 6, 8, 2], [5, 3, 9], [16, 15, 7], [8], [9, 0, 4, 11], [21, 0, 16, 3, 18, 24, 27], [14, 22, 2, 6, 9, 20, 0, 3, 7], [2, 5, 8, 13, 0, 6], [21, 11, 23, 6], [0, 13, 2, 5, 10, 16]]
[[14, 5, 8, 17], [1, 4, 6], [8], [2, 6, 17, 19], [18, 6, 0, 8, 15, 1, 9, 7, 5], [10, 28, 20, 9, 27, 0, 35, 3, 13, 17], [6, 0, 8, 13, 9, 7], [10, 30, 22, 9, 29, 0, 19, 39, 3, 13, 17, 23, 33, 37, 31], [13, 4, 16, 5, 9, 15], [20, 10, 15]]
[[5, 8, 16, 6, 0, 4, 12], [7, 9, 2], [6, 8, 11, 2], [3, 13, 18, 5, 8, 23], [15, 22, 26, 2, 9, 10, 5], [3, 8, 5], [7, 2, 17, 3], [1, 3, 6, 8], [5, 1, 4], [1], [3]]
[[16, 9, 6, 23, 0, 4, 13, 19, 21, 24], [1, 4, 10, 15, 3, 9, 18], [17], [9, 4, 17, 21, 23, 2], [6, 4, 7], [5, 7, 1], [4, 14, 16, 2], [3], [11, 2, 8, 14, 17, 0], [19, 15, 18, 4, 13, 26, 2], [3], [11, 2, 8, 14], [16, 6, 2, 15, 8, 11], [11, 3, 8, 13, 0, 5, 14], [7, 1, 3], [3]]
[[16, 5, 10, 3, 2, 9], [17, 8, 6, 15, 0, 4, 10, 3, 12], [8, 14, 16, 12, 3, 0, 11], [2, 5, 10, 7], [13, 1, 4, 17, 19, 15, 20], [26, 3, 5, 8, 11, 17, 24, 18, 22, 21, 4, 14, 16], [11, 21, 3, 15, 5, 19, 17, 4, 16, 14], [9, 13, 21, 2, 5, 19, 15, 12, 10, 0], [6, 12, 8]]
[[10, 7, 12, 3], [7, 12, 20, 15, 1, 22, 5, 18, 16, 10], [9, 33, 3, 27, 20, 29, 0], [1, 9, 4, 11, 14, 12], [8, 15, 10, 3], [13, 18, 15, 23, 4, 9, 11, 2, 6, 1], [11, 5, 14, 2, 4, 0, 6], [0, 9, 15, 11, 18, 1]]
[[9, 2, 15, 24, 11, 19, 29], [9, 13, 2, 11], [31, 2, 22, 19, 20, 26, 5], [8, 0, 2, 10, 1, 3], [2, 8, 11, 0, 9, 3], [11, 15, 20, 6, 2, 18, 22], [9, 1, 3, 11, 6, 5], [0]]
[[7, 9, 0, 3, 8, 2, 4, 5], [0, 19, 27, 15, 9, 23, 5, 16, 7, 14, 1, 21, 4, 2, 20, 22], [9, 23, 31, 4, 16, 19, 2], [12, 7, 4, 1], [10, 17, 5, 8, 14, 20]]
[[21, 2, 19, 7, 8, 10, 14], [7, 19, 27, 3], [17, 2, 0, 3, 7, 12, 20], [9, 4, 13, 5], [10, 14, 1, 17, 24, 25], [14, 25, 5, 12], [13, 35, 2, 8, 6, 10, 19, 24, 26]]
[[16, 8, 3, 13, 0, 6, 14], [12, 2, 5, 14, 7, 9, 22], [17, 20, 2, 6, 11, 12, 5, 10, 14, 18, 19, 21], [2, 3, 5, 20, 14, 7, 11], [2, 6, 11, 0, 12, 17, 22, 27, 5, 10, 19, 16, 21], [9, 2, 3], [13, 23, 0, 25, 1, 26, 3, 16, 10, 5], [8, 12, 5, 15, 20, 6], [9, 17, 6, 0, 13, 1]]
[[8, 2, 10, 14, 13, 1], [22, 3, 16, 19, 0, 5, 8], [4, 0, 1, 6], [6, 10, 0, 3, 7, 2], [3, 5, 1], [5, 7, 2, 8], [2, 4, 6, 9, 12, 14, 0], [12, 0, 5, 14], [3, 6, 0, 7], [9, 17, 2, 5, 14, 0, 10], [2, 7, 0, 5, 8, 4, 12], [0, 5, 8, 15, 18, 1, 6, 9, 16, 19], [4, 2, 5], [7, 2, 8, 12], [6, 11, 1], [24, 31, 10, 19, 22, 7, 11, 16, 20, 26, 3, 13, 0], [6, 15, 2, 9, 12, 26, 0]]
[[6, 17, 15, 10, 20, 19, 9, 16, 14], [12, 24, 15, 0, 16, 20, 25], [13, 17, 3], [0, 11, 7, 1], [5], [21, 25, 12, 1, 4, 8, 31, 9, 32, 7, 29, 14], [13, 16, 21, 3, 1, 7, 19, 5, 4], [0, 18, 4, 10, 12, 21, 13, 7, 1], [13, 6, 14], [9, 0, 7, 12, 1, 14]]
[[4, 11, 21, 18, 17, 14, 15, 16, 10], [14, 0, 11, 9, 18, 17, 4, 8, 7, 19, 1, 15], [18, 2, 7, 5, 10, 14, 0, 11, 4, 6, 8], [5, 15, 35, 29, 6, 17, 9, 12, 39, 3, 10, 27, 32, 40, 31, 2, 1, 7], [12, 23, 3, 10, 17, 18, 21, 26, 4, 0, 6, 19, 13]]
[[6, 1, 3, 12], [21, 3, 1, 18, 8, 11], [18, 27, 13, 11, 4, 28, 9, 16, 25, 32], [18, 5, 19, 0, 8, 16, 3], [13, 6, 0, 8, 19, 1]]
[[2, 18, 16, 15, 20, 8, 10, 7, 12, 17, 19, 13], [9, 2, 5, 1, 7, 10, 11], [35, 20, 13, 26, 27, 19, 39, 6, 8, 16, 14, 17, 37], [27, 38, 28, 3, 19, 31, 0, 7, 11, 13, 41, 4, 24, 36, 30, 9, 18, 32, 23], [8, 16, 5, 13, 18, 6], [0], [3]]
[[10, 12, 0, 3, 13, 2], [13, 15, 8, 10], [2, 3, 9], [0, 10, 1, 8, 11, 16], [13, 6, 0, 10, 21, 1, 11], [2, 0, 3], [0, 6, 9, 16, 24, 1, 7, 10, 13, 23, 12, 5], [13, 0, 11, 1, 8, 14, 7], [9, 0, 1], [20, 2, 5, 16, 17, 9], [15, 18, 3, 13, 6, 9, 7, 10, 16], [22, 13, 5, 15]]
[[27, 3, 15, 24, 32, 35, 0, 5, 13, 19, 33, 36], [2, 6, 12], [11, 20, 3, 5, 17, 26], [9, 2, 16, 0], [18, 11, 0, 3, 23, 25, 28, 1, 4, 8, 14, 29, 13], [5, 12, 10, 2, 14, 0, 7], [13, 18, 22, 16, 19, 1, 6, 9, 23, 5]]
[[16, 3, 4, 2, 9, 0, 13], [1, 2, 5, 9, 4, 8], [12, 27, 3, 16], [21], [14, 6, 0], [14, 19, 18, 5, 8, 11], [22, 43, 0, 4, 21, 12, 27, 28, 39]]
[[19, 31, 0, 3, 24, 27, 1, 4, 21, 25, 28, 20, 14, 32, 18, 13], [27, 36, 0, 10, 24, 30, 33, 4, 11, 15, 25, 31], [7, 11, 1], [13, 8, 21, 2, 6, 11, 18, 22, 1, 10], [10, 1, 7], [8, 22, 7, 24, 0, 10, 14], [13, 11, 9], [8, 2, 12, 10, 13, 3]]
[[6, 5, 12, 8], [9, 6, 17], [10, 12, 1, 3], [5, 0, 13, 3, 2, 1], [3, 9, 13, 18, 14, 6, 0, 11, 1], [1, 14, 4, 16, 3, 9], [10, 1, 0, 2, 11, 12], [15, 8, 11, 1, 0, 16], [7, 12, 15], [16, 5, 17, 8, 13, 20], [2, 3, 4, 0], [7, 10, 5, 4, 0, 2], [10, 15, 5, 6]]
[[9, 21, 0, 13, 16, 1, 5, 11, 8], [14, 12, 2, 11, 7, 15], [7, 19, 29, 11], [12, 16, 19, 0, 9, 3, 6, 10, 23, 5, 20, 13], [0, 5, 10, 19, 13, 7, 15, 11, 16, 20, 1, 2], [15, 4, 10], [24, 5, 9, 20, 25, 2, 7, 29, 32, 22, 30, 15, 11]]
[[11, 15, 13, 9, 21, 7, 16, 22, 6, 14], [10, 6, 8, 0], [7, 21, 10, 0], [8, 23, 10, 14, 6, 11, 15, 21, 0, 4], [27, 22, 28, 20, 4, 18, 25, 34, 5], [6, 10, 12, 17, 23, 25]]
[[2, 9, 6, 16, 22, 25, 30, 23, 31, 33, 3, 14, 21], [0, 10, 3, 14, 8, 1], [25, 12, 8, 3, 16, 21], [3, 0, 14, 18], [8, 13, 0, 9], [6, 10, 16, 22, 12, 24], [13, 11, 0, 16], [18, 4, 7, 11, 20, 2, 5, 15, 22, 14]]
[[6, 10, 12, 4, 3, 5, 11, 13], [17, 9, 2, 12, 22, 23, 0], [4, 12, 2, 7, 5, 10, 11, 8], [0, 7, 12, 1, 10], [16, 3, 6, 10, 20, 0, 18, 21, 8, 5, 2, 4], [0], [7, 4, 11, 16, 2, 12, 5, 14, 0], [20, 6, 3, 8, 11, 13, 0, 4, 9, 16, 2, 7], [4, 11, 14, 0, 2, 7, 15, 5, 12, 8], [24, 20, 26, 0, 15, 4, 7, 13, 18, 6, 12, 22], [3, 12, 13, 15, 9, 0, 10, 21, 20], [5, 18, 0, 3, 8, 13, 11, 6, 14, 16], [13, 3, 5, 0, 15, 10, 2, 7, 14], [5, 14, 8, 13, 0, 9, 4, 7, 15], [14, 3, 15, 21, 0, 11], [10, 7, 11, 14]]
[[15, 3, 10, 4, 19, 7, 1, 9, 0, 16], [19, 18, 13, 24, 7, 0, 5, 11, 21, 25, 16, 10], [24, 6, 0, 13, 1, 4, 21, 7, 11, 12, 17, 9], [12, 16, 5, 22, 2, 20, 23, 11, 19, 7, 0, 17], [3, 4, 0, 9, 11, 6, 5, 1, 7], [9, 24, 42, 32, 34, 29, 1, 31, 7, 12, 15, 19, 37, 39, 45, 4, 13, 35, 40]]
[[4, 2, 6, 9, 0, 7], [8, 3, 6, 14, 17, 18], [15, 1, 4, 6, 9, 20, 23, 7, 21, 24], [3, 9, 17, 6, 12, 0, 4], [8, 21, 0, 5, 12, 15, 16], [8, 19, 4, 6, 11, 14, 15, 22, 25], [5, 8, 14, 17], [0, 11, 23, 34, 6, 33, 14, 19, 27, 8, 12, 17]]
[[0], [2, 10, 14, 19, 0, 5, 20], [16, 4, 11, 20, 0, 6], [16, 1, 8, 10], [8, 21, 7, 20], [12, 0, 5, 4, 1, 6], [23, 2, 9, 14, 5, 1], [31, 13, 3, 21, 5, 35]]
[[22, 32, 12, 8, 36, 39, 6, 23, 30, 37, 29, 5, 14, 11, 35, 18, 10, 13, 33, 24, 25, 16], [9, 16, 12, 18, 33, 3, 19, 26, 14, 32], [12, 9, 3, 11, 25, 18, 21, 29, 0, 5], [8, 7, 10, 0, 9, 12], [6, 29, 42, 0, 19, 21, 25, 34, 4], [0, 26, 2, 17, 20, 34, 37, 15, 18, 22, 31, 35, 21, 1, 10, 30], [8, 20, 15, 2, 13, 24, 27, 6, 25, 5, 16, 0, 23]]
[[16, 14, 7, 10], [13, 53, 105, 20, 65, 72, 77, 92, 99, 35, 94, 10], [6, 12, 16, 5, 22, 23]]
[[15, 14, 3, 10, 19, 0], [6, 2, 11, 0, 9, 3], [9, 16, 0, 5, 14, 17], [15, 26, 8, 22, 19, 5, 12], [8, 0, 1, 4], [1, 14, 8, 3], [17, 0, 11], [14, 11, 4, 8]]
[[13, 5, 11, 16, 3, 8, 17, 15, 2, 10], [32, 0, 12, 17, 22, 27, 5, 8, 23, 33, 16, 7, 11, 20, 10, 19, 26, 21], [17, 28, 6, 10, 13, 21, 4, 11, 15], [10, 4, 15, 16, 0, 2, 5, 17, 14, 12], [7, 2, 9, 12, 0, 13, 16], [8, 6, 3, 9, 2, 11], [2, 10, 3, 6, 11, 19]]
[[0, 11, 2, 9, 1, 5], [11, 3, 9, 16, 0, 14, 7, 2, 6], [15, 8, 0, 17, 3, 11, 5], [7, 12, 14, 19, 20, 5, 0, 4, 10, 2], [11, 24, 2, 14, 19, 5], [14, 0, 11, 20, 22, 27, 17, 5, 8, 3], [10, 6, 3, 5, 15, 0, 13]]
[[12, 10, 2, 1, 5, 18, 4, 16, 19, 6, 9, 13], [9, 14, 23, 30, 2, 17, 32, 26, 36, 0, 27, 34, 3, 19, 18, 13], [18, 1, 6, 16, 23, 26, 9, 13, 21, 8], [13, 15, 4, 6, 17, 7, 11, 23, 16], [0, 8, 13, 20, 25, 14, 27, 6, 10, 22, 28, 4]]
[[4, 10, 8], [23, 1, 3], [3, 9, 16, 18, 6, 13], [4, 12, 31, 18, 0, 14, 26, 27, 15, 23, 8, 5], [17, 2, 15, 19], [9, 7, 14, 5]]
[[18, 0, 3, 13, 1, 15, 12, 11, 14, 16], [13, 1, 9, 7, 15, 2], [12, 1, 10, 7, 18, 14]]
[[8, 20, 13, 2, 10, 18], [15, 21, 7, 10, 27, 29, 5, 8, 11], [13, 30, 2, 5, 9, 17, 25, 28, 6], [8, 3, 20, 22, 27, 0, 4, 10, 16, 28], [4, 7, 11, 12, 15, 19, 0, 2, 8, 13], [12, 6, 0, 4, 7, 14, 3], [6, 2, 10, 15, 0, 3], [21, 0, 18, 12, 20, 4, 15, 23, 27], [9, 13, 15, 16]]
[[5, 2, 1, 6, 3], [6, 15, 4, 7, 12, 3, 11], [12, 2, 7, 5, 8, 1], [4, 3, 0, 5], [12, 3, 9, 21, 10, 22, 1, 19, 2, 25, 0, 18, 20, 4, 5, 8, 26], [10, 1, 4, 3, 2, 0], [4, 3, 0, 7], [9, 12, 17, 1, 3, 7, 24, 27, 4, 14, 18, 22], [20, 7, 12, 4, 10, 13, 9, 3, 0, 8, 5]]
[[15, 17, 2, 6, 9, 18, 8, 12, 0], [6, 8, 16, 3, 12, 21], [9, 12, 0, 3, 13, 2, 6], [9, 6, 2], [11, 0, 4, 12, 3, 10], [6, 8, 2, 15], [11, 4, 7, 16, 5, 8, 13], [19, 6, 15, 27, 2, 7, 10, 16, 20, 24, 12, 4], [0], [3]]
[[17, 12, 5, 20, 9, 21, 4], [10, 5, 12, 15, 3, 13, 1, 2, 0], [4, 15, 21, 22, 7, 24, 13, 25, 1, 18], [0, 4, 6], [25, 16, 26, 13, 22, 30, 0, 5, 10], [5, 7, 2, 12], [15, 1, 17, 7, 10, 20], [2, 6, 11], [9, 3, 10, 5, 12, 14, 0], [0, 10, 12, 7], [0, 10, 12], [13, 4, 17, 2, 6, 19, 10, 0, 11], [16, 15, 7]]
[[7, 9, 3, 14, 17, 23, 26, 0, 11, 15], [14, 5, 2, 8, 11, 0, 3], [15, 26, 3, 19, 0, 9, 13, 21, 24, 28, 6, 10, 29, 31, 5], [3, 14, 8, 5, 10, 18, 4], [13, 24, 6, 18, 0, 1, 4, 8, 22], [16, 12, 18, 10, 23, 5], [4, 15, 12, 2, 9, 13, 16]]
[[17, 1, 7, 4], [5, 12, 20, 1], [3, 29, 11, 23, 10, 0, 7, 27, 26, 4], [13, 24, 9, 16, 28, 11, 5, 26, 21], [5, 1, 8, 13, 3, 9, 15, 17, 2, 14], [3, 7, 17, 21, 25, 28, 4, 11, 18, 22, 27, 10], [1, 20, 16, 10, 12, 8, 15], [4, 19, 8, 15, 23, 12, 7, 11, 0, 16, 20, 2]]
[[2, 18, 8, 12, 20, 3, 9, 13, 21], [15, 5, 13, 18, 9, 2, 6, 19, 8, 4], [15, 9, 4, 13, 1, 5], [18, 15, 0], [15, 5, 2, 16, 33, 9, 19, 3, 10], [0, 8, 2], [8, 16, 5, 9, 17, 11, 4]]
[[6, 14, 9, 4, 17, 3, 10], [9, 4, 7], [21, 38, 18, 35, 16, 28], [36, 21, 4, 28, 12, 19, 0, 7, 9]]
[[0, 14, 17, 5, 20, 2], [5, 0, 13, 3, 6, 14, 18, 17, 10, 11], [17, 10, 22, 25, 5, 18, 1, 21, 14], [20, 6, 13]]
[[7, 3, 9, 2], [8, 22, 27, 2, 17, 12, 24, 5, 13], [26, 1, 7, 12, 19, 31, 2, 10, 17], [12, 1, 16, 3, 9, 18, 4], [10, 19, 7, 12, 14, 21, 24, 4, 8], [8, 0, 3, 2], [9, 17, 5, 12], [11, 2, 4, 8, 15, 0, 5]]
[[9, 3, 8, 6, 12, 19, 21], [11, 2, 5, 17, 0, 3, 14, 13, 16], [0, 6, 13, 15, 7, 11, 5], [5, 10, 19, 0, 13, 15, 1, 26, 18], [16, 0, 4, 6, 9, 13], [3, 12, 15, 25, 0, 4, 27, 20, 8, 13]]
[[36, 7, 20, 28, 10, 14, 18, 24, 26, 32], [], [18, 10, 28, 0], [6, 17, 23, 15]]
[[14, 13, 9, 0, 3, 18, 20], [9, 6, 7, 18, 10, 17], [20, 22, 0, 13, 19, 3, 23], [4, 11, 1, 10], [6, 9, 12, 19, 7, 10, 13], [17, 2, 5, 9, 12, 3], [9, 13, 6, 4], [22, 2, 11, 5, 8, 25, 3]]
[[29, 7, 26, 32, 2, 8, 14, 18, 1, 17, 13, 23, 25], [6, 3, 11, 4, 12, 2], [0, 6, 13, 17, 1, 14, 18, 5, 16, 19, 15], [13, 0, 7, 15, 22, 1, 8, 16, 23, 6, 21, 20, 14, 19, 24], [4, 1, 0, 5], [3, 6, 8, 11, 0, 9, 5, 4, 12], [], [4, 10, 2, 1, 9, 5, 7, 16], [], [4, 2, 6, 5, 3, 0]]
[[5, 8, 2, 6, 13, 1], [4, 8, 5, 10], [14, 0, 3, 13, 11, 10, 12], [1, 4, 8, 3], [0, 10, 21, 36, 44, 12, 5, 7, 25], [11, 1, 3, 7], [4, 10, 2]]
[[7, 11, 31, 22, 35, 0, 20, 15, 25, 37, 8, 38], [14, 11, 17, 22, 9, 12, 8], [4, 7, 9, 12, 15, 22, 0, 10, 13, 20], [16, 9, 13, 23, 2, 4]]
[[18, 31, 6, 14, 20, 24, 28, 12, 21], [2, 23, 31, 18, 13, 24, 4], [26, 13, 3, 15, 16, 18], [8, 17, 1], [14, 22, 0, 5], [10, 15, 18, 24, 1, 19, 12]]
[[5, 7, 1, 6, 9, 8, 2], [20, 7, 17, 2, 12, 3, 8, 11, 18, 10], [19, 2, 12, 21, 24, 27, 3, 9, 13, 28], [16, 10, 22, 0, 5, 12, 19], [7, 1, 5, 9, 3, 10, 2], [5, 17, 29, 25, 8, 3, 13, 27, 10], [21, 19, 12, 14, 22, 5, 3, 8, 20]]
[[23, 9, 12, 15, 13, 20, 4, 18, 11], [2, 4, 6, 9, 14, 16, 0, 10, 17, 3], [16], [12, 1, 10], [6, 13, 9, 4, 15, 16, 12, 11, 10], [13, 5, 2, 17, 0, 9, 7, 6, 15, 3], [14, 7, 11, 18, 9, 23, 2]]
[[15, 18, 22, 4], [16, 4, 21, 6, 2, 3, 10, 13, 9], [1, 0, 12], [4, 3, 1], [11, 18, 13, 20, 6, 22, 15], [11, 15, 3, 8], [11, 20, 3, 15, 5, 8, 18, 22, 0, 6, 9, 24, 27, 26, 4], [32, 24, 38, 10, 31, 5, 12, 33, 0, 14], [10, 13, 3, 8, 15, 23, 20]]
[[10, 15, 4, 2, 1, 14, 11, 16, 17], [16, 12, 3, 14, 22, 0], [0, 25, 5, 27, 30, 8, 11, 28, 34], [8, 6, 3, 1], [5, 11, 0, 15, 14, 2], [9, 3, 10, 15], [22, 28, 2, 13, 15, 4, 19, 30, 0, 5], [9, 13, 3], [11, 29, 12, 2, 19, 14, 23, 26, 36, 39]]
[[31, 12, 14, 22, 25, 28, 34, 37, 7, 23, 32, 6, 11, 26, 10, 33, 27, 13, 24, 30, 36, 38, 29, 35], [5, 16, 6, 14, 0, 9], [21, 9, 30, 32, 29, 3, 11, 14, 24, 26, 35, 4, 22, 31, 10, 0], [9, 21, 23, 37, 48, 20, 0, 6, 12, 14, 18, 25, 28, 31, 42, 10, 15, 26, 40, 44, 49, 24, 51, 22, 39], [33, 13, 25, 10, 20, 8, 12, 4, 15, 31, 16, 21, 27, 9, 14], [21, 5, 14, 18, 8, 15, 7, 12, 2], [31, 8, 10, 0, 21, 6, 7, 16, 3, 29]]
[[5, 7, 2, 9], [22, 3, 15, 0, 8, 25, 4], [11, 4, 15, 7, 1, 3], [13, 31, 34, 23, 2, 16, 19, 36, 0, 3, 7, 17, 20, 24, 28], [5, 21, 19, 10, 13, 23, 0], [23, 5, 2, 8, 10, 17, 0, 3, 7, 6], [10, 15, 2, 11, 17, 3], [17, 24, 9, 2, 12, 22, 0, 3, 5, 10, 6, 7], [16, 30, 2, 28, 23, 9]]
[[15, 8, 11, 17, 20, 6], [7, 8, 1, 12, 17, 4], [2, 10, 21, 16, 4, 0, 23, 19, 7], [3, 16, 18], [8, 16, 2, 14, 0, 5, 11], [12, 3, 7], [14, 19, 0, 11, 17, 9, 12]]
[[10, 6, 12], [10, 31, 17, 20, 5, 23, 28], [26, 16, 28, 15, 19, 8, 4], [8, 18, 11, 20, 19, 1, 6, 13, 2], [3, 14, 18, 19, 2, 11], [13, 2, 10, 9, 1, 6], [12, 14, 11, 19, 0, 4, 2, 13, 10, 15], [0, 12, 5, 9, 4, 3], [1], [6, 19, 2, 8, 16, 21], [], [3]]
[[3, 22, 10, 15, 16, 0, 8], [11, 4, 9, 7], [12, 20, 28, 5, 2, 10], [5, 10, 14, 17, 2, 9, 0, 13, 1], [3, 11, 0, 4, 2, 10], [0, 8, 14, 1, 4, 10, 15], [0, 9, 10, 15, 1, 11, 16], [9, 5, 2, 6, 0, 3], [16, 4, 10], [], [0]]
[[11, 24, 7, 15, 18, 21, 0, 3, 13], [13, 5, 12, 2], [10, 19, 11, 17, 20, 9], [5, 2, 16, 9], [10, 8, 5, 1], [17, 14, 21, 3, 11, 15, 22], [8, 2, 4, 10, 5, 11, 16], [18, 24, 21, 28, 16, 3, 1]]
[[2, 10, 14, 11, 15, 13], [6, 14, 1], [21, 14, 17, 24, 3, 9, 15], [9, 36, 33, 30, 32, 15, 25, 38, 0, 5], [23, 3, 16, 19, 31, 4, 9, 17, 20], [19, 25, 3, 5, 2, 29, 8, 12, 22, 0, 6, 13], [23, 25, 10, 18, 2, 8], [0, 8, 27, 13, 19, 22, 4], [7, 17, 0, 21, 24, 1, 5], [24, 21, 18, 4, 20, 15]]
[[9, 11, 3, 0, 4, 13], [5, 7, 10, 16, 19, 25, 0], [11, 3, 18, 22, 0, 8, 23], [14, 1, 16], [0]]
[[2, 1, 0, 8], [12, 2, 13], [33, 8, 30, 5, 17, 26, 15, 12, 31], [2, 11, 4], [17, 18, 19, 5, 14, 32, 3, 25, 30, 33], [7, 13, 9], [37, 26, 21, 5, 14, 16, 23, 28, 34, 3], [14, 20, 13, 22, 3, 18], [5, 10, 3, 6, 2, 13, 14], [15, 5, 9, 7, 10, 1], [12, 1, 9, 6, 10, 3, 2, 5, 0, 13]]
[[2, 9, 5, 11, 7], [11, 5, 7, 2], [28, 18, 8, 21, 26, 5, 12], [11, 3, 4, 8, 1, 9], [8, 25, 1, 18, 3, 23], [24, 5, 13, 8, 11, 18, 6, 19, 14, 15], [18, 27, 5, 2, 9, 15, 12, 21, 1, 28, 30, 0, 6], [6, 5, 8, 11, 13, 15, 2, 9, 1, 7], [21, 2, 1, 4, 9, 12, 10, 15, 3], [3, 9, 1, 5, 12, 17, 20], [17, 27, 33, 4, 30, 5, 32, 0, 15, 21, 22, 35, 7]]
[[22, 11, 2, 5, 16, 0, 14, 20, 13, 9, 19, 12, 21, 10], [5, 11, 14, 17, 3, 19, 1, 2, 0, 9], [1, 11, 9, 4, 3, 6, 12], [2, 16, 20, 10, 13, 18, 23, 0, 14], [2, 17, 22, 10, 18, 12, 14, 15, 20], [5, 14, 12, 11, 8, 0, 2], [9, 5, 7], [0, 15, 27, 7, 18, 22, 19, 1, 12, 11, 26, 2], [0, 5, 13, 1, 12, 2, 10]]
[[8, 11, 6, 15, 20, 22, 24, 25, 3, 16, 12, 14, 18, 13, 23], [0], [5, 3, 9, 11, 7, 12], [11, 9, 23, 21, 4, 1, 17, 5, 10, 3, 16, 12, 6], [3, 15, 7, 11, 19, 0, 8, 22, 4, 18], [3, 5, 9, 11, 0, 12, 8], [17, 0, 8, 11, 1, 19, 21, 14, 5, 23], [14, 24, 1, 15, 8, 11, 9, 7, 26], [3, 5, 0, 4], [2, 6, 15, 0, 4, 13, 3], [13, 1, 5], [3, 15, 18, 8, 20, 10, 22]]
[[12, 20, 25, 22], [7, 10, 15, 21, 26, 23, 24, 0, 27], [8, 13, 19, 26, 10, 16]]
[[], [3, 4, 0], [12, 7, 2, 9], [0, 2, 5]]
[[13, 18, 4, 9, 0, 5, 10, 12, 15], [5, 19, 22, 3, 17, 20, 23, 2, 12], [13, 17, 0, 9, 25, 1, 4, 10, 26], [15, 6, 12, 0, 4, 17], [16, 2, 12, 23, 0, 3, 7, 13, 17], [13, 20, 23, 18, 4, 9], [3, 6, 15, 18, 12, 8, 20]]
[[11, 14, 8, 16, 20, 6, 5, 12, 15], [9, 19, 1, 3, 13, 15, 11, 10, 2, 8, 0, 12, 14], [6, 10, 8, 16, 19, 0], [7, 11, 10], [], [2, 17, 10], [8, 23, 1, 10, 20, 5, 15], [7], [18, 20, 30, 1, 3, 14, 24]]
[[15, 0, 21, 5, 8, 10, 2, 16, 22, 4], [19, 14, 15, 3, 18, 9], [10, 1, 4], [11, 3, 15, 4, 0, 6, 2], [1, 5, 14, 3, 2, 0, 15, 4, 17, 16], [13, 3, 9], [10, 1, 5, 14, 13, 3], [15, 19, 3, 7, 2, 0, 8, 20, 4, 16], [9, 3, 1, 11]]
[[17, 7, 13, 20, 25, 0, 11, 22, 18, 10], [13, 2, 5, 0, 6, 3, 4], [3, 6, 9, 12, 13, 16, 5, 4, 7, 10], [35, 2, 16, 48, 29, 10, 25, 31, 11, 17, 23, 32, 42, 46, 7, 52, 15, 20, 30, 44, 0, 41, 45, 49, 40, 14, 36], [11, 2, 13, 7, 0, 8, 14, 3, 12], [5, 18, 21, 14, 26, 19, 24, 27, 23, 7], [26, 10, 14, 28, 5, 11]]
[[10, 12, 19, 0, 2, 3, 18], [13, 20, 24, 10, 3, 5, 16], [3, 21, 28, 18], [2, 21, 29, 18], [21, 3, 25, 12, 29, 32]]
[[9, 20, 14, 22, 6, 17], [0], [3, 10, 2, 7, 8, 4], [7, 9, 14, 11], [11, 17, 19, 1, 4, 8], [11, 8, 3, 13, 4, 7], [11, 6, 17, 0, 7, 10], [10, 12, 15, 22, 16, 23, 13, 3, 19], [2, 6, 10, 12, 13, 1, 7], [10, 13, 16, 9], [10, 5, 12, 3, 16, 6, 11], [5, 0, 13, 1], [14, 20, 10, 7, 11, 16]]
[[12, 9, 3], [11, 2, 7, 15], [18, 29, 33, 3, 5, 12, 26], [0, 18, 2], [17, 22, 12, 25, 2, 10], [13, 6, 21, 2, 9, 15, 19]]
[[4, 9, 6, 12, 16, 20, 30, 7, 10, 13, 17, 5], [9, 0, 19, 1, 4, 16, 8], [1, 16, 9, 4, 14, 25, 29, 38, 5, 23, 30, 40], [9, 6, 15, 2, 16, 18, 11], [22, 17, 7, 4, 5, 16], [23, 5, 2, 17, 25, 7]]
[[8, 4, 10, 14, 0, 12, 11], [3, 5, 1, 8], [5, 13, 3, 1, 10, 12, 14], [14, 7, 11, 2, 1, 4, 8, 15, 16], [1, 3, 6, 9, 7, 11, 2], [11, 3, 14, 9, 2, 8], [13, 5, 9, 0, 3, 7, 14], [9, 3, 7, 2, 6, 5], [21, 24, 15, 18, 26, 30, 3, 16, 28], [18, 2, 14, 5], []]
[[3, 6, 13, 9, 10, 15], [0, 8, 5], [7, 0, 3, 8, 6, 4], [], [0], [6, 9, 2, 7], [], [0], [15, 4, 7], [11, 16, 7, 18, 5, 9]]
[[0, 8, 13, 16, 10, 1, 9], [3, 9, 15, 6, 13, 12, 2], [2, 14, 0, 7, 12, 19], [7, 4, 2], [3, 13, 15, 9, 22, 29, 0, 10, 19], [33, 37, 4, 20, 25, 29, 40, 44, 2, 6, 18, 21, 26], [5, 18, 1, 7, 12, 21], [9, 14, 17, 11, 1, 3], [3]]
[[16, 8, 19, 5, 4, 18, 9], [17, 1, 18, 3, 8, 10, 5, 11, 25], [8, 16, 18, 2, 5, 10, 14, 19, 1], [2, 14, 7, 11, 17, 4, 8], [3, 12, 6, 20, 0, 4, 7], [5, 29, 17, 26, 31, 0, 24, 27, 9, 7], [5, 12, 23, 27, 1, 14, 15]]
[[14, 9, 2, 7, 1, 6, 5, 3], [11, 9, 14, 1], [19, 22, 11, 2, 17, 0, 3, 15, 25], [6, 5, 8], [25, 3, 23, 18, 0, 10], [9, 15, 0, 6, 21, 11, 18, 1, 12], [18, 6, 26, 2, 10, 11, 14], [14, 26, 19, 8, 18, 21, 30], [7, 1, 3], [3]]
[[7, 13, 18, 5], [11, 7, 4, 2, 1, 8, 6], [11], [5], [10, 4, 11], [10, 2, 4, 6, 5, 1], [7, 1, 9], [6, 15, 18], [11, 2, 7, 13, 9, 1], [0, 1, 17, 2], [5, 16, 12, 18], [11, 9, 17]]
[[11, 6, 8, 13, 17, 2, 14], [6, 3, 2, 11], [7, 5, 10, 9], [8, 32, 2, 34, 3, 9, 24, 30, 17, 6, 27, 15, 20], [12, 15, 2, 0, 3, 10, 16, 21, 9], [25, 8, 14, 33, 21, 3, 20, 11, 30, 37], [11, 2, 17, 15, 4, 8, 19, 21, 0]]
[[14, 7, 4, 6], [10, 7, 18, 23, 2, 8, 12], [9, 32, 2, 11, 13, 21, 26, 36, 0, 4, 14, 22, 27, 37, 3], [3, 6, 9, 0, 7, 10], [16, 8, 26, 3, 20, 0, 5], [17, 7, 11, 21, 9, 2, 18], [26, 5, 17, 23, 28, 3, 7, 2, 6], [17, 1, 9, 5, 14, 19, 23, 25, 26, 22], [17, 21, 8, 14, 2, 5, 4]]
[[11, 19, 3, 2, 5, 8, 14, 17, 15], [24, 0, 18], [6, 17, 19, 11, 18, 4, 21], [8, 10, 5, 0, 13, 12], [5, 6, 19, 16], [9, 3, 16], [21, 24, 4, 11, 10, 0, 19], [9, 2, 1, 4]]
[[22, 12, 14, 17, 6, 9, 0, 7, 15, 18], [14, 2, 4, 9, 15, 20, 0, 21, 3, 7, 18, 5], [27, 6, 22, 25, 0, 7, 23, 5, 15], [39, 2, 15, 30, 18, 13, 5, 6, 27, 37, 0, 7, 25, 40, 17, 4, 24, 31, 3, 33, 23, 14], [23, 27, 31, 9, 16, 29, 0, 15, 3, 14, 20, 22, 28, 17, 1], [17, 40, 2, 24, 32, 22, 5, 9, 28, 38, 26, 3, 23, 27, 35, 0, 18, 19, 33, 34, 41, 37], [27, 16, 22, 13, 19, 7, 11, 20, 23, 5], [18, 26, 19, 3, 8, 11, 14, 28, 12]]
[[19, 1, 15, 3, 8, 11, 27], [23, 18, 4, 35, 37, 0, 5, 11, 14, 24, 31, 38, 17, 21, 20, 2], [22, 32, 13, 9, 16, 3, 6], [1, 10, 13, 16, 7, 11], [20, 15, 5, 28, 3, 10, 23, 29, 2, 22, 34, 17, 26], [20, 31, 1, 5, 13, 29, 3, 8, 2], [6, 21, 14, 24, 11, 28, 12]]
[[4, 14, 16, 2, 17, 1], [20, 30, 9, 6, 15, 17, 25, 2, 18], [7], [11, 15, 24, 3, 6, 13, 19, 4, 0, 2, 16], [8, 14, 1, 16, 17, 11], [7, 3, 14, 18, 15, 22, 0], [1, 6, 9, 16, 12, 3], [2, 16, 10, 6, 14, 7], [6, 12, 15, 26, 16, 24, 27], [6, 8, 2, 1], [8, 10, 0, 6, 9, 11]]
[[13, 16, 11, 2, 8, 17, 15, 6, 12, 9], [11, 15, 14, 5], [11, 2, 0, 8, 3, 5], [6, 22, 0, 8, 16, 25, 11, 24, 7, 15, 21, 23, 17, 26], [2, 9, 13, 23, 3, 18, 20, 0, 17, 22, 6, 8], [15, 9, 5, 17, 3, 10, 0], [20, 8, 27, 4, 23, 0, 16, 9, 17], [14, 20, 8, 6, 25, 11, 17, 23, 5, 13, 0, 19, 12], [0, 9, 11, 5, 14, 1, 12]]
[[14, 17, 6, 10, 19, 11], [9, 7, 13], [0, 21, 6, 8, 12, 16, 1, 7, 5, 2], [25, 0, 12, 13], [9, 17, 5], [5, 6, 11]]
[[14, 8, 10, 19, 4, 16, 3, 9, 15, 7, 6, 18, 5], [13, 21, 3, 9, 19, 4, 10, 17, 25, 1, 5, 0], [7, 18, 1, 12, 15, 3, 13], [0, 14, 1, 6, 10, 3, 7, 5, 2, 16, 8], [18, 23, 3, 28, 6, 8, 21, 30, 33, 0, 4, 9, 19, 31, 11, 2, 29, 16, 17, 7, 24], [8, 7, 14, 22, 10, 20, 3, 9, 19, 13, 0, 6, 2], [14, 22, 10, 0, 6, 18, 7, 13, 11, 15, 25, 3, 23, 24], [21, 29, 6, 17, 26, 10, 18, 1, 9, 14], [12, 2, 7]]
[[12, 3, 8, 15, 13, 6, 0], [7, 15, 13, 21], [6, 13, 9, 18, 7, 19], [12, 4, 14, 19, 1, 8], [12, 6, 0, 10], [19], [9, 20, 6, 22, 0, 7, 14, 23, 2]]
[[24, 11, 13, 4, 1, 18, 26, 7, 19], [3, 10, 2], [34, 3, 5, 8, 19, 23, 28, 0, 6, 9, 12, 24, 11, 4, 17, 16, 20, 21], [18, 4, 6, 11, 24, 15, 26, 1, 13, 16], [0, 8, 10, 11, 5, 1], [7, 15, 2, 4, 8, 12, 21, 0, 5], [16, 31, 11, 18, 13, 20, 17, 0, 25, 33, 3, 7, 14], [5]]
[[8, 14, 23, 17, 2, 0, 6, 11, 10], [19, 21, 2, 14, 7, 10, 5], [16, 27, 18, 3, 31, 0, 7, 24, 35, 4], [5, 2, 9, 16, 10, 13], [5, 7, 20, 25, 13, 15, 10, 22, 18]]
[[5, 10, 3, 2, 8, 9], [15, 1, 6, 8, 4, 2, 3, 0], [17, 21, 5, 14, 26, 0, 3, 24, 12], [3, 24, 11, 27, 0, 19], [5, 14, 0, 3, 12, 2, 9, 11, 8], [2, 3, 12], [10, 2, 5, 16, 0, 6, 14], [17, 27, 2, 13, 20, 8, 23, 25, 28, 22]]
[[7, 21, 5, 20, 9, 17, 23, 10, 14, 8], [20, 8, 29, 10, 13, 17, 22, 25, 3, 11], [17, 23, 0, 8], [2, 18, 26, 13, 25, 7, 10], [2, 4, 7, 10, 15, 5], [2, 4, 10], [12, 1, 11, 14], [6, 18, 0, 17, 20, 25], [23, 9, 5, 11, 16, 19], [13, 3, 14, 10, 17, 5], [16, 23, 25, 3, 17, 1, 9, 32, 4, 12, 18, 33, 29]]
[[20, 22, 10, 11, 21, 17, 3], [0, 10, 14], [14, 0, 7, 9, 4, 10], [3, 18, 0, 12, 21, 26, 4], [11, 12, 14, 8, 0, 4], [2, 8, 16, 6], [21], [0, 14, 5, 17, 20, 3], [8, 1, 20, 16, 13, 4], [], [3]]
[[8, 19, 11, 14, 28, 4, 15, 21, 25, 10, 3, 20], [15, 2, 20, 4, 22, 0, 9, 24, 29, 3, 21, 28], [7, 2, 21, 0, 9, 14, 18, 6, 11, 17], [2], [0], [5, 13, 19, 7, 10, 8, 21], [11, 26, 31, 3, 32, 2, 5, 8, 0, 6, 17, 23, 4], [17, 21, 35, 42, 10, 46, 28, 32, 39, 49, 6, 40, 50]]
[[4, 17, 13, 15, 18, 10, 0], [9, 18, 6, 16, 20, 5], [22, 6, 3, 15, 11, 17, 20, 24, 9, 18, 4, 8, 16, 0, 2, 14], [0, 8, 11, 17, 1, 13, 6, 15, 19], [29, 35, 22, 15, 8, 11, 19, 25, 32, 9, 12, 17, 30]]
[[8, 9, 19, 2, 11, 13], [2, 19, 16, 5, 14, 21, 29, 32, 35, 0, 6, 22, 26, 30, 33], [4, 0, 1], [10, 14, 18, 7, 17, 25], [2, 4, 6, 9], [7, 2, 9, 12], [24, 15, 10, 7, 21, 5, 8, 13, 25, 12, 11, 4, 0], [11, 3, 1, 12, 5, 8, 27, 6, 15]]
[[5], [7, 2, 9, 3], [13, 20, 16, 18, 2, 10, 0, 8, 14, 5], [10, 9, 39, 14, 3, 6, 21, 27, 35, 4, 29, 17], [5, 10, 8], [17, 15, 7], [8], [16, 24, 1, 20]]
[[3], [2], [9, 13, 12, 2], [2], [16, 38, 8, 22, 31, 63, 71, 77, 4, 29, 41, 74, 19, 13, 15, 35, 37, 3, 40, 70, 75, 30, 1, 32, 64, 73, 0, 2, 20, 14, 34, 36, 76], [2, 16, 12, 15, 0, 5, 6]]
[[8, 0, 5, 4, 13, 11], [5, 9, 3], [16, 0, 11, 5, 13, 20, 22, 26, 3], [7, 11, 5, 8, 12, 16], [8, 0, 15, 5, 10, 3, 6], [8, 14, 5, 9], [8, 15, 5, 10, 3, 6], [8], [], [6, 13, 3, 7, 11, 14], [3, 11, 1, 5], [0], [11, 1, 9, 14], [4, 7, 2], [4, 7, 16, 2, 8, 14], [8, 12, 23, 3, 6, 16]]
[[13, 15, 9, 5, 0, 22, 11, 4, 28], [5, 13, 2, 15, 9, 17, 22], [1, 4, 6, 10], [2, 10, 1], [11, 1, 4, 5]]
[[2, 4, 6, 7, 9, 5], [11, 3, 13, 16, 19, 4, 7], [12, 0, 8, 14], [21, 2, 8, 14, 0, 7, 6, 9, 4], [18, 30, 8, 12, 24, 5, 15, 21, 27], [13, 2, 18, 5, 11, 3, 1, 8, 21], [24, 6, 3, 17, 13, 9, 0, 18, 22], [7, 15, 0, 9], [2, 11, 14, 5], [8, 4, 12, 2, 10, 9]]
[[2], [8, 2, 5, 12, 0, 9], [14, 7, 16, 4, 0, 5], [7, 2, 9], [24, 7, 21, 8, 16, 18, 9, 14, 19], [6, 12, 8, 0], [0]]
[[10, 15, 3], [29, 20, 16, 23, 6, 13, 27], [12, 7, 1], [11, 1, 4, 8], [17, 22, 2, 11, 12, 7, 3], [21, 32, 10, 1, 12, 23, 6, 14, 18, 29]]
[[11, 23, 0, 14, 17, 21, 4, 7, 3, 9], [0, 12, 19, 26, 20, 30, 10, 29, 4, 14], [17, 10, 18, 3, 5, 8, 20, 1, 11, 12, 13, 19, 21], [2, 25, 21, 27, 10, 14, 31], [20, 8, 3, 12, 6, 10, 13, 17, 1, 9, 15, 16], [16, 14, 9, 11, 4, 5], [18, 19, 4, 6, 13, 22, 25, 27, 2, 10, 14, 23, 21, 9, 0, 8], [16, 6, 11, 20, 12, 14, 21, 18, 9, 3]]
[[13, 24, 33, 0, 8, 14, 25, 30, 12, 23, 7, 29, 28, 32, 9], [9, 13, 0, 3, 15, 5], [3, 11, 13, 0], [4, 9, 2], [23, 3, 15, 0, 10, 4], [5, 8, 11, 13, 3, 14, 2], [6, 14, 27, 3, 12, 15, 20, 25, 2], [10, 3, 7, 0, 4, 8, 16, 21, 15, 2], [], [3]]
[[4, 0, 6, 7], [27, 7, 10, 29, 9, 13, 19, 22, 31], [21, 20, 4, 14, 17, 23], [4, 20, 5, 0, 9, 17], [3, 11, 13, 15, 20, 16], [5, 0, 9, 12, 1, 10], [20, 8, 18, 1, 10, 27], [16, 22, 25, 32, 28, 8, 6], [0, 12, 6, 15, 20, 7]]
[[6, 14, 1, 8], [15, 2, 5, 7, 17, 3], [10, 47, 2, 26, 38, 12, 20, 5, 33, 45], [22, 3, 9, 18, 19, 4, 7, 16, 24, 2], [43, 0, 9, 4, 14, 18, 22, 31, 37, 40, 53, 1], [16]]
[[12, 14, 19, 20, 23, 7, 21, 16, 5, 6], [10, 5, 3, 12], [8, 22, 2, 4, 16, 20, 1, 6, 15], [5, 11, 21, 28, 7, 16, 0, 15, 25, 10, 18, 9, 14, 17, 12], [17, 6, 2, 13, 20, 0, 4, 12, 15, 7], [4, 35, 1, 19, 25, 29, 16, 23, 14, 2, 22, 10], [12, 24, 10, 3, 7, 6, 23, 20, 0, 5, 15, 22], [17, 24, 4, 0, 7, 9, 11, 21, 14, 5, 3, 1, 15], [24, 30, 35, 7, 14, 12, 26, 2, 9, 17, 20, 8], [17, 27, 35, 9, 14, 12, 4, 33, 5, 23, 30, 10]]
[[14, 6, 17, 2], [1, 7, 3, 9], [1, 19, 3, 15, 21, 11, 23, 24, 29, 4], [4, 25, 20, 27, 22, 8, 18, 6, 9], [12, 7, 1, 10], [24, 16, 18, 12, 22, 27, 3, 20, 25, 28]]
[[13, 12, 5, 15, 3, 6, 10], [20, 8, 18], [32, 7, 22, 2, 6, 12, 19], [6, 22, 2, 19, 4, 15], [26, 28, 6, 18], [8]]
[[17, 5, 10, 19, 3, 20, 2], [2, 10, 3, 13, 0, 7, 12], [23, 14, 8, 11, 21, 5, 4, 16, 0], [31, 2, 10, 25, 6, 7, 14], [16, 7, 10, 23, 24, 21], [7, 1, 3, 10], [29, 31, 18, 8, 12, 27, 35, 9, 24, 32, 36, 4], [], [22, 34, 2, 16, 5, 18, 7, 29, 8, 6], [5, 8, 1, 2]]
[[12, 1, 16, 3, 22, 23, 17, 5, 20, 14, 0, 13, 11, 21, 24], [5, 7, 2, 0, 8, 6, 16, 15, 1, 13], [27, 12, 21, 24, 30, 6, 13, 22, 18, 4, 11, 17, 33, 5, 7, 10, 16, 32, 28, 34, 26], [16, 13, 18, 8, 22, 2, 6, 4, 19, 15, 0, 17, 23, 21], [9, 18, 12, 24, 4, 27, 13, 2, 21, 22, 26, 15, 1, 23, 28, 16], [22, 1, 9, 13, 16, 2, 5, 4, 10]]
[[17, 5, 22, 27, 14, 4, 21, 13, 18, 3, 19, 26, 16], [8, 14, 0, 17, 1, 4, 18], [8, 15, 19, 13, 10, 2, 1, 12, 6], [9, 12, 7, 2, 15, 20, 32, 0, 13, 18], [9, 8, 18, 0, 25, 4, 22], [8, 29, 1, 17, 19, 22, 24, 18, 2, 6], [4, 21, 0, 13, 18, 14, 3, 9, 27], [4, 7, 9, 2, 0, 11], [9, 8, 0, 6, 16, 17, 10]]
[[3, 10, 12, 0], [10, 15, 5, 19, 20, 16, 22, 3, 8], [15, 16, 1, 18, 3, 6], [11, 13, 15, 2, 16, 22, 21, 10, 20, 7], [17, 36, 1, 26, 28, 37, 6, 11, 14, 22, 31, 42, 3], [28, 18, 4, 7, 11, 33, 19, 30, 34, 2, 21, 37, 17], [11, 5, 16, 21, 14, 2, 13, 10, 3, 19, 9, 4], [10, 23, 14, 17, 20, 25, 18, 21, 1, 3, 9, 11, 5], [1]]
[[3], [4, 2, 9, 13, 16, 10, 17, 5, 12, 1], [18, 6, 8, 2, 12, 21, 24, 0, 4, 13, 19, 25], [16, 0, 11, 1, 4, 7], [11, 1, 6, 17, 19, 4], [25, 20, 7], [4], [6]]
[[0, 6, 8, 29, 4, 9, 13, 20, 25, 30, 12, 16], [0, 4, 15, 6], [15, 18, 0, 12, 1, 6, 13, 19, 24], [2, 10, 13, 3, 7, 14], [2, 9, 11, 0], [38, 8, 22, 32, 4, 24, 26], [0, 26, 31, 1, 11, 13, 5, 20, 50, 52, 3, 9, 15, 21, 24, 28], [14, 20, 36, 4, 28, 7, 8], [10, 26, 31, 40, 7, 14, 6, 16, 19, 22, 28, 36, 2, 12, 17, 23, 29, 34, 37]]
[[11, 31, 21, 18, 20, 13], [14, 18, 2, 6, 12, 21, 24, 3, 22, 25], [14, 2, 18, 15, 26, 10], [11, 20, 14, 36, 6, 17, 30], [7, 31, 10, 29, 15, 25, 13, 19, 11, 17, 35, 34], [14, 16, 10, 2, 8, 5], [5, 8, 20, 13, 15, 6, 16], [14, 27, 34, 44, 24, 21, 23, 55, 0, 16]]
[[8, 27, 17, 6, 4, 9, 14, 19, 22], [18, 6, 11, 8, 3, 15], [3, 14, 0, 9], [6], [9, 0, 1, 5, 12, 11], [21, 4, 0, 10, 18, 6, 7, 11, 12], [12, 5, 1, 9], [13, 12, 4, 7], [16, 19, 23, 25, 8, 9, 22, 30, 11, 13, 32, 35, 20, 26, 33]]
[[3, 12, 17, 14, 7, 20, 13, 19, 18, 9, 15], [7, 29, 39, 27, 31, 40, 0, 12, 15, 21, 25, 34, 44], [6, 16, 10, 2, 12, 21, 24, 0, 22, 11, 17, 18, 13, 20], [12, 24, 5, 19, 27, 29, 0, 3, 6, 14, 25, 18, 2], [14, 4, 6, 10, 12, 21, 24, 8, 22, 2, 18, 7, 17, 25, 26, 0], [7, 10, 16, 18], [2, 18, 6, 12, 22, 23, 26, 0, 13]]
[[7, 2, 8, 1], [10, 19, 7, 13, 25, 8, 16, 21, 23], [5], [], [2], [2, 5, 7, 10], [5, 7, 0], [5], [0, 2, 9, 3], [10, 16, 4, 13], [4, 5, 11, 1], [0, 7, 4], [0, 1, 7, 2, 5, 12], [5], [7, 10, 2, 8]]
[[1, 4, 7, 5], [10, 13, 7, 11, 14, 17], [12, 17, 20, 1, 5, 9, 3, 7, 10], [1, 9, 11, 4, 12, 7], [11, 18, 26, 25, 4, 21, 2], [1, 10, 18, 7, 19, 6, 13, 17, 14], [5, 7, 9, 12, 2, 10], [1, 5, 8, 11, 14, 12], [11, 14, 7, 3, 8, 16], [14, 0, 7, 12, 23, 16], [23, 15, 26, 7], [19, 4, 0, 9, 21, 6]]
[[7, 11, 18, 14, 21, 29, 31, 4, 27, 3, 5, 8, 20, 22, 30, 6, 12], [17, 11, 25, 0, 22, 1, 14, 26, 7], [12, 6, 0, 4, 7, 10], [4, 15, 6, 11, 2, 10, 19, 21, 23, 0]]
[[8, 2, 5, 14, 11, 1, 9, 10], [2, 20, 10, 15, 0, 7], [6, 14, 8, 16, 3, 11], [10, 4, 0, 12, 6, 3], [0, 6, 8, 14, 18, 2], [3, 7, 16, 5, 8, 13, 4, 12, 0, 2, 11, 14], [7, 18, 12, 16, 1, 10, 19, 0, 3], [24, 7, 4, 6, 11, 16, 29, 0, 17, 20, 3, 8, 2], [0, 10, 1, 13]]
[[20, 10, 15, 25, 28, 17, 22], [16, 41, 3, 18, 31, 20, 17, 13, 28, 33, 36, 1, 6, 9, 14, 29], [10, 4, 14, 6], [2, 17, 7, 4, 11, 0, 5], [10, 5, 2, 8, 0, 3], [2, 5, 14, 25, 19, 26, 24, 12, 3, 17, 18, 23], [6, 15, 18, 0, 3, 7, 13, 16, 19, 2], [12, 3, 16, 9, 0, 7, 13]]
[[16, 8, 10, 14, 3, 2, 9, 7, 11, 15], [13, 3, 14, 9, 20, 0, 10, 2, 7], [10, 14, 5, 4, 7, 19, 6, 0, 8, 16], [18, 21, 33, 5, 10, 24, 25, 6, 26, 31, 34, 14], [14, 23, 9, 12, 20, 3, 10, 2, 7]]
[[11, 21, 13, 0, 4, 18, 17, 3, 7, 8, 6, 22], [5, 8, 2], [25, 5, 7, 13, 16, 18, 0, 6, 24, 23], [6, 1, 13], [6, 8, 12, 0, 17, 7], [12, 19, 2, 5, 8, 14, 21], [1, 9, 3, 10, 14, 13, 2], [19, 11, 1, 5, 9, 0, 21, 8, 17, 14], [4, 9, 1, 10, 6, 0], [17, 13, 19, 11, 0, 7], [11, 9, 20, 13], [17, 20, 12, 10, 25, 15, 22, 5, 0, 13], [15, 9, 1, 5, 17, 14, 0, 7, 13, 3], [1], [9, 1, 6, 2, 3, 0], [3, 10, 1], [12, 19, 2, 7, 13, 16]]
[[10, 7, 13, 15, 12, 1, 6, 4, 11, 8], [2, 12, 19, 8, 15, 20, 5, 1, 14], [13, 17, 0, 24, 6, 21, 33, 36, 38, 48, 51, 55, 1, 15, 22, 29, 56, 53, 25], [64, 68, 78, 76, 34, 11, 24, 7, 14, 20, 30, 48, 55, 60, 5, 15, 28, 35], [1, 5, 2, 6, 14, 4, 12]]
[[10, 18, 4, 16, 0, 13, 22, 19, 5], [11, 13, 19, 24, 8, 16, 21, 2, 9, 4], [23, 5, 7, 3, 33, 0, 9, 12, 19, 41, 13, 20, 24], [17, 22, 0, 4, 13, 24], [13, 20, 7, 10, 14, 16], [6, 13, 11, 26, 0, 8, 23, 1, 24, 17]]
[[1, 12, 22, 31, 4, 14, 23, 16, 19, 29], [1, 12, 9, 14, 13, 3, 2], [12, 22, 33, 36, 6, 14, 28, 8, 25, 3, 1, 32], [7, 10, 1, 12], [5, 8, 3, 2, 9, 11, 7], [7, 9, 1, 4], [8, 17, 2, 19, 11, 13, 22], [4, 14, 11, 0, 15, 5, 7], [9, 12, 19, 28, 14, 20, 4]]
[[28, 11, 20, 23, 32, 5], [8, 14, 33, 5, 10, 20, 23, 27, 37], [0, 6, 11, 23, 28, 2], [27, 2, 18, 21], [12, 1, 5, 7, 15, 18], [4, 8, 11, 15, 18, 0], [], [3]]
[[13, 16, 23, 5, 8, 10, 28, 3, 20, 29, 2, 27, 24, 18, 26, 17, 22, 25], [3, 14, 10, 2, 6, 21, 15], [9, 16, 11, 21, 2, 20, 17, 3, 4], [10, 3, 19, 14, 0, 2, 6], [6, 20, 13, 16, 27, 24, 3, 14, 2, 25, 12, 23, 29], [29, 13, 4, 15, 9, 17, 20, 10, 21, 16, 6, 26], [25, 4, 13, 17, 2, 14, 18, 5, 21, 0, 7, 19]]
[[4, 8, 15, 11, 19, 26, 17], [19, 11, 13, 20, 16, 22, 4], [7, 27, 0, 4, 16, 21, 5, 17, 22], [7, 1, 5]]
[[4, 6, 12], [12, 2, 14, 5], [0], [16, 14, 9], [20, 13, 23, 9, 21, 7], [20, 12, 4, 16], [11, 20, 6, 14, 2, 18, 0], [13, 6, 15, 0], [18, 28, 17, 14, 23, 25], [0, 14, 7, 16], [], [17, 1, 19], [20, 3, 16, 24, 27, 29, 13, 4, 0]]
[[3, 8, 5, 6, 1, 4], [16, 4, 1, 9, 10, 18, 2], [0, 12, 4, 7, 1, 8, 2], [2, 7, 0, 8, 12, 4], [0, 19, 10], [21, 26, 3, 1, 9, 18, 23, 4, 2], [0, 9, 11, 19]]
[[11, 6, 0, 4, 14, 13, 3, 12, 10], [18, 15, 0, 3, 8, 13, 16], [2, 6, 0, 3, 7, 11], [11, 14, 17, 5, 19, 2], [10, 6, 0, 3, 7, 11, 14], [14, 21, 0, 4, 7, 16, 18, 1, 5], [2, 16, 8, 4, 18, 21, 0, 5, 9], [3, 6, 0], [5, 21, 16, 2], [11, 19, 7, 13, 17, 20], [13, 2, 10, 21, 4, 16]]
[[0], [17, 4, 14, 23, 0, 8, 12, 3, 11, 20, 19, 21], [0, 5, 8, 25, 3, 18, 24, 17, 7], [19, 2, 5, 12, 15, 25, 4, 9, 21], [4, 17, 7, 12, 24, 5, 19, 0, 2], [6], [6, 8, 2, 14, 19, 0, 3], [3, 18, 23, 8, 12, 27], [1, 15, 4, 11, 19, 9, 12]]
[[27, 11, 5, 22, 2, 14], [19, 0, 4, 6, 9, 2, 7], [17, 2, 11, 23, 0, 3, 9, 12, 21], [23, 15, 2, 10, 19, 0, 8]]
[[10, 24, 9, 21, 3, 6, 14, 29, 39, 43, 0, 4, 12, 15, 19, 25], [18, 2, 5, 9, 13, 3], [8, 17, 24, 0, 14, 22, 25, 16, 13, 3, 21, 30, 12, 18, 31, 26], [18, 0, 19, 3, 40, 8, 14, 22, 28, 34, 45, 48, 1, 6, 9, 20, 23, 29, 38, 46, 5, 25], [16, 6, 0, 12, 21, 27, 37, 40, 1, 4, 22, 19, 7], [2, 5, 9, 13, 3, 7, 10], [33, 12, 2, 0, 1, 6, 9, 16, 18, 30, 35, 3, 7], [11, 28, 17, 2, 19, 8, 12, 0, 4, 9], [6, 21, 11, 16, 25, 28, 31, 33, 3, 7, 12, 14, 17, 10, 1]]
[[10, 45, 0, 5, 27, 37, 43, 49, 6], [9, 1, 11, 18], [15, 1, 4, 7], [0], [7, 19, 15], [9, 1, 12, 3], [13, 15, 5, 17, 11, 20, 22], [4, 11, 13, 8], [8, 1, 3, 2], [2], [9, 13, 1], [], [3]]
[[18, 31, 11, 6, 14, 20, 23, 27, 35, 43, 1, 12, 28, 36, 42], [12, 19, 18, 4, 14, 0, 5], [6, 9, 2, 7, 10, 1], [8, 17, 30, 11, 35, 3, 13, 37, 0, 14, 18, 27], [19, 15, 16, 23, 5, 13, 17], [23, 28, 30, 31, 3, 21, 26, 7, 12, 18], [16, 2, 25, 6, 12, 20, 0, 7, 23, 10], [7], [0, 16, 10, 8]]
[[1, 4, 7, 10], [12, 5, 7], [19, 1, 2, 8], [9, 11, 5], [13], [0], [8, 21, 33]]
[[4, 12, 14, 19, 23, 17, 20, 24, 9], [13, 5, 10, 3, 2, 9, 11, 17, 8], [1, 8, 24, 6, 12, 9, 2], [10, 22, 2, 7, 12, 15, 18, 24, 0, 3, 19, 25], [2, 5, 12, 17]]
[[3, 6, 14, 4, 7, 11], [15, 1, 4, 7, 10, 18, 24, 5, 16, 25, 2, 27, 0], [5, 2, 10, 13, 16, 19, 21, 0, 3], [23, 14, 16, 4, 13, 7, 10, 21, 5], [28, 0, 4, 7, 10, 21, 25, 5, 8, 16]]
[[22, 0, 10, 17, 24, 7, 15, 6, 14, 18, 13, 25, 8], [4, 17, 26, 35, 98, 19, 52, 84, 93, 23, 90, 82, 1, 13, 21, 46, 48, 59, 62, 72, 76, 78], [12, 18, 2], [23, 16, 3, 20, 25, 4, 9], [14, 0, 8, 15], [2, 6, 13, 19, 15, 23, 28], [10, 23, 25, 29, 27, 0, 8, 16, 18, 5, 19, 31]]
[[12, 15, 0, 7, 13, 6, 11, 10, 9, 14, 8], [10, 2, 7, 14, 16, 17, 0, 3, 8, 18, 11, 12], [17, 8, 7, 0, 10, 21, 1, 11, 15, 9, 14, 26, 18], [18, 5, 8, 13], [9, 19, 28, 37, 14, 6, 23, 30, 34], [17], [10, 22, 2, 7, 14, 28, 0, 8, 26]]
[[16, 27, 4, 19, 34, 9, 21, 35, 12, 8, 28, 20, 38, 31, 37, 17, 32, 5, 10, 24, 29, 18], [11, 13, 4, 20, 7, 15, 19, 3, 17, 12, 16, 8], [22, 17, 32, 21, 28, 6, 8, 15, 26, 29, 1, 3], [7, 1, 8, 4, 11, 14], [33, 37, 0, 2, 11, 19, 25, 30, 39, 48, 21, 44, 49, 13, 8, 24, 47, 43, 12, 20, 23], [33, 1, 24, 5, 26, 30, 36, 21, 31, 34, 37, 12, 7, 11, 27]]
[[12, 28, 7, 15, 9, 17, 13, 21, 1, 0], [21, 32, 36, 16, 13, 23], [8], [7, 0, 8, 12, 21, 15, 26], [11, 1, 7]]
[[14, 4, 10, 16, 2, 11, 17, 15, 1], [0, 8, 10, 5], [0, 11, 7, 9], [18, 44, 21, 1, 12, 16, 30, 23, 31, 22, 3, 26, 7, 29, 0, 25, 15, 2, 11], [16, 7, 8, 18, 20, 3, 17, 4, 5, 9], [12, 18, 6, 15, 20, 22, 19, 3, 14], [22, 6, 12, 8, 13, 2, 7, 3, 10, 18], [10, 19, 22, 8, 26, 29, 3, 24, 23, 16], [2, 7, 30, 9, 16, 18, 11, 19, 5, 0, 10, 13], [10, 1, 14, 12, 6, 11], [10, 16, 4, 13, 5, 14, 18, 20, 17, 0, 11], [5, 18, 14, 21, 10, 8], [11, 21, 17, 8, 9, 19, 22]]
[[15, 5, 4, 2, 16, 12, 11], [16, 6, 8, 10, 4, 15, 2], [8, 6, 0], [12, 21, 6, 9, 0, 7, 10, 23, 17, 4], [0, 4, 7, 16, 3, 21, 12, 17, 6], [13, 15, 17, 0, 3, 7], [20, 15, 8, 28, 2, 6, 23, 5, 16, 0, 12, 11, 26], [0]]
[[20, 2, 7, 8, 11, 9, 15, 4, 14, 0, 5], [7, 23, 17, 24, 0, 12, 26], [8, 16, 3, 6, 11, 4, 9], [11, 18, 20, 2, 15, 23, 26, 3, 8]]
[[14, 24, 31, 4, 19, 1, 16, 8, 22, 28, 2, 11, 21, 0, 10, 20], [12, 1, 5, 17], [2, 15, 17, 8], [3, 14, 24, 16, 18, 28, 0, 6, 22, 4], [12, 5, 7, 17], [4, 15, 2, 5, 0, 9, 11, 24, 16, 25], [32, 13, 27, 30, 18, 31, 3, 15, 38, 41, 42, 37, 21]]
[[10, 3, 18, 15, 21, 24, 26, 13, 27, 4, 19, 7, 6], [2, 11, 17, 13, 8, 0], [31, 15, 27, 10, 18, 1, 17, 21, 29, 2, 11, 20], [11, 24, 1, 13, 22, 3], [7, 10, 12, 0, 6, 11, 5], [12, 25, 26, 1, 14, 8, 17, 28, 34, 36, 6, 16, 5], [17, 8, 19, 4, 12, 2], [10, 22, 12, 18, 24, 25, 23]]
[[0, 9, 2, 4, 10, 1, 13], [9, 7, 19, 2], [8, 1, 4, 12], [14, 6, 0], [4, 0, 12], [6, 4, 2], [4, 3, 6, 10, 17, 0, 7], [15, 12, 0, 1, 18, 6, 17, 13, 10], [1, 9, 12, 10, 13, 17, 20, 0, 19], [4, 1, 6, 17, 7, 13, 21, 2, 16]]
[[1, 21, 29, 13, 14, 4, 10, 19, 24, 32], [4, 0, 6], [6, 11, 3, 9, 2, 16], [2, 12, 7, 14], [5, 16, 0, 11, 18, 1], [13, 17, 10, 11, 9, 19, 1, 4, 20], [2, 1, 3], [1, 5, 0, 16, 8, 11], [9, 7, 11, 15, 4, 5], [14, 21, 25, 1, 2, 4], [7, 0, 5, 9, 3, 18, 20, 2, 23]]
[[15, 21, 17, 23, 24, 6, 5, 10, 11], [9, 25, 2, 12, 5, 1, 21, 18, 6], [16, 6, 11, 14, 2, 9, 1, 0, 3, 12], [13, 0, 1], [10, 19, 0, 16, 3, 15, 14, 18, 1, 17], [7, 11, 5], [15]]
[[2, 1, 9], [12, 2, 5], [3, 23, 16, 0, 6, 28], [17, 2, 3, 21, 27, 22], [14, 22, 11, 18, 15, 16, 9], [0, 14, 20, 1, 9, 18, 25, 10, 6, 8]]
[[7, 18, 1, 5, 8, 11, 16, 10, 15, 0], [4, 0, 12, 21, 1, 7, 10], [29, 2, 13, 20, 22, 0, 3, 7, 23, 12, 26, 6, 11, 19, 5], [12, 19, 9, 14, 21, 3, 7, 10, 15], [5, 24, 6, 17, 9, 0], [4, 18, 6, 9], [], [3]]
[[11, 1, 2, 4], [4, 1, 6, 7, 11, 10, 2], [19, 3, 1, 8, 11, 16, 12, 4, 2], [9, 17, 3, 7, 21, 23, 4, 10, 19, 27], [3, 1, 16, 9, 7, 10]]
[[15, 3, 22, 1, 4, 10, 16, 0, 18, 7], [8, 13, 2, 18, 4, 9, 15, 22, 5], [3, 12, 7, 17, 20, 24, 1], [6, 20, 11, 16, 0, 1, 4, 9, 23, 27], [4, 15, 21, 8, 11, 0], [14, 26, 0, 28, 1, 12]]
[[9, 12, 15, 23, 25, 26, 20, 22, 0, 19], [6, 20, 14, 9, 0, 4, 7, 10, 18, 2], [10, 14, 21, 1, 16, 25], [18, 34, 9, 20, 2, 6, 11, 14, 23], [14, 20, 17, 10, 0, 5, 18, 2, 7, 22], [18, 31, 34, 37, 25, 7, 11, 20, 42, 2, 5, 8, 12, 16, 21, 29], [9, 1, 3, 6]]
[[4, 25, 35, 15, 27, 12, 22], [9, 22, 6, 14, 19, 1, 4, 0, 11], [30, 18, 6, 10, 12, 14]]
[[5, 21, 25, 2, 6, 22], [16, 3, 9, 5, 0, 20], [10, 6, 0, 7], [12, 15, 19, 4, 7, 17, 5], [20, 33, 3, 10, 32, 0], [2, 0], [13, 6, 18, 0, 10, 15], [15, 8, 11, 16], [20, 30, 3, 31, 10, 0, 15, 24, 34, 41], [3, 0, 6], [21, 11, 22], [12, 3, 14, 0], [0, 1, 5, 7], [], [10, 3, 8]]
[[7, 9, 12, 3, 10, 2, 8, 6, 5], [19, 14, 5, 7, 9, 2, 10], [7, 10, 1, 12], [11, 24, 4, 0, 15, 20, 22, 16, 13, 5], [8, 13, 20, 1, 15, 22, 3], [18, 30, 8, 2, 10, 23, 0, 12, 28, 27, 21, 11], [6, 1, 4]]
[[0, 10, 12, 8, 6, 1, 11, 2, 5, 3], [3, 4, 2, 8, 9, 10], [4, 10, 13, 6, 17, 16, 1, 3, 5, 8], [26, 7, 8, 6, 14, 15, 3, 10, 19], [33, 3, 10, 32, 7, 16, 20, 25, 0, 4, 8, 13, 18, 21, 26], [18, 21, 6, 23, 25, 5, 0], [10, 11, 19, 8, 14, 23, 24, 4, 20, 0, 2, 5, 15], [25, 31, 33, 17, 10, 19, 14, 6, 12, 22, 29, 21, 32, 5, 11, 0]]
[[4, 16, 18, 9], [36, 33, 11, 0, 8, 13, 18, 21, 27, 3, 9, 19], [5, 26, 4, 6, 7, 8, 11, 16, 23], [8, 0, 15, 12, 17, 20]]
[[13, 23, 19, 2, 20, 6, 1, 11, 10, 16, 21, 12, 14, 17, 24], [24, 2, 3, 5, 11, 7, 26, 16, 18], [19, 9, 11, 14, 21, 24, 27, 6, 12, 25, 8, 23, 4, 2, 0], [2, 4, 9, 13, 10, 1], [0, 18, 6, 11, 1, 8, 4, 2, 15, 10], [2, 11, 0, 12, 4, 10, 9, 5], [36, 14, 4, 16, 21, 2, 17, 10, 19, 35, 41, 0, 33, 37, 12]]
[[5, 8, 10, 16], [9, 5, 15, 3, 2, 10, 12, 8, 6], [11, 14, 18, 16, 9, 2, 6], [22, 10, 0, 8, 2, 15, 18, 27, 13], [12, 20, 7, 6, 13, 0, 9], [26, 7, 16, 17, 27, 6, 0], [14, 21, 8, 5], [17, 0, 2, 5, 14, 18, 22, 3, 21]]
[[4, 12, 19, 15, 6, 9, 17], [5, 12, 7, 13, 2, 17, 0], [4, 13, 6, 1], [20, 30, 34, 8, 25, 0, 4, 16, 22, 36], [8, 12, 15, 26, 17, 19, 2, 10, 6, 0]]
[[15, 28, 21, 23, 3, 17, 6, 26, 24, 7], [25, 15, 5, 17], [18, 7, 13, 9, 6, 0, 15, 16, 10, 8], [3, 17, 0, 10, 21, 24, 8], [14, 5, 20, 0, 12, 24, 27, 1, 10, 22], [14, 22, 7, 25, 27, 29, 30]]
[[17, 30, 19, 0, 3, 1, 12, 28, 31, 33, 21, 27, 20, 26, 22, 34, 24], [2, 4, 12, 17, 0, 5, 18, 7, 3], [1, 9, 3, 11, 12, 6, 14, 5, 4], [30, 21, 34, 23, 18, 20, 5, 9, 16, 26, 36, 6], [18, 22, 35, 3, 7, 31, 5, 9, 15, 28], [10, 30, 40, 46, 38, 43, 18, 36, 48, 12, 32, 60, 61]]
[[2, 5, 8], [8, 3, 6, 11], [14, 3, 12, 5, 19, 0, 6], [3], [8, 4, 11, 12, 5, 1], [12, 5, 0, 17, 3, 18], [13, 4, 2, 8, 5, 3], [18, 30, 5, 0, 24, 27, 3, 7, 14, 21], [20, 26, 5, 15, 4, 14, 10], [19, 27, 11, 5, 20, 0, 17, 24, 14]]
[[12, 14, 18, 0, 4, 9, 15, 13, 3], [3, 19, 17, 1, 16, 6, 15, 0, 14, 2, 20, 4], [2, 4, 5], [25, 0, 17, 30, 9, 13, 20], [2, 7, 20], [2, 4, 6, 17], [11, 3, 6, 8, 0, 14, 2, 12, 13], [11, 6, 9, 0, 7, 3, 4], [5, 20, 16, 0, 8, 11], [4, 11, 13, 14, 1, 7], [9, 18, 4, 15, 21, 0, 3, 5, 12], [29, 12, 14, 19, 22, 24, 16, 20, 9, 15]]
[[], [13, 8, 10, 7, 0, 3, 2, 9, 15, 6, 14], [11, 16, 20, 18, 2, 8, 14, 0, 7, 3], [21, 2, 7, 4, 10, 14, 0, 5, 8, 3, 11, 18], [8, 27, 2, 23, 25, 16, 10, 18, 22], [10, 30, 2, 22, 25, 0, 3, 8, 19, 5, 14, 18]]
[[8, 0, 3, 9, 2, 6], [13, 1, 2, 4, 8, 3], [4, 10, 2, 12], [10, 4, 2], [0, 2, 15, 3], [6, 1, 3], [2, 5, 6, 13], [16, 31, 20, 2]]
[[7, 9, 16], [12, 3, 7, 9, 0, 5, 2, 4], [11, 6, 15, 3, 7, 16, 10], [4, 0, 9, 7], [22, 0, 11, 20, 1, 6, 12, 17, 4], [17, 8, 9, 19, 12, 3], [7, 20, 21, 12, 23, 1, 9, 24, 8, 22, 17, 0], [8, 2, 0, 9, 15, 14], [5, 11, 9, 2, 0, 7]]
