[[13, 17, 2, 9, 21], [4, 20, 0, 17], [3, 8], [3, 15, 20, 1], [17], [23, 12, 30, 0, 13], [7, 14, 27], [1], [3]]
[]
[[20, 16, 18, 7], [2, 4], [21, 16, 17, 6, 22], [4, 10], [], [4, 10, 18, 2], [], [25, 7, 17, 27, 18, 26], [6, 9, 12, 29, 14], [12, 7, 15]]
[]
[[9], [8, 6], [4, 5], [8, 19], [21, 4], [11, 2], [10, 14, 11, 16, 0], [5, 11, 1], [19, 18]]
[]
[[5, 16, 22], [5, 9], [18, 33, 10, 22, 29], [9, 17], [], [1], [12, 33, 23, 37]]
[]
[[9, 6, 11, 0, 4], [26, 29, 9, 23, 8, 22, 19], [3, 7, 26, 0, 14], [37, 49, 61, 73], [], [4, 5], [14, 11, 16, 5, 9]]
[]
[[19, 33, 2, 26], [6], [0, 35, 8], [3, 20], [12, 3], [13, 11], [4, 12], [17], [13]]
[]
[[14], [23, 18, 8, 26], [1], [21, 0, 11], [15, 21]]
[]
[[9], [4, 0], [1], [4], [24], [15, 24], [2, 13, 28, 34, 10, 15, 25]]
[]
[[2, 19], [7, 16, 2, 30, 4], [6, 2, 4, 12], [17, 6]]
[]
[[8], [], [11, 26, 32], [8]]
[]
[[8, 14], [1, 4], [8], [2], [18, 6, 8], [9, 27], [6, 8, 13], [9, 29, 19, 39], [13], [20]]
[]
[[16, 9, 21, 0, 4], [1, 10, 15, 3], [17], [9, 4, 17], [6], [5], [16, 14], [], [8], [15, 13], [], [8], [16, 15], [11, 3, 8, 13, 0], [7, 1], [3]]
[]
[[7, 12], [7, 12, 5, 22], [17, 27], [1, 4, 11], [8, 10], [23, 9], [11, 5, 2, 4], [0, 9, 11]]
[]
[[9, 0, 3, 7], [9, 7, 1], [23, 4], [12, 7], [17, 20]]
[]
[[16, 8, 0], [9, 2], [6, 11, 18, 5], [2, 3, 5, 20], [6, 11, 27, 17, 5], [2], [0, 16, 26], [8, 5], [9, 6, 0]]
[]
[[6, 10], [12, 24, 15, 0], [], [0, 7], [], [31, 9], [13, 16], [7, 12], [6], [12]]
[]
[[6, 1, 3], [21], [18, 11, 28, 9], [5], [13, 0, 8]]
[]
[[10, 12, 3], [13, 15, 8], [], [10, 1, 8], [13, 6, 10], [3, 2], [16, 9, 1, 10], [1, 8], [9, 0], [2, 9, 5], [15, 3, 13, 6, 9, 18], [13]]
[]
[[9], [8, 2, 5], [12, 27], [], [6], [14, 19], [43, 0, 4, 21, 12]]
[]
[[5, 12], [9], [1], [5, 0, 13, 3], [], [3, 9, 18, 14], [0, 15], [1], [], [11], [15], [], [5, 17], [0], [7, 5], [10, 15, 6]]
[]
[[9, 21, 22], [8], [21, 34, 0, 13], [4, 18], [6, 17]]
[]
[[10, 3, 5], [12, 22], [4, 11, 5, 10, 12, 8], [7, 12, 1, 10], [23, 6, 10, 0, 18, 21], [4, 16], [6, 16, 0], [4, 11, 16], [24, 20, 15, 13], [12, 13, 0], [5, 12, 0, 6], [0, 10], [5, 9, 14, 8, 13], [15, 21], [11]]
[]
[[2, 6], [14], [4, 6, 20], [9, 6, 12], [8, 5, 12], [6, 11], [10, 14, 5], [33, 11, 19]]
[]
[[22, 32, 6, 23, 30, 35, 29], [33, 18, 3, 19], [3], [7], [6, 42], [0, 1, 2, 15, 18, 22], [20, 15, 13]]
[]
[[14, 10], [2, 0], [16, 0], [15, 26, 8, 4], [], [8], [0], [14, 4]]
[]
[[11, 2, 9], [11, 16, 0], [17, 3], [7, 4, 12, 14, 20, 2], [], [11, 20, 22, 3, 9], [15, 0]]
[]
[[10], [22, 0], [2, 17], [3, 17, 13, 25], [17], []]
[]
[[8, 13, 2], [18, 15, 21], [30, 5, 9], [8, 3, 22, 27, 0], [11, 15, 19, 2], [0, 4, 7], [6, 2, 10], [23, 0], [9, 13, 15]]
[]
[[15, 9, 18], [8, 3], [9, 0, 3, 13], [9], [11, 4], [6, 8, 2], [7, 11, 4, 16], [27, 2, 7, 10, 16], [0], [3]]
[]
[[14, 17, 26], [], [15, 24, 28], [14, 8, 5], [18], [5, 16, 12], [4, 12, 15]]
[]
[[18, 8, 12], [15, 5, 13, 18, 6], [9, 4, 13], [], [15, 33], [0], [11, 8, 16, 5, 9]]
[]
[[14, 5], [5, 13, 6, 11, 18], [14, 5], [13]]
[]
[[3, 6, 12], [11, 17, 14], [6, 7], [5, 0, 13], [0, 4], [20, 12, 15, 0, 4]]
[]
[[13], [9, 6, 7], [13, 20], [], [6, 12], [17], [9], []]
[]
[[2], [10, 8], [0, 13], [1], [44], [1, 3], [10]]
[]
[[24, 31, 11, 6, 14], [2, 13], [3], [17], [22], [15]]
[]
[[15, 20], [2, 6, 16], [16], [1], [6, 9, 15], [13, 5, 2, 17, 0, 3, 7], [18]]
[]
[[4, 2, 14, 11], [22, 3], [25, 5, 27, 30], [6], [5, 11, 0], [9], [22, 2, 15], [9, 13], [11, 14]]
[]
[[5, 7], [22], [56, 24, 41, 58, 15, 22], [10, 13, 23], [46, 15, 2, 11, 17, 24], [2, 28, 23]]
[]
[[6], [5], [26, 16, 19], [11, 20, 19], [14, 18], [13, 2, 10], [12], [0, 12, 5], [1], [16, 2], [], [3]]
[]
[[7, 15, 21, 24], [5], [10, 19], [5, 16], [8], [14, 17, 21, 3, 11], [8, 4, 2], [16]]
[]
[[11, 0], [10], [0], [], [0]]
[]
[[2, 8], [5], [8, 28, 26], [3], [25, 1], [24, 5], [27, 2, 5, 15, 12], [6, 2], [2, 9], [3, 9, 12], [4, 33, 32, 15]]
[]
[[8, 18, 11, 12, 6, 22], [], [4, 8, 10], [9, 21, 4, 1], [7, 19, 0, 8], [9], [17, 8, 21, 19], [14], [5], [2, 6, 15, 0, 4], [13, 5], [2, 7]]
[]
[[4], [12, 7]]
[]
[[20, 14, 6], [1, 3, 13, 15, 11, 0], [10, 8, 16], [], [], [2, 17], [23, 1, 10], [], [18, 1, 24]]
[]
[[17, 13, 0, 11, 10], [6], [3, 9, 7, 10, 5, 16], [35, 48, 41, 49, 29, 25, 11, 23, 46, 7], [13, 7], [5, 14, 26], [14, 28]]
[]
[[9, 20, 14], [], [2, 7], [7], [19, 1, 4], [3], [11, 6, 17], [12, 15, 22, 16], [6], [16], [10, 3, 5, 12, 4], [5, 0, 13], [14, 7]]
[]
[[6, 12, 20, 10], [9, 1], [38, 9, 4, 14], [18, 2], [17], [23, 5, 17]]
[]
[[13], [8], [7, 0, 3, 8], [], [0], [2], [], [0], [], [5]]
[]
[[8, 19, 5], [17, 1, 18, 5], [8, 16, 14], [7, 11, 17], [20, 6, 0], [29, 11, 17, 26, 31, 0], [5, 23, 15]]
[]
[[13, 7, 18], [2], [], [5], [10, 4], [2, 4], [1], [6], [2, 13], [11, 0, 1], [16, 18], [11, 9]]
[]
[[14, 7, 4], [23, 2], [2], [9, 0], [20], [7, 11, 21, 9], [26, 28, 3], [17, 9, 5, 19, 23], [17, 21, 22]]
[]
[[22, 12, 6, 14], [2, 4, 15, 0], [22, 25, 0], [2, 29, 12, 5, 17, 26, 0, 24, 39, 16], [23, 9, 29, 0, 3, 14, 20, 22], [22, 40, 2, 0, 18, 41, 26, 23], [27, 16, 11], [3, 18, 26, 19, 11]]
[]
[[4, 2], [20, 9, 6, 15], [], [15, 3, 13, 6, 19, 0], [1], [7, 3], [9, 16, 1], [16], [16], [6, 2], []]
[]
[[17, 6, 10], [13], [], [12, 0], [17], [11, 5]]
[]
[[3, 12, 15], [8, 15, 7], [6, 26, 36, 9], [6], [20, 6, 0, 7]]
[]
[[17, 2, 0], [19, 14, 7, 10], [27, 7], [16, 9], [5, 18, 13]]
[]
[[21, 5, 17, 23, 10], [17, 29, 10, 13], [17, 28, 44, 23, 0], [2, 7, 10], [4], [0, 10], [6, 0, 17], [23, 45, 9, 46], [16, 23, 9, 30, 4]]
[]
[[19, 11, 28, 4, 21], [15, 2, 4, 9], [2, 21, 0, 9, 18], [2], [0], [10, 7], [32, 11, 3, 5, 17, 8], [21, 28]]
[]
[[11, 19], [19, 14, 21, 29, 32, 0], [4, 0], [14, 7], [4], [9], [5, 15, 13], [10, 0, 4, 7, 26]]
[]
[[3], [], [], [], [52, 16, 74, 8, 13, 35, 63, 32, 41, 75, 15, 43, 40, 70, 30], [2, 16, 15, 5, 12]]
[]
[[15, 9, 17], [13, 2, 15], [4], [10], [4]]
[]
[[2], [8, 2, 12], [7], [2], [16, 21, 8, 18], [8, 12], [0]]
[]
[[21], [20, 12, 30], [17, 10, 3, 5, 20], [2, 21, 10], [15, 3, 12, 6, 10], [9, 14, 11], [18, 8, 6, 13, 22, 25, 10], [12, 11, 20, 14]]
[]
[[0, 6], [13, 27, 9], [4], [3], [2, 12, 14], [9], [], [16, 28], [0, 12, 15]]
[]
[[12, 14, 19, 23, 5], [10, 12], [8, 4, 16], [5, 11], [4, 17, 20, 12], [4, 35, 1, 25], [3, 12, 10, 15, 7, 6], [7, 11, 17, 4, 14, 1], [24, 35, 12, 2], [1, 17, 23, 35, 9]]
[]
[[13, 12, 3], [], [32, 7, 22], [6, 22, 2], [26, 6, 18], [8]]
[]
[[3, 17, 5, 14, 13], [5, 15, 2, 0, 6], [16, 27, 6, 28], [1, 16, 13, 18, 23, 4], [12, 22, 24, 4, 9, 2, 21], [9, 0, 8, 12]]
[]
[[3, 12], [10, 20, 22, 16], [1, 6, 16], [11, 13, 15, 21], [3, 1, 26, 6], [28, 29, 7, 33], [14], [23, 17, 18, 21, 1], [1]]
[]
[[20, 8, 29, 9], [0, 4, 15], [0, 12, 18], [10], [11], [38, 8, 22, 4], [31, 1, 11, 5, 50], [14, 28], [10, 26, 31, 7, 6, 22, 28, 36]]
[]
[[7, 16, 6], [18], [14], [6], [0, 1, 5], [21, 10], [12, 1], [12, 4], [16, 9, 22]]
[]
[[7, 2], [23, 8, 13], [5], [], [], [5, 7], [5, 7], [], [], [10, 16, 13], [1], [0, 7], [0, 7], [], [7]]
[]
[[18, 21, 4, 22, 27, 30, 8, 20], [25, 0, 17, 1], [12, 0, 4], [4, 10, 15, 6, 11, 2]]
[]
[[10, 15, 25, 28], [18, 17], [4], [7, 4], [10, 5, 19, 2, 26, 28, 0], [15, 3, 13], [16, 9, 0]]
[]
[[13, 0, 4, 17], [5, 8], [16, 5, 7, 13], [1, 13], [], [12, 6], [2, 5, 14], [1, 3, 14, 2], [], [17, 19, 11, 9], [4, 9], [], [19], [8, 9], [], [9, 22], [], [15, 14, 1], [1], [], [10, 3], []]
[]
[[5, 10], [11, 17, 22, 8, 14, 19, 2], [23, 41, 7, 12], [17, 22, 0, 4], [13, 7, 10], [6, 23, 8]]
[]
[[28], [14, 5], [0, 6, 23], [27, 18], [12, 1], [4, 15], [], [3]]
[]
[[8, 11], [19, 13, 20], [27, 0, 4, 21], [1]]
[]
[[6], [2, 1], [7], [7, 0, 8], [0, 10], [26, 9], [0, 9, 11]]
[]
[[0], [8, 14, 23, 0, 12], [25, 8, 3], [5, 25], [4, 7, 24, 2], [6], [6, 2, 17, 0], [2], [11]]
[]
[[21, 3, 14, 29, 39, 0], [9], [3, 21, 22, 24, 0, 31, 16, 13, 18], [18, 0, 3, 40, 14, 28, 34, 45], [6, 12, 21, 27, 37], [9, 13], [12, 2, 0, 1, 6, 18], [11, 28, 2, 19, 8, 0], [14, 33, 6, 11, 16, 25, 28, 31]]
[]
[[18, 31, 23], [19, 14], [1, 6], [30, 11, 13, 37], [19, 15, 5], [23, 31, 28, 30, 21], [20, 25, 2, 6, 0], [], [0]]
[]
[[4, 12, 14, 23], [10, 3, 2], [1, 6, 12], [22, 10, 2, 15], [17, 2, 5]]
[]
[[10, 17, 7, 15, 18], [4, 17, 35, 76, 19, 84, 93, 98, 13], [12, 18], [16, 23, 3, 25], [14, 8], [2], [10, 29, 27, 8, 16]]
[]
[[34, 4, 19, 27, 32, 9, 35, 8, 17, 20, 31, 16, 37], [11, 13, 7, 16], [29, 21, 3], [7, 8], [37, 2, 30, 48, 13], [33, 30, 36, 34]]
[]
[[14, 10, 16, 2], [10], [7, 11], [21, 25, 7, 3, 29], [16, 20, 8, 3], [15, 18, 22], [6, 10, 12, 13], [16, 22, 26], [13, 16, 18], [1, 14], [16, 20], [8, 5, 18, 14], [8, 21, 9]]
[]
[[7, 14, 9, 8], [7, 24], [8, 3], [26, 18, 20, 2]]
[]
[[21, 15, 13, 4], [11, 2, 17, 34, 13], [39, 13, 22, 44, 3], [36, 1, 8, 28], [34, 8, 40]]
[]
[[14, 21, 4, 10], [4, 0], [6], [12], [16, 0], [13, 17, 11, 1, 9], [1], [5, 0, 16], [9, 5], [21, 2], [20, 0, 5]]
[]
[[2, 1], [12], [16], [17, 2, 21, 27], [16], [0, 9]]
[]
[[2, 1], [4, 1, 6], [19, 1, 8, 11], [9, 23, 17, 3, 7, 4], [1]]
[]
[[15, 23, 25], [6, 4, 7], [14, 21, 1], [18, 2, 6], [7, 0], [18, 37, 2, 7, 11, 42], [1]]
[]
[[5], [9], [0], [7, 4, 17], [33, 10], [0], [18], [15, 11], [30, 10], [0], [11], [], [7, 1], [], [3]]
[]
[[12, 10, 2], [2], [4, 8, 13], [26, 8, 3, 7], [7, 10, 20, 25, 4], [18, 6], [10, 14, 11, 8, 23, 2, 20, 24], [17, 19, 33, 6, 12]]
[]
[[23, 2, 1, 11], [24, 3, 5], [12], [], [2], [0, 9, 4], [4]]
[]
[[15, 6], [17], [13], [20, 30, 4], [12]]
[]
[[3, 28, 20, 30], [0, 12], [9, 11], [21, 26, 34, 20], [18, 31, 7, 5], [40, 43, 18, 48]]
[]
[[12, 18, 0, 4, 9], [6, 1, 3, 2, 15], [2], [25, 0, 17, 30], [7, 2], [4], [3, 0], [6, 9, 0], [], [4, 11, 13, 14], [18, 0, 4], [12, 14, 16]]
[]
[[0, 3, 9], [13, 2, 4, 1], [4, 31, 12], [0, 2, 15], [6, 16, 1], [16, 20]]
[]
