[[13, 17, 2, 9, 21, 16, 10], [4, 20, 0, 17, 18, 21], [3, 8, 0, 14, 4], [3, 15, 20, 1], [17, 26], [23, 12, 30, 0, 13, 21, 27, 31, 11, 5, 24], [7, 14, 27, 37, 40, 3, 9], [1], [3]]
[]
[[20, 16, 18, 7, 15, 13, 21, 23], [2, 4, 5], [21, 16, 17, 6, 22, 23], [4, 10, 11], [], [4, 10, 18, 2, 8, 17, 14, 16], [], [25, 7, 17, 27, 18, 26, 4, 24, 8], [6, 9, 12, 29, 14, 18, 30, 10, 13, 19], [12, 7, 15, 22, 4]]
[]
[[9, 13, 10], [8, 6, 5], [4, 5, 15, 16, 20], [8, 19, 6, 14, 12], [21, 4, 22, 9, 10], [11, 2, 23], [10, 14, 11, 16, 0, 3, 24], [5, 11, 1, 13, 16, 3, 20], [19, 18, 25]]
[]
[[5, 16, 22, 14, 23], [5, 9, 10], [18, 33, 10, 22, 29, 3, 20, 26], [9, 17, 16], [2], [1, 13, 3, 16], [12, 33, 23, 37, 5, 16, 40, 8, 41]]
[]
[[9, 6, 11, 0, 4, 3, 13], [26, 29, 9, 23, 8, 22, 19, 27, 10, 20], [3, 7, 26, 0, 14, 27, 13, 10, 25], [37, 49, 61, 73, 108], [12, 18], [4, 5, 0], [14, 11, 16, 5, 9, 22, 8]]
[]
[[19, 33, 2, 26, 0, 8], [6, 7, 18, 1, 16], [0, 35, 8, 11], [3, 20, 7, 13], [12, 3], [13, 11, 0], [4, 12, 23], [17, 4, 19], [13, 23, 26, 34]]
[]
[[14, 12, 8, 9], [23, 18, 8, 26, 25, 12], [1, 11, 3], [21, 0, 11, 17, 5, 4], [15, 21, 12, 2, 6, 26]]
[]
[[9, 15, 6], [4, 0, 10, 18, 16], [1, 8, 4], [4], [24, 17, 22, 5, 8], [15, 24, 17, 16, 7, 11], [2, 13, 28, 34, 10, 15, 25, 19, 0, 6, 4, 23]]
[]
[[2, 19, 3, 9, 21], [7, 16, 2, 30, 4, 26, 14, 6, 33], [6, 2, 4, 12, 3, 13, 9, 10, 16], [17, 6, 11, 24, 41]]
[]
[[8, 16, 1], [6], [11, 26, 32, 20, 34], [8, 1, 2, 5]]
[]
[[8, 14, 16], [1, 4, 6, 7], [8], [2, 19, 0], [18, 6, 8, 9, 4, 19], [9, 27, 17, 36, 29], [6, 8, 13, 9], [9, 29, 19, 39, 31, 11, 16, 36, 12, 32], [13, 9, 15, 8], [20, 2]]
[]
[[16, 9, 21, 0, 4, 13, 19, 24, 10, 12], [1, 10, 15, 3, 9, 18], [17, 2], [9, 4, 17, 6, 15], [6, 7, 1], [5, 1, 6], [16, 14, 11], [], [8, 0, 5], [15, 13, 10, 25], [], [8, 14, 20, 0], [16, 15, 11, 0], [11, 3, 8, 13, 0, 5, 14, 4, 12], [7, 1], [3]]
[]
[[7, 12, 3, 14], [7, 12, 5, 22, 16, 24], [17, 27, 20, 12, 24], [1, 4, 11, 14], [8, 10, 3, 12], [23, 9, 2, 24], [11, 5, 2, 4, 0, 6, 16], [0, 9, 11, 19, 4]]
[]
[[9, 0, 3, 7, 4, 5], [9, 7, 1], [23, 4, 2, 27, 0], [12, 7, 1, 6], [17, 20, 5, 1]]
[]
[[16, 8, 0, 6, 5], [9, 2, 22, 20, 16], [6, 11, 18, 5, 10, 14, 19, 21, 22, 15], [2, 3, 5, 20, 15, 26], [6, 11, 27, 17, 5, 10, 26, 14, 28], [2, 3, 5], [0, 16, 26, 9, 27], [8, 5, 6, 16], [9, 6, 0, 1]]
[]
[[6, 10, 14, 18, 2], [12, 24, 15, 0, 20, 25, 6], [], [0, 7, 16], [], [31, 9, 32, 7, 4, 14], [13, 16, 5, 4, 14], [7, 12, 13, 16, 2], [6], [12, 1, 14]]
[]
[[6, 1, 3], [21, 11, 4], [18, 11, 28, 9, 25, 0, 33], [5, 16, 13], [13, 0, 8, 1]]
[]
[[10, 12, 3, 13], [13, 15, 8, 0, 4], [9], [10, 1, 8, 11, 16], [13, 6, 10, 1, 19, 8], [3, 2], [16, 9, 1, 10, 13], [1, 8, 14, 6], [9, 0, 1, 4], [2, 9, 5, 10, 4], [15, 3, 13, 6, 9, 18, 7, 10, 16, 5], [13, 15, 25]]
[]
[[9, 1, 7], [8, 2, 5, 4, 6], [12, 27, 8], [], [6, 0, 1], [14, 19, 9], [43, 0, 4, 21, 12, 27, 39, 33, 36, 46]]
[]
[[5, 12, 8, 15], [9, 17, 1], [1, 4], [5, 0, 13, 3, 14, 1, 6], [], [3, 9, 18, 14, 0, 15, 1], [0, 15, 2, 8], [1, 11], [], [11, 6, 1, 8], [15, 17, 0], [], [5, 17, 20, 0], [0], [7, 5, 0], [10, 15, 6, 20, 11]]
[]
[[9, 21, 22, 13, 1, 20, 19], [8, 0, 4, 15], [21, 34, 0, 13, 40, 49], [4, 18, 25], [6, 17, 23]]
[]
[[10, 3, 5], [12, 22, 23, 0, 6, 13], [4, 11, 5, 10, 12, 8], [7, 12, 1, 10], [23, 6, 10, 0, 18, 21, 8, 2, 5, 24], [4, 16], [6, 16, 0, 4, 18], [4, 11, 16, 10, 5, 12, 13, 8], [24, 20, 15, 13, 18, 22, 17], [12, 13, 0, 10, 20, 8], [5, 12, 0, 6, 11, 13, 14, 9], [0, 10, 8], [5, 9, 14, 8, 13, 0, 7, 15], [15, 21, 0, 11], [11, 14, 4, 0]]
[]
[[2, 6, 0, 5], [14], [4, 6, 20, 24, 2, 19], [9, 6, 12, 19], [8, 5, 12, 10], [6, 11, 28, 23], [10, 14, 5, 17], [33, 11, 19, 27, 24]]
[]
[[22, 32, 6, 23, 30, 35, 29, 33, 25, 16], [33, 18, 3, 19, 26, 32, 2, 6, 22], [3, 29, 5, 27], [7, 12], [6, 42, 4, 17, 22, 26], [0, 1, 2, 15, 18, 22, 31, 30, 27, 33, 14, 28], [20, 15, 13, 5, 23, 18, 9, 21]]
[]
[[14, 10, 19, 0, 7, 11], [2, 0, 7], [16, 0, 14, 2], [15, 26, 8, 4, 19, 5, 24], [11, 10], [8, 11], [0], [14, 4, 5, 12]]
[]
[[11, 2, 9, 5], [11, 16, 0, 6, 2, 17], [17, 3, 11, 5, 2, 9, 13], [7, 4, 12, 14, 20, 2, 5, 10, 15, 18, 21], [19, 5, 21, 0], [11, 20, 22, 3, 9, 17, 5, 16, 18], [15, 0, 6, 2, 8]]
[]
[[10, 8, 1], [22, 0], [2, 17, 12, 15], [3, 17, 13, 25, 22, 26, 27], [17, 19, 0, 14], [1]]
[]
[[8, 13, 2, 0], [18, 15, 21, 29, 5, 8, 11, 19, 23], [30, 5, 9, 6, 18], [8, 3, 22, 27, 0, 16, 9], [11, 15, 19, 2, 8, 13, 16, 5, 12], [0, 4, 7, 14, 3, 13], [6, 2, 10, 0, 3, 11], [23, 0, 4, 27], [9, 13, 15, 16, 20, 7]]
[]
[[15, 9, 18, 8, 0, 11, 13], [8, 3, 21, 25, 13], [9, 0, 3, 13, 2, 11, 5, 7], [9, 7], [11, 4, 3, 7, 6], [6, 8, 2, 15, 18], [7, 11, 4, 16, 8, 3, 0], [27, 2, 7, 10, 16, 12, 14], [0, 2], [3]]
[]
[[14, 17, 26, 0, 11, 15, 18, 6], [0, 3, 12, 6], [15, 24, 28, 10, 21, 29, 5, 20, 1], [14, 8, 5, 4, 15], [18, 8, 19], [5, 16, 12, 23, 20], [4, 12, 15, 13, 16, 0]]
[]
[[18, 8, 12, 13, 21, 19], [15, 5, 13, 18, 6, 8], [9, 4, 13, 5], [0, 14], [15, 33, 19, 3, 17, 20], [0, 2], [11, 8, 16, 5, 9, 0, 13]]
[]
[[14, 5, 20, 2, 15], [5, 13, 6, 11, 18, 17, 10, 14], [14, 5, 18, 21, 4], [13, 6]]
[]
[[3, 6, 12, 21, 24, 22], [11, 17, 14, 13], [6, 7, 11, 10], [5, 0, 13, 1, 26, 21], [0, 4, 9, 7], [20, 12, 15, 0, 4, 22, 13, 10, 14]]
[]
[[13, 18, 23, 4], [9, 6, 7, 10, 17, 14], [13, 20, 3], [8, 0], [6, 12, 10, 13, 16, 20], [17, 12], [9, 7], [6, 9, 12]]
[]
[[2, 13, 1, 12, 17], [10, 8, 2, 3, 0, 11], [0, 13, 12, 4], [1, 8], [44, 7, 25, 28, 31, 23], [1, 3, 7, 15], [10, 2, 3]]
[]
[[24, 31, 11, 6, 14, 20, 28, 12, 21], [2, 13, 4, 26, 27], [3, 22, 29], [17, 10], [22], [15, 19]]
[]
[[15, 20, 18, 22], [2, 6, 16, 10, 17, 3, 13], [16, 4], [1, 10], [6, 9, 15, 12, 14, 0, 3], [13, 5, 2, 17, 0, 3, 7, 9, 15], [18, 2, 12]]
[]
[[4, 2, 14, 11, 10, 17], [22, 3, 0, 4], [25, 5, 27, 30, 28], [6, 1], [5, 11, 0, 8], [9, 0], [22, 2, 15, 30, 0, 5, 17], [9, 13, 10], [11, 14, 39, 24, 40]]
[]
[[5, 7, 9, 12], [22, 25, 4], [56, 24, 41, 58, 15, 22, 25, 39, 42, 46, 59, 7, 48, 1, 3], [10, 13, 23, 0, 11, 14, 27, 30, 22, 8], [46, 15, 2, 11, 17, 24, 3, 6, 18, 22, 25, 1, 32], [2, 28, 23, 30, 9, 12]]
[]
[[6, 12, 2], [5, 8, 19], [26, 16, 19, 8, 13, 27], [11, 20, 19, 13, 2], [14, 18, 2, 17], [13, 2, 10, 6, 8], [12], [0, 12, 5, 4], [1, 4], [16, 2, 8, 21, 0, 15], [], [3]]
[]
[[7, 15, 21, 24, 0, 3, 19, 22], [5], [10, 19, 9, 16], [5, 16, 9, 10], [8, 1, 3, 7], [14, 17, 21, 3, 11, 15, 22], [8, 4, 2, 11, 16, 1, 9], [16, 4, 9, 14]]
[]
[[11, 0, 4, 13], [10, 0, 8, 11, 17], [0, 5], [16], [0, 2]]
[]
[[2, 8], [5, 2, 3, 12], [8, 28, 26, 12, 20, 6], [3, 8, 9], [25, 1, 3, 23, 12], [24, 5, 14, 17, 0], [27, 2, 5, 15, 12, 1, 28, 30, 26, 13, 22], [6, 2, 1], [2, 9, 15, 10, 8, 0, 5], [3, 9, 12, 21, 14], [4, 33, 32, 15, 21, 35, 28, 6, 11]]
[]
[[8, 18, 11, 12, 6, 22, 19, 16], [5], [4, 8, 10, 6, 2, 5], [9, 21, 4, 1, 3, 6, 14], [7, 19, 0, 8, 22, 4, 18, 1], [9, 8, 2, 6], [17, 8, 21, 19, 7], [14, 9], [5, 4], [2, 6, 15, 0, 4, 13, 3, 17], [13, 5, 8], [2, 7, 21, 15, 20]]
[]
[[4, 1], [12, 7, 9, 19, 22, 0]]
[]
[[20, 14, 6, 12, 0], [1, 3, 13, 15, 11, 0, 12], [10, 8, 16, 19, 0, 14], [], [], [2, 17, 3], [23, 1, 10, 5, 15, 3, 24], [], [18, 1, 24, 14]]
[]
[[17, 13, 0, 11, 10, 18, 21, 16, 23], [6, 3, 4, 14], [3, 9, 7, 10, 5, 16, 12, 14], [35, 48, 41, 49, 29, 25, 11, 23, 46, 7, 15, 20, 45, 3, 56, 18], [13, 7, 0], [5, 14, 26, 27, 23, 8, 4], [14, 28]]
[]
[[9, 20, 14, 17, 16], [5], [2, 7, 8, 4, 11, 9], [7, 11, 3], [19, 1, 4, 17, 15, 7], [3], [11, 6, 17, 7], [12, 15, 22, 16, 3, 19, 20, 6], [6, 1, 8, 3], [16, 5, 18], [10, 3, 5, 12, 4, 16], [5, 0, 13, 1, 14], [14, 7, 5]]
[]
[[6, 12, 20, 10, 13, 30, 5, 15, 2], [9, 1, 12], [38, 9, 4, 14, 29, 23, 30, 40, 36], [18, 2, 21, 11, 13], [17, 16, 13], [23, 5, 17, 10]]
[]
[[13, 15], [8], [7, 0, 3, 8], [], [0], [2], [], [0], [17], [5, 9, 8, 13]]
[]
[[8, 19, 5, 9, 7], [17, 1, 18, 5, 25, 10, 2], [8, 16, 14, 13], [7, 11, 17, 8, 18, 20], [20, 6, 0, 15], [29, 11, 17, 26, 31, 0, 24, 7], [5, 23, 15, 1, 14, 3, 19]]
[]
[[13, 7, 18, 15], [2, 6], [6], [5, 12], [10, 4, 11], [2, 4, 1, 8], [1, 9], [6, 21], [2, 13, 9, 1], [11, 0, 1, 18, 14], [16, 18, 5, 3], [11, 9, 1]]
[]
[[14, 7, 4, 0], [23, 2, 12, 1, 15], [2, 3, 33, 10], [9, 0, 7, 10], [20, 0, 5, 11, 17, 7], [7, 11, 21, 9, 1, 4], [26, 28, 3, 18], [17, 9, 5, 19, 23, 25, 26, 2], [17, 21, 22, 5, 4, 11]]
[]
[[22, 12, 6, 14, 0, 13], [2, 4, 15, 0, 7, 18, 19], [22, 25, 0, 21], [2, 29, 12, 5, 17, 26, 0, 24, 39, 16, 4, 30, 3, 32, 28, 9, 40], [23, 9, 29, 0, 3, 14, 20, 22, 1], [22, 40, 2, 0, 18, 41, 26, 23, 19, 33, 37], [27, 16, 11, 20, 5, 10], [3, 18, 26, 19, 11, 14, 28, 15, 10]]
[]
[[4, 2, 17, 10, 8], [20, 9, 6, 15, 25, 2, 18, 16, 1], [1], [15, 3, 13, 6, 19, 0, 14], [1, 11, 13], [7, 3, 22, 4], [9, 16, 1, 14], [16, 14, 0], [16, 2], [6, 2], []]
[]
[[17, 6, 10, 19, 11, 15, 4], [13, 7, 12], [7, 3, 11, 22], [12, 0], [17, 5, 11], [11, 5]]
[]
[[3, 12, 15, 6, 0, 16], [8, 15, 7, 13, 21, 24], [6, 26, 36, 9, 41, 39], [6, 10, 14], [20, 6, 0, 7, 23, 5, 4]]
[]
[[17, 2, 0, 6, 11, 4, 18, 5], [19, 14, 7, 10, 5, 11, 1, 4], [27, 7, 24, 35, 12], [16, 9, 10, 19, 6], [5, 18, 13, 21, 15, 1, 14]]
[]
[[21, 5, 17, 23, 10, 14, 2, 22, 24], [17, 29, 10, 13, 25, 3, 26, 2], [17, 28, 44, 23, 0, 39, 14, 33, 36], [2, 7, 10, 5], [4, 11], [0, 10, 4], [6, 0, 17, 26, 2], [23, 45, 9, 46, 5], [16, 23, 9, 30, 4, 12, 18]]
[]
[[19, 11, 28, 4, 21, 25, 10, 20, 24, 9, 6], [15, 2, 4, 9, 29, 3, 21, 28, 19, 30], [2, 21, 0, 9, 18, 11, 17, 10, 27], [2], [0, 1], [10, 7, 13, 0, 14], [32, 11, 3, 5, 17, 8, 21, 40, 34, 36], [21, 28, 6, 40, 50, 29]]
[]
[[11, 19, 0], [19, 14, 21, 29, 32, 0, 6, 33, 36, 9, 3], [4, 0], [14, 7, 17, 20], [4, 0], [9, 0], [5, 15, 13, 25, 0, 20], [10, 0, 4, 7, 26, 5, 27, 2, 13]]
[]
[[3], [], [2, 8, 7], [3], [52, 16, 74, 8, 13, 35, 63, 32, 41, 75, 15, 43, 40, 70, 30, 34, 77, 46, 51, 14, 36, 64, 73], [2, 16, 15, 5, 12]]
[]
[[15, 9, 17, 22, 11, 4, 8], [13, 2, 15, 22, 0], [4, 10, 7], [10, 2], [4, 5, 15]]
[]
[[2, 0], [8, 2, 12, 0, 9, 13], [7, 0, 5, 8], [2, 9, 15], [16, 21, 8, 18, 9], [8, 12, 0, 10, 2], [0]]
[]
[[21, 7, 16, 15], [20, 12, 30, 24, 2], [17, 10, 3, 5, 20, 24, 22], [2, 21, 10, 31, 0, 24], [15, 3, 12, 6, 10, 17, 1, 9], [9, 14, 11, 4], [18, 8, 6, 13, 22, 25, 10, 9, 20, 21, 11, 30], [12, 11, 20, 14, 9, 4]]
[]
[[0, 6, 7, 5, 10], [13, 27, 9, 19, 31], [4, 23, 0], [3, 21, 6], [2, 12, 14, 19, 20], [9, 10], [22, 5], [16, 28, 8, 10, 24, 34], [0, 12, 15, 20, 7, 24]]
[]
[[12, 14, 19, 23, 5, 20], [10, 12, 2], [8, 4, 16, 1, 15], [5, 11, 18, 9, 17, 12, 29, 19], [4, 17, 20, 12, 18, 9, 14, 2, 10], [4, 35, 1, 25, 2, 22, 11, 0], [3, 12, 10, 15, 7, 6, 22, 8, 25], [7, 11, 17, 4, 14, 1, 20], [24, 35, 12, 2, 9, 8, 17, 22], [1, 17, 23, 35, 9, 4, 33, 30, 24]]
[]
[[13, 12, 3, 2, 9], [18], [32, 7, 22, 19, 6], [6, 22, 2, 15], [26, 6, 18, 16], [8]]
[]
[[3, 17, 5, 14, 13, 22, 24], [5, 15, 2, 0, 6, 1, 3], [16, 27, 6, 28, 5, 7, 10, 17, 26, 19, 25], [1, 16, 13, 18, 23, 4, 15, 19, 0, 21], [12, 22, 24, 4, 9, 2, 21, 23], [9, 0, 8, 12, 4, 3, 10, 22]]
[]
[[3, 12, 5, 4], [10, 20, 22, 16, 19, 3, 11, 7], [1, 6, 16, 18, 3], [11, 13, 15, 21, 5, 2, 12, 1], [3, 1, 26, 6, 42, 7, 23, 40], [28, 29, 7, 33, 34, 21, 37], [14, 4], [23, 17, 18, 21, 1, 0, 12, 6], [1, 5]]
[]
[[20, 8, 29, 9, 30, 12, 16, 21, 26, 1], [0, 4, 15, 6], [0, 12, 18, 13, 19, 17, 23, 3], [10, 14, 17], [11, 0], [38, 8, 22, 4, 24, 14], [31, 1, 11, 5, 50, 3, 9, 35, 39, 48], [14, 28, 7, 15, 23], [10, 26, 31, 7, 6, 22, 28, 36, 12, 17, 29, 41, 0]]
[]
[[7, 16, 6, 0], [18, 3, 21, 16], [14, 9], [6, 1], [0, 1, 5, 11, 10], [21, 10, 7, 11, 1], [12, 1, 9], [12, 4, 2, 14], [16, 9, 22, 32, 35, 20, 33, 2, 10, 24]]
[]
[[7, 2, 1, 4], [23, 8, 13, 21, 26, 6, 20, 3, 5], [5, 3], [], [], [5, 7, 10, 3], [5, 7, 0, 10], [], [3, 6], [10, 16, 13, 7], [1, 11, 10], [0, 7], [0, 7, 5, 12, 4, 11], [0], [7, 11]]
[]
[[18, 21, 4, 22, 27, 30, 8, 20], [25, 0, 17, 1, 14, 7, 26], [12, 0, 4, 13], [4, 10, 15, 6, 11, 2, 24, 7, 14]]
[]
[[10, 15, 25, 28, 22, 26, 3, 11], [18, 17, 1, 14, 4, 8], [4, 6, 12], [7, 4, 0, 12, 20], [10, 5, 19, 2, 26, 28, 0, 11, 6, 17, 37], [15, 3, 13, 16], [16, 9, 0, 20, 4]]
[]
[[13, 0, 4, 17, 8, 14, 23, 9], [5, 8, 2, 9], [16, 5, 7, 13, 6, 24, 26], [1, 13, 4, 10], [], [12, 6], [2, 5, 14, 19, 21, 0], [1, 3, 14, 2, 0, 10, 15], [], [17, 19, 11, 9, 21, 24], [4, 9, 10, 11], [], [19, 0, 18], [8, 9, 13, 14], [], [9, 22, 0, 14, 26], [], [15, 14, 1, 9, 6], [1], [3, 4], [10, 3], [13, 10, 11]]
[]
[[5, 10, 22, 6, 12, 2], [11, 17, 22, 8, 14, 19, 2, 4, 7, 18], [23, 41, 7, 12, 19, 13, 20, 31], [17, 22, 0, 4], [13, 7, 10], [6, 23, 8, 24, 17, 26, 7, 12, 22]]
[]
[[28, 5, 9, 21], [14, 5, 11, 24], [0, 6, 23, 14], [27, 18, 21, 11, 9], [12, 1, 15, 3], [4, 15, 18], [], [3]]
[]
[[8, 11, 1, 23], [19, 13, 20, 22, 14, 1], [27, 0, 4, 21, 5], [1, 5]]
[]
[[6, 3], [2, 1, 18, 3, 21, 17], [7, 2], [7, 0, 8, 11], [0, 10, 19, 17], [26, 9, 23, 10, 6], [0, 9, 11, 21, 7]]
[]
[[0], [8, 14, 23, 0, 12, 19, 21, 5], [25, 8, 3, 18, 24, 17], [5, 25, 9, 7], [4, 7, 24, 2, 5, 0], [6, 16], [6, 2, 17, 0, 14, 13], [2, 11, 26, 12], [11, 9, 12, 17]]
[]
[[21, 3, 14, 29, 39, 0, 4, 12, 15, 25, 40, 2, 27, 11, 22], [9, 13, 7, 10], [3, 21, 22, 24, 0, 31, 16, 13, 18, 25, 26], [18, 0, 3, 40, 14, 28, 34, 45, 9, 20, 23, 29, 46, 25, 42], [6, 12, 21, 27, 37, 22], [9, 13, 7, 10, 1, 6], [12, 2, 0, 1, 6, 18, 35, 3, 7, 22, 36], [11, 28, 2, 19, 8, 0, 4, 13, 21, 25, 20], [14, 33, 6, 11, 16, 25, 28, 31, 12, 17, 10, 1, 22, 2, 24, 0]]
[]
[[18, 31, 23, 1, 10, 7, 15], [19, 14, 5, 16, 2, 15], [1, 6, 0], [30, 11, 13, 37, 0, 18, 38, 22], [19, 15, 5, 13, 17, 12], [23, 31, 28, 30, 21, 7, 18, 17, 14, 1], [20, 25, 2, 6, 0, 11, 13], [2], [0]]
[]
[[4, 12, 14, 23, 24, 0], [10, 3, 2, 11, 17], [1, 6, 12], [22, 10, 2, 15, 0, 3, 19, 25, 13, 14], [17, 2, 5, 6]]
[]
[[10, 17, 7, 15, 18, 8], [4, 17, 35, 76, 19, 84, 93, 98, 13, 21, 59, 62, 96, 2, 40, 49], [12, 18, 2], [16, 23, 3, 25, 9, 21, 8, 13], [14, 8, 15, 6], [2, 23, 28, 16], [10, 29, 27, 8, 16, 5, 19, 34, 13, 28]]
[]
[[34, 4, 19, 27, 32, 9, 35, 8, 17, 20, 31, 16, 37, 5, 29], [11, 13, 7, 16, 21], [29, 21, 3, 8, 0, 23], [7, 8, 11, 14, 5], [37, 2, 30, 48, 13, 24, 47, 46, 28, 38, 29], [33, 30, 36, 34, 37, 27, 19]]
[]
[[14, 10, 16, 2, 6], [10, 14], [7, 11], [21, 25, 7, 3, 29, 26, 0, 16, 2, 11], [16, 20, 8, 3, 6, 5, 13], [15, 18, 22, 3, 14, 16, 5], [6, 10, 12, 13, 18, 5, 4], [16, 22, 26, 6, 15], [13, 16, 18, 19, 5], [1, 14, 6, 2], [16, 20, 0, 5, 11], [8, 5, 18, 14, 10, 11], [8, 21, 9, 18, 6]]
[]
[[7, 14, 9, 8, 15], [7, 24, 12, 26, 9, 4], [8, 3, 4, 2, 19, 1], [26, 18, 20, 2, 8, 21]]
[]
[[21, 15, 13, 4, 18, 6, 19, 11, 12, 22, 8], [11, 2, 17, 34, 13, 0, 26, 35], [39, 13, 22, 44, 3, 15, 29, 43], [36, 1, 8, 28, 6, 16, 5, 22, 32, 13], [34, 8, 40, 46, 12, 47, 2, 45, 11]]
[]
[[14, 21, 4, 10, 19, 16, 15], [4, 0, 6, 2], [6, 16, 13], [12, 14, 4], [16, 0, 18, 1, 19, 7], [13, 17, 11, 1, 9, 19, 4], [1, 0], [5, 0, 16, 8, 19], [9, 5, 4, 0], [21, 2, 18], [20, 0, 5, 3, 18, 2, 23, 25]]
[]
[[2, 1], [12, 9], [16, 7, 25], [17, 2, 21, 27, 22, 5, 14], [16, 15, 3], [0, 9, 8, 16]]
[]
[[2, 1], [4, 1, 6, 11, 13], [19, 1, 8, 11, 12, 6, 17, 9], [9, 23, 17, 3, 7, 4, 10, 27, 29], [1, 19]]
[]
[[15, 23, 25, 19, 18, 21, 16, 24], [6, 4, 7, 10, 18, 13], [14, 21, 1, 25, 5, 19], [18, 2, 6, 14, 23, 0], [7, 0, 10, 2, 22], [18, 37, 2, 7, 11, 42, 12, 16, 21, 29, 40, 14], [1, 6]]
[]
[[5, 6], [9], [0, 7, 2], [7, 4, 17, 5, 19, 6], [33, 10, 0], [0], [18, 0, 10, 15], [15, 11, 7], [30, 10, 34, 8, 11], [0, 13], [11, 12], [17, 10], [7, 1, 5], [], [3]]
[]
[[12, 10, 2], [2], [4, 8, 13, 5, 11], [26, 8, 3, 7, 10, 19, 0], [7, 10, 20, 25, 4, 13, 21, 2, 6, 12, 24], [18, 6, 23, 3], [10, 14, 11, 8, 23, 2, 20, 24, 13, 22, 21], [17, 19, 33, 6, 12, 11, 20, 9, 26, 21, 27]]
[]
[[23, 2, 1, 11, 12, 21], [24, 3, 5, 18, 26, 16, 22, 27], [12, 8, 0, 3, 10], [1, 6], [2, 10, 15], [0, 9, 4], [4, 32, 37, 34, 41, 24]]
[]
[[15, 6, 17, 19, 13, 2], [17, 0, 10], [13, 1, 15], [20, 30, 4, 22, 36, 13, 17], [12, 10, 6, 0, 13, 16]]
[]
[[3, 28, 20, 30, 24, 34], [0, 12, 18, 3, 15], [9, 11, 14, 5, 10], [21, 26, 34, 20, 6, 22], [18, 31, 7, 5, 9, 28, 30, 4], [40, 43, 18, 48, 32, 60, 61, 2, 34, 55]]
[]
[[12, 18, 0, 4, 9, 7, 8], [6, 1, 3, 2, 15, 14, 0, 20], [2, 5, 0], [25, 0, 17, 30, 13], [7, 2], [4, 17, 13], [3, 0, 2, 12, 13], [6, 9, 0], [8], [4, 11, 13, 14, 1, 7, 10], [18, 0, 4, 10], [12, 14, 16, 9, 1, 10, 6, 0]]
[]
[[0, 3, 9, 6, 5], [13, 2, 4, 1, 8, 0, 5], [4, 31, 12, 25, 6, 15, 0], [0, 2, 15, 3], [6, 16, 1, 19, 27], [16, 20]]
[]
