17.930612564086914
5.27313756942749
24.38944435119629
9.083830833435059
22.693416595458984
4.40232515335083
30.13309097290039
8.199450492858887
8.768610000610352
11.768281936645508
13.033785820007324
4.271791934967041
27.282983779907227
7.036632537841797
19.981307983398438
5.939448833465576
18.236328125
6.882976055145264
17.214187622070312
5.2746148109436035
8.100353240966797
5.456963062286377
11.930375099182129
10.04714584350586
19.538312911987305
8.00291919708252
25.324159622192383
9.205674171447754
20.504364013671875
7.385084629058838
15.394238471984863
7.7320027351379395
19.584177017211914
7.5544209480285645
16.482250213623047
6.021953582763672
14.476962089538574
7.346081256866455
21.01675033569336
7.568047046661377
24.1026611328125
8.753710746765137
18.179645538330078
5.101667881011963
10.376276969909668
6.0546722412109375
13.685972213745117
6.234229564666748
14.90152645111084
5.915404796600342
23.42591667175293
11.367636680603027
11.814599990844727
21.997211456298828
16.23046112060547
5.626754283905029
14.2804536819458
5.337072372436523
20.996431350708008
5.6969685554504395
20.059925079345703
9.368969917297363
24.898290634155273
8.156473159790039
23.39035415649414
10.374799728393555
13.968031883239746
5.290431976318359
17.525667190551758
9.112351417541504
14.75966739654541
6.555988311767578
25.644895553588867
7.345505714416504
15.502032279968262
6.264431953430176
21.368305206298828
7.353120803833008
15.030628204345703
8.076190948486328
18.084379196166992
5.162937164306641
14.18798542022705
6.264814853668213
16.900611877441406
5.93048620223999
23.782690048217773
11.117968559265137
91.85408020019531
7.027519226074219
15.730769157409668
5.249897480010986
21.277868270874023
3.809418201446533
16.88765525817871
6.503917694091797
16.968059539794922
6.247176647186279
14.223374366760254
7.1079230308532715
22.313373565673828
6.30195426940918
16.727575302124023
8.419519424438477
20.13004493713379
8.130043029785156
22.096067428588867
7.793078899383545
15.841304779052734
6.906305313110352
23.428491592407227
6.080958843231201
18.21295738220215
4.714606761932373
19.888080596923828
5.166237831115723
16.81859588623047
6.858731269836426
16.531557083129883
12.077862739562988
20.393157958984375
7.94550085067749
811.6858520507812
5.802504539489746
17.0769100189209
6.401979446411133
35.933860778808594
7.855184078216553
21.895999908447266
7.8326263427734375
10.957062721252441
7.11289119720459
27.448156356811523
6.382517337799072
8.068521499633789
5.0055365562438965
45.018524169921875
6.152987957000732
14.74166202545166
6.8978118896484375
18.70037078857422
5.021772861480713
14.432016372680664
6.9339752197265625
17.844587326049805
6.383627891540527
26.750415802001953
6.3044586181640625
16.583911895751953
8.575794219970703
13.379511833190918
7.58518648147583
18.625391006469727
5.233189582824707
7.8736042976379395
5.046028137207031
14.616134643554688
6.181272029876709
14.921528816223145
6.811426162719727
22.303922653198242
7.48956823348999
18.864036560058594
4.4417924880981445
17.539281845092773
6.019235610961914
36.64933776855469
5.573942184448242
16.481708526611328
9.946581840515137
22.21218490600586
6.7962846755981445
15.249397277832031
7.172812461853027
28.149099349975586
6.38087272644043
15.970738410949707
5.840641975402832
16.84697723388672
7.643883228302002
15.921298027038574
7.799973011016846
21.74163055419922
6.628589630126953
15.883930206298828
13.389514923095703
11.543994903564453
6.846426010131836
20.853147506713867
7.989356994628906
20.6406307220459
6.620432376861572
11.286755561828613
5.4074931144714355
21.129287719726562
6.349366664886475
19.789180755615234
8.776145935058594
17.1929931640625
10.40189266204834
