0.8926141703800524
1
0.8513377495637917
1
0.8747295793223063
1
0.9124239214842514
1
0.7509555813781809
1
0.9319720125319998
1
0.9090720268397928
1
0.922588819007687
1
0.9413434903047092
1
0.939522436117533
1
0.9181948211409698
1
0.8907959623746174
1
0.8413697939502837
1
0.8956506355376618
1
0.8583857678236387
1
0.9370501253627623
1
0.9043780798237988
1
0.8629801967580292
1
0.9401157780965473
1
0.9049137176531601
1
0.923164208620238
1
0.8194423203230403
1
0.8830074313317527
1
0.8730720251217504
1
0.9313413371178704
1
0.859655297811845
1
0.9221121816495194
1
0.8686784890970285
1
0.8644697867702159
1
0.8758065001888108
1
0.8705958236882716
1
0.9120535522124655
1
0.8781373350770323
1
0.9688935509646625
1
0.9319655939849625
1
0.934112638888889
1
0.8731923508267434
1
0.9323568905101103
1
0.8969196612026848
1
0.9030980810876182
1
0.8648806400113369
1
0.9418570589946195
1
0.9036551584352409
1
0.877774677579365
1
0.8910285714285714
1
0.8937830337528981
1
0.827527260748562
1
0.8911718606934158
1
0.9152272388619764
1
0.8117432707960305
1
0.9104259693166561
1
0.8699626893859378
1
0.911055598226835
1
0.8255438462028907
1
0.8711309796030368
1
0.921102264196749
1
0.866684430233591
1
0.8989232697652231
1
0.8893033455216403
1
0.9266775951987006
1
0.8609734803012113
1
0.8779325020110368
1
0.9335490187731472
1
0.9077892606008949
1
0.8401122898442831
1
0.9353874987985775
1
0.8593266659377405
1
0.9298977684743613
1
0.8285680169227139
1
0.8512931812420147
1
0.910972514170591
1
0.9338141870892809
1
0.9146235843997191
1
0.8321682815599747
1
0.9072436012602376
1
0.8730108901453678
1
0.9111246156390755
1
0.9054427368186293
1
0.9026754848821384
1
0.9176699407533191
1
0.8751755617977528
1
0.8050968492224475
1
0.9185410537202672
1
0.8812424260024008
1
0.9050266561770691
1
0.8242600894896207
1
0.8452268850505795
1
0.8719919978507418
1
0.9000028035287082
1
0.8952907469657305
1
0.926331286190947
1
0.8587044073725554
1
0.8886932931498088
1
0.903258664448079
1
0.8137257320958747
1
0.9184691509847935
1
0.953977945809704
1
0.8855999211080656
1
0.8861947556800498
1
0.9051404832024835
1
