0.9875159131156074
1
0.994062568460192
1
0.9934197266896566
1
0.9263357945850917
1
0.98019597360066
1
0.9940338399675157
1
0.9756718873977661
1
0.9784545302391052
1
0.9938062131404877
1
0.9428154826164246
1
0.9889085471630097
1
0.9859838560223579
1
0.9791335836052895
1
0.993978989124298
1
0.9138381249374814
1
0.9887852489948272
1
0.896087372303009
1
0.9885043253501257
1
0.9898893662861415
1
0.9848296642303467
1
0.9942672153313955
1
0.9920950810114543
1
0.9528115466237068
1
0.8502769842743874
1
0.9935499429702759
1
0.8964719942637852
1
0.9940858980019888
1
0.987154119544559
1
0.9879835605621338
1
0.9937337040901184
1
0.9920674477304731
1
0.9918949753046036
1
0.6670681341396024
1
0.9930631071329117
1
0.9725581237248012
1
0.9942579468091329
1
0.9927624208586556
1
0.993931233882904
1
0.9938056667645773
1
0.9797840019067129
1
0.8723295452073216
1
0.991537892818451
1
0.9924703673882918
1
0.9927841325600942
1
0.9815619389216105
1
0.9935165047645569
1
0.9928882547787258
1
0.9903387977526739
1
0.99202827612559
1
0.9783120334148407
1
0.9932559217725482
1
0.9911917050679525
1
0.988952186372545
1
0.9531124606728554
1
0.9897688410498879
1
0.9938713709513346
1
0.9941559944834027
1
0.9941381096839905
1
0.9372619173743508
1
0.991999939084053
1
0.9938832819461823
1
0.816045269370079
1
0.9935091614723206
1
0.9934278385979789
1
0.898688517510891
1
0.8897617964280976
1
0.8314610341563821
1
0.9937364359696707
1
0.8612721686561903
1
0.9916624161932204
1
0.9784145024087694
1
0.9940806229909261
1
0.9846797267595927
1
0.7659773584455252
1
0.9861300256517198
1
0.9866595529019833
1
0.8630350679159164
1
0.9856572970747948
1
0.9850427508354187
1
0.9939402171543666
1
0.8937469629777802
1
0.9882268640730116
1
0.9856328301959567
1
0.8021496273577213
1
0.9936630576848984
1
0.8589320903023084
1
0.9654496633089505
1
0.9935507923364639
1
0.9928307384252548
1
0.9917966344139793
1
0.9853690465291342
1
0.9939648866653442
1
0.9894792693001884
1
0.9262040774337947
1
0.9937421306967735
1
0.9412268485341754
1
0.9937064409255981
1
0.9874113698800405
1
0.8274239447588722
1
0.994200624525547
1
