0.9771037101745605
1.0
0.9663498997688293
1.0
0.972877025604248
1.0
0.9785760045051575
0.9999999403953552
0.9697039723396301
0.9999999403953552
0.9829634428024292
1.0
0.9838111400604248
1.0
0.9839847087860107
1.0
0.9772154688835144
1.0
0.985294759273529
0.9999999403953552
0.9876225590705872
0.9999999403953552
0.975468099117279
1.0000001192092896
0.979103684425354
1.0
0.9746426939964294
1.0
0.9695814251899719
0.9999999403953552
0.9840384125709534
1.0
0.9811593890190125
0.9999999403953552
0.9729455709457397
0.9999999403953552
0.9824299216270447
1.0
0.9742237329483032
0.9999999403953552
0.988438606262207
1.0
0.9585101008415222
1.0
0.9739233255386353
0.9999998807907104
0.9743567705154419
0.9999999403953552
0.9828557968139648
0.9999999403953552
0.9703564047813416
0.9999999403953552
0.9805855751037598
1.0
0.9758837819099426
1.0
0.9707182049751282
0.9999999403953552
0.9786242246627808
0.9999998807907104
0.980114221572876
0.9999999403953552
0.9801415205001831
1.0
0.9815244078636169
0.9999999403953552
0.9879969358444214
1.0
0.9852305054664612
0.9999999403953552
0.9910324811935425
0.9999999403953552
0.9749069213867188
0.9999998807907104
0.9770640730857849
1.0
0.9796074032783508
1.0
0.9712691307067871
1.0
0.9720878601074219
0.9999998807907104
0.9836333394050598
0.9999998807907104
0.9777689576148987
1.0
0.9636037945747375
0.9999999403953552
0.9666314125061035
1.0
0.9771851301193237
1.0
0.9669085144996643
1.0
0.9722616672515869
1.0
0.9797492027282715
0.9999998807907104
0.9738825559616089
0.9999999403953552
0.974471926689148
0.9999999403953552
0.9764608144760132
0.9999999403953552
0.9771742820739746
1.0
0.9653288722038269
1.0
0.9776978492736816
0.9999998807907104
0.9832196235656738
1.0
0.9747275114059448
1.0
0.9768994450569153
0.9999999403953552
0.9696939587593079
1.0
0.9725502729415894
1.0
0.9791977405548096
1.0
0.9509680271148682
1.0
0.9812149405479431
1.0
0.9675006866455078
1.0
0.9657459259033203
1.0
0.9760465025901794
1.0
0.962906539440155
1.0
0.9800359010696411
1.0
0.9515719413757324
1.0
0.9711519479751587
0.9999999403953552
0.9719936847686768
1.0
0.9836031794548035
1.0
0.9704516530036926
1.0
0.973261296749115
0.9999998807907104
0.9794510006904602
1.0
0.9772959351539612
1.0
0.9703534245491028
0.9999999403953552
0.9854713082313538
0.9999998807907104
0.9840714931488037
0.9999999403953552
0.984366774559021
0.9999999403953552
0.9689310789108276
1.0000001192092896
0.9652751684188843
1.0
0.9729822874069214
1.0
0.9622531533241272
1.0
0.981406569480896
0.9999999403953552
0.9664242267608643
0.9999998807907104
0.9686506986618042
0.9999998807907104
0.976554811000824
1.0
0.9792863726615906
0.9999999403953552
0.9733753204345703
1.0
0.9778802990913391
1.0
0.9791963696479797
1.0
0.9740066528320312
0.9999999403953552
0.9734455943107605
1.0
0.9684104323387146
1.0
0.976881742477417
0.9999998807907104
0.9872356057167053
0.9999999403953552
0.9798855781555176
0.9999999403953552
0.9757164120674133
0.9999999403953552
0.9800129532814026
1.0
