-0.920482873916626
-0.6707263588905334
-0.9827532768249512
-0.7646048665046692
-0.8943551182746887
-1.1524711847305298
-1.0910736322402954
-0.7347850799560547
-0.7599785327911377
-0.9248172044754028
-0.7829176187515259
-0.623428225517273
-1.2057819366455078
-0.7402194142341614
-1.121188759803772
-0.8150773048400879
-0.9235367774963379
-0.8066524863243103
-1.0025036334991455
-0.7917651534080505
-0.7340322136878967
-0.7555122971534729
-0.925290584564209
-0.7986463904380798
-0.8088354468345642
-0.7556654810905457
-0.9313644766807556
-0.8136380910873413
-0.9129776358604431
-1.463579773902893
-0.9496060609817505
-0.76845782995224
-0.8535188436508179
-0.7170336246490479
-1.021772861480713
-0.6950750946998596
-0.9782541990280151
-0.6933625340461731
-0.9581537246704102
-0.7496156096458435
-1.0090783834457397
-0.8143865466117859
-0.8911609649658203
-0.6077920198440552
-0.7737718224525452
-0.6955411434173584
-0.8499610424041748
-0.8076802492141724
-0.904638946056366
-0.8669806122779846
-1.1872978210449219
-0.8539702892303467
-0.9432390928268433
-1.0366237163543701
-0.9487525224685669
-0.7865360379219055
-1.0197967290878296
-0.7247569561004639
-0.8604679107666016
-0.6264169216156006
-0.9726184606552124
-0.8286182880401611
-1.1538641452789307
-0.7436417937278748
-0.8435705900192261
-0.8735974431037903
-0.9735475778579712
-0.7038271427154541
-1.0499064922332764
-0.7911097407341003
-0.8433405160903931
-0.7848248481750488
-0.9351599812507629
-0.6737727522850037
-0.800971508026123
-0.6654102802276611
-0.9384791851043701
-0.7322145700454712
-0.92157381772995
-0.7474681735038757
-1.0207511186599731
-0.698215901851654
-0.921028196811676
-0.5577563643455505
-0.8816483020782471
-0.6833466291427612
-1.264029860496521
-1.041581153869629
-2.018263339996338
-0.6718699336051941
-0.8892728686332703
-0.6612151265144348
-1.049818515777588
-0.660685122013092
-1.0841926336288452
-0.8496456146240234
-0.8851862549781799
-0.6800519227981567
-0.9533151388168335
-0.7643288969993591
-0.9899234175682068
-0.7826022505760193
-0.8926920294761658
-0.802328884601593
-0.9992266297340393
-0.6913099884986877
-0.9265967607498169
-0.7547672390937805
-0.9677000641822815
-0.8930788040161133
-0.9327155947685242
-0.6376109719276428
-0.9471840858459473
-0.6517133116722107
-0.9850760102272034
-0.7133921384811401
-0.8647202253341675
-0.6906285881996155
-0.9815914630889893
-1.1633129119873047
-0.8715813159942627
-0.8148916363716125
-1.704481601715088
-0.7654258608818054
-0.8857119083404541
-0.6683740019798279
-1.2802400588989258
-0.8200274109840393
-1.0355167388916016
-0.6445537805557251
-0.9036599397659302
-0.9552338123321533
-0.8913353681564331
-0.7910864353179932
-0.7637338042259216
-0.6643581986427307
-1.020079255104065
-0.6844926476478577
-0.9201360940933228
-0.793929934501648
-0.8580203652381897
-0.596169114112854
-0.8911392688751221
-0.8918047547340393
-1.1257675886154175
-0.7401363253593445
-1.109553337097168
-0.6761287450790405
-0.8488100171089172
-0.8139300346374512
-0.9773145914077759
-0.8078657984733582
-0.9768931865692139
-0.6052584052085876
-0.8348587155342102
-0.6003933548927307
-0.8157603740692139
-0.794175922870636
-0.9785894751548767
-0.7779329419136047
-0.9131472706794739
-0.7735695242881775
-0.969369649887085
-0.7110373973846436
-1.002434492111206
-0.8013098835945129
-0.8823509812355042
-0.6489074230194092
-0.9512699246406555
-0.7106166481971741
-0.9182562828063965
-0.7225925326347351
-0.8092730045318604
-0.8258116841316223
-0.937360942363739
-1.043013572692871
-0.9867866635322571
-0.6528145670890808
-0.8705119490623474
-0.6979208588600159
-0.956811785697937
-0.7771610021591187
-1.0392866134643555
-0.7630462646484375
-1.079679250717163
-0.7675450444221497
-1.0146199464797974
-0.7898097038269043
-0.9487712383270264
-0.8090696930885315
-0.9314618110656738
-0.774107038974762
-1.0333846807479858
-0.6224474906921387
-0.9628514051437378
-0.6333048939704895
-0.9536293148994446
-0.840572714805603
-1.0019160509109497
-0.871938943862915
