6.64924955368042
5.27313756942749
7.04693078994751
9.083830833435059
7.29153299331665
4.40232515335083
10.963983535766602
8.199450492858887
4.386760234832764
11.768281936645508
6.717432975769043
4.271791934967041
13.417486190795898
7.036632537841797
9.368618965148926
5.939448833465576
7.836989879608154
6.882976055145264
8.048712730407715
5.2746148109436035
4.874731540679932
5.456963062286377
5.180416107177734
10.04714584350586
7.601179599761963
8.00291919708252
9.822986602783203
9.205674171447754
7.299339294433594
7.385084629058838
6.234285831451416
7.7320027351379395
9.612092971801758
7.5544209480285645
5.869656562805176
6.021953582763672
8.576020240783691
7.346081256866455
5.874564170837402
7.568047046661377
10.444547653198242
8.753710746765137
4.201724529266357
5.101667881011963
4.843026161193848
6.0546722412109375
4.9730916023254395
6.234229564666748
8.00973129272461
5.915404796600342
5.6433234214782715
11.367636680603027
7.03298282623291
21.997211456298828
5.445764541625977
5.626754283905029
5.184409141540527
5.337072372436523
6.9874587059021
5.6969685554504395
8.204130172729492
9.368969917297363
8.721961975097656
8.156473159790039
8.012700080871582
10.374799728393555
7.868107318878174
5.290431976318359
7.9438323974609375
9.112351417541504
10.486478805541992
6.555988311767578
7.785691261291504
7.345505714416504
6.173666954040527
6.264431953430176
8.630024909973145
7.353120803833008
6.4018354415893555
8.076190948486328
5.966673374176025
5.162937164306641
8.498377799987793
6.264814853668213
4.82457160949707
5.93048620223999
5.633892059326172
11.117968559265137
41.93589401245117
7.027519226074219
6.935397624969482
5.249897480010986
6.035984039306641
3.809418201446533
6.435995101928711
6.503917694091797
7.4903883934021
6.247176647186279
8.190967559814453
7.1079230308532715
8.417572975158691
6.30195426940918
6.100947856903076
8.419519424438477
7.970080375671387
8.130043029785156
5.884433269500732
7.793078899383545
6.713499069213867
6.906305313110352
9.282207489013672
6.080958843231201
7.951633453369141
4.714606761932373
7.573019981384277
5.166237831115723
7.1272053718566895
6.858731269836426
5.690164566040039
12.077862739562988
8.969366073608398
7.94550085067749
384.95794677734375
5.802504539489746
7.615616321563721
6.401979446411133
13.762762069702148
7.855184078216553
5.440059661865234
7.8326263427734375
5.22991943359375
7.11289119720459
5.358760833740234
6.382517337799072
4.389876842498779
5.0055365562438965
7.139030456542969
6.152987957000732
5.478335380554199
6.8978118896484375
6.809447288513184
5.021772861480713
6.762341022491455
6.9339752197265625
5.910050392150879
6.383627891540527
8.15308666229248
6.3044586181640625
7.2986016273498535
8.575794219970703
5.407546043395996
7.58518648147583
5.630938529968262
5.233189582824707
4.5870819091796875
5.046028137207031
7.088833332061768
6.181272029876709
6.358029365539551
6.811426162719727
6.862180709838867
7.48956823348999
6.00241231918335
4.4417924880981445
6.7966837882995605
6.019235610961914
9.828140258789062
5.573942184448242
5.1984028816223145
9.946581840515137
6.450807571411133
6.7962846755981445
3.979591131210327
7.172812461853027
7.1062469482421875
6.38087272644043
6.216277122497559
5.840641975402832
4.883668899536133
7.643883228302002
7.976091384887695
7.799973011016846
8.748393058776855
6.628589630126953
6.647932529449463
13.389514923095703
5.721734046936035
6.846426010131836
5.766861915588379
7.989356994628906
4.698668479919434
6.620432376861572
6.468577861785889
5.4074931144714355
7.51649808883667
6.349366664886475
8.038293838500977
8.776145935058594
8.534645080566406
10.40189266204834
