0.3911633470846959
0.49734867433716856
0.3653536285587156
0.4755938052445864
0.4263844728808442
0.47833109178888467
0.3864608096618023
0.4673052894627239
0.4222835755765164
0.5030280017135957
0.37773599097405036
0.425845384961377
0.30425158728849394
0.4622216915025237
0.38422434191067734
0.5066514193531989
0.41704597177969954
0.4724076524741082
0.40213999426240893
0.5300089092299172
0.3400571685345787
0.5506989196256793
0.41712555066079293
0.4906334477282501
0.3637832821300563
0.4972315630797773
0.31747101287335056
0.43288212069937954
0.3471483591853962
0.4996903748176038
0.4094721006789829
0.4429764708830196
0.41132062028804806
0.4497088691086403
0.3978928621105703
0.48116333996712507
0.4021354265739598
0.4869707241910632
0.3788379804557248
0.5101306614065915
0.4135038694056386
0.4712536805188311
0.3646975644117634
0.4200576709196614
0.3884535916209776
0.4926452906351514
0.36107468749403776
0.4487998960701511
0.40544091998693915
0.4702970940003821
0.4483453418907627
0.47458880246313406
0.3844683492436705
0.5088928759329211
0.4448853723495789
0.46434023417145304
0.32710374747285603
0.5306583018007468
0.35566126659295083
0.4911058110129431
0.39518335164662327
0.5226675091108435
0.39751738064285
0.49646456656715127
0.36220142552758516
0.42509774175855386
0.3738038869215576
0.4255599821189609
0.4027092359640882
0.4625533232129286
0.43703981836433164
0.4964277281160398
0.35936864455487566
0.4956315420240416
0.40926244856294985
0.47660039503087986
0.3327000115061587
0.5327178079353568
0.3785516991285137
0.4563562674351571
0.39850340145727986
0.48538598493323903
0.41587740972896875
0.47375087966220963
0.46457136764708784
0.4554457394977154
0.38747273989777364
0.491844063689858
0.37433670183692047
0.4914961661714908
0.42010431297716383
0.552392014131733
0.41167265995456814
0.5024822812327894
0.353463204421147
0.4775724213419294
0.3716901784835229
0.4825632072217264
0.38429223406579216
0.44111390786343774
0.41530545465922214
0.4857359361243646
0.41437543793481435
0.5090322125855148
0.44181677365781996
0.46349258211792416
0.3675590085410896
0.48015462800053843
0.3693008000354586
0.45347819091639635
0.3714314560275663
0.451084275886594
0.435758874007454
0.4726198212675262
0.4029120273313146
0.46587093824038495
0.4276494013064063
0.49694809053097816
0.36978355940997704
0.4561714457834325
0.34137697544515827
0.48837374701522246
0.37654183368989413
0.45522483693952437
0.3920807453416149
0.4546335618248779
0.4113607011914344
0.47536864773564835
0.4221445426431576
0.45270264287927753
0.31017715889894215
0.47251998261323835
0.3837499701348219
0.48042772465969674
0.4019840187596337
0.4548730466369243
0.3834094433002322
0.5223662684446998
0.3749455340784996
0.498947919875915
0.48119420778692096
0.4870467451030799
0.3396335667572093
0.5436396825252992
0.4069744674185464
0.4420697831623602
0.409443473600046
0.4730436255520033
0.46368834263229636
0.505784602773565
0.4175860715928768
0.4854977488832809
0.42408040968934185
0.40127006665656695
0.4238901758107608
0.4130674212333954
0.3964672650382508
0.4624484072700841
0.3824865524892733
0.4724204716546124
0.40651675292961953
0.505975073313783
0.415916809635517
0.44763314082849653
0.398354343360302
0.46379188145481376
0.4172102113775817
0.5051608969086108
0.40392848590063474
0.4777505984309751
0.3389772028183074
0.4552767790765156
0.4424950149933435
0.4626521655627918
0.3816902610601201
0.49002617771445367
0.3695843091334895
0.43282266762645677
0.3650391990219267
0.44486956481150713
0.40780111151603504
0.4901779713840964
0.40234969372722346
0.46701268742791224
0.38267140618545664
0.5234523110875948
0.37061361030323514
0.4698548539754558
0.38237997998088374
0.443668548113024
0.39598689923533864
0.4756024722000138
0.3639276114505249
0.44441150351288056
0.3668114173605129
0.5203245951909055
0.38181913671426226
0.5250232933698618
0.37393600917754993
0.5119737738149518
