0.9371564984321594
0.9274068474769592
0.5416737794876099
0.7676512002944946
0.970619797706604
0.9620318412780762
0.9358457922935486
0.18512549996376038
0.5171666145324707
0.019273007288575172
0.6438949704170227
0.9731297492980957
0.43210503458976746
0.915570080280304
0.4366922974586487
0.07570387423038483
0.4226594865322113
0.9415396451950073
0.8632405400276184
0.9865790009498596
0.9439495801925659
0.9558570384979248
0.784660816192627
0.9711543321609497
0.6016237735748291
0.9483317732810974
0.9023668766021729
0.8455796241760254
0.6439768075942993
0.7595959901809692
0.700432300567627
0.6449635028839111
0.2401181310415268
0.42178332805633545
0.91713547706604
0.04796890541911125
0.906136155128479
0.4182324707508087
0.9641515016555786
0.651914656162262
0.8834004402160645
0.9452626705169678
0.9765235781669617
0.7422541379928589
0.9425938129425049
0.8871430158615112
0.43489333987236023
0.051232483237981796
0.85781329870224
0.09733771532773972
0.06367893517017365
0.5161400437355042
0.7702459096908569
0.9447041153907776
0.8675302267074585
0.3775412142276764
0.10142597556114197
0.9205416440963745
0.9510373473167419
0.4045614004135132
0.9243538975715637
0.13111256062984467
0.9251112341880798
0.5455207228660583
0.7020821571350098
0.3497256934642792
0.8727953433990479
0.9070216417312622
0.02431567572057247
0.798968493938446
0.9810552597045898
0.693139374256134
0.283077597618103
0.9751837849617004
0.04250809922814369
0.9590199589729309
0.9695343375205994
0.8982008695602417
0.4388814866542816
0.7415657043457031
0.9596290588378906
0.9509263038635254
0.9579137563705444
0.8022357821464539
0.8309831619262695
0.1102120503783226
0.8342609405517578
0.30851954221725464
0.8511890769004822
0.9532260894775391
0.9513983726501465
0.9765627980232239
0.774960458278656
0.9619054198265076
0.6771513819694519
0.41612520813941956
0.8362798690795898
0.09867428243160248
0.05373714119195938
0.9606949687004089
0.6642178893089294
0.18994513154029846
0.27515655755996704
0.9452199935913086
0.8297163248062134
0.9058753848075867
0.9143324494361877
0.961439311504364
0.6153557896614075
0.26585280895233154
0.7179647088050842
0.9524258971214294
0.600098192691803
0.4178004860877991
0.6733245253562927
0.3061354458332062
0.9731350541114807
0.02525380253791809
0.2151782214641571
0.2129298895597458
0.08292754739522934
0.9249392747879028
0.9491822719573975
0.9679990410804749
0.2843877673149109
0.8069651126861572
0.6515892148017883
0.9375900626182556
0.9565230011940002
0.9585136771202087
0.8567973375320435
0.4245569109916687
0.5851848125457764
0.3932182490825653
0.8927308320999146
0.9792060852050781
0.6538388729095459
0.9571489095687866
0.6294170022010803
0.6944049000740051
0.8001176118850708
0.9193057417869568
0.7391487956047058
0.986033022403717
0.7547303438186646
0.804593563079834
0.9279786944389343
0.5169064402580261
0.9061212539672852
0.16079483926296234
0.9432234764099121
0.24212107062339783
0.9670853018760681
0.30587238073349
0.4680391550064087
0.7458398938179016
0.7266023755073547
0.6996450424194336
0.9589316248893738
0.9528595805168152
0.11388861387968063
0.9129859209060669
0.3653479814529419
0.5968466401100159
0.31756243109703064
0.8202962875366211
0.30815669894218445
0.307383269071579
0.8764024376869202
0.9568873047828674
0.8565589189529419
0.8868160843849182
0.9441229701042175
0.901694655418396
0.4607295095920563
0.020972244441509247
0.9552074670791626
0.05366882309317589
0.07256495952606201
0.7039991021156311
0.3229232430458069
0.6376913189888
0.903045117855072
0.9560837149620056
0.6272201538085938
0.871504008769989
0.4803445339202881
0.9329307079315186
0.6438093781471252
0.8799774646759033
0.9024443030357361
0.9439657330513
0.7613734602928162
0.3659593164920807
0.9062016606330872
0.5864205360412598
0.03050222434103489
0.9173120856285095
0.6815649271011353
0.9306970238685608
