0.7947296164225708
0.9557720990710303
0.8161263095768424
0.9577562865895356
0.8440677966101696
0.9439616317404292
0.764841232241348
0.9427196059596474
0.8075915190979116
0.9431482645509914
0.7962415713546511
0.940898885820132
0.8015308616187989
0.9442217219126715
0.7400191973433035
0.9561400578365445
0.827731352522439
0.9448771833415757
0.835218019251108
0.9511390295180396
0.8540411202398538
0.9452275043369351
0.822774593501784
0.944302667165859
0.7742883379247015
0.9434432655903833
0.7641178642484993
0.9489743670314936
0.7914740681998548
0.9364710827662259
0.8494316944012611
0.9525118976069571
0.8179553945431902
0.9344980958361263
0.8182195894177032
0.9425822186248615
0.8127179032727353
0.9523030689784459
0.7626319304796874
0.9537277079106043
0.8131691275801379
0.9513190689874295
0.7991707601011147
0.9251838478981336
0.8359784552073835
0.9541842096601588
0.7501017674659894
0.9443626129179318
0.833714667950403
0.9518677650995772
0.8247782935205102
0.9466614758698092
0.8283681967098594
0.9505094107732664
0.7400613564498134
0.957855636958269
0.7442571568913053
0.9337611294655241
0.8064701648073633
0.9468353515350486
0.822351846202132
0.9504004642619652
0.7921992437280314
0.9545871670771907
0.7879436732490391
0.9572316334793062
0.771809663390983
0.9435871192540933
0.7623906632729772
0.9491864414829334
0.8551266003295729
0.9489024993616922
0.7990401632820778
0.9444681688395422
0.7833113965242064
0.9553731481324191
0.7868734585989023
0.9473083538310291
0.7828653441609418
0.9409193423170106
0.7942780243783842
0.9498248175935426
0.8332836248860525
0.9373016621218272
0.8250581607345483
0.9512733345261525
0.7490693189417122
0.9543364353618398
0.8127335067070538
0.9471537466105143
0.7995571335530869
0.9544673911642236
0.8532193547213058
0.9507525367027718
0.770216403982869
0.9419668870360911
0.8238815473948383
0.9613164664672199
0.8131143726009556
0.9579425973287866
0.7914945385871784
0.9458517245142883
0.8161724485980665
0.9532282384703205
0.8744961759666057
0.95024824974624
0.7415274813335174
0.948837406653089
0.795234901851196
0.9491779250983354
0.8220667696975912
0.9531926814163563
0.8122439017559382
0.9374230882100448
0.798852629507388
0.9516832032098803
0.8555633843252841
0.9570661105509181
0.7876709349518688
0.9494816141780964
0.7927901637118517
0.9518729956911773
0.8064827818113195
0.9481378265384591
0.8109966793437798
0.948573023344469
0.84149135432727
0.9387973635114949
0.8133208810939277
0.9519202886118545
0.7311645532875966
0.9527233789411065
0.8308063807760891
0.9490463057224189
0.7837781081343387
0.943676617225482
0.8095194891432757
0.9484432980242841
0.8103054515072615
0.9484163436339763
0.8573235206295118
0.9499620945349675
0.7792900729334266
0.9593807084859238
0.8344300873840503
0.9374818882676984
0.838475043892651
0.9460782848717977
0.8312697683909805
0.943232717341184
0.8221881463208501
0.9424945347781634
0.8468832508564843
0.9424938047263103
0.8320997884867606
0.9402204356132977
0.8465608599466469
0.9451659848708086
0.767327862502607
0.9467680608365018
0.7837192868201263
0.955078503840004
0.83206691048694
0.9396470369446293
0.8132463555554392
0.9405127320287514
0.825923874998694
0.947670742537236
0.768517066932992
0.9532368794804472
0.7731522207041122
0.9303590010108653
0.8352694899495944
0.9379684929597101
0.8558591071493016
0.9589190605081638
0.8008231615430983
0.9515053411631157
0.8410175628979639
0.9322508887633949
0.8175778656386825
0.9487118598610805
0.7860183460953298
0.9478049788730244
0.7542584451459718
0.956375073017373
0.8364958548506022
0.9376670883686988
0.7993971370978978
0.950459988317757
0.7719704774271111
0.9524174315370567
0.7851648268223906
0.9491571432671921
0.7760935787575185
0.9517768820277065
0.8413317035074875
0.9554908343471255
0.7886057934363524
0.9568936031489174
