-1.4144583940505981
-1.090590000152588
-1.3378297090530396
-1.4139821529388428
-1.207039475440979
-0.9731221795082092
-1.5868297815322876
-1.1455742120742798
-1.3354294300079346
-1.2076927423477173
-1.5183594226837158
-1.0677920579910278
-1.4987397193908691
-1.1262174844741821
-1.5048749446868896
-0.9607385396957397
-1.5565015077590942
-1.1035152673721313
-1.383222222328186
-1.0282381772994995
-1.136446475982666
-1.2357717752456665
-1.526750087738037
-0.9781476855278015
-1.5633647441864014
-1.1798977851867676
-1.6541128158569336
-1.0653218030929565
-1.2866415977478027
-1.2356044054031372
-1.4664210081100464
-0.8863714337348938
-1.6941781044006348
-1.0884181261062622
-1.0909745693206787
-1.2201882600784302
-1.3586918115615845
-1.019333839416504
-1.6925151348114014
-1.0268924236297607
-1.529179334640503
-0.9982935190200806
-1.2754311561584473
-1.0616240501403809
-0.995766282081604
-0.9064918756484985
-1.3810149431228638
-0.8952950835227966
-1.5513094663619995
-0.8410748839378357
-1.4927809238433838
-1.0062310695648193
-1.387145757675171
-1.1369584798812866
-1.8558728694915771
-0.8534877896308899
-1.507283091545105
-1.427641749382019
-2.2075181007385254
-1.012582778930664
-1.2057850360870361
-1.0081015825271606
-1.6022496223449707
-1.0918670892715454
-1.4465240240097046
-0.8340095281600952
-1.5510518550872803
-0.9791684150695801
-1.5136544704437256
-0.9427568316459656
-1.1240558624267578
-0.96564120054245
-1.4272499084472656
-1.0963648557662964
-1.545268177986145
-1.0922566652297974
-1.3735700845718384
-0.8440278768539429
-1.4997284412384033
-0.9276193380355835
-1.3512911796569824
-0.870343029499054
-1.5875118970870972
-0.9441428184509277
-1.2559425830841064
-0.9551588892936707
-1.5357788801193237
-0.9701376557350159
-1.7838720083236694
-0.9202463626861572
-2.1395974159240723
-0.9705818295478821
-1.3395358324050903
-1.1803560256958008
-1.3688349723815918
-1.252395749092102
-1.3207249641418457
-0.9457980990409851
-1.4404054880142212
-0.989992082118988
-1.382275938987732
-0.969626247882843
-1.2516578435897827
-1.0194799900054932
-1.5674103498458862
-0.9126003384590149
-1.6367355585098267
-1.1128956079483032
-1.2426998615264893
-0.8580583333969116
-1.2992064952850342
-0.9614933729171753
-1.5070337057113647
-0.9501456022262573
-1.426186442375183
-1.1181777715682983
-1.3760676383972168
-0.9816939830780029
-1.667482852935791
-0.9252431988716125
-1.448009967803955
-0.9724034070968628
-1.062630534172058
-0.9287132024765015
-1.531273365020752
-1.0266979932785034
-1.1426770687103271
-1.1481291055679321
-1.3721941709518433
-0.9303792119026184
-1.7056913375854492
-0.8727781772613525
-1.201577067375183
-0.7641242146492004
-1.574878454208374
-1.1503431797027588
-1.3621736764907837
-0.9980431795120239
-1.2283776998519897
-0.9121944308280945
-1.3744035959243774
-1.129960536956787
-1.4399610757827759
-0.8773366212844849
-1.199569821357727
-0.8812872767448425
-1.2933553457260132
-1.2013133764266968
-1.322489857673645
-1.1171166896820068
-1.067423939704895
-0.9835628271102905
-1.4469313621520996
-0.9483686089515686
-1.3169467449188232
-0.9336283206939697
-1.1853466033935547
-1.0195428133010864
-1.2474671602249146
-0.7709137201309204
-1.4726734161376953
-0.9583854675292969
-1.3482097387313843
-0.9267281293869019
-1.5109105110168457
-0.9606318473815918
-1.3825956583023071
-1.7544751167297363
-1.4008338451385498
-0.9444432258605957
-1.3813276290893555
-1.1832038164138794
-1.5736563205718994
-1.0404961109161377
-1.138796091079712
-0.9547913670539856
-1.280961513519287
-0.7272096276283264
-0.9615215063095093
-1.1029052734375
-1.3288637399673462
-0.9721601009368896
-1.4807227849960327
-0.9798452258110046
-1.7908532619476318
-0.9394863247871399
-1.1989951133728027
-1.068917155265808
-1.5239192247390747
-0.7437110543251038
-1.4107820987701416
-0.9167339205741882
-1.5423692464828491
-0.8110141158103943
-1.4335758686065674
-0.8968304395675659
-1.4748620986938477
-0.9710744023323059
-1.3480250835418701
-0.9919132590293884
