0.9979337453842163
0.9988460540771484
0.9964737892150879
0.9987903237342834
0.9324538707733154
0.9996649622917175
0.9893723130226135
0.9996058344841003
0.9885321855545044
0.9392364025115967
0.9663737416267395
0.9993704557418823
0.9424487948417664
0.998981237411499
0.9963030815124512
0.9936892986297607
0.9627436995506287
0.9993947148323059
0.9869004487991333
0.998842716217041
0.9709607362747192
0.9994131326675415
0.9949133396148682
0.9961760640144348
0.9815495014190674
0.9987806677818298
0.9774215221405029
0.9981957674026489
0.9377148747444153
0.9942830801010132
0.9885675311088562
0.9990878105163574
0.9807059168815613
0.9986009001731873
0.9943627119064331
0.9928549528121948
0.9844279289245605
0.9963871836662292
0.9918922781944275
0.9991641640663147
0.9833736419677734
0.998153567314148
0.9756094217300415
0.9950615167617798
0.998412549495697
0.9991780519485474
0.98951256275177
0.9986914396286011
0.9875555038452148
0.9994996786117554
0.9911574721336365
0.9982345104217529
0.9783908128738403
0.9965940713882446
0.9679121971130371
0.9984639883041382
0.9861292839050293
0.998582124710083
0.9275143146514893
0.9993137121200562
0.9923136234283447
0.9984362721443176
0.9875475168228149
0.975807785987854
0.9967366456985474
0.9997177124023438
0.9895138740539551
0.995780348777771
0.9873972535133362
0.9996742010116577
0.9873337745666504
0.932610034942627
0.9777040481567383
0.9989261031150818
0.9842448234558105
0.998887836933136
0.9927278757095337
0.993039071559906
0.9512301683425903
0.999518632888794
0.997367799282074
0.9997259378433228
0.9786038398742676
0.9989457726478577
0.9907234907150269
0.9981663227081299
0.9445525407791138
0.9996141791343689
0.9509943723678589
0.9957402348518372
0.9914728403091431
0.9994229674339294
0.9867414236068726
0.9977337718009949
0.9948679208755493
0.9969440698623657
0.9921993017196655
0.9991791844367981
0.9955335855484009
0.9988141059875488
0.9938454627990723
0.9993994235992432
0.9977574348449707
0.9989133477210999
0.9750242233276367
0.9984407424926758
0.938482940196991
0.9989659786224365
0.9798986315727234
0.998403787612915
0.995747447013855
0.9947638511657715
0.9721041917800903
0.9996078014373779
0.9921581745147705
0.9985409379005432
0.9978523254394531
0.9987157583236694
0.9548102617263794
0.998801589012146
0.9413185119628906
0.999370813369751
0.9980916976928711
0.999613344669342
0.9717913269996643
0.9969033598899841
0.9978727102279663
0.9972921013832092
0.9843053817749023
0.9992016553878784
0.9691816568374634
0.9973276257514954
0.9976272583007812
0.998482346534729
0.9447000026702881
0.9972624778747559
0.9928193092346191
0.9958595633506775
0.9854518175125122
0.9989016056060791
0.9984346628189087
0.9974899291992188
0.9805428981781006
0.9997241497039795
0.9508805274963379
0.9987502098083496
0.9984526634216309
0.9995104074478149
0.9482423067092896
0.969180703163147
0.9871267676353455
0.9997389316558838
0.9910202026367188
0.9998414516448975
0.9963275194168091
0.9992239475250244
0.9954448938369751
0.9996936321258545
0.9852302074432373
0.9998013377189636
0.8823424577713013
0.9979896545410156
0.9976827502250671
0.9995384216308594
0.9953359365463257
0.9985688924789429
0.9852843284606934
0.998184323310852
0.997964084148407
0.9989721775054932
0.9942020177841187
0.9987622499465942
0.996952474117279
0.9995999932289124
0.9963858127593994
0.9997065663337708
0.9190713167190552
0.9980679750442505
0.9968816041946411
0.997300386428833
0.8556432723999023
0.9989696741104126
0.9845553636550903
0.9995126724243164
0.9451185464859009
0.9995381832122803
0.9927432537078857
0.999014139175415
0.9959052205085754
0.9993695020675659
0.9978895783424377
0.9992002844810486
0.9974807500839233
0.9519881010055542
0.9804489612579346
0.9971678853034973
0.993472158908844
0.9991697669029236
0.9500782489776611
0.9990843534469604
