0.9072819948196411
0.9383054971694946
0.9740018844604492
0.9459802508354187
0.9071158766746521
0.9358440041542053
0.9296855330467224
0.9351235628128052
0.9265890121459961
0.9472903609275818
0.8968833088874817
0.9001120328903198
0.9428550601005554
0.8765684962272644
0.9196377396583557
0.8609919548034668
0.7795925140380859
0.9582744836807251
0.9006579518318176
0.9426757097244263
0.8300403356552124
0.9297817945480347
0.9368342757225037
0.969383180141449
0.9443767070770264
0.8855336308479309
0.924150288105011
0.8372530937194824
0.8801315426826477
0.9396425485610962
0.9218206405639648
0.9575968980789185
0.8753347396850586
0.9168021082878113
0.8998321294784546
0.9285680055618286
0.9403770565986633
0.8927600383758545
0.9327893853187561
0.9179826378822327
0.935056209564209
0.9134595990180969
0.9201620221138
0.8853366374969482
0.9480384588241577
0.9287172555923462
0.9218127131462097
0.9641900062561035
0.8905516862869263
0.948908269405365
0.8337469100952148
0.8523300886154175
0.8664631843566895
0.8779098391532898
0.9093843698501587
0.9068949222564697
0.9317465424537659
0.8966963887214661
0.8004431128501892
0.9439329504966736
0.9169304966926575
0.7499290704727173
0.9271745681762695
0.834642231464386
0.9577301144599915
0.8902775645256042
0.9183556437492371
0.9515020251274109
0.8952825665473938
0.9446883797645569
0.9260771870613098
0.8947865962982178
0.8246577382087708
0.9686185121536255
0.9510553479194641
0.8964113593101501
0.9068658351898193
0.9532007575035095
0.9035782814025879
0.9213707447052002
0.9359097480773926
0.9534820318222046
0.9266290068626404
0.7825230360031128
0.8820129036903381
0.9512009620666504
0.8647265434265137
0.9650014638900757
0.8739230036735535
0.9334366321563721
0.953696072101593
0.9497120380401611
0.9556177258491516
0.926362156867981
0.9090274572372437
0.925430178642273
0.9126526117324829
0.9436337351799011
0.9320695996284485
0.903166651725769
0.9532288908958435
0.8855081796646118
0.9319754242897034
0.791080892086029
0.9017782807350159
0.9121009111404419
0.9113671779632568
0.9319228529930115
0.9428941011428833
0.9415091872215271
0.90371173620224
0.9463797211647034
0.914696991443634
0.8846337199211121
0.9218598008155823
0.8454436659812927
0.9353585243225098
0.9475454688072205
0.8496461510658264
0.8990095257759094
0.8315365314483643
0.9421975016593933
0.8683469891548157
0.9483296275138855
0.9423909187316895
0.8953897953033447
0.9301576614379883
0.8443307876586914
0.9574303030967712
0.9474837779998779
0.8219246864318848
0.9210193753242493
0.9398473501205444
0.9302796125411987
0.8769827485084534
0.8844518661499023
0.8856796622276306
0.9800011515617371
0.8103100657463074
0.8962448835372925
0.9548454284667969
0.8962439894676208
0.8843252658843994
0.9767194390296936
0.8135808706283569
0.9378430247306824
0.9293221235275269
0.877525806427002
0.9264337420463562
0.8709912896156311
0.870676577091217
0.9165087938308716
0.8996630311012268
0.8770967125892639
0.9441331624984741
0.9546027183532715
0.954888105392456
0.8886606693267822
0.9265435934066772
0.9065571427345276
0.7862768173217773
0.9343929886817932
0.9416317939758301
0.958731472492218
0.9024407863616943
0.9303718209266663
0.9414563179016113
0.9322365522384644
0.9639058113098145
0.9186682105064392
0.9215157628059387
0.8783143758773804
0.9408382773399353
0.9448090195655823
0.9098343253135681
0.9470611810684204
0.7101868391036987
0.8813271522521973
0.898496687412262
0.934935450553894
0.7857065796852112
0.9271323680877686
0.9560588598251343
0.978931188583374
0.896390974521637
0.9500917792320251
0.9580050706863403
0.9161602854728699
0.8823447227478027
0.9508668184280396
0.9499682188034058
0.9553561210632324
0.871106743812561
0.8432865142822266
0.8876639604568481
0.9365018010139465
0.9128974080085754
0.9569283723831177
0.7574787735939026
0.9234907031059265
