0.9969688057899475
0.9914064407348633
0.9904056191444397
0.9946480393409729
0.9272648096084595
0.9959621429443359
0.9755979776382446
0.9752575755119324
0.9779229164123535
0.9316928386688232
0.9636132717132568
0.9964020252227783
0.9358135461807251
0.9955539703369141
0.9935351610183716
0.9886975884437561
0.959740161895752
0.9962031245231628
0.9765706062316895
0.9891878366470337
0.9515093564987183
0.9892875552177429
0.9859660863876343
0.9951207041740417
0.9706363081932068
0.9895575046539307
0.9717490077018738
0.9963358640670776
0.9331035614013672
0.9922118186950684
0.9869568347930908
0.9858521223068237
0.9768671989440918
0.9935988187789917
0.9891449213027954
0.9735668897628784
0.9844342470169067
0.9362484216690063
0.9866561889648438
0.9936481714248657
0.9731240272521973
0.9836697578430176
0.9676571488380432
0.9911260604858398
0.9952128529548645
0.9791053533554077
0.9717650413513184
0.9901118278503418
0.9867599010467529
0.9948775768280029
0.9440644979476929
0.9958365559577942
0.9632788896560669
0.9869922995567322
0.9651306867599487
0.9934664964675903
0.9722641110420227
0.9958191514015198
0.9216104745864868
0.9976236820220947
0.9854122400283813
0.9400691986083984
0.9815856218338013
0.8640459775924683
0.9734638929367065
0.9937582015991211
0.9765679836273193
0.9936069250106812
0.9885029792785645
0.9980157017707825
0.9766803979873657
0.9305959939956665
0.9645110964775085
0.996359646320343
0.9766781330108643
0.9927877187728882
0.9791717529296875
0.9869047403335571
0.952878475189209
0.9977420568466187
0.9952924251556396
0.9976407885551453
0.9832810759544373
0.9368236064910889
0.9639328122138977
0.9976015090942383
0.9418714046478271
0.9950593709945679
0.967341423034668
0.9908730387687683
0.9811650514602661
0.9979842305183411
0.9855503439903259
0.9688996076583862
0.9852641820907593
0.9855880737304688
0.9806898832321167
0.9924620389938354
0.9942885637283325
0.9974042177200317
0.9890863299369812
0.9973293542861938
0.9951441287994385
0.9906081557273865
0.9614975452423096
0.9918147325515747
0.9176031351089478
0.9951902627944946
0.9771648049354553
0.9970033764839172
0.990477442741394
0.9808917045593262
0.9670497179031372
0.9922600984573364
0.984788179397583
0.993108332157135
0.9917184114456177
0.9868287444114685
0.9224467277526855
0.9965955018997192
0.8946191072463989
0.9976540803909302
0.9947744607925415
0.9960454106330872
0.9846915006637573
0.9822266101837158
0.9904540777206421
0.9873316287994385
0.9747737646102905
0.9945005774497986
0.9612067341804504
0.9946483969688416
0.9874999523162842
0.9925531148910522
0.935655951499939
0.9921802282333374
0.9907432794570923
0.9944051504135132
0.8763192892074585
0.9937007427215576
0.9958692789077759
0.9930083155632019
0.9782828688621521
0.9980941414833069
0.9319100379943848
0.9951826333999634
0.9952510595321655
0.995579183101654
0.9443880319595337
0.9629036784172058
0.9818430542945862
0.9983794689178467
0.9885975122451782
0.9988610744476318
0.9932751655578613
0.996840238571167
0.9863888025283813
0.9958616495132446
0.9791001081466675
0.9985752105712891
0.8743762969970703
0.9959763884544373
0.9865407347679138
0.9942257404327393
0.9859687089920044
0.9926474094390869
0.9783958196640015
0.9964330196380615
0.9961749911308289
0.9955590963363647
0.9818059802055359
0.9885057210922241
0.9819341897964478
0.996612548828125
0.9927009344100952
0.9916266202926636
0.9230555295944214
0.9856032133102417
0.9944798946380615
0.9954114556312561
0.8450206518173218
0.9966368079185486
0.9766564965248108
0.9980827569961548
0.9537250995635986
0.9974797964096069
0.9834046959877014
0.995296061038971
0.9903477430343628
0.9962915182113647
0.9943718910217285
0.9960741996765137
0.9866273403167725
0.9458848834037781
0.9713902473449707
0.9922066330909729
0.989858865737915
0.9970638751983643
0.945776104927063
0.9968133568763733
