-0.8967530131340027
-0.8617184162139893
-0.9982986450195312
-0.7499610185623169
-0.8273577094078064
-0.7191123366355896
-1.0499212741851807
-0.8788849115371704
-0.9175865054130554
-0.9943519830703735
-0.9637449383735657
-0.8779495358467102
-0.8943334221839905
-0.9979555606842041
-0.9252434968948364
-0.8985217213630676
-1.1733506917953491
-0.8422163128852844
-0.8487892746925354
-0.9338701367378235
-1.0457329750061035
-0.7897593379020691
-0.9054656028747559
-0.7558978199958801
-0.9989678263664246
-0.8370752930641174
-1.130420207977295
-0.8372614979743958
-0.9394596219062805
-0.7506930232048035
-0.9907954335212708
-0.8373796343803406
-1.1518923044204712
-0.9293200969696045
-0.8750565648078918
-0.9573889970779419
-1.0732264518737793
-0.9375864863395691
-1.0665141344070435
-0.9566077589988708
-0.9997429847717285
-0.803936779499054
-1.452579140663147
-1.031029462814331
-0.8162310123443604
-0.8099221587181091
-1.1175087690353394
-0.8251108527183533
-1.1213457584381104
-0.7066644430160522
-1.1961525678634644
-0.7982633709907532
-1.0592468976974487
-1.0018649101257324
-1.1232117414474487
-0.941457986831665
-0.9599144458770752
-0.7502643465995789
-1.0760269165039062
-0.8468424081802368
-0.9602519273757935
-1.0137522220611572
-1.0572121143341064
-1.117879033088684
-1.2341578006744385
-0.7294831871986389
-1.0701590776443481
-0.7736729979515076
-1.0920811891555786
-0.8486710786819458
-0.9265326261520386
-1.1375808715820312
-1.0005067586898804
-0.8746302127838135
-0.8786224126815796
-0.8203443288803101
-1.0388386249542236
-0.8896694183349609
-0.9457966089248657
-0.9784213304519653
-0.9322100877761841
-0.7767770886421204
-0.938124418258667
-0.9301584362983704
-1.022194743156433
-1.1636215448379517
-1.0330692529678345
-0.8799551129341125
-1.1035737991333008
-0.7870988845825195
-1.2274526357650757
-0.7778348326683044
-1.090532898902893
-1.1014906167984009
-1.0323796272277832
-1.4438399076461792
-0.9816104173660278
-0.9409034252166748
-0.9439000487327576
-0.8447081446647644
-1.0236396789550781
-0.8307689428329468
-0.9856913089752197
-0.9100491404533386
-0.8977986574172974
-0.7526868581771851
-1.2665714025497437
-0.8605833053588867
-0.9078300595283508
-0.7961636185646057
-0.9414349794387817
-0.7745928168296814
-0.9868699312210083
-0.8791728615760803
-1.201676845550537
-0.8566361665725708
-0.9406667947769165
-0.825909435749054
-1.1795337200164795
-0.8113152384757996
-1.1351020336151123
-0.8217061758041382
-0.8685631155967712
-0.758472740650177
-0.8918747901916504
-1.0376511812210083
-0.8575176000595093
-0.9876965284347534
-0.9111150503158569
-0.8575468063354492
-0.9921248555183411
-0.8104201555252075
-0.8986071944236755
-0.6042811274528503
-0.9673467874526978
-0.8693543672561646
-0.9882110357284546
-0.9534925222396851
-0.9893015623092651
-0.7899777889251709
-1.037989616394043
-0.9324238896369934
-0.8995606899261475
-0.6733571290969849
-1.0834563970565796
-0.7579460144042969
-0.8727748990058899
-1.0366538763046265
-0.8788755536079407
-0.8889801502227783
-0.8649957776069641
-0.8500300049781799
-0.9826707243919373
-1.014623761177063
-0.8043086528778076
-0.8528145551681519
-0.8489413857460022
-0.8384475708007812
-0.8837986588478088
-0.626602053642273
-0.9766936898231506
-0.9340789318084717
-1.0918924808502197
-0.7674657106399536
-1.133848786354065
-0.7417254447937012
-1.0778145790100098
-0.9963690042495728
-0.9608163237571716
-0.8125234246253967
-0.9149243235588074
-1.0300284624099731
-1.1445080041885376
-0.9346492886543274
-0.7877672910690308
-0.9614012837409973
-0.8774603605270386
-0.7676746249198914
-0.815765917301178
-0.934617817401886
-1.1258879899978638
-0.8579404354095459
-1.0228321552276611
-0.7135316729545593
-1.2577687501907349
-0.7905694246292114
-0.9355335235595703
-0.9637826085090637
-0.9531193971633911
-0.778191328048706
-0.9582632780075073
-0.8835927248001099
-1.028037428855896
-0.7518119215965271
-0.8970423936843872
-0.7480893731117249
-0.990078866481781
-0.8758869171142578
-1.157906174659729
-0.8542738556861877
