-1.720517873764038
-1.4286832809448242
-1.6947888135910034
-1.737380027770996
-1.5127432346343994
-1.2219209671020508
-1.7995768785476685
-1.497664451599121
-1.7080118656158447
-1.5700935125350952
-1.7614281177520752
-1.3724249601364136
-1.9384527206420898
-1.4658551216125488
-1.7513140439987183
-1.1673617362976074
-1.7085533142089844
-1.4388363361358643
-1.7029191255569458
-1.4072211980819702
-1.4199726581573486
-1.5477875471115112
-1.7580488920211792
-1.2571932077407837
-1.8710788488388062
-1.4125193357467651
-1.920502781867981
-1.3420921564102173
-1.54580557346344
-1.469295859336853
-1.792041540145874
-1.2066072225570679
-1.9827826023101807
-1.4228661060333252
-1.4232745170593262
-1.3507400751113892
-1.6246267557144165
-1.3316487073898315
-1.859097957611084
-1.3766077756881714
-1.7975430488586426
-1.3061490058898926
-1.5059741735458374
-1.4894306659698486
-1.274172067642212
-1.1972776651382446
-1.6629444360733032
-1.1978172063827515
-1.9516159296035767
-1.0821483135223389
-1.9129385948181152
-1.3877203464508057
-1.8132966756820679
-1.463706135749817
-2.158460855484009
-1.0934427976608276
-1.7457358837127686
-1.6650875806808472
-2.611621141433716
-1.284396767616272
-1.4990732669830322
-1.3822681903839111
-1.9448553323745728
-1.5595347881317139
-1.8649954795837402
-1.11862313747406
-1.8190288543701172
-1.2664005756378174
-1.8285490274429321
-1.299835443496704
-1.549675703048706
-1.371252417564392
-1.6828926801681519
-1.3819507360458374
-1.8323462009429932
-1.425621747970581
-1.7067793607711792
-1.034651756286621
-1.8243296146392822
-1.2858489751815796
-1.5648002624511719
-1.1879185438156128
-1.802890658378601
-1.2308785915374756
-1.6233218908309937
-1.2763123512268066
-1.9127053022384644
-1.3174759149551392
-2.1541903018951416
-1.2117995023727417
-2.3678979873657227
-1.2061847448349
-1.5628589391708374
-1.4637595415115356
-1.6535171270370483
-1.5058116912841797
-1.6202219724655151
-1.35041081905365
-1.6837022304534912
-1.2079476118087769
-1.6580792665481567
-1.2460291385650635
-1.442561388015747
-1.3915469646453857
-1.9054956436157227
-1.1774417161941528
-2.008997917175293
-1.2302030324935913
-1.51893150806427
-1.1174161434173584
-1.54020094871521
-1.3137764930725098
-1.7957119941711426
-1.3099676370620728
-1.6115684509277344
-1.4346381425857544
-1.6421281099319458
-1.2147562503814697
-2.0140438079833984
-1.3751660585403442
-1.7604326009750366
-1.060408115386963
-1.3303964138031006
-1.2521580457687378
-1.8433243036270142
-1.4121956825256348
-1.5606269836425781
-1.5592126846313477
-1.6903228759765625
-1.223915934562683
-1.9879223108291626
-1.2398278713226318
-1.517419457435608
-1.21566641330719
-1.9321262836456299
-1.3713724613189697
-1.539603352546692
-1.2342920303344727
-1.65427827835083
-1.2421560287475586
-1.6537483930587769
-1.424271583557129
-1.830637812614441
-1.0875236988067627
-1.4776146411895752
-1.1558951139450073
-1.597890019416809
-1.5264599323272705
-1.6288585662841797
-1.4405546188354492
-1.4550920724868774
-1.2361403703689575
-1.7646315097808838
-1.3185430765151978
-1.578584909439087
-1.296058177947998
-1.5052871704101562
-1.2890263795852661
-1.4723660945892334
-1.011466145515442
-1.9374008178710938
-1.235793113708496
-1.7477846145629883
-1.2733676433563232
-1.7859828472137451
-1.172499179840088
-1.6502103805541992
-2.0518016815185547
-1.7336300611495972
-1.1611580848693848
-1.799328327178955
-1.6692533493041992
-1.8483928442001343
-1.462822675704956
-1.4193421602249146
-1.1949642896652222
-1.662240982055664
-1.174007534980774
-1.2242960929870605
-1.4311109781265259
-1.6466647386550903
-1.3015731573104858
-1.8793561458587646
-1.2815196514129639
-2.137969970703125
-1.2017842531204224
-1.4529892206192017
-1.3052113056182861
-1.8507938385009766
-1.010430097579956
-1.7146375179290771
-1.2481311559677124
-1.9230310916900635
-1.0766202211380005
-1.783759355545044
-1.2560992240905762
-1.6940889358520508
-1.2383249998092651
-1.6092623472213745
-1.2633877992630005
