-1.1732221841812134
-0.9309599995613098
-1.1900908946990967
-1.2881360054016113
-1.0494942665100098
-0.7610900402069092
-1.5315884351730347
-0.8370930552482605
-1.2373772859573364
-0.9610772728919983
-1.34054696559906
-0.8996426463127136
-1.3924981355667114
-0.9898887276649475
-1.3969382047653198
-0.8651683330535889
-1.2825769186019897
-0.8826943039894104
-1.266624927520752
-0.8205057978630066
-0.8908852934837341
-0.9632643461227417
-1.307843565940857
-0.7984170317649841
-1.254955530166626
-0.9676746726036072
-1.4925644397735596
-0.797239363193512
-1.1366826295852661
-1.0311135053634644
-1.2679156064987183
-0.7765969038009644
-1.5348447561264038
-0.8863289952278137
-0.9438339471817017
-0.963322639465332
-1.2954742908477783
-0.8142911791801453
-1.43789803981781
-0.7902476191520691
-1.3532077074050903
-0.7767735123634338
-1.101696252822876
-0.9044983983039856
-0.8825587630271912
-0.713739812374115
-1.2901091575622559
-0.7226042747497559
-1.392614483833313
-0.7235231399536133
-1.3034979104995728
-0.9042330980300903
-1.2315592765808105
-0.9691476225852966
-1.654943585395813
-0.7427406311035156
-1.2821714878082275
-1.2324700355529785
-2.148024559020996
-0.8785135746002197
-1.0254658460617065
-0.8103218078613281
-1.4550644159317017
-0.8234418034553528
-1.225644826889038
-0.7481815814971924
-1.3524854183197021
-0.7911893725395203
-1.3063724040985107
-0.826218843460083
-0.9584636092185974
-0.8586670756340027
-1.3114274740219116
-0.9134138226509094
-1.3655757904052734
-0.880228579044342
-1.1883280277252197
-0.7698380947113037
-1.316145420074463
-0.7890154123306274
-1.2447744607925415
-0.7232532501220703
-1.45246422290802
-0.7430647015571594
-1.0738675594329834
-0.7811647057533264
-1.3889284133911133
-0.8451285362243652
-1.6300362348556519
-0.8042557239532471
-2.0565543174743652
-0.7802068591117859
-1.1947466135025024
-0.9874033331871033
-1.234407901763916
-0.985633909702301
-1.0952810049057007
-0.7722952365875244
-1.2828775644302368
-0.6960462331771851
-1.2568724155426025
-0.8222168684005737
-1.0891659259796143
-0.8661787509918213
-1.3065062761306763
-0.7577022910118103
-1.558769941329956
-0.8501294255256653
-1.0710318088531494
-0.7443816065788269
-1.103040099143982
-0.8121170997619629
-1.3231236934661865
-0.7989717125892639
-1.1907178163528442
-0.8216363191604614
-1.1712008714675903
-0.8416840434074402
-1.4974334239959717
-0.8157133460044861
-1.3323127031326294
-0.8407149314880371
-0.912550687789917
-0.7942572832107544
-1.3612453937530518
-0.9448078274726868
-0.9625412225723267
-0.9183419346809387
-1.2501810789108276
-0.7189693450927734
-1.5316652059555054
-0.7586689591407776
-1.0179005861282349
-0.6453717350959778
-1.407470464706421
-0.9659935235977173
-1.0993667840957642
-0.8945351243019104
-1.0901223421096802
-0.7964136004447937
-1.1311622858047485
-0.9187595248222351
-1.3180688619613647
-0.7512714266777039
-0.9260782599449158
-0.7147329449653625
-1.0919617414474487
-1.0162510871887207
-1.2122838497161865
-0.7943882942199707
-0.9933215379714966
-0.8140161037445068
-1.3167577981948853
-0.8159767389297485
-1.1240761280059814
-0.7269109487533569
-0.9916157126426697
-0.8884115219116211
-1.0807430744171143
-0.6099498271942139
-1.3221616744995117
-0.8086119890213013
-1.243859052658081
-0.7945853471755981
-1.299743413925171
-0.7730569243431091
-1.1925849914550781
-1.5670491456985474
-1.3323994874954224
-0.7564336657524109
-1.1902645826339722
-1.0060250759124756
-1.458860158920288
-0.9147464036941528
-1.005326747894287
-0.7964434623718262
-1.2109227180480957
-0.6001970767974854
-0.8476537466049194
-0.8824195265769958
-1.163522720336914
-0.8206558227539062
-1.2953523397445679
-0.806816041469574
-1.6288844347000122
-0.7358281016349792
-1.0510902404785156
-0.9408518671989441
-1.3401001691818237
-0.6281078457832336
-1.1791536808013916
-0.7920773029327393
-1.4614092111587524
-0.7005444765090942
-1.2545841932296753
-0.741236686706543
-1.293945550918579
-0.7971356511116028
-1.1980760097503662
-0.8238218426704407
