-1.0506161451339722
-1.0884114503860474
-1.5805307626724243
-1.0504167079925537
-1.080973744392395
-1.0749518871307373
-1.1713355779647827
-1.1786290407180786
-1.2392793893814087
-1.231278419494629
-1.2849618196487427
-1.1851557493209839
-1.230406403541565
-1.3210994005203247
-1.1945993900299072
-1.2423242330551147
-1.379513144493103
-1.0197244882583618
-1.1241012811660767
-1.145490050315857
-1.2611536979675293
-0.9426695704460144
-1.1306172609329224
-0.9576427936553955
-1.149285078048706
-0.9831584095954895
-1.306681752204895
-1.2669947147369385
-1.2128233909606934
-0.9739810824394226
-1.2979633808135986
-1.1700823307037354
-1.3557895421981812
-1.2901023626327515
-1.196419358253479
-1.3806108236312866
-1.395215392112732
-1.165819525718689
-1.2606348991394043
-1.2111561298370361
-1.2210309505462646
-1.1905814409255981
-1.1411688327789307
-1.221679449081421
-1.050650954246521
-1.1059492826461792
-1.4017068147659302
-1.147087574005127
-1.3431334495544434
-1.0342590808868408
-1.6376466751098633
-1.2074142694473267
-1.2653800249099731
-1.111366629600525
-1.306313157081604
-1.222798466682434
-1.1798653602600098
-1.060615062713623
-1.255123257637024
-1.0246245861053467
-1.1499725580215454
-1.2008728981018066
-1.4102247953414917
-1.4006006717681885
-1.516208529472351
-0.9541747570037842
-1.2457568645477295
-1.0245139598846436
-1.4567724466323853
-1.0488375425338745
-1.1322262287139893
-1.4743112325668335
-1.2252475023269653
-1.0683610439300537
-1.0832626819610596
-1.1007370948791504
-1.3207635879516602
-1.051015853881836
-1.186715841293335
-1.186867117881775
-1.1954935789108276
-1.1185367107391357
-1.1800971031188965
-1.1803364753723145
-1.3232142925262451
-1.0562905073165894
-1.2644885778427124
-1.0840401649475098
-1.6868433952331543
-1.1300783157348633
-1.5045892000198364
-0.9824408888816833
-1.350685954093933
-1.268570065498352
-1.2549554109573364
-1.1757354736328125
-1.20440673828125
-1.2944668531417847
-1.2614020109176636
-1.093465805053711
-1.2105332612991333
-1.1281496286392212
-1.2091492414474487
-1.096697211265564
-0.9965041875839233
-1.5586985349655151
-1.4076188802719116
-1.1750376224517822
-1.089242696762085
-0.9912642240524292
-1.2812795639038086
-0.9523468613624573
-1.2791813611984253
-1.1246670484542847
-1.4528459310531616
-1.202758550643921
-1.290946125984192
-1.1248127222061157
-1.392293095588684
-1.0770915746688843
-1.3659448623657227
-1.0703836679458618
-1.1474812030792236
-1.1284596920013428
-1.1877552270889282
-1.303375005722046
-1.1210790872573853
-1.1734421253204346
-1.2315233945846558
-1.102969765663147
-1.1569819450378418
-1.038352370262146
-1.0924181938171387
-0.8384024500846863
-1.2724933624267578
-1.1251014471054077
-1.2540254592895508
-1.0927163362503052
-1.3348610401153564
-1.0066646337509155
-1.4661080837249756
-1.2472035884857178
-1.138267993927002
-0.7967117428779602
-1.2920236587524414
-0.9230722784996033
-1.1913607120513916
-1.2479159832000732
-1.066888689994812
-1.1373859643936157
-1.0622094869613647
-1.045554280281067
-1.2830716371536255
-1.2558094263076782
-1.0386964082717896
-1.083180546760559
-1.1030770540237427
-1.032211184501648
-1.2212218046188354
-0.8409125804901123
-1.1400099992752075
-1.3707464933395386
-1.2221993207931519
-1.0498253107070923
-1.3527339696884155
-1.0068449974060059
-1.3016722202301025
-1.3248355388641357
-1.2020186185836792
-1.093214988708496
-1.4071044921875
-1.2404863834381104
-1.4384257793426514
-1.1563023328781128
-1.0447911024093628
-1.3397678136825562
-1.140718936920166
-1.1849085092544556
-1.0166795253753662
-1.1650222539901733
-1.5345673561096191
-1.1021101474761963
-1.2838811874389648
-0.9382601976394653
-1.4621105194091797
-1.1521936655044556
-1.2726738452911377
-1.401297926902771
-1.2330743074417114
-1.111129641532898
-1.2169917821884155
-1.244868516921997
-1.2438950538635254
-0.9582175016403198
-1.0812501907348633
-0.9396916627883911
-1.207656979560852
-1.1245239973068237
-1.5404975414276123
-1.1474430561065674
