0.8593651093542576
0.8979375660419464
0.5043978219851851
0.8492096644892756
0.9623382017016411
0.8076707544651899
0.6390692407730967
0.6979795040097088
0.8460822055737177
0.7439043886959553
0.8146886160247959
0.6603626303064326
0.8882378675043583
0.79592997552827
0.8670214646392398
0.6387146635291477
0.6620076833836114
0.8025703821331263
0.8951723065513831
0.775528683513403
0.7833322077203775
0.7294185809791088
0.7425055518979207
0.7383662942383025
0.6412706837523728
0.8645771046479543
0.8993222913704813
0.8258814786871275
0.7502552654477768
0.6862550226505846
0.8640083693608176
0.721574108209461
0.8561614311433264
0.7918147593736649
0.5619922365400601
0.6308990383210281
0.8419693768024444
0.7884417472329611
0.906942218542099
0.9163856676646641
0.7467832160847527
0.8430970736912319
0.7955094575881958
0.6433017832847933
0.8682397979904305
0.7213269365951419
0.7799552752985619
0.7694175615285833
0.9221684783697128
0.8345195156522095
0.700039679929614
0.7918294583048139
0.8132792219985276
0.8816993087530136
0.8518497933234487
0.8098580159924247
0.7956329866179398
0.9594954053560892
0.5688617345876992
0.8488125219941139
0.8141151666641235
0.9215854167938232
0.8356143881877264
0.10374939441680908
0.9203652994973319
0.8494399244135077
0.8629742960135142
0.8204325534004185
0.5719692775358757
0.7265521310269832
0.9309719443321228
0.703258250762398
0.8682796557744344
0.9501237043967614
0.6833010715093802
0.9411511619885763
0.7783912066370249
0.7297531813383102
0.8495520784386567
0.8055243710563942
0.9692191140992301
0.8588249208405614
0.937104066212972
0.6017858418199467
0.8785112202167511
0.8704798665841937
0.8899944505908273
0.7482519387558568
0.8428598549216986
0.920392781496048
0.9728257276795127
0.09829811453819275
0.5828517754044797
0.7708813538774848
0.8874182535542382
0.7260160595178604
0.7376266446496759
0.7931271591647104
0.8406920228153467
0.8141914624720812
0.8034001745283603
0.7255872859280895
0.5062516810786393
0.7233221933245659
0.9926226139068604
0.6945494029416956
0.8456261285713741
0.807640843377966
0.7973495076100031
0.7704393118619919
0.8049775240787616
0.7353266826407476
0.8326824307441711
0.6561737563461065
0.8363582417368889
0.61833650409244
0.8823036876403623
0.8759992751810286
0.748229484190233
0.9023622962144705
0.5833276397051205
0.9774280041456223
0.8210098031494353
0.8646135211165529
0.7845215536653996
0.8343273029895499
0.9389611428434198
0.7714519828557969
0.9709606766700745
0.7490193239516683
0.9101559147238731
0.7931458093225956
0.8102993033826351
0.7710977367823943
0.8038738738745451
0.6738466654335045
0.8190457958262414
0.958277556029233
0.7680404376811706
0.8450922982560264
0.98939129114151
0.9012643822601863
0.8243381428447637
0.9941200869424003
0.6446970143879298
0.9133335910737514
0.9146609561783927
0.8727129999962118
0.8058264282132898
0.6973777019108335
0.8147341312308397
0.6968872109428048
0.8948757629841566
0.8475564559921622
0.8616170627730233
0.752390413867453
0.6279439043054091
0.8739668003150395
0.8311687111854553
0.9884588548115322
0.7787358450780933
0.9514328042666117
0.7444744447711855
0.7021806856024672
0.8026503565219733
0.8137383796959458
0.5998877678066492
0.9035387575626374
0.9788948073983192
0.8854512489504285
0.9809338053067526
0.6964963857423175
0.5742398185306229
0.8485362466424704
0.9777046008543535
0.7107036131700235
0.9515806767675612
0.7258085402194411
0.8115656820591539
0.7277744928995769
0.7691387704440525
0.9519836414944042
0.9273114999135336
0.9274195267094506
0.7693923883091071
0.8683698654174805
0.9025230663163322
0.8485964342951775
0.7455951973795891
0.718986701220274
0.7694301231198811
0.7464439350005705
0.7072791992686689
0.8344824028172297
0.6837847082177178
0.9328211843967438
0.738736783768135
0.8924399074167013
0.813864349698027
0.6420585277290749
