0.9917826652526855
0.983124852180481
0.9816816449165344
0.976905345916748
0.9644073247909546
0.9893314838409424
0.9832391738891602
0.9568153619766235
0.9743823409080505
0.957872748374939
0.9535273313522339
0.982982873916626
0.9404395818710327
0.9914063215255737
0.9837116599082947
0.980535626411438
0.9547110199928284
0.9825628995895386
0.9551352858543396
0.9859794974327087
0.958473801612854
0.9828222990036011
0.9721365571022034
0.9928046464920044
0.9791451096534729
0.9881598353385925
0.943168580532074
0.9772174954414368
0.9362982511520386
0.9750875234603882
0.986967921257019
0.9737653136253357
0.91501784324646
0.9853161573410034
0.9800700545310974
0.9779916405677795
0.976740300655365
0.9587363004684448
0.9874324202537537
0.9773178100585938
0.9563491940498352
0.9911911487579346
0.9685177803039551
0.9811517596244812
0.9840830564498901
0.9711358547210693
0.9626799821853638
0.9868263602256775
0.9800082445144653
0.9822347164154053
0.9290488362312317
0.9929839372634888
0.9541440010070801
0.9859702587127686
0.9445399045944214
0.9726235866546631
0.9709599018096924
0.9891372323036194
0.9293708801269531
0.9749950170516968
0.9544396996498108
0.9252323508262634
0.9690037369728088
0.8705925941467285
0.9881535172462463
0.9808616042137146
0.9733335971832275
0.9850230813026428
0.9732212424278259
0.9889102578163147
0.9816394448280334
0.9455149173736572
0.9416796565055847
0.9898784160614014
0.9570273756980896
0.9894111752510071
0.9712803959846497
0.991953432559967
0.9164841771125793
0.9883580803871155
0.988970935344696
0.9903989434242249
0.9772693514823914
0.842677652835846
0.9722671508789062
0.9868977069854736
0.9196624755859375
0.9929651618003845
0.9143826961517334
0.9874458312988281
0.9790679216384888
0.9877785444259644
0.9763223528862
0.9609730243682861
0.9771899580955505
0.976361870765686
0.9789533019065857
0.9832951426506042
0.9759485721588135
0.9674718379974365
0.9798893928527832
0.9805582165718079
0.9851672649383545
0.9753983020782471
0.9701247811317444
0.9374237060546875
0.9546831846237183
0.9887921810150146
0.9840162992477417
0.9590497016906738
0.9775369763374329
0.9808819890022278
0.9567034840583801
0.9774388670921326
0.9797650575637817
0.9913440942764282
0.982405424118042
0.9742582440376282
0.9158257246017456
0.990398108959198
0.9079723358154297
0.9923958778381348
0.9827395677566528
0.9926565885543823
0.9735597372055054
0.9461641907691956
0.9787522554397583
0.9761448502540588
0.9804503917694092
0.9848955869674683
0.9373123049736023
0.9856981039047241
0.9813060760498047
0.9833183288574219
0.9152914881706238
0.9739831686019897
0.9512379169464111
0.9947256445884705
0.9197515249252319
0.9921365976333618
0.9907577633857727
0.9927472472190857
0.9658374190330505
0.9959273338317871
0.9298302531242371
0.9872890114784241
0.9886163473129272
0.9909631609916687
0.9520753622055054
0.8905675411224365
0.9627424478530884
0.9844703674316406
0.9616559147834778
0.9807122945785522
0.9869545102119446
0.9933121800422668
0.9713678359985352
0.9880708456039429
0.9756311178207397
0.9741894006729126
0.8330484628677368
0.9901916980743408
0.9845409393310547
0.9855431914329529
0.9572400450706482
0.9854038953781128
0.9833624362945557
0.9938990473747253
0.9734587669372559
0.9741354584693909
0.9747430086135864
0.9838284850120544
0.9794179797172546
0.9907236099243164
0.9837177991867065
0.9892221689224243
0.8893542885780334
0.9500053524971008
0.9703938961029053
0.979426920413971
0.7953771352767944
0.9923080205917358
0.9762721657752991
0.9904355406761169
0.9594166874885559
0.9825839400291443
0.9828058481216431
0.9881964325904846
0.9482349753379822
0.9933411478996277
0.9815135598182678
0.9807539582252502
0.9678458571434021
0.9328349232673645
0.9341752529144287
0.9942628741264343
0.9728777408599854
0.990105152130127
0.9337757229804993
0.9870873093605042
