0.9260951578617096
0.8862175155017111
0.7925123385968618
0.9907564435686383
0.9524040818214417
0.8755944181572307
0.710583916787679
0.8200469685252756
0.8675894886255264
0.7973393438383937
0.8650641334146106
0.9742015600204468
0.9634582325816154
0.8237319231033325
0.994200176662869
0.7836095243692398
0.6625262088297555
0.9293813332915306
0.903895667539193
0.7565494507551194
0.8198456323880237
0.9274259686470032
0.8467778621707112
0.832023368941413
0.7414573500165715
0.854422445098559
0.899892654735595
0.859512080748876
0.8410623106174171
0.7076591973059944
0.9882174879312515
0.9250138133764267
0.9221850250448499
0.9695734431346258
0.7986681545364924
0.7748900279402733
0.8878127083182334
0.9712779025236765
0.8965472280979156
0.9364201085908073
0.9014188987868172
0.98243761914117
0.8301966637372971
0.7784746515875062
0.8986799046397209
0.899046567082405
0.9193885487371257
0.819823747399884
0.9632219225168228
0.9384953558444977
0.885967024974525
0.7692906558513641
0.9594651510318121
0.8526183615128199
0.8544688810195241
0.9417206211523577
0.9231289155515177
0.9888895849386851
0.5894833598285913
0.866965419302384
0.8567822277545929
0.9458505868911743
0.9217494055628777
0.8650290040033204
0.9539551990372794
0.9211681905117902
0.933055924044715
0.9830021347318377
0.576473604577283
0.8256131252273917
0.9926064491271973
0.8204095095085601
0.8680447439352671
0.9908114900955787
0.7115414457565005
0.988124410311381
0.9342824518680573
0.7897115449110667
0.9287968070379325
0.8781964374833148
0.9931098393031529
0.8543215515092015
0.9323053359985352
0.7412145946727833
0.8834103693564733
0.8697788183506217
0.9063671989874407
0.800096832215786
0.9072800278663635
0.9924055263400078
0.9771847183054144
0.09904999136924744
0.796052534547117
0.8783086212351918
0.9069443113274045
0.7269380937019984
0.8698322411094394
0.8170912326736883
0.8689306974411011
0.832440946251154
0.7883340379223227
0.8082395123571835
0.6307204940045873
0.8073626104742289
0.994437301158905
0.7517917081713676
0.8732825879539762
0.9138766229152679
0.9888930022716522
0.8734667036268446
0.9540222942829132
0.8238671408458189
0.9810332854588827
0.8145224308051789
0.9729053378105164
0.7745597553439438
0.8860693348364698
0.9616768426365323
0.7842113431543112
0.8481282121860064
0.8866393752396107
0.9566951543092728
0.9110507667064667
0.9939632415771484
0.7848267098888755
0.9818463524182638
0.9905712875452909
0.8980258673429489
0.9816097815831503
0.7897953713933626
0.9450555592775345
0.9025878012180328
0.9438084264596304
0.8631381051770101
0.8141091402620078
0.9926991793844435
0.8292500315389285
0.9758944565599615
0.9057180437331016
0.9543315437104967
0.9890631556510925
0.9359645843505859
0.8748997822403908
0.994475177356175
0.954961858689785
0.9146035276353359
0.990095317363739
0.9897941218482124
0.8531852731747287
0.8580753405888876
0.8146224705768483
0.8923614670832952
0.8944097589701414
0.9537111989089421
0.99448504618236
0.9163911377008145
0.6762626125543777
0.8914167582988739
0.9323432246843973
0.9879304000309536
0.7856843360156441
0.9448629120985667
0.9815853238105774
0.8446675457737662
0.8947539100280175
0.9419595502755221
0.7184997232398018
0.9138119995594025
0.9818183183670044
0.9753906197018094
0.985406306054857
0.9761010733517733
0.6860908324830234
0.8854697309434414
0.9858054627071727
0.8698556082589286
0.9477563036812676
0.8212383648380637
0.9142437850435575
0.8511398445504407
0.9752506358282906
0.9942560954527422
0.9405053853988647
0.994118697113461
0.8294882599607503
0.9126151993870735
0.9033001065254211
0.8110676545649766
0.8177636787295341
0.9035613498946821
0.783449053232159
0.8702723086316837
0.7961213889842232
0.8336395272781374
0.9023200407624244
0.9382655918598175
0.900223134381866
0.9116193726658821
0.8261120909204086
0.7046984050955091
