0.8921391079912382
0.9557720990710303
0.8988649231573286
0.951912855717242
0.9257953393683459
0.9439616317404292
0.9006065590028971
0.9427196059596474
0.9013030508427525
0.9431482645509914
0.8948657474600871
0.940898885820132
0.8895608933513083
0.9442217219126715
0.8768515311175467
0.9561400578365445
0.9075600850311133
0.9448771833415757
0.9102270191102312
0.9511390295180396
0.8992159248726876
0.9452275043369351
0.913969206399176
0.944302667165859
0.8578476872025602
0.9434432655903833
0.88114539379331
0.9489743670314936
0.9092067700046451
0.9364710827662259
0.9176982861193387
0.9525118976069571
0.8871250753179053
0.9344980958361263
0.8823414720917953
0.9425822186248615
0.8809748900050528
0.9523030689784459
0.8636184403631271
0.9537277079106043
0.9082792277470443
0.9513190689874295
0.9136706523108018
0.9251838478981336
0.8807736167689648
0.9541842096601588
0.8737366048871913
0.9443626129179318
0.8850088587693451
0.9518677650995772
0.9197878146449103
0.9466614758698092
0.9103522342333483
0.9505094107732664
0.8897075017577254
0.957855636958269
0.850718911724273
0.9337611294655241
0.8803542606485859
0.9468353515350486
0.9055360335622293
0.9504004642619652
0.8988537070400249
0.9485437610182731
0.9040119003556754
0.9572316334793062
0.8647546170183948
0.9435871192540933
0.8803367436602431
0.9491864414829334
0.9597927404333775
0.9489024993616922
0.8912671755591396
0.9444681688395422
0.8921179028207106
0.9553731481324191
0.9102262805885557
0.9473083538310291
0.9084906375034212
0.9409193423170106
0.9107244486332126
0.9498248175935426
0.8869265236201422
0.9373016621218272
0.9137912647429002
0.9512733345261525
0.8728240246597874
0.9543364353618398
0.8887872328499037
0.9471537466105143
0.8954278891162935
0.9492220631477162
0.901927445764027
0.9507525367027718
0.8701195629767059
0.9419668870360911
0.921037348383474
0.9613164664672199
0.8984693194184963
0.9579425973287866
0.9003250350656352
0.9458517245142883
0.910890439932318
0.9488616502066342
0.9286707827287544
0.95024824974624
0.8369284439317526
0.948837406653089
0.9284786640841213
0.9491779250983354
0.9027330325155279
0.9531926814163563
0.8757003669488644
0.9374230882100448
0.9036687395419696
0.9516832032098803
0.9116153968311633
0.9570661105509181
0.905254592801445
0.9494816141780964
0.901910536328714
0.9518729956911773
0.877793335636147
0.9481378265384591
0.8832576712266371
0.948573023344469
0.9230016629219111
0.9387973635114949
0.899097884459526
0.9519202886118545
0.8989021699599709
0.9527233789411065
0.9090735903551486
0.9490463057224189
0.8556939229532328
0.943676617225482
0.9058342296698058
0.9484432980242841
0.9129810408337067
0.9484163436339763
0.9225111364342691
0.9499620945349675
0.8898288954327439
0.9593807084859238
0.9231051489871465
0.9374818882676984
0.9072534205555812
0.9460782848717977
0.8827688621166747
0.943232717341184
0.9327246127552786
0.9424945347781634
0.9288127362416879
0.9424938047263103
0.9149498576472975
0.9402204356132977
0.9302796736520448
0.9451659848708086
0.9202034862010765
0.9467680608365018
0.8776298211963252
0.955078503840004
0.9422426253951273
0.9396470369446293
0.897776544605724
0.9405127320287514
0.9022733563237307
0.947670742537236
0.8789673079588476
0.9532368794804472
0.9000640523606245
0.9303590010108653
0.8962605987133202
0.9379684929597101
0.9166238119903969
0.9589190605081638
0.9108255993943083
0.9515053411631157
0.9313131420941099
0.9322508887633949
0.8866260445082556
0.9487118598610805
0.8979800702609076
0.9478049788730244
0.889429306619387
0.956375073017373
0.9240107008795418
0.9376670883686988
0.8965762533328013
0.950459988317757
0.8914622910931203
0.9524174315370567
0.8842711513166058
0.9491571432671921
0.8802360395578223
0.9517768820277065
0.9157271361056962
0.9554908343471255
0.8894000294757461
0.9568936031489174
