0.9141290783882141
0.8217830061912537
0.4351176917552948
0.2826797366142273
0.8566153645515442
0.8277631998062134
0.5334121584892273
0.6729899644851685
0.1484556347131729
0.09455105662345886
0.7607576847076416
0.8955610990524292
0.23130427300930023
0.9399287104606628
0.5287994146347046
0.2597000002861023
0.21949894726276398
0.6207489967346191
0.8778159618377686
0.9533393383026123
0.8586482405662537
0.8968001008033752
0.6476378440856934
0.9208208322525024
0.9063336253166199
0.1702367067337036
0.6510412096977234
0.1476256251335144
0.4931592345237732
0.49398455023765564
0.6499784588813782
0.7605206370353699
0.8247599601745605
0.31202080845832825
0.6948347091674805
0.02745039202272892
0.9185709953308105
0.5314344167709351
0.6348472237586975
0.7462957501411438
0.31008967757225037
0.3265296518802643
0.23320484161376953
0.7379605174064636
0.9383256435394287
0.8465038537979126
0.5616918206214905
0.5453647971153259
0.9015815854072571
0.7916795015335083
0.016569267958402634
0.29488521814346313
0.9461665153503418
0.6556829214096069
0.27657750248908997
0.9040418267250061
0.04630468040704727
0.49339064955711365
0.9009215235710144
0.81703120470047
0.8819102048873901
0.6301057934761047
0.7847259044647217
0.5051947832107544
0.7809996008872986
0.266357958316803
0.5953530073165894
0.8265413045883179
0.26779747009277344
0.7151597142219543
0.9718077778816223
0.6014930605888367
0.7588788270950317
0.9351447820663452
0.18166831135749817
0.8675458431243896
0.9328497052192688
0.653338611125946
0.18969817459583282
0.3363170325756073
0.5692244172096252
0.8813455104827881
0.224274143576622
0.1424882560968399
0.8363072276115417
0.24500073492527008
0.8924782872200012
0.6463474035263062
0.8809782266616821
0.6656640768051147
0.6177201867103577
0.7713245749473572
0.7151219844818115
0.43505141139030457
0.5515708923339844
0.4260682165622711
0.40329989790916443
0.45329704880714417
0.16844867169857025
0.8104950785636902
0.6811299324035645
0.5306878089904785
0.8512862324714661
0.6899995803833008
0.701996922492981
0.8970320820808411
0.5826179385185242
0.6480367183685303
0.7779917120933533
0.7177461981773376
0.39375847578048706
0.9495619535446167
0.17436854541301727
0.779335081577301
0.8238587975502014
0.32802313566207886
0.8201935291290283
0.42718443274497986
0.8763234615325928
0.655112624168396
0.4363715648651123
0.6891881823539734
0.18824231624603271
0.764327347278595
0.8765362501144409
0.8270352482795715
0.7343711853027344
0.5581812262535095
0.8316357135772705
0.7499372959136963
0.42818182706832886
0.770089864730835
0.7622835636138916
0.835658073425293
0.8972915410995483
0.8872616291046143
0.27683183550834656
0.8227471113204956
0.9287647604942322
0.6516599059104919
0.4182158410549164
0.7252535820007324
0.8902561664581299
0.9408922791481018
0.7544695734977722
0.8707841634750366
0.6356154084205627
0.3043897747993469
0.5950954556465149
0.3291255235671997
0.7227528691291809
0.5232225656509399
0.9041092991828918
0.7326393723487854
0.7133809924125671
0.5610548257827759
0.16835080087184906
0.242259681224823
0.690905749797821
0.7733322381973267
0.4447244107723236
0.5833617448806763
0.6990188956260681
0.7110152244567871
0.5690302848815918
0.5441635251045227
0.8720280528068542
0.33925357460975647
0.4635045528411865
0.6214878559112549
0.3988158404827118
0.8873512744903564
0.5790210366249084
0.8016993403434753
0.847715437412262
0.04209768772125244
0.8963236808776855
0.6616966128349304
0.6277803182601929
0.6667677164077759
0.05530022829771042
0.9308661222457886
0.5409702062606812
0.6712526679039001
0.4209665060043335
0.7747675776481628
0.8156273365020752
0.9499495029449463
0.4779689311981201
0.7864859700202942
0.5461407899856567
0.7476726770401001
0.7353840470314026
0.8401955366134644
0.9065684080123901
0.739597499370575
0.29668691754341125
0.9114365577697754
0.5517154335975647
0.5067048072814941
