0.9789717197418213
0.9520048499107361
0.5161421298980713
0.9793669581413269
0.9827970266342163
0.9717033505439758
0.9827956557273865
0.1081584244966507
0.7994780540466309
0.018765684217214584
0.8480004072189331
0.9833006858825684
0.9326803088188171
0.8999843001365662
0.9815794229507446
0.9453616738319397
0.1754506677389145
0.9516485929489136
0.43642619252204895
0.9867047071456909
0.9692651629447937
0.9717268347740173
0.8315050601959229
0.9687606692314148
0.7095180153846741
0.9781648516654968
0.9074875712394714
0.9302496314048767
0.9540117383003235
0.9869588017463684
0.7075159549713135
0.17502886056900024
0.8474853038787842
0.7999417781829834
0.8777514100074768
0.11455457657575607
0.8591920137405396
0.34728336334228516
0.985784113407135
0.9520049691200256
0.9768908619880676
0.9657120108604431
0.9787405133247375
0.7012982368469238
0.9437345266342163
0.8392990827560425
0.6986545324325562
0.22798940539360046
0.7779155969619751
0.6093864440917969
0.24518142640590668
0.9706817269325256
0.9366875290870667
0.9647381901741028
0.8877106308937073
0.7904062271118164
0.02118336595594883
0.9624183773994446
0.9850736260414124
0.9159235954284668
0.9725539088249207
0.8705318570137024
0.8429122567176819
0.6224979758262634
0.9637451171875
0.2814309298992157
0.8955827951431274
0.9811407327651978
0.9161027073860168
0.9454371929168701
0.9885750412940979
0.35520052909851074
0.7839912176132202
0.9785053730010986
0.0029410929419100285
0.9853626489639282
0.8909780979156494
0.9161970615386963
0.373063325881958
0.8441949486732483
0.6161747574806213
0.9659165740013123
0.9857461452484131
0.8885349035263062
0.8777046799659729
0.10428693145513535
0.516849160194397
0.8629692196846008
0.719521164894104
0.9634376168251038
0.9652940630912781
0.9829811453819275
0.8511908054351807
0.9760856628417969
0.9284762144088745
0.7651883363723755
0.9594615697860718
0.7466724514961243
0.9692788124084473
0.9637479782104492
0.49389415979385376
0.7282004356384277
0.02818647213280201
0.9460770487785339
0.9607318639755249
0.9606695771217346
0.9515177607536316
0.9789446592330933
0.8885219693183899
0.3904249370098114
0.5633425116539001
0.9830309152603149
0.6951148509979248
0.4209972620010376
0.9328929781913757
0.09996624290943146
0.9842061996459961
0.7902330160140991
0.46464043855667114
0.8533689975738525
0.6414737701416016
0.9824985265731812
0.9483276009559631
0.981971800327301
0.9467706680297852
0.7668046355247498
0.8678244352340698
0.9307915568351746
0.9727725982666016
0.968079149723053
0.8847689628601074
0.3951411843299866
0.8454725742340088
0.28565746545791626
0.8956801295280457
0.9722045063972473
0.7827951312065125
0.9734774231910706
0.7930878400802612
0.6096259355545044
0.9833245277404785
0.9711610078811646
0.7627164721488953
0.9813034534454346
0.7488704323768616
0.9863877296447754
0.9758568406105042
0.6540004014968872
0.9855196475982666
0.5028577446937561
0.8702151775360107
0.10160546004772186
0.9870647192001343
0.43868353962898254
0.9223096966743469
0.050543997436761856
0.8992075324058533
0.9542287588119507
0.9731506109237671
0.9773769974708557
0.5555213689804077
0.9537885189056396
0.7269660234451294
0.95960533618927
0.639896810054779
0.42795056104660034
0.49304404854774475
0.8448716998100281
0.9428459405899048
0.9822151064872742
0.973772406578064
0.8049041628837585
0.919516384601593
0.8804628252983093
0.7431645393371582
0.1897285133600235
0.9645598530769348
0.04741598665714264
0.007931414060294628
0.17205670475959778
0.5665395259857178
0.6980002522468567
0.9865670800209045
0.9650192260742188
0.732568085193634
0.9440840482711792
0.9670760035514832
0.9478451609611511
0.9393265843391418
0.9706684350967407
0.864603579044342
0.9820685982704163
0.8043778538703918
0.754030168056488
0.3954707384109497
0.953711748123169
0.08659768104553223
0.9741823077201843
0.934047520160675
0.95661461353302
