-2.037977933883667
-2.015681266784668
-2.1878974437713623
-1.9818596839904785
-1.895769476890564
-1.6888030767440796
-2.0744924545288086
-2.09031081199646
-2.3949906826019287
-2.021357774734497
-2.231475591659546
-2.160677671432495
-2.293327808380127
-2.3595588207244873
-1.9541656970977783
-2.031877279281616
-2.105179786682129
-1.8454394340515137
-2.049675464630127
-2.1324522495269775
-2.0917930603027344
-2.2562575340270996
-1.9566172361373901
-1.780198574066162
-2.1204307079315186
-2.0884151458740234
-2.112649917602539
-2.2013936042785645
-2.196115016937256
-1.929117202758789
-2.500398874282837
-2.1344757080078125
-2.316899061203003
-2.374204635620117
-2.0865890979766846
-2.175034284591675
-2.2855000495910645
-2.2809672355651855
-2.2827248573303223
-2.232390880584717
-2.0182785987854004
-2.082418203353882
-2.1760528087615967
-2.332939863204956
-1.9625804424285889
-2.1988775730133057
-2.1952757835388184
-1.876075267791748
-2.10575532913208
-1.8691565990447998
-2.5045902729034424
-2.353159189224243
-2.2303059101104736
-2.3796439170837402
-2.3128137588500977
-2.244145631790161
-1.9791795015335083
-2.1690008640289307
-2.2508199214935303
-2.0698976516723633
-2.304149866104126
-2.258441686630249
-2.1967012882232666
-2.1190288066864014
-2.684208393096924
-1.7552194595336914
-2.3794548511505127
-1.881543755531311
-2.355074167251587
-2.0448174476623535
-2.1172871589660645
-2.4387125968933105
-2.219827651977539
-2.3200197219848633
-1.882681965827942
-2.0308737754821777
-2.0612692832946777
-2.2932426929473877
-2.0139269828796387
-2.102473735809326
-2.2512402534484863
-2.0441596508026123
-1.9699152708053589
-2.400123357772827
-2.401433229446411
-2.1668901443481445
-2.2170522212982178
-2.047640800476074
-2.343430519104004
-1.992328405380249
-2.3089706897735596
-1.9161112308502197
-2.2578604221343994
-2.101552724838257
-2.007150173187256
-2.1446969509124756
-2.0977678298950195
-2.392122745513916
-2.4522509574890137
-1.9963444471359253
-2.2262156009674072
-2.1944258213043213
-2.220113754272461
-2.3630874156951904
-1.811320424079895
-1.9634578227996826
-1.9317450523376465
-2.191373825073242
-2.3285722732543945
-1.8959616422653198
-2.5274038314819336
-2.245668888092041
-2.4200093746185303
-2.1271965503692627
-2.3969616889953613
-2.1954104900360107
-2.3513717651367188
-2.2043466567993164
-2.1060736179351807
-2.117324113845825
-2.054150342941284
-2.01676607131958
-2.0082387924194336
-1.90317964553833
-2.4152729511260986
-2.290048599243164
-2.0359725952148438
-2.251173734664917
-2.3638598918914795
-2.225959062576294
-2.1457159519195557
-2.0734825134277344
-2.0617096424102783
-1.942120909690857
-2.3955636024475098
-2.124431610107422
-2.416086435317993
-2.029411792755127
-2.327394962310791
-1.9002766609191895
-2.432358503341675
-2.0664615631103516
-2.101101875305176
-1.7975244522094727
-2.1469905376434326
-1.8729603290557861
-2.0456371307373047
-2.229360342025757
-1.9619303941726685
-2.2674999237060547
-1.9127622842788696
-2.0096380710601807
-2.341353416442871
-2.0624542236328125
-1.9568582773208618
-1.98824143409729
-2.5891478061676025
-1.8394761085510254
-2.3324432373046875
-1.7833367586135864
-2.0075154304504395
-2.5866620540618896
-2.192814588546753
-2.042774200439453
-2.3321688175201416
-1.8333771228790283
-2.321516752243042
-2.803053617477417
-2.2197344303131104
-2.058777332305908
-2.2397890090942383
-2.2162063121795654
-2.5712215900421143
-2.0745301246643066
-2.100815773010254
-2.1720125675201416
-2.0082905292510986
-2.2818102836608887
-1.757110357284546
-2.2322733402252197
-2.534754991531372
-2.0591511726379395
-2.1890106201171875
-2.0438239574432373
-2.5181057453155518
-1.954290747642517
-2.367366075515747
-2.300286054611206
-1.9990527629852295
-1.867922306060791
-2.1487302780151367
-2.518779993057251
-2.225182294845581
-1.9169142246246338
-1.8857334852218628
-2.0670864582061768
-2.023623466491699
-2.173698902130127
-2.2459328174591064
-2.0339386463165283
