-1.5035611391067505
-1.090590000152588
-1.5856504440307617
-1.4139821529388428
-1.3404793739318848
-0.9731221795082092
-1.6414059400558472
-1.1455742120742798
-1.610304355621338
-1.2076927423477173
-1.5613096952438354
-1.0677920579910278
-1.6813586950302124
-1.1262174844741821
-1.9348998069763184
-0.9607385396957397
-1.7168371677398682
-1.1035152673721313
-1.405592679977417
-1.0282381772994995
-1.3474137783050537
-1.2357717752456665
-1.8153843879699707
-0.9781476855278015
-1.7916946411132812
-1.1798977851867676
-1.5643681287765503
-1.0653218030929565
-1.4150933027267456
-1.2356044054031372
-1.5006015300750732
-0.8863714337348938
-1.6410024166107178
-1.0884181261062622
-1.3480621576309204
-1.2201882600784302
-1.3511370420455933
-1.0193337202072144
-1.7451183795928955
-1.0268924236297607
-1.6191538572311401
-0.9982935190200806
-1.4418561458587646
-1.0616240501403809
-1.5370328426361084
-0.9064918160438538
-1.4750280380249023
-0.8952950239181519
-1.6013108491897583
-0.8410748839378357
-1.648656964302063
-1.0062310695648193
-1.8080843687057495
-1.1369584798812866
-1.4939308166503906
-0.8534877896308899
-1.4985414743423462
-1.427641749382019
-2.0884008407592773
-1.012582778930664
-1.8415337800979614
-1.0081015825271606
-1.6313245296478271
-1.0918669700622559
-1.616619348526001
-0.8340095281600952
-1.621451497077942
-0.9791684150695801
-1.6603448390960693
-0.9427568316459656
-1.5923237800598145
-0.96564120054245
-1.4230023622512817
-1.0963650941848755
-1.4857652187347412
-1.0922565460205078
-1.4693888425827026
-0.8440278768539429
-1.7397416830062866
-0.9276193380355835
-1.7793763875961304
-0.870343029499054
-1.4932342767715454
-0.9441428184509277
-1.9901964664459229
-0.9551590085029602
-1.5880872011184692
-0.9701377153396606
-1.7804076671600342
-0.9202463626861572
-2.1085519790649414
-0.9705818295478821
-1.5336014032363892
-1.1803560256958008
-1.355851173400879
-1.252395749092102
-1.4077942371368408
-0.9457980990409851
-1.8671208620071411
-0.989992082118988
-1.563641905784607
-0.969626247882843
-1.8182917833328247
-1.0194799900054932
-1.4327597618103027
-0.9126003384590149
-1.6272683143615723
-1.1128956079483032
-1.532720685005188
-0.8580582141876221
-1.5888969898223877
-0.9614932537078857
-1.4795594215393066
-0.9501456022262573
-1.9701272249221802
-1.1181777715682983
-1.4021128416061401
-0.9816939830780029
-1.444225788116455
-0.9252431988716125
-1.6449660062789917
-0.9724034070968628
-1.2258176803588867
-0.9287132024765015
-1.420862078666687
-1.0266979932785034
-1.3062812089920044
-1.1481291055679321
-1.7299768924713135
-0.9303792119026184
-1.513244867324829
-0.8727781772613525
-1.6190916299819946
-0.7641242146492004
-1.7921196222305298
-1.1503431797027588
-1.5355538129806519
-0.9980431795120239
-1.263811469078064
-0.9121944308280945
-1.520808458328247
-1.129960536956787
-1.654003620147705
-0.8773366212844849
-1.3228092193603516
-0.8812872767448425
-1.751124382019043
-1.2013133764266968
-1.4827007055282593
-1.1171166896820068
-1.442347526550293
-0.9835628271102905
-1.6027028560638428
-0.9483686089515686
-1.4368294477462769
-0.9336283206939697
-1.4501951932907104
-1.0195428133010864
-1.461318016052246
-0.7709137201309204
-1.418288230895996
-0.9583854675292969
-1.6992405652999878
-0.9267281293869019
-1.8687680959701538
-0.9606318473815918
-1.8988252878189087
-1.7544751167297363
-1.6176046133041382
-0.9444432258605957
-1.3173394203186035
-1.1832038164138794
-1.7333104610443115
-1.0404961109161377
-1.408962607383728
-0.9547913670539856
-1.5224368572235107
-0.7272096276283264
-1.3669904470443726
-1.1029052734375
-1.2934110164642334
-0.9721601009368896
-1.449647307395935
-0.9798452258110046
-1.829673409461975
-0.9394863843917847
-1.251326084136963
-1.0689172744750977
-1.5581151247024536
-0.7437110543251038
-1.6808849573135376
-0.9167339205741882
-1.6078563928604126
-0.8110141158103943
-1.7430754899978638
-0.8968304395675659
-1.7851452827453613
-0.9710744023323059
-1.4410468339920044
-0.9919132590293884
