[[8, 5, 11, 12, 4, 9, 3], [11, 7, 8, 12, 6, 5], [0, 15, 4, 8, 1, 3, 2, 9, 12], [28, 31, 5, 10, 11, 0, 13, 20, 33, 36], [5, 0, 7, 1, 6, 12, 8, 11], [1, 15, 3, 12, 6, 30, 4, 17, 23, 13, 26, 2], [18, 26, 11, 1, 4, 2, 5, 9, 24, 0, 12, 22, 23, 16, 27, 28], [7, 31, 1, 8, 10, 14, 4, 16]]
[[0, 7, 12, 23, 18, 1, 5, 9, 27, 19], [5, 2, 13, 7, 18, 4], [7, 0, 4, 12, 1, 3], [9, 17, 3, 5, 6, 14, 20, 7, 15, 0], [10, 19, 6, 3, 4, 7, 2, 17, 0, 1], [13, 16, 4, 6, 8, 11, 5, 10], [10, 30, 2, 5, 17, 22, 23, 4], [18, 11, 19, 13], [9, 17, 4, 7, 0, 12, 5, 14, 13, 18]]
[[18, 9, 3, 17, 8, 11, 14, 12], [28, 9, 16, 7, 15, 1, 11, 18, 21, 2, 4, 12], [0, 11, 8, 12], [0, 9, 21, 3, 17, 13, 25, 6, 19, 22], [19, 21, 8, 2, 6, 11, 14, 3, 12, 9, 0, 4], [0, 20, 3, 24, 17, 5, 21, 4], [27, 0, 3, 9, 20, 23, 1, 6, 10, 15, 21, 24, 19, 5, 14, 13], [10, 3, 18, 19, 12, 0, 8, 13], [8, 11, 1, 14, 4, 9], [18, 6, 0, 1, 15, 2]]
[[24, 4, 16, 7, 12, 1, 11, 0, 8, 15, 21, 3], [12, 19, 5, 29, 3, 31, 7, 10, 15, 49, 52, 0, 16, 39, 47, 53, 41, 6, 26, 33, 46, 4], [5, 14, 26, 29, 32, 2, 21, 18, 3, 13, 15, 22, 0, 4, 19, 30], [13, 7, 8, 4, 9, 1, 0, 5], [5, 22, 0, 7, 19, 2, 12, 15, 8, 1, 11, 16, 3, 20], [13, 15, 3, 10, 19, 21, 8, 4]]
[[16, 7, 10, 13, 23, 5, 8, 18, 21, 1], [30, 12, 10, 7, 14, 17, 24, 28, 5, 8, 15, 13, 1, 23], [0, 4, 7, 22, 23, 5, 8, 15, 21, 11], [6, 4, 8, 11, 14, 2, 9, 12, 15, 16], [7, 4, 9, 12, 2, 10, 13, 15, 8, 6], [7, 9, 10, 2, 11, 4, 8, 6], [7, 16, 10, 4, 9, 12, 5, 13, 1, 11], [14, 0, 10, 7, 11, 3, 6, 2, 12, 4]]
[[0, 8, 10, 1, 7, 11], [12, 20, 23, 0, 10, 13, 16, 21, 24, 3, 9, 19], [6, 2], [6, 10, 4, 8, 11, 19, 3, 17], [14, 7, 11, 20, 4, 9, 12, 22, 18, 3, 16, 21, 2, 8], [17, 7, 10, 14, 5, 8, 11, 15, 19, 4, 13, 3, 18], [0, 6, 7, 1], [23, 9, 12, 17, 7, 10, 13, 18, 16, 21, 6, 15, 5, 0, 24], [1, 8, 9, 3], [17, 0, 1, 13, 3, 11, 14, 2], [2, 4, 8, 0]]
[[8, 12, 15, 6], [24, 5, 29, 2, 10, 22, 0, 3, 8, 14, 20, 31, 7, 17, 18, 30], [11, 0, 2, 7, 21, 22, 3, 8, 17, 6], [5, 9, 1, 10, 2, 11, 0, 6], [4, 1, 12, 13, 15, 2, 7, 14], [18, 22, 25, 6, 11, 23, 10, 27, 1, 3]]
[[0, 8, 11, 5, 13, 6], [11, 18, 0, 16, 19, 15, 3, 9], [11, 8, 3, 0], [8, 5, 6, 13, 15, 3, 16, 12, 7, 9], [8, 16, 10, 5, 13, 18, 3, 19, 11, 17, 6, 15], [21, 5, 18, 10, 13, 8, 11, 14, 3, 7], [16, 4, 7, 13, 22, 19, 11, 1, 0, 18], [10, 2, 3, 14, 15, 0, 16, 7, 11]]
[[25, 5, 16, 18, 12, 22, 26, 9], [18, 4, 5, 7, 10, 8, 13, 6, 0, 19], [11, 14, 0, 9, 17, 16, 15, 6, 8, 18, 4], [8, 12, 14, 9, 1, 13, 4, 0, 11, 5], [9, 4, 2, 1, 0, 10], [18, 30, 24, 26, 0, 10, 33, 1, 14, 20, 27, 5]]
[[14, 7, 3, 6, 9, 12], [18, 10, 15, 3, 0, 4, 7, 2, 9, 8, 14, 19], [8, 15, 10, 17, 3, 4, 5, 11, 18, 1, 22, 0], [13, 5, 0, 9, 18, 1, 7, 15, 6, 4], [5, 0, 1, 11, 2, 12, 10, 6, 13, 14]]
[[12, 5, 7, 8, 4, 0], [27, 9, 14, 20, 5, 18, 8, 1, 17, 4, 0, 13, 10, 15, 19, 2], [21, 2, 4, 13, 8, 19, 25, 6], [18, 0, 2, 12, 10, 19, 26, 11, 21, 22, 3, 9], [17, 24, 19, 12, 2, 6, 26, 28, 1, 10, 22, 9], [11, 12, 5, 1, 13, 7, 16, 14, 8, 3], [15, 8, 20, 3, 5, 0], [10, 16, 4, 7], [11, 5, 12, 15, 0, 7, 6, 13], [14, 17, 8, 9, 0, 4, 18, 2], [19, 15, 20, 8, 22, 12], [7, 15, 20, 13, 22, 12, 1, 23, 3, 21, 8, 4]]
[[11, 2, 5, 6, 14, 17, 8, 15, 7, 1], [10, 17, 1, 7, 14, 3, 18, 22, 21, 20], [19, 8, 22, 0, 25, 15, 29, 9, 3, 11], [15, 21, 23, 4, 24, 0, 22, 1, 2, 6, 10], [6, 2, 0, 3, 4], [4, 15, 7, 1, 8, 13, 11, 0, 12, 2, 16], [12, 22, 3, 7, 24, 25, 19, 17, 1, 23, 18, 21, 20, 6], [6, 9, 27, 0, 10, 24, 12, 21, 5, 17, 20, 11], [22, 1, 10, 13, 17, 6, 14, 12, 2, 7]]
[[4, 9, 17, 19, 1, 12, 21, 2, 10, 13, 22, 0, 20, 7], [10, 13, 17, 7, 8, 14], [4, 2, 10, 8, 11, 5], [0, 9, 18, 4, 6, 13, 7, 1, 3, 2, 12, 19], [14, 5, 8, 12, 11, 4], [7, 14, 4, 16, 13, 9, 5, 10, 17, 24, 20, 15], [10, 15, 6, 18, 3, 7, 13, 5], [10, 1, 12, 2, 5, 0]]
[[5, 4, 0, 6], [22, 11, 3, 17, 7, 10, 6, 18, 21, 0, 4, 16], [21, 26, 5, 0, 29, 1, 7, 15], [5, 13, 17, 10, 18, 9], [12, 8, 10, 9, 0, 7], [14, 13, 10, 5, 4, 0, 15, 2], [18, 9, 10, 21, 12, 0, 24, 8], [17, 13, 9, 1, 6, 10, 18, 5], [20, 26, 22, 18, 3, 0, 23, 24, 28, 1, 5, 11, 13], [17, 29, 13, 4, 23, 30, 26, 9, 20, 12, 19, 8]]
[[1, 19, 22, 8, 6, 11, 20, 14, 15, 7], [7, 1], [14, 19, 3, 0, 5, 8, 2, 1, 6], [1, 16, 23, 3, 19, 21, 24, 4, 20, 9, 15, 12], [13, 19, 1, 3, 8, 20, 4, 17, 24, 25, 2, 18, 14, 21], [20, 0, 11, 23, 6, 24, 28, 15, 2, 12], [9, 15, 16, 7, 22, 10], [3, 5, 0, 10, 21, 7, 6, 14], [6, 17, 11, 0, 13, 20, 7, 21, 14, 2, 4, 12]]
[[14, 4, 3, 9, 8, 5, 6], [10, 13, 1, 3, 17, 11, 7, 8, 0, 14, 18, 15], [10, 14, 5, 11, 0, 7], [0, 9, 16, 11, 4, 13, 19, 2, 1, 14, 12, 17], [6, 10, 22, 16, 15, 1, 20, 5], [10, 17, 26, 8, 13, 22, 1, 2, 6, 5]]
[[3, 16, 18, 6, 14, 19, 9, 5, 13, 0], [10, 1, 5, 3, 2, 11, 12], [9, 7, 5, 4, 0, 2], [5, 0, 14, 20, 22, 1, 18, 10, 6, 16], [10, 3, 13, 7, 2, 0, 12, 4, 8, 14], [5, 11, 17, 0, 6, 12, 1, 15]]
[[7, 23, 18, 24, 11, 4, 5, 9, 13, 19, 25, 33, 21, 27, 12, 36], [17, 9, 21, 7, 14, 23, 18, 3, 12, 0, 6, 2, 22, 10], [8, 18, 10, 13, 20, 5, 11, 1, 4, 0, 14, 21, 6, 2], [12, 23, 1, 9, 14, 17, 18, 10, 15, 2, 6, 5], [20, 9, 18, 7, 6, 1, 2, 5, 13, 0, 10, 21], [7, 0, 3, 20, 1, 17, 12, 4, 16, 14], [], [6, 0, 10, 3]]
[[15, 5, 7, 8], [7, 12, 5, 9, 13, 1], [8, 23, 32, 14, 24, 4, 11, 28, 18, 16], [6, 14, 1, 3, 16, 28], [8, 32, 2, 11, 15, 0, 13, 5, 1, 12, 18, 9, 30, 16, 6, 25], [3, 0, 2, 5, 16, 23, 28, 14, 24, 29, 4, 8, 11, 20, 13, 10], [10, 16, 7, 13, 17, 12, 1, 2], [27, 1, 3, 12, 7, 15, 18, 16, 4, 21], [15, 7, 5, 8, 13, 12], [19, 0, 1, 5, 14, 20, 10, 8], [5, 17, 15, 8, 3, 16, 2, 12], [14, 9, 11, 12], [8, 14, 28, 4, 11, 20, 24, 21]]
[[1, 5, 7, 17, 8, 4, 2, 16, 0, 9, 13], [13, 19, 10, 17, 22, 28], [6, 2, 7, 15, 10, 18, 20, 11], [12, 5, 9, 16, 18, 24, 19, 1, 20, 4, 17, 0, 13, 6, 14, 10], [9, 26, 16, 1, 11, 20, 21, 22]]
[[17, 16, 31, 7, 11, 23, 27, 34, 5, 8, 12, 24], [21, 14, 9, 18, 7, 17, 1, 6, 15, 0, 5, 13], [4, 7, 2, 0], [21, 10, 6, 14, 4, 13, 3, 11, 24, 2, 9, 23, 22, 7], [22, 10, 6, 14, 4, 23, 13, 3, 11, 26, 2, 9, 25, 7], [13, 3, 15, 17, 10, 18, 5, 9, 4, 8], [15, 12, 5, 10, 17, 4, 0, 9], [13, 6, 8, 2, 10, 16, 0, 14]]
[[28, 5, 17, 19, 11, 6, 12, 21, 27, 9, 20, 26], [0, 22, 1, 5, 8, 9, 13, 15, 3, 16, 23, 2], [17, 7, 9, 3, 6, 13, 19, 4], [19, 11, 0, 1, 8, 12, 17, 10], [9, 1, 19, 6, 17, 15]]
[[4, 14, 2, 8, 15, 1, 12, 11, 16, 13], [12, 14, 29, 1, 7, 4, 16, 20, 27, 17], [15, 2, 8, 9, 1, 4, 24, 10, 21, 3], [4, 7, 3, 10, 11, 0, 8, 9, 5, 12], [16, 9, 13, 10, 1, 22, 2, 19], [25, 3, 6, 11, 16, 2, 7, 1, 17, 18, 24, 9, 0, 5, 26, 12], [4, 0, 16, 26, 3, 9, 22, 24, 5, 27], [10, 3, 13, 18, 8, 16, 7, 15, 0, 14]]
[[0, 15, 5, 11, 12, 1, 4, 2], [12, 20, 23, 29, 17, 15, 8, 26, 0, 9, 27, 31, 16, 2, 24, 30, 32, 25, 4, 10], [14, 4, 6, 3, 1, 10, 17, 16, 5, 0], [8, 13, 15, 11, 4, 18, 21, 5, 19, 22, 14, 12, 20, 23, 6], [12, 5, 7, 4, 2, 14, 0, 15, 6, 16], [7, 12, 14, 10, 4, 18, 5, 19, 13, 11, 20, 0], [19, 5, 7, 4, 2, 11, 13, 0, 6, 12, 8, 10], [10, 25, 29, 13, 30, 15, 8, 21, 5, 22, 33, 16, 1, 37, 4, 0, 14, 31], [12, 2, 9, 0, 7, 3]]
[[23, 28, 3, 5, 6, 10, 11, 14, 25, 30, 12, 16, 26, 31], [8, 12, 18, 14, 5, 9, 16, 19], [21, 3, 0, 6, 2, 18, 10, 1, 7, 14, 16, 19], [8, 3, 4, 0, 9, 2], [17, 5, 13, 23, 6, 11, 20, 10, 1, 4]]
[[0, 9, 11, 5], [14, 31, 22, 3, 19, 7, 21, 9, 10, 28, 32, 27], [9, 10, 13, 0, 21, 27, 31, 16, 28, 32, 7, 2, 25, 6], [8, 17, 29, 3, 9, 14, 25, 0, 5, 31, 4, 23, 10, 19, 22, 30], [10, 14, 0, 4, 15, 7], [5, 18, 0, 6, 13, 1, 3, 8, 22, 23, 29, 26]]
[[8, 3, 10, 12, 15, 6], [15, 5, 9, 12, 6, 4, 0, 16, 10, 13], [13, 11, 6, 9, 15, 0], [0, 11, 17, 1, 3, 12, 5, 14], [0, 11, 4, 8, 1, 9, 12, 2, 7, 13], [13, 18, 1, 9, 2, 0, 15, 7, 10, 21], [16, 9, 12, 0, 5, 11, 4, 3, 10, 13], [16, 27, 22, 11, 18, 6, 13, 2, 23, 5], [11, 3, 7, 9, 0, 5, 13, 4, 12, 14], [18, 0, 8, 12, 15, 20, 7, 16, 3, 19, 9, 13, 21, 5], [14, 1, 8, 10]]
[[12, 11, 7, 20, 0, 5, 16, 21, 4, 13, 15, 10, 17], [16, 12, 22, 3, 10, 13, 23, 21, 1, 19], [7, 4, 9, 14, 0, 10, 15, 2, 5, 12, 16, 3], [34, 5, 2, 16, 26, 4, 19, 22, 31, 0, 9, 14, 17, 20, 32, 6, 13, 25, 29, 37], [8, 18, 26, 15, 23, 10, 16, 20, 14, 27], [15, 8, 11, 24, 6, 9, 21, 1, 5, 20]]
[[0, 11, 5, 8, 13, 9, 14, 7], [26, 31, 10, 11, 13, 16, 28, 0, 14, 18, 3, 12, 2, 9, 1, 5], [8, 6], [11, 6, 15, 16, 14, 12, 5], [7, 2, 5, 4, 3, 0], [8, 17, 10, 5, 14, 6, 15, 13, 11, 4, 0, 3], [14, 15, 4, 3, 9, 8, 12, 5], [6, 1], [16, 7, 13, 4, 17, 12, 1, 3], [10, 6, 3, 7, 1, 2, 0, 8], [4, 7, 2, 1], [13, 28, 9, 22, 24, 20, 25, 19, 2, 1, 12, 16]]
[[16, 7, 11, 14, 5, 12, 17, 1, 4, 0, 8, 13], [7, 6, 11, 10, 12, 0, 8], [24, 0, 22, 2, 5, 9, 12, 31, 10, 20, 3, 23, 16, 18, 19, 1], [15, 11, 17, 20, 24, 12, 1, 2, 5, 21, 0, 6, 13, 19, 3], [28, 6, 34, 2, 4, 8, 12, 16, 19, 24, 0, 9, 17, 20, 29, 7, 35, 13, 18, 10, 25, 30], [5, 0, 2, 16, 14, 7, 3, 10, 13, 1], [8, 16, 26, 3, 2, 13, 20, 5, 0, 6, 10, 24, 4, 14]]
[[0, 10, 1, 5, 3, 2], [2, 7, 11, 19, 25, 23, 14, 24], [13, 9, 18, 1, 0, 17, 8, 14], [6, 1, 3, 10], [3, 12, 14, 1, 9, 0, 16, 15], [16, 12, 20, 8, 17, 7, 13, 6, 11, 21], [7, 14, 0, 2, 8, 6, 12, 1, 11, 15], [9, 1, 6, 4, 7, 2]]
[[0, 11, 5, 8, 14, 9, 15, 1, 4, 2], [18, 7, 17, 34, 41, 10, 30, 32, 22, 24, 38, 0, 13, 20, 36, 12], [2, 12, 19, 15, 17, 14, 8, 21, 5, 22, 16, 20], [21, 0, 3, 6, 10, 17, 4, 11, 14, 22, 1, 9], [12, 18, 20, 6, 17, 9, 15, 13, 21, 19, 3, 10], [10, 20, 2, 11, 4, 7, 15, 22, 5, 8, 23, 3, 12, 14, 24], [3, 32, 15, 17, 25, 34, 12, 18, 26, 35, 4, 11, 10, 9, 24, 33, 8, 0, 5, 6], [14, 11, 5, 9, 8, 4], [8, 21, 2, 4, 18, 10, 16, 23, 14, 3], [7, 6, 0, 1, 12, 10]]
[[5, 12, 13, 8], [11, 17, 9, 4, 13, 2, 6, 1, 10, 12, 16, 5], [8, 1, 12, 17], [6, 0, 11, 24, 9, 12, 3, 22], [9, 15, 5, 6, 2, 1, 13, 4, 0, 10], [29, 8, 11, 0, 10, 24, 1, 4, 18, 3], [2, 3, 0], [11, 1, 3, 12, 17, 2, 16, 0, 7, 13], [], [2, 11, 13, 8, 5, 15, 0, 12, 9, 6], [2, 10, 12, 4, 7, 14, 13, 0], [21, 7, 12, 18, 16, 15, 2, 6], [4, 10, 1, 8, 2, 7, 11, 12], [7, 2, 11, 1]]
[[5, 7, 10, 8, 4, 0], [9, 13, 6, 10, 17, 16], [0, 13, 19, 24, 5, 10, 21, 22, 1, 4, 2, 3, 16], [11, 24, 7, 20, 0, 16, 8, 21, 29, 15, 10, 22, 14, 19, 12, 25], [2, 14, 11, 7, 8, 5, 12, 0], [11, 18, 21, 1, 3, 19, 25, 2, 15, 0, 26, 7, 12, 22], [19, 25, 21, 17, 3, 1, 0, 22, 23, 24, 5, 9, 11, 16], [10, 18, 23, 6, 14, 3, 12, 21, 7, 9, 8, 11, 19, 24], [10, 14, 5, 20, 21, 16, 23, 3, 8, 12, 17, 6, 22, 7, 19, 11, 24, 0], [9, 17, 4, 14, 5, 15, 6, 3, 13, 10, 18, 7], [11, 8, 9, 2, 5, 0, 3], [10, 21, 26, 1, 13, 16, 14, 27, 2, 0, 7, 9]]
[[11, 19, 22, 0, 4, 12, 17, 20, 23, 3, 10, 16], [14, 0, 8, 7, 2, 12, 3, 4], [5, 6, 8, 2], [10, 1, 3, 7, 6, 2], [8, 13, 15, 4, 10, 0], [10, 5, 22, 23, 2, 7, 12, 18, 0, 3], [6, 11, 0, 1, 4, 9, 14, 13], [6, 2, 18, 8, 10, 13, 3, 14, 7, 19], [10, 1, 6, 7, 14, 2, 13, 0], [10, 18, 14, 1, 11, 3, 17, 8], [14, 26, 31, 9, 19, 28, 0, 12, 29, 3, 8, 11, 2, 5, 1, 10, 15, 6]]
[[9, 16, 3, 15, 6, 11, 18, 4, 7, 1, 17, 27, 22, 0], [1, 7, 3, 9, 5, 4, 0], [15, 10, 12, 2], [21, 12, 22, 8, 16, 26, 3, 9, 14, 24, 1, 7, 2, 0], [12, 2, 16, 19, 0, 14, 17, 3], [6, 8, 1, 9]]
[[6, 11, 2, 8, 12, 1, 7, 5], [10, 23, 13, 27, 16, 7, 20, 5, 14, 21, 17, 28, 1, 4], [21, 4, 0, 14, 5, 6], [8, 3, 5, 12, 1, 13, 11, 0], [], [7, 13, 1, 8, 10, 3], [9, 11, 1, 12], [6, 0, 4, 8], [1, 9, 8, 0], [4, 6, 0, 5], [6, 11, 5, 0, 1, 3], [8, 13], [9, 5, 15, 8, 1, 13, 4, 14], [12, 21, 1, 7, 14, 18, 9, 15, 19, 2], [8, 0, 5, 15, 3, 2, 11, 14]]
[[16, 15, 8, 10, 13, 20, 6, 11, 17, 1], [18, 27, 3, 24, 6, 7], [4, 2, 6, 9], [17, 23, 5, 12, 14, 8, 21, 1, 7, 9], [0, 11, 13, 15], [19, 27, 0, 4, 6, 24, 11, 16, 21, 2, 10, 15, 1, 9]]
[[11, 22, 16, 19, 8, 24, 9, 17, 25, 20, 1, 2], [2, 0, 17, 9, 15, 4, 13, 6, 12, 8, 7, 18], [8, 2, 4, 0], [10, 2, 19, 0, 20, 3, 11, 23, 18, 7, 12, 21], [18, 0, 1, 8, 16, 5, 14, 22, 23, 7, 4, 15], [12, 32, 0, 26, 3, 11, 27, 1, 5, 18, 4, 25, 16, 29], [6, 13, 2, 0, 4, 15, 11, 3, 10, 7], [14, 23, 8, 19, 24, 5]]
[[20, 10, 2, 7, 14, 18, 22, 25, 3, 8, 12, 15, 23, 26, 11, 27], [8, 5, 3, 6, 1, 2], [12, 6, 0, 5, 8, 3, 14, 10], [17, 27, 11, 19, 18, 5, 13, 0, 14, 24, 28, 3], [13, 6, 10, 18, 22, 16, 19, 5, 4, 0, 15, 7], [4, 15, 30, 0, 26, 8, 24, 36, 9, 16, 21, 28, 33, 1], [13, 33, 18, 0, 10, 25, 30, 1, 20, 19, 8, 4, 15, 11, 16, 21, 24, 26, 6]]
[[10, 4, 14, 16, 19, 20, 12, 17], [13, 5, 9, 6, 10, 1, 4, 0], [2, 7, 12, 16, 19, 4, 14, 3, 13, 18, 10, 11, 1], [4, 30, 34, 38, 3, 9, 2, 11, 14, 21, 35, 0, 12, 17, 22, 25, 41, 10, 7, 28, 31, 36], [9, 13, 6, 1, 4, 0], [7, 1, 4, 10, 9, 2], [25, 28, 15, 23, 19, 13, 1, 2, 11, 5, 22, 0]]
[[9, 2, 4, 7, 12, 13, 16, 19, 23, 30, 36, 0, 14, 20, 24, 28, 31, 34, 37, 10], [14, 19, 9, 0, 5, 3, 10, 15, 12, 7], [13, 23, 16, 31, 2, 14, 34, 4, 10, 0, 5, 19, 25, 18], [12, 10, 23, 21, 26, 28, 13, 19], [8, 28, 16, 4, 22, 17, 24, 0, 25, 14, 5, 9], [15, 19, 33, 24, 12, 8, 30, 6, 9, 28, 5, 27, 1, 4], [12, 4, 1, 18, 5, 19, 8, 15, 2, 0]]
[[3, 9, 6, 14, 7, 15, 5, 1, 11, 10], [10, 15, 16, 5, 13, 19, 2, 20, 1, 21], [12, 6, 3, 15, 2, 10, 8, 14], [0, 23, 7, 11, 16, 2, 1, 8, 6, 4, 12, 17, 20, 24, 25], [11, 18, 30, 19, 1, 3, 9, 26, 33, 4, 15, 34, 8, 25, 14, 7, 20, 23, 21, 36], [0, 3, 11, 6, 8, 4, 9, 18, 2, 16, 12, 1], [1, 3, 7, 11, 19, 23, 4, 16, 10, 5, 8, 2, 15, 12], [8, 0, 5, 3, 1, 2]]
[[5, 8, 6, 4, 0, 9], [9, 4, 12, 6], [8, 5], [5, 1, 2, 3, 6], [5, 12, 15, 3, 13, 9, 17, 2], [9, 15, 1, 12, 3, 10, 2, 8, 7, 0], [0, 10, 3, 16, 18, 1], [11, 6, 7, 3], [7, 32, 0, 12, 21, 15, 9, 25, 29, 4, 13, 26, 3, 16], [5, 8, 13, 11, 6, 10], [2, 1], [6, 0, 9, 3]]
[[5, 6, 2, 8, 11, 9, 7, 4], [8, 13, 14, 10, 16, 23, 0, 11], [9, 3, 7, 2, 6, 4], [9, 2, 5, 6, 10, 1], [7, 4, 9, 12, 13, 15, 10, 16, 2, 8, 6], [10, 1, 7, 4, 5, 8], [9, 14, 4, 13, 12, 3, 7, 5], [1, 3, 6, 9, 4, 2], [19, 8, 15, 4, 6, 9, 21, 3, 13, 2, 12, 20], [7, 21, 9, 13, 5, 10, 14, 19, 12, 18, 1, 4], [10, 15, 14, 0, 8, 1, 9, 16]]
[[2, 13, 15, 10, 19, 22, 8, 16, 23, 7, 14, 3, 12, 4, 17], [9, 12, 30, 14, 3, 6, 19, 7, 16, 20, 32, 25, 2, 1, 27, 0], [13, 5, 7, 1, 4, 9, 6, 8], [11, 4, 8, 3, 7, 12, 2, 14, 9], [16, 11, 4, 8, 3, 7, 12, 2, 14, 10], [20, 13, 4, 19, 17, 3, 7, 14, 2, 8], [15, 8, 16, 11, 19, 6, 17, 1], [25, 14, 2, 10, 22, 3, 7, 12, 20, 15, 17, 6, 0, 19], [22, 7, 13, 16, 5, 8, 14, 17, 23, 1], [19, 15, 2, 18, 10, 13, 0, 11, 16, 3]]
[[21, 8, 9, 2, 11, 15, 10, 23, 0, 12, 22], [23, 32, 10, 0, 2, 13, 17, 26, 16, 11, 18, 24, 30, 22, 7, 19, 25, 27, 36, 12], [21, 5, 3, 7, 11, 25, 31, 28, 32, 14, 24, 6, 4, 22, 16, 18, 8, 29], [0, 21, 14, 28, 18, 25, 24, 9, 1, 12, 29, 17, 27, 32, 3, 2], [19, 3, 13, 0, 15, 11, 16, 7, 14, 23, 22, 24, 1, 4], [2, 13, 7, 18, 15, 5, 0, 14, 17, 6, 21, 8, 19], [4, 9, 11, 5, 8, 3, 7, 2], [2, 9, 18, 21, 19, 23, 8, 4, 0, 17, 22, 3, 13, 5, 24, 15], [12, 18, 3, 9, 2, 6, 13, 19, 14, 8, 17, 7, 10, 20], [7, 2, 5, 8, 10, 11, 3], [11, 6, 9, 13, 16, 14, 0, 17], [5, 9, 7, 4], [], [10, 7, 13, 21, 17, 16, 4, 5]]
[[1, 4, 9, 14, 20, 22, 10, 18, 23, 6, 17, 3, 13, 2], [20, 8, 10, 23, 0, 24, 22, 9, 21, 5, 4, 11, 1, 16], [7, 11, 15, 2, 12, 16, 1, 8], [2, 6, 1, 3], [0, 10, 13, 7, 2, 16, 6, 15, 1, 3], [16, 5, 6, 14, 7, 11, 17, 9, 0, 12], [7, 1, 3, 9, 4, 10], [6, 9, 15, 0], [17, 5, 12, 3, 6, 7, 9, 0, 11], [7, 0, 8, 5, 12, 14, 3, 15, 2, 18, 25, 21], [17, 8, 10, 7, 0, 4, 5], [6, 7, 9, 0], [9, 0, 10, 21, 4, 15, 18, 23, 5, 13], [13, 20, 19, 14, 8, 3, 21, 11, 12, 0], [10, 12, 7, 0, 6, 11]]
[[4, 11, 16, 7, 22, 24, 2, 25, 19, 1, 23, 12, 5, 13], [8, 4, 2, 9, 26, 40, 46, 36, 13, 23, 37, 34, 29, 17], [1, 5, 9, 4, 8, 2, 0], [22, 7, 13, 17, 19, 32, 4, 30, 6, 0, 23, 25, 8, 14, 29, 15], [9, 25, 13, 19, 6, 29, 27, 14, 0, 20, 16, 22, 18, 26, 4, 1, 7], [5, 8, 6, 10], [6, 15, 9, 16, 20, 22, 4, 5, 0, 10, 12, 19], [14, 34, 5, 27, 35, 8, 37, 41, 11, 23, 31, 6, 18, 24]]
[[19, 12, 22, 24, 3, 11, 21, 7], [15, 3, 4, 12, 5, 10], [32, 8, 17, 20, 23, 0, 4, 10, 18, 21, 24, 3, 14, 27, 28, 31, 13, 9], [7, 5, 1, 11, 6, 10], [3, 11, 4, 9, 12, 2], [27, 31, 11, 9, 6, 13, 20, 26, 34, 37, 3, 21, 29, 35, 38, 1, 10, 18, 24, 0], [16, 3, 5, 2, 7, 10, 4], [12, 2, 14, 5, 8, 19, 6, 20, 15, 4], [16, 5, 13, 6, 11, 14], [11, 20, 1, 22, 8, 14, 16, 26, 27, 30]]
[[6, 2, 10, 0, 1, 7, 3, 9], [5, 0, 4, 3, 8], [1, 0], [0, 3], [2], [5, 0, 6, 2], [18, 11, 14, 6, 15, 5, 13, 0, 4, 10], [8, 3, 12, 15, 6, 1, 5, 11, 0, 4], [9, 15, 1, 18, 12, 17, 2, 11, 5, 0], [18, 3, 6, 12, 11, 1, 13, 16, 0, 4]]
[[0, 22, 8, 5, 11, 9, 1, 23, 4, 2, 3, 12, 24], [5, 14, 19, 7, 17, 8, 3, 2, 20, 0, 1, 15, 18], [7, 16, 5, 13, 3, 2, 8, 12, 17], [8, 11, 3, 5, 1, 16, 4, 2], [22, 34, 7, 13, 17, 23, 9, 3, 29, 4, 18, 10, 14, 20, 1, 16], [11, 3, 8, 13, 4, 7, 12, 0], [16, 19, 28, 5, 0, 8, 11, 1, 23, 14, 29, 6, 9, 4, 20, 21]]
[[9, 21, 2, 13, 4, 5, 16, 22], [6, 7, 11, 12], [0, 11, 23, 5, 7, 18, 1, 6, 21, 2, 14, 8, 4, 20], [10, 3, 16, 12, 15, 6], [7, 11, 14, 17, 19, 8, 12, 20, 25, 3, 4, 0, 9, 23], [5, 1, 2, 3], [12, 17, 3, 0, 18, 19, 13, 1, 5], [12, 8, 1, 9, 5, 0], [11, 0, 12, 3, 6, 23, 1, 7, 24, 21, 5, 14, 30, 13, 27, 8], [9, 5, 10, 2, 1, 7], [9, 6, 2, 5], [14, 20, 1, 6, 10, 16, 22, 4, 23, 3, 26, 32, 33, 29, 2, 17]]
[[5, 4, 0, 6, 2], [10, 12, 8, 1, 7, 6], [12, 18, 3, 8, 16, 6, 1, 7], [1, 6], [13, 4, 10, 16, 17, 8, 1, 2], [11, 17, 1, 14, 7, 2, 3, 0, 12, 16]]
[[1, 4, 12, 15, 5, 13, 16, 10], [11, 3, 12, 7, 14, 4], [2, 7, 12, 8, 1, 11], [7, 18, 20, 10, 5, 14, 21, 13, 4, 1, 23, 0], [15, 22, 3, 11, 19, 0, 17, 20, 4, 6, 10, 16], [5, 1, 9, 11, 2, 8], [10, 12, 15, 0]]
[[9, 5, 4, 0, 6, 10], [18, 3, 5, 2, 8, 11, 6, 4, 16], [5, 24, 6, 11, 18, 10, 1, 17, 22, 4], [15, 5, 2, 16, 17, 6, 20, 18, 7], [5, 12, 22, 2, 17, 9, 25, 7, 10, 3, 18, 14], [11, 16, 15, 3, 17, 19, 2, 4, 5, 7], [7, 17, 12, 11, 4, 13, 15, 3, 5], [6, 0, 7, 16, 10, 4, 17, 9, 1, 14], [0, 22, 7, 6, 14, 28, 27, 1, 8, 19, 25, 10, 20, 18], [13, 18, 9, 20, 5, 16, 8, 1, 4, 0, 15, 19], [22, 28, 13, 25, 31, 32, 1, 8, 29, 2, 5, 14, 0, 27, 18, 23]]
[[0, 7, 9, 10, 4, 12], [16, 25, 2, 9, 20, 0, 7, 4, 19, 6, 13, 17, 26], [11, 13, 2, 4, 12, 14, 15, 5], [9, 21, 4, 6, 16, 0, 7, 11, 17, 5, 14, 15, 1, 22], [17, 4, 6, 10, 5, 14, 3, 7, 0, 18], [5, 7, 3, 6, 0], [17, 5, 12, 15, 4, 8, 3, 9, 18, 10], [5, 0, 9, 7, 1, 3, 6], [0, 14, 10, 6, 12, 16, 5, 11], [11, 4, 3, 1, 0, 7], [5, 10, 2, 8, 11, 1, 7, 3, 12], [26, 17, 30, 6, 15, 2, 8, 20, 24, 0, 10, 32], [9, 20, 6, 7, 15, 14, 1, 5, 4, 0], [29, 1, 16, 32, 3, 7, 25, 27, 21, 2, 6, 13, 12, 24, 0, 11, 20, 30]]
[[6, 36, 10, 23, 21, 1, 14, 17, 29, 15, 25, 12, 11, 24, 27, 22, 18, 30, 31, 32], [7, 0, 3, 11, 16, 13, 5, 15], [6, 9, 11, 1], [10, 1, 12, 2, 13, 5, 0, 11], [19, 3, 13, 17, 0, 14, 12, 6, 15, 10], [8, 30, 2, 9, 5, 17, 13, 23, 27, 18, 24, 22, 6, 0]]
[[0, 7, 16, 4, 13, 11, 19, 18, 1, 8], [11, 13, 21, 0, 19, 8, 2, 12, 17, 7], [9, 11], [7, 17, 10, 23, 5, 21, 12, 18], [16, 7, 6, 9, 14, 3, 8, 13], [13, 5, 11, 21, 6, 18, 17, 4, 0, 23], [11, 20, 1, 12, 23, 9, 26, 5], [16, 7, 18, 3, 10, 12]]
[[5, 8, 9, 4], [5, 22, 8, 10, 7, 2, 13, 16, 3, 11, 9, 0], [10, 13, 27, 6, 16, 20, 2, 17, 21, 26, 25, 1, 7, 5, 14, 28, 8, 18], [23, 9, 0, 1, 6, 20, 12, 19], [7, 10, 4, 13, 2, 14, 1, 0, 12, 5], [2, 0], [1, 5, 7, 2], [7, 1, 3, 8], [12, 8, 1, 0, 4, 9], [3, 1], [16, 13, 11, 14, 0, 2, 3, 5, 10], [3, 5, 6, 0, 1, 7], [5, 1, 2, 3], [8, 14, 10, 17, 21, 5, 11, 18, 1, 24, 4, 22], [8, 0, 9, 5, 25, 12]]
[[1, 6, 11, 2, 3, 7], [26, 4, 23, 6, 16, 18, 9, 24, 1, 21, 0, 22, 10, 27, 28, 19], [15, 18, 3, 20, 6, 23, 24, 4, 21, 19, 9, 22, 5, 0], [8, 23, 3, 17, 21, 10, 25, 30, 33, 4, 31, 34, 19, 1], [8, 25, 3, 1, 9, 5, 14, 19, 23, 6, 4, 11], [9, 1, 6, 13]]
[[17, 4, 10, 13, 15, 21, 8, 7], [31, 11, 2, 5, 8, 14, 16, 21, 0, 3, 9, 22, 27, 12, 32, 15, 18, 17, 20, 23], [19, 5, 2, 10, 14, 25, 8, 21, 1, 24, 7, 6], [14, 3, 10, 7, 11, 6, 1, 0], [11, 1, 8, 6]]
[[2, 4, 5, 7], [10, 16, 13, 17, 19, 2, 14, 12], [5, 7, 14, 20, 1, 8], [12, 0, 2, 8, 20, 4, 14, 26, 27, 3, 21, 9], [1, 12, 3, 6, 4, 9, 13, 10], [0, 23, 27, 6, 29, 2, 1, 7, 9, 19, 5, 17, 24, 10, 25, 26], [15, 5, 11, 12, 18, 0, 4, 16, 8, 19], [10, 15], [8, 14, 4, 11, 17, 5, 3, 0, 15, 18], [1, 5, 6, 3, 2, 0], [17, 15], [10, 15, 23, 18, 5, 7, 11, 12, 2, 21]]
[[13, 11, 7, 4, 0, 6, 8, 10], [17, 20, 2, 4, 1, 7, 10, 22, 5, 23, 3, 18, 21, 11], [12, 25, 7, 19, 0, 10, 15, 23, 28, 32, 8, 26], [13, 4, 7, 17, 19, 5, 9, 8, 18, 2], [10, 15, 24, 35, 5, 28, 31, 42, 13, 20, 47, 8, 18, 29, 48, 32], [12, 15, 1, 9, 6, 19, 18, 2]]
[[11, 31, 21, 23, 24, 14, 17, 26, 29, 5, 9, 15, 18, 27, 4, 25, 1, 8, 0, 22], [3, 0, 10, 11, 7, 6], [28, 32, 9, 10, 0, 6, 1, 12, 33, 5, 17, 11, 4, 14, 20, 21, 22, 29], [1, 3, 6, 4], [9, 1, 3, 6, 11, 23, 4, 15], [2, 9, 7, 10, 3, 6], [34, 54, 70, 20, 5, 23, 0, 37, 67, 1, 7, 21, 26, 38, 42, 52, 64, 29, 14, 24, 51, 60, 6, 13, 28, 41, 44, 46]]
[[10, 18, 26, 4, 27, 14, 19, 22, 30, 7, 1, 0], [22, 4, 10, 15, 17, 26, 9, 25, 8, 14], [4, 7, 11, 20, 22, 23, 8, 15, 18, 24, 17, 0, 16, 3], [7, 9, 15, 0, 10, 2, 5, 12, 18, 3], [7, 12, 2, 5, 10, 4, 8, 9, 3], [10, 16, 0, 11, 3, 6, 13, 19, 4, 7, 14, 20], [11, 8, 13, 2, 5, 7, 4, 12], [5, 7], [17, 14, 10, 20, 8, 21, 7, 15, 6, 13, 18, 22], [22, 3, 8, 11, 15, 19, 12, 16, 25, 7, 1, 0], [16, 21, 0, 11]]
[[11, 4, 8, 3, 7, 13, 18, 2, 12, 15], [12, 3, 1, 9, 16, 18, 15, 4, 2, 6, 20, 0, 7, 19], [1, 12, 3, 2, 8, 6], [12, 13, 9, 16, 18, 5, 23, 22, 3, 0], [0, 10, 17, 3, 14, 20, 21, 1, 9, 19, 18, 4], [13, 10, 16, 4, 11, 17, 20, 3, 7, 8, 6, 9, 14, 21], [13, 11, 1, 17, 14, 3, 6, 4], [0, 4, 9, 18, 16, 2, 13, 15, 1, 12, 5, 19], [5, 0, 22, 10, 12, 16, 7, 17]]
[[25, 11, 16, 18, 7, 28, 5, 12, 23, 10], [10, 19, 1, 11, 3, 7], [6, 5, 3, 0, 14, 1, 20, 4, 18, 15, 19, 7], [6, 28, 3, 0, 9, 15, 20, 25, 1, 7, 18, 22, 26, 30], [0, 6, 1, 7, 9, 4], [11, 13, 15, 14], [20, 0, 5, 17, 3, 14, 2, 10, 13, 1]]
[[3, 10, 6, 7, 4, 11, 1, 8, 0, 2], [0, 13, 5, 7, 10, 19, 1, 18, 4, 2, 3], [0, 4, 1, 8, 15, 5, 3, 9], [22, 1, 5, 15, 19, 3, 11, 14, 2, 10], [9, 19, 1, 13, 24, 11], [23, 5, 20, 26, 0, 15, 34, 1, 16, 24, 28, 32, 35, 27, 6, 31]]
[[17, 7, 8, 12, 19, 10, 9, 5, 4, 0], [12, 1, 5, 8, 3, 2, 6], [9, 7, 10, 14], [14, 17, 24, 3, 5, 0, 18, 22, 8, 36, 1, 4], [6, 0, 10, 1, 4, 8, 11, 7, 16, 12], [9, 16, 29, 3, 6, 0, 21, 10], [11, 16, 0, 1, 9, 13, 4, 17], [3, 20, 0, 17, 1, 10, 14, 13, 4, 5, 8, 18], [13, 16, 22, 5, 0, 24, 1, 9, 19, 6], [23, 14, 16, 3]]
[[19, 10, 4, 14, 7, 11, 1, 17], [3, 10, 0, 8, 11, 5, 7, 2], [10, 18, 5, 7, 14, 2, 11, 15, 1, 19], [0, 10, 4, 19, 5, 2, 14, 17], [7, 11, 1, 14, 9, 2]]
[[0, 10], [7, 16, 3, 0, 4, 2, 1, 10, 13], [1, 15, 4, 10, 13, 0, 11, 9, 5, 12], [12, 26, 3, 21, 18, 25, 7, 17, 1, 0], [19, 4, 10, 12, 15, 8], [12, 23, 28, 3, 20, 7, 19, 1, 9, 0]]
[[4, 14, 9, 10, 7, 16], [0, 21, 29, 5, 6, 9, 13, 26, 7, 10, 17, 22, 27, 1, 4, 2], [4, 7, 9, 8, 10, 0], [18, 3, 7, 14, 12, 15], [8, 17, 2, 9, 14, 24, 0, 15, 22, 25, 21, 3], [5, 0, 11, 1, 8, 12, 18, 16]]
[[21, 6, 8, 5, 2, 11, 14, 3, 9, 7, 0], [16, 6, 18, 2, 19, 13, 1, 7, 0, 9], [4, 1, 11, 9, 12, 8, 2, 0], [14, 9, 1, 0, 8, 17], [6, 2, 0, 3, 4], [2, 3], [5, 1, 10, 13, 2, 11], [9, 3, 4, 6, 0, 5, 2], [18, 13, 0, 8, 20, 3, 14, 6, 23, 15, 12, 22], [1, 3], [2, 11, 6, 4, 18, 7, 16, 8, 17, 15, 3, 12], [4, 18, 0, 15, 1, 13, 5, 9, 12, 8], [12, 2, 9, 0, 3, 4, 8, 10]]
[[3, 8, 14, 13, 16, 2, 7, 6, 4, 22], [6, 10, 0, 3, 8, 2, 7, 4, 11], [17, 1, 5, 7, 13, 11, 15, 4, 19, 26, 28, 29, 14, 8, 20, 21, 22], [0, 28, 6, 8, 13, 34, 35, 37, 21, 1, 7, 25, 32, 2, 9, 5, 24, 31, 14, 22, 3, 18, 29, 38], [10, 2, 5, 7, 15, 13, 12, 3, 11, 0, 16, 4], [7, 17, 14, 3, 9, 2, 13, 12, 8, 4, 10, 15], [13, 12, 7, 24, 26, 9, 15, 19, 14, 1, 21, 18, 4, 0], [21, 7, 22, 23, 18, 25, 3, 10, 16, 0, 6, 2], [7, 16, 13, 12, 1, 3, 5, 2, 6, 0, 17, 8], [9, 14, 18, 1, 15, 2, 0, 13, 10, 5, 11, 16], [21, 1, 7, 11, 13, 17, 8, 16, 2, 5]]
[[8, 3, 13, 6, 9, 5], [1, 17, 36, 20, 33, 4, 9, 15, 27, 7, 10, 31, 0, 35, 6, 5, 11, 38], [25, 4, 0, 17, 1, 6, 10, 20, 5, 24, 11, 26, 12, 21], [10, 17, 1, 5, 14, 15, 18, 19, 4], [3, 20, 15, 1, 5, 16, 0, 9, 17, 14, 4, 21], [13, 21, 11, 17, 18, 20, 10, 22], [1, 8, 6, 7, 2, 9], [9, 23, 0, 3, 20, 17, 5, 14, 16, 13], [17, 13, 1, 7, 11, 3]]
[[6, 12], [11, 8, 5, 1, 4, 0, 9, 2], [14, 6, 9, 0, 2, 7, 5, 10], [5, 22, 7, 1, 6, 9, 12, 10, 15, 3], [14, 17, 4, 1, 6, 9, 2, 7, 18, 5, 12, 10], [14, 18, 2, 12, 21, 5, 8, 3, 19, 4, 11, 15], [23, 35, 24, 26, 11, 9, 30, 5, 14, 13], [6, 4, 1, 11]]
[[1, 9, 14, 18, 4, 13, 17, 12, 2, 6, 19], [6, 9, 2, 13, 4, 3], [0, 19, 5, 9, 11, 6, 1, 4, 2, 3, 16, 20], [7, 10, 5, 1, 4, 0], [9, 1], [12, 19, 24, 22, 27, 0, 14, 1, 34, 33, 11, 28, 5, 17, 10, 32]]
[[3, 8, 15, 2, 7, 14, 6, 13, 16, 4], [6, 1, 7, 4, 2, 0], [24, 0, 18, 2, 5, 9, 20, 26, 7, 27, 3, 19], [9, 15, 1, 3, 10, 13, 28, 29, 18, 27, 4, 22], [8, 20, 10, 3, 17, 1, 4, 12, 0, 11, 6, 16], [12, 17, 6, 13, 16, 1, 2, 5], [19, 10, 0, 16, 23, 17, 21, 35, 37, 34, 2, 31, 5, 11, 13, 14, 9, 20], [10, 5, 7, 12], [2, 11, 7, 9], [11, 19, 13, 18, 1, 8], [11, 0, 9, 23, 26, 8, 21, 22], [11, 14, 6, 19, 3, 20, 16, 0, 15, 17, 5, 12], [21, 14, 25, 8, 18, 3, 9, 12, 22, 1, 16, 7, 26, 2], [10, 1, 6, 5]]
[[9, 5, 8, 16, 4, 0, 10, 17, 2], [12, 1, 7, 10, 2, 3], [25, 8, 18, 20, 0, 9, 21, 17, 11, 5, 26, 4, 2, 16, 24, 1], [15, 18, 11, 12, 0, 19, 7, 4, 20, 1, 21, 5, 10], [11, 4, 12, 8, 9, 5, 6, 14, 13, 2], [5, 9, 10, 0, 4, 1, 6, 11], [14, 21, 17, 8, 1, 5, 0, 18, 19, 6, 2, 7, 15, 22], [3, 8, 11, 6, 0, 13], [10, 4, 11, 6, 8, 0, 5, 3, 12], [4, 8, 0, 11, 3, 5, 9], [14, 29, 9, 5, 8, 11, 20, 21, 26, 25, 10, 4, 19, 0]]
[[21, 4, 3, 1, 6, 9, 7, 12, 5, 13, 17], [1, 6, 11, 16, 4, 3, 2, 0, 7, 12], [13, 0, 12, 3], [4, 0, 11, 10, 2, 7], [4, 16, 0, 5, 23, 9, 13, 30, 3, 7, 26, 21, 6, 20, 24, 1], [15, 13, 21, 0, 3, 18, 11, 1, 9, 2, 17, 16], [22, 0, 12, 5, 19, 9, 7, 4, 13, 15, 1, 3]]
[[0, 11, 5, 8, 15, 9, 13, 16], [11, 15, 5, 16, 1, 4], [12, 10, 2, 7, 1, 13, 0, 3], [9, 17, 10, 4, 13, 15, 5, 2, 11, 12], [9, 12, 3, 10], [15, 2, 4, 1, 7, 10, 5, 3, 0], [13, 12, 11, 3, 4, 6, 8, 14], [3, 4], [18, 8, 5, 11, 14, 16, 2, 3, 12, 9, 10, 7], [4, 8], [10, 18, 14, 20, 17, 5], [8, 27, 0, 9, 3, 13, 1, 19, 28, 26]]
[[9, 5, 11, 6], [12, 7, 16, 1, 4, 0, 8, 13, 6, 5], [], [1, 2, 19, 10, 13, 25, 4, 14, 26, 3, 23, 20, 24, 18], [9, 22, 3, 11, 19, 12, 20, 6, 1, 0, 4, 7], [11, 0, 6, 3, 12, 17, 16, 7, 13, 14, 18], [20, 10, 16, 6, 14, 17, 13, 1], [13, 2, 10, 19, 11, 1], [12, 15, 1, 25, 8, 21, 9, 22]]
[[28, 21, 2, 14, 25, 23, 13, 22, 12, 29, 0, 6], [11, 5, 8, 6, 1, 4], [0, 17, 5, 9, 12, 1, 4, 2, 3, 6, 11, 18], [6, 12, 13, 0, 15, 18, 7, 16, 5, 14, 11, 4], [10, 20, 5, 17, 16, 1, 4, 0, 12, 7, 21, 19], [9, 1, 11, 2, 10, 0], [8, 1, 10, 2, 6, 9], [20, 24, 10, 6, 12, 18, 21, 25, 28, 1, 2, 13]]
[[4, 11, 19, 12, 7, 15, 18, 0], [3, 1, 5, 15, 18, 22, 6, 8, 10, 19, 4, 14, 17, 13], [23, 10, 9, 6, 12, 14, 2, 4, 16, 11, 17, 20], [14, 2, 7, 9, 3, 6, 5], [5, 16, 6, 11, 10, 1, 12, 4], [22, 29, 39, 4, 14, 34, 0, 8, 19, 36, 1, 27, 6, 26]]
[[12, 5, 10, 18, 2, 8, 16, 0, 7, 6], [7, 8, 12, 0, 11, 13], [8, 12, 22, 14, 1, 13], [0, 18, 10, 9, 5, 16, 14, 1, 11, 13], [9, 16, 15, 1, 6, 11, 18, 20, 2, 12, 4, 17, 0, 14], [5, 13, 3, 8, 17, 9, 2, 14, 12, 0, 6, 15], [11, 19, 0, 2, 3, 7, 32, 33, 29, 4, 28, 1, 24, 12, 6, 10, 20, 34, 26], [11, 20, 3, 5, 2, 7, 0, 17, 4, 16], [8, 2, 9, 15, 25, 0, 5, 16, 23, 4, 3, 22]]
[[7, 17, 5, 18, 10, 15, 25, 11, 22, 4], [16, 3, 4, 12, 5, 10, 9, 1, 0, 17, 11, 13], [7, 15, 24, 4, 19, 10, 18, 5, 0, 3, 17, 1], [6, 20, 10, 14, 7, 15, 1, 3], [0, 2, 9, 14, 18, 15, 5, 3, 8, 13, 1, 7], [5, 1, 8, 16, 13, 2, 12, 17, 0, 3], [13, 7, 0, 1, 4, 10], [24, 51, 29, 31, 11, 35, 43, 4, 44, 49, 18, 20, 3, 22, 26, 32, 48, 1, 39, 9, 19, 42, 0, 8], [8, 30, 2, 21, 24, 27, 0, 25, 11, 3, 17, 20, 22, 23, 13, 9], [2, 1], [1, 3, 7, 0]]
[[11, 15, 6, 3, 8, 1, 4, 0], [17, 20, 1, 10, 6, 19, 22, 12, 2, 4], [4, 8, 5, 2, 6, 10], [0, 6, 9, 23, 10, 3, 15, 2], [12, 15, 5, 6, 3, 8, 1, 7], [5, 9, 1, 7, 10, 6, 13, 0], [1, 11, 13, 8, 15, 16, 14, 3], [18, 29, 14, 0, 22, 26, 3, 11, 24, 13, 2, 23, 7, 10, 1, 6]]
[[5, 7, 10, 13, 8, 4], [5, 11, 1, 20, 3, 17], [0, 3, 10, 8], [40, 5, 8, 22, 34, 7, 15, 29, 36, 2, 19, 27, 38, 23], [19, 21, 17, 24, 16, 22, 25, 0, 4, 9, 11, 23], [8, 17, 5, 10, 13, 2, 6, 15, 20, 19, 0, 14], [15, 17, 11, 6, 0, 21], [10, 13, 8, 15, 14, 9], [15, 23, 8, 10, 13, 4, 24, 6, 0, 26, 11, 12, 1, 16, 25], [4, 7, 1, 10], [4, 21, 0, 12, 13, 17, 14, 18], [9, 1, 6, 16, 4, 11]]
[[0, 9, 15, 11, 5, 13], [25, 29, 3, 5, 12, 17, 34, 0, 13, 7, 2, 1, 8, 16, 18, 21, 22, 30, 31, 39], [13, 4, 10, 14, 7, 18, 5, 16], [14, 7, 9, 17, 5, 19], [7, 13, 14, 22, 2, 0], [6, 19, 9, 22, 13, 23, 1, 3, 0, 21, 4, 10, 12], [2, 26, 33, 0, 5, 6, 18, 10, 11, 14, 22, 23, 7, 30, 19, 9, 1, 17, 3, 32], [8, 1, 12, 5]]
[[12, 5, 14, 7, 9, 4, 0, 6, 8, 15, 10, 2], [12, 9, 4, 5, 15, 0, 14, 6], [9, 1], [24, 0, 20, 1, 21, 3, 8, 23], [12, 14, 9, 16, 15, 0, 3, 2], [10, 0, 5, 9, 1, 2], [4, 6, 7, 0], [3, 1], [10, 14, 2, 8, 16, 15, 13, 0], [13, 6, 10, 18, 4, 14, 0, 16, 17, 7, 11, 5, 2], [10, 1, 4, 6, 14, 13, 2, 7]]
[[12, 1, 10, 2, 7, 5], [6, 2, 1, 8, 7, 10, 5, 3], [4, 31, 26, 8, 11, 14, 36, 22, 37, 13, 25, 19, 1, 9], [11, 2, 7, 0, 14, 3, 6, 8, 15], [15, 13, 1, 6, 9, 4], [11, 12, 6, 14, 8, 15, 1, 2, 5, 0, 13, 9, 3], [10, 2, 11, 8], [12, 10, 0, 15, 16, 19, 1, 17, 11, 5], [0, 10, 12, 18, 4, 14, 20, 2, 1, 13, 19, 7, 5, 11], [13, 1, 6, 7, 2, 3]]
[[1, 24, 11, 21, 22, 10, 3, 6, 13, 16, 4, 12, 18, 14], [2, 3, 5, 6, 0], [11, 8, 5, 9, 15, 1], [6, 2, 3, 0], [4, 9, 12, 15, 17, 5, 10, 18, 0, 1, 8, 6], [3, 7, 25, 0, 8, 11, 1, 12, 5, 17, 20, 16], [6, 1, 2, 0, 7, 3, 8], [17, 32, 3, 14, 22, 35, 8, 15, 24, 36, 13, 7, 0, 1], [11, 6, 2, 0, 7, 13, 15, 3]]
[[9, 5, 11, 6], [14, 6, 10, 16, 7, 11, 1, 4], [17, 1, 11, 14, 19, 6, 12, 10], [14, 22, 8, 0, 5, 12, 1, 6, 10, 19, 26, 25, 9, 17], [5, 7, 11, 2, 8, 12, 6, 0], [22, 12, 14, 8, 16, 18, 6, 19, 15, 1], [9, 13, 20, 1, 6, 22, 7, 2, 4, 18, 10, 15], [14, 7, 11, 17, 8, 12, 3, 0, 6, 2, 18, 19]]
[[0, 5, 8, 6, 9, 1], [14, 24, 1, 25, 11, 29, 36, 39, 3, 12, 15, 18, 27, 30, 37, 2, 0, 26], [7, 18, 11, 4, 16, 20, 10, 13], [10, 4, 5, 11, 9, 2], [3, 22, 17, 18, 13, 16, 7, 15, 12, 8], [4, 10, 6, 1, 11, 14], [10, 22, 14, 7, 15, 20, 24, 13], [3, 1, 7, 21, 5, 18, 22, 4, 20, 17, 2, 12], [12, 21, 1, 7, 23, 3, 14, 19]]
[[5, 6], [8, 21, 30, 4, 16, 22, 10, 13], [5, 8, 11, 2], [8, 14, 1, 11, 6, 12], [11, 20, 34, 22, 24, 8, 21, 27, 30, 25, 13, 1], [9, 12, 23, 15, 25, 8, 16, 21]]
[[5, 4, 2, 7, 12, 13, 6, 16], [17, 27, 23, 10, 5, 14, 19, 15, 25, 12, 1, 8], [0, 9, 7, 3, 6, 10], [13, 16, 3, 18, 6, 9, 7, 10], [8, 13], [7, 0, 16, 2, 18, 9], [7, 27, 2, 10, 19, 13, 24, 4, 15, 3, 12, 20]]
[[18, 14, 8, 7, 15, 13, 19, 0, 2, 9, 10, 16], [9, 19, 22, 29, 1, 3, 37, 39, 32, 40, 34, 36, 2, 17, 7, 26, 6, 16, 25, 31], [8, 1, 6, 4, 3, 2], [18, 6, 4, 9, 8, 19, 3, 21, 2, 10], [20, 16, 2, 6, 12, 18, 4, 9, 13, 1, 17, 3, 15], [1, 16, 2, 0, 11, 7, 15, 19, 3, 12], [15, 5, 12, 24, 6, 13, 20, 19, 1, 4, 0, 25], [11, 13, 21, 20, 2, 26, 22, 24, 27, 19, 28, 7, 4, 25], [4, 6, 9, 15, 1, 0, 16, 10], [12, 16, 5, 21, 6, 19, 11, 10, 3, 0], [10, 6, 14, 1, 5, 4, 0, 11]]
[[0, 9, 15, 2, 6, 1, 13, 5, 10, 16], [25, 5, 10, 14, 18, 23, 12, 15, 8, 3, 11, 0, 2, 6, 17, 22], [1, 0, 3, 6, 9, 17, 20, 24, 21, 26, 2, 23, 14, 16], [13, 1, 18, 5, 11, 23, 24, 10, 8, 3, 20, 2, 19, 4], [4, 9, 0, 13, 7, 2, 14, 21], [15, 6, 21, 0, 12, 8, 11, 4, 22, 3], [6, 16, 18, 1, 9, 14, 21, 24, 4, 2, 12, 13, 3, 0], [34, 12, 1, 3, 19, 24, 39, 4, 14, 13, 37, 38, 6, 16, 2, 11, 7, 17]]
[[0, 18, 5, 11, 6, 1, 9, 8, 4, 2], [6, 25, 30, 27, 3, 9, 17, 33, 0, 8, 28, 2, 34, 1, 4, 13, 16, 21, 31], [6, 17, 13, 4, 19, 14, 3, 7, 8, 9, 2], [15, 12, 5, 17, 8, 13, 4, 9, 10], [7, 4, 9, 5, 3, 2, 10], [12, 19, 16, 5, 18, 21, 17, 3, 23, 4, 6, 9], [7, 13, 10, 6, 15, 11, 3, 2, 5, 16], [16, 5, 13, 6, 11, 10]]
[[0, 14, 5, 7, 11, 8, 1, 15, 4, 2, 3], [4, 12, 15, 20, 1, 6, 18, 23, 7, 16, 24, 2, 3, 0], [9, 17, 5, 0, 3, 11, 6, 14], [21, 17, 4, 10, 24, 5, 15, 25, 9, 1, 13, 14, 0, 26, 18, 22], [11, 3, 9, 15, 0, 7, 16, 5, 6, 14], [12, 6, 0, 9, 11, 3, 15, 7, 14, 8], [8, 14, 11, 21, 3, 29, 0, 4, 15, 18], [29, 9, 22, 6, 12, 16, 24, 27, 0, 17], [6, 25, 1, 3, 9, 19, 22, 4, 15, 18, 10, 2, 14, 7, 26, 20], [20, 2, 8, 11, 15, 26, 12, 22, 3, 23, 6, 21]]
[[5, 4], [6, 10, 12, 9, 4, 15, 2, 13, 1, 11, 8, 16], [5, 12, 30, 0, 2, 7, 23, 27, 24, 3], [13, 4, 2, 1, 5, 8, 11, 6], [16, 2, 6, 11, 4, 7, 12, 9, 1, 17], [12, 0, 13, 2, 3, 6, 15, 19, 28, 20, 4, 16, 8, 27], [5, 2, 1, 0], [6, 0, 2, 15, 7, 13, 8, 16], [13, 26, 36, 52, 63, 70, 79, 90, 4, 20, 82, 0, 28, 31, 41, 60, 88, 22], [3, 20, 0, 9, 16, 2, 23, 10, 1, 6, 24, 11, 15, 17, 4], [16, 28, 11, 20, 13, 22]]
[[0, 7, 14, 2, 8, 1, 11, 6, 10, 13, 3], [6, 22, 19, 10, 21, 0, 4, 13, 9, 3], [5, 8, 13, 19, 1, 10, 14, 0, 6, 9], [10, 12, 5, 3, 14, 0], [7, 10, 30, 14, 33, 12, 15, 27, 21, 2, 11, 26, 31, 17, 9, 25, 29, 8, 32, 3, 5, 18], [18, 8, 11, 13, 3, 9, 15, 22, 2, 21, 20, 14], [3, 7, 12, 16, 4, 13, 1, 11, 0, 8], [0, 3, 14, 1, 10, 13, 9, 4, 15, 11], [10, 1, 7, 5]]
[[5, 7, 10, 12], [7, 22, 36, 51, 4, 23, 38, 40, 13, 25, 28, 44, 47, 57, 5, 14, 29, 34], [3, 7, 0, 8, 21, 15, 23, 27, 1, 25, 28, 5, 10, 24], [14, 30, 5, 0, 1, 7, 12, 24, 27, 6, 10, 11, 28, 4, 15, 31, 18, 19], [4, 1, 8, 0], [2, 9, 6, 11, 14, 15], [2, 12, 6, 8, 10, 15, 14, 9, 0, 7, 13], [12, 15, 10, 3, 20, 16, 0, 18, 19, 1], [3, 6, 21, 27, 0, 7, 24, 1, 10, 9, 15, 18, 8, 14, 19, 11, 25, 16]]
[[9, 4, 12, 14, 17, 0, 15, 18, 7, 1, 3, 10], [8, 10, 9, 13, 0, 17, 21, 4, 15, 18], [10, 24, 13, 17, 25, 4, 8, 18], [24, 33, 3, 5, 22, 37, 0, 8, 18, 30, 31, 7], [12, 0, 9, 16]]
[[10, 3, 7, 5, 4, 0], [9, 5, 10, 3, 0, 12], [18, 20, 2, 13, 5, 24, 21, 0, 22, 1, 3, 12], [13, 16, 19, 7, 5, 17, 20, 4, 14, 15], [1, 3, 6, 8], [1, 10, 13, 2, 11, 14, 8, 7, 9, 15], [3, 0, 7, 10, 1, 11], [9, 5, 7, 6, 13, 10, 2], [11, 8, 13, 5, 1, 4, 0, 14, 9, 15, 2], [6, 23, 17, 21, 24, 9], [14, 3, 10, 8, 4, 7, 15, 0]]
[[24, 3, 29, 12, 16, 21, 32, 35, 10, 17, 33, 36, 39, 1, 30, 40, 0, 8], [17, 6, 23, 26, 0, 3, 11, 2, 19, 16, 10, 15, 24, 4], [7, 9, 0, 3, 8, 13], [6, 12, 15, 18, 7, 16, 3, 13, 0, 4], [2, 13, 7, 15, 5, 4, 14, 3, 12, 0, 8, 16], [18, 23, 24, 3, 8, 12, 20, 7, 1, 0, 19, 4, 9, 13, 14, 21], [8, 1, 2, 5]]
[[5, 7, 1, 2, 8, 11, 9, 10], [14, 16, 0, 17, 3, 2, 1, 7, 11], [10, 6, 4, 7, 3, 1], [8, 14, 5, 9, 3, 6, 15, 10], [7, 9, 2, 8], [11, 14, 3, 15, 2, 7, 6, 0, 4, 8], [6, 2, 1, 4, 3, 8], [16, 4, 11, 21, 12, 22, 18, 1, 17, 8, 20, 0, 15, 9], [17, 14, 7, 11, 15, 10]]
[[10, 24, 37, 12, 13, 1, 15, 18, 2, 16, 38, 21, 14, 23, 4, 3, 30, 33], [3, 9, 6, 4, 13, 1], [6, 5, 10, 11, 0, 7], [10, 1, 5, 12, 15, 3, 16, 8, 2, 0, 13], [8, 23, 5, 14, 15, 20, 19, 13], [15, 23, 9, 5, 16, 11]]
[[0, 7, 33, 36, 42, 22, 5, 10, 12, 16, 27, 40, 13, 25], [11, 27, 32, 20, 29, 6, 10, 21, 30, 23, 25, 5, 1, 8, 9, 4, 22, 14], [16, 25, 30, 12, 20, 27, 5, 10, 13, 28, 15, 19, 4, 1, 8, 9], [13, 30, 15, 27, 6, 11, 16, 28, 19, 5, 9, 10, 4, 8, 17, 20, 22], [16, 24, 9, 18, 27, 5, 19, 28, 4, 10, 3, 8, 17, 0, 6, 25], [28, 33, 15, 18, 26, 30, 5, 10, 16, 19, 31, 22, 25, 4, 8, 14, 9, 7], [12, 8, 5, 9, 4, 0, 10, 2], [22, 21, 0, 7, 12, 9, 13, 8, 17, 18, 16, 23, 11, 27], [14, 3, 11, 8, 4, 7, 15, 0]]
[[2, 1, 6, 0, 3, 7], [10, 13, 7, 6, 3, 5, 0, 11], [4, 5, 1, 0, 2], [18, 11, 16, 20, 0, 10, 2, 19], [2, 0, 1, 3], [4, 1, 0, 2], [15, 4, 12, 17, 18, 1, 7, 8, 0, 9], [12, 0, 11, 3, 6, 9, 7, 5], [16, 33, 10, 18, 0, 12, 20, 25, 29, 31, 36, 1, 4, 7, 13, 34], [17, 14, 4, 9, 18, 3, 8, 7, 0, 1, 12], [13, 3, 5, 6, 11, 4, 2, 0], [10, 2, 6, 16, 0, 7, 14, 13, 12, 15], [28, 16, 0, 12, 15, 5, 21, 24, 3, 29, 2, 10, 17, 1], [7, 10, 19, 8, 20, 22, 3, 14, 0, 6, 2, 11], [12, 22, 17, 5, 9, 3, 24, 18, 21, 0, 20, 2]]
[[5, 4, 0, 6], [9, 4, 10, 15, 20, 12, 16, 5, 8, 11], [1, 10, 8, 11, 7, 2], [8, 9, 5, 11, 6, 12, 14, 1], [1, 11], [0, 20, 5, 9, 15, 1, 12, 11], [8, 2, 5, 11, 0, 6], [10, 7, 4, 8, 12, 6, 1, 3, 0], [20, 14, 15, 22, 30, 3, 12, 16, 11, 27], [9, 0, 2, 11, 22, 3, 18, 13, 21, 17, 23, 4], [9, 1, 11, 17, 2, 16, 5, 0]]
[[0, 11, 3, 5, 8, 1, 6, 9], [1, 7, 2, 13, 4], [17, 12, 18, 6, 14, 3], [3, 16, 22, 5, 8, 13, 7, 0, 6, 12, 9, 23, 24], [25, 11, 18, 13, 20, 8, 3, 9], [4, 1, 10, 11, 6, 3]]
[[18, 5, 2, 4, 15, 7, 20, 11, 21, 6], [27, 8, 14, 23, 34, 39, 0, 12, 17, 24, 32, 35, 22, 37, 9, 31, 21, 11, 19, 40, 18, 29], [3, 7, 5, 4, 0], [1, 13, 11, 9, 4, 5, 10, 14, 3, 6], [8, 12, 2, 14, 4, 18], [2, 10, 20, 7, 16, 15, 3, 13, 14, 12], [0, 14, 25, 4, 7, 10, 19, 28, 20, 29, 2, 15, 26, 30], [8, 17, 22, 1, 5, 10, 6, 18, 3, 2, 15, 16, 4, 0], [9, 14, 11, 15, 1, 4], [14, 22, 27, 29, 4, 18, 31, 0, 11, 24, 8, 34], [2, 1], [4, 0, 8, 7]]
[[13, 9, 2, 11, 6, 15, 4, 14, 3, 12], [14, 3, 18, 8, 12, 16, 7, 1], [8, 23, 14, 6, 16, 19, 2, 18, 1, 15, 13, 9, 21, 10], [18, 3, 2, 5, 15, 9, 4, 0, 6, 19], [24, 1, 7, 16, 5, 9, 22, 6, 19, 14, 10, 8], [16, 1, 11, 19, 8, 2, 12, 3, 5, 0], [15, 17, 4, 21, 7, 12]]
[[13, 16, 18, 3, 14, 19, 9, 2, 5, 0], [5, 10, 2, 0, 3, 8, 9], [6, 12, 21, 0, 2, 8, 15, 19], [16, 26, 4, 6, 19, 13, 23, 21, 5, 2, 24, 7, 9, 12], [15, 29, 34, 40, 5, 4, 16, 7, 11, 18, 22, 8, 12, 20, 23, 26, 31, 35], [15, 22, 1, 12, 19, 6, 2, 17, 9, 0], [13, 14, 6, 8], [13, 25, 18, 0, 8, 21, 1, 19, 9, 22, 5, 14, 26, 10]]
[[18, 6, 11, 16, 20, 14, 9, 10], [2, 11, 36, 33, 5, 13, 29, 9, 34, 37, 1, 28, 6, 22], [6, 9, 12, 17, 2, 7, 10, 18, 23, 5, 21], [4, 1, 6, 9, 2, 0], [6, 13, 3, 15, 2, 10, 11, 14, 4], [5, 4, 2, 10], [18, 24, 20, 16, 2, 15, 21, 22, 23, 0, 8, 10], [4, 18, 0, 15, 1, 13, 16, 3], [9, 3, 15, 6, 10, 1, 5, 16, 17, 0]]
[[5, 8, 9, 4], [11, 17, 3, 5, 2, 8, 6, 12], [16, 3, 10, 18, 0, 11, 6, 2, 17, 12, 1], [26, 0, 2, 3, 9, 23, 20, 4, 16, 19, 1, 15, 11, 6, 10, 24], [14, 25, 35, 5, 18, 33, 10, 31, 37, 29, 4, 3, 30, 9, 36, 0, 6, 32, 20, 34], [12, 19, 28, 4, 32, 1, 23, 25, 6, 33, 17, 18, 24, 31, 13, 29, 21, 22, 26], [14, 5, 0, 1, 9, 18, 6, 8, 15], [11, 22, 17, 19, 7, 5, 20, 1, 4, 14, 0, 18], [16, 0, 11, 13, 8, 2, 7, 12, 4, 10]]
[[6, 12, 13, 1], [9, 14, 2, 11], [8, 10, 9, 11, 1, 2], [13, 14, 5, 9], [4, 7, 14, 5, 12, 1, 15, 0], [], [8, 16, 3, 1, 9, 17, 11, 5], [12, 7, 19, 11]]
[[18, 14, 17, 7, 20, 8, 19, 13, 4, 0], [5, 9, 2, 6, 11, 3], [24, 5, 13, 9, 2, 10, 19, 28, 1, 6, 14, 27], [5, 7, 11, 2, 12, 8], [17, 4, 1, 5, 14, 13, 0, 7, 10, 8], [12, 0, 13, 3, 6, 9], [9, 16, 7, 1, 5, 8], [20, 1, 3, 7, 9, 13, 23, 24, 22, 0, 8, 10, 12], [0, 3, 4, 1], [22, 29, 9, 20, 2, 13, 26, 10, 27, 8, 17, 28], [19, 10, 16, 5, 14, 17, 13, 8, 9, 4], [15, 2, 16, 0, 6, 12, 20, 3, 8, 9], [0, 1, 4, 9, 12, 6]]
[[1, 8, 6, 2, 9, 7], [1, 17, 7, 21, 3, 11, 18, 6, 10, 2], [27, 13, 4, 11, 16, 19, 22, 9, 17, 15, 1, 7], [15, 1, 13, 6, 11, 3, 9, 2], [7, 3], [19, 14, 3, 16, 0, 11, 17, 4], [7, 5, 12, 4], [33, 19, 11, 20, 14, 17, 23, 27, 8, 22, 1, 3, 12, 2, 6, 13], [13, 4, 19, 20, 9, 25, 22, 30, 7, 21], [17, 20, 8, 13, 21, 1, 3, 11, 2, 6], [4, 14, 11, 12, 7, 8, 9, 15]]
[[5, 7, 8, 4], [16, 5, 13, 6, 11, 17], [0, 5, 9, 1, 4, 2, 3, 10, 17], [19, 0, 5, 15, 3, 9, 21, 2], [12, 1, 6, 19, 7, 17, 16, 3, 2, 0, 20, 5], [13, 21, 4, 1, 17, 18, 19, 23, 5, 22, 20, 8, 14], [15, 9, 19, 12, 1, 4, 0, 16, 5, 13, 17, 2], [18, 0, 2, 10, 14, 11, 15, 3, 8, 9, 1, 7]]
[[0, 10, 1, 6, 16, 25, 17, 22], [13, 6, 18, 3, 8, 0, 10, 7, 19, 2, 5, 21], [11, 17, 3, 8, 14, 19, 12, 13, 18, 10, 9, 7], [9, 13, 6, 15, 14, 4, 5], [11, 19, 15, 6, 2, 20, 16, 3, 13, 5], [1, 9, 10, 7, 4, 11, 12, 8, 5], [11, 7, 5, 12, 4, 3, 8], [18, 5, 14, 6, 11, 4, 10, 0], [5, 10, 1, 11, 3, 16, 4, 13, 21, 24]]
[[4, 7, 11, 12, 1, 8, 0, 6], [8, 12, 5, 18, 2, 20], [18, 21, 0, 2, 19, 7, 15, 23, 25, 30, 4, 31, 3, 12, 11, 22, 5, 8], [3, 0, 2, 5, 20, 17, 4, 10, 15, 13, 9, 1], [8, 13, 1, 16, 10, 14, 19, 2, 9, 0], [25, 14, 16, 21, 5, 18, 17, 2], [0, 16, 4, 8, 11, 2, 1, 5, 7], [5, 13, 10, 1, 15, 4]]
[[5, 9, 7, 4], [16, 13, 9, 4, 14, 20, 0, 12, 5, 21, 18, 2], [17, 21, 3, 13, 0, 10, 9, 22, 4, 14], [12, 16, 9, 7, 23, 24, 5, 21, 8, 20], [5, 38, 84, 11, 17, 46, 0, 2, 8, 32, 48, 57, 64, 67, 27, 41, 86, 12, 81, 26, 55, 88, 18, 47, 54, 62, 70, 74], [6, 12, 32, 0, 7, 17, 24, 1, 15, 3, 9, 18, 8, 23, 10, 19, 25, 5], [2, 1], [1, 6]]
[[5, 7, 8, 4], [7, 2, 16, 13, 18, 3, 12, 17, 8, 5], [15, 2, 6, 8], [12, 20, 3, 0, 2, 13, 1, 11, 16], [0, 2, 16, 3, 9, 14], [9, 1, 10, 17, 6, 15], [18, 28, 22, 4, 24, 0, 1, 6, 26, 25, 5, 10, 23, 29, 11, 30], [15, 16, 2, 12, 11, 9, 0, 17, 5, 10], [12, 1, 4, 18, 16, 0, 17, 2, 6, 10], [5, 8, 15, 0], [21, 6, 8, 22, 14, 17, 2, 12, 9, 0], [6, 26, 16, 22, 2, 12, 20, 19, 1, 4]]
[[0, 4, 7, 10, 13, 2, 8, 11], [15, 17, 19, 23, 26, 0, 20, 24, 27, 3], [12, 9, 11, 14, 4, 13], [7, 4, 12, 15, 2, 13, 16, 8, 11, 3], [13, 1, 4, 19, 2, 9, 18, 0, 8, 17, 10, 14], [7, 4, 10, 18, 2, 5, 11, 19, 21, 14, 17, 9], [6, 8, 3, 13, 16, 4, 14, 17, 9, 12, 1], [13, 17, 9, 21, 24, 0, 22, 20, 6, 15, 25, 1], [12, 15, 18, 10, 16, 19, 9, 4, 0, 5], [7, 21, 1, 13, 25, 19, 23, 2, 14, 5], [15, 19, 25, 0, 13, 23, 1, 17, 8, 4]]
[[7, 22, 13, 21, 10, 17, 5, 14], [8, 19, 2, 4, 5, 13, 0, 16, 3, 12], [6, 1, 11, 8], [21, 4, 0, 16, 6, 9, 19, 5], [13, 5, 0, 10, 8, 16], [10, 1, 5, 2, 0, 4], [8, 3, 1, 14, 0, 15, 5, 7, 11], [14, 3, 4, 6], [11, 12, 7, 8], [13, 9, 17, 19, 27, 28, 12, 20, 3, 0, 24, 23]]
[[19, 1, 17, 9, 13, 4, 2, 8, 16, 6, 0, 10], [9, 7, 10, 2, 5, 13, 15, 1, 3, 11], [4, 6, 8, 16, 13, 1, 5, 12, 3, 14], [11, 7, 16, 19, 5, 13, 17, 1], [1, 3, 6, 16, 7, 4, 11, 14], [12, 1, 15, 9, 16, 2, 8, 5, 0, 13]]
[[0, 12, 5, 9, 6, 10], [3, 5, 16, 7, 14, 9, 6, 13], [18, 2, 4, 1, 7, 10, 5, 3, 19, 0], [23, 3, 5, 18, 20, 0, 7, 12, 21, 25], [8, 23, 2, 10, 5, 12, 9, 15, 18, 6, 13, 4, 3, 11, 24], [10, 4, 6, 20, 8, 11, 18, 24, 7, 17, 23, 28], [1, 17, 4, 6, 3, 9, 12, 7, 5], [11, 23, 14, 16, 0, 21, 28, 1, 9, 12, 18, 24, 17, 8], [11, 1, 8, 6]]
[[9, 17, 28, 4, 14, 19, 24, 11, 15, 20], [23, 3, 7, 20, 27, 18, 21, 25], [11, 19, 7, 13, 16, 21, 23, 0, 8, 14, 17, 24], [3, 6, 9, 13, 0, 7, 10, 4, 5, 14], [14, 18, 0, 8, 20, 22, 3, 19, 4, 5, 21, 23], [14, 5, 8, 18, 6, 11, 19, 1, 10, 4], [23, 30, 41, 9, 3, 12, 17, 21, 38, 46, 36, 39, 43, 10, 35, 32, 42, 37, 45, 0, 5, 1], [18, 27, 3, 22, 7, 14, 12, 25, 11, 24]]
[[18, 22, 11, 14, 25, 27, 7, 12, 28, 23, 1, 5, 6, 0, 15, 19], [9, 14, 11, 1, 3, 10, 0, 4, 16], [16, 10, 3, 7, 6, 11, 2, 13, 9, 17], [18, 0, 16, 22, 26, 4, 30, 7], [9, 0, 20, 2, 13, 23, 7, 15, 4, 21], [12, 19, 22, 15, 3, 18, 0, 6, 2, 17], [14, 9, 6, 11, 19, 1, 2, 5, 20, 10], [14, 1, 15, 8, 11, 22, 9, 3], [12, 14, 3, 8, 1, 13, 2, 7]]
[[6, 27, 4, 11, 15, 2, 8, 12, 19, 1, 7, 25, 5, 9, 23, 21], [6, 7, 3, 10, 13, 18, 0, 11, 2, 8, 1, 14, 22, 25, 9], [1, 6, 15, 12, 3, 7, 8, 5, 9, 16, 19], [4, 14, 17, 2, 10, 15, 1, 12, 9, 8, 18, 13], [7, 8, 14, 2, 13, 11, 1, 5, 4, 9], [7, 1, 11, 10, 2, 9, 5, 0], [2, 3, 11, 9, 8, 0, 7, 4], [13, 6, 4, 0, 7, 11, 14, 1], [10, 1, 6, 5, 2, 12], [10, 16, 3, 6, 18, 7, 13, 1, 0, 12, 19, 4], [8, 12, 1, 13], [21, 15, 8, 26, 24, 14, 1, 19, 2, 7]]
[[22, 5, 10, 13, 16, 3, 6, 11, 14, 20, 23, 9, 2, 19, 8, 18, 27, 28], [4, 1, 2, 0], [0, 29, 24, 5, 9, 14, 27, 30, 26, 25], [4, 11, 8, 14, 15, 9, 7, 5, 12, 16], [17, 3, 7, 10, 14, 5, 4, 19, 16, 8, 13], [9, 6, 11, 0, 3, 5, 7, 12], [25, 11, 17, 21, 15, 18, 22, 6, 5, 8, 0, 7, 10, 12, 26, 27, 28], [12, 7, 9, 5, 10, 1, 4, 0], [12, 2, 8, 6, 3, 5], [9, 2, 7, 17, 0, 15, 18, 3, 13, 14, 6, 19], [15, 5, 0, 18, 1, 10, 13, 19, 17, 12, 6, 9], [12, 21, 17, 0, 20, 4, 7, 3]]
[[5, 8, 12, 9, 4, 0], [16, 19, 3, 2, 5, 8, 6, 11, 4, 0, 20], [17, 8, 9, 13, 15, 20, 12, 1, 7, 4], [7, 0, 3, 17, 2, 25, 8, 10, 23, 11], [6, 8, 14, 12, 13, 3, 9, 10], [14, 6, 10, 3, 0, 1, 4, 7, 9], [5, 8, 9, 11], [28, 1, 34, 10, 23, 36, 2, 37, 16, 4, 35, 11, 13, 5, 12, 9], [4, 8, 14, 11, 17, 2, 6, 18], [18, 69, 10, 57, 33, 51, 64, 71, 23, 62, 16, 1, 49, 36, 58, 27, 4, 31, 61, 0, 21, 26]]
[[11, 3, 18, 15, 8, 21, 6, 5], [11, 14, 15, 10, 2, 12, 13, 3, 7, 16], [5, 16, 0, 6, 8, 17, 4, 15], [15, 4, 7, 0, 3, 1, 2, 8], [17, 29, 3, 5, 6, 8, 13, 15], [0, 17, 2, 9, 10, 19, 5, 23], [0, 4, 5, 11, 16, 15], [4, 11, 1, 8, 22, 12, 20, 23], [8, 11, 1, 12]]
[[5, 9, 4, 0], [2, 6, 8, 7, 12, 11, 3, 9], [13, 23, 26, 3, 17, 9, 24, 8, 19, 1], [0, 20, 22, 8, 4, 13, 17, 2, 18, 23], [20, 10, 13, 17, 0, 11, 3, 7, 12, 1, 14, 18, 21], [11, 19, 6, 3, 24, 8, 13, 30, 4, 9, 14, 22, 29, 7, 25, 27, 28, 31], [39, 13, 29, 15, 21, 4, 18, 36, 7, 16, 19, 23, 33, 37, 14, 30, 26, 32, 41, 40, 17, 22], [26, 31, 10, 13, 16, 23, 1, 5, 14, 21, 24, 28, 20, 3, 4, 27], [1, 12, 26, 6, 10, 14, 17, 27, 8, 9, 24, 13, 20, 18], [10, 3, 6, 11, 5, 1], [13, 16, 11, 18, 1, 17, 9, 3, 5, 0], [9, 13, 6, 11, 1, 2, 17, 5]]
[[5, 4, 0, 6, 2], [11, 7, 5, 8], [11, 1, 7, 3, 12, 2, 0, 8], [12, 6, 0, 4, 15, 9, 13, 16, 7, 8], [7, 10, 5, 1, 11, 0, 4], [2, 8, 12, 0, 4, 11, 3, 5], [10, 19, 17, 6, 20, 15, 18, 2], [10, 7, 11, 1], [2, 1], [6, 0, 17, 13, 3, 14, 2, 10], [10, 1]]
[[7, 13, 9, 15, 10, 16, 1, 5], [12, 15, 5, 16, 21, 14, 20, 3, 9, 0], [2, 11], [25, 9, 3, 6, 4, 7, 12, 15, 18, 17, 10, 2], [7, 11, 1, 8], [9, 0, 3, 6], [7, 0], [21, 15, 9, 6, 11, 18, 1, 4, 12, 16], [9, 1, 2, 4, 3, 10], [9, 7, 0, 8, 3, 1], [7, 17, 2, 8, 14, 25, 0, 4, 18, 23, 26, 3], [8, 13, 15, 21, 0, 1], [14, 1, 9, 23, 4, 24, 3, 18, 21, 2, 22, 5]]
[[12, 5, 8, 14, 9, 4, 0, 6], [12, 7, 5, 14, 4, 17, 0, 13], [0, 11, 5, 9], [24, 22, 28, 12, 19, 30, 33, 0, 10, 14, 20, 34], [4, 8, 14, 17, 21, 5, 22, 16, 10, 11, 15, 13], [9, 7, 3, 13, 16, 20, 4, 21, 8, 15], [19, 17, 23, 7, 12, 5, 9, 15, 25, 14, 30, 4], [18, 23, 4, 13, 10, 9, 0, 3, 25, 5, 14, 12, 1, 11, 15, 26], [8, 1, 2, 0, 6, 9]]
[[9, 17, 23, 3, 20, 26, 21, 27, 6, 13, 0, 12, 16, 4], [7, 10, 6, 4, 14, 17, 0, 12, 15, 8], [4, 10, 5, 16], [14, 3, 1, 10], [4, 12, 7, 2, 15, 1]]
[[24, 29, 3, 6, 14, 8, 10, 21, 26, 11, 16, 22, 27, 20], [6, 1, 0], [4, 7, 13, 16, 9, 1, 8, 2, 14, 0, 5, 17], [18, 7, 15, 8, 13, 16, 12, 1, 6, 0], [2, 9, 0, 10], [13, 16, 23, 5, 0, 21, 1, 9, 18, 6], [6, 0, 20, 3, 10, 15, 4, 21]]
[[10, 5, 7, 8, 4, 0], [3, 7, 10, 8, 11, 5], [8, 23, 11, 14, 17, 22, 25, 6, 15, 26, 12, 24, 0, 2], [2, 11, 9, 6, 8, 7], [8, 9, 13, 18, 7, 5, 12, 17, 1, 2, 6, 14], [9, 2, 6, 0, 7, 4], [5, 11, 16, 19, 3, 8, 0, 17, 2, 10, 1], [4, 10, 23, 12, 36, 38, 16, 18, 41, 46, 47, 39, 2, 33, 34, 30, 1, 26, 37, 5], [12, 21, 17, 25, 26, 16, 0, 5, 19, 27], [1, 3, 8, 12, 17, 19, 4, 24, 9, 23], [4, 7, 29, 0, 8, 12, 22, 26, 23, 3]]
[[0, 13, 5, 7, 8, 11], [9, 10, 21, 13, 0, 7, 14, 11], [7, 14, 4, 2, 5, 11], [16, 5, 4, 8, 14, 2, 10, 9], [2, 5, 11, 3, 7, 12], [24, 15, 12, 17, 4, 8, 9, 22], [21, 9, 15, 18, 5, 16, 8, 14, 1, 19, 2, 20]]
[[0, 5, 8, 9], [14, 23, 3, 13, 8, 16, 18, 20, 25, 6, 9, 26], [21, 4, 2, 6, 14, 16, 17, 22, 26, 5, 10, 13, 25, 3, 9, 12], [25, 3, 6, 17, 21, 39, 42, 7, 10, 22, 26, 32, 40, 43, 9, 15], [9, 11, 13, 0], [12, 2, 3, 8, 7, 10], [18, 28, 31, 26, 35, 9, 29, 33, 13, 0, 7, 15], [12, 1, 8, 6]]
[[16, 10, 7, 6, 12, 11, 14, 17, 9, 3], [1, 4], [22, 8, 10, 7, 13, 16, 3, 11, 2, 9, 6, 0, 4, 17], [6, 0, 2, 7, 15, 16, 3, 11], [11, 1, 8, 6], [19, 22, 5, 7, 26, 14, 9, 1, 8, 28, 27, 4, 0, 25, 29, 10], [4, 1, 16, 7, 10, 18, 17, 2, 0, 15, 5, 8], [1, 7]]
[[2, 14, 7, 6, 15, 16, 4, 9], [27, 11, 21, 14, 5, 17, 6, 24, 15, 23], [7, 12, 16, 19, 0, 4, 9, 17, 3, 11], [6, 9, 22, 1, 10, 4, 16, 12, 13, 2, 0, 11, 15, 23], [10, 1, 3, 8, 26, 12, 4, 17, 24, 25], [7, 4, 10, 14], [10, 22, 37, 18, 0, 11, 26, 34, 12, 31, 2, 14, 17, 27, 16, 5, 30, 1]]
[[1, 8, 6, 2, 7, 9], [0, 16, 6, 20, 9, 2, 10, 17, 5, 1], [5, 8, 2, 1, 3, 6], [3, 12, 10, 9], [13, 12, 20, 2, 8, 0, 6, 15, 24, 5, 22, 19], [19, 24, 0, 1, 4, 6, 16, 21, 26, 2, 14, 22, 12, 13, 11, 20], [5, 2, 7, 0, 11, 3, 10], [6, 14, 17, 22, 8, 11, 1, 5, 4, 19], [10, 17, 28, 22, 26, 6, 8, 24, 1, 14]]
[[9, 3, 15, 6, 11, 16, 24, 4], [3, 9, 6, 12, 15, 4, 7, 13, 10, 0], [9, 3, 6, 10, 4, 0], [23, 6, 7, 18, 11, 2, 8, 1, 5, 9, 13, 17], [7, 4, 1, 5], [4, 17, 0, 9, 14, 1, 3, 10, 8, 5], [10, 8, 16, 25, 13, 9, 22, 2, 21, 5, 0, 12]]
[[3, 9, 12, 6, 10, 13, 1, 5, 0, 4], [2, 4, 6, 8, 16, 9, 15, 3], [10, 18, 11, 1, 6, 8, 20, 2, 5, 9, 12, 21], [0, 11, 22, 23, 2, 14, 16, 19, 17, 20], [13, 7, 9, 10, 1, 4, 0, 8], [11, 3, 8, 6, 4, 5, 12, 0]]
[[18, 4, 5, 7, 10, 8, 13, 6, 19], [3, 6, 11, 13, 0, 7, 4, 12], [5, 7, 3, 10, 2, 8, 0, 11], [14, 8, 0, 16, 19, 1, 10, 12, 17, 9, 15, 4], [18, 20, 13, 5, 10, 1, 9, 22, 4, 0], [4, 2, 6, 9, 17, 7, 18, 5], [4, 11, 8, 6, 9, 1]]
[[5, 3, 7, 2], [23, 1, 10, 7, 13, 18, 5, 9, 2, 4, 0, 16, 14, 17], [11, 7, 15, 5, 13, 1, 4, 0], [4, 18, 10, 13, 1, 6, 11, 0, 23, 19, 22, 25], [15, 0, 3, 11, 14, 2, 8, 10, 1, 7, 16], [6, 17, 9, 1, 14, 10], [23, 15, 20, 7], [8, 0, 5, 11, 3, 9, 2, 16, 19, 1, 15, 6, 20, 17], [5, 1, 10, 7, 2, 0, 6, 3]]
[[0, 14, 5, 8, 11, 9, 12, 1, 4, 2], [13, 15, 17, 0, 10, 18, 3, 9], [20, 1, 3, 5, 11, 14, 17, 6, 10, 15, 18, 2], [19, 12, 8, 14, 17, 22, 9, 15, 1, 5, 13, 20, 11, 6], [9, 21, 11, 5, 13, 6, 14, 17], [16, 21, 13, 5, 9, 19, 3, 7, 18, 14, 12, 6, 0, 10], [20, 7, 16, 13, 22, 4, 12, 6, 0, 5], [14, 20, 2, 16, 8, 3, 21, 11]]
[[12, 5, 8, 9, 4, 0, 6, 13], [0, 9, 25, 17, 5, 6, 18, 23], [6, 18, 21, 3, 11, 23, 0, 13, 7, 2, 1, 9, 22], [19, 8, 16, 9, 14, 21, 13, 7, 22, 4], [14, 1, 15, 4, 24, 10, 17, 22, 25, 20], [15, 8, 0, 1, 3, 4], [5, 0, 1, 7, 11, 6, 12, 4], [20, 1, 10, 14, 8, 2, 4, 25, 0, 24, 5, 13, 17, 21], [18, 11, 0, 5, 8, 4, 1, 10, 19, 6], [7, 18, 10, 12, 19, 5, 13, 0], [5, 10, 14, 16, 17, 0, 8, 1, 7, 15, 2, 11], [4, 10, 13, 15, 16, 0, 7, 8], [21, 10, 18, 11, 16, 23, 15, 9, 0, 24], [2, 1]]
[[7, 15, 13, 1, 12, 5, 0, 6, 10, 8], [2, 8, 0, 5], [2, 6, 14, 18, 5, 8, 15, 0], [14, 8, 4, 16, 11, 10, 0, 3, 9, 5], [13, 1, 17, 7], [31, 17, 20, 15, 18, 7, 10, 23, 25, 5, 11, 21, 19, 1], [13, 9, 23, 28, 8, 1, 24, 7, 15, 17, 25, 29]]
[[5, 14, 18, 3, 6, 12, 19, 17, 2, 11, 10, 0, 15], [6, 13, 20, 14, 8, 17, 2, 1, 15, 0, 16, 9], [5, 21, 25, 2, 12, 15, 23, 0, 10, 9, 8, 27, 3], [7, 4, 9, 12, 15, 18, 29, 0, 10, 16, 19, 22, 30, 8, 1, 5, 25, 31, 32], [6, 3, 17, 0, 15, 20, 9, 14, 13, 16, 4], [5, 12, 16, 2, 1, 13, 8, 19], [9, 3, 5, 12, 8, 10, 6], [8, 15, 1, 10, 9, 12, 13, 3], [20, 12, 9, 17, 24, 26, 5, 15, 13, 14, 6, 21, 2, 8, 27], [7, 17, 10, 4, 13, 11, 14, 12, 5], [16, 15, 4, 17, 18, 19, 3, 5, 6, 8], [5, 4, 0, 8, 12, 9, 2], [1, 8, 10, 5]]
[[4, 11, 16, 19, 8, 1], [10, 9, 12, 8, 18, 3, 0, 13, 23, 26, 11, 25], [3, 0, 10, 20, 5, 15, 1, 6, 14, 4, 21, 7], [16, 9, 19, 7, 17, 12, 13, 21], [13, 16, 3, 18, 10, 21, 25, 11, 22, 26, 5, 0, 4, 7], [19, 2, 10, 16, 6, 14, 17, 21], [12, 16, 0, 21, 1, 19]]
[[5, 11, 9, 8], [16, 10, 19, 12, 5, 14, 21, 13], [13, 2, 4, 10, 0, 8, 21, 7, 20, 18, 14, 19, 15, 5], [10, 17, 19, 14, 1, 16], [15, 20, 22, 0, 11, 28, 1, 9, 18, 21], [5, 9, 24, 0, 10, 2, 12, 3, 11, 16], [8, 1, 13, 10]]
[[8, 13, 12, 15, 18, 16, 9, 14, 11, 17, 19, 0], [12, 0, 3, 2, 1, 7, 13], [12, 4, 8, 0, 5, 9, 3, 7], [12, 19, 7, 3, 4, 2, 8, 9, 13, 20], [5, 15, 9, 3, 11, 10, 0, 6, 12], [4, 12, 17, 7, 15, 2, 8, 9, 13, 18], [6, 9, 4, 14, 15, 11, 10, 0, 12, 3], [15, 5, 12, 10, 9, 1], [22, 10, 6, 12, 31, 1, 2, 13, 27, 30, 5, 11]]
[[9, 12, 14, 11, 17, 21, 24, 0, 15, 20, 13, 25, 29, 1, 2, 22, 26, 27], [7, 17, 31, 3, 22, 26, 0, 13, 20, 32, 9, 2, 16, 18, 35, 23, 1, 4, 14, 25], [8, 20, 13, 5, 16, 15, 14, 1, 4, 6, 9, 17], [9, 19, 11, 2, 15, 3, 13, 20, 23, 12, 18, 24, 22, 16, 6, 25], [8, 11, 13, 19, 4, 12, 10, 16, 0, 1, 5, 14], [20, 3, 9, 17, 15, 8, 7, 14, 0, 21], [14, 25, 12, 19, 26, 22, 4, 6]]
[[9, 3, 8, 11, 14, 12, 1, 10], [20, 3, 12, 17, 7, 15], [4, 16, 8, 3, 6, 0, 10, 9, 2, 1, 17], [7, 4, 6, 11, 15, 18, 9, 16], [10, 22, 2, 19, 0, 7, 12, 17, 24, 3], [10, 17, 19, 6, 14, 16]]
[[5, 16, 9, 3, 8, 11, 12, 1, 10, 19], [2, 17, 10, 5, 4, 8, 6, 7, 18, 19], [1, 5, 9, 20, 21, 19, 17, 3, 14, 15, 18, 13, 6, 8], [20, 0, 11, 3, 17, 5, 15, 4, 14, 9], [17, 2, 8, 20, 0, 23, 3, 13, 24, 9, 12, 14, 5, 7, 10, 19], [20, 11, 3, 9, 7, 10, 6, 1, 16, 17]]
[[12, 3, 8, 17, 4, 9, 18, 7, 16, 1, 0, 10, 20, 2], [21, 1, 5, 13, 30, 6, 14, 18, 22, 17, 12, 2], [24, 15, 1, 4, 21, 28, 2, 11, 26, 14, 5, 8, 22, 25, 10, 7], [12, 7, 0, 1], [5, 11, 8, 14, 7, 13, 1, 6], [8, 10, 3, 12, 18, 19], [9, 19, 3, 1, 10, 5, 15, 28, 13, 16], [5, 1]]
[[0, 18, 7, 9, 13, 1, 8, 14, 6, 19, 15, 20], [25, 31, 27, 23, 2, 8, 17, 14, 1, 28, 0, 29, 32, 21], [1, 7, 15, 12, 9, 5, 13, 8, 10, 6, 2], [11, 22, 1, 18, 29, 34, 3, 12, 25, 30, 28, 33, 2, 16, 24, 0], [1, 7, 16, 11, 23, 14, 9, 0, 12, 24, 13, 25], [22, 2, 13, 18, 24, 0, 14, 19], [16, 7, 12, 8, 13, 19, 4, 3, 11, 17], [17, 8, 13, 20, 9, 14, 21, 5, 4, 12, 18, 6], [11, 16, 8, 9, 5, 14, 4, 17, 0, 3, 6], [10, 18, 5, 15, 6, 16, 7, 17, 4, 14], [33, 8, 10, 4, 7, 12, 22, 30, 17, 23, 28, 34, 27, 1]]
[[0, 34, 6, 38, 12, 28, 39, 42, 27, 16, 9, 21, 1, 11, 7, 32, 24, 5], [5, 1, 9, 3, 10, 2, 0, 8], [10, 6, 18, 2, 13, 9, 0, 7, 19, 8, 20, 5], [2, 21, 9, 18, 4, 14, 12, 10, 19, 11, 8, 17, 3, 22], [3, 6, 8, 7, 5, 4], [3, 7, 16, 19, 14, 21, 0, 10, 9, 8, 20, 1], [2, 10, 5, 12, 4, 11, 3, 9], [3, 5, 10, 17, 9, 19, 22, 7], [19, 1, 8, 9, 16, 4, 20, 2, 10, 3, 0, 7], [9, 13, 7, 11, 15, 19, 22, 4, 20, 18, 0, 14], [3, 0, 2, 1], [7, 3, 11, 19, 22, 4, 9, 8, 0, 12, 5, 13], [7, 14, 3, 4, 16, 24, 21, 15, 2, 1, 6, 8]]
[[14, 5, 7, 11, 8, 4, 0, 6], [10, 7, 12, 5, 13, 1], [9, 0, 1, 13, 2, 8], [7, 9, 11, 14, 15, 1], [7, 8], [10, 17, 12, 18, 7, 2, 3, 14], [12, 19, 4, 1, 6, 14, 7, 5, 17, 18, 20, 15, 21], [12, 8, 0, 1, 4, 9, 15, 11], [9, 22, 17, 6, 19, 31, 0, 24, 11, 26, 20, 35, 32, 7, 36, 25], [8, 2, 5, 15, 20, 3, 18, 21, 16, 6], [7, 2, 1, 5], [14, 20, 7, 2, 3, 12, 17, 19], [10, 1, 3, 7, 4, 8], [8, 5, 11, 3, 12, 0], [20, 23, 25, 10, 17, 15, 18, 28], [2, 1], [6, 0, 10, 16, 20, 3, 15, 9, 2, 12]]
[[19, 3, 5, 11], [13, 1, 5, 4, 8, 14], [10, 1, 8, 3], [14, 4, 1, 5, 11, 3, 10, 6, 12, 2], [0, 8, 15, 10, 17, 2], [6, 15, 14, 0, 10, 11], [6, 11, 28, 17, 19, 0, 16, 4, 10, 8], [1, 23, 12, 7, 14, 19, 20, 3, 13, 5]]
[[7, 17, 3, 12, 9, 15, 4, 18, 1, 13], [11, 3, 5, 1, 2, 7, 15, 18], [18, 5, 15, 2, 7, 11, 10, 1, 6, 14], [4, 7, 9, 12, 11, 0], [4, 1, 0, 3], [3, 11, 1, 6, 12, 0], [5, 1, 2, 3], [2, 3, 5, 0], [4, 18, 0, 10, 1, 6, 13, 3, 11, 12, 9, 5], [5, 17, 9, 7, 10, 14]]
[[5, 24, 38, 11, 31, 32, 10, 1, 13, 14, 25, 19, 39, 12, 9, 6, 2, 16, 26, 33], [3, 1, 5, 6], [8, 22, 3, 18, 0, 15, 23, 9, 26, 20, 16, 24, 30, 4], [5, 21, 2, 18, 15, 4, 11, 0, 7, 14], [18, 31, 35, 5, 0, 23, 1, 16, 27, 15, 21, 6, 36, 14, 9, 38, 4, 26, 32, 34], [0, 3, 16, 9, 13, 1, 4, 17], [12, 16, 2, 6, 14, 0, 1, 9, 13, 17], [4, 9, 30, 0, 10, 16, 27, 1, 14, 24, 3, 13, 20, 6]]
[[4, 11, 8, 1, 9, 0], [4, 15, 7, 9, 12, 10, 8, 16, 0], [8, 4, 9, 0], [3, 11, 1, 10, 6, 0], [0, 22, 25, 4, 9, 13, 17, 14, 20, 1, 23, 27, 29, 2], [15, 2, 8, 3, 1, 0, 4, 5, 7, 16], [16, 4, 17, 19, 25, 21, 1, 9], [22, 5, 11, 17, 6, 15, 14, 1, 9, 10], [6, 33, 11, 1, 13, 3, 18, 19, 26, 4, 15, 14, 2, 10, 0, 12, 7, 35, 8, 20]]
[[2, 12, 24, 7, 4, 18, 21, 8, 20, 17, 13, 3, 14, 10], [19, 31, 3, 11, 22, 26, 0, 23, 7, 2, 20, 10, 1, 8, 15, 24], [2, 7, 6, 5, 0, 3], [11, 32, 5, 17, 1, 6, 9, 14, 20, 23, 7, 12, 21, 19, 26, 0, 18, 27, 33, 34], [11, 8, 13, 5, 1, 7], [22, 1, 15, 8, 6, 2, 16, 5, 0, 14], [11, 12, 14, 6], [18, 0, 21, 10, 4, 19, 6, 3, 17, 12], [23, 0, 17, 19, 13, 3, 2, 20]]
[[4, 11], [9, 26, 2, 5, 12, 23, 20, 6, 16, 0, 19, 15, 10, 3], [1, 18, 4, 9, 15, 20, 7, 10, 16, 21, 6, 5, 2, 11], [8, 13, 10, 15, 1, 3, 0, 14], [28, 10, 0, 25, 1, 5, 11, 4, 15, 30, 13, 14, 32, 33, 9, 6], [8, 18, 6, 0, 12, 7, 22, 15], [10, 1, 6, 9], [5, 15, 10, 1, 3, 11, 0, 6, 23, 16, 8, 18], [34, 41, 9, 21, 13, 16, 32, 1, 4, 14, 24, 27, 39, 0, 12, 37, 22, 23], [11, 16, 18, 8, 20, 1, 6, 4, 7, 19], [6, 9, 26, 11, 0, 13, 23, 20, 5, 16, 19, 7]]
[[1, 6, 11, 7, 2, 0, 3, 10, 12], [15, 14, 17, 20, 0, 21, 16, 9, 18, 8], [7, 13, 15, 3], [3, 12], [9, 4, 3, 2, 1, 0, 6, 10], [2, 6, 5, 4, 0], [15, 5, 2, 7, 12, 18, 0, 3, 8, 13, 19, 6, 16], [19, 28, 26, 36, 13, 0, 9, 17, 22, 32, 24, 29, 33, 38, 37, 4, 27, 11, 12, 6], [7, 15, 17, 8, 12, 11, 3, 0], [10, 14, 2, 7, 17, 20, 0, 8, 18, 24, 23, 3, 4, 11, 5, 12, 15, 25, 26]]
[[10, 14, 5, 11, 15, 4], [5, 9, 12, 15, 18, 3, 19, 2, 14, 6, 13, 4, 16], [22, 28, 35, 14, 9, 24, 31, 19, 30, 15, 20, 4], [0, 22, 7, 6, 9, 13, 17, 11, 1, 8, 5, 2, 3], [10, 9, 0, 6, 1, 4], [8, 2, 15, 0, 10, 18, 4, 13, 14, 7, 9, 17], [14, 25, 9, 0, 20, 23, 27, 21, 12, 1, 5, 26, 28, 15, 19, 8], [29, 17, 14, 19, 5, 10, 22, 11, 26, 20], [6, 30, 13, 0, 2, 16, 18, 23, 33, 7, 14, 8, 12, 25, 3, 9, 10, 22], [6, 18, 14, 13, 5, 4, 0, 7, 19, 10]]
[[20, 33, 16, 18, 28, 7, 22, 30, 5, 23, 4, 17, 29, 8, 27, 15, 0, 9], [18, 1, 4, 9, 12, 19, 3, 2, 11, 0, 5], [0, 9, 10, 11, 5, 13, 16, 19, 2, 14], [32, 14, 3, 25, 0, 20, 18, 6, 16, 28, 10, 19], [16, 18, 2, 11, 5, 0, 19, 7, 9, 17], [10, 4, 0, 5, 1, 6, 7, 11], [8, 0, 3, 10, 16, 5, 6, 4], [14, 2, 10, 9, 0, 3], [7, 5], [8, 17, 12, 4, 9, 0, 18, 15, 7, 19], [18, 13, 0, 4, 7, 22, 2, 14, 6, 1, 5, 12]]
[[2, 14, 26, 9, 6, 23, 3, 7, 20, 10, 19, 15, 16, 13, 4, 11], [15, 3, 9, 12, 7, 10], [12, 7, 9, 16, 4, 14, 10, 1, 3, 0], [7, 0, 2, 12, 14, 15, 3, 13, 17, 1], [8, 29, 34, 0, 2, 15, 22, 12, 32, 9, 30, 3, 23, 17, 4, 25, 1, 21], [15, 22, 9, 10, 19, 24, 32, 5], [9, 1, 13, 15]]
[[3, 21, 5, 11, 15, 12], [6, 8, 11, 2, 7, 3, 12], [3, 31, 12, 19, 25, 17, 23, 26, 4, 32, 13, 2, 30, 5, 20, 7, 33, 0], [9, 0, 7, 2, 8, 11, 24, 33, 30, 3], [17, 24, 1, 7, 11, 28, 2, 20, 15, 16, 8, 0, 19, 25], [16, 15, 0, 8, 1, 4, 17, 9], [15, 9, 11, 13, 17, 6, 1, 2, 5, 0], [10, 14, 7, 9], [27, 32, 2, 0, 22, 4, 10, 17, 30, 18, 3, 9, 23, 14, 8, 21]]
[[7, 5, 11, 14, 3, 9, 15, 2], [2, 6, 10, 0, 7, 11, 5, 9], [21, 3, 11, 13, 0, 14, 6, 2, 1, 9, 17, 22], [0, 29, 41, 6, 30, 38, 5, 12, 26, 44, 20, 27, 45, 37, 1, 22], [14, 7, 15, 18, 22, 5, 20, 24, 8, 10, 19, 16, 17], [18, 7, 19, 12, 15, 22, 26, 27, 5, 16, 24, 28, 8, 11, 10, 23, 20, 13], [20, 4, 14, 26, 3, 25, 16, 31, 35, 37, 40, 33, 38, 41, 10, 5, 15, 27, 7, 29], [8, 0, 2, 4, 11, 21, 25, 28, 5, 22, 3, 17, 20, 1], [17, 1, 7, 9, 13, 4], [17, 28, 8, 4, 10, 19, 23, 1, 15, 24, 9, 0]]
[[16, 5, 10, 3, 2, 6, 9, 8, 7, 11], [13, 2, 1, 19, 4, 7, 28, 5, 10, 27, 20, 3, 25, 18], [10, 6, 5, 3, 2, 11, 7, 4], [7, 3, 12, 14, 4, 13, 2, 11], [7, 11, 14, 18, 12, 6, 4, 5, 15, 2], [13, 16, 7, 11, 17, 1, 10, 4, 9, 8], [11, 18, 15, 6, 2, 16, 3, 5], [10, 13, 6, 7, 14, 1, 2, 5], [27, 8, 13, 5, 11, 21, 20, 4, 10, 9, 0, 14, 15, 16], [10, 28, 13, 15, 1, 11, 6, 20, 25, 36, 7, 37, 3, 2, 35, 31, 14, 24], [8, 1, 12, 10], [23, 5, 0, 16, 21, 1, 12, 14, 6, 9, 11, 4]]
[[9, 5, 11, 4, 0, 6], [10, 22, 36, 2, 8, 12, 37, 1, 6, 0, 7, 25, 32, 11, 23, 28], [10, 15, 13, 2, 7, 17, 1, 6, 14, 0], [13, 10, 1, 5], [9, 12, 22, 3, 16, 1, 0, 13, 15, 17, 23], [16, 5, 20, 9], [8, 10, 1, 0, 4, 9, 5, 11], [5, 12, 21, 28, 16, 25, 23, 18, 0, 13, 22, 29, 19, 15, 14, 10], [12, 0, 9, 2, 10, 4, 1, 3], [20, 11, 17, 7, 18, 0, 6, 12, 13, 5, 10, 1], [12, 14, 8, 9, 4, 5], [7, 1], [0, 12], [2, 1], [14, 16, 9, 25, 5, 0, 24, 17, 1, 8]]
[[0, 5, 9, 6, 1, 10], [17, 24, 3, 9, 14, 20, 4, 7, 10, 12, 15, 21, 25, 6], [14, 17, 3, 9, 5, 15, 4, 2, 0, 1], [7, 17, 3, 6, 9, 12], [7, 3, 4, 8, 13, 6], [8, 14, 22, 1, 15, 4, 20, 10], [11, 18, 1, 12, 3, 7, 4, 8, 2, 13]]
[[5, 8, 12, 10, 9, 13, 6], [15, 23, 36, 49, 26, 42, 6, 19, 44, 45, 55, 11, 31, 8], [7, 12, 14, 3, 4, 10, 11, 2, 15], [6, 2, 3, 13], [11, 4, 2, 5, 3, 12], [14, 7, 18, 3, 16, 9, 2, 8, 6, 15], [1, 5, 18, 7, 13, 15, 8, 14, 12, 6, 4], [1, 4, 5, 2, 6], [4, 17, 28, 10, 21, 5, 11, 9, 8, 0, 1, 6, 7, 18, 29], [6, 26, 0, 7, 18, 22, 10, 19, 23, 5, 9, 17, 8, 13], [11, 1, 6, 4, 2, 3]]
[[14, 3, 6, 11, 8, 12, 1, 7], [6, 19, 2, 7, 4, 11, 10, 3, 8, 15, 17, 0], [7, 2, 9, 4, 11, 13, 0, 15], [10, 0, 3, 20, 1, 18, 21, 8, 4, 14, 17, 24], [13, 31, 1, 17, 26, 10, 11, 23, 28, 33, 37, 36, 22, 3, 27, 18, 2, 4, 5, 0], [17, 26, 22, 27, 0, 12, 1, 14, 23, 25, 5, 7]]
[[0, 5, 7, 10, 8, 11, 1, 4], [18, 12, 20, 0, 10, 3, 9, 16, 2, 8, 15, 1, 5, 13], [9, 6, 4, 7, 12, 10, 13, 5, 11, 8], [12, 14, 5, 4, 9, 3, 8, 6], [8, 20, 12, 22, 6, 23, 21, 5, 3, 4, 0, 11], [8, 13, 6, 16, 17, 14, 3, 2, 5], [14, 8, 12, 11, 1, 7, 4, 0], [9, 1, 6, 16, 14, 2, 15, 8, 5], [10, 0, 1, 4, 2, 5, 8, 11]]
[[0, 5, 3, 1], [0, 6, 10, 5, 3, 13, 9], [2, 5, 0, 7], [], [5, 9, 2, 6, 1, 0], [2, 5, 0, 3], [1, 2], [], [5, 2, 6, 4, 3], [12, 2, 4, 8, 17, 19, 6, 9, 15, 20, 14, 1], [21, 31, 1, 11, 26, 16, 6, 15, 27, 19, 34, 12, 5, 14, 29, 10, 25, 33], [17, 28, 21, 8, 12, 1, 26, 0, 22, 24, 29, 9, 2, 7, 18, 30], [4, 29, 23, 18, 20, 1, 9, 0, 24, 26, 30, 27, 28, 11, 7, 13], [5, 12, 9, 0, 6, 1, 8, 13], [4, 7, 1, 13, 21, 0, 8, 12, 11, 20], [7, 1, 3, 5], [0, 15, 7, 1, 4, 8, 13, 5], [0, 10, 27, 17, 5, 14, 19, 22, 11, 20, 1, 13, 18, 15], [13, 3, 0, 4, 7, 14, 8, 15, 12, 11]]
[[5, 7, 4, 1, 10, 2, 8, 6], [14, 20, 0, 9, 3, 8, 15, 19, 2, 7, 13, 1], [2, 7, 12, 21, 5, 22, 4, 17, 18, 3, 16, 9], [11, 14, 25, 4, 21, 17, 2, 6], [5, 3, 7, 12, 8, 4, 11, 2], [6, 4, 10, 3, 9, 2, 8, 7, 11, 12], [10, 11, 16, 4, 18, 19, 5, 13, 17, 3, 12, 0], [15, 11, 21, 9, 8, 16, 20, 7, 14, 0, 1, 2, 22], [14, 5, 12, 11, 4, 0], [12, 16, 0, 10, 1, 4, 20, 17]]
[[15, 7, 10, 13, 5, 8, 11, 20], [13, 3, 11, 12], [24, 8, 4, 10, 19, 26, 0, 20, 27, 12, 9, 18], [7, 9, 13, 5, 10, 14], [16, 12, 6, 8, 3, 11], [9, 18, 17, 12, 14, 1], [19, 10, 13, 16, 1, 14, 0, 3, 11, 5]]
[[19, 2, 4, 1, 7, 11, 5, 3, 20, 10, 21], [5, 2, 7, 0], [26, 28, 4, 1, 6, 11, 29, 0, 30, 5, 20, 32, 9, 13, 2, 24, 18], [1, 8, 18, 21, 14, 25, 11, 5, 22, 4, 26, 15, 16, 24, 12, 0], [1, 9, 19, 7, 5, 11, 18, 4, 20, 17, 21, 10], [10, 5, 4, 2, 6, 9, 7], [7, 14, 10, 3, 2, 12, 11], [10, 0, 4, 16, 21, 3, 15, 20], [0, 5, 3, 9], [14, 2, 25, 4, 27, 9, 30, 23, 31, 5, 28, 19]]
[[1, 3, 7, 20, 6, 4], [17, 5, 1, 3, 6, 11, 18, 10, 2, 0, 7, 8], [10, 0, 7, 11, 1, 5, 6, 3], [13, 25, 1, 3, 22, 6, 17, 14, 28, 4, 23, 27, 2, 21, 26, 18], [7, 2, 0, 3], [16, 0, 13, 6, 9, 26, 28, 3], [6, 1], [12, 5, 0, 1, 16, 6, 9, 14, 17, 19, 18], [12, 7], [1, 3, 19, 4]]
[[0, 5], [17, 11, 13, 0, 9, 14, 3, 8, 18, 2], [3, 9, 5, 7, 4, 11], [12, 3, 9, 6, 15, 13, 17, 4, 10, 8, 2], [4, 6, 8, 5, 13, 9], [12, 9, 3, 4, 6, 10, 7], [13, 4, 0, 6, 8, 5, 3, 1], [13, 5, 10, 14, 18, 12, 17, 4, 9, 3, 0, 6], [5, 1, 2, 0], [20, 0, 2, 5, 17, 14, 3, 10, 4, 13], [11, 1, 8, 6]]
[[5, 4, 0, 6], [5, 26, 39, 9, 17, 1, 11, 14, 19, 28, 2, 24, 29, 32, 10, 18, 23, 36, 6, 7, 15, 40, 35, 30], [27, 3, 21, 23, 26, 29, 0, 10, 14, 18, 24, 30, 6, 17, 7, 9], [8, 1, 13, 3, 6, 2, 5, 15], [0, 11, 22, 5, 7, 8, 1, 16, 12, 13, 2], [9, 20, 5, 6, 16, 7, 11, 14, 10, 17, 0, 15, 18, 21], [1, 6, 2, 5], [10, 26, 2, 13, 1, 12, 4, 5], [9, 10, 2, 15, 12, 3, 8], [8, 2, 1, 4, 6, 10], [5, 1, 2], [6, 9, 21, 3, 11, 2, 10, 13, 14, 19], [9, 15, 21, 5, 19, 23, 0, 12, 3, 4, 1, 18], [8, 12, 28, 4, 14, 23, 25, 22, 29, 1, 21, 2, 24, 0, 5, 9]]
[[5, 9, 4, 8, 0, 6], [14, 21, 5, 10, 18, 23, 7, 11, 9, 4, 0, 15], [11, 6, 16, 0, 9, 1, 4, 14], [8, 4, 0, 5, 9, 2], [11, 15, 1, 8, 6, 16, 2, 5], [13, 1, 5, 2, 0, 3, 8], [16, 13, 2, 5, 0, 12, 9, 6, 14, 3], [9, 1, 6, 14]]
[[5, 9], [20, 16, 18, 24, 5, 14, 4, 10, 17, 9, 21, 22], [13, 3, 7, 10, 12, 1], [17, 4, 15, 19, 22, 12, 20, 23, 7, 18], [22, 12, 14, 7, 4, 8, 19, 29, 15, 28, 1, 27, 18, 0, 13, 23], [8, 25, 33, 19, 26, 3, 13, 35, 22, 29, 6, 21], [7, 2, 8, 12, 1, 4], [23, 13, 1, 7], [44, 36, 0, 1, 4, 6, 13, 16, 20, 26, 31, 33, 46, 2, 27, 41, 12, 37, 15, 40, 9, 11, 35, 17]]
[[8, 12, 5, 16, 19, 17, 1, 15, 14, 4, 0, 11], [9, 28, 48, 34, 15, 11, 40, 43, 3, 12, 20, 38, 6, 23, 19, 2, 35, 8, 37, 10, 33, 0, 4, 29, 42], [8, 0, 19, 3, 10, 13, 22, 28, 5, 11, 4, 17], [8, 2, 12, 0, 4, 10, 15, 3, 16, 9], [18, 26, 5, 0, 15, 1, 10, 24, 22, 7, 23, 4, 8, 12], [8, 26, 18, 22, 28, 14, 20, 19, 24, 1, 12, 5, 13, 0, 27, 29, 11, 32], [13, 9, 17, 6, 10, 15, 8, 18], [8, 24, 0, 9, 5, 21, 18, 7, 11, 14, 17, 10]]
[[3, 12, 8, 1, 5, 15, 6, 9, 10, 13], [0, 34, 9, 8, 25, 11, 13, 23, 30, 26, 1, 10, 2, 12, 7, 28], [7, 1, 3, 10, 11, 8, 4, 5], [14, 4, 9, 5, 7, 6, 10, 0], [3, 1, 8, 5, 6, 9, 7], [11, 6, 4, 8, 7, 10], [4, 6, 8, 1, 2, 3], [10, 22, 4, 8, 20, 2, 6, 16, 5, 19, 18, 11, 12, 13, 23], [38, 47, 17, 9, 11, 22, 28, 35, 5, 12, 20, 26, 31, 39, 18, 4, 25, 3, 19, 10, 0, 40, 34, 6, 15, 48], [2, 0, 29, 4, 9, 11, 25, 12, 26, 3, 19, 24, 10, 18, 1, 5]]
[[13, 3, 23, 10, 15, 20, 25, 4, 21, 1, 18, 7, 0, 6], [7, 11, 24, 1, 5, 19, 29, 3, 28, 2, 26, 17, 12, 27], [4, 13, 14, 24, 8, 10, 26, 5, 1, 15, 19, 25, 2, 0], [15, 26, 9, 20, 11, 22, 5, 17, 6, 12, 23, 1]]
[[10, 5, 4, 0, 6, 2], [10, 3], [5, 19, 13, 15, 6, 11, 16, 8, 20, 10], [0, 14, 24, 28, 16, 5, 8, 31, 12, 17, 20, 32, 34, 11, 1, 6, 4, 7, 2, 25], [17, 23, 0, 5, 8, 12, 3, 11], [9, 15, 33, 3, 17, 35, 11, 20, 7, 21, 31, 37, 36, 0, 30, 4, 6, 16, 29, 34, 18, 1], [7, 21, 24, 13, 29, 30, 4, 15, 18, 2, 8, 16, 22, 25, 14, 31], [16, 20, 31, 25, 12, 22, 8, 33, 37, 6, 9, 29, 0, 14, 4, 21], [5, 0, 7, 1, 6, 14], [7, 10, 14, 2, 17, 4], [6, 0, 14, 20, 3, 2, 13, 1, 9, 15]]
[[0, 7, 5, 9, 10, 1], [16, 25, 9, 21, 22, 29, 0, 12, 26, 30], [12, 5, 8, 13, 18, 4, 17, 3, 0, 6], [23, 7, 11, 20, 5, 9, 12, 21, 18, 4, 14, 17], [27, 6, 17, 21, 4, 11, 18, 22, 25, 3], [9, 18, 25, 30, 11, 15, 27, 4, 12, 16, 28, 0, 10, 23], [11, 7, 5, 8, 1, 4, 0, 9], [10, 1, 17, 6, 12, 2, 18, 5, 16, 11, 8, 7]]
[[7, 8, 12, 18, 22, 25, 10, 13, 19, 9], [19, 6, 3, 5, 20, 8, 12, 15, 25, 31, 34, 9, 16, 23, 26, 32, 35, 7, 0, 21], [17, 1, 6, 14, 4, 7, 15, 3, 2, 0], [8, 12, 5, 11, 14, 6], [15, 1, 12, 6, 10, 13], [11, 0, 7, 21, 8, 19, 22, 17, 2, 1]]
[[18, 3, 8, 15, 2, 7, 14, 19, 21, 6, 13, 17, 4, 9], [9, 16, 1, 18], [16, 8, 1, 4, 12, 10, 13, 17, 9, 5], [15, 2, 17, 7, 11, 0, 4, 20, 19, 3], [8, 5, 16, 6, 14, 20, 19, 13, 1, 4], [15, 23, 32, 5, 20, 11, 17, 25, 9, 18, 29, 28, 1, 7], [0, 10, 14, 16, 2, 8, 15, 3]]
