0.8300055265426636
0.8264962666564517
0.47748580204788593
0.4457829289105056
0.7544794001150876
0.6601890792900865
0.6437700925550113
0.625684859813191
0.6893418803811073
0.6024503953754902
0.7534340068038242
0.5214189851604816
0.7228876664303243
0.6359983415808529
0.4711232124439751
0.3986911054623003
0.8055414858002526
0.7894955463707447
0.004435535209874312
0.6221127271652221
0.8013413555599982
0.6473382981028408
0.6214800467132591
0.6793969290124046
0.7144443076103926
0.793766745676597
0.8074627620252696
0.19457339935858423
0.7334386301614965
0.5854501738878233
0.7905850075185299
0.5449001934146509
0.6976041501205016
0.6936325176308552
0.30959829135628586
0.011982443928718566
0.650992866543432
0.6159102863748558
0.7437508786097169
0.6889180243015289
0.7819290521022465
0.6017663698377353
0.8155963076278567
0.5154730602031729
0.6957064407284964
0.5609296611044556
0.026885835187775747
0.4995250126812607
0.7824599295854568
0.5990278047742322
0.0021955298466814887
0.5124560969748667
0.8561035345774144
0.8361103385686874
0.7970528540068439
0.7998592384498228
0.6429346377761769
0.83305557568868
0.7813025061041117
0.7376297394434611
0.8203907012939453
0.5555503755807877
0.8284264132380486
0.09083492557207744
0.8821937697274345
0.8122079900719903
0.6889923625729151
0.565981956099027
0.11015308857895434
0.43065863170195373
0.6729733355343341
0.7187082030771611
0.8819485604763031
0.8499023736669467
0.6378685368055647
0.6562253926984138
0.8432203121483326
0.6814754369358221
0.8148791392616529
0.46405457095666364
0.6189347377845219
0.5764792861882597
0.7989418605963389
0.47152230312349275
0.6594844344072044
0.8585631563134181
0.8125421025536277
0.5197386175568681
0.07357056032527577
0.6522171477554366
0.6123238861222159
0.09751377701759338
0.5995372053390989
0.6629393314942718
0.5821059985189803
0.07805290818214417
0.46041594279397813
0.5243190752173011
0.619305496715242
0.8029383718967438
0.53342609340325
0.6083763554713435
0.4297623386503094
0.5447822764050215
0.9699737310409546
0.6324022363617339
0.8253015897103718
0.1193520724773407
0.7733547588189443
0.6322011014239656
0.43023145271775626
0.5290335484526374
0.7829963642482957
0.5999974732597669
0.7171706450836999
0.37627417847397737
0.7042939191063246
0.7079517759072284
0.5885547820944339
0.7647806812937443
0.4405456397216767
0.8126034010201693
0.7724604308605194
0.6984221290622372
0.6733821885136422
0.629223710585696
0.825680454515598
0.5563598051201553
0.7966495900570104
0.6717643216252327
0.8138058382319286
0.6877359935185976
0.7767209523396256
0.5905840376314396
0.6872957676649094
0.12170980870723724
0.6778574306517839
0.8382911495864391
0.650879758857907
0.731862929649651
0.5918749451637269
0.7838609218597412
0.0644222378730774
0.9905250072479248
0.5514575298293494
0.7647896576672792
0.7739120966621807
0.46172466486071545
0.7187559966530118
0.6828461534654101
0.7111138427031359
0.4548312458727095
0.6971617195522413
0.7081376769347116
0.8958372175693512
0.45529882312537384
0.5268732226187629
0.710358583368361
0.11774812638759613
0.8157862850597927
0.9380422433217367
0.7813688752163822
0.6958463741466403
0.6517138990827582
0.6914169180851716
0.7499315891524448
0.5476248722989112
0.5998335395473987
0.8036447619087994
0.8344302111201816
0.5919534497790866
0.46765751052986493
0.41370472954586146
0.6027332685887814
0.7901153618639166
0.40057489139560076
0.8453004038892686
0.6670370414853096
0.5703716912927727
0.04355788230895996
0.7457059472799301
0.7413987534290011
0.6754314738015333
0.8575520449214511
0.6628085044947895
0.6043087447527796
0.840288690158299
0.7771902039647103
0.6435938075184822
0.6005188474135305
0.5978024400870449
0.3363829284062376
0.41567330378004247
0.5766701608081348
0.5243435379350558
0.9200792014598846
0.6368892363441939
0.7720775082707405
0.7204542011022568
0.3353004708021347
