-1.0486842393875122
-1.0884114503860474
-1.4844168424606323
-1.0504167079925537
-1.1615395545959473
-1.0749518871307373
-1.2030318975448608
-1.1786290407180786
-1.2829251289367676
-1.231278419494629
-1.2487976551055908
-1.1851557493209839
-1.2631386518478394
-1.3210994005203247
-1.2764902114868164
-1.2423242330551147
-1.36198890209198
-1.0197244882583618
-1.078587532043457
-1.145490050315857
-1.2886778116226196
-0.9426695704460144
-1.1138402223587036
-0.9576427936553955
-1.0661228895187378
-0.9831584095954895
-1.2139707803726196
-1.2669947147369385
-1.1942940950393677
-0.9739810824394226
-1.2518281936645508
-1.1700823307037354
-1.3720266819000244
-1.2901023626327515
-1.2048131227493286
-1.3806108236312866
-1.3763664960861206
-1.165819525718689
-1.2161041498184204
-1.2111561298370361
-1.2231485843658447
-1.1905814409255981
-1.0574710369110107
-1.221679449081421
-1.0862247943878174
-1.1059492826461792
-1.2958767414093018
-1.147087574005127
-1.3153436183929443
-1.0342590808868408
-1.5414350032806396
-1.2074142694473267
-1.2045427560806274
-1.111366629600525
-1.2034754753112793
-1.222798466682434
-1.0878410339355469
-1.060615062713623
-1.2037417888641357
-1.0246245861053467
-1.2179561853408813
-1.2008728981018066
-1.3364263772964478
-1.4006006717681885
-1.4531528949737549
-0.9541747570037842
-1.181878685951233
-1.0245139598846436
-1.3728618621826172
-1.0488375425338745
-1.1470879316329956
-1.4743112325668335
-1.2413250207901
-1.0683610439300537
-0.9873702526092529
-1.1007370948791504
-1.313594937324524
-1.0510162115097046
-1.2097594738006592
-1.186867356300354
-1.341713547706604
-1.1185367107391357
-1.1777806282043457
-1.1803364753723145
-1.3779385089874268
-1.0562905073165894
-1.2579023838043213
-1.0840401649475098
-1.3940012454986572
-1.1300783157348633
-1.45280122756958
-0.9824408888816833
-1.285197138786316
-1.268570065498352
-1.1753690242767334
-1.1757354736328125
-1.1531802415847778
-1.2944668531417847
-1.3019462823867798
-1.093465805053711
-1.1757842302322388
-1.1281496286392212
-1.3261221647262573
-1.096697211265564
-0.9423269033432007
-1.5586985349655151
-1.1984214782714844
-1.1750376224517822
-1.1011885404586792
-0.9912642240524292
-1.3660163879394531
-0.9523468613624573
-1.2205357551574707
-1.1246670484542847
-1.4557536840438843
-1.202758550643921
-1.30054771900177
-1.1248127222061157
-1.085073709487915
-1.0770915746688843
-1.2886462211608887
-1.0703836679458618
-1.136596918106079
-1.1284596920013428
-1.1543567180633545
-1.303375005722046
-1.0591052770614624
-1.1734421253204346
-1.1965912580490112
-1.102969765663147
-1.0381063222885132
-1.038352370262146
-1.1995587348937988
-0.8384024500846863
-1.3078200817108154
-1.1251014471054077
-1.301953673362732
-1.0927163362503052
-1.3149625062942505
-1.0066646337509155
-1.4170498847961426
-1.2472037076950073
-1.1633561849594116
-0.796711802482605
-1.2069743871688843
-0.9230722784996033
-1.2316091060638428
-1.2479159832000732
-1.0867419242858887
-1.1373859643936157
-1.0615934133529663
-1.045554280281067
-1.2599879503250122
-1.2558094263076782
-1.0542218685150146
-1.083180546760559
-1.0653541088104248
-1.032211184501648
-1.1371605396270752
-0.8409125804901123
-1.0904446840286255
-1.3707464933395386
-1.2451688051223755
-1.0498253107070923
-1.4106976985931396
-1.0068449974060059
-1.4321213960647583
-1.3248355388641357
-1.2138313055038452
-1.093214988708496
-1.3448418378829956
-1.2404863834381104
-1.4607257843017578
-1.1563023328781128
-1.0691362619400024
-1.3397678136825562
-1.6016740798950195
-1.1849085092544556
-1.1062719821929932
-1.1650222539901733
-1.4479600191116333
-1.1021101474761963
-1.313236117362976
-0.9382601976394653
-1.4765496253967285
-1.1521936655044556
-1.1805176734924316
-1.401297926902771
-1.198485255241394
-1.111129641532898
-1.2234599590301514
-1.244868516921997
-1.167803406715393
-0.9582175016403198
-1.1299548149108887
-0.9396916627883911
-1.2663391828536987
-1.1245239973068237
-1.5800566673278809
-1.1474430561065674
