0.9921612069010735
0.9942647417386373
0.8368827692931518
0.9939623049327305
0.9806483685970306
0.9184224944223057
0.7133387071468557
0.9943388849496841
0.9070483396450678
0.7982381938025356
0.9646497070789337
0.9939804938104417
0.9917074292898178
0.8568769991397858
0.9487533966700236
0.9603655536969503
0.8880201280117035
0.9276173636317253
0.9775176277527442
0.9486948370933532
0.8669303429924184
0.9944368124008178
0.8783861491829157
0.8534278753730986
0.9922279953956604
0.9944986005624136
0.8417135463731195
0.8615753551324209
0.9552179127931595
0.8437076067618493
0.9931107237935066
0.9942320346832275
0.9038834284458842
0.9909762889146805
0.9012695150449872
0.9709532956282297
0.8268500453482072
0.9936548173427582
0.7770230080932379
0.9942170551845005
0.9766699416296822
0.9923950263432094
0.9644523039460182
0.8419486262525121
0.9081085588444363
0.9689189672470093
0.978038374866758
0.9259234332557147
0.9932941570878029
0.9483671486377716
0.8573389291763306
0.7693246815885816
0.9935897638400396
0.8529222855965296
0.9603857823780605
0.9186063774607398
0.9902068461690631
0.9923602243264517
0.7970000617206097
0.9299469192822775
0.9938445389270782
0.99453204870224
0.924921757231156
0.89801595892225
0.9702736394745963
0.9211611625823107
0.7721022143959999
0.9889039993286133
0.9901409645875295
0.9437870234251022
0.845832222700119
0.8492874577641487
0.9469632109006246
0.9908146032920251
0.9467612884261392
0.9927827384736803
0.9893986135721207
0.8148144086201986
0.9709176123142242
0.9672997864809904
0.8768094458750316
0.9715431034564972
0.9858292407459683
0.8868878558278084
0.9826992750167847
0.8819436760030739
0.9824439503929832
0.8884240817278624
0.9773536672194799
0.9926209822297096
0.9936679926785555
0.09907057881355286
0.8157826459242238
0.9901626408100128
0.986540781127082
0.8090732544660568
0.9917159080505371
0.8962120867588304
0.8418959972914308
0.9334542378783226
0.9929529428482056
0.9042735116725619
0.7502076968343722
0.10561948352389866
0.9943461775779724
0.9085849130695517
0.9832333666937692
0.9937501483493381
0.9833298027515411
0.9832417766253153
0.7648818640348812
0.8232754963365468
0.9915872911612192
0.9114224986794094
0.9914847867829459
0.87041130149737
0.8596602343022823
0.9936399526066251
0.9152940735220909
0.9041370611924392
0.8929548617452383
0.9944957345724106
0.9928789801067777
0.9943989366292953
0.8759893486276269
0.9867337743441263
0.9349576939236034
0.9348516076803207
0.9926376541455587
0.9063469138410356
0.9915633350610733
0.9023630503151152
0.9886502325534821
0.8771950900554657
0.898074359446764
0.9929433332549201
0.8885726928710938
0.9782078699632124
0.9464032695843623
0.9379478461212583
0.9941317319869996
0.9424381085804531
0.9455107992345636
0.994467386177608
0.8764519095420837
0.9134001545608044
0.9935694422040667
0.9935436447461446
0.7794137660946164
0.8841299215952555
0.9939243112291608
0.8924657420979606
0.8903652001172304
0.9587300164358956
0.9942381637437003
0.97600584763747
0.6216143631276542
0.8913712969848088
0.9762383235825433
0.994313623223986
0.9867059588432312
0.9247751931349436
0.9822361022233963
0.9252320744774558
0.9545059616749103
0.9918364847407621
0.7958016395568848
0.9873457729816437
0.8719610013067722
0.9944481717215644
0.8908963335884942
0.9704024412415244
0.9696111261844635
0.8972252380102873
0.9746549346230247
0.9266225099563599
0.9539140462875366
0.9005609273910522
0.9507497251033783
0.960977570215861
0.9926486015319824
0.994269999590787
0.8649327432115873
0.9942364162868924
0.8636955356127337
0.9133116722106933
0.9935185142925808
0.8839433461427688
0.981847208738327
0.9041467981243675
0.7950538104133946
0.9944307878613472
0.9557705322901408
0.8346477025916101
0.9938691079616546
0.9383298307657242
0.8907200206409801
0.9184454269707203
0.9929583370685577
0.9795868141310555
