0.9283569157123566
0.8862175155017111
0.7532064307015389
0.9907564435686383
0.9655099511146545
0.8755944181572307
0.7364739111702269
0.8200469685252756
0.8806394785642624
0.7973393438383937
0.8863372866956828
0.9742015600204468
0.9870241954922676
0.8237319231033325
0.9446026086807251
0.7836095243692398
0.7558097656777439
0.9293813332915306
0.9173196161595675
0.7565494507551194
0.8526095928536961
0.9274259686470032
0.7922373227775097
0.832023368941413
0.7449692673049867
0.854422445098559
0.8462593860458583
0.859512080748876
0.8786955056712031
0.7076591973059944
0.9906592667102814
0.9250138133764267
0.8616848806185382
0.9695734431346258
0.8112549043091183
0.7748900279402733
0.8318624024589857
0.9712779025236765
0.9033182822167873
0.9364201085908073
0.9890799607549395
0.98243761914117
0.8804593794047832
0.7784746515875062
0.8816686787388541
0.899046567082405
0.9740827935082572
0.819823747399884
0.9916099533438683
0.9384953558444977
0.7629295408725738
0.7692906558513641
0.9911782344182333
0.8526183615128199
0.9591720615114484
0.9417206211523577
0.9583965752805982
0.9888895849386851
0.8152251541614532
0.866965419302384
0.8787873983383179
0.9458505868911743
0.9208370832105478
0.8650290040033204
0.9628966791289193
0.9211681905117902
0.8565067913797166
0.9830021347318377
0.6642488553188741
0.8256131252273917
0.8310104787349701
0.8204095095085601
0.9664149185021719
0.9908114900955787
0.8460863581435247
0.988124410311381
0.9782749563455582
0.7897115449110667
0.9651489215237754
0.8781964374833148
0.8265724522726876
0.8543215515092015
0.9133014612727695
0.7412145946727833
0.8267302451034387
0.8697788183506217
0.9860334721478549
0.800096832215786
0.844504943738381
0.9924055263400078
0.9937526095997203
0.09904999136924744
0.8285146935118569
0.8783086212351918
0.9590828352504306
0.7269380937019984
0.8833266198635101
0.8170912326736883
0.8368279207497835
0.832440946251154
0.8257532507181168
0.8082395123571835
0.6527414891558388
0.8073626104742289
0.9942163109779358
0.7517917081713676
0.9814086982182094
0.9138766229152679
0.9820147554079691
0.8734667036268446
0.731463891081512
0.8238671408458189
0.9883451561133066
0.8145224308051789
0.9753178017480033
0.7745597553439438
0.8993203441301981
0.9616768426365323
0.8182909674942493
0.8481282121860064
0.8949188192121007
0.9566951543092728
0.9274751643339793
0.9939632415771484
0.7803773572668433
0.9818463524182638
0.9631003954193809
0.8980258673429489
0.9911828140417734
0.7897953713933626
0.9843601807951927
0.9025878012180328
0.9381402259071668
0.8631381051770101
0.8962941892445088
0.9926991793844435
0.8722816482186317
0.9758944565599615
0.8870050772451438
0.9543315437104967
0.9850585699081421
0.9359645843505859
0.8707039329138669
0.994475177356175
0.886253098025918
0.9146035276353359
0.9884767872946603
0.9897941218482124
0.7795006441218513
0.8580753405888876
0.854678800329566
0.8923614670832952
0.9195729270577431
0.9537111989089421
0.9942279968942914
0.9163911377008145
0.6897823594543817
0.8914167582988739
0.9728265404701233
0.9879304000309536
0.9809621572494507
0.9448629120985667
0.9618765860795975
0.8446675457737662
0.9415191343197455
0.9419595502755221
0.7413633993128315
0.9138119995594025
0.8779281601309776
0.9753906197018094
0.814268071618345
0.9761010733517733
0.7697986378800123
0.8854697309434414
0.9565429633313959
0.8698556082589286
0.9561005698310004
0.8212383648380637
0.9716090857982635
0.8511398445504407
0.9878637024334499
0.9942560954527422
0.9298604925473531
0.994118697113461
0.8856432948653635
0.9126151993870735
0.9770586575780597
0.8110676545649766
0.8068241998553276
0.9035613498946821
0.7492300804172244
0.8702723086316837
0.818266917201173
0.8336395272781374
0.8726166352164
0.9382655918598175
0.8636001168157567
0.9116193726658821
0.8427512608468533
0.7046984050955091
