0.4017247118172236
0.4872500935776366
0.2507602768018842
0.25655170573320774
0.5268278970615938
0.5312802492725578
0.374033878557384
0.2802584231249057
0.4509966717256854
0.07154940618202091
0.5843513606426617
0.2961876747819285
0.5251206195389386
0.11749110370874405
0.05352146923542023
0.1455193015669162
0.5077048783423379
0.068972024652693
0.06417510410149892
0.42012718978803604
0.5630922480922891
0.46099891811609267
0.49425785106723197
0.3441424988624122
0.3788299225270748
0.2490549664168308
0.39122952093285596
0.045457907719537616
0.3716898050430852
0.4562471097867404
0.5952929867198691
0.37584144398570063
0.4073001383886939
0.37303068993302685
0.23585046967491508
0.0054900582879781725
0.3617750938050449
0.29034329526863684
0.3990356953581795
0.44365962062563213
0.3505588018202356
0.335454890604264
0.36336915506399237
0.1589736306341365
0.468740111682564
0.32351046372205017
0.04314817984898885
0.378044858124728
0.5798718328587711
0.37054215162061155
0.4803913234965876
0.2825446264552219
0.5509792445615554
0.4015557560293625
0.2561844574021442
0.09040420651435851
0.4904486723743113
0.27574266741673154
0.5298951780423522
0.45482457559555767
0.3062701616436243
0.47371562421321867
0.49241786256122094
0.084198792775472
0.47058138410959927
0.11572256180321953
0.061306048184633255
0.21176545463302837
0.046196472365409136
0.2057312182849273
0.4721134665887803
0.3940633942838758
0.5189356571063399
0.47409072131491625
0.3170115915550427
0.39671790447189575
0.721642067655921
0.41498330716664594
0.2893329933784636
0.268246442926201
0.37260504998266697
0.39111268176930025
0.42125703611721593
0.4052700156462379
0.4124867571517825
0.5378021099087265
0.5884898616509004
0.13855409012467135
0.08022117072885687
0.33794125786516815
0.29022751861802215
0.07713254690170288
0.3403196877075566
0.06215017182486398
0.4817852597334422
0.10651708394289017
0.19636701112280466
0.4643295522017235
0.3866352104814723
0.6949501521885395
0.21855137790553272
0.38887230874123896
0.09210778117671402
0.07666660679711236
0.6430919110774994
0.23944135148617948
0.5566999893469203
0.08100458234548569
0.49854758110207814
0.3405949206401904
0.18451588668394833
0.37560891410843894
0.2646046639032041
0.39462513907346874
0.2865938362831782
0.17959654617880005
0.2792059859364397
0.5535542700090446
0.4858324473971152
0.14745628733474475
0.05924488107363383
0.4944701985514257
0.012341523543000221
0.3221124912088271
0.6322753916028887
0.3333614921818177
0.34477895665490493
0.06202008989122179
0.33835422274811816
0.27476732515626484
0.287826006708201
0.4207288867328316
0.0732618895444003
0.357204364767919
0.4414971338585019
0.1109076663851738
0.4522734314862949
0.41885413466529414
0.40081545784890366
0.3927228779842456
0.10826555152889342
0.12087544798851013
0.07860630750656128
0.5759500296387289
0.11616086108343941
0.38596767478156835
0.5601732048339078
0.2773094730348223
0.12485658129056294
0.41906243035919033
0.18043438611286028
0.2325525722440539
0.3090294564026408
0.3612172172870487
0.6107426110122885
0.26523241547581095
0.0793639053424288
0.514725080691278
0.10499577224254608
0.6488136010510581
0.33660678976836306
0.39173502071450156
0.5192081842105836
0.46700807296755636
0.4164283980006495
0.3260054467108977
0.41694023029413074
0.3404850801220164
0.26044384809210896
0.3751280789470507
0.527450662972923
0.3155542148954489
0.060333689053853355
0.26458347477018834
0.5578544381159273
0.2142375615824546
0.20984293678258029
0.25667269851546737
0.34702766376237076
0.041672997176647186
0.3238890350663236
0.2631244001148099
0.4480202564348777
0.3649420597487026
0.31642550525353536
0.4274769564159214
0.2815619265560859
0.11874368786811829
0.46581413978710773
0.302093068391762
0.36153700378158
0.3146099380683154
0.4068929959709446
0.11285372043494135
0.40151587380096315
0.06524590263143182
0.3670197784985331
0.39293180988170207
0.41289774018029374
0.13475070384863233
