0.9140704572200775
0.8979375660419464
0.5600941804237664
0.8492096644892756
0.9674413129687309
0.8076707544651899
0.7419551145673419
0.6979795040097088
0.848901703953743
0.7439043886959553
0.8301225449346626
0.6603626303064326
0.9504813402891159
0.79592997552827
0.79587054790722
0.6387146635291477
0.7554981726959037
0.8025703821331263
0.8909845147281885
0.775528683513403
0.8308592280809535
0.7294185809791088
0.6355373151600361
0.7383662942383025
0.7243380317464471
0.8645771046479543
0.871785763672299
0.8258814786871275
0.7995202012825757
0.6862550226505846
0.891331261023879
0.721574108209461
0.8011743655162198
0.7918147593736649
0.5611330920999701
0.6308990383210281
0.8337900320688884
0.7884417472329611
0.9202990531921387
0.9163856676646641
0.8298041916319302
0.8430970736912319
0.8392562605440617
0.6433017832847933
0.8666998317295854
0.7213269365951419
0.9009804895280727
0.7694175615285833
0.9601580426096916
0.8345195156522095
0.618571276217699
0.7918294583048139
0.8785365274331222
0.8816993087530136
0.9649314795221601
0.8098580159924247
0.7625639037495213
0.9594954053560892
0.7164370249956846
0.8488125219941139
0.8585461477438608
0.9215854167938232
0.958772674202919
0.10374939441680908
0.9344456110681806
0.8494399244135077
0.7769292559888628
0.8204325534004185
0.5946353014248112
0.7265521310269832
0.7008328109979629
0.703258250762398
0.9589665830135345
0.9501237043967614
0.7721350345421921
0.9411511619885763
0.8601811900734901
0.7297531813383102
0.869062153622508
0.8055243710563942
0.7622365483215877
0.8588249208405614
0.9225296709272597
0.6017858418199467
0.8104159198701382
0.8704798665841937
0.9123085344379599
0.7482519387558568
0.7777065746486187
0.920392781496048
0.977606632492759
0.09829811453819275
0.7396891608886007
0.7708813538774848
0.9122539560000101
0.7260160595178604
0.7568293937614986
0.7931271591647104
0.8172816187143326
0.8141914624720812
0.8300432678312063
0.7255872859280895
0.5055030136265688
0.7233221933245659
0.993715476989746
0.6945494029416956
0.9620250548635211
0.807640843377966
0.8104119002819061
0.7704393118619919
0.5991731397186716
0.7353266826407476
0.836172491312027
0.6561737563461065
0.9026209371430534
0.61833650409244
0.8831236743264728
0.8759992751810286
0.7422550357878208
0.9023622962144705
0.5757490333529528
0.9774280041456223
0.8426081985235214
0.8646135211165529
0.7875647963955998
0.8343273029895499
0.9257281639359214
0.7714519828557969
0.9859833419322968
0.7490193239516683
0.9814420491456985
0.7931458093225956
0.8682967709998289
0.7710977367823943
0.8889321364462376
0.6738466654335045
0.8284227556238571
0.958277556029233
0.7332516157856355
0.8450922982560264
0.983773934841156
0.9012643822601863
0.8478057235479355
0.9941200869424003
0.6460215415572748
0.9133335910737514
0.9682378087724958
0.8727129999962118
0.6799637015376773
0.6973777019108335
0.851972047239542
0.6968872109428048
0.98597601801157
0.8475564559921622
0.8675899537546294
0.752390413867453
0.6444949033404035
0.8739668003150395
0.9117595056692759
0.9884588548115322
0.9642575979232788
0.9514328042666117
0.7335584498941898
0.7021806856024672
0.8318691356823995
0.8137383796959458
0.6305350926704705
0.9035387575626374
0.8725998988375068
0.8854512489504285
0.8207299378183153
0.6964963857423175
0.6064714023144916
0.8485362466424704
0.8702533881772648
0.7107036131700235
0.972077382935418
0.7258085402194411
0.8909300328232348
0.7277744928995769
0.7571435528142112
0.9519836414944042
0.941729724407196
0.9274195267094506
0.8619396591461018
0.8683698654174805
0.9764657190867833
0.8485964342951775
0.734734545648098
0.718986701220274
0.7642352295640323
0.7464439350005705
0.6110605116054002
0.8344824028172297
0.6977238823077642
0.9328211843967438
0.8213862692090598
0.8924399074167013
0.8394864859680334
0.6420585277290749
