0.9920426309108734
0.9942647417386373
0.8314661372220143
0.9939623049327305
0.9860629513859749
0.9184224944223057
0.6822142613042766
0.9943388849496841
0.9077658007542292
0.7982381938025356
0.961712638537089
0.9939804938104417
0.9922169297933578
0.8568769991397858
0.9483344157536825
0.9603655536969503
0.8882541557153066
0.9276173636317253
0.9443082626049335
0.9486948370933532
0.8668242978164926
0.9944368124008178
0.8028576029464602
0.8534278753730986
0.9924627423286438
0.9944986005624136
0.831204008046453
0.8615753551324209
0.9690610468387604
0.8437076067618493
0.9932015314698219
0.9942320346832275
0.8961299711040088
0.9909762889146805
0.898504220880568
0.9709532956282297
0.874215441942215
0.9936548173427582
0.7767185047268867
0.9942170551845005
0.9587171162877764
0.9923950263432094
0.9469553381204605
0.8419486262525121
0.990664086558602
0.9689189672470093
0.9745119767529624
0.9259234332557147
0.9857494309544563
0.9483671486377716
0.8449323058128357
0.7693246815885816
0.9938042114178339
0.8529222855965296
0.9604236228125436
0.9186063774607398
0.9889733152730125
0.9923602243264517
0.787314048036933
0.9299469192822775
0.992956260840098
0.99453204870224
0.9157954681043824
0.89801595892225
0.9664829799107143
0.9211611625823107
0.7494170226984553
0.9889039993286133
0.9929105937480927
0.9437870234251022
0.8153956472873688
0.8492874577641487
0.9483235875765482
0.9908146032920251
0.9484114105051215
0.9927827384736803
0.9911049231886864
0.8148144086201986
0.9895596844809396
0.9672997864809904
0.8743744002921241
0.9715431034564972
0.9869264562924703
0.8868878558278084
0.9664442439874014
0.8819436760030739
0.9580208008939569
0.8884240817278624
0.9521893958250681
0.9926209822297096
0.9935850717804648
0.09907057881355286
0.8050036244094372
0.9901626408100128
0.9728398323059082
0.8090732544660568
0.9909298505101886
0.8962120867588304
0.8375907493755221
0.9334542378783226
0.9929224908351898
0.9042735116725619
0.7282708949900957
0.10561948352389866
0.994314444065094
0.9085849130695517
0.9854528137615749
0.9937501483493381
0.9915785690148672
0.9832417766253153
0.8078064605593681
0.8232754963365468
0.987064520517985
0.9114224986794094
0.9933539884431022
0.87041130149737
0.8143131714314222
0.9936399526066251
0.9152545183897018
0.9041370611924392
0.8926465861837972
0.9944957345724106
0.9929561151398553
0.9943989366292953
0.8776328423991799
0.9867337743441263
0.9350811513987455
0.9348516076803207
0.9904767970244089
0.9063469138410356
0.9924682378768921
0.9023630503151152
0.9860186378161112
0.8771950900554657
0.8947094755247236
0.9929433332549201
0.9105541625370582
0.9782078699632124
0.9363214694536649
0.9379478461212583
0.9937811255455017
0.9424381085804531
0.9363373734734275
0.994467386177608
0.9677965342998505
0.9134001545608044
0.9936339344297137
0.9935436447461446
0.7369429341384343
0.8841299215952555
0.9941539764404297
0.8924657420979606
0.8870604261755943
0.9587300164358956
0.9942574160439628
0.97600584763747
0.5980990517751447
0.8913712969848088
0.9673627946111891
0.994313623223986
0.9871508876482645
0.9247751931349436
0.983406238257885
0.9252320744774558
0.934048946087177
0.9918364847407621
0.7758459429023787
0.9873457729816437
0.8686464237980545
0.9944481717215644
0.886940721836355
0.9704024412415244
0.9086962834000587
0.8972252380102873
0.9878438386050138
0.9266225099563599
0.9541532198588053
0.9005609273910522
0.9504299511512121
0.960977570215861
0.9929577963692802
0.994269999590787
0.8502220834294955
0.9942364162868924
0.9365531508075563
0.9133116722106933
0.9936040725026812
0.8839433461427688
0.9818596422672272
0.9041467981243675
0.7903681394777128
0.9944307878613472
0.943870895438724
0.8346477025916101
0.9933334171772004
0.9383298307657242
0.8279992558739402
0.9184454269707203
0.9926360249519348
0.9795868141310555
