-0.8956556916236877
-0.8617184162139893
-1.011004090309143
-0.7499610185623169
-0.8847718834877014
-0.7191123366355896
-1.0191106796264648
-0.8788849115371704
-0.893376886844635
-0.9943519830703735
-0.9249184131622314
-0.8779495358467102
-0.8775724172592163
-0.9979555606842041
-1.0512499809265137
-0.8985217213630676
-1.1197108030319214
-0.8422163128852844
-0.8514447808265686
-0.9338701367378235
-1.0634862184524536
-0.7897593379020691
-0.9610862135887146
-0.7558978199958801
-0.9175894856452942
-0.8370752930641174
-0.9980496168136597
-0.8372614979743958
-0.9140792489051819
-0.7506930232048035
-0.9068235754966736
-0.8373796343803406
-1.119449496269226
-0.9293200969696045
-0.8632069826126099
-0.9573889970779419
-1.0607918500900269
-0.9375864863395691
-0.9953692555427551
-0.9566077589988708
-0.9848609566688538
-0.803936779499054
-0.984661340713501
-1.031029462814331
-0.851200520992279
-0.8099221587181091
-1.016986608505249
-0.8251108527183533
-1.0095012187957764
-0.7066644430160522
-1.2813901901245117
-0.7982633709907532
-1.04034423828125
-1.0018649101257324
-1.0162736177444458
-0.941457986831665
-0.8551727533340454
-0.7502643465995789
-0.9942815899848938
-0.8468424081802368
-1.0103522539138794
-1.0137522220611572
-1.0726618766784668
-1.117879033088684
-1.171833872795105
-0.7294831871986389
-1.012198567390442
-0.7736729979515076
-1.0541449785232544
-0.8486710786819458
-0.9436892867088318
-1.1375808715820312
-1.0091254711151123
-0.8746302127838135
-0.8136803507804871
-0.8203443288803101
-1.0148049592971802
-0.8896695375442505
-0.9506711363792419
-0.9784215092658997
-0.946678102016449
-0.7767770886421204
-0.9500870704650879
-0.9301584362983704
-0.981863796710968
-1.1636215448379517
-1.0107451677322388
-0.8799551129341125
-1.056262731552124
-0.7870988845825195
-1.1467722654342651
-0.7778348326683044
-1.009230136871338
-1.1014906167984009
-0.9096707105636597
-1.4438399076461792
-0.946113646030426
-0.9409034252166748
-0.9882937073707581
-0.8447081446647644
-0.9622714519500732
-0.8307689428329468
-1.0839158296585083
-0.9100491404533386
-0.8316619396209717
-0.7526868581771851
-1.0078035593032837
-0.8605833053588867
-0.9147887229919434
-0.7961636185646057
-1.0785229206085205
-0.7745928168296814
-0.9272204041481018
-0.8791728615760803
-1.2185289859771729
-0.8566361665725708
-0.9276680946350098
-0.825909435749054
-0.9338647723197937
-0.8113152384757996
-1.1306142807006836
-0.8217061758041382
-0.8415494561195374
-0.758472740650177
-0.8822677135467529
-1.0376511812210083
-0.8201940059661865
-0.9876965284347534
-0.8834306597709656
-0.8575468063354492
-0.8584223389625549
-0.8104201555252075
-0.9622969627380371
-0.6042811274528503
-0.9789157509803772
-0.8693543672561646
-0.9930691123008728
-0.9534925222396851
-0.9607378244400024
-0.7899777889251709
-1.0772783756256104
-0.9324238896369934
-0.9111970663070679
-0.6733571290969849
-0.9946617484092712
-0.7579460144042969
-0.9266381859779358
-1.0366538763046265
-0.9262109994888306
-0.8889801502227783
-0.8731557726860046
-0.8500300049781799
-0.9689074754714966
-1.014623761177063
-0.8484212160110474
-0.8528145551681519
-0.8186482191085815
-0.8384475708007812
-0.8411127328872681
-0.626602053642273
-0.9238815903663635
-0.9340789318084717
-1.04941987991333
-0.7674657106399536
-1.1452115774154663
-0.7417254447937012
-1.2074698209762573
-0.9963690042495728
-1.0063737630844116
-0.8125234246253967
-0.8376651406288147
-1.0300284624099731
-1.115871787071228
-0.9346492886543274
-0.8118524551391602
-0.9614012837409973
-0.826478898525238
-0.7676746249198914
-0.8793079853057861
-0.934617817401886
-1.043566107749939
-0.8579404354095459
-1.0114083290100098
-0.7135316729545593
-1.2040444612503052
-0.790569543838501
-0.8401888608932495
-0.963782548904419
-0.9522036910057068
-0.778191328048706
-0.9503603577613831
-0.8835927248001099
-0.9480293393135071
-0.7518119215965271
-0.9243476390838623
-0.7480893731117249
-1.012848138809204
-0.8758869171142578
-1.017296314239502
-0.8542738556861877
