0.7368965484201908
0.8264962666564517
0.40089659867808225
0.4457829289105056
0.755399300949648
0.6601890792900865
0.5814068253384903
0.625684859813191
0.681687094271183
0.6024503953754902
0.7486556767059179
0.5214189851604816
0.7217770632123575
0.6359983415808529
0.45897698492950034
0.3986911054623003
0.8058241691323929
0.7894955463707447
0.6270276862554826
0.6221127271652221
0.7929841242003022
0.6473382981028408
0.6102508219482843
0.6793969290124046
0.6143046990036964
0.793766745676597
0.8783147480677475
0.19457339935858423
0.6950037509862644
0.5854501738878233
0.7583003457984887
0.5449001934146509
0.7154332487012393
0.6936325176308552
0.29810665001754055
0.011982443928718566
0.6847406329587102
0.6159102863748558
0.7443111157044768
0.6889180243015289
0.694844615346353
0.6017663698377353
0.7677666181698442
0.5154730602031729
0.7557510321282528
0.5609296611044556
0.028364368279774985
0.4995250126812607
0.7367875296622515
0.5990278047742322
0.0020426282038291297
0.5124560969748667
0.8407873887723932
0.8361103385686874
0.7874448832922748
0.7998592384498228
0.6538476982220475
0.83305557568868
0.5909385639242828
0.7376297394434611
0.7396672368049622
0.5555503755807877
0.7433767967546979
0.09083492557207744
0.8563126410756793
0.8122079900719903
0.6803487763843603
0.565981956099027
0.09459740792711575
0.43065863170195373
0.638802918791771
0.7187082030771611
0.8205996304750443
0.8499023736669467
0.631614416424947
0.6562253926984138
0.8407644852995872
0.6814754369358221
0.752997158893517
0.46405457095666364
0.7361276139106069
0.5764792861882597
0.8002830578221215
0.47152230312349275
0.6636281476045648
0.8585631563134181
0.7251137914982709
0.5197386175568681
0.07790000872178511
0.6522171477554366
0.7068895586469973
0.09751377701759338
0.5503069612508019
0.6629393314942718
0.5638294752376775
0.07805290818214417
0.4538295004250748
0.5243190752173011
0.6924586677050684
0.8029383718967438
0.5265408347826451
0.6083763554713435
0.40489035394663614
0.5447822764050215
0.9573864817619324
0.6324022363617339
0.8116527157170432
0.1193520724773407
0.7829357981681824
0.6322011014239656
0.44191679956081015
0.5290335484526374
0.7409753677590439
0.5999974732597669
0.707038182100015
0.37627417847397737
0.7420955420368247
0.7079517759072284
0.575807235436514
0.7647806812937443
0.43267646395939996
0.8126034010201693
0.7558068136374155
0.6984221290622372
0.6485994195245439
0.629223710585696
0.7994542011398483
0.5563598051201553
0.7876628595986404
0.6717643216252327
0.7930379483150318
0.6877359935185976
0.7788317266580028
0.5905840376314396
0.6072266469243914
0.12170980870723724
0.6918230402904252
0.8382911495864391
0.6288166467566043
0.731862929649651
0.5072941035032272
0.7838609218597412
0.07890439629554749
0.9905250072479248
0.5838595015811734
0.7647896576672792
0.74019008236272
0.46172466486071545
0.6487782368702548
0.6828461534654101
0.7097267360160393
0.4548312458727095
0.61852066218853
0.7081376769347116
0.8728208435433251
0.45529882312537384
0.517749654228932
0.710358583368361
0.677223414182663
0.8157862850597927
0.9122256437937418
0.7813688752163822
0.762370727956295
0.6517138990827582
0.6734784789956533
0.7499315891524448
0.5467359596514143
0.5998335395473987
0.7256522765383124
0.8344302111201816
0.6009051176822848
0.46765751052986493
0.3992091801366769
0.6027332685887814
0.6874053019352935
0.40057489139560076
0.847603656972448
0.6670370414853096
0.5626729658494393
0.04355788230895996
0.7432370675461633
0.7413987534290011
0.5749181074400743
0.8575520449214511
0.8032215979244364
0.6043087447527796
0.802896818944386
0.7771902039647103
0.5996266722679138
0.6005188474135305
0.5904317572879206
0.3363829284062376
0.39946376961759394
0.5766701608081348
0.5308427517185919
0.9200792014598846
0.5790540286847814
0.7720775082707405
0.6387420215954384
0.3353004708021347
