[[8, 5, 11, 12, 4, 9, 3], [7, 8, 12, 6], [0, 14, 3, 7, 1, 2, 8, 11], [26, 29, 10, 11, 0, 13, 33], [4, 0, 6, 5], [1, 9, 15, 3, 12, 6, 4, 13, 22, 17], [18, 26, 11, 1, 4, 2, 0, 12, 22, 23, 16, 27], [7, 30, 1, 8, 10, 14]]
[[0, 7, 12, 23, 18, 1, 5], [4, 2, 12, 6], [7, 0, 11, 4], [7, 2, 4, 5, 12, 17], [10, 19, 6, 3, 4, 7, 2], [11, 14, 4, 7, 5, 9], [9, 29, 4, 16, 21, 22], [17, 18, 12], [9, 4, 7, 0, 12, 5, 14]]
[[18, 9, 3, 17, 8, 11], [27, 8, 15, 6, 14, 1, 10], [0, 10, 5], [0, 8, 19, 15, 23, 17, 20], [19, 20, 8, 2, 6, 11, 14, 3, 12, 9], [0, 18, 2, 22], [26, 0, 3, 9, 20, 23, 6, 10, 15, 21], [10, 3, 17, 18, 12, 0], [8, 11, 1, 14], [17, 6, 0]]
[[24, 4, 16, 7, 12, 1, 11, 0, 8, 15, 21, 3], [12, 19, 5, 29, 3, 31, 7, 10, 15, 47, 50, 0, 16, 39, 45, 6, 26, 33], [5, 14, 26, 29, 32, 2, 21, 18, 3, 13, 15, 22, 0, 4, 19, 30], [12, 7, 8, 4], [4, 21, 0, 6, 18, 11, 14, 7, 10, 15], [14, 3, 10, 19, 8, 13]]
[[16, 7, 10, 13, 23, 5, 8], [29, 11, 9, 20, 6, 13, 16, 23, 27, 7], [0, 9, 20, 4, 6, 13], [6, 4, 8, 11, 14, 2, 9, 12, 15, 16], [7, 4, 9, 12, 2, 10, 13, 15, 8], [7, 8, 9, 5, 3], [7, 16, 10, 4, 9, 12, 5], [13, 0, 10, 7, 11, 3, 6]]
[[0, 8, 10, 1], [12, 19, 22, 0, 10, 13, 16, 20, 23], [6], [6, 10, 4, 8, 11, 16, 3], [6, 10, 18, 4, 8, 11, 20, 16, 3, 14], [17, 7, 10, 14, 5, 8, 11, 15, 19, 4, 13, 3], [0], [22, 8, 11, 16, 6, 9, 12, 17, 15, 20, 5, 14], [1, 8, 9], [17, 0, 1, 13, 3, 11], [2, 4, 7]]
[[8, 12, 15], [17, 24, 5, 18, 29, 2, 10, 22, 0, 8, 14, 20], [10, 0, 6, 2, 7, 19, 20], [5, 1, 10, 2, 12, 11], [4, 1, 12, 13, 15, 8], [15, 19, 21, 8, 12, 23]]
[[0, 8, 11, 5], [11, 18, 0, 16, 19, 15], [11, 8, 3], [8, 5, 6, 13, 14, 3], [7, 15, 9, 5, 12, 17], [21, 5, 18, 10, 13, 8, 11], [13, 4, 6, 19, 10, 16, 9], [10, 2, 13, 3, 14, 0, 15, 7, 11]]
[[24, 5, 16, 18, 12, 22, 25], [17, 4, 5, 7, 9, 12, 6], [11, 14, 0, 9, 15, 6, 8, 4], [8, 12, 9, 1, 13, 4, 0], [9, 4, 2, 1], [18, 29, 24, 0, 10, 32, 1, 14, 25]]
[[14, 7, 3, 6], [16, 9, 3, 0, 4, 7, 2, 13, 17, 18], [8, 15, 10, 17, 3, 4, 5], [13, 5, 0, 9, 17, 1], [5, 0, 1, 11, 2, 12, 10]]
[[12, 5, 7, 8], [27, 9, 14, 20, 5, 18, 8, 1, 17, 4, 0, 13, 10, 15, 19, 2], [19, 2, 4, 13, 8, 23], [22, 0, 2, 11, 23, 9, 17], [15, 20, 17, 10, 4, 22, 24], [11, 5, 12, 7, 1, 13, 16], [15, 8, 19, 3], [15, 4, 7, 0], [11, 5, 12, 15, 0, 7], [14, 17, 8, 9, 0, 4], [19, 15, 20, 8], [7, 15, 13, 21, 12, 1, 22, 3, 8]]
[[11, 2, 5, 6, 14, 17, 8], [9, 16, 1, 7, 13, 3], [18, 8, 20, 0, 23, 15, 9, 3, 11, 12], [14, 20, 22, 4, 23, 0, 21, 1, 2], [6, 2, 0, 3, 4], [4, 14, 7, 1, 8, 12, 11, 0, 2], [12, 22, 3, 7, 24, 25, 19, 17, 1, 23, 18, 21], [6, 9, 27, 0, 10, 24, 12], [21, 1, 10, 13, 17, 6]]
[[4, 9, 17, 19, 1, 12, 21, 2, 10, 13], [9, 12, 16, 7], [4, 8, 10, 2], [0, 7, 16, 4, 5, 11], [14, 5, 8, 12], [7, 14, 4, 16, 13, 9, 5, 10, 17], [9, 14, 5, 17, 2, 6], [1, 11, 2, 10]]
[[5, 4, 0], [21, 11, 3, 17, 20, 7, 10, 6, 18], [21, 26, 5, 0, 29, 1], [4, 11, 15, 16], [12, 8, 10, 9], [14, 13, 10, 5, 4, 0, 15], [15, 7, 12, 8, 18, 10], [17, 13, 9, 1, 6, 10], [24, 20, 17, 3, 0, 21, 22, 13, 26, 1, 5, 11], [17, 13, 4, 23, 29, 26, 9, 20, 12]]
[[1, 19, 22, 8, 6, 11, 20], [7], [14, 19, 3, 0, 5, 8, 2, 1, 6], [1, 14, 3, 17, 11, 19, 21, 4, 18], [12, 18, 1, 3, 7, 19, 4, 16, 23], [19, 0, 11, 6, 22, 26], [9, 15, 16, 7], [3, 5, 0, 10, 21, 7], [6, 17, 11, 0, 13, 19, 20]]
[[14, 4, 3, 9, 8, 5, 6], [9, 11, 1, 3, 15, 0, 12, 16, 13], [10, 14, 5, 11], [0, 6, 13, 8, 4, 10, 16], [3, 5, 9, 21, 15, 1], [10, 17, 26, 8, 13, 22, 1]]
[[3, 16, 18, 6, 14, 19, 9], [9, 1, 4, 2, 10], [9, 7, 5], [5, 0, 14, 20, 1, 18], [10, 3, 7, 2, 0, 12, 4], [5, 11, 17, 0, 6, 12]]
[[7, 23, 18, 24, 11, 4, 5, 9, 13, 19], [17, 9, 21, 7, 14, 23, 18, 3, 12, 0], [7, 16, 8, 11, 18, 4, 9, 3, 1, 0], [12, 23, 1, 9, 14, 17, 18], [18, 7, 5, 16, 1, 8, 2, 11, 0], [7, 0, 3, 20, 1, 17, 12], [], [6, 0, 9]]
[[14, 4, 6], [7, 12, 5, 9], [8, 23, 31, 14, 24, 4], [6, 14, 1], [2, 7, 11, 0, 9, 5, 8, 25, 12, 20, 6], [19, 26, 2, 1, 15, 22, 13, 23, 10, 3], [14, 10, 7, 12], [26, 1, 3, 12, 7, 14, 17], [15, 7, 5, 8], [19, 0, 13, 1, 5, 20], [16, 1, 14, 8, 3, 2], [13, 8, 10], [8, 14, 26, 4, 11, 18]]
[[1, 5, 7, 17, 8, 4, 2, 16, 0], [12, 17, 9], [6, 2, 13, 9, 16, 18], [11, 8, 15, 17, 23, 18, 1, 19, 4, 16, 0, 12], [9, 24, 16, 1]]
[[17, 16, 7, 11, 23, 27, 33, 5, 8], [21, 14, 9, 18, 7, 17, 1, 6, 15], [4], [20, 9, 6, 13, 4, 3, 10, 23, 2, 8, 22, 21], [22, 10, 6, 14, 4, 7, 23, 3, 11, 26, 2, 9, 25], [10, 2, 12, 14, 15, 4], [15, 12, 5, 10, 17, 9], [13, 6, 8, 2]]
[[27, 5, 17, 19, 11, 23, 6, 12, 21], [0, 22, 1, 5, 8, 9, 13, 15, 3], [14, 4, 6, 3], [18, 10, 0, 7, 11, 16], [9, 1, 19, 6]]
[[4, 14, 2, 8, 15, 1, 12, 11, 16], [12, 28, 1, 7, 4, 15, 19], [15, 2, 1, 4, 9, 22, 19, 3, 18], [3, 9, 6, 2, 8, 0], [16, 9, 13, 10, 1, 22], [22, 5, 21, 13, 2, 6, 1, 14, 15, 7], [4, 0, 16, 26, 3, 9, 22], [10, 3, 13, 17, 8, 15, 7]]
[[0, 15, 5, 11, 12, 1], [12, 19, 22, 28, 16, 8, 25, 0, 9, 26, 30, 15, 2, 23, 29], [14, 4, 6, 3], [7, 12, 10, 4, 16, 19, 5, 17, 20, 13], [12, 5, 7, 4, 2, 14, 0, 15, 6], [7, 9, 4, 12, 16, 5, 17, 11, 10], [19, 5, 7, 4, 2, 11, 13, 0, 6, 12], [10, 28, 13, 29, 15, 8, 21, 5, 22, 32, 16, 1, 36], [11, 2, 9, 0]]
[[23, 27, 3, 5, 6, 10, 14, 29, 12, 16], [8, 12, 18, 14, 5, 9], [17, 19, 3, 0, 8, 4, 2], [7, 2, 3, 0], [17, 5, 13, 23, 6, 11, 20]]
[[0, 9, 11], [13, 30, 21, 3, 18, 20, 8, 9, 27], [7, 8, 11, 0, 18, 24, 28, 25, 29, 2, 22, 5], [8, 17, 28, 3, 9, 14, 25, 0, 5, 4, 23, 10], [9, 13, 3], [5, 18, 0, 6, 13, 1, 3, 8, 22]]
[[8, 3, 10, 12], [14, 5, 9, 6, 4, 0, 15], [13, 11, 6, 9, 15, 0], [0, 9, 15, 2, 10, 4], [0, 11, 4, 8, 2, 1, 9], [13, 17, 1, 9, 2, 0, 15, 7, 10, 20], [14, 10, 4, 3, 9, 2, 8], [16, 27, 22, 11, 18, 6, 13], [9, 2, 5, 7, 11, 3, 10, 12], [18, 0, 8, 12, 15, 9, 7, 16, 3], [13, 1, 8]]
[[12, 11, 7, 20, 0, 5, 16, 21, 4, 13, 15, 10], [15, 11, 21, 3, 9, 12, 22], [7, 4, 9, 0, 10, 14, 2, 5, 12], [33, 5, 2, 15, 25, 4, 12, 18, 21, 30, 0, 8, 13, 16, 19], [7, 16, 24, 13], [15, 8, 11, 23, 6, 9, 21]]
[[0, 11, 5, 8, 13, 9], [25, 30, 10, 11, 13, 27, 0, 14, 17, 3, 12, 2], [8], [6, 13, 14, 12, 10, 5], [6, 1, 4], [8, 17, 10, 5, 14, 6, 15, 13, 11], [14, 8, 4, 3, 12, 15], [2], [15, 6, 12, 3, 16, 11], [10, 6, 3, 7, 1, 2, 0], [4, 7, 2], [12, 26, 21, 19, 23, 18, 2]]
[[16, 7, 11, 14, 5, 12, 17, 1, 4], [7, 6, 11, 10, 12, 0], [24, 0, 22, 2, 5, 9, 12, 30, 10, 20, 3, 23], [13, 9, 15, 18, 22, 10, 0, 1, 4, 19, 5, 11], [27, 6, 2, 4, 8, 12, 16, 19, 24, 0, 9, 17, 20, 28, 7, 32], [5, 0, 2, 16, 14, 7, 3], [8, 15, 24, 3, 2, 19, 5, 0, 6, 10, 4, 13]]
[[0, 10, 1, 5], [7, 11, 19, 25, 23, 14], [13, 9, 18, 1, 0, 17], [5], [2, 11, 13, 1, 8, 15], [16, 12, 20, 8, 17, 7, 13], [6, 11, 2, 5, 9, 1, 0], [1, 6, 4, 7]]
[[0, 11, 5, 8, 14, 9, 15], [17, 7, 16, 33, 40, 10, 29, 31, 21, 23], [10, 16, 12, 14, 6, 18, 4, 13, 17], [21, 0, 3, 6, 10, 17, 4, 11, 14], [11, 17, 19, 6, 16, 14, 12, 20, 18], [10, 20, 2, 11, 4, 7, 15, 22, 5, 8, 23, 3, 12], [3, 30, 14, 16, 23, 32, 24, 33, 4, 11, 10, 9, 22, 31, 8], [14, 11, 5, 9], [8, 2, 4, 10, 16, 21, 14], [6, 0, 1, 11]]
[[5, 13, 12], [11, 16, 9, 4, 13, 2, 6], [8, 1, 12], [6, 0, 3, 10], [8, 14, 4, 5, 2, 1, 12, 3, 0], [27, 8, 11, 0, 10, 23], [2, 3, 0], [10, 2, 11, 1, 15, 0, 16, 6, 12], [], [2, 11, 8, 5, 0, 12, 9], [2, 8, 10, 3], [20, 7, 10, 11, 17, 15], [4, 10, 1, 8, 2, 7], [7, 2, 10]]
[[5, 7, 10, 8], [9, 13, 15, 6], [0, 12, 17, 22, 5, 19, 20, 15, 1, 4, 2, 3], [10, 23, 6, 19, 0, 15, 7, 20, 27, 14], [2, 14, 11, 7, 8, 5], [11, 18, 21, 1, 3, 19, 25, 2, 15, 0, 26, 7], [18, 24, 20, 16, 3, 1, 0, 21, 22, 23], [10, 18, 22, 6, 14, 3, 12, 7, 9, 8], [10, 14, 5, 19, 20, 16, 3, 8, 12, 6], [9, 17, 4, 14, 5, 15, 6, 3, 13], [10, 7, 8, 2, 5, 0], [9, 20, 25, 1, 12, 15, 13]]
[[11, 19, 22, 0, 4, 12, 17, 20, 23], [13, 0, 2, 7, 11, 3, 4], [5, 6, 8], [10, 1, 3, 7], [6, 12, 3, 8], [9, 17, 4, 21, 22, 6, 11], [21, 17, 6, 33, 0, 23, 25, 28, 1, 4], [10, 1, 6, 7, 14, 2], [10, 18, 8, 14], [14, 26, 30, 9, 19, 12, 28, 1, 8, 11, 2, 5]]
[[9, 16, 3, 24, 15, 6, 11], [1, 7, 3, 9, 5, 4], [15, 10, 12], [18, 9, 5, 13, 22, 6, 11, 1, 2], [12, 2, 16, 19, 0, 14], [6, 8, 1]]
[[6, 11, 2, 8, 12, 1], [10, 22, 13, 26, 7, 19, 5, 14, 20, 16], [20, 4, 0, 14], [7, 2, 4, 10, 0, 11], [], [7, 13, 1, 8], [9, 11, 1], [5, 0, 3], [6, 1, 8], [4, 6, 0], [6, 11, 5, 0], [8], [7, 13, 6, 0, 11, 3], [11, 20, 1, 6, 13, 17, 8], [8, 0, 5, 14, 3, 2]]
[[16, 15, 8, 10, 13, 20, 6], [18, 27, 3, 24], [4, 2, 6], [16, 22, 5, 11, 13, 8], [0, 11, 13], [15, 23, 0, 4, 5, 20, 10, 17, 2]]
[[11, 22, 1, 16, 19, 8, 24, 9, 17], [2, 0, 7, 16, 8, 14, 5, 12, 11], [8, 2, 4], [8, 16, 0, 2, 17, 20, 5, 9, 10], [18, 0, 1, 8, 16, 5, 14, 22, 23], [12, 29, 0, 23, 3, 11, 24, 1, 5], [6, 13, 2, 0, 4, 15, 3], [14, 22, 19, 23]]
[[20, 10, 2, 7, 14, 18, 22, 25, 3, 8, 12, 15], [7, 4, 2, 5], [12, 6, 0, 5, 8, 3], [15, 24, 16, 5, 11, 0, 12], [13, 6, 10, 18, 22, 16, 19, 5, 4], [3, 12, 27, 0, 23, 21, 33, 7, 13, 18], [13, 32, 18, 0, 10, 25, 29, 1, 20, 19, 8, 4, 15]]
[[10, 4, 14, 16, 20, 12], [13, 5, 9, 6, 10, 1], [2, 7, 12, 16, 19, 4, 14], [4, 29, 33, 37, 3, 8, 2, 10, 13, 20, 39, 0, 11, 16, 21, 24, 34, 40, 9], [8, 11, 5], [7, 1, 4, 10], [26, 15, 22, 13, 1, 2, 11, 5, 21, 0]]
[[9, 2, 4, 7, 12, 13, 16, 19, 23, 30, 35, 0, 14, 20, 24], [14, 19, 9, 0, 5, 3, 10], [11, 19, 13, 27, 30, 3, 8, 0, 16], [12, 10, 22, 26, 13, 19], [7, 27, 15, 4, 21, 16, 23, 0, 24], [15, 19, 32, 23, 12, 8, 29, 6, 9, 27], [12, 4, 1, 17, 5, 18, 8]]
[[3, 9, 6, 14, 7, 15, 5], [10, 14, 15, 5, 18, 2, 19], [12, 6, 14, 3, 15, 0], [0, 20, 5, 9, 13, 1, 6, 4, 3], [11, 30, 19, 1, 3, 9, 26, 32, 4, 15, 33, 8, 14, 21, 7], [9, 4, 6, 2, 7, 16, 14, 1, 10], [1, 3, 7, 11, 19, 23, 4, 16, 10, 5], [7, 0, 5, 3]]
[[5, 8, 6, 4], [9, 4, 12], [8], [5, 1, 2, 3], [5, 10, 13, 3], [7, 13, 0, 10, 2, 8, 1], [0, 10, 3, 16], [9, 5, 4], [7, 32, 0, 12, 21, 15, 9, 25, 29, 4], [5, 8, 13], [2], [6]]
[[5, 6, 2, 8, 11, 9, 7], [8, 13, 14, 10, 16, 23], [9, 3, 7, 2, 6, 4], [9, 2, 5, 6], [7, 10, 5, 8, 4, 2, 13, 11], [10, 1, 4, 7], [14, 4, 13, 12, 3, 5], [1, 3, 6, 9], [16, 10, 6, 12, 17, 3], [7, 21, 9, 13, 5, 10, 14], [13, 0, 8, 1, 9, 14]]
[[2, 13, 15, 10, 19, 22, 8, 16, 23, 7, 14, 3, 12], [8, 11, 29, 13, 3, 6, 18, 15, 19, 31, 24, 2], [11], [10, 4, 8, 3, 7, 2, 13], [16, 11, 4, 8, 3, 7, 12, 2, 14], [18, 12, 4, 17, 3, 7, 2], [14, 7, 15, 10, 18, 5], [23, 14, 2, 10, 18, 21, 3, 7, 12, 19], [22, 7, 13, 16, 5, 8, 14], [18, 2, 17, 10, 13, 0, 11]]
[[21, 8, 9, 2, 11, 15, 10, 23, 0, 12, 22], [23, 32, 10, 0, 2, 13, 17, 26, 16, 11, 18, 24, 30, 22, 7, 19, 25, 27, 36], [20, 5, 3, 7, 10, 24, 30, 27, 31, 13, 23, 6, 4, 21, 15, 17, 28], [0, 17, 12, 23, 21, 20, 7, 24, 1], [17, 3, 11, 0, 13, 9, 14, 5, 21, 12, 4, 20, 22], [2, 12, 7, 17, 14, 5, 0, 13, 16, 6, 20, 18], [6, 3, 8, 10, 4, 7, 1], [2, 8, 17, 20, 22, 4, 0, 16, 21, 3, 12, 18], [12, 18, 3, 2, 13, 9, 19, 14, 8, 17], [7, 2, 5, 8, 10, 11, 3], [11, 6, 9, 13, 16, 14], [8], [], [10, 7, 19, 5, 16, 4]]
[[1, 4, 9, 14, 20, 22, 10, 18, 23, 6], [20, 8, 10, 23, 0, 24, 22, 9, 21, 5, 4, 11], [7, 11, 2, 12, 15, 1], [2, 5, 1], [0, 10, 7, 2, 15, 6, 13], [13, 4, 5, 11, 6, 14], [6, 2, 8, 3], [4, 12, 7], [16, 5, 8, 11, 3, 6, 7, 0, 10], [6, 0, 7, 11, 13, 3, 14, 2, 17], [16, 7, 9, 6, 18, 3, 4], [6, 7, 9], [9, 0, 10, 21, 4, 15, 18], [13, 20, 19, 14, 8, 3, 21], [9, 11, 0, 10]]
[[4, 11, 16, 7, 22, 24, 2, 25, 19, 1], [7, 2, 8, 25, 38, 43, 35, 12, 22, 36], [1, 5, 8, 2, 7, 0], [22, 7, 13, 17, 19, 31, 4, 6, 0, 23], [8, 23, 17, 5, 27, 6, 25, 12, 0, 3, 18, 14, 20], [5, 8, 6], [13, 8, 14, 18, 20, 0, 9, 10, 17], [13, 33, 4, 26, 34, 7, 36, 39, 3]]
[[19, 12, 22, 24, 3, 11], [14, 3, 11, 4], [29, 8, 16, 18, 21, 0, 4, 10, 19, 22, 3, 14], [6, 4, 10, 0], [3, 11, 4, 9], [25, 29, 10, 8, 5, 12, 18, 24, 32, 35, 3, 19, 27], [16, 3, 5, 2, 7, 10, 4], [10, 1, 12, 4, 6, 17], [15, 4, 12, 5, 10, 13], [11, 19, 1, 21, 8, 14]]
[[6, 2, 10, 0, 1, 7], [5, 0, 4, 3], [1], [0, 3], [2, 4], [5, 0, 6, 1], [16, 11, 6, 5, 13, 0, 4], [8, 3, 14, 6, 1, 5, 11], [9, 15, 1, 18, 12, 17, 2], [16, 3, 6, 15, 4, 11, 1]]
[[0, 22, 8, 5, 11, 9, 1, 23, 4, 2, 3, 12, 24], [5, 13, 18, 7, 16, 3, 2, 19, 0, 1], [7, 16, 5, 13, 3, 2, 8, 12, 17], [6, 9, 3, 0, 13, 2], [22, 34, 7, 13, 17, 23, 9, 3, 29, 35], [10, 3, 7, 12, 4, 6], [16, 19, 27, 5, 0, 8, 11, 1, 23, 14]]
[[9, 21, 2, 13, 4, 5], [6, 7, 10], [2, 11, 23, 5, 7, 18, 1, 6, 21, 0], [8, 13, 10, 5], [6, 10, 13, 16, 18, 7, 11, 19, 24, 3, 4, 0], [5, 1, 2], [11, 3, 0, 16, 17, 12], [11, 7, 1, 8], [11, 0, 12, 3, 6, 23, 7, 21, 5, 14, 30, 13], [1, 6, 8, 4], [8, 6, 2], [14, 20, 1, 26, 6, 10, 16, 22, 4, 17, 23, 3]]
[[5, 4, 0, 6], [10, 8, 1, 7], [11, 16, 2, 7, 14, 5], [1], [12, 9, 15, 16, 1, 2], [10, 16, 1, 13, 6, 2, 0]]
[[4, 12, 15, 5, 13, 16], [11, 3, 12], [2, 7, 12, 8], [6, 17, 19, 3, 9, 4, 13, 12, 1], [15, 22, 3, 11, 19, 0, 17, 20, 4], [5, 1, 9, 10], [9, 12, 0]]
[[9, 5, 4, 0], [18, 3, 5, 2, 8, 11, 6, 4, 16, 19], [5, 24, 6, 11, 18, 10, 1], [3, 1, 13, 14, 4, 5, 17], [4, 11, 21, 2, 16, 8, 24, 6, 9], [11, 15, 14, 3, 16, 18, 2], [6, 16, 11, 10, 4, 12, 14, 3, 5], [6, 0, 7, 16, 10, 4, 17], [0, 20, 6, 12, 26, 25, 1, 7, 17], [13, 18, 9, 20, 5, 16, 8, 1, 4], [20, 12, 23, 28, 29, 16, 1, 8, 26, 2]]
[[0, 7, 9, 10], [16, 24, 2, 9, 19, 0, 7, 4, 6, 13, 17, 25], [10, 12, 2, 4, 11, 13], [9, 21, 16, 4, 6, 0, 7, 11, 17, 5, 14, 15], [16, 4, 6, 10, 5, 13, 3], [5, 0, 7, 3, 6], [17, 5, 10, 12, 15, 4, 8], [5, 0, 8, 1], [0, 14, 10, 6, 12, 16], [9, 4, 1, 0], [5, 9, 2, 10, 1, 7, 3], [16, 5, 14, 1, 7, 22, 9, 27, 18], [9, 18, 6, 7, 14, 13], [14, 27, 8, 0, 30, 2, 23, 25, 1, 19]]
[[6, 36, 10, 23, 21, 1, 14, 17, 29, 15, 25, 12, 11, 24, 27, 22], [7, 0, 3, 11, 16, 13], [6, 9, 11], [9, 1, 11, 2, 12, 5], [19, 3, 13, 17, 0, 14, 12], [8, 26, 2, 5, 15, 12, 20, 21, 19, 6]]
[[0, 7, 16, 4, 13, 11, 19], [11, 13, 21, 0, 19, 17, 2], [9], [13, 18, 4, 16, 8, 2], [16, 7, 6, 9, 3, 13], [13, 5, 11, 21, 6, 17], [11, 20, 1, 12, 23, 9], [0, 14, 6, 16]]
[[5, 8, 9], [5, 8, 10, 7, 2, 13, 16, 3, 11, 9, 0], [10, 13, 27, 6, 16, 20, 2, 17, 21, 25, 1, 7], [20, 8, 0, 5], [7, 10, 4, 13, 2, 14, 1], [2], [1, 5, 2], [6], [11, 7, 1, 3], [3], [16, 13, 11, 14, 0, 2, 3, 5, 10], [3, 5, 0, 1], [4, 1, 2], [8, 10, 16, 20, 5, 11, 17, 1, 23], [8, 0, 9, 5]]
[[1, 6, 11, 2, 3, 7], [26, 4, 23, 6, 16, 18, 9, 24, 1, 21, 0, 22], [15, 18, 3, 20, 6, 23, 24, 4, 21, 19], [7, 21, 2, 15, 19, 23, 28, 31, 3, 29], [8, 22, 3, 1, 9, 5], [9, 1, 12]]
[[17, 4, 10, 13], [30, 10, 2, 4, 7, 13, 15, 20, 0, 8, 21, 26, 11], [17, 3, 8, 12, 22, 6, 19, 5, 4], [14, 3, 10, 7, 11, 6], [11, 1, 8]]
[[2, 4, 5], [10, 16, 13, 17, 19, 2], [5, 7, 20, 1], [0, 2, 18, 4, 12, 23, 24], [1, 12, 3, 9, 4, 6], [0, 21, 6, 26, 17, 1, 7, 9, 5, 16], [15, 5, 11, 12, 18, 0, 4], [10], [7, 13, 3, 10, 16, 4, 0], [1, 5, 6, 3], [17], [8, 13, 16, 3, 5, 9, 10]]
[[13, 11, 7, 4, 0, 6], [17, 20, 2, 4, 1, 7, 10, 22, 5, 23], [12, 24, 7, 19, 0, 10], [12, 3, 6, 16, 18, 4, 8], [10, 15, 22, 32, 5, 28, 39, 13, 19, 44, 8, 26], [11, 14, 1]]
[[11, 21, 23, 24, 14, 17, 26, 29, 5, 9, 15, 18, 27, 25, 31], [3, 0, 10, 11], [26, 29, 9, 10, 0, 6, 1, 12, 5, 16, 11, 4], [1, 3, 6], [9, 1, 3, 6, 11, 23], [2, 6, 8, 5], [34, 53, 68, 20, 5, 23, 0, 37, 65, 1, 7, 21, 26, 38, 42, 51, 63, 29, 24, 59, 6]]
[[10, 18, 26, 4, 27, 14, 19, 22, 30], [21, 3, 9, 14, 16, 25, 8], [3, 5, 9, 17, 19, 20, 6, 13, 15, 21, 0, 1], [7, 9, 15, 0, 10, 2, 5], [7, 11, 2, 5, 4, 9, 3], [9, 15, 0, 10, 3, 6, 12], [11, 8, 13, 2, 5, 7], [5], [15, 12, 8, 18, 6, 19, 5, 13, 11], [22, 3, 8, 11, 15, 19, 12, 16, 25], [14, 0, 9]]
[[11, 17, 4, 8, 3, 18, 7, 13, 2], [3, 1, 9, 15, 17, 19, 14, 4, 2, 6], [1, 12, 3, 2, 8, 4], [11, 14, 16, 5, 20, 3], [10, 17, 3, 14, 20, 21, 1, 5, 9], [12, 10, 15, 4, 11, 3, 7, 8, 6, 9], [13, 11, 1, 17, 14, 3], [0, 4, 9, 18, 16, 2, 13, 15, 1], [5, 0, 20, 9, 11, 15]]
[[25, 11, 16, 18, 7, 28, 5], [10, 19, 1, 11], [6, 5, 3, 0, 13, 1, 18], [5, 27, 2, 0, 8, 14, 19, 24, 6, 17], [0, 6, 1, 7], [8], [19, 0, 5, 3, 14, 2, 10]]
[[3, 10, 6, 7, 4, 11, 1, 8, 0, 2], [0, 13, 5, 7, 10, 19, 1, 18, 4, 2], [4, 1, 8, 15, 5, 3], [20, 1, 5, 14, 18, 15, 3], [9, 19, 1, 13], [20, 5, 23, 0, 14, 30, 1, 15, 21, 25]]
[[17, 7, 8, 12, 19, 10, 9], [11, 1, 5, 8], [9, 7, 10], [13, 15, 3, 5, 0, 16, 20], [6, 0, 10, 1, 4, 8, 11], [14, 26, 3, 6, 0, 19], [11, 16, 0, 1, 9, 13], [3, 18, 0, 12, 16, 1, 10, 13, 4], [13, 21, 5, 0, 23, 1, 9], [22, 14, 16]]
[[19, 10, 4, 14, 7, 11], [2, 8, 6, 5, 1, 9], [9, 17, 4, 6, 13, 2, 10], [0, 9, 3, 18], [6, 10, 0, 13]]
[[0], [7, 15, 3, 0, 4, 2, 1, 10], [1, 14, 9, 12, 0, 10, 8, 4, 5], [23, 3, 18, 15, 22, 7, 14], [18, 3, 9, 11], [12, 22, 27, 3, 20, 7]]
[[4, 14, 9, 10], [0, 20, 28, 5, 6, 8, 12, 25, 9, 16, 21, 26], [4, 7, 9, 8, 10, 0], [15, 4, 11, 9], [7, 16, 2, 8, 13, 23, 0, 14, 21], [5, 0, 11, 1, 8, 12]]
[[21, 6, 8, 5, 2, 11, 14, 3, 9, 7, 0], [15, 6, 8, 17, 2, 18, 12], [4, 1, 11, 9, 12, 8], [12, 8, 1, 0, 7], [5, 2, 0, 3], [3], [5, 1, 10, 13], [9, 3, 4, 6, 0, 5], [16, 11, 0, 7, 18, 3, 12], [1], [2, 11, 6, 4, 18, 7, 16, 8, 17], [4, 17, 0, 14, 1, 12, 5], [11, 2, 0, 3, 4, 8, 9]]
[[3, 8, 14, 13, 16, 2, 7, 6, 4], [6, 10, 0, 3, 8, 2, 7], [1, 5, 7, 13, 11, 15, 4, 18, 25, 26, 27, 14, 8], [0, 26, 21, 6, 8, 13, 30, 31, 33, 20, 1, 23, 7], [2, 5, 7, 10, 13, 0, 11, 3, 14], [6, 13, 2, 9, 8, 1, 12, 11, 7], [13, 12, 18, 7, 23, 25, 9, 15, 14, 1], [20, 7, 21, 22, 17, 24, 3, 15, 0], [7, 16, 13, 12, 1, 3, 5, 2, 6], [9, 14, 18, 1, 15, 2, 0, 13, 10], [19, 1, 7, 10, 12, 15, 8]]
[[8, 3, 13, 6], [1, 16, 35, 19, 32, 4, 9, 14, 26, 7, 10, 30], [22, 4, 0, 15, 1, 17, 5, 8, 21], [10, 17, 1, 5, 14, 15, 18, 19, 4], [3, 1, 5, 19, 15, 0, 9, 16, 14], [13, 21, 11, 17, 18, 20, 10, 22], [1, 8, 6, 7, 2, 9], [9, 22, 0, 3, 20, 17, 5], [16, 1, 7, 11]]
[[6], [11, 8, 5, 1, 4, 0], [14, 7, 6, 9, 0, 2], [5, 21, 7, 1, 6, 9], [12, 15, 3, 0, 5, 7], [14, 18, 2, 12, 21, 5, 8, 11, 3], [20, 32, 21, 23, 10, 7, 27], [6, 1, 10]]
[[1, 9, 14, 18, 4, 13, 17, 12, 2, 6, 19], [5, 8, 12, 3], [0, 19, 5, 9, 11, 6, 1, 4, 2, 3], [4, 7, 2, 1], [8], [12, 19, 24, 22, 27, 0, 14, 1, 34, 33, 11, 28]]
[[7, 14, 2, 6, 13, 5, 12], [6, 1, 4, 2], [24, 0, 18, 2, 5, 9, 20, 26, 7], [8, 14, 1, 3, 9, 12], [7, 9, 2, 14, 3, 4, 0, 1, 5, 13], [10, 13, 15, 6], [18, 10, 13, 0, 12, 22, 20, 35, 25, 5, 34, 11], [5, 7, 11], [2, 11, 7], [11, 19, 13, 18], [4, 11, 21, 0], [10, 13, 6, 17, 0, 3], [21, 14, 25, 8, 18, 3, 9, 12, 22, 1], [8, 4, 1]]
[[9, 5, 8, 16, 4, 0, 10, 17, 2], [1, 7, 10, 2], [25, 8, 18, 20, 0, 9, 21, 17, 11, 5, 26, 4], [12, 15, 9, 10, 0, 16, 3], [11, 4, 12, 8, 9, 5, 6, 14, 13, 2], [5, 9, 10, 0, 4, 1], [12, 18, 15, 1, 4, 0, 16, 17, 5, 6], [3, 8, 11, 6], [10, 4, 11, 6, 8, 0, 5, 3, 12], [4, 0, 10, 3, 5, 8], [14, 28, 9, 5, 8, 11, 20, 21, 25, 10]]
[[21, 4, 3, 1, 6, 9, 7, 12, 5, 13, 17], [1, 6, 11, 16, 4, 7, 3], [13, 0, 12], [3], [4, 16, 0, 5, 23, 9, 13, 30, 3, 7, 26, 21], [13, 18, 3, 15, 10, 1, 8], [19, 0, 10, 3, 7, 5, 2, 11, 13]]
[[0, 11, 5, 8, 15, 9], [11, 14, 5, 15], [12, 10, 2, 7, 1, 13, 0], [9, 15, 4, 13, 5, 2, 10, 11], [8, 9, 3], [15, 2, 4, 1, 7, 10, 5], [13, 12, 11, 3, 4, 6, 8], [], [18, 8, 5, 11, 14, 16, 2, 3, 12, 9], [4], [10, 18, 14, 17], [8, 0, 9, 3, 23, 13, 26]]
[[9, 5, 11], [12, 7, 13, 1, 4, 0, 8], [], [1, 2, 17, 10, 4, 13, 23, 22, 3], [9, 22, 3, 11, 19, 12, 20, 6, 1], [11, 0, 6, 3, 12, 16, 15, 7, 14], [18, 8, 14, 4, 12, 15], [13, 2, 10, 19], [11, 14, 1, 23, 7, 8]]
[[28, 21, 2, 14, 25, 23, 13, 22, 12, 29, 0, 6], [11, 5, 8, 6], [0, 17, 5, 9, 12, 1, 4, 2, 3], [6, 10, 11, 0, 13, 16, 7, 14, 5], [10, 20, 5, 17, 16, 1, 4, 0, 12], [9, 1, 11, 2, 10, 0], [7, 1, 8, 5], [19, 23, 9, 5, 11, 17, 20, 0, 1]]
[[4, 11, 19, 12, 7, 15], [3, 1, 5, 15, 18, 22, 6, 8, 10, 19], [22, 10, 9, 6, 12, 14, 2, 4, 16, 11, 17, 19], [13, 2, 6, 8, 3, 5, 4], [5, 16, 6, 11, 10, 1], [19, 26, 35, 4, 13, 31, 0, 8, 17, 1, 24, 6]]
[[12, 5, 10, 18, 2, 8, 16], [7, 8, 0, 12], [8, 12, 22, 14], [0, 8, 4, 14, 12, 17, 1], [9, 16, 15, 1, 6, 11, 18, 20, 2, 12], [5, 11, 3, 7, 15, 8, 2, 12, 0], [10, 18, 0, 2, 6, 31, 32, 28, 3, 27, 1, 23, 11, 5, 9], [11, 19, 3, 5, 2, 7, 0], [8, 2, 9, 15, 24, 0, 5, 16, 22]]
[[7, 17, 5, 18, 10, 11, 20], [15, 3, 11, 4, 9, 12, 8, 1, 0], [7, 15, 22, 4, 10, 5, 0, 3, 16, 1, 17], [5, 18, 9, 12, 6, 13], [0, 2, 9, 14, 18, 15, 5, 3, 8], [4, 0, 7, 14, 11, 1, 15], [13, 7, 0, 1], [22, 49, 27, 29, 11, 33, 41, 4, 42, 47, 19, 3, 30, 46, 1, 37, 9, 18, 40], [8, 28, 2, 21, 26, 0, 11, 25, 3, 17], [2], [1]]
[[11, 15, 6, 3, 8, 1], [16, 19, 1, 10, 6, 18, 21], [4, 8, 5, 2], [0, 15, 20, 8, 3, 13], [12, 15, 5, 6, 3, 8], [5, 9, 1, 7], [1, 9, 11, 6, 13, 14], [18, 28, 14, 0, 22, 26, 3, 11, 24, 13, 2, 23]]
[[5, 7, 10, 13], [5, 11, 1, 15], [0, 3, 8], [37, 5, 20, 31, 13, 24, 26, 33, 2], [19, 17, 23, 21, 24, 0, 4, 9, 11, 16, 22], [16, 5, 9, 12, 2, 6, 14, 19, 18, 0], [15, 17, 11, 6], [9], [14, 8, 10, 13, 4, 6, 0, 11, 24, 12], [4, 7, 1], [4, 19, 0, 11, 15, 12], [9, 1, 6, 16]]
[[0, 9, 15, 11], [24, 28, 3, 5, 12, 16, 33, 0, 7, 2, 1, 8, 15, 17, 20, 21, 29, 30], [4, 12, 7, 16, 5, 14], [12, 7, 15, 4], [7, 13, 14, 21], [6, 19, 9, 22, 13, 23, 1, 3, 0, 21, 4, 10], [2, 26, 32, 0, 22, 5, 6, 18, 10, 11, 14, 23, 7], [8, 1, 11]]
[[12, 5, 14, 7, 9, 4, 0, 6, 8], [9, 12, 14, 4], [9], [0, 18, 1, 19, 3, 8], [12, 14, 9, 16, 15, 0], [10, 0, 5, 9], [4, 6, 7], [1], [9, 13, 7, 15, 14, 12], [13, 6, 10, 18, 4, 14, 0, 16, 17, 7, 11, 5, 2], [10, 1, 4, 6]]
[[12, 1, 10, 2], [6, 2, 1, 8, 7, 10, 5, 3], [3, 30, 25, 7, 10, 13, 21, 34, 12, 24], [10, 2, 6, 0, 12, 3, 5, 7, 13], [15, 13, 1, 6], [10, 11, 6, 13, 8, 1, 9, 2, 5, 0, 12, 15, 3], [10, 2, 11], [12, 10, 0, 15, 16, 19, 1], [0, 9, 11, 17, 4, 13, 19, 2, 1], [12, 1, 6, 7]]
[[1, 24, 11, 10, 3, 6, 13, 16, 22, 4, 12, 18, 14], [2, 3, 5, 6], [11, 8, 5, 9], [6, 2, 3], [2, 5, 10, 3, 6, 11, 16, 0, 4], [2, 6, 24, 7, 10, 0, 11, 16, 4], [5, 1, 2], [16, 31, 2, 13, 21, 34, 7, 14, 23, 35], [5, 1, 6, 11, 2, 10]]
[[9, 5, 11], [14, 6, 10, 16, 7, 11], [17, 1, 11, 14, 19, 6], [12, 19, 8, 0, 5, 1, 6, 9, 23, 22], [5, 7, 11, 2, 8, 12], [21, 12, 14, 8, 16, 18], [8, 12, 19, 5, 21, 6, 1, 3, 17], [14, 7, 11, 16, 8, 12, 3]]
[[0, 5, 8, 6], [14, 1, 24, 11, 28, 35, 38, 3, 12, 15, 18, 26, 29], [7, 16, 11, 4, 18, 10, 9], [3, 4, 9, 8], [3, 22, 17, 8, 18, 16, 7], [4, 9, 5], [10, 22, 14, 7, 15, 20], [3, 1, 7, 5, 18, 21, 4, 20, 17], [12, 20, 1, 7, 3, 14]]
[[5], [8, 21, 30, 4, 16, 22], [5, 8, 11], [12, 0, 9, 16], [11, 20, 34, 46, 57, 22, 24, 49, 8, 21]]
[[5, 4, 16, 2, 7, 12], [17, 27, 8, 23, 10, 5, 14, 19, 15], [0, 9, 7, 3], [11, 13, 15, 7], [8], [7, 0, 16], [6, 25, 2, 9, 18, 12, 3, 14, 11]]
[[18, 14, 8, 7, 15, 13, 19, 0, 2], [9, 18, 21, 28, 1, 3, 36, 38, 31, 39, 33, 35, 2], [6, 1, 5, 3], [16, 4, 8, 7, 17, 3, 19, 2, 9], [20, 16, 2, 6, 12, 18, 4, 9, 13, 1, 17, 3], [1, 14, 2, 0, 10, 13], [14, 4, 11, 23, 5, 12, 19, 18, 3], [11, 13, 20, 2, 24, 21, 23, 25, 19, 26, 7, 4], [4, 6, 14, 9, 1, 0], [12, 16, 5, 21, 6, 19, 11], [6, 13, 1, 5, 4, 10]]
[[0, 9, 15, 2, 6, 1, 5, 16, 7], [24, 5, 10, 13, 17, 22, 6, 8, 16, 3, 11, 0], [1, 0, 3, 6, 9, 22, 19, 24, 2, 21], [12, 1, 17, 5, 10, 22, 23, 7, 3, 19], [4, 9, 0, 13], [14, 20, 0, 6, 11, 10], [6, 16, 18, 1, 9, 14, 21, 24, 2], [12, 1, 3, 19, 24, 38, 4, 14, 13, 36, 37, 6, 16]]
[[0, 18, 5, 11, 6, 1, 9], [6, 25, 30, 27, 3, 9, 17, 33, 0, 8, 28, 2, 34, 1, 4, 13], [6, 16, 13, 4, 14, 17, 3], [14, 11, 5, 16, 7, 12, 9, 4, 8], [7, 4, 9, 5, 3, 2], [12, 19, 16, 5, 18, 17, 3], [11, 8, 5, 13, 9, 2, 4], [5, 13, 6, 11]]
[[0, 14, 5, 7, 11, 8, 1, 15, 4, 2, 3], [4, 11, 14, 19, 1, 6, 17, 22, 7, 15], [9, 16, 5, 0], [18, 3, 8, 12, 21, 4, 13, 22, 15, 0, 11, 23, 19], [11, 3, 6, 9, 15, 0, 7], [11, 5, 0, 7, 8, 10], [7, 13, 10, 20, 2, 14], [27, 9, 20, 6, 11, 22, 25], [5, 24, 1, 3, 8, 18, 21, 4, 14, 17], [19, 2, 10, 14, 24, 11, 3, 21, 7]]
[[5], [6, 10, 12, 9, 4, 15, 2, 13, 1], [5, 12, 30, 0, 2, 7, 23], [12, 3, 1, 4, 7, 10, 5], [15, 2, 6, 11, 4, 7], [10, 0, 11, 2, 3, 16, 23, 17, 6, 4], [5, 2, 1], [6, 13, 0, 2, 7, 14], [12, 25, 34, 50, 61, 68, 77, 88, 4, 19, 80, 0, 8], [3, 18, 0, 15, 2, 9, 21, 1, 6, 22], [16, 26, 11, 13]]
[[0, 7, 14, 2, 8, 1, 11, 6, 10, 13, 3], [21, 18, 9, 20, 0, 4, 12], [5, 8, 12, 17, 1, 10, 13], [9, 12, 10, 4, 2, 0], [7, 10, 14, 32, 12, 15, 27, 21, 2, 11, 26, 30, 17, 9, 25, 29], [18, 8, 11, 13, 3, 9, 15, 22, 2], [3, 7, 12, 16, 4, 13, 1], [0, 3, 13, 1, 9, 12, 4], [9, 1, 7]]
[[5, 7, 10], [7, 21, 35, 49, 4, 22, 37, 39, 13, 24, 27, 43, 46], [2, 6, 19, 13, 21, 25, 0, 23, 26, 4], [13, 27, 5, 0, 1, 7, 11, 24, 6, 10, 25, 4], [4, 1, 8], [2, 9, 6, 11], [1, 10, 5, 6, 8, 13, 12], [11, 14, 3, 19, 15, 0, 17], [3, 6, 21, 26, 0, 7, 23, 1, 10, 9, 15, 18]]
[[9, 4, 12, 14, 17, 15, 18, 7, 1], [7, 9, 8, 12, 0, 19, 14], [10, 22, 23, 4, 8, 16], [23, 32, 4, 21, 36, 0, 7, 29, 17], [11, 0, 14]]
[[10, 3, 7, 5, 4, 0], [9, 5, 10, 3], [17, 19, 1, 12, 4, 23, 20, 0, 21, 2], [14, 17, 7, 5, 15, 18], [0, 2, 5], [1, 10, 13, 2, 11, 14, 8], [3, 0, 7, 10], [7, 4, 5], [11, 8, 13, 5, 1, 4, 0, 14, 9], [6, 23, 17, 21], [13, 3, 10, 8, 4, 7]]
[[24, 3, 29, 12, 16, 21, 32, 35, 10, 17, 33, 36, 39], [17, 6, 23, 25, 0, 3, 11, 2, 19, 16, 10, 15, 4], [6, 7, 2, 11], [6, 12, 15, 18, 7, 16, 3], [2, 12, 7, 14, 5, 4, 13], [17, 23, 2, 7, 11, 19, 6, 0, 18, 3, 8, 12], [1, 2, 8]]
[[5, 7, 1, 2, 8, 11], [14, 16, 0, 17, 3, 2, 1, 7, 11], [10, 6, 4, 7], [8, 14, 5, 9, 3, 6], [8, 2, 7], [10, 13, 2, 14, 6, 5, 0], [6, 2, 1, 4], [16, 4, 11, 20, 12, 17, 1, 8, 19], [14, 7, 11, 15]]
[[10, 24, 37, 12, 13, 1, 15, 18, 2, 16, 38, 21, 14, 23, 4, 3, 30, 33], [3, 9, 6, 12], [11, 6, 5, 0, 7, 12], [8, 0, 4, 7, 10, 13], [8, 23, 5, 14, 15, 20], [12, 19, 4, 13]]
[[0, 7, 33, 35, 41, 22, 5, 10, 12, 16], [11, 30, 20, 28, 6, 10, 21, 23, 25, 5, 1, 8, 9], [14, 23, 28, 11, 18, 25, 9, 26, 13, 17, 4, 1], [13, 29, 15, 26, 6, 11, 16, 27, 18, 5, 9, 10, 4, 8, 19, 21], [15, 23, 8, 17, 26, 4, 18, 27, 0, 3, 9, 2], [26, 31, 17, 24, 28, 5, 10, 15, 29, 20, 23, 4, 8], [12, 8, 5, 9, 4, 0, 10], [22, 21, 0, 7, 12, 9, 13, 8, 17, 18], [12, 2, 10, 7, 3, 6, 13]]
[[2, 1, 6, 0, 3, 7], [10, 13, 7, 6, 3, 5, 0], [4, 2, 5, 1], [18, 11, 16, 20, 0, 10], [2, 0, 1, 3], [3, 0, 1], [14, 4, 11, 16, 17, 1], [9, 0, 2, 5, 8, 6], [29, 9, 15, 0, 11, 17, 21, 25, 27, 32], [17, 14, 4, 9, 18, 3, 8, 7, 0, 1], [12, 1, 4, 5], [8, 2, 5, 14, 0, 12, 11], [28, 16, 0, 12, 15, 5, 21, 24, 3, 29], [7, 10, 19, 8, 20, 22, 3, 14, 0], [12, 21, 17, 5, 9, 3, 23, 18, 0]]
[[5, 4, 0], [9, 4, 10, 15, 20, 12], [1, 10, 8, 11], [8, 9, 5, 11, 6, 12], [0], [0, 19, 8, 14, 1, 11], [8, 2, 5, 11], [8, 6, 7, 10, 5, 1], [20, 14, 15, 22, 30, 3, 12], [9, 0, 2, 11, 21, 3, 18, 13, 20], [9, 1, 11, 16]]
[[11, 3, 5, 8, 1, 6], [1, 7, 2, 4, 12], [17, 4, 12, 18], [3, 13, 19, 5, 8, 7, 0, 6, 9, 20, 21], [24, 10, 17, 12, 19, 6], [4, 1, 10, 11]]
[[18, 5, 2, 4, 15, 7, 20], [25, 8, 13, 22, 31, 36, 0, 11, 16, 23, 32, 21, 34, 9, 20, 10], [5, 3, 4, 0], [1, 12, 9, 4, 5, 13, 3], [8, 12, 2, 14], [2, 10, 20, 7, 16, 15, 3], [0, 14, 25, 4, 7, 10, 19, 28, 20, 29], [7, 15, 20, 1, 4, 8, 5, 16, 3], [8, 12, 3, 9], [14, 21, 25, 27, 4, 17, 29, 0, 11], [2], [4, 0, 8]]
[[13, 9, 2, 11, 6, 15, 4], [14, 3, 18, 8, 12, 16], [8, 23, 14, 6, 16, 19, 2, 10, 1], [16, 2, 1, 4, 13, 8, 3], [24, 1, 7, 16, 5, 9, 22, 6, 19], [14, 1, 10, 16], [15, 17, 4, 20]]
[[13, 16, 18, 3, 14, 19, 9, 2, 5, 0], [5, 10, 2, 0], [6, 12, 21, 0, 2, 8], [14, 23, 4, 17, 11, 20, 5, 18, 2], [15, 29, 38, 5, 4, 16, 7, 11, 18, 22, 8, 12, 20, 23, 26], [14, 21, 0, 11, 18, 1, 5], [13, 14, 6], [12, 23, 17, 0, 8, 20, 1, 18, 5, 13]]
[[18, 6, 11, 16, 20, 14], [2, 10, 35, 32, 5, 12, 28, 8, 33, 36], [5, 7, 10, 13, 14, 2, 8, 15, 20], [4, 1, 6, 9], [6, 13, 3, 15, 2, 10, 11], [8, 5, 7], [17, 23, 19, 15, 2, 14, 20, 21, 4, 0, 7, 9], [4, 18, 0, 15, 1, 13], [9, 3, 14, 6, 10, 1, 5]]
[[5, 8, 9], [11, 17, 3, 5, 2, 8, 6], [16, 3, 10, 18, 0, 11, 6, 2, 17, 12], [23, 0, 6, 2, 3, 10, 20, 18, 4, 14], [13, 24, 34, 4, 17, 32, 9, 30, 28, 3, 2, 29, 8], [11, 17, 26, 3, 30, 1, 21, 23, 5, 31, 15, 16, 22, 29, 27], [14, 5, 0, 1, 9, 18, 6], [10, 21, 16, 18, 6, 19, 1, 4, 13], [15, 0, 11, 8, 2, 7, 12]]
[[6, 12, 13], [9, 14, 2], [8, 10, 9, 11], [13, 14, 5], [10, 3, 6, 12], [], [8, 15, 3, 1], [12, 7, 18]]
[[18, 14, 17, 7, 20, 8, 19], [5, 2, 6, 10], [24, 5, 13, 9, 2, 10, 19, 1, 6], [4, 6, 10], [16, 4, 1, 13, 12, 0], [12, 0, 13, 3], [7, 13, 5, 0], [20, 1, 3, 7, 9, 13, 23, 24, 22, 0], [0, 3, 4], [20, 27, 18, 2, 11, 24, 25, 8, 26], [19, 10, 16, 5, 14, 17, 13], [13, 2, 14, 0, 6, 18], [0, 1, 4]]
[[1, 8, 6, 2], [1, 10, 17, 7, 20, 3], [27, 4, 13, 11, 16, 19, 22], [13, 1, 11, 5, 9, 2], [6], [14, 3, 16, 0, 11, 17], [7, 5, 11], [33, 19, 11, 20, 6, 8, 14, 17, 23, 27, 22, 1], [12, 3, 18, 19, 8, 23, 28], [17, 20, 8, 13, 1, 3, 11], [4, 13, 11, 7, 8, 9]]
[[5, 7, 8], [16, 5, 13, 6], [0, 5, 9, 1, 4, 2, 3, 10, 17], [17, 0, 5, 14, 3, 9], [11, 5, 18, 6, 16, 15, 2, 1, 0, 19, 4], [13, 21, 4, 1, 17, 18, 19, 23, 5, 22, 20, 8], [13, 7, 17, 10, 0, 3, 14, 11, 15, 1], [17, 0, 2, 10, 14, 11, 15, 3, 8]]
[[0, 10, 1, 6, 16, 25], [12, 5, 17, 7, 0, 9, 6, 18, 4], [11, 16, 3, 8, 14, 12], [8, 12, 14, 13, 4, 5], [11, 19, 15, 6, 2, 20, 16, 3, 13, 5], [1, 9, 10, 7, 4, 11, 8], [9, 10, 6, 4], [18, 5, 14, 6, 11, 10], [5, 10, 1, 11, 3, 16, 4]]
[[4, 7, 11, 12, 1, 8], [8, 12, 5, 18], [18, 21, 0, 2, 19, 7, 15, 23, 4, 29, 3, 12, 25], [3, 0, 2, 19, 16, 4, 9, 14, 12], [8, 13, 1, 16, 10, 14, 19], [22, 11, 13, 18, 4, 15], [0, 16, 4, 8, 11, 2, 1, 5, 7], [4, 11, 9, 1]]
[[5, 9, 7], [16, 13, 9, 4, 19, 14, 0, 12, 18], [17, 3, 13, 21, 0, 10, 22], [10, 6, 7, 20, 18, 16], [5, 37, 81, 11, 17, 44, 0, 2, 8, 46, 54, 61, 64, 27, 39, 83], [5, 11, 31, 0, 6, 16, 23, 1, 14, 4, 8, 17, 7, 22, 9, 18, 24], [2], [1]]
[[5, 7, 8], [7, 2, 16, 13, 18, 3, 12], [14, 1, 5], [11, 18, 3, 0, 2, 12, 1, 14], [0, 14, 2, 8], [9, 1, 10, 17], [17, 26, 21, 4, 22, 0, 1, 24, 9, 23, 5, 6], [15, 16, 2, 12, 11, 9, 0], [12, 1, 4, 15], [5, 8, 15], [20, 5, 7, 21, 13, 16, 1], [6, 23, 9, 14, 20, 2]]
[[0, 4, 7, 10, 13, 2], [15, 18, 22, 25, 0, 19, 23], [9, 12, 14, 11], [5, 12, 1, 10, 13, 6], [12, 3, 18, 1, 8, 17, 0, 7, 16], [7, 4, 10, 14, 17, 2, 5, 11, 18], [6, 7, 3, 12, 15, 13, 16], [13, 17, 9, 21, 24, 22, 20, 6, 15], [10, 13, 16, 4, 8, 14], [6, 20, 1, 12, 24, 18, 22], [14, 18, 23, 0, 12, 21]]
[[7, 22, 13, 21, 10, 17], [18, 2, 4, 5, 12, 0, 15], [6, 1, 11], [18, 4, 0, 14], [13, 5, 0, 10], [10, 1, 5, 2, 0, 4], [2, 9, 11, 12, 4, 0], [14, 3, 4], [11, 12, 7], [12, 16, 18, 9, 25, 26, 19]]
[[19, 1, 17, 10, 9, 13, 4, 2, 8, 16, 6, 0], [7, 8, 13, 4, 11, 1, 6], [4, 6, 8, 16, 14, 12, 1, 5, 13, 3], [9, 5, 14, 17, 3, 11], [2, 5, 15, 6, 10, 3], [12, 1, 15, 9, 2, 8, 5]]
[[0, 12, 5, 9], [3, 5, 7, 14, 9, 6], [18, 2, 4, 1, 7, 10, 5], [21, 3, 5, 16, 18, 0, 7], [8, 23, 2, 10, 5, 12, 9, 15, 18, 6, 13, 4, 3], [10, 4, 6, 21, 19, 8, 11], [1, 17, 4, 6, 3, 9, 12, 7, 5], [11, 23, 14, 16, 0, 21, 28, 1, 9, 12], [10]]
[[9, 17, 28, 4, 14, 19, 24], [23, 3, 7, 20, 27, 18], [9, 16, 5, 13, 19, 6], [3, 6, 9, 13, 0, 7, 10], [13, 17, 0, 8, 18, 20, 3, 4, 5, 19, 21], [13, 4, 7, 17, 5, 10, 18, 1, 9], [29, 39, 9, 3, 12, 17, 21, 36, 44, 34, 37, 41, 10, 33, 30], [18, 26, 3, 22, 7, 14, 12]]
[[18, 22, 11, 14, 25, 27, 7, 12, 28, 23, 1, 5], [8, 13, 10, 0, 2, 9, 3], [10, 3, 7, 6, 11, 2, 13, 9, 16], [15, 19, 23, 3, 27, 6], [9, 0, 19, 2, 13, 22, 7], [11, 18, 21, 14, 3, 17, 0], [14, 9, 6, 11, 19, 1, 2], [13, 0, 14, 7, 10, 21], [13, 3, 8, 1, 12, 2]]
[[6, 27, 4, 11, 15, 2, 8, 12, 25, 1, 7, 21], [5, 6, 3, 9, 12, 17, 0, 10, 2], [1, 6, 11, 3, 7, 8, 5, 9, 14, 17], [3, 12, 15, 1, 13, 10, 8, 7, 16, 11], [7, 8, 14, 2, 13, 1, 5, 11, 4], [6, 1, 9, 8, 2, 0, 3], [2, 3, 10, 4, 8, 7], [13, 6, 4, 0, 7, 11, 14, 1], [10, 1, 6, 5, 2, 12], [9, 14, 3, 16, 4, 11, 1, 0, 10], [8, 11, 1], [21, 15, 7, 8, 25, 23, 14]]
[[22, 5, 10, 13, 16, 3, 6, 11, 14, 20, 23, 9, 2, 19, 8], [3, 1, 2], [0, 24, 5, 9, 14, 27], [4, 10, 13, 14, 8, 7, 15, 5, 11], [17, 3, 7, 10, 14, 5, 4, 19, 16, 8], [9, 6, 11, 0], [24, 11, 16, 20, 17, 21, 6, 5, 8, 0, 7, 10, 12, 25, 26], [12, 7, 9, 5, 10, 1], [2, 7, 3, 11], [9, 2, 7, 16, 0, 17, 3], [15, 5, 0, 18, 1, 10, 13, 19, 17], [11, 19, 0, 6, 4, 18]]
[[5, 8, 12, 9], [16, 3, 2, 5, 8, 6, 11, 4, 0, 19], [17, 8, 9, 13, 15, 20, 1], [5, 0, 14, 2, 6, 8, 9, 18, 10], [6, 8, 14, 12, 13, 3, 9, 10], [14, 6, 10, 3, 0, 1, 4], [4, 7, 8], [27, 1, 33, 9, 22, 35, 36, 15, 4, 34, 10, 12], [4, 8, 13, 2, 6, 16], [18, 66, 10, 55, 33, 51, 62, 68, 23, 60, 16, 1, 49, 36, 56]]
[[11, 3, 18, 15, 8, 21], [10, 13, 14, 9, 2, 11, 12, 3, 15], [5, 16, 0, 6, 8, 17], [13, 3, 5, 0], [17, 29, 3, 5, 6, 8], [0, 2, 8, 9], [0, 4, 5, 11], [4, 11, 1, 8, 21, 12], [7]]
[[5, 9, 4], [2, 6, 8, 7, 12, 11], [13, 23, 26, 3, 17, 19, 9], [0, 19, 7, 4, 12, 15, 16], [18, 15, 0, 3, 7, 11, 1, 12, 16, 19], [8, 16, 4, 1, 19, 6, 10, 2, 11, 23], [38, 13, 29, 15, 21, 4, 18, 36, 7, 16, 19, 23, 33, 14, 30, 26], [25, 30, 10, 13, 16, 22, 1, 5, 11, 14, 20, 23], [1, 12, 26, 6, 10, 14, 17, 27, 8, 9, 24, 13, 20], [10, 3, 6, 11], [9, 12, 15, 5], [9, 12, 6, 1, 2, 16]]
[[5, 4, 0, 6], [11, 7, 5], [10, 1, 6, 3], [12, 6, 0, 4, 15, 9, 13], [8, 4, 1, 9, 0, 10], [7, 11, 0, 3, 10, 2], [10, 19, 17, 6, 20, 15], [9, 10, 1], [2], [6, 0, 17, 13, 3, 14], [9]]
[[7, 13, 9, 15, 10, 16], [11, 14, 8, 5, 15, 20, 13], [2], [22, 7, 2, 5, 3, 10, 13], [7, 11, 1], [9, 0, 3], [6], [20, 14, 8, 6, 10, 17], [9, 1, 2, 4, 3, 10], [9, 7, 4], [6, 16, 2, 7, 13, 23, 0, 17, 24], [8, 13, 15, 21], [13, 1, 8, 19, 21, 4, 3, 17, 2]]
[[12, 5, 8, 14, 9, 4], [12, 7, 5, 14, 4, 16], [0, 11, 5], [21, 19, 25, 17, 29, 0, 8], [4, 8, 14, 17, 21, 5, 22, 16, 10], [6, 3, 11, 14, 18, 19, 7], [19, 17, 23, 7, 12, 5, 9, 15, 25], [17, 22, 4, 12, 9, 8, 3, 0, 24, 5, 13, 11], [7, 1, 2]]
[[9, 17, 23, 3, 20, 21, 26, 6, 13, 0], [6, 9, 5, 3, 11, 13], [4], [1, 5, 10], [4, 12, 7, 2]]
[[24, 29, 3, 6, 14, 8, 10, 21, 26, 11], [6, 1, 0], [3, 6, 12, 15, 8, 0, 7, 1, 13], [17, 6, 14, 7, 12, 15, 11], [2, 9, 0], [13, 16, 22, 5, 0, 21], [5, 0, 17, 3]]
[[10, 5, 7, 8], [3, 7, 10, 8], [7, 11, 22, 5, 10, 13, 16, 21, 24, 14], [2, 10, 6, 7], [7, 8, 12, 16, 6, 5, 11, 15, 1, 2], [9, 2, 4, 6], [5, 11, 18, 3, 8, 0, 16, 2, 10, 1], [10, 22, 35, 37, 11, 15, 17, 40, 45, 46, 38, 2, 5, 32, 33], [10, 19, 23, 0, 4, 17, 15], [1, 3, 8, 12, 17, 19, 4], [4, 7, 26, 0, 10, 20, 23]]
[[0, 13, 5, 7], [9, 10, 21, 13, 0, 7], [7, 14, 4, 2], [15, 7, 13, 2, 9, 4], [2, 10, 3, 6], [24, 15, 12, 17, 4, 8], [17, 8, 11, 14, 4, 12, 7, 1, 15]]
[[0, 5, 8], [14, 22, 3, 13, 8, 16, 18], [21, 4, 2, 6, 16, 17, 5, 10, 13, 24], [24, 3, 16, 20, 38, 41, 6, 9, 21, 25, 31, 39], [8], [11, 1, 2, 0], [18, 28, 31, 26, 35, 9, 29, 33, 13], [11, 1, 8]]
[[16, 10, 7, 6, 12, 11, 14, 17, 9, 3], [1], [22, 8, 10, 7, 13, 16, 3, 11, 2, 9], [6, 0, 2, 7, 14, 3, 11], [10, 1, 4], [19, 22, 5, 7, 26, 14, 9, 1, 8, 28, 27, 4], [3, 4, 13, 15, 14, 1, 0], [1]]
[[2, 9, 14, 7, 6, 15], [27, 11, 21, 14, 5, 17, 6], [7, 14, 17, 0, 4, 9], [5, 8, 21, 9, 3, 15, 11, 12, 1, 0, 10, 14], [10, 1, 3, 8, 19, 20], [6, 1, 3], [10, 21, 35, 18, 0, 11, 16, 25, 32, 12]]
[[1, 8, 6, 2], [0, 16, 6, 19, 9, 2], [5, 8, 2, 1], [3, 12, 10], [10, 17, 6, 0, 4, 12, 21, 19, 16], [19, 24, 0, 1, 4, 6, 16, 21, 26, 2, 14, 22], [4, 1, 2], [6, 14, 17, 22, 8, 11, 1], [10, 17, 27, 22, 25, 6, 8]]
[[9, 3, 15, 6, 11, 16], [3, 9, 6, 11, 14, 4], [9, 3, 6, 4], [22, 5, 6, 17, 10, 7, 0, 4, 8, 12], [7, 4, 1], [4, 17, 0, 9, 14, 1, 3], [9, 7, 4, 21, 8, 2, 17, 18, 0]]
[[3, 9, 12, 6, 10, 13, 1], [2, 4, 7, 14], [10, 18, 11, 1, 6, 8, 20, 2, 5], [0, 9, 20, 2], [13, 7, 9, 10, 1, 4], [11, 3, 8, 6, 4, 5]]
[[18, 4, 5, 7, 10, 8, 13, 6, 19], [3, 10, 12, 0, 6, 4, 5], [4, 6, 9, 7, 0, 2, 10], [8, 0, 13, 16, 1, 10, 14, 9, 4], [17, 19, 12, 5, 1, 9, 21], [4, 2, 6, 9, 17, 7], [4, 10, 7, 8]]
[[5, 3, 7, 2], [23, 1, 10, 7, 13, 18, 5, 9, 2], [11, 7, 15, 5, 13, 1], [4, 16, 10, 12, 1, 6, 0, 22, 17], [15, 0, 3, 11, 14, 2, 8, 10, 1], [6, 17, 9, 1], [20, 12, 17], [8, 0, 5, 11, 3, 9, 2, 16, 19, 1, 15, 6], [5, 1, 9, 7, 2, 0]]
[[0, 14, 5, 8, 11, 9, 12], [13, 15, 17, 0, 10, 18], [20, 1, 3, 5, 11, 14, 17, 6, 10], [16, 10, 6, 11, 14, 19, 7, 12, 3, 2], [9, 21, 11, 5, 13, 6], [15, 19, 13, 6, 17, 4, 7, 14, 12, 8, 10], [20, 7, 16, 5, 13, 22, 12], [13, 18, 2, 7, 3, 19, 10]]
[[12, 5, 8, 9, 4, 0], [0, 9, 25, 17, 5, 6], [6, 18, 20, 3, 11, 0, 13, 7, 2, 22, 1, 9], [19, 8, 16, 9, 14, 20, 13], [12, 1, 13, 4, 21, 8], [12, 6, 1, 2], [5, 0, 1, 7, 11, 6], [19, 1, 10, 14, 8, 2, 4, 24, 0, 23], [17, 11, 0, 5, 8, 4, 1], [7, 18, 10, 12, 19, 5], [5, 10, 14, 16, 17, 0, 8, 1, 7], [4, 10, 13, 15, 16, 0], [19, 9, 16, 10], [2]]
[[7, 15, 13, 1, 12, 5, 0], [2, 8, 0], [2, 6, 14, 18, 5, 8], [13, 8, 4, 14, 11, 10], [12, 1, 16], [30, 17, 20, 15, 18, 7, 10, 23, 5], [11, 7, 21, 25, 6, 0, 22, 5, 13]]
[[5, 14, 18, 3, 6, 12, 19, 17, 2, 11, 10, 0], [6, 12, 19, 13, 8, 16, 2, 1, 14], [4, 20, 2, 11, 14, 22, 0, 9, 8, 7, 25], [7, 4, 9, 12, 15, 17, 28, 0, 10, 18, 21, 29, 8, 16, 1], [5, 2, 16, 14, 19, 8, 13, 12, 15, 3], [5, 15, 2, 1, 12, 8], [9, 3, 5, 12, 8, 10, 6], [8, 14, 1, 10, 9, 12], [19, 11, 8, 16, 22, 24, 4, 14, 12, 13], [7, 17, 10, 4, 13, 11, 14, 12, 5], [14, 13, 3, 15, 16, 17], [3, 4, 0, 7, 11, 8, 2], [1, 8, 10]]
[[4, 11, 16, 19], [10, 9, 12, 8, 18, 3, 0, 13, 23], [3, 0, 18, 5, 10, 1, 6, 11, 4], [15, 8, 18, 6, 16, 11], [13, 16, 3, 18, 10, 24, 11, 21, 5, 0], [18, 1, 9, 15, 5, 13], [15, 0, 19, 1]]
[[5, 11, 9], [16, 10, 19, 12, 5, 14], [13, 2, 4, 10, 0, 8, 21, 7, 20], [9, 15, 17, 12], [15, 20, 22, 0, 11, 28, 1], [4, 7, 21, 0, 8, 9], [8, 1, 12]]
[[8, 13, 12, 15, 18, 16, 9, 14, 11, 17, 19, 0], [12, 0, 3, 2, 1, 7, 13], [11, 3, 7, 4, 8, 0], [12, 7, 3, 4, 2, 8, 9, 13, 19], [4, 13, 8, 2, 9, 5, 10], [4, 12, 17, 7, 15, 2, 8, 9, 13, 18], [6, 9, 4, 14, 15, 11, 10], [13, 4, 10, 8], [22, 29, 10, 6, 12, 30, 1, 2, 13]]
[[9, 12, 14, 11, 17, 21, 24, 0, 15, 20, 13, 25, 29], [6, 16, 30, 21, 25, 0, 12, 19, 31, 2, 8, 15, 17, 34, 22], [6, 17, 11, 4, 13, 12, 7, 1, 5, 14], [9, 19, 11, 2, 15, 3, 13, 20, 23, 12, 18, 24], [8, 12, 17, 4, 11, 10, 15, 0, 1, 5], [20, 3, 9, 17, 15, 8, 7], [14, 25, 12, 19, 22, 4]]
[[9, 3, 8, 11, 14, 12], [18, 3, 5], [4, 8, 3, 6, 0, 10, 9, 2, 1], [7, 4, 6, 11, 15, 18], [10, 22, 2, 19, 0, 7, 12], [9, 14, 5]]
[[5, 16, 9, 3, 8, 11, 12], [2, 17, 10, 5, 4, 8, 6, 7, 18, 19], [1, 5, 9, 20, 19, 17, 3, 14, 15, 18], [19, 0, 10, 3, 16, 14], [17, 2, 8, 20, 0, 23, 3, 13, 24, 9, 12, 14], [8, 2, 4, 5, 7, 13, 17]]
[[12, 3, 8, 17, 4, 9, 18, 20, 7, 16], [20, 1, 5, 12, 29, 6, 13, 17, 21], [21, 1, 4, 19, 13, 25, 2, 23, 5, 8], [12, 7, 0], [5, 11, 8, 14, 13, 6], [15, 6, 8, 9], [9, 19, 3, 1, 10, 5, 15], [4]]
[[0, 18, 7, 9, 13, 1, 8, 14, 6], [25, 31, 27, 23, 2, 8, 17, 14, 1, 28], [6, 13, 10, 8, 4, 0], [11, 21, 1, 18, 27, 31, 3, 12, 23, 28, 26, 2], [1, 7, 11, 22, 14, 9, 0, 12, 23, 13], [21, 2, 13, 23, 0, 14], [15, 7, 8, 12, 18, 4, 3], [16, 8, 13, 19, 9, 20, 5], [11, 16, 8, 9, 5, 14, 4, 17, 0], [10, 18, 5, 15, 6, 16, 7], [29, 8, 10, 4, 7, 12, 21, 25, 30]]
[[0, 34, 6, 10, 38, 12, 28, 39, 42, 27, 16, 21, 1], [5, 1, 9, 3, 10, 2], [8, 5, 16, 11, 7, 0, 6], [1, 18, 8, 15, 3, 12], [1, 4, 6], [3, 7, 14, 12, 18, 0, 6, 8, 17], [2, 10, 5, 12, 4, 11], [3, 5, 10, 17, 9, 21], [17, 1, 8, 14, 4, 18, 2], [9, 18, 13, 7, 11, 15, 22, 4, 20], [1, 3, 2], [7, 3, 11, 19, 22, 4, 9, 12, 8], [6, 1, 7, 14, 3, 4, 16, 19, 23]]
[[13, 4, 6, 10, 7, 0], [10, 7, 12, 5], [9, 0, 1, 13], [7, 9, 11, 14], [7], [9, 15, 16], [9, 16, 2, 4, 11, 5, 3], [12, 8, 0, 1, 4, 9], [9, 21, 16, 6, 18, 29, 0, 10, 23, 19, 33, 30], [8, 2, 5, 14, 19, 3, 17], [7, 2, 1], [14, 20, 7, 2, 3, 12], [10, 1, 3, 7], [7, 5, 10], [19, 22, 24, 9, 16, 14], [2], [6, 0, 10, 18, 3, 14, 9]]
[[19, 3, 5], [12, 1, 5, 4, 13, 10], [10, 1, 8], [14, 4, 1, 5, 11, 3], [0, 7, 13, 15], [6, 15, 14, 10], [6, 11, 26, 0, 15, 4], [1, 22, 12, 7, 14, 19]]
[[7, 17, 3, 12, 9, 15, 4], [11, 3, 5, 1, 2, 7], [18, 5, 15, 2, 7, 11, 10], [5, 7, 9], [4, 1, 0], [3, 11, 1, 6], [5, 1, 2], [2, 3, 5], [4, 15, 0, 9, 1, 3, 10], [5, 16, 9, 7]]
[[5, 24, 37, 11, 31, 32, 10, 1, 13, 14, 25, 19, 38, 12, 9, 6, 2, 16, 26, 33], [3, 1, 5], [8, 20, 34, 50, 3, 16, 0, 14, 21, 31, 9, 23, 18, 47, 27], [16, 28, 32, 5, 0, 21, 1, 25, 14, 19], [0, 3, 16, 9, 13, 4], [12, 15, 2, 6, 9, 14], [4, 9, 29, 0, 10, 16, 26, 1, 14]]
[[4, 11, 8, 1], [4, 15, 7, 9, 12, 10, 8], [7], [3, 11, 1, 10], [0, 19, 22, 4, 8, 11], [15, 2, 8, 3, 1, 0, 4, 5, 7], [15, 4, 16, 22], [22, 5, 11, 17, 6, 15, 14], [6, 31, 11, 1, 3, 17, 18, 25, 4, 14, 13, 2, 10]]
[[2, 12, 24, 7, 4, 18, 21, 8, 17, 13], [18, 30, 3, 10, 21, 25, 0, 22, 6, 2, 19, 9, 1, 7, 14, 23], [2, 6, 5, 0, 3], [9, 29, 15, 0, 5, 12, 17, 20, 6, 10, 18, 23, 16, 4, 24, 30], [11, 8, 13, 5], [20, 1, 13, 5, 2, 14, 4], [11, 12, 14], [18, 0, 21, 10, 4, 19], [22, 0, 17, 13, 3, 2]]
[[4], [9, 25, 2, 5, 12, 22, 6, 16, 0, 19], [1, 16, 4, 8, 13, 18, 6, 9, 14], [6, 11, 8, 13], [27, 9, 0, 24, 1, 17, 10, 4, 14, 29, 12, 13], [8, 18, 6, 0, 12, 7], [10, 1, 6], [5, 15, 10, 1, 3, 11, 0, 6, 16], [31, 38, 8, 20, 12, 15, 30, 1, 13, 23, 25, 36], [10, 16, 8, 14], [6, 9, 26, 11, 0, 13, 23, 20, 5]]
[[1, 6, 11, 7, 2, 0, 3], [15, 14, 17, 19, 0, 20, 16], [7, 15, 13], [3], [6, 1, 4, 8], [5, 4, 3, 0], [15, 16, 5, 2, 7, 12, 18, 0, 3, 8, 13, 19], [17, 26, 34, 11, 0, 5, 8, 15, 20, 30, 22, 27, 31], [7, 15, 17, 8, 12, 11], [9, 13, 2, 6, 16, 19, 21, 0, 7, 10, 17, 22, 3, 23, 14]]
[[10, 14, 5, 11], [5, 9, 12, 17, 3, 18, 2, 14, 6, 13], [22, 27, 33, 14, 9, 24, 29], [20, 6, 5, 11, 15, 9, 7, 0, 4, 1, 2], [10, 9, 0, 6], [2, 13, 0, 9, 16, 15, 4, 12, 7], [13, 24, 8, 0, 19, 22, 26, 20, 11, 4, 25, 27, 14, 18, 7], [27, 15, 17, 5, 9, 20], [6, 30, 13, 0, 2, 16, 18, 23, 33, 7, 14, 8], [5, 16, 13, 12, 4, 3]]
[[18, 31, 14, 16, 26, 5, 20, 28, 3, 21, 2, 15, 27], [17, 0, 3, 8, 11, 2, 1], [0, 17, 9, 11, 5, 2, 13], [30, 12, 18, 2, 23, 0, 16, 14, 26], [2, 8, 10, 0, 7, 17, 18, 9, 15], [9, 0, 4, 1, 5, 6], [8, 0, 3, 10, 16, 5], [13, 2, 7, 0], [7], [7, 16, 11, 4, 8, 0, 17], [13, 0, 4, 7, 21, 2, 14, 6, 1]]
[[2, 14, 26, 9, 6, 23, 3, 7, 20, 10, 19, 15], [15, 3, 9, 12], [12, 7, 9, 15, 4, 10, 1], [6, 0, 2, 11, 13, 14], [8, 29, 33, 0, 2, 15, 22, 12, 31, 9, 3, 23], [14, 21, 8, 9, 18, 23], [8, 1, 12]]
[[3, 21, 5, 11], [5, 10, 2, 6], [3, 29, 12, 19, 17, 23, 25, 4, 30, 2, 28, 5, 7], [0, 6, 7, 9, 22, 31, 28], [22, 1, 7, 25, 2, 18, 14, 15, 8, 0], [16, 15, 0, 8, 1, 4], [15, 9, 11, 13], [9, 8, 13], [27, 31, 2, 0, 22, 4, 10, 17, 29, 18, 3, 9]]
[[7, 5, 11, 14, 3, 9], [2, 6, 10, 0, 7, 11], [21, 3, 11, 13, 0, 14, 6, 2, 1, 9, 17, 22], [0, 27, 37, 6, 28, 5, 11, 25, 35, 40, 19, 41, 1], [11, 5, 12, 15, 17, 19, 6, 8, 16, 13], [17, 6, 18, 11, 14, 21, 25, 26, 15, 23, 27, 7], [19, 4, 13, 25, 3, 24, 15, 29, 32, 34, 37, 35], [8, 0, 2, 4, 11, 21, 25, 28, 5, 22], [17, 1, 7, 9], [17, 27, 8, 4, 10, 19, 23]]
[[16, 5, 10, 3, 2, 6, 9, 8, 7], [13, 2, 1, 18, 4, 7, 27, 5, 10, 26], [10, 6, 5, 3, 2, 11], [3, 10, 12, 4, 2, 11], [6, 10, 16, 5, 13, 11, 4], [13, 16, 7, 11, 17, 1, 10], [11, 17, 14, 6, 2, 15, 3, 5], [9, 12, 6, 7, 13, 1], [27, 8, 13, 5, 11, 14, 21, 20, 10, 9], [8, 26, 11, 13, 1, 9, 5, 18, 23, 33], [8, 1, 12], [21, 5, 0, 15, 19, 1, 11]]
[[9, 5, 11, 4], [10, 22, 36, 2, 8, 12, 37, 1, 6, 0, 7, 25], [10, 14, 12, 2, 7, 16], [13, 10, 1], [7, 10, 18, 0, 13, 11, 20, 19], [13, 4, 17, 8], [8, 10, 1, 0, 4, 9], [5, 12, 21, 27, 16, 23, 18, 0, 13, 22, 28, 19], [12, 0, 9, 2, 10, 4], [19, 10, 16, 6, 17, 0, 5, 11, 12, 9], [12, 14, 8, 9], [7], [0], [2], [13, 15, 8, 22, 23, 5, 0]]
[[0, 5, 9, 6], [17, 24, 3, 9, 14, 20, 4, 7, 10, 12], [14, 17, 3, 9, 5, 15, 4], [15, 3, 6], [7, 3, 4, 8], [8, 14, 21, 1], [10, 16, 0, 2, 6, 3]]
[[5, 8, 12, 10, 9, 13, 6], [15, 22, 35, 48, 25, 41, 6, 43, 44, 53, 11, 30], [6, 11, 13, 3, 4, 9, 10], [6, 2, 3], [11, 4, 2, 5, 3, 12], [12, 6, 16, 2, 14, 7], [1, 5, 18, 7, 13, 15, 8, 14, 12], [1, 4, 5, 2, 6], [4, 26, 19, 5, 10, 9, 8, 0, 1, 6, 7, 16, 27], [6, 25, 0, 7, 17, 21, 9, 18, 22, 5], [10, 1, 6, 4]]
[[14, 3, 6, 11, 8, 12], [6, 19, 2, 7, 4, 11, 3, 8, 15, 0, 10], [7, 2, 9, 4, 11, 13], [0, 3, 18, 16, 8, 4, 21], [13, 31, 1, 17, 26, 10, 11, 28, 33, 36, 22, 3, 27, 35, 18], [15, 23, 20, 24, 0, 10, 12, 21, 26]]
[[0, 5, 7, 10, 8, 11], [18, 12, 20, 0, 10, 3, 9, 16, 2, 8], [9, 6, 4, 7, 12, 10, 13, 5, 11], [11, 5, 4, 9, 3, 8, 6], [7, 19, 11, 21, 22, 20, 5, 3, 4, 6, 0, 10], [8, 13, 6, 16, 17, 14, 3, 2, 5], [13, 8, 11, 10, 1, 7], [8, 0, 5, 15, 13, 1, 14], [10, 0, 1, 4, 2, 5]]
[[0, 3, 1], [0, 6, 10, 5, 3, 13, 9], [2, 5, 0], [], [5, 9, 2, 1], [2, 5, 0], [1], [], [4, 2, 5, 3], [12, 2, 4, 8, 17, 6, 9, 15, 19], [4, 17, 25, 8, 22, 13, 9, 23, 28], [16, 20, 7, 11, 0, 26, 21, 23, 27, 8, 1, 10], [4, 24, 18, 9, 14, 1, 0, 19, 21, 11], [11, 8, 0, 5, 1, 7], [4, 7, 11, 1, 13, 21, 0], [1, 5, 3], [0, 6, 1, 13, 3, 7, 16], [0, 9, 25, 15, 5, 13, 17, 20, 10], [11, 3, 6, 0, 13, 4, 12]]
[[5, 7, 4, 1, 10, 2], [14, 20, 0, 9, 3, 8, 15], [2, 7, 12, 21, 5, 22, 4, 17, 18], [10, 12, 22, 4, 15, 2], [4, 6, 11, 7, 3, 10, 2], [6, 4, 10, 3, 9, 2, 8], [9, 10, 4, 15, 16, 5, 11], [15, 11, 21, 9, 8, 16, 20, 7, 14, 0, 1, 2], [14, 5, 12, 11], [12, 15, 0, 10, 1, 16]]
[[15, 18, 7, 10, 13, 5], [11, 13, 3], [24, 8, 4, 10, 19, 26, 0, 20, 27], [6, 8, 11, 4, 12, 10], [16, 12, 6, 3], [9, 17, 16, 12], [17, 1, 3, 9, 12, 13]]
[[19, 2, 4, 1, 7, 11, 5, 3, 20, 10, 21], [5, 2, 7], [25, 27, 3, 0, 5, 10, 29, 4, 28, 31, 8, 12, 1, 23, 17], [1, 15, 18, 12, 9, 19, 4, 0, 22, 13, 21, 10], [1, 9, 19, 7, 5, 11, 18, 4, 20], [9, 5, 4, 2, 8, 6], [6, 13, 9, 2, 10, 1, 11], [10, 0, 4, 16, 21, 3], [0, 5, 3], [13, 2, 24, 26, 8, 28, 22]]
[[1, 3, 7, 20], [16, 5, 1, 3, 6, 10, 17, 2, 0], [10, 7, 1, 5, 6, 0], [22, 1, 3, 6, 15, 12, 25, 4, 20], [7, 2, 0], [16, 0, 13, 6, 9, 23], [6], [12, 5, 0, 1, 17, 6, 9], [12], [1, 3, 18]]
[[0], [17, 11, 13, 0, 9, 14, 3], [3, 9, 5, 7], [12, 3, 9, 6, 15, 13, 17, 4, 10, 8, 2], [2, 4, 6], [12, 9, 3, 4, 6, 10, 7], [13, 4, 0, 6, 8, 5], [12, 5, 16, 11, 15, 4], [5, 1, 2], [20, 0, 2, 5, 17, 14, 3], [9]]
[[5, 4, 0], [5, 26, 39, 9, 17, 1, 11, 14, 19, 28, 35, 2, 7, 15, 24, 29, 32, 23], [26, 3, 20, 22, 25, 28, 0, 13, 17, 23, 29, 6], [6, 1, 11], [8, 3, 5, 13, 9, 16, 10, 0], [9, 20, 5, 16, 7, 11, 6, 14, 10, 15], [1, 4, 5], [25, 2, 12, 1, 11, 4], [8, 9, 14, 11, 2, 7], [8, 2, 1, 4], [5, 1, 2], [6, 9, 21, 3, 11, 2, 10], [9, 14, 5, 18, 21, 15, 1, 4, 3], [8, 12, 26, 4, 14, 5, 23, 22, 27, 1, 20, 21]]
[[5, 9, 4, 8], [14, 21, 5, 10, 18, 23, 7, 11, 9], [11, 6, 16, 0, 9, 1], [7, 3, 0], [11, 15, 1, 8, 6, 16], [13, 1, 5, 2, 0, 3, 8], [12, 2, 5, 0, 11, 9], [8, 5, 12]]
[[5], [16, 18, 23, 5, 21, 20, 4, 10, 14], [13, 3, 7, 10], [15, 13, 4, 6, 19, 10, 17], [21, 11, 13, 26, 6, 25, 3, 7, 18, 28], [7, 23, 31, 17, 24, 2, 12], [7, 2, 8, 12], [21, 5, 11], [40, 33, 0, 3, 5, 10, 13, 17, 23, 28, 30, 42, 1, 24, 38]]
[[8, 12, 5, 16, 19, 17, 1, 15, 14], [8, 27, 33, 14, 7, 10, 39, 3, 11, 19, 37, 6, 22, 18, 2, 34, 36, 9, 32, 0, 4, 28, 41], [7, 0, 17, 3, 9, 20, 26, 10, 12], [8, 2, 12, 0, 4, 10, 15], [16, 24, 4, 0, 13, 9, 22, 20, 6], [8, 25, 18, 22, 27, 14, 20, 19, 24, 1, 12, 5, 13], [13, 9, 17, 6, 10, 15], [8, 23, 0, 9, 5, 20, 18]]
[[3, 12, 8, 1, 5, 15, 6, 9, 10, 13], [0, 33, 9, 8, 24, 11, 22, 29, 25, 1, 10, 2, 7], [7, 1, 3, 10], [12, 3, 8], [3, 4, 1, 7], [11, 6, 4, 8, 7, 10], [4, 6, 8, 1], [8, 19, 3, 17, 5, 14, 4, 16, 2, 9, 10, 11], [46, 4, 17, 9, 11, 22, 25, 28, 35, 5, 12, 20, 26, 31, 38, 18, 3, 19, 10], [2, 0, 28, 4, 9, 11, 20, 25, 5, 12]]
[[13, 3, 10, 15, 20, 4, 21, 24, 1], [6, 10, 23, 1, 4, 18, 28, 2, 27, 25], [11, 12, 21, 6, 8, 23, 1, 13, 17, 2], [15, 26, 9, 20, 11, 22, 5, 17, 6]]
[[10, 5, 4, 0, 6, 2], [10], [5, 19, 13, 15, 6, 11, 16], [0, 13, 23, 27, 7, 15, 30, 11, 16, 19, 31, 10, 1, 5, 4], [14, 19, 0, 4, 7, 10], [7, 12, 26, 30, 3, 14, 32, 9, 17, 5, 18, 28, 34, 0, 33], [7, 20, 23, 28, 29, 4, 14, 17, 2, 8, 15, 21], [15, 19, 30, 24, 11, 21, 7, 13, 32, 36, 5, 8], [5, 0, 7, 1], [7, 10, 14, 2], [6, 0, 14, 19, 3, 2]]
[[0, 7, 5, 9], [16, 24, 9, 21, 28, 0, 12], [12, 5, 8, 13, 18, 4, 17], [20, 5, 9, 17, 2, 3, 7, 18, 15, 11], [27, 6, 17, 21, 4, 11, 18], [7, 15, 22, 27, 12, 24, 2, 3, 9, 13], [11, 7, 5, 8, 1, 4], [10, 1, 17, 6, 12, 2, 5, 16, 11]]
[[7, 8, 12, 18, 22, 25, 10], [19, 6, 3, 5, 20, 8, 12, 15, 25, 31, 34, 9, 16, 23, 26], [15, 5, 12, 3, 6, 13, 2], [8, 12, 5, 11], [14, 1, 11, 6], [10, 16, 6, 19, 7, 20, 17]]
[[18, 3, 8, 15, 2, 7, 14, 19, 21, 6], [9, 16, 1], [14, 8, 1, 4, 10, 12, 15], [14, 16, 6, 10, 0, 3, 19], [8, 5, 16, 6, 14, 20], [13, 21, 30, 1, 18, 9, 15, 23, 7, 16], [0, 9, 14, 2, 8, 3, 1]]
