0.9021222591400146
0.8594932556152344
0.9592958688735962
0.9777399301528931
0.9436303377151489
0.97150719165802
0.9108150005340576
0.9555710554122925
0.8964383006095886
0.920002818107605
0.9468368291854858
0.9135835766792297
0.9644989967346191
0.9779019355773926
0.9164491295814514
0.920403242111206
0.8236017227172852
0.9716935157775879
0.9424317479133606
0.9615198373794556
0.8376274704933167
0.94236159324646
0.946131706237793
0.9797601103782654
0.9458050727844238
0.8914591073989868
0.9231866598129272
0.8935742378234863
0.9420824646949768
0.9448857307434082
0.8590420484542847
0.9603466987609863
0.9145215749740601
0.9229850769042969
0.917250394821167
0.9334594011306763
0.9664523601531982
0.8856580853462219
0.9342209696769714
0.9065902233123779
0.9312117099761963
0.9365043640136719
0.9604684710502625
0.9040820002555847
0.9697908163070679
0.8571428656578064
0.8875345587730408
0.9563500285148621
0.920924186706543
0.9709363579750061
0.8569816946983337
0.9164037704467773
0.8949989676475525
0.8704824447631836
0.9502633810043335
0.9443305730819702
0.9457210302352905
0.8271664381027222
0.937625527381897
0.9433534145355225
0.9253413677215576
0.7769608497619629
0.9456813335418701
0.7635536193847656
0.917496383190155
0.9526986479759216
0.8756221532821655
0.9301145076751709
0.9652026891708374
0.9677208662033081
0.8689947128295898
0.8428270220756531
0.8284143209457397
0.9737150073051453
0.9508680105209351
0.9053878784179688
0.9012521505355835
0.9293332099914551
0.9209915995597839
0.9583364725112915
0.8870892524719238
0.9829192161560059
0.9216132164001465
0.9045180082321167
0.8973024487495422
0.9646224975585938
0.9372415542602539
0.9634106159210205
0.9248449802398682
0.9159965515136719
0.9624525308609009
0.9797897338867188
0.964931845664978
0.9232653975486755
0.887208104133606
0.9547346830368042
0.9235987663269043
0.9569061398506165
0.9664618372917175
0.9082774519920349
0.9151110649108887
0.9515482187271118
0.9350648522377014
0.838631272315979
0.9575487971305847
0.9270251393318176
0.9338152408599854
0.9424386620521545
0.9128808975219727
0.9712455868721008
0.8789619207382202
0.9627017974853516
0.9712624549865723
0.8543937802314758
0.9181649684906006
0.803229808807373
0.9557756185531616
0.948062539100647
0.9322562217712402
0.9463939666748047
0.8390438556671143
0.9597665071487427
0.935484766960144
0.933398962020874
0.9348999857902527
0.942294716835022
0.9588125944137573
0.819580614566803
0.942368745803833
0.9482488632202148
0.8503122925758362
0.8291199207305908
0.9131949543952942
0.9281826019287109
0.96946120262146
0.9362071752548218
0.955243706703186
0.9642059803009033
0.7977216243743896
0.9439460039138794
0.9770910739898682
0.8786693215370178
0.8845030069351196
0.978358268737793
0.8633099794387817
0.9345476627349854
0.930984377861023
0.9093338847160339
0.9579858779907227
0.9453262686729431
0.9219825863838196
0.9539636373519897
0.9430713653564453
0.966484546661377
0.9607410430908203
0.9417815208435059
0.9367800354957581
0.9269583225250244
0.932941198348999
0.952904224395752
0.89223313331604
0.9733583331108093
0.9337741136550903
0.9385377168655396
0.9292765855789185
0.949513852596283
0.9065355062484741
0.9365224242210388
0.9612312316894531
0.9240214824676514
0.9349840879440308
0.8708088397979736
0.9282829761505127
0.9265707731246948
0.9423184394836426
0.9385999441146851
0.8907008171081543
0.9179739356040955
0.9555996060371399
0.940460205078125
0.9432314038276672
0.9578350782394409
0.9457517862319946
0.9840673208236694
0.8983744382858276
0.9329290986061096
0.9486470818519592
0.9500864744186401
0.8918665647506714
0.9776357412338257
0.9653091430664062
0.9717540144920349
0.9170016050338745
0.8607044219970703
0.9604883790016174
0.8805594444274902
0.9442422389984131
0.9776366949081421
0.8411779999732971
0.971250593662262
