0.8819646239280701
0.9383054971694946
0.9439243674278259
0.9459802508354187
0.8591775894165039
0.9358440041542053
0.7882803678512573
0.9351235628128052
0.8595971465110779
0.9472903609275818
0.9166462421417236
0.9001120328903198
0.9678462743759155
0.8765684962272644
0.8088987469673157
0.8609919548034668
0.7841924428939819
0.9582744836807251
0.7344619035720825
0.9426757097244263
0.7413070797920227
0.9297817945480347
0.9409086108207703
0.969383180141449
0.936873197555542
0.8855336308479309
0.9144219756126404
0.8372530937194824
0.9495683312416077
0.9396425485610962
0.8642804622650146
0.9575968980789185
0.8717435002326965
0.9168021082878113
0.8253075480461121
0.9285680055618286
0.9245717525482178
0.8927600383758545
0.8688646554946899
0.9179826378822327
0.8626369833946228
0.9134595990180969
0.9130198955535889
0.8853366374969482
0.9400330185890198
0.9287172555923462
0.903959333896637
0.9641900062561035
0.8472879528999329
0.948908269405365
0.7914033532142639
0.8523300886154175
0.7387620806694031
0.8779098391532898
0.9347907304763794
0.9068949222564697
0.9318355917930603
0.8966964483261108
0.8750029802322388
0.9439329504966736
0.8715676069259644
0.7499290704727173
0.7399995923042297
0.834642231464386
0.9280394315719604
0.8902775645256042
0.8873763680458069
0.9515019655227661
0.9213725328445435
0.9446882605552673
0.8203133344650269
0.8947865962982178
0.8554356694221497
0.9686185121536255
0.9255102872848511
0.8964113593101501
0.8403087258338928
0.9532007575035095
0.8626189231872559
0.9213707447052002
0.904528796672821
0.9534820318222046
0.8684324622154236
0.7825230360031128
0.8706684112548828
0.9512009620666504
0.8755646347999573
0.9650015830993652
0.8798618912696838
0.9334366321563721
0.9425275921821594
0.9497120380401611
0.9671121835708618
0.926362156867981
0.8971008658409119
0.925430178642273
0.7919155955314636
0.9436337351799011
0.918333888053894
0.903166651725769
0.9236227869987488
0.8855081796646118
0.9170454740524292
0.7910808324813843
0.8703565001487732
0.9121009111404419
0.9431307315826416
0.9319228529930115
0.83573979139328
0.9415091872215271
0.845244824886322
0.9463797211647034
0.9211652874946594
0.8846337199211121
0.9163833260536194
0.8454436659812927
0.9230526089668274
0.9475454688072205
0.9011644124984741
0.8990095257759094
0.8092978596687317
0.9421975016593933
0.8109511137008667
0.9483296275138855
0.9184362888336182
0.8953897953033447
0.9249461889266968
0.8443307876586914
0.9646811485290527
0.9474837779998779
0.8899336457252502
0.9210193753242493
0.906902015209198
0.9302797317504883
0.8814918994903564
0.8844518661499023
0.8701722025871277
0.9800010919570923
0.8364355564117432
0.8962448835372925
0.9262406229972839
0.8962439894676208
0.8354347348213196
0.9767194390296936
0.860882043838501
0.9378430247306824
0.9032354354858398
0.877525806427002
0.9340941905975342
0.8709912896156311
0.8900240659713745
0.9165087938308716
0.8942833542823792
0.8770967125892639
0.9161401391029358
0.9546027183532715
0.8946233987808228
0.8886606693267822
0.9072335958480835
0.9065571427345276
0.8846287727355957
0.9343929886817932
0.8484826683998108
0.958731472492218
0.8817143440246582
0.9303718209266663
0.8287874460220337
0.9322365522384644
0.9119072556495667
0.9186682105064392
0.8849977254867554
0.8783143758773804
0.9304857850074768
0.9448090195655823
0.9114968180656433
0.9470611810684204
0.7821646928787231
0.8813271522521973
0.8813725709915161
0.934935450553894
0.8930919766426086
0.9271323680877686
0.9295446276664734
0.978931188583374
0.8729119300842285
0.9500917792320251
0.8853076696395874
0.9161602854728699
0.8431668281555176
0.9508668184280396
0.9242304563522339
0.9553561210632324
0.8681737184524536
0.8432865142822266
0.9441100358963013
0.9365018010139465
0.9382287859916687
0.9569283723831177
0.7168957591056824
0.9234907031059265
