-1.0655258893966675
-0.8617184162139893
-1.105189323425293
-0.7499610185623169
-0.9712852835655212
-0.7191123366355896
-1.140588402748108
-0.8788849115371704
-0.934539794921875
-0.9943519830703735
-1.0115408897399902
-0.8779495358467102
-0.9690918326377869
-0.9979555606842041
-1.1650900840759277
-0.8985217213630676
-1.2083392143249512
-0.8422163128852844
-1.0242937803268433
-0.9338701367378235
-1.1557804346084595
-0.7897593379020691
-1.0671265125274658
-0.7558978199958801
-1.0813231468200684
-0.8370752930641174
-1.141499638557434
-0.8372614979743958
-0.9598217010498047
-0.7506930232048035
-1.0425111055374146
-0.8373796343803406
-1.3080296516418457
-0.9293200969696045
-0.9285151362419128
-0.9573889970779419
-1.132598638534546
-0.9375864863395691
-1.1410735845565796
-0.9566077589988708
-1.1554088592529297
-0.803936779499054
-1.3066482543945312
-1.031029462814331
-0.9803220629692078
-0.8099221587181091
-1.1092392206192017
-0.8251108527183533
-1.1896559000015259
-0.7066644430160522
-1.5331833362579346
-0.7982633709907532
-1.1431142091751099
-1.0018649101257324
-1.094293236732483
-0.941457986831665
-1.0439233779907227
-0.7502643465995789
-1.098728060722351
-0.8468424081802368
-1.1153850555419922
-1.0137522220611572
-1.2614684104919434
-1.117879033088684
-1.334057092666626
-0.7294831871986389
-1.1686326265335083
-0.7736729979515076
-1.1558347940444946
-0.8486710786819458
-1.1102081537246704
-1.1375808715820312
-1.0294352769851685
-0.8746302127838135
-0.920243501663208
-0.8203443288803101
-1.1354107856750488
-0.8896694183349609
-1.0759097337722778
-0.9784213304519653
-1.0247465372085571
-0.7767770886421204
-1.0945990085601807
-0.9301584362983704
-1.0719268321990967
-1.1636215448379517
-1.2677420377731323
-0.8799551129341125
-1.1615959405899048
-0.7870988845825195
-1.2478197813034058
-0.7778348326683044
-1.0249205827713013
-1.1014906167984009
-0.9705164432525635
-1.4438399076461792
-1.0085101127624512
-0.9409034252166748
-1.1363234519958496
-0.8447081446647644
-1.0370601415634155
-0.8307689428329468
-1.2114503383636475
-0.9100491404533386
-0.8930878043174744
-0.7526868581771851
-1.1362676620483398
-0.8605833053588867
-0.9898056983947754
-0.7961636185646057
-1.1953048706054688
-0.7745928168296814
-0.9839599132537842
-0.8791728615760803
-1.3158926963806152
-0.8566361665725708
-1.0622761249542236
-0.825909435749054
-1.0072333812713623
-0.8113152384757996
-1.2400542497634888
-0.8217061758041382
-0.9576625823974609
-0.758472740650177
-1.0749768018722534
-1.0376511812210083
-0.8792152404785156
-0.9876965284347534
-1.0083216428756714
-0.8575468063354492
-0.9470975399017334
-0.8104201555252075
-1.0866020917892456
-0.6042811274528503
-1.1288069486618042
-0.8693543672561646
-1.1002010107040405
-0.9534925222396851
-0.982572615146637
-0.7899777889251709
-1.1036680936813354
-0.9324238896369934
-0.9618389010429382
-0.6733571290969849
-1.0764373540878296
-0.7579460144042969
-1.0315837860107422
-1.0366538763046265
-1.0192279815673828
-0.8889801502227783
-0.8676245808601379
-0.8500300049781799
-1.081860065460205
-1.014623761177063
-0.9210054278373718
-0.8528145551681519
-0.9172486066818237
-0.8384475708007812
-0.9904882311820984
-0.626602053642273
-1.0467700958251953
-0.9340789318084717
-1.1994727849960327
-0.7674657106399536
-1.2749379873275757
-0.7417254447937012
-1.2322397232055664
-0.9963690042495728
-1.1299107074737549
-0.8125234246253967
-1.003857970237732
-1.0300284624099731
-1.2340667247772217
-0.9346492886543274
-0.978272557258606
-0.9614012837409973
-0.8805542588233948
-0.7676746249198914
-0.9012253284454346
-0.934617817401886
-1.0462034940719604
-0.8579404354095459
-1.1324316263198853
-0.7135316729545593
-1.3268073797225952
-0.790569543838501
-0.8921997547149658
-0.963782548904419
-1.0418848991394043
-0.778191328048706
-1.096895694732666
-0.8835927248001099
-1.1018472909927368
-0.7518119215965271
-1.0129047632217407
-0.7480893731117249
-1.1276400089263916
-0.8758869171142578
-1.0263338088989258
-0.8542738556861877
