-0.9053674936294556
-0.8276491761207581
-1.0313469171524048
-0.7177931070327759
-0.7796188592910767
-0.6662054061889648
-0.93438720703125
-0.7809256911277771
-0.8005089163780212
-0.9363905191421509
-0.8463788628578186
-0.7178390622138977
-0.8475058674812317
-0.7850427627563477
-0.9544762969017029
-0.8317869305610657
-0.9800783395767212
-0.7640923261642456
-0.7622442841529846
-0.8529936075210571
-0.9139758944511414
-0.7638747692108154
-0.9663050770759583
-0.6851722002029419
-0.8522837162017822
-0.7994958758354187
-0.8962146043777466
-0.8626803755760193
-0.7809268236160278
-0.6331019401550293
-0.8633239269256592
-0.7015596032142639
-1.0172808170318604
-0.7640889286994934
-0.7769883275032043
-0.836624026298523
-0.8427720665931702
-0.802386462688446
-1.0324267148971558
-0.8467503190040588
-0.830494225025177
-0.7065469026565552
-0.8006619215011597
-1.540035367012024
-0.7330570816993713
-0.6549589037895203
-0.8245335817337036
-0.741138219833374
-0.8930847644805908
-0.6360886693000793
-1.060745120048523
-0.7345815300941467
-0.9452894330024719
-0.8374345898628235
-0.8686723709106445
-0.756653368473053
-0.7147671580314636
-0.692986786365509
-0.9409078359603882
-0.7672629952430725
-0.8638342618942261
-0.8283936381340027
-0.9091362953186035
-0.9469387531280518
-0.98280930519104
-0.6153517365455627
-0.9143164157867432
-0.7309520840644836
-0.8833431601524353
-0.77312171459198
-0.8255244493484497
-0.9608356952667236
-0.8791157007217407
-0.7624505758285522
-0.7007397413253784
-0.6736820340156555
-0.8871617317199707
-0.826854407787323
-0.8331345915794373
-0.8114789724349976
-0.8409834504127502
-0.7024872899055481
-0.922014594078064
-0.7475152015686035
-0.8821611404418945
-0.7018139362335205
-0.8763962388038635
-0.7694918513298035
-0.9298173785209656
-0.7099189162254333
-0.9582323431968689
-0.6748680472373962
-0.8118435144424438
-0.9289348721504211
-0.862930178642273
-0.8892742991447449
-0.8923488855361938
-0.8044511079788208
-0.8580171465873718
-0.6687948703765869
-0.8727653622627258
-0.7443025708198547
-0.8876614570617676
-0.7391765713691711
-0.7920563817024231
-0.6290459632873535
-0.8605636954307556
-0.8750849962234497
-0.8437079191207886
-0.7035889029502869
-0.8975029587745667
-0.6786330938339233
-0.8847363591194153
-0.6916225552558899
-1.0051051378250122
-0.6769953370094299
-0.8522323369979858
-0.7404168248176575
-0.8157384395599365
-0.728130042552948
-0.9114692807197571
-0.8219782114028931
-0.7376803159713745
-0.6502711772918701
-0.7745442390441895
-0.8445481061935425
-0.661381185054779
-0.8591870069503784
-0.8213921785354614
-0.6845369338989258
-0.6927374601364136
-0.675909698009491
-0.8241440653800964
-0.5731393098831177
-0.8509648442268372
-0.7555111646652222
-0.8391269445419312
-0.7872634530067444
-0.7884870767593384
-0.73296058177948
-0.9630886912345886
-0.8545585870742798
-0.8298321962356567
-0.6465582251548767
-0.8861721754074097
-0.6957827210426331
-0.8186290860176086
-0.9469229578971863
-0.8950108289718628
-0.829681932926178
-0.8165115118026733
-0.7773474454879761
-0.871161699295044
-0.8228592276573181
-0.7587756514549255
-0.6616167426109314
-0.7850625514984131
-0.793487012386322
-1.1819016933441162
-0.5456820130348206
-0.8734081983566284
-0.8762786388397217
-0.9099704027175903
-0.7057715654373169
-1.0035789012908936
-0.6623465418815613
-1.0862160921096802
-0.8602165579795837
-0.901578426361084
-0.6688901782035828
-0.7135711312294006
-0.8263171911239624
-0.9946005344390869
-0.7898244261741638
-0.6590991616249084
-0.8143660426139832
-0.7646073698997498
-0.5370904207229614
-0.7055063843727112
-0.8118075132369995
-0.8841084241867065
-0.7144469022750854
-0.8802028298377991
-0.6150176525115967
-1.0572447776794434
-0.7284696102142334
-0.7794525623321533
-0.8379661440849304
-0.8693511486053467
-0.6751222014427185
-0.8519605994224548
-0.7328952550888062
-0.7978907227516174
-0.695365309715271
-0.8144651651382446
-0.7240713238716125
-0.8742730617523193
-0.9488325119018555
-0.9126607775688171
-0.8126951456069946
