0.9041044153273106
0.8862175155017111
0.7198411882389337
0.9907564435686383
0.9774489104747772
0.8755944181572307
0.6989842317610359
0.8200469685252756
0.881400908033053
0.7973393438383937
0.8865139328603012
0.9742015600204468
0.9858805537223816
0.8237319231033325
0.9413705600632561
0.7836095243692398
0.7054738107447823
0.9293813332915306
0.8341922903290162
0.7565494507551194
0.8484113725135103
0.9274259686470032
0.7894018478691578
0.832023368941413
0.7231109989574179
0.854422445098559
0.8296532044081356
0.859512080748876
0.8600618947142115
0.7076591973059944
0.9907276555895805
0.9250138133764267
0.8310935789985316
0.9695734431346258
0.8080481278964065
0.7748900279402733
0.8752330283323924
0.9712779025236765
0.8953424841165543
0.9364201085908073
0.956612731729235
0.98243761914117
0.8402225617319345
0.7784746515875062
0.9885425296696749
0.899046567082405
0.9712015645844596
0.819823747399884
0.9812123477458954
0.9384953558444977
0.8448905438184738
0.7692906558513641
0.9888894607623419
0.8526183615128199
0.9560062629835946
0.9417206211523577
0.9044957576053483
0.9888895849386851
0.6885908395051956
0.866965419302384
0.8636834447582563
0.9458505868911743
0.9152041701599956
0.8650290040033204
0.9502033165522984
0.9211681905117902
0.788382382856475
0.9830021347318377
0.6672868321960171
0.8256131252273917
0.815391618013382
0.8204095095085601
0.9060995181401571
0.9908114900955787
0.8299245770427991
0.988124410311381
0.9553720280528069
0.7897115449110667
0.9884757825306484
0.8781964374833148
0.862578136580331
0.8543215515092015
0.8611468109819624
0.7412145946727833
0.8082308409114679
0.8697788183506217
0.9567173177545721
0.800096832215786
0.8058533718188604
0.9924055263400078
0.9926853234117682
0.09904999136924744
0.8445928254061275
0.8783086212351918
0.9388915565278795
0.7269380937019984
0.8751312472990581
0.8170912326736883
0.845738242380321
0.832440946251154
0.8208081692457199
0.8082395123571835
0.6191617851016216
0.8073626104742289
0.9943538665771484
0.7517917081713676
0.9733721017837524
0.9138766229152679
0.9916939536730448
0.8734667036268446
0.7442931160330772
0.8238671408458189
0.9816656609376272
0.8145224308051789
0.9676194531576974
0.7745597553439438
0.8314532784538137
0.9616768426365323
0.8105299174785614
0.8481282121860064
0.8913903424346988
0.9566951543092728
0.9207140174176958
0.9939632415771484
0.7669667089357972
0.9818463524182638
0.9503475752743807
0.8980258673429489
0.9875642955303192
0.7897953713933626
0.9921719431877136
0.9025878012180328
0.9361394469936689
0.8631381051770101
0.8927148060873151
0.9926991793844435
0.8982090422262748
0.9758944565599615
0.8640366749694715
0.9543315437104967
0.9772287845611572
0.9359645843505859
0.8578925877809525
0.994475177356175
0.9674678817391396
0.9146035276353359
0.9923259530748639
0.9897941218482124
0.7339495085179806
0.8580753405888876
0.8547439822661025
0.8923614670832952
0.8937011789530516
0.9537111989089421
0.9940161279269627
0.9163911377008145
0.6451465625182858
0.8914167582988739
0.9637336797184415
0.9879304000309536
0.9816107551256815
0.9448629120985667
0.9776430130004883
0.8446675457737662
0.904144844183555
0.9419595502755221
0.711563915014267
0.9138119995594025
0.8625970738939941
0.9753906197018094
0.8825409188866615
0.9761010733517733
0.7121847154572606
0.8854697309434414
0.9883128133687106
0.8698556082589286
0.9549074106746249
0.8212383648380637
0.9713190843661627
0.8511398445504407
0.9876669134412494
0.9942560954527422
0.8507802734772364
0.994118697113461
0.9292294901648634
0.9126151993870735
0.9719746708869934
0.8110676545649766
0.8048674419522286
0.9035613498946821
0.7505080973995584
0.8702723086316837
0.7875249095571538
0.8336395272781374
0.8916311624227091
0.9382655918598175
0.7880746866999702
0.9116193726658821
0.8308026796827713
0.7046984050955091
