0.9954256415367126
0.9988460540771484
0.9945399165153503
0.9987903237342834
0.997551441192627
0.9996649622917175
0.976841926574707
0.9996058344841003
0.9826329946517944
0.9392364025115967
0.983806848526001
0.9993704557418823
0.9729800820350647
0.9989811182022095
0.9882668256759644
0.9936892986297607
0.9849700331687927
0.9993947148323059
0.9891781806945801
0.998842716217041
0.9623451232910156
0.9994131326675415
0.9926801323890686
0.9961760640144348
0.9953529834747314
0.9987806677818298
0.996005654335022
0.9981957674026489
0.9926233291625977
0.9942830801010132
0.9702613949775696
0.9990878105163574
0.9917681813240051
0.9986009001731873
0.9941829442977905
0.9928549528121948
0.9949739575386047
0.9963871836662292
0.9939193725585938
0.9991641640663147
0.9826257228851318
0.998153567314148
0.9940053224563599
0.9950615167617798
0.9973836541175842
0.9991780519485474
0.9970202445983887
0.9986914396286011
0.9955488443374634
0.9994999170303345
0.9639039039611816
0.9982345104217529
0.9857071042060852
0.9965940713882446
0.996178388595581
0.9984639883041382
0.9959566593170166
0.998582124710083
0.9933062195777893
0.9993136525154114
0.9949128031730652
0.9984362721443176
0.9915798902511597
0.975807785987854
0.990872859954834
0.9997177124023438
0.9909605979919434
0.995780348777771
0.9964718818664551
0.9996742010116577
0.9559996128082275
0.932610034942627
0.993725061416626
0.9989261031150818
0.9869678020477295
0.998887836933136
0.9934288263320923
0.993039071559906
0.9819995164871216
0.9995187520980835
0.9920619130134583
0.9997259378433228
0.9804044961929321
0.9989457726478577
0.9817967414855957
0.9981663227081299
0.9946893453598022
0.9996141791343689
0.9727535247802734
0.9957402348518372
0.9962472915649414
0.9994229674339294
0.9987176656723022
0.9977337718009949
0.9956662654876709
0.9969440698623657
0.9847458004951477
0.9991791248321533
0.9937689304351807
0.9988141059875488
0.9779577255249023
0.9993994235992432
0.9553782939910889
0.9989131689071655
0.9935946464538574
0.9984407424926758
0.9961806535720825
0.9989659786224365
0.9542696475982666
0.998403787612915
0.9845823049545288
0.9947638511657715
0.9955136775970459
0.9996078014373779
0.9925562143325806
0.9985409379005432
0.9966250658035278
0.9987158179283142
0.9964058995246887
0.9988017082214355
0.9797676801681519
0.999370813369751
0.9942301511764526
0.999613344669342
0.9708114862442017
0.9969033598899841
0.9902147054672241
0.9972921013832092
0.980535626411438
0.9992016553878784
0.9904724359512329
0.9973275661468506
0.9964882731437683
0.998482346534729
0.9890867471694946
0.9972624778747559
0.9926903247833252
0.9958595633506775
0.9913551211357117
0.9989016056060791
0.993050754070282
0.9974899291992188
0.9739810228347778
0.9997241497039795
0.9974393844604492
0.9987502098083496
0.9933722019195557
0.9995104074478149
0.9940323829650879
0.969180703163147
0.9952457547187805
0.9997389316558838
0.997999906539917
0.9998414516448975
0.9952368140220642
0.9992239475250244
0.9966189861297607
0.9996936321258545
0.9945529103279114
0.9998013377189636
0.9138176441192627
0.9979896545410156
0.9907035827636719
0.9995384216308594
0.9879728555679321
0.9985688924789429
0.9846559762954712
0.998184323310852
0.9887943863868713
0.9989721775054932
0.9906579256057739
0.9987622499465942
0.9875993728637695
0.9995999932289124
0.9972145557403564
0.9997065663337708
0.9788784980773926
0.9980679750442505
0.9974151253700256
0.997300386428833
0.986469566822052
0.998969554901123
0.9942628741264343
0.9995126724243164
0.9894554615020752
0.9995381832122803
0.996086597442627
0.999014139175415
0.9791913032531738
0.9993695020675659
0.988163948059082
0.9992002844810486
0.9939441680908203
0.9519881010055542
0.9888132810592651
0.9971677660942078
0.9911608695983887
0.9991697669029236
0.9968949556350708
0.9990843534469604
