0.9640074968338013
0.9775365591049194
0.9432554841041565
0.9658311605453491
0.910280168056488
0.9764531254768372
0.8805899620056152
0.9445629119873047
0.9305775761604309
0.9564020037651062
0.9084722995758057
0.9577035307884216
0.9686499238014221
0.9456263780593872
0.8737778067588806
0.9648892879486084
0.865058183670044
0.978053092956543
0.8807611465454102
0.9691889882087708
0.8083306550979614
0.9721229076385498
0.9653455018997192
0.9868597388267517
0.973109781742096
0.9740026593208313
0.9147502779960632
0.837340235710144
0.981160581111908
0.9541272521018982
0.915012538433075
0.9770691990852356
0.9030063152313232
0.9669252634048462
0.9300931692123413
0.9750450849533081
0.9452511072158813
0.9487234354019165
0.9096792340278625
0.9321357011795044
0.8810174465179443
0.9806625843048096
0.9373178482055664
0.954716682434082
0.9523640871047974
0.9532067179679871
0.9313467144966125
0.971007227897644
0.9203887581825256
0.979932963848114
0.8929237723350525
0.8917648792266846
0.7865113019943237
0.9731932878494263
0.9615851044654846
0.9487364888191223
0.9625511169433594
0.9788430333137512
0.9481214284896851
0.971386194229126
0.8919265866279602
0.8561953902244568
0.8424621224403381
0.8480393886566162
0.9604095816612244
0.9559566378593445
0.9335943460464478
0.9843921661376953
0.943821132183075
0.9837402105331421
0.8421545028686523
0.9120074510574341
0.898472785949707
0.9791281223297119
0.9359408020973206
0.9797449111938477
0.8689595460891724
0.9881869554519653
0.9239711165428162
0.9744443297386169
0.8739722967147827
0.9829732775688171
0.8883004188537598
0.8209511041641235
0.9111954569816589
0.984081506729126
0.9134880900382996
0.9864429831504822
0.9320964217185974
0.96745365858078
0.9692420959472656
0.9736986756324768
0.9860862493515015
0.9552064538002014
0.9472692012786865
0.9694262146949768
0.9089600443840027
0.958835780620575
0.9469615817070007
0.9565526843070984
0.96456378698349
0.9223695993423462
0.9424201846122742
0.9609991312026978
0.963212251663208
0.9233970642089844
0.9664655327796936
0.9739295244216919
0.8395646214485168
0.9614561200141907
0.865674614906311
0.9751664400100708
0.9637346863746643
0.9706026911735535
0.9790825247764587
0.9039525985717773
0.970843493938446
0.9495819211006165
0.899378776550293
0.971624493598938
0.8687329292297363
0.9781175851821899
0.9369477033615112
0.9776293635368347
0.9417776465415955
0.931255042552948
0.9658399224281311
0.9704134464263916
0.9720957279205322
0.9789427518844604
0.9439451694488525
0.9758020639419556
0.9589486718177795
0.9239583611488342
0.8850134015083313
0.9479032158851624
0.9215717315673828
0.9902556538581848
0.8775461912155151
0.9446304440498352
0.9374488592147827
0.9710348844528198
0.9188960194587708
0.9928563237190247
0.8791837096214294
0.9732604026794434
0.8986917734146118
0.9712567329406738
0.973809540271759
0.8851577043533325
0.9559479355812073
0.962497889995575
0.9539928436279297
0.9725860953330994
0.9398479461669922
0.97467041015625
0.9040268659591675
0.8874541521072388
0.9361283183097839
0.9600704312324524
0.8910031318664551
0.9626696705818176
0.8500251173973083
0.9680944681167603
0.9047704339027405
0.9801226854324341
0.8498454093933105
0.955889880657196
0.9420316815376282
0.9675039649009705
0.9098898768424988
0.962320864200592
0.942559003829956
0.9782487154006958
0.9435009956359863
0.9502719640731812
0.8439985513687134
0.9364544749259949
0.89556884765625
0.9615041613578796
0.9247506260871887
0.980541467666626
0.9461130499839783
0.9865266680717468
0.9211540818214417
0.9567171335220337
0.9589306712150574
0.9709466695785522
0.8826789855957031
0.9794425368309021
0.9534797668457031
0.970044732093811
0.881069540977478
0.9220653772354126
0.9528450965881348
0.9871023893356323
0.9531685709953308
0.9785901308059692
0.8746758103370667
0.958690881729126
