[3, 8]
[0, 4, 7]
[1, 4]
[1, 3]
[1, 8]
[0, 1]
[1]
[1, 2, 3, 9]
[1, 4]
[1]
[1, 4, 8]
[1]
[1, 4]
[3, 5]
[1, 4]
[1]
[1]
[0, 4]
[1]
[0, 4, 6]
[1, 4, 8]
[1, 4, 8]
[1, 8, 9, 10]
[1, 8]
[0, 1, 7]
[1, 4]
[0]
[1]
[1, 2, 3]
[3, 8, 9, 10, 16]
[1, 4, 8]
[1, 4]
[3]
[3]
[1, 6, 7, 9, 12]
[1]
[0, 4]
[3]
[0, 5, 6, 8, 11]
[1, 4]
[1]
[3]
[0, 5, 8, 10, 11]
[1, 4]
[2, 4]
[1, 4]
[2, 4]
[1, 4]
[2, 4]
[1, 4]
[1, 3]
[1, 4]
[2]
[1]
[1, 5]
[3, 8]
[4, 5, 7, 10]
[1, 4, 8]
[1, 4]
[1, 3]
[1, 4]
[1]
[1]
[0, 4]
[1, 4, 8]
[1, 4]
[2]
[1, 4, 8]
[3]
[0, 1, 2, 8]
[1, 4]
[0]
[1, 4]
[2]
[1]
[1, 2, 3]
[1, 8]
[0, 1]
[1, 4, 8]
[1]
[1, 4, 8]
[1, 4, 8]
[1]
[0, 1, 2]
[1]
[3, 4, 5, 11]
[1, 4, 8]
[0, 3, 8]
[4, 7, 8]
[1]
[1]
[1, 3]
[3, 8]
[0, 1, 7]
[1, 4]
[0]
[1, 4, 8]
[1, 4]
[2]
[1, 4, 8]
[1, 4, 8]
[1, 8]
[0, 1]
[1, 4, 8]
[1, 4, 8]
[3, 8]
[0, 1, 7]
[1]
[0, 1, 2]
[3]
[1, 2, 6, 9]
[1, 8]
[0, 1]
[1, 8]
[0, 1]
[1, 4]
[3]
[3]
[0, 1, 5, 8]
[1, 4, 8]
[1, 4]
[0]
[1]
[0, 1, 2]
[3]
[0, 5, 8, 10, 12, 13]
[1, 4]
[3, 5]
[1, 4]
[1]
[3]
[0, 1, 5, 8]
[1, 8]
[0, 1, 7]
[1, 4, 8]
[1, 4]
[3]
[1, 4]
[2]
[1, 4]
[2, 4]
[1]
[0, 1, 2, 8]
[1]
[0, 1, 2, 8]
[3]
[1, 6, 9, 10, 11]
[1, 4, 8]
[1]
[0, 4]
[1, 4, 8]
[1]
[1, 4, 8, 10]
[1, 4]
[1]
[1, 8]
[0, 1, 7]
[1, 4]
[1]
[1, 4, 8]
[3]
[1, 2, 3, 9]
[1, 4, 8]
[]
[3, 8]
[4, 7, 9, 10]
[1, 8]
[0, 1]
[1, 4]
[3]
[1, 4]
[2]
[1, 4]
[2]
[1, 4, 8, 10]
[1, 4]
[0]
[1, 4]
[1, 3]
[3]
[0, 5, 6, 8, 11]
[1, 4]
[1]
[1, 4]
[0]
[1, 4]
[2]
[0]
[0, 5, 10, 13, 14]
[1, 4]
[1, 3]
[1]
[0, 4]
[1, 4]
[2]
[1, 4]
[2]
[1, 4, 8]
[1, 4, 8]
