0.8462348711196637
1
0.7970755620809691
1
0.797804615210744
1
0.8865853173399043
1
0.7274285506284538
1
0.9046791826870598
1
0.6013882663788384
1
0.8155182907717825
1
0.955765639589169
1
0.939522436117533
1
0.8303250663028271
1
0.8943508434425881
1
0.8917632390929965
1
0.9054589664574807
1
0.8331429365520526
1
0.8592934786688587
1
0.7252403929880182
1
0.8807819886304853
1
0.8669612407590279
1
0.8528573275982921
1
0.8999754318371245
1
0.7960838743609466
1
0.8814284006842332
1
0.8740442174934472
1
0.8967570770243581
1
0.8390825445874479
1
0.9242447915593276
1
0.8645267210144927
1
0.8442765935597606
1
0.8417930614767538
1
0.8021926745733351
1
0.9143967641615014
1
0.8954804694654137
1
0.8003741076676981
1
0.9325970902942047
1
0.8868721994025391
1
0.784537432563881
1
0.8903287736981043
1
0.8704026774310188
1
0.8208559359845675
1
0.9139738945124819
1
0.8570078446940715
1
0.8618728149151518
1
0.8208932011522464
1
0.9038225193329865
1
0.798206852868432
1
0.7724182657560894
1
0.8235863489891193
1
0.8610252173963681
1
0.9295663437912137
1
0.7556244552510626
1
0.8894627862482863
1
0.8440046566870327
1
0.9113166998535535
1
0.866214147614608
1
0.8678039983340275
1
0.840864704358397
1
0.7818215069495246
1
0.911710717075845
1
0.8671070063257413
1
0.9155775263518102
1
0.7399088841864119
1
0.7982387733643856
1
0.684231982656753
1
0.7194538429912718
1
0.885509643092558
1
0.8155247261933601
1
0.777689561604627
1
0.8397032137232722
1
0.7647790404040405
1
0.864044306377739
1
0.8155841424186683
1
0.8023456286376851
1
0.7778602879954232
1
0.8348680868050514
1
0.9233408646531466
1
0.828275141981417
1
0.8966816658150815
1
0.9332438827449541
1
0.719195932752489
1
0.8537247474594408
1
0.8278468176914778
1
0.8278772800886465
1
0.7776060266445413
1
0.8707783823086952
1
0.8741802469135802
1
0.7348994031750474
1
0.8181138287936073
1
0.849994119623656
1
0.913975695092972
1
0.8215874623292663
1
0.9194914694031024
1
0.8311871807546548
1
0.8764095032710206
1
0.8717731995783337
1
0.8397492778951416
1
0.8440383408429945
1
0.9207755914679492
1
0.9041175979286726
1
0.8882145529778459
