0.7325642603312837
1
0.6242100783622734
1
0.48250841888730167
1
0.6219365020695644
1
0.7943507342838984
1
0.5942827004219409
1
0.5694304614098533
1
0.43803160205162556
1
0.6249766620514199
1
0.7572048869779917
1
0.5865452446168853
1
0.7623568756147561
1
0.726544548454812
1
0.6923117862835433
1
0.6212775263169807
1
0.5235813837730214
1
0.617748746540949
1
0.5485321374617056
1
0.7662925871237692
1
0.799020718384351
1
0.62669518134051
1
0.558460117202829
1
0.4118887761615195
1
0.6503068235294118
1
0.7162813528085682
1
0.6134021115164054
1
0.7585637018436355
1
0.6478871187983615
1
0.6899525616355767
1
0.7305195672964159
1
0.697069943289225
1
0.6619589892449108
1
0.5795780389602627
1
0.6210023703984324
1
0.7518028967614359
1
0.45072698275061157
1
0.7436113690003467
1
0.6322105073443272
1
0.5978332038829123
1
0.565506347542511
1
0.7430768180701599
1
0.7534645696318428
1
0.5755231635156589
1
0.7610018802318879
1
0.5669992273785714
1
0.6182235295237551
1
0.44948321448601875
1
0.7632114572616597
1
0.46869095485868556
1
0.6022474007561435
1
0.6009881921887043
1
0.56380712554675
1
0.49407798919547935
1
0.5160439960336649
1
0.6205375507860742
1
0.6828187569447887
1
0.6189390649876971
1
0.5384226719381984
1
0.7182151589242055
1
0.5801379326323096
1
0.7289814581925984
1
0.6409386075852762
1
0.49272169198778787
1
0.6233206111297197
1
0.4709295742753623
1
0.6171634634762397
1
0.6104336323092343
1
0.5591082674812259
1
0.647829293918491
1
0.7287692150485184
1
0.7421213941196078
1
0.6192019576998171
1
0.6533932200767517
1
0.579810698306141
1
0.5368814192343603
1
0.5670263707333456
1
0.7476109669384212
1
0.7275081404712721
1
0.6205256533170648
1
0.5627771892157533
1
0.651391904288021
1
0.5621977333497421
1
0.6337530720928763
1
0.6569826330559698
1
0.6957840630362041
1
0.5903512361597973
1
0.5431714762974482
1
0.6973918711415895
1
0.6607797857028627
1
0.7385619833415061
1
0.5854264337251104
1
0.5938626845174251
1
0.5882506041197448
1
0.552514297782471
1
0.6584624347911185
1
0.6854592792368193
1
0.571257307032316
1
0.6302936615606204
1
0.5999839964635499
1
0.6414738612654961
