0.7589153051376343
1
0.9753079414367676
1
0.6558622717857361
1
0.9769328832626343
1
0.6470779180526733
1
0.6005573868751526
1
0.9215490221977234
1
0.9800292253494263
1
0.8578104376792908
1
0.6297701001167297
1
0.8722195625305176
1
0.3261982500553131
1
0.9240766763687134
1
0.9670436978340149
1
0.9260586500167847
1
0.8073149919509888
1
0.658740758895874
1
0.8231292366981506
1
0.984779953956604
1
0.8228569030761719
1
0.9752471446990967
1
0.6694545149803162
1
0.9516330361366272
1
0.8891491889953613
1
0.9653741717338562
1
0.972561776638031
1
0.9451614022254944
1
0.5168841481208801
1
0.9739752411842346
1
0.9760577082633972
1
0.9728754758834839
1
0.953031063079834
1
0.19217196106910706
1
0.9269073605537415
1
0.9663527011871338
1
0.9815142750740051
1
0.9756134152412415
1
0.9657905101776123
1
0.8901042938232422
1
0.7110443711280823
1
0.8875035643577576
1
0.9827418923377991
1
0.9623427391052246
1
0.5183308124542236
1
0.9520410299301147
1
0.9818398356437683
1
0.9257655739784241
1
0.8592965006828308
1
0.8531139492988586
1
0.975295901298523
1
0.960727870464325
1
0.9759309887886047
1
0.9496062397956848
1
0.9113343954086304
1
0.7041968703269958
1
0.9283629655838013
1
0.9846056699752808
1
0.9839146137237549
1
0.8812499642372131
1
0.7662888765335083
1
0.8275949358940125
1
0.9517723321914673
1
0.8475832939147949
1
0.9249413013458252
1
0.8371596932411194
1
0.8659850358963013
1
0.9399338364601135
1
0.8672552704811096
1
0.9866719841957092
1
0.9017573595046997
1
0.7182371616363525
1
0.5103915929794312
1
0.9790864586830139
1
0.9603542685508728
1
0.4249737858772278
1
0.9367295503616333
1
0.9052757024765015
1
0.959852397441864
1
0.930315375328064
1
0.9707250595092773
1
0.9601376056671143
1
0.9595420360565186
1
0.8370872735977173
1
0.6929303407669067
1
0.9648857712745667
1
0.7350919246673584
1
0.9511524438858032
1
0.3127618730068207
1
0.9068804383277893
1
0.927471935749054
1
0.8363516330718994
1
0.9684263467788696
1
0.9672428369522095
1
0.9870290756225586
1
0.5284091830253601
1
0.9627963900566101
1
0.4620361030101776
1
0.9514178037643433
1
0.9363946318626404
1
0.670323371887207
