0.7797611996705813
1
0.7596781580632952
1
0.7946713528708573
1
0.8495052961407958
1
0.6721883170148173
1
0.7995401337792643
1
0.5037833532457189
1
0.6491219910352343
1
0.9211175112001558
1
0.7465592284934002
1
0.6156540097424799
1
0.8014702812925139
1
0.7628627402007461
1
0.7370068240405325
1
0.8027106083257349
1
0.7076009047215154
1
0.6068220428992598
1
0.6366090010079841
1
0.740670642394561
1
0.782007834184182
1
0.6978026143692401
1
0.6603699003870042
1
0.611340307189384
1
0.6991577090067518
1
0.6923568660353989
1
0.6292010251335732
1
0.7344877635585266
1
0.8268881456704678
1
0.8213612722341301
1
0.8482894736842106
1
0.8119921498005841
1
0.8545545961633716
1
0.6217881292949534
1
0.6935953401472689
1
0.815633959393833
1
0.739070059525389
1
0.7083957859064494
1
0.7995232530637278
1
0.7690318686307366
1
0.7942781732926036
1
0.7850527993789554
1
0.7881609489636061
1
0.8587925598528915
1
0.7138927895443066
1
0.7088000876767525
1
0.712274368231047
1
0.6805683444838685
1
0.7199731813204276
1
0.6856840060054756
1
0.746736223454627
1
0.6895407622659464
1
0.681335082815667
1
0.5752896942800788
1
0.747175150611307
1
0.5867382543891055
1
0.7446154760694166
1
0.6273229063572617
1
0.6612113063341198
1
0.8204377563967404
1
0.7652926364656663
1
0.8631801836437943
1
0.693823346947216
1
0.6834175090154404
1
0.593405067087531
1
0.6723114893848138
1
0.8051162138732002
1
0.7293350212343993
1
0.5707425616868999
1
0.7492714377820762
1
0.8267282603594129
1
0.8175047941751672
1
0.6524172098315207
1
0.6374808268957628
1
0.593540193317713
1
0.7715753343005672
1
0.8368222886376835
1
0.7422499816754353
1
0.6696480997607267
1
0.65835545214328
1
0.6500831138625713
1
0.6897622835398081
1
0.7347477064220184
1
0.6933017699320806
1
0.6703963636363637
1
0.7935032139577595
1
0.8825034314246353
1
0.7104894601542416
1
0.7651315587287135
1
0.7970740436938027
1
0.7551278008355035
1
0.558314986216179
1
0.7125568136848485
1
0.6200460439214766
1
0.6681344251185622
1
0.7520000202494616
1
0.7387721553600217
1
0.679752690353878
1
0.6741356640976804
1
0.6059101950110254
1
0.7435305378696212
