0.732439006514409
1
0.7044010663571757
1
0.5337357926760796
1
0.7795416806444617
1
0.7919432830332934
1
0.7335703488704807
1
0.4267252207048385
1
0.41073260976038956
1
0.8330064901713594
1
0.7465592284934002
1
0.5911724621425761
1
0.7938381109150588
1
0.7628627402007461
1
0.7370068240405325
1
0.8027106083257349
1
0.6313957433618311
1
0.5211314043524521
1
0.5456391893548146
1
0.7314968627450978
1
0.7704277548004451
1
0.6978026143692401
1
0.6574550923540682
1
0.611340307189384
1
0.6991577090067518
1
0.6923568660353989
1
0.6292010251335732
1
0.7344877635585266
1
0.779517363374678
1
0.8225994179123367
1
0.7769069939723654
1
0.753254128741261
1
0.7732616695422629
1
0.6014903616140251
1
0.6021221254925355
1
0.7473717089850974
1
0.5017114259651353
1
0.6712626311400147
1
0.7787337996547931
1
0.6931538961249116
1
0.7138076532369015
1
0.7625153144679766
1
0.7570234299690711
1
0.6292562209846175
1
0.7060993321979651
1
0.7088000876767525
1
0.5813517639852629
1
0.5596312416018053
1
0.6702453153599183
1
0.6740406580661089
1
0.746736223454627
1
0.702450065924821
1
0.6302734296645064
1
0.4940115783309141
1
0.6530039243344907
1
0.5867382543891055
1
0.6893120573664068
1
0.6273229063572617
1
0.6612113063341198
1
0.7982679319253386
1
0.6924794209556847
1
0.8460913902010189
1
0.5050846046499793
1
0.5006966213862766
1
0.4171848996548175
1
0.558076146773164
1
0.7868067891093301
1
0.6429326203663648
1
0.5392603538471296
1
0.6414856350984485
1
0.8267282603594129
1
0.8175047941751672
1
0.6524172098315207
1
0.6374808268957628
1
0.5692716408268734
1
0.7740067691775648
1
0.7113752568836342
1
0.7105976919454945
1
0.6696480997607267
1
0.65835545214328
1
0.5458586299049328
1
0.6267446071762981
1
0.7275900910383712
1
0.5831206927744111
1
0.5811012864145859
1
0.7751916956018519
1
0.8008822411412537
1
0.6926997600033847
1
0.6884924191353332
1
0.7970740436938027
1
0.7551278008355035
1
0.558314986216179
1
0.7125568136848485
1
0.6200460439214766
1
0.6681344251185622
1
0.7256258985010428
1
0.7387721553600217
1
0.6594717290141999
1
0.6309747593347157
1
0.6059101950110254
1
0.6592302130452217
