[0, 1, 3, 5, 6, 8]
[0, 4, 5, 6, 7]
[1, 4, 6]
[1, 2, 3, 5, 6]
[1, 4]
[0, 2, 3, 5, 6]
[0, 3, 6]
[0, 1, 2, 3, 4, 5, 8]
[0, 1, 4, 6]
[1, 3, 4]
[1, 4, 6]
[1, 2, 4, 5]
[0, 1, 4]
[1, 2, 3, 4, 5, 6]
[1, 4, 6]
[1, 2, 4, 5]
[1]
[1, 3, 5]
[0, 2, 3]
[1, 3, 4, 5, 8, 9]
[1, 3, 4, 5, 8, 9]
[1, 3, 4, 6, 8, 9]
[0, 1, 6, 8, 9, 10, 11, 12, 14]
[0, 1, 6, 8]
[0, 1, 2, 3, 5, 7]
[1, 4, 6]
[0, 1, 3, 4]
[0, 1, 6]
[1, 2, 3, 4, 5, 7]
[0, 3, 6, 8, 9, 10, 11, 12, 13, 16]
[1, 3, 4, 6, 8, 9]
[1, 3, 4]
[0, 3, 4]
[0, 1, 3, 5, 6]
[1, 2, 6, 7, 9, 11, 12]
[1, 3]
[0, 2, 4, 5]
[0, 3, 5, 6]
[0, 1, 4, 5, 8, 10, 11, 12, 13]
[1, 4, 6]
[1, 2, 4, 5]
[0, 3, 5, 6]
[0, 1, 4, 5, 8, 10, 11, 12, 13, 14]
[1, 4]
[0, 2, 3, 4, 6, 7]
[1, 4]
[0, 2, 3, 4, 6, 7]
[1, 4]
[0, 2, 3, 4, 6, 7]
[1, 4, 6]
[1, 2, 3, 5, 6]
[0, 1, 4]
[0, 2, 4, 5]
[0, 1]
[1, 3, 5, 7, 8]
[0, 1, 3, 5, 6, 8]
[0, 4, 5, 7, 9, 10]
[1, 4, 6, 8, 9, 11, 12]
[0, 1, 4, 6]
[0, 1, 2, 3, 4]
[1, 3, 4, 6]
[1, 2]
[0, 1]
[0, 2, 4, 6, 7]
[1, 4, 6, 8, 9, 11, 12]
[1, 3, 4, 5]
[2, 3]
[1, 3, 4, 6, 8, 9]
[0, 3, 6]
[0, 1, 2, 3, 4, 5, 8]
[0, 1, 4, 6]
[0, 2, 3]
[1, 4]
[0, 2, 3, 5, 6]
[0, 1, 6]
[1, 2, 3, 4, 5, 7]
[0, 1, 6, 8]
[0, 1, 2, 3, 5]
[1, 4, 6, 8]
[0, 1, 3, 4]
[0, 1, 3, 5, 6]
[0, 1, 5, 6, 8, 10, 11]
[0, 1, 6]
[0, 1, 2, 3, 4, 6]
[0, 1]
[1, 3, 4, 5, 6, 7, 9, 11]
[1, 3, 4, 6, 8, 9]
[0, 1, 6, 8]
[0, 1, 2, 3, 5, 7]
[1]
[1, 3]
[1, 2, 3, 5, 6]
[0, 3, 6, 8]
[0, 1, 2, 3, 4, 7]
[0, 1, 4, 6]
[1, 3, 4]
[1, 4, 6, 8, 9, 11, 12]
[0, 1, 4]
[0, 2, 4, 5]
[0, 1, 4, 6, 8, 10, 11]
[0, 3, 6, 8]
[0, 1, 2, 3, 4, 7]
[0, 1, 6]
[1, 2, 3, 4, 5, 7, 9]
[1, 4, 6, 8, 9, 11, 12]
[0, 3, 6, 8]
[0, 1, 2, 3, 4, 7]
[1, 4, 6]
[0, 1, 3, 4]
[0, 1, 3, 5, 6]
[1, 2, 6, 7, 8, 9]
[0, 1, 6, 8]
[0, 1, 2, 3, 5]
[0, 1, 6, 8]
[0, 1, 2, 3, 5]
[1, 3, 4]
[0, 3, 4]
[0, 1, 3, 5, 6]
[0, 1, 5, 6, 7, 8]
[1, 3, 4, 6, 8, 9]
[1, 4, 6]
[0, 1, 3, 4]
[1, 4]
[0, 2, 3, 4, 6, 7]
[1, 3, 4, 5, 8, 9]
[0, 1, 6, 8, 9, 10, 11, 12, 14, 16]
[0, 1, 4]
[1, 2, 3, 4, 5, 6]
[1, 4, 6]
[1, 2, 4, 5]
[0, 1, 3, 5, 6]
[0, 1, 5, 6, 7, 8]
[0, 1, 6, 8]
[0, 1, 2, 3, 5, 7]
[1, 3, 4, 5, 8, 9]
[1, 3, 4]
[1, 3, 4]
[0, 1, 4]
[0, 2, 4, 5]
[0, 1, 4]
[0, 1, 2, 3, 4, 5]
[0, 1, 6]
[0, 1, 2, 3, 4, 6, 8]
[0, 1, 6]
[0, 1, 2, 3, 4, 6, 8]
[0, 1, 3, 5, 6]
[1, 2, 4, 6, 9, 10, 11, 13]
[0, 1, 4, 6, 8, 10, 11]
[1]
[0, 2, 4, 5, 7, 8]
[1, 4, 6]
[0, 1, 3, 4]
[0, 1, 4, 6, 7, 8, 9, 10, 11]
[1, 4, 6]
[1, 2, 4, 5]
[0, 1, 6, 8]
[0, 1, 2, 3, 5, 7]
[1, 3, 4, 6]
[1, 2]
[1, 4, 6, 8, 9, 11, 12]
[0, 3, 6]
[1, 2, 3, 4, 5, 6, 9]
[1, 3, 4, 6]
[1, 2]
[0, 1, 3, 5, 6]
[1, 2, 4, 6, 9, 10, 12]
[0, 1, 6, 8]
[0, 1, 2, 3, 5]
[1, 3, 4]
[0, 2, 3]
[1, 4, 6]
[1, 2, 3, 5, 6]
[1, 3, 4]
[0, 2, 3]
[0, 1, 4, 6, 7, 8, 9, 10, 11]
[0, 1, 4, 6]
[0, 2, 3]
[0, 1, 4, 6]
[0, 1, 2, 3, 4]
[0, 1, 6]
[0, 1, 2, 3, 4, 6, 8]
[1, 4, 6]
[1, 2, 4, 5]
[1, 4, 6]
[0, 1, 3, 4]
[1, 4]
[0, 2, 3, 5, 6]
[0, 1]
[0, 2, 3, 5, 6, 8, 10, 13, 14, 15, 17]
[0, 1, 4, 6]
[0, 1, 2, 3, 4]
[0, 1]
[0, 2, 4, 6, 7]
[1, 3, 4]
[0, 2, 3]
[0, 1, 4]
[0, 2, 4, 5]
[1, 3, 4, 5, 8, 9]
[0, 1, 4, 6, 8, 10, 11]
