0.8900266289710999
1
0.9716037511825562
1
0.7711246609687805
1
0.9845453500747681
1
0.613590657711029
1
0.7963459491729736
1
0.9284845590591431
1
0.9747979044914246
1
0.8770782351493835
1
0.6370101571083069
1
0.9513981938362122
1
0.4692346453666687
1
0.48832300305366516
1
0.967621386051178
1
0.9666121006011963
1
0.7972323298454285
1
0.7083547115325928
1
0.8900120854377747
1
0.9875494241714478
1
0.9143831729888916
1
0.7765462398529053
1
0.48072725534439087
1
0.9610205292701721
1
0.9572511315345764
1
0.9772637486457825
1
0.9734006524085999
1
0.9583521485328674
1
0.5456069707870483
1
0.9789696931838989
1
0.979229748249054
1
0.9691118597984314
1
0.9198489189147949
1
0.5782936215400696
1
0.8731369376182556
1
0.9717954397201538
1
0.976864755153656
1
0.9764118194580078
1
0.9371395707130432
1
0.9285362362861633
1
0.7180418968200684
1
0.9686911702156067
1
0.9854096174240112
1
0.9521486759185791
1
0.16848888993263245
1
0.9431238174438477
1
0.9860009551048279
1
0.9493466019630432
1
0.9289865493774414
1
0.9277790784835815
1
0.9485145807266235
1
0.9821496605873108
1
0.9789422750473022
1
0.9678006768226624
1
0.9159184694290161
1
0.3046751320362091
1
0.9448252320289612
1
0.9836534261703491
1
0.9783786535263062
1
0.9504465460777283
1
0.7297540307044983
1
0.8510060906410217
1
0.9724165797233582
1
0.9224910736083984
1
0.7518002390861511
1
0.8679843544960022
1
0.8595688343048096
1
0.9664537906646729
1
0.8437970280647278
1
0.9892566800117493
1
0.9863873720169067
1
0.34138619899749756
1
0.47592100501060486
1
0.9722892045974731
1
0.9759446382522583
1
0.3589266240596771
1
0.9324936270713806
1
0.9459739923477173
1
0.9752525091171265
1
0.9019743800163269
1
0.9796597361564636
1
0.9756174683570862
1
0.9806832075119019
1
0.8923719525337219
1
0.8626275062561035
1
0.9762634634971619
1
0.8285371661186218
1
0.9752598404884338
1
0.4648451805114746
1
0.9205690622329712
1
0.9511848092079163
1
0.7230785489082336
1
0.9737713932991028
1
0.9668566584587097
1
0.9824726581573486
1
0.4566669762134552
1
0.9657224416732788
1
0.9655025005340576
1
0.9622998237609863
1
0.9158728122711182
1
0.5631468296051025
1
