0.9225062277540114
1
0.836061230197507
1
0.7908738804226553
1
0.913225961773568
1
0.7743710343809945
1
0.8276024296576059
1
0.8548171300306289
1
0.8730175843922474
1
0.8515136269683784
1
0.8652778150104103
1
0.8280078537101351
1
0.9663823937000946
1
0.8905920416629598
1
0.8669934281965669
1
0.8259646583688243
1
0.838344799516951
1
0.837286728041533
1
0.9108964609957924
1
0.9064037282473134
1
0.8634432045492776
1
0.9007939520415683
1
0.8022608698766005
1
0.8347443588894345
1
0.8801860465116279
1
0.904429937859119
1
0.8334137065788443
1
0.9007619015094598
1
0.9043227890958496
1
0.9299774175183478
1
0.9306574164767519
1
0.9365473611111111
1
0.8838329008073817
1
0.9016268458794023
1
0.7955212136167784
1
0.9334692845271155
1
0.9164720715281417
1
0.9365473611111111
1
0.8516505205552386
1
0.81148182112124
1
0.7739283079768999
1
0.8782001286118457
1
0.9312982746721877
1
0.9668797111978931
1
0.8950510256550751
1
0.8679098589301066
1
0.8063928050559066
1
0.8535493069489081
1
0.9377520317637571
1
0.8580714574354302
1
0.8136986301369863
1
0.7286355552194177
1
0.9251344589073291
1
0.9143668234506064
1
0.8515733730001659
1
0.8610277969761723
1
0.8918436484798001
1
0.925694876279201
1
0.9012663709753264
1
0.8146691679943474
1
0.9068762683212928
1
0.9278922113288222
1
0.9162846487851908
1
0.9452913998063779
1
0.901493930613204
1
0.9219308184762287
1
0.8925382974714503
1
0.9407815728822927
1
0.8240050077272153
1
0.8915801599664882
1
0.8109816521155138
1
0.9038829264264536
1
0.8525693517883196
1
0.8315205533326494
1
0.8848551241915508
1
0.8939009825130702
1
0.8048758089860428
1
0.8605282547030623
1
0.8718295368000135
1
0.8747721674278705
1
0.8498986175115207
1
0.8987270598862557
1
0.8277403506891675
1
0.8078579564032697
1
0.9346110301473352
1
0.868214565451324
1
0.9172267025089605
1
0.9225219726790628
1
0.9446250247358955
1
0.8549356223175965
1
0.8857606659616055
1
0.8485442634140551
1
0.9127225065294281
1
0.880108147161137
1
0.9000994486882518
1
0.8257571598100231
1
0.8953939089481946
1
0.8265161388275859
1
0.8041361713613843
1
0.9161671643157352
1
0.8972615443613371
