[0, 1, 3, 4, 5, 6, 7, 8]
[0, 1, 3, 4, 5, 6, 7, 8, 9]
[0, 1, 3, 4, 5, 6]
[1, 2, 3, 4, 5, 6]
[0, 1, 3, 4, 5]
[0, 2, 3, 4, 5, 6]
[0, 1, 2, 3, 4, 6]
[0, 1, 2, 3, 4, 5, 6, 7, 8, 9]
[0, 1, 3, 4, 5, 6]
[1, 2, 3, 4]
[0, 1, 3, 4, 5, 6]
[1, 2, 3, 4, 5]
[0, 1, 2, 3, 4]
[0, 1, 2, 3, 4, 5, 6, 9]
[0, 1, 3, 4, 5, 6]
[1, 2, 3, 4, 5]
[0, 1]
[0, 1, 2, 3, 5]
[0, 1, 2, 3]
[0, 1, 2, 3, 4, 5, 6, 8, 9]
[0, 1, 2, 3, 4, 5, 6, 8, 9]
[0, 1, 3, 4, 5, 6, 7, 8, 9]
[0, 1, 2, 3, 4, 6, 8, 9, 10, 11, 12, 13, 14, 15]
[0, 1, 2, 3, 4, 6, 8]
[0, 1, 2, 3, 4, 5, 6, 7]
[0, 1, 3, 4, 5, 6]
[0, 1, 2, 3, 4]
[0, 1, 2, 3, 4, 6]
[1, 2, 3, 4, 5, 6, 7, 8]
[0, 1, 2, 3, 4, 6, 8, 9, 10, 11, 12, 13, 14, 15, 16, 17]
[0, 1, 3, 4, 5, 6, 7, 8, 9]
[0, 1, 2, 3, 4]
[0, 1, 3, 4]
[0, 1, 3, 4, 5, 6]
[0, 1, 2, 3, 4, 6, 7, 8, 9, 10, 11, 12]
[0, 1, 3]
[0, 1, 2, 3, 4, 5]
[0, 1, 2, 3, 4, 5, 6]
[0, 1, 2, 3, 4, 5, 6, 7, 8, 10, 11, 12, 13]
[0, 1, 3, 4, 5, 6]
[1, 2, 3, 4, 5]
[0, 1, 2, 3, 4, 5, 6]
[0, 1, 2, 3, 4, 5, 6, 7, 8, 10, 11, 12, 13, 14]
[0, 1, 3, 4, 5]
[0, 2, 3, 4, 5, 6, 7]
[0, 1, 3, 4, 5]
[0, 2, 3, 4, 5, 6, 7]
[0, 1, 3, 4, 5]
[0, 2, 3, 4, 5, 6, 7]
[0, 1, 3, 4, 5, 6]
[1, 2, 3, 4, 5, 6]
[0, 1, 3, 4, 5]
[0, 2, 3, 4, 5]
[0, 1]
[0, 1, 2, 3, 5, 6, 7, 8]
[0, 1, 3, 4, 5, 6, 7, 8]
[0, 1, 2, 4, 5, 6, 7, 8, 9, 10]
[0, 1, 3, 4, 5, 6, 8, 9, 10, 11, 12]
[0, 1, 2, 3, 4, 5, 6]
[0, 1, 2, 3, 4, 7]
[0, 1, 3, 4, 5, 6]
[0, 1, 2]
[0, 1, 3]
[0, 1, 2, 4, 5, 6, 7]
[0, 1, 3, 4, 5, 6, 8, 9, 10, 11, 12]
[0, 1, 2, 3, 4, 5]
[0, 2, 3]
[0, 1, 3, 4, 5, 6, 7, 8, 9]
[0, 1, 2, 3, 4, 6]
[0, 1, 2, 3, 4, 5, 6, 7, 8, 9]
[0, 1, 3, 4, 5, 6]
[0, 1, 2, 3]
[0, 1, 3, 4, 5]
[0, 2, 3, 4, 5, 6]
[0, 1, 2, 3, 4, 6]
[1, 2, 3, 4, 5, 6, 7, 8]
[0, 1, 2, 3, 4, 6, 8]
[0, 1, 2, 3, 4, 5, 6]
[0, 1, 3, 4, 5, 6, 8]
[0, 1, 2, 3, 4]
[0, 1, 3, 4, 5, 6, 7]
[0, 1, 2, 3, 5, 6, 7, 8, 9, 10, 11]
[0, 1, 2, 3, 4, 6]
[0, 1, 2, 3, 4, 5, 6, 7]
[0, 1, 2, 3, 4]
[1, 3, 4, 5, 6, 7, 8, 9, 10, 11]
[0, 1, 3, 4, 5, 6, 7, 8, 9]
[0, 1, 2, 3, 4, 6, 8]
[0, 1, 2, 3, 4, 5, 6, 7]
[0, 1]
[0, 1, 2, 3]
[1, 2, 3, 4, 5, 6]
[0, 1, 2, 3, 4, 6, 8]
[0, 1, 2, 3, 4, 5, 6, 7, 8]
[0, 1, 3, 4, 5, 6]
[1, 2, 3, 4]
[0, 1, 3, 4, 5, 6, 8, 9, 10, 11, 12]
[0, 1, 3, 4, 5]
[0, 2, 3, 4, 5]
[0, 1, 3, 4, 5, 6, 8, 9, 10, 11]
[0, 1, 2, 3, 4, 6, 8]
[0, 1, 2, 3, 4, 5, 6, 7, 8]
[0, 1, 2, 3, 4, 6]
[1, 2, 3, 4, 5, 6, 7, 8, 9]
[0, 1, 3, 4, 5, 6, 8, 9, 10, 11, 12]
[0, 1, 2, 3, 4, 6, 8]
[0, 1, 2, 3, 4, 5, 6, 7, 8]
[0, 1, 3, 4, 5, 6]
[0, 1, 2, 3, 4]
[0, 1, 3, 4, 5, 6]
[0, 1, 2, 3, 5, 6, 7, 8, 9, 10, 11]
[0, 1, 2, 3, 4, 6, 8]
[0, 1, 2, 3, 4, 5, 6]
[0, 1, 2, 3, 4, 6, 8]
[0, 1, 2, 3, 4, 5, 6]
[0, 1, 2, 3, 4]
[0, 1, 3, 4]
[0, 1, 3, 4, 5, 6, 7]
[0, 1, 2, 4, 5, 6, 7, 8, 9, 10]
[0, 1, 3, 4, 5, 6, 7, 8, 9]
[0, 1, 3, 4, 5, 6]
[0, 1, 2, 3, 4]
[0, 1, 3, 4, 5]
[0, 2, 3, 4, 5, 6, 7]
[0, 1, 2, 3, 4, 5, 6, 8, 9]
[0, 1, 2, 3, 4, 6, 8, 9, 10, 11, 12, 13, 14, 15, 16]
[0, 1, 2, 3, 4]
[0, 1, 2, 3, 4, 5, 6, 9]
[0, 1, 3, 4, 5, 6]
[1, 2, 3, 4, 5]
[0, 1, 3, 4, 5, 6, 7]
[0, 1, 2, 4, 5, 6, 7, 8, 9, 10]
[0, 1, 2, 3, 4, 6, 8]
[0, 1, 2, 3, 4, 5, 6, 7]
[0, 1, 2, 3, 4, 5, 6, 8, 9]
[0, 1, 3, 4]
[0, 1, 2, 3, 4]
[0, 1, 3, 4, 5]
[0, 2, 3, 4, 5]
[0, 1, 2, 3, 4, 5]
[0, 1, 2, 3, 4, 5, 8]
[0, 1, 2, 3, 4, 6]
[0, 1, 2, 3, 4, 5, 6, 7, 8]
[0, 1, 2, 3, 4, 6]
[0, 1, 2, 3, 4, 5, 6, 7, 8]
[0, 1, 2, 3, 4, 5, 6]
[1, 2, 3, 4, 6, 7, 9, 10, 11, 12, 13, 14]
[0, 1, 3, 4, 5, 6, 8, 9, 10, 11]
[0, 1, 3]
[0, 1, 2, 4, 5, 6, 7, 8]
[0, 1, 3, 4, 5, 6]
[0, 1, 2, 3, 4]
[0, 1, 2, 3, 4, 5, 6, 7, 8, 9, 10, 11, 14]
[0, 1, 3, 4, 5, 6]
[1, 2, 3, 4, 5]
[0, 1, 2, 3, 4, 6, 8]
[0, 1, 2, 3, 4, 5, 6, 7]
[0, 1, 3, 4, 5, 6]
[0, 1, 2]
[0, 1, 3, 4, 5, 6, 8, 9, 10, 11, 12]
[0, 1, 2, 3, 4, 6]
[1, 2, 3, 4, 5, 6, 7, 8, 9, 10]
[0, 1, 3, 4, 5, 6]
[0, 1, 2]
[0, 1, 2, 3, 4, 5, 6]
[1, 2, 3, 4, 6, 7, 9, 10, 11, 12, 13]
[0, 1, 2, 3, 4, 6, 8]
[0, 1, 2, 3, 4, 5, 6]
[0, 1, 3, 4, 5]
[0, 1, 2, 3]
[0, 1, 3, 4, 5, 6]
[1, 2, 3, 4, 5, 6]
[0, 1, 3, 4, 5]
[0, 1, 2, 3]
[0, 1, 2, 3, 4, 5, 6, 7, 8, 9, 10, 11, 14]
[0, 1, 3, 4, 5, 6]
[0, 1, 2, 3]
[0, 1, 2, 3, 4, 5, 6]
[0, 1, 2, 3, 4, 7]
[0, 1, 2, 3, 4, 6]
[0, 1, 2, 3, 4, 5, 6, 7, 8]
[0, 1, 3, 4, 5, 6]
[1, 2, 3, 4, 5]
[0, 1, 3, 4, 5, 6]
[0, 1, 2, 3, 4]
[0, 1, 3, 4, 5]
[0, 2, 3, 4, 5, 6]
[0, 1, 2]
[0, 1, 2, 3, 5, 6, 7, 8, 10, 11, 13, 14, 15, 16, 17, 18]
[0, 1, 2, 3, 4, 5, 6]
[0, 1, 2, 3, 4, 7]
[0, 1, 3]
[0, 1, 2, 4, 5, 6, 7]
[0, 1, 3, 4, 5]
[0, 1, 2, 3]
[0, 1, 3, 4, 5]
[0, 2, 3, 4, 5]
[0, 1, 2, 3, 4, 5, 6, 8, 9]
[0, 1, 3, 4, 5, 6, 8, 9, 10, 11]
