0.9034841060638428
1
0.9749225378036499
1
0.870455265045166
1
0.9855455756187439
1
0.8531591296195984
1
0.8392246961593628
1
0.972751259803772
1
0.9788306355476379
1
0.9354424476623535
1
0.9788534641265869
1
0.9403256177902222
1
0.5127301812171936
1
0.6814777851104736
1
0.9765329957008362
1
0.8714005351066589
1
0.8886463046073914
1
0.5478705167770386
1
0.8775715231895447
1
0.9850218892097473
1
0.8860259056091309
1
0.932376503944397
1
0.4541080892086029
1
0.9877090454101562
1
0.9665329456329346
1
0.9783346056938171
1
0.983076810836792
1
0.9510237574577332
1
0.8197869062423706
1
0.976729154586792
1
0.9839359521865845
1
0.9856408834457397
1
0.985414981842041
1
0.5849091410636902
1
0.9368144869804382
1
0.9798301458358765
1
0.9639557600021362
1
0.9806703329086304
1
0.9631137251853943
1
0.9450173377990723
1
0.42691612243652344
1
0.954409122467041
1
0.9858852624893188
1
0.9447733759880066
1
0.721994936466217
1
0.90413498878479
1
0.98173987865448
1
0.9578403830528259
1
0.9442276358604431
1
0.870957612991333
1
0.9815265536308289
1
0.9879587888717651
1
0.9742946624755859
1
0.9737141728401184
1
0.9410445094108582
1
0.02899802289903164
1
0.9542067646980286
1
0.9834458231925964
1
0.9803431630134583
1
0.9862818121910095
1
0.710918128490448
1
0.7243589758872986
1
0.9758390188217163
1
0.6318742036819458
1
0.9622246623039246
1
0.19817405939102173
1
0.9536775946617126
1
0.931028425693512
1
0.6490293741226196
1
0.9877453446388245
1
0.9694371819496155
1
0.855002224445343
1
0.6876735091209412
1
0.9669886231422424
1
0.9776586294174194
1
0.5684800744056702
1
0.9389827251434326
1
0.9356855154037476
1
0.9752247333526611
1
0.7078203558921814
1
0.9842163920402527
1
0.9739035367965698
1
0.9844076633453369
1
0.5095989108085632
1
0.9049544930458069
1
0.9739470481872559
1
0.8784491419792175
1
0.9756450653076172
1
0.5186658501625061
1
0.9363588690757751
1
0.9444657564163208
1
0.6009330153465271
1
0.9796743988990784
1
0.9713870286941528
1
0.981472373008728
1
0.7270296812057495
1
0.9829016923904419
1
0.9837449789047241
1
0.9627174735069275
1
0.958473801612854
1
0.6004189252853394
1
