0.8462348711196637
1
0.8064969346049047
1
0.7946713528708573
1
0.8865853173399043
1
0.7181607989710771
1
0.8999666386914615
1
0.6013882663788384
1
0.7293020480404553
1
0.9211175112001558
1
0.939522436117533
1
0.7976034716665541
1
0.8648588060169017
1
0.8527999184926833
1
0.9054589664574807
1
0.8403156638967646
1
0.8517267648552564
1
0.7252403929880182
1
0.6708552061603
1
0.8669612407590279
1
0.7923722288792285
1
0.8999754318371245
1
0.7065850316382453
1
0.8542980902967661
1
0.8575644182485892
1
0.8711375483595978
1
0.8440242766521914
1
0.9242447915593276
1
0.8645267210144927
1
0.8284686559087103
1
0.8417930614767538
1
0.7891017587939699
1
0.9034314858854098
1
0.8881407626346308
1
0.8003741076676981
1
0.9325970902942047
1
0.8242975756726457
1
0.7083957859064494
1
0.8903287736981043
1
0.8704026774310188
1
0.787194140738701
1
0.9139738945124819
1
0.8570078446940715
1
0.8618728149151518
1
0.8094291682742727
1
0.9215566537144823
1
0.798206852868432
1
0.7724182657560894
1
0.807644297985162
1
0.8533822649550733
1
0.9295663437912137
1
0.7556244552510626
1
0.8894627862482863
1
0.8435668949356391
1
0.832386989017747
1
0.866214147614608
1
0.7846610865984797
1
0.85370619520009
1
0.8008371265266643
1
0.911710717075845
1
0.8438995923756266
1
0.8791933461639567
1
0.693823346947216
1
0.7899240442818203
1
0.684231982656753
1
0.7158199279831173
1
0.885509643092558
1
0.8155247261933601
1
0.7707716874869849
1
0.8397032137232722
1
0.7647790404040405
1
0.8743654839595275
1
0.8026982622268278
1
0.6949472281636803
1
0.6743988964108039
1
0.7715753343005672
1
0.8878146973106527
1
0.7885884468619644
1
0.8966816658150815
1
0.8515416239153294
1
0.719195932752489
1
0.8537247474594408
1
0.8025157232704403
1
0.8323578141693377
1
0.7776060266445413
1
0.807903873377078
1
0.8637782576332332
1
0.7391239390867242
1
0.8068583657600642
1
0.849994119623656
1
0.8457851574293955
1
0.7273496443143129
1
0.9194914694031024
1
0.8311871807546548
1
0.8764095032710206
1
0.8208375571747324
1
0.8244802639854092
1
0.8440383408429945
1
0.9207755914679492
1
0.9041175979286726
1
0.892196646629887
