0.829694926738739
1
0.9775695204734802
1
0.9093292951583862
1
0.9769328832626343
1
0.6470779180526733
1
0.6005573868751526
1
0.9215490221977234
1
0.9800292253494263
1
0.8578104376792908
1
0.6297701001167297
1
0.9285421967506409
1
0.3609008193016052
1
0.9338474869728088
1
0.9671872854232788
1
0.9311540722846985
1
0.8612352013587952
1
0.5859121680259705
1
0.8231292366981506
1
0.9838650822639465
1
0.8228569030761719
1
0.9825230836868286
1
0.6143026351928711
1
0.9745652079582214
1
0.8559860587120056
1
0.9707514643669128
1
0.9672549962997437
1
0.964148998260498
1
0.5231770277023315
1
0.9739752411842346
1
0.9760577082633972
1
0.9728754758834839
1
0.953031063079834
1
0.28075700998306274
1
0.9296092391014099
1
0.9663527011871338
1
0.9815142750740051
1
0.9756134152412415
1
0.9009206295013428
1
0.8937101364135742
1
0.7123163938522339
1
0.8605295419692993
1
0.9629908800125122
1
0.9623427391052246
1
0.6866617798805237
1
0.9446399807929993
1
0.9889935851097107
1
0.9257655739784241
1
0.8592965006828308
1
0.8779668211936951
1
0.9773672223091125
1
0.9621638059616089
1
0.9775000214576721
1
0.9481600522994995
1
0.9579403400421143
1
0.7318199872970581
1
0.9283629655838013
1
0.9843607544898987
1
0.9762101769447327
1
0.911274790763855
1
0.7662888765335083
1
0.8275949358940125
1
0.9738677740097046
1
0.6909855008125305
1
0.9249413013458252
1
0.8371596932411194
1
0.9242071509361267
1
0.9399338364601135
1
0.907653272151947
1
0.989723801612854
1
0.9242863059043884
1
0.5912832617759705
1
0.5430683493614197
1
0.9784704446792603
1
0.9568964838981628
1
0.4249737858772278
1
0.9342208504676819
1
0.9164503216743469
1
0.955473005771637
1
0.888845682144165
1
0.9719662070274353
1
0.9601376056671143
1
0.9595420360565186
1
0.8933485150337219
1
0.7725834250450134
1
0.9648857712745667
1
0.7350919246673584
1
0.9511524438858032
1
0.353022038936615
1
0.8785333633422852
1
0.9326608180999756
1
0.8363516330718994
1
0.9632366895675659
1
0.9602087140083313
1
0.9859473705291748
1
0.7660230398178101
1
0.9534608721733093
1
0.31808462738990784
1
0.9419297575950623
1
0.9731544852256775
1
0.8311041593551636
