0.821394681930542
1
0.9695041179656982
1
0.8834232091903687
1
0.9559545516967773
1
0.9714168310165405
1
0.8842141032218933
1
0.8592195510864258
1
0.9829497337341309
1
0.8695080280303955
1
0.9658873677253723
1
0.7515698671340942
1
0.20225240290164948
1
0.8659793734550476
1
0.9528351426124573
1
0.8717036247253418
1
0.8708750605583191
1
0.28069227933883667
1
0.7961998581886292
1
0.9601795673370361
1
0.8546662330627441
1
0.9791010618209839
1
0.5471656918525696
1
0.9077795147895813
1
0.82854825258255
1
0.9743802547454834
1
0.9836012721061707
1
0.9133945107460022
1
0.7786371111869812
1
0.9773044586181641
1
0.9856513738632202
1
0.9901801347732544
1
0.9216787219047546
1
0.6275051832199097
1
0.9528310298919678
1
0.975893497467041
1
0.9110120534896851
1
0.9562051296234131
1
0.8363182544708252
1
0.7953702807426453
1
0.6777540445327759
1
0.8894488215446472
1
0.957241415977478
1
0.9330374002456665
1
0.5268658399581909
1
0.9493858218193054
1
0.9759371280670166
1
0.9767324328422546
1
0.9285397529602051
1
0.6985341906547546
1
0.926164984703064
1
0.9688387513160706
1
0.9444544911384583
1
0.9761398434638977
1
0.9352900385856628
1
0.6056951880455017
1
0.9380141496658325
1
0.9895171523094177
1
0.980897843837738
1
0.9836698770523071
1
0.1858646273612976
1
0.875156819820404
1
0.9673495888710022
1
0.5046150088310242
1
0.9008752703666687
1
0.7906012535095215
1
0.955094039440155
1
0.7702144384384155
1
0.5130945444107056
1
0.9787689447402954
1
0.9527976512908936
1
0.840207576751709
1
0.4885900616645813
1
0.9843813180923462
1
0.9266169667243958
1
0.539618730545044
1
0.9537436962127686
1
0.952597975730896
1
0.9798234701156616
1
0.9468168616294861
1
0.9735063910484314
1
0.9313393235206604
1
0.9876385927200317
1
0.9015560746192932
1
0.7294052839279175
1
0.9794791340827942
1
0.8812068700790405
1
0.9573514461517334
1
0.43538612127304077
1
0.9167174100875854
1
0.9528749585151672
1
0.7522125244140625
1
0.9773667454719543
1
0.9721450805664062
1
0.9641334414482117
1
0.3420201539993286
1
0.982693612575531
1
0.9843972325325012
1
0.91316157579422
1
0.9781873226165771
1
0.3517932593822479
