0.837928295135498
1
0.9739489555358887
1
0.849459707736969
1
0.9687027335166931
1
0.9244546890258789
1
0.797283947467804
1
0.8663144111633301
1
0.9701362252235413
1
0.6593592762947083
1
0.9658873677253723
1
0.7618684768676758
1
0.18855448067188263
1
0.8659793734550476
1
0.9528351426124573
1
0.8717036247253418
1
0.9031124711036682
1
0.3429783582687378
1
0.7211818099021912
1
0.972339928150177
1
0.8567001819610596
1
0.9791010618209839
1
0.5188028216362
1
0.9077795147895813
1
0.82854825258255
1
0.9743802547454834
1
0.9836012721061707
1
0.9133945107460022
1
0.7041118144989014
1
0.9797834157943726
1
0.9869294166564941
1
0.9889004230499268
1
0.9487438201904297
1
0.5025827884674072
1
0.9460635185241699
1
0.9674026966094971
1
0.9746962189674377
1
0.9714449644088745
1
0.8028705716133118
1
0.9032989144325256
1
0.49503588676452637
1
0.905926525592804
1
0.9677689671516418
1
0.9583077430725098
1
0.5467732548713684
1
0.9493858218193054
1
0.9880861043930054
1
0.9735729098320007
1
0.9308322668075562
1
0.8830628395080566
1
0.926164984703064
1
0.9839146137237549
1
0.9539886116981506
1
0.9528300166130066
1
0.929768443107605
1
0.6056951880455017
1
0.9416830539703369
1
0.9895171523094177
1
0.980897843837738
1
0.9883592128753662
1
0.15357601642608643
1
0.8177326917648315
1
0.959896445274353
1
0.6530038714408875
1
0.8706024289131165
1
0.9723417162895203
1
0.9451620578765869
1
0.6876536011695862
1
0.5803377032279968
1
0.9852061867713928
1
0.9527976512908936
1
0.840207576751709
1
0.4885900616645813
1
0.9843813180923462
1
0.9249057769775391
1
0.695909321308136
1
0.9265105724334717
1
0.9412303566932678
1
0.9798234701156616
1
0.9468168616294861
1
0.8995716571807861
1
0.8924801349639893
1
0.9840530157089233
1
0.6940341591835022
1
0.8121359348297119
1
0.9817935228347778
1
0.7079382538795471
1
0.9694505333900452
1
0.41088056564331055
1
0.9167174100875854
1
0.9528749585151672
1
0.7522125244140625
1
0.9773667454719543
1
0.9721450805664062
1
0.9641334414482117
1
0.6360246539115906
1
0.982693612575531
1
0.9852525591850281
1
0.9216399192810059
1
0.9781873226165771
1
0.7054165601730347
