0.793541981781989
1
0.6692484121104175
1
0.6446636077405496
1
0.8202300788862816
1
0.6915335085015579
1
0.822126800738117
1
0.7149151220590537
1
0.6585198682562362
1
0.8184736028666519
1
0.8551587301587302
1
0.6764400053567191
1
0.9191875700561675
1
0.7997701395916124
1
0.8350953684429073
1
0.7571941562333916
1
0.6502288612822017
1
0.699792104213005
1
0.7205716031796373
1
0.7902164243476969
1
0.8394736209088101
1
0.7031139349288421
1
0.6220787399646837
1
0.5778015204947651
1
0.7855040043775244
1
0.7518103201555231
1
0.7329548381054948
1
0.8051656724708971
1
0.7144433098112778
1
0.8928594393785882
1
0.8131683851594119
1
0.8330867504324254
1
0.7828806553456248
1
0.6839490624125386
1
0.6654772836815875
1
0.8928688462882857
1
0.7189740342063063
1
0.8348184138612743
1
0.6899995224739762
1
0.7077411583390122
1
0.6829128644000373
1
0.7976276205087376
1
0.8412031198247089
1
0.9129089517299281
1
0.8146472416815789
1
0.810665775195727
1
0.7547309833024118
1
0.6028087638861181
1
0.8087498897451944
1
0.5924564722437909
1
0.6037567927379885
1
0.6256756654010598
1
0.8606809134422885
1
0.6638001361866417
1
0.6567881113073865
1
0.7759047493856942
1
0.8280117856800716
1
0.7014492753623188
1
0.6828253351453795
1
0.7377457659234662
1
0.8072922603745561
1
0.8295797132441801
1
0.7935461925921864
1
0.6219850776749624
1
0.7957712626803656
1
0.6326478897015765
1
0.7230208797985292
1
0.719997119838711
1
0.6418369328528315
1
0.7993306418233141
1
0.7226593453628422
1
0.7539315473373668
1
0.774976786242655
1
0.6883452917265783
1
0.7330641731178488
1
0.843363918527064
1
0.631377551020408
1
0.773492382132706
1
0.8046923897778587
1
0.7019285309132162
1
0.7353554004476942
1
0.6995115052514806
1
0.6596323155839988
1
0.6751358217010275
1
0.7806478300567338
1
0.7965184824925579
1
0.742100114803948
1
0.7602198124882019
1
0.8044480235658277
1
0.694577019448753
1
0.8119131811748007
1
0.6959354406761427
1
0.7651629237938496
1
0.7028665115763819
1
0.7452576157683257
1
0.7672203480348263
1
0.7350025199245926
1
0.582671904913848
1
0.6835349337138856
1
0.6656141629251178
1
0.7769584650718651
