0.7364294959021522
1
0.6242100783622734
1
0.48250841888730167
1
0.6219365020695644
1
0.7943507342838984
1
0.5942827004219409
1
0.5694304614098533
1
0.43803160205162556
1
0.6396840948303171
1
0.7572048869779917
1
0.5713209653609342
1
0.8459235574319958
1
0.7592055651011836
1
0.7722793598456167
1
0.7036564299546939
1
0.5561046694612474
1
0.617748746540949
1
0.5637253957674363
1
0.7662925871237692
1
0.8191838146010864
1
0.622903922541315
1
0.5765513183972559
1
0.5569921401791534
1
0.7005485140537357
1
0.7564063979112282
1
0.6582976183074855
1
0.8051656724708971
1
0.6451737175322793
1
0.7816915347137636
1
0.7305195672964159
1
0.7086399554818034
1
0.6619589892449108
1
0.6719073118916844
1
0.6210023703984324
1
0.7518028967614359
1
0.45072698275061157
1
0.7436113690003467
1
0.6322105073443272
1
0.5978332038829123
1
0.565506347542511
1
0.7861978520533405
1
0.7534645696318428
1
0.5755231635156589
1
0.7747793789660793
1
0.6509864305343954
1
0.6182235295237551
1
0.44948321448601875
1
0.7632114572616597
1
0.5046453668045453
1
0.6037567927379885
1
0.6228174834128739
1
0.750363449325387
1
0.5587760529197509
1
0.5979886039565774
1
0.7178543736055424
1
0.6928549697553721
1
0.6838166666666667
1
0.5881506377489458
1
0.7182151589242055
1
0.6540086502894081
1
0.7289814581925984
1
0.6409386075852762
1
0.49272169198778787
1
0.6233206111297197
1
0.4709295742753623
1
0.7129286713920213
1
0.6104336323092343
1
0.5839972086940233
1
0.6871895363622937
1
0.7226593453628422
1
0.7452689690067703
1
0.7307057356207629
1
0.682743257383809
1
0.6005763710319827
1
0.5368814192343603
1
0.5670263707333456
1
0.7484527289739527
1
0.7897409520482757
1
0.606266
1
0.5627771892157533
1
0.651391904288021
1
0.5621977333497421
1
0.6337530720928763
1
0.6569826330559698
1
0.7481461486742537
1
0.5903512361597973
1
0.6816758723135197
1
0.7282420639984262
1
0.694577019448753
1
0.7795756800021615
1
0.5701822127718883
1
0.6697073471283639
1
0.6152422404585035
1
0.6032544167703114
1
0.6662133084028248
1
0.7106818541370036
1
0.5816835724348086
1
0.6302936615606204
1
0.6656141629251178
1
0.6473244854008186
