0.8361533592660189
1
0.7365978008186503
1
0.684795661737458
1
0.8202300788862816
1
0.6915335085015579
1
0.822126800738117
1
0.7149151220590537
1
0.6585198682562362
1
0.8184736028666519
1
0.8551587301587302
1
0.6923781291571491
1
0.9259934415484113
1
0.8694059723359022
1
0.8350953684429073
1
0.7624908821585724
1
0.7254795131110116
1
0.8023946559910706
1
0.7205716031796373
1
0.8316604662560515
1
0.8394736209088101
1
0.8529154175756909
1
0.6983152936760099
1
0.7294953252440682
1
0.8018305621528405
1
0.8541483878700707
1
0.7867137809187279
1
0.8668197254423553
1
0.8838622863891392
1
0.8928594393785882
1
0.8131683851594119
1
0.8330867504324254
1
0.7828806553456248
1
0.8294527085224759
1
0.7955212136167784
1
0.8928688462882857
1
0.7189740342063063
1
0.8348184138612743
1
0.7495628615757515
1
0.7080889426920044
1
0.7051896426295542
1
0.8318790280877235
1
0.8820434073769144
1
0.9129089517299281
1
0.8204743817973462
1
0.8543238649975574
1
0.8005067261868852
1
0.6028087638861181
1
0.8087498897451944
1
0.6993533000418545
1
0.7869876042520813
1
0.6885317542216636
1
0.8690694521489494
1
0.8567420563599797
1
0.733713655659981
1
0.7841969668227003
1
0.8280117856800716
1
0.7654493696465842
1
0.7548355218830012
1
0.7878333854057449
1
0.8072922603745561
1
0.8295797132441801
1
0.8251422402622515
1
0.9133383301932549
1
0.7957712626803656
1
0.6326478897015765
1
0.8042175757483144
1
0.719997119838711
1
0.7306365012799902
1
0.8975093596507946
1
0.7728534371550853
1
0.7894677092699053
1
0.8260666749707817
1
0.7206348572082991
1
0.7665285208786105
1
0.843363918527064
1
0.691753514189527
1
0.7715884717776269
1
0.8594259423259195
1
0.8362903569860091
1
0.8498986175115207
1
0.6995115052514806
1
0.6596323155839988
1
0.736076134784528
1
0.8151467129108085
1
0.7965184824925579
1
0.742100114803948
1
0.7602198124882019
1
0.8352806764280767
1
0.8549356223175965
1
0.8099558846940077
1
0.6959354406761427
1
0.8515014850206611
1
0.8452934432973368
1
0.7863684421309077
1
0.7800503637883108
1
0.7732055082146799
1
0.7605277344659871
1
0.7501738662092983
1
0.8755537597945136
1
0.8538216952828714
