0.8763515729400371
1
0.7831651801079629
1
0.7737037738140112
1
0.8894709823690929
1
0.7395769903410546
1
0.823214011091408
1
0.7149151220590537
1
0.8308372607431657
1
0.8515136269683784
1
0.8652778150104103
1
0.7785782050118828
1
0.9545408668391803
1
0.8905920416629598
1
0.8669934281965669
1
0.7814445425076413
1
0.8028301253986452
1
0.837286728041533
1
0.8993599229055268
1
0.8854362892888297
1
0.8688326933478896
1
0.9007939520415683
1
0.749505929493423
1
0.8347443588894345
1
0.8801860465116279
1
0.904429937859119
1
0.8334137065788443
1
0.9007619015094598
1
0.9024924096153063
1
0.9240759553560359
1
0.8699387689261827
1
0.9152690762067675
1
0.8838329008073817
1
0.9052078468299838
1
0.7955212136167784
1
0.9182986512299212
1
0.8715326949583972
1
0.867118262065816
1
0.8243567186856411
1
0.7935365665354543
1
0.7404507811622172
1
0.8537911625553227
1
0.9319526275809682
1
0.9129089517299281
1
0.875288322318986
1
0.8594439758899239
1
0.8005067261868852
1
0.730305069742337
1
0.861275476660092
1
0.8047737053836619
1
0.8136986301369863
1
0.7072368421052632
1
0.8969072322806675
1
0.8709468596093327
1
0.8515733730001659
1
0.8428603303295242
1
0.8855349506928377
1
0.8815958815958815
1
0.8669487847637012
1
0.8146691679943474
1
0.8650145382965867
1
0.9167744221745876
1
0.8718730935132353
1
0.9452913998063779
1
0.7957712626803656
1
0.709250664586348
1
0.8310805492472249
1
0.8098481424023661
1
0.7942222164001074
1
0.8915801599664882
1
0.8109816521155138
1
0.9038829264264536
1
0.8460342497130543
1
0.8061723638757131
1
0.8589400653897424
1
0.8939009825130702
1
0.7036004602051569
1
0.8225990304080815
1
0.8718295368000135
1
0.8747721674278705
1
0.8498986175115207
1
0.850516048433596
1
0.7908089647682226
1
0.7620316809382616
1
0.9151822669545887
1
0.7855802137220278
1
0.8763638614852021
1
0.7898293121149897
1
0.9090882460637129
1
0.8549356223175965
1
0.8857606659616055
1
0.8044680313474256
1
0.9127225065294281
1
0.880108147161137
1
0.9000994486882518
1
0.8066906480787682
1
0.8953939089481946
1
0.8199307497721774
1
0.8041361713613843
1
0.9161671643157352
1
0.8687695325969779
