0.9530528858304024
0.7587745069629617
0.5471304262988269
0.36007201864517163
0.7888962142169476
0.5518208593976769
0.43180950668950874
0.7403438149485737
0.3544199815951288
0.619894552230835
0.7360601614539822
0.8069611289021041
0.5883044194779359
0.5006967468187213
0.7214303127386503
0.46653691411484033
0.5555125937680714
0.8534038823563606
0.8142751581393756
0.6440029656514525
0.7137172967195511
0.6607050150632858
0.5368684774148278
0.829026216123667
0.32209876030683515
0.4099708078429103
0.8324505489912223
0.5348140515076617
0.6775709528786441
0.48308349713417037
0.5911038394551724
0.7631266601383686
0.746868085465394
0.5623264287908872
0.5786992058327253
0.8518203943967819
0.6032624154041211
0.6691493064475557
0.7130180359818041
0.8326024617999792
0.9907929045813424
0.7338357317660537
0.9805411472916603
0.6513958048696319
0.621199216354977
0.6365964721888304
0.7589522248932293
0.6000294893048703
0.5417653028853238
0.5901860695332288
0.0165679223007626
0.6012723413961274
0.7606566042328874
0.9617277979850769
0.593413580475109
0.658985012634234
0.5136274707037956
0.6851829240719477
0.3344744802452624
0.7060984019190073
0.4068835414946079
0.9598230242729187
0.9369766662518183
0.9793464030538287
0.8902932746069772
0.6333284975791519
0.4547343738377094
0.45230343997744576
0.5050428460041682
0.6018431000760757
0.830240735411644
0.6345677582818704
0.7387228632966677
0.8999811863669982
0.4480093670162288
0.5261101488851838
0.7316110508982092
0.8364992290735245
0.5880483953016145
0.5274539574642073
0.6991773129640413
0.7748663895763457
0.8302481182747417
0.6726284283213317
0.9803430040677389
0.8505616982777914
0.7199558344754305
0.7310036433627829
0.6719642740984758
0.45542181670316495
0.6299736337228254
0.6893611265536905
0.692882225745254
0.8895738869905472
0.823894701898098
0.9795640508333842
0.7478409286621692
0.6541607068343596
0.4875451431144029
0.5947603912209161
0.7997648425400257
0.7196924286809835
0.49293474335637355
0.4587872227653861
0.9927584528923035
0.4977167769525708
0.6217151787132025
0.5448936820030212
0.8350767816106478
0.4775621545656274
0.4093022271990776
0.8123004077510401
0.8091174215078354
0.6773493255799016
0.9008494700704303
0.676281251013279
0.7372782660855187
0.8829061604208417
0.7688737123244209
0.6480989533906373
0.43773048904470424
0.9885875806212425
0.8107425032390488
0.671278539171908
0.8345963358879089
0.6754948167751232
0.650379478931427
0.8604979485273361
0.546502827356259
0.5282033185164133
0.6415575612336397
0.6681034039809473
0.5918899279398223
0.6467129293208321
0.6479303240776062
0.7651133502109183
0.4308728117030114
0.8311253225811842
0.7421186368625897
0.7692229157934586
0.6057172432541847
0.853414101260049
0.6989308507605032
0.9105863996914455
0.904778465628624
0.7042369097471237
0.5812108004465699
0.6797185644714369
0.6571931629441679
0.8232581665118536
0.7705646306276321
0.6029373612254858
0.7764501869678497
0.7715881283261946
0.8483191792454038
0.567684707733301
0.58633059955069
0.7769760497446571
0.6284116067820125
0.6114485675518934
0.7590836826711893
0.6386293265968561
0.7399646658450365
0.7193747990849343
0.6742360391743625
0.8503772882635102
0.7369967743870802
0.6485728586092592
0.5158036758657545
0.5294217003716363
0.6474459747162958
0.769043530760841
0.4778775250306353
0.6120819203555584
0.7744128834879533
0.6507832520375294
0.6564685630922517
0.6850248023867607
0.7416366230075558
0.5438585955106343
0.9179480160985675
0.6542032300071283
0.579164030496031
0.6017586768139154
0.5675263668312446
0.525771202147007
0.7035725287028721
0.7827743753790856
0.8817867731675506
0.5367151073772799
0.6443592054420151
0.32292282581329346
0.7581539452075958
0.6687223747139797
0.685417083685752
0.6684956272656564
0.7793831005692482
0.4016142383625265
0.6565695292471597
0.8134806166802134
