0.9924446493387222
0.9209747943613265
0.9892166793346405
0.9942200524466378
0.9911484494805336
0.9753775596618652
0.8219136707484722
0.7941640703938901
0.949866533279419
0.8056141175329685
0.9016253234197696
0.9013672388262219
0.9067428112030029
0.9761844396591186
0.9445223609606425
0.9932345847288767
0.6677160681768631
0.9938001930713654
0.9934580601178683
0.9870653867721557
0.8698626654222608
0.8017312452197075
0.9298730753362179
0.9012123313215044
0.6188243940472603
0.8593660866220793
0.9047104204920206
0.8772155692179998
0.8797442379097143
0.8081173281784036
0.8684396885801107
0.9195269763469696
0.8591994832136801
0.838651780039072
0.8314195110208609
0.8520301232735316
0.8251821470757326
0.8288502869642494
0.9929071217775345
0.9919239197458539
0.9863304155213493
0.9943653770855495
0.970986470580101
0.8773050581415495
0.8867362741042267
0.932304972410202
0.857152395216482
0.8683237674490859
0.8510083826258779
0.9021205246448517
