0.9896364137530327
0.9383469025293986
0.8556122172623872
0.7484748172573745
0.991093248128891
0.8973467769947919
0.6866124011576176
0.7977581592276692
0.7729445956647396
0.7979716576635838
0.9003129101668795
0.7888649652401606
0.9370990172028542
0.9789139628410339
0.9256417751312256
0.7880056326587995
0.670082203267763
0.977229505777359
0.9928204646477332
0.9189755082130432
0.850251893454697
0.6156802117824555
0.7848756907042116
0.9130035009649065
0.6099763005971909
0.8691198974847794
0.9056516926396977
0.882406989733378
0.7858695230291536
0.8236128069526915
0.7445817806728883
0.9319570899009705
0.8725323597235339
0.7626540251076221
0.7724676421758804
0.8467375288407007
0.8241292417049408
0.6789277994442576
0.9912629947066307
0.97784423828125
0.9903250932693481
0.9688838635172162
0.9796045646071434
0.8923032730817795
0.8238770728084174
0.775667130947113
0.8565792881750635
0.8648079417801152
0.8568650141824037
0.9127893179655076
0.02454659342765808
0.9913492202758789
0.8806781092037758
0.9669723808765411
0.7303162195852825
0.9571130058982156
0.8357028260028788
0.9764294922351837
0.5587561034481041
0.8726130475600561
0.6958012829224268
0.9038541555404663
0.9887401610612869
0.9877630046435765
0.9020802463803973
0.9851403398947283
0.8459056102567248
0.8757482830967221
0.5862938699622949
0.9049132138490676
0.975556218624115
0.6394675208915336
0.8147651643957943
0.9386412157462194
0.794225505807183
0.8247534698910184
0.897009052336216
0.9915438095728556
0.8622289613953659
0.901864055544138
0.9616557870592389
0.814570298922869
0.9841632975472344
0.7020728895440698
0.9895409345626831
0.992513120174408
0.8436579881659285
0.786218786612153
0.9009683438343927
0.9905630350112915
0.825889917937192
0.977418449791995
0.8721324077083005
0.931086853146553
0.909976644648446
0.9737755159536997
0.9814826675823757
0.754797531969168
0.7287027486599982
0.9229911416769028
0.9064912080764771
0.8162562069906429
0.8006291571590636
0.87901451587677
0.9929693937301636
0.9102583466605707
0.8523980719702584
0.8876172006130219
0.850401982665062
0.5943171533031596
0.923925147112459
0.8247526762160388
0.9779518445332845
0.8282960974611342
0.9824314287730626
0.9046538807451725
0.867856009138955
0.9880351689126756
0.7741713633295149
0.9460018987839038
0.73870838528753
0.9937357977032661
0.8897735534442796
0.8429521657526493
0.9065025150775909
0.846082172046105
0.8875511207363822
0.880081458389759
0.9623980224132538
0.8519454256941875
0.7615937888622284
0.7592912956477247
0.8878603912889957
0.8122367275257906
0.7534977734088898
0.9451462626457214
0.7097683803488811
0.9869241660291498
0.8668175233671298
0.9943373534414504
0.806026378273964
0.9857309375490461
0.8765397261489521
0.9934174077851432
0.8402108456939459
0.9941300377249718
0.8748275893075126
0.9182513356208801
0.861387414591653
0.829862002748996
0.7019733765295574
0.9644729362593757
0.9442368671298027
0.9460242986679077
0.8286200540938548
0.8519225092604756
0.8022733288151878
0.9865146790231977
0.8799929751290215
0.9865153346742902
0.7665392247727141
0.9640839099884033
0.8306027762591839
0.8030970570715991
0.707927039036384
0.8913182692930979
0.7716505825519562
0.9686733245849609
0.8598262909799814
0.8133683237764571
0.9890146719084846
0.9911299293691461
0.9516764521598816
0.8931733809411526
0.9125273234464906
0.8349513496671405
0.9274675316280789
0.7260516257956624
0.8258052847425764
0.9300242523352306
0.8861010244914463
0.8404458368366415
0.7763763467470804
0.9292793903085921
0.7808543702979621
0.8071851149201393
0.6996806349073138
0.9834073662757874
0.9893251180648803
0.7327532368627462
0.73599502657141
0.7511002952232957
0.8183016441762447
0.8530100686475635
0.6496383907622658
0.8313857614994049
0.8969039044935595
0.8793834857642651
0.8132961946539581
0.983188305582319
