0.9852492138743401
0.8385071059908822
0.6705249758146238
0.2626999097244282
0.9478236511349678
0.8348202989860014
0.5846035641928514
0.7780594419455156
0.645360783363382
0.7381094731390476
0.8154106125390778
0.7878987209664451
0.8551119733601809
0.7920187255367637
0.8172996714711189
0.5721245055513767
0.6856997194311892
0.9834353029727936
0.9522064786690932
0.7872264087200165
0.7535134261706844
0.5854554243385792
0.6068828743300401
0.901020907693439
0.6300948828458786
0.8955438186724981
0.906170569698919
0.4736869515230258
0.7137976398225874
0.7912330643406936
0.6073633078194689
0.825621273368597
0.8527572818732422
0.757702784302334
0.6970099813558839
0.7708031038443247
0.785421467696627
0.6796788628368328
0.867657910566777
0.9758270042283195
0.9913908413478306
0.965567580291203
0.9848472103476524
0.7703890942502767
0.7334051037376578
0.7652085967361927
0.8524400059665952
0.7193845410055171
0.8646335708908737
0.8452074527740479
0.013060653375254737
0.6748049767421824
0.7926635829110941
0.9664993385473887
0.5942251341683524
0.9310845136642456
0.8492107101316962
0.7234198314448198
0.5339703527279198
0.8508625424156586
0.705404826750358
0.8968544483184815
0.9667736689249674
0.9886444977351597
0.9130764773913792
0.9519955678419634
0.6796909100893471
0.7314934017402785
0.4231720417737961
0.8077986508607864
0.8030950650572777
0.6258014272898436
0.8134538407903165
0.8957195327832148
0.7502627603032372
0.7280455016427569
0.767608743510209
0.845195185393095
0.6959293186664581
0.7268116466531699
0.850172579820667
0.7784341941587627
0.9817587865723504
0.7956613078713417
0.9881182610988617
0.9176235629452599
0.8215664125216956
0.7820537686347961
0.8144775861874223
0.868034215644002
0.7286287864500826
0.9142952087250623
0.7923673987388611
0.927270382642746
0.8195421824024783
0.9881313244501749
0.9383499196597508
0.572811319577423
0.5815579150803387
0.9155976474285126
0.8413863956928254
0.7045053123411807
0.8100535621245702
0.7258582759648562
0.9929208278656005
0.7293099104003473
0.8591796159744263
0.781140647828579
0.8477661162614822
0.6137472838551427
0.7084999552627171
0.8481972786513242
0.8526134168108305
0.7153739981974164
0.8847634196281433
0.6664928527316079
0.774065699842241
0.9829874369833205
0.7955951695330441
0.818818207973471
0.7459663408173417
0.9909849166870117
0.8815373885962698
0.8213015208020806
0.8316081054508686
0.6879970663770413
0.9128407673402266
0.9122656553983688
0.8157507510234913
0.7075788766766588
0.73763163597323
0.6705377344042063
0.8167891887327036
0.8076593975226084
0.6942180447280407
0.845099656118287
0.5697033248531321
0.9909481568769976
0.8059477662810912
0.8472477388050821
0.7952613539993763
0.9762379101344517
0.824080446311696
0.9935202087674823
0.8398881778120995
0.9014015160501003
0.6454319206532091
0.7506134014628414
0.8603768231613296
0.8337230434020361
0.7898203198398862
0.8941244019402398
0.9136786758899689
0.9386816109929766
0.8435504697263241
0.6252280064464475
0.8109232357570103
0.8888969251087734
0.8698042101330228
0.8411591236280012
0.763738579582423
0.8036421307673057
0.8187475223094225
0.7663721575994383
0.6142799372632558
0.9036227668471196
0.6691366038285196
0.7800408199429512
0.6196108451113105
0.7346410101486577
0.6724288877513673
0.8364097872240976
0.9485704064369201
0.7334016323089599
0.868880729783665
0.8184944503009319
0.9231091936429342
0.7044040116481483
0.8169844024426615
0.6829563387592013
0.8423574651990619
0.7330816408873282
0.6423354304085175
0.825145294268926
0.6737996116648183
0.7066888146102428
0.5839388865445342
0.8306273341178894
0.9752892017364502
0.6663948934186589
0.6359300597604098
0.3899389107245952
0.8028424982395437
0.8601454083691351
0.7321542066754774
0.6320491381338798
0.766633926467462
0.6928473956941161
0.7971567908922831
0.8335786959422486
