0.9940327405929565
0.9945089022318522
0.9941787004470826
0.9942006894520351
0.99234589189291
0.9941032366319136
0.7191263536612192
0.9943917393684387
0.9944594999154409
0.8056451596319676
0.8977983640409851
0.9943797455893623
0.9436758309602737
0.9764539241790772
0.9942278994454278
0.9934783776601156
0.8296517017297447
0.9943037405610085
0.9944624579869784
0.9886597156524658
0.8718513938365504
0.994425892829895
0.9932349845767021
0.9150110549396939
0.9939506769180297
0.9942237834135691
0.9922510385513306
0.8769861807425817
0.9582898914813995
0.8527140076205667
0.8665669469046406
0.994173014163971
0.9886314741202763
0.9125780849717557
0.914589368484237
0.8760894189278284
0.946246741215388
0.9944635728995005
0.9945406168699265
0.993755647114345
0.9874533840588161
0.9944249050957816
0.9925451353192329
0.8802495673298836
0.9064472808756612
0.9394621074199676
0.9228759627523166
0.9345117365320523
0.864396614022553
0.9934584379196167
0.9872067213058472
0.9093841399465289
0.9771224359671274
0.9607120156288147
0.8675670857940402
0.9720878980376504
0.993307181767055
0.9933431347211202
0.674954267218709
0.9273928023253878
0.9943377276261648
0.994416880607605
0.9903464168310165
0.9908953138760158
0.9939958623477391
0.9940908876332369
0.9814455906550089
0.9944956047194344
0.7133316099643707
0.9930814385414124
0.9870450973510743
0.9196517169475555
0.9943862656752268
0.9936217115475581
0.8206088732589375
0.994466933939192
0.9938839823007584
0.9901876250902811
0.9686913916042873
0.9918324838985096
0.9925182802336556
0.99386398990949
0.992643223868476
0.9388828128576279
0.992848684390386
0.9944227072927687
0.9033638753674247
0.9944320246577263
0.9078198838202903
0.9938609898090363
0.9913821437142112
0.994058755311099
0.9585744076304965
0.9938945695757866
0.9120511015256246
0.9739357829093933
0.9924070494515556
0.9029145233163779
0.8959756903350353
0.9944228455424309
0.9382480651140213
0.9052110085771843
0.9511643979284499
0.9929285824298859
0.9929298281669616
0.9912566434253346
0.8597885114806039
0.9938910404841105
0.9901922245820364
0.7811511850191487
0.9915887276331584
0.9189810685136102
0.9938395122687022
0.9128606845624745
0.9945454597473145
0.9036307595670223
0.9596372511651781
0.9934799406263564
0.8848510384559631
0.9704754581818213
0.9760611707513983
0.9945120140910149
0.994266562991672
0.9944192692637444
0.8863270543515682
0.9921425481637319
0.9917471571402117
0.9946121513843537
0.9930735528469086
0.9923431277275085
0.9431565329432487
0.977673159705268
0.9897402971982956
0.8753839855392774
0.8895287822932005
0.9944886896345351
0.866984644283851
0.9925249923359264
0.9874952068695655
0.9944736427730985
0.9943071961402893
0.9943649513380868
0.993955747647719
0.9944966094834464
0.9648291692137718
0.994386576116085
0.993831924029759
0.9938945041762458
0.9937233924865723
0.9943287074565887
0.9541384492601667
0.9933402074707879
0.8728981332387775
0.9929341290678296
0.9945782337869916
0.9941227757013761
0.9328280006136213
0.9886900697435651
0.985888401667277
0.9944356169019427
0.8291710106423125
0.9934628506501516
0.9941811189055443
0.9152390685948458
0.9892956064297602
0.9940220959046308
0.8709138967096806
0.9923699796199799
0.9938375949859619
0.9943792621294657
0.9943007429440817
0.9918592951514504
0.956445038318634
0.8961907112039625
0.9941720312291925
0.8542079329490662
0.9801558388604058
0.9248389273881912
0.9272537926832835
0.9295743614435196
0.9812102488109044
0.9943583824417808
0.8188587576150894
0.9944528341293335
0.8610106500747957
0.8673987597227096
0.7699855331863675
0.9936798989772797
0.9942016720771789
0.9060669957914136
0.8162873439889934
0.9944132193922997
0.9940863185458713
0.8740399605594575
0.9941542148590088
0.8057803623378277
0.9902021884918213
0.9360231980681419
0.9938280781110128
0.9942343575613839
