0.9926207661628723
0.9856241941452026
0.983930766582489
0.967093288898468
0.9738393425941467
0.9656165242195129
0.9720243811607361
0.9854793548583984
0.9745250344276428
0.9645391702651978
0.8949167728424072
0.98003089427948
0.9485720992088318
0.9886901378631592
0.9862956404685974
0.942935585975647
0.9546141028404236
0.9974966049194336
0.9748363494873047
0.9666587114334106
0.9656851887702942
0.9653135538101196
0.9813687205314636
0.9920822978019714
0.9139935970306396
0.9902616143226624
0.9654031991958618
0.99574214220047
0.9365622401237488
0.9794672131538391
0.989130973815918
0.975261926651001
0.9076154828071594
0.991671621799469
0.9807983636856079
0.8912045359611511
0.9783962965011597
0.9582460522651672
0.9890023469924927
0.9629055857658386
0.9813565015792847
0.9937911629676819
0.966471254825592
0.946015477180481
0.9658879637718201
0.9924871325492859
0.9699156880378723
0.9935445189476013
0.9876523017883301
0.9903028011322021
0.9172006249427795
0.9928255677223206
0.9570732116699219
0.9964116811752319
0.966822624206543
0.9697297215461731
0.9645563960075378
0.985794186592102
0.9190236330032349
0.9932422637939453
0.949469268321991
0.9142829775810242
0.944453239440918
0.9739223122596741
0.9941986799240112
0.9956035614013672
0.9804128408432007
0.9518654942512512
0.9576869010925293
0.9956359267234802
0.9247053265571594
0.9065126776695251
0.9197766780853271
0.9884129166603088
0.9638813138008118
0.994002640247345
0.9739030003547668
0.993278980255127
0.9310628771781921
0.978044331073761
0.9885659217834473
0.9846386909484863
0.9902935028076172
0.82126784324646
0.980853259563446
0.9969541430473328
0.8958448171615601
0.9842574596405029
0.9180629849433899
0.9910433292388916
0.9850416779518127
0.99549400806427
0.9724267721176147
0.9251654744148254
0.9856299757957458
0.9751669764518738
0.9909382462501526
0.9821842312812805
0.9755882024765015
0.9860805869102478
0.9591643810272217
0.9883570075035095
0.9797783493995667
0.9526138305664062
0.9699773788452148
0.9913201928138733
0.9524803757667542
0.9916229844093323
0.9860317707061768
0.992642343044281
0.9906375408172607
0.9845597147941589
0.9544329047203064
0.9538778066635132
0.9835033416748047
0.9929127097129822
0.9917840957641602
0.9062933325767517
0.9251231551170349
0.9951599836349487
0.9413647651672363
0.9255915284156799
0.9608327746391296
0.9945506453514099
0.9840677976608276
0.9901943802833557
0.9814448356628418
0.9964516758918762
0.9808038473129272
0.9975059032440186
0.9519367814064026
0.991769015789032
0.982521653175354
0.989860475063324
0.9448668956756592
0.9292362332344055
0.9563755393028259
0.9969631433486938
0.9376092553138733
0.9964747428894043
0.9894194602966309
0.9816741347312927
0.9656262397766113
0.9927629232406616
0.9328703284263611
0.9840298295021057
0.9891745448112488
0.9925830364227295
0.9323960542678833
0.8405952453613281
0.9637832045555115
0.9957966804504395
0.9746780395507812
0.9922302961349487
0.9935702681541443
0.9960178732872009
0.9858788251876831
0.9907641410827637
0.9683970808982849
0.9963828325271606
0.8136100172996521
0.983576774597168
0.9859846234321594
0.9965381622314453
0.9774627089500427
0.996891438961029
0.9801201820373535
0.9968122839927673
0.9861049652099609
0.9438587427139282
0.9875063896179199
0.9943137168884277
0.965001106262207
0.9876871705055237
0.9894798994064331
0.9918344616889954
0.8912940621376038
0.9423842430114746
0.9870343208312988
0.9882346987724304
0.8062063455581665
0.9924701452255249
0.9732906222343445
0.9897567629814148
0.9451234340667725
0.994583249092102
0.9865517616271973
0.9853268265724182
0.9874363541603088
0.9941928386688232
0.9914189577102661
0.9193482398986816
0.9604604840278625
0.8997421264648438
0.9594796895980835
0.9322686195373535
0.9753975868225098
0.9905197024345398
0.837009847164154
0.973627507686615
