0.9755314886569977
0.9383469025293986
0.8629218559712172
0.7484748172573745
0.992532342672348
0.8973467769947919
0.5833258728186289
0.7977581592276692
0.7918086084537208
0.7979716576635838
0.8961000528458195
0.7888649652401606
0.9806850999593735
0.9789139628410339
0.8963828268978331
0.7880056326587995
0.6658061128885796
0.977229505777359
0.9931170115104089
0.9189755082130432
0.8601019902853295
0.6156802117824555
0.8081685861106962
0.9130035009649065
0.7857291609048843
0.8691198974847794
0.992767333984375
0.882406989733378
0.7941840580509355
0.8236128069526915
0.7435408484161599
0.9319570899009705
0.870276748069695
0.7626540251076221
0.762321706183932
0.8467375288407007
0.945766395330429
0.6789277994442576
0.9943522736430168
0.97784423828125
0.991413380418505
0.9688838635172162
0.9915582314133644
0.8923032730817795
0.8733879967846654
0.775667130947113
0.9221756647207907
0.8648079417801152
0.8644398406613618
0.9127893179655076
0.0686428149541219
0.9913492202758789
0.8741007888068756
0.9669723808765411
0.7802259198256901
0.9571130058982156
0.8363353946645345
0.9764294922351837
0.54861404345138
0.8726130475600561
0.8425644387801489
0.9038541555404663
0.9822635700305303
0.9877630046435765
0.9885789326259068
0.9851403398947283
0.845390745335155
0.8757482830967221
0.6416879619161288
0.9049132138490676
0.9769145727157593
0.6394675208915336
0.9724469184875488
0.9386412157462194
0.8520450348203833
0.8247534698910184
0.8823226727545261
0.9915438095728556
0.8775194686438356
0.901864055544138
0.9270836625780378
0.814570298922869
0.9891997509532504
0.7020728895440698
0.9694987038771311
0.992513120174408
0.8342945975336161
0.786218786612153
0.8967944789522638
0.9905630350112915
0.9048480936749415
0.977418449791995
0.8694870144956641
0.931086853146553
0.9119989540841844
0.9737755159536997
0.9658120274543762
0.754797531969168
0.7900332761928439
0.9229911416769028
0.8751681327819825
0.8162562069906429
0.8530641719698906
0.87901451587677
0.9303375244140625
0.9102583466605707
0.969923598425729
0.8876172006130219
0.8353631223241488
0.5943171533031596
0.9891838590304057
0.8247526762160388
0.8541378453373909
0.8282960974611342
0.912819538797651
0.9046538807451725
0.8665165735615624
0.9880351689126756
0.9323894456028938
0.9460018987839038
0.8694377854805101
0.9937357977032661
0.8854367555015616
0.8429521657526493
0.8604546822607517
0.846082172046105
0.9763837402517145
0.880081458389759
0.9628239572048187
0.8519454256941875
0.8151666020130506
0.7592912956477247
0.8867740569015344
0.8122367275257906
0.7693102596327662
0.9451462626457214
0.6996852610415468
0.9869241660291498
0.8783413203289876
0.9943373534414504
0.9935223579406738
0.9857309375490461
0.9071753404357217
0.9934174077851432
0.9594917446374893
0.9941300377249718
0.8897429364068168
0.9182513356208801
0.8602471074887684
0.829862002748996
0.8173917010426521
0.9644729362593757
0.8149558063596487
0.9460242986679077
0.8538782542039242
0.8519225092604756
0.9191810062953404
0.9865146790231977
0.8947859340243869
0.9865153346742902
0.8286650466810291
0.9640839099884033
0.9000569898635149
0.8030970570715991
0.8075445643984355
0.8913182692930979
0.8100123032927513
0.9686733245849609
0.9937207326292992
0.8133683237764571
0.9941672484079996
0.9911299293691461
0.9544417500495911
0.8931733809411526
0.9094557850198313
0.8349513496671405
0.916641953918669
0.7260516257956624
0.8419395815969134
0.9300242523352306
0.9645031605448041
0.8404458368366415
0.8257457166910172
0.9292793903085921
0.7112178099586776
0.8071851149201393
0.8120646412883487
0.9834073662757874
0.9902876853942871
0.7327532368627462
0.7388753848416465
0.7511002952232957
0.9178712897830539
0.8530100686475635
0.7507359941140749
0.8313857614994049
0.8982819909737869
0.8793834857642651
0.8273030159374078
0.983188305582319
