0.9545676484704018
0.8385071059908822
0.7018062919087242
0.2626999097244282
0.8725225711241364
0.8348202989860014
0.5838069453214606
0.7780594419455156
0.6713982694782317
0.7381094731390476
0.8103581588269057
0.7878987209664451
0.8708517793565989
0.7920187255367637
0.7565119463122554
0.5721245055513767
0.6687065939962243
0.9834353029727936
0.9404354049609258
0.7872264087200165
0.7683326535625383
0.5854554243385792
0.7337130833766423
0.901020907693439
0.8058520466089248
0.8955438186724981
0.9924851330843839
0.4736869515230258
0.7243602087255567
0.7912330643406936
0.6204277702781837
0.825621273368597
0.8462947779834005
0.757702784302334
0.6812530114230785
0.7708031038443247
0.85048300648729
0.6796788628368328
0.9927783533930779
0.9758270042283195
0.9918265513011387
0.965567580291203
0.9918868839740753
0.7703890942502767
0.779262955554507
0.7652085967361927
0.8039986371461835
0.7193845410055171
0.8629552382044494
0.8452074527740479
0.037841359774271645
0.6748049767421824
0.7847199409734458
0.9664993385473887
0.6359006033412048
0.9310845136642456
0.8393942268033113
0.7234198314448198
0.5197700359858572
0.8508625424156586
0.845603828628858
0.8968544483184815
0.8984228032641113
0.9886444977351597
0.9870580094201225
0.9519955678419634
0.6776855502070652
0.7314934017402785
0.41583996762832004
0.8077986508607864
0.8005604490637779
0.6258014272898436
0.9718473056952158
0.8957195327832148
0.7961279126730832
0.7280455016427569
0.7629974320298061
0.845195185393095
0.6912133150867054
0.7268116466531699
0.8428161317216498
0.7784341941587627
0.9773146178987291
0.7956613078713417
0.9409902493158976
0.9176235629452599
0.8083479397676208
0.7820537686347961
0.809667806335104
0.868034215644002
0.8060659732330929
0.9142952087250623
0.7752670927180184
0.927270382642746
0.8306246230171787
0.9881313244501749
0.9450274194989886
0.572811319577423
0.6709844022989273
0.9155976474285126
0.731454660743475
0.7045053123411807
0.8506900833712684
0.7258582759648562
0.9675694108009338
0.7293099104003473
0.8850016040461404
0.781140647828579
0.8315006916721662
0.6137472838551427
0.7548805356578668
0.8481972786513242
0.8426990409692129
0.7153739981974164
0.8779007366725377
0.6664928527316079
0.7740369753705131
0.9829874369833205
0.8450850825756788
0.818818207973471
0.8182671744037758
0.9909849166870117
0.8755955207679007
0.8213015208020806
0.8365230336785316
0.6879970663770413
0.9636856425892223
0.9122656553983688
0.8180279961476723
0.7075788766766588
0.6559548371442361
0.6705377344042063
0.8302333578467369
0.8076593975226084
0.704834079183638
0.845099656118287
0.5567341811644534
0.9909481568769976
0.8141871180671912
0.8472477388050821
0.7976379986852408
0.9762379101344517
0.7774029628119685
0.9935202087674823
0.94554702937603
0.9014015160501003
0.6544054882334811
0.7506134014628414
0.8568356074392796
0.8337230434020361
0.8333575150796345
0.8941244019402398
0.8108857900369912
0.9386816109929766
0.8550700233983142
0.6252280064464475
0.9693097387041364
0.8888969251087734
0.8809908694691129
0.8411591236280012
0.827001906465739
0.8036421307673057
0.8892179541289806
0.7663721575994383
0.5393071695221946
0.9036227668471196
0.6664824290201068
0.7800408199429512
0.8454050221480429
0.7346410101486577
0.752828790495793
0.8364097872240976
0.9496489405632019
0.7334016323089599
0.8393303521654822
0.8184944503009319
0.9151548710134294
0.7044040116481483
0.8369689952814952
0.6829563387592013
0.9507261855261666
0.7330816408873282
0.7152263695995013
0.825145294268926
0.6484176065821788
0.7066888146102428
0.6337791489703315
0.8306273341178894
0.9763843715190887
0.6663948934186589
0.6456872351367825
0.3899389107245952
0.8780112597677443
0.8601454083691351
0.72858993683476
0.6320491381338798
0.79441544955427
0.6928473956941161
0.8069023576875528
0.8335786959422486
