-1.259548544883728
-0.9829388856887817
-1.1976054906845093
-1.4338761568069458
-1.0179383754730225
-0.9877644777297974
-1.5170538425445557
-1.022820234298706
-1.2350695133209229
-1.1282315254211426
-1.371670126914978
-1.0284112691879272
-1.2697731256484985
-1.016965389251709
-1.499729871749878
-0.9056426882743835
-1.4106311798095703
-0.9882086515426636
-1.2606322765350342
-1.0511953830718994
-1.047541856765747
-1.1406898498535156
-1.3725824356079102
-0.81382155418396
-1.363196611404419
-1.030032992362976
-1.5547597408294678
-0.8772727251052856
-1.2645336389541626
-1.36942720413208
-1.3747352361679077
-0.8902289867401123
-1.8184502124786377
-1.0097061395645142
-1.1685677766799927
-1.100836992263794
-1.3330961465835571
-0.8887309432029724
-1.5721391439437866
-0.9426971673965454
-1.329232931137085
-0.9493196606636047
-1.2493085861206055
-1.0067968368530273
-1.1490525007247925
-0.8213104605674744
-1.3218790292739868
-0.851864218711853
-1.4801139831542969
-0.914976179599762
-1.601501226425171
-1.0819122791290283
-1.3461588621139526
-1.0257961750030518
-1.5997576713562012
-0.8322477340698242
-1.4064154624938965
-1.2461695671081543
-2.1678242683410645
-1.010963797569275
-1.017189860343933
-0.8844271898269653
-1.5193668603897095
-1.0831328630447388
-1.3919793367385864
-0.7659573554992676
-1.479846477508545
-0.8357632756233215
-1.5226985216140747
-1.0906975269317627
-1.2043673992156982
-1.0356355905532837
-1.3078440427780151
-0.9758687615394592
-1.4992027282714844
-0.937355101108551
-1.187328577041626
-0.8574188351631165
-1.4761033058166504
-0.8470553755760193
-1.3792517185211182
-0.9110369682312012
-1.5493948459625244
-0.8668745756149292
-1.1631821393966675
-0.9673466086387634
-1.4585888385772705
-0.8673940896987915
-1.6036009788513184
-0.888231098651886
-2.061638116836548
-0.9129404425621033
-1.2176578044891357
-1.0337343215942383
-1.3410812616348267
-1.0566413402557373
-1.1789876222610474
-0.8722211122512817
-1.5077030658721924
-1.028710126876831
-1.3588101863861084
-0.8632563352584839
-1.277681589126587
-1.0139669179916382
-1.422662615776062
-0.8458921909332275
-1.65427565574646
-0.8633332848548889
-1.220592737197876
-0.8279913067817688
-1.0995594263076782
-0.8793109059333801
-1.3012562990188599
-0.8761168122291565
-1.2735943794250488
-0.7872831225395203
-1.2481003999710083
-0.8847283720970154
-1.5369818210601807
-0.9949530959129333
-1.3751323223114014
-0.9262850284576416
-1.139145851135254
-0.8596763610839844
-1.5430461168289185
-1.014183521270752
-1.1290359497070312
-1.0963274240493774
-1.41139554977417
-0.79278165102005
-1.5620450973510742
-0.8924462199211121
-1.1368767023086548
-0.7589948773384094
-1.395563006401062
-0.9864475727081299
-1.2061049938201904
-0.9657050967216492
-1.2911614179611206
-0.8090189695358276
-1.1870285272598267
-1.1560546159744263
-1.3909226655960083
-0.7539981603622437
-1.1964797973632812
-0.8216327428817749
-1.0429977178573608
-1.2091716527938843
-1.298386812210083
-0.9386712312698364
-0.9696887731552124
-0.9961216449737549
-1.33567214012146
-1.015184998512268
-1.1567462682724
-0.7766239643096924
-1.0636615753173828
-1.0064475536346436
-1.3047001361846924
-0.6697156429290771
-1.489853024482727
-0.9051383137702942
-1.2979743480682373
-0.9280087351799011
-1.4399715662002563
-0.8663133382797241
-1.2518671751022339
-1.6533925533294678
-1.4580445289611816
-0.915120005607605
-1.2626291513442993
-1.1614478826522827
-1.4971104860305786
-1.0042794942855835
-0.9437118172645569
-0.9623963236808777
-1.1953399181365967
-0.8474910259246826
-0.9753944277763367
-0.9721744656562805
-1.272013783454895
-0.877960205078125
-1.4753071069717407
-0.880471408367157
-1.668103575706482
-0.8096954822540283
-1.1358425617218018
-0.9410839676856995
-1.4841718673706055
-0.6841241717338562
-1.306069016456604
-1.0856491327285767
-1.6043009757995605
-0.8240280747413635
-1.4382050037384033
-0.973421037197113
-1.3859831094741821
-0.8511093854904175
-1.3362592458724976
-0.8491727709770203
