0.9971481561660767
0.989226222038269
0.9820751547813416
0.9921624660491943
0.926324725151062
0.9958434700965881
0.9566110372543335
0.9904073476791382
0.9714875817298889
0.9379363059997559
0.9452170133590698
0.9841009378433228
0.9398289918899536
0.9936902523040771
0.9855233430862427
0.9840123653411865
0.9498071670532227
0.9970846176147461
0.9599586725234985
0.981464684009552
0.9545857906341553
0.9638450741767883
0.9885629415512085
0.9882969260215759
0.8519939184188843
0.9860817790031433
0.9736188650131226
0.9970808625221252
0.9341179728507996
0.9767509698867798
0.986783504486084
0.9709587693214417
0.9766362905502319
0.9964037537574768
0.9924666285514832
0.933317244052887
0.9682766795158386
0.9415173530578613
0.9810720086097717
0.9896154999732971
0.9820266366004944
0.9890879988670349
0.9739364385604858
0.9353590607643127
0.9908519983291626
0.9880417585372925
0.9868676066398621
0.9962420463562012
0.9855397939682007
0.9955755472183228
0.8870014548301697
0.9967710971832275
0.9794453382492065
0.9956557750701904
0.9757389426231384
0.986294150352478
0.9778655767440796
0.9954959154129028
0.9084292650222778
0.9982161521911621
0.9839061498641968
0.9293406009674072
0.8598940968513489
0.9792420864105225
0.9837261438369751
0.9960584044456482
0.9745913147926331
0.9869920015335083
0.9798111915588379
0.9983593821525574
0.9608452320098877
0.8864724636077881
0.9156428575515747
0.9967818856239319
0.9708927869796753
0.9956687688827515
0.9837381839752197
0.9887224435806274
0.9482959508895874
0.9952276945114136
0.9968628883361816
0.9941166639328003
0.9711357355117798
0.9438750743865967
0.9893894791603088
0.9925072193145752
0.9410360455513
0.9911619424819946
0.9021337628364563
0.9939296245574951
0.9868011474609375
0.9925693273544312
0.9862011671066284
0.9150280952453613
0.9846270084381104
0.9837657809257507
0.9918709993362427
0.9952293634414673
0.9901778697967529
0.9966037273406982
0.9797348976135254
0.9835458993911743
0.9862444400787354
0.980594277381897
0.968291163444519
0.9979465007781982
0.9345371723175049
0.9920262098312378
0.9753543138504028
0.9971646070480347
0.9932289123535156
0.9694979190826416
0.970950722694397
0.953412652015686
0.9885241985321045
0.9968863725662231
0.9909236431121826
0.9771629571914673
0.9241337180137634
0.9938021302223206
0.9248732924461365
0.9179838299751282
0.9846619367599487
0.9979025721549988
0.9544028043746948
0.9964622855186462
0.9862138032913208
0.9964002370834351
0.9808698892593384
0.9962836503982544
0.9654271602630615
0.9923120737075806
0.9785386323928833
0.9937102198600769
0.9422904253005981
0.9656524062156677
0.9886195659637451
0.996079683303833
0.941521167755127
0.9975334405899048
0.993328332901001
0.9962860941886902
0.9712579250335693
0.9982888698577881
0.8943533301353455
0.9929137229919434
0.9966332912445068
0.9951435327529907
0.8604723215103149
0.9415996670722961
0.9826782941818237
0.9980114102363586
0.9890098571777344
0.9988224506378174
0.9909929037094116
0.9963824152946472
0.9940112829208374
0.9912985563278198
0.9687349200248718
0.9990513920783997
0.8775054216384888
0.9947073459625244
0.994111180305481
0.9979294538497925
0.9814625978469849
0.9962469935417175
0.9834365844726562
0.9988235235214233
0.9965665340423584
0.9691356420516968
0.9897029399871826
0.9962482452392578
0.978119432926178
0.9916914701461792
0.9870061874389648
0.9949081540107727
0.9113600254058838
0.9759181141853333
0.9938197135925293
0.9960669279098511
0.8466789722442627
0.9925100803375244
0.9789828062057495
0.9868729114532471
0.9274227619171143
0.9950114488601685
0.9857139587402344
0.992385983467102
0.9921112060546875
0.9966418147087097
0.9887123107910156
0.9848484992980957
0.9803037643432617
0.8848069906234741
0.9725978374481201
0.9362384080886841
0.9859513640403748
0.992167592048645
0.9307116270065308
0.9949260950088501
