-3.0135695934295654
-2.640413522720337
-2.9837076663970947
-3.3020823001861572
-2.5194642543792725
-2.7067017555236816
-3.1623430252075195
-2.8734707832336426
-3.0671465396881104
-2.883782148361206
-3.155324697494507
-2.90541410446167
-3.171940565109253
-3.020869255065918
-3.2024412155151367
-3.053394079208374
-3.1390254497528076
-2.624022960662842
-3.1670596599578857
-2.82816219329834
-2.7781903743743896
-2.6653921604156494
-3.100785255432129
-2.665682792663574
-3.0145750045776367
-3.0628321170806885
-3.124227523803711
-2.778587818145752
-3.1253910064697266
-3.1694931983947754
-2.925673723220825
-2.7432732582092285
-3.2144012451171875
-2.5849053859710693
-2.839926242828369
-2.5498046875
-2.6950669288635254
-2.6742193698883057
-3.2070000171661377
-2.892801523208618
-2.7504231929779053
-2.815324068069458
-2.462322473526001
-2.7766287326812744
-2.6963281631469727
-2.5389747619628906
-2.6704041957855225
-2.5874133110046387
-3.2772464752197266
-2.6379332542419434
-3.266310453414917
-2.921330213546753
-2.807046890258789
-2.7211685180664062
-2.79315185546875
-2.7315731048583984
-2.8213281631469727
-2.944990396499634
-3.8452982902526855
-2.779865264892578
-2.671940565109253
-2.819195032119751
-2.970390796661377
-2.6523702144622803
-2.8632452487945557
-2.4260916709899902
-2.9526848793029785
-3.123020887374878
-3.235780954360962
-2.9012558460235596
-3.0357296466827393
-2.7361936569213867
-2.8105099201202393
-2.3864083290100098
-3.168954372406006
-2.8588571548461914
-2.9513673782348633
-2.63096284866333
-3.3096210956573486
-2.32245135307312
-2.875317096710205
-2.7843191623687744
-3.492349147796631
-2.7029967308044434
-2.7876009941101074
-2.896145820617676
-2.9882240295410156
-2.4910805225372314
-2.9139349460601807
-2.7545316219329834
-3.2288737297058105
-2.770765542984009
-3.0488624572753906
-2.6388919353485107
-3.1370065212249756
-2.988105058670044
-2.7341322898864746
-2.448380708694458
-3.2213094234466553
-2.6867268085479736
-2.599839448928833
-2.649275064468384
-3.036376953125
-3.158740758895874
-2.941232442855835
-2.6955771446228027
-2.676060676574707
-2.991851568222046
-2.7054359912872314
-2.3450257778167725
-3.056931972503662
-2.62863826751709
-2.9839298725128174
-2.9236512184143066
-2.6229946613311768
-2.6346049308776855
-2.959608554840088
-2.819932699203491
-3.3487977981567383
-2.6925294399261475
-3.3901479244232178
-2.969430923461914
-2.7713029384613037
-2.5749948024749756
-3.642540454864502
-2.967660665512085
-3.0023932456970215
-2.964587450027466
-2.7737317085266113
-2.4631030559539795
-3.054163694381714
-2.9435434341430664
-2.89249324798584
-2.7706732749938965
-3.1033482551574707
-2.7980737686157227
-2.86738657951355
-2.4098618030548096
-2.777590274810791
-2.378809928894043
-2.5503416061401367
-2.7814276218414307
-2.923285722732544
-2.394073486328125
-2.742194652557373
-2.646494150161743
-2.9872376918792725
-3.1349432468414307
-2.868215560913086
-2.857712507247925
-2.6071228981018066
-2.7133424282073975
-2.8539798259735107
-2.7958600521087646
-2.548947811126709
-2.7226781845092773
-3.018470525741577
-2.9720299243927
-3.0349888801574707
-2.66283917427063
-3.033573627471924
-2.749281406402588
-2.4089038372039795
-2.688983201980591
-3.2013540267944336
-2.7626349925994873
-2.9138381481170654
-3.585085868835449
-2.967799425125122
-2.8123371601104736
-2.8559608459472656
-3.111987352371216
-3.4593429565429688
-2.610267400741577
-2.6857047080993652
-2.6894631385803223
-3.097090005874634
-2.7925596237182617
-2.7152113914489746
-2.869797706604004
-2.569870710372925
-2.5310611724853516
-3.4450619220733643
-2.5091147422790527
-3.2589588165283203
-2.3340673446655273
-2.6775155067443848
-2.5268983840942383
-2.9126269817352295
-2.488860845565796
-2.911961555480957
-2.9988794326782227
-3.119187831878662
-2.8563945293426514
-3.11330509185791
-2.6710681915283203
-2.7579736709594727
-2.6300172805786133
-2.8092763423919678
-2.8436238765716553
