-0.9513501524925232
-1.1637669801712036
-1.025343418121338
-0.9495768547058105
-0.9197962880134583
-1.2193865776062012
-1.1416258811950684
-1.0345207452774048
-1.0078673362731934
-1.0690420866012573
-1.0179110765457153
-1.00306236743927
-1.1195389032363892
-1.198955774307251
-1.0843302011489868
-1.084015130996704
-1.238589882850647
-0.8589499592781067
-0.971415638923645
-1.1124104261398315
-1.1441712379455566
-1.0888466835021973
-0.9869734644889832
-0.8336533904075623
-1.1944985389709473
-0.9894993305206299
-1.2213329076766968
-1.1112362146377563
-1.2245179414749146
-0.8829353451728821
-1.1377952098846436
-0.9834243059158325
-1.219958782196045
-1.0704573392868042
-0.9736723303794861
-0.998190701007843
-1.102169394493103
-1.0465317964553833
-1.101413369178772
-1.0682045221328735
-0.9989340305328369
-1.037462592124939
-0.9692069292068481
-0.985230028629303
-0.9349024891853333
-0.9179614782333374
-1.1721271276474
-0.9930737018585205
-1.143986701965332
-0.8168493509292603
-1.5466809272766113
-1.1600515842437744
-1.1146348714828491
-1.0690678358078003
-1.0988534688949585
-1.0325093269348145
-0.982702374458313
-0.8677427768707275
-1.2273170948028564
-0.9473428130149841
-0.8742595314979553
-1.0747746229171753
-1.1089413166046143
-1.0191138982772827
-1.228947401046753
-0.7510703206062317
-1.1500194072723389
-1.0180641412734985
-1.1610912084579468
-0.907783031463623
-1.0485398769378662
-1.2126120328903198
-1.0263755321502686
-0.986286997795105
-0.9844497442245483
-1.0305523872375488
-1.1081581115722656
-0.8522350192070007
-1.1323189735412598
-0.9806491136550903
-0.957819938659668
-1.0308396816253662
-1.5654726028442383
-1.0541495084762573
-1.0132325887680054
-0.8887778520584106
-1.0546157360076904
-0.9085174202919006
-1.1641104221343994
-1.0197714567184448
-1.4187331199645996
-0.9699183702468872
-1.121105670928955
-1.0480167865753174
-1.201271891593933
-1.0099154710769653
-1.1616464853286743
-1.203009843826294
-1.299856424331665
-0.9412228465080261
-1.1292694807052612
-0.8949556946754456
-1.0630598068237305
-0.9685479402542114
-0.8616947531700134
-0.8418163061141968
-1.1371955871582031
-1.1118354797363281
-1.060370922088623
-0.958236575126648
-0.8946529626846313
-0.8477056622505188
-1.1953688859939575
-1.0020568370819092
-1.142340898513794
-1.0104074478149414
-1.075576663017273
-0.9250820875167847
-1.2789517641067505
-0.8271089196205139
-1.2130082845687866
-1.0123708248138428
-1.0294958353042603
-0.9468740224838257
-1.173154354095459
-1.272328495979309
-0.9525787830352783
-0.9954548478126526
-1.0093177556991577
-0.9272009134292603
-1.0790636539459229
-0.9273697137832642
-0.957821786403656
-0.8339509963989258
-1.1110517978668213
-0.8479702472686768
-1.027860164642334
-0.9512858390808105
-1.0537971258163452
-0.9621198177337646
-1.1472357511520386
-1.0983898639678955
-0.9983798265457153
-0.8050093054771423
-1.1686668395996094
-0.7613652944564819
-0.9646984338760376
-1.1078146696090698
-1.0896047353744507
-1.026908040046692
-0.8844030499458313
-0.9226313829421997
-1.1849008798599243
-1.0654257535934448
-0.9715695381164551
-0.9772698283195496
-0.8728241920471191
-1.0664345026016235
-1.0813941955566406
-0.8431568741798401
-1.105729103088379
-1.2422888278961182
-1.0062025785446167
-0.9248887896537781
-1.389438271522522
-0.7697983980178833
-1.1261820793151855
-1.2150200605392456
-1.1966005563735962
-0.9494642615318298
-1.0062483549118042
-1.0542144775390625
-1.2175270318984985
-0.9176153540611267
-0.8654845356941223
-1.0089325904846191
-0.9965545535087585
-1.0255050659179688
-0.907696545124054
-1.0307345390319824
-1.2935295104980469
-1.0146548748016357
-1.149217128753662
-0.8021655678749084
-1.3343398571014404
-0.9727804660797119
-0.9039924740791321
-1.0296542644500732
-1.0063120126724243
-1.126022458076477
-1.0891225337982178
-1.1091747283935547
-1.1138869524002075
-0.8571686148643494
-1.0752300024032593
-0.9410444498062134
-0.9691892862319946
-1.041489839553833
-1.3114162683486938
-0.8658609986305237
