0.9251259259259259
0.9804854433760684
0.9402202248056577
0.9767088582041343
0.9382531358174315
0.9760168017432156
0.9281913646710381
0.9801411764705882
0.9297674418604651
0.9797834869043286
0.9379769241450024
0.9735066314786192
0.9341517857142858
0.9744791934935199
0.9036428358690166
0.9757888254592164
0.9330035600511059
0.9717737869984165
0.9365840960816798
0.9768332072785513
0.9312922508904312
0.9742260829754651
0.9519797994643673
0.9779838235294117
0.9081678020915619
0.9808658414214569
0.9151889237853772
0.9754039634146341
0.9480241239160158
0.9744119402686956
0.9496694085797585
0.9746388350686995
0.9143763282356865
0.9744053682957482
0.9143608740297453
0.9823475998901329
0.9147690843972018
0.9777641737237697
0.9003883867615146
0.9773863165629995
0.9284043833409231
0.9810123083726415
0.9495292363499458
0.9714045873359086
0.9063469460407874
0.9774879403503441
0.8908068497981895
0.9784134688423948
0.9186721717150421
0.974527527983228
0.9541331684188827
0.967308078595033
0.930763000784713
0.9786448487712667
0.9367597243365119
0.9754906631097561
0.8874584313947844
0.9592231651997588
0.9066865082519066
0.9756171746198571
0.9292292037944605
0.9827951464624433
0.9232002208170883
0.975494267214752
0.933229217513396
0.9837566766326257
0.8964219546517459
0.9867233686227193
0.9312271897810218
0.9821092366440377
0.9793100494045749
0.9746607744823093
0.9123979850696585
0.9684381657136452
0.9205882820816603
0.9722284716906573
0.9542354909399374
0.9835374321914793
0.9386382122030991
0.9856587196011687
0.9401305816009533
0.9753203647560891
0.9260888379788724
0.9801227753617229
0.9516653751011215
0.9848809660000916
0.8972322833116019
0.9806815206588607
0.9301240019732486
0.9798115495293696
0.9309437661399725
0.9747668292682927
0.9208236931408966
0.9880817374489352
0.8959463986599665
0.9792516878834933
0.9463566119426815
0.9777380261448071
0.9373718645374401
0.9803416866035776
0.9254241689750693
0.980731902184408
0.9338373508643779
0.9728903840403261
0.9472471806879253
0.9781481062320808
0.8626655819281376
0.9797194459620144
0.9566862875802586
0.9755487804878049
0.9373033435503764
0.9844611798457953
0.906347261126673
0.9803236950772423
0.9328681002602383
0.9792020861736025
0.9289391770885089
0.9765820251196707
0.9409039862166786
0.9700709602083897
0.936116623587053
0.9797928054900619
0.9202380808374059
0.9725399626354949
0.9178123486361156
0.9733308097744887
0.9609218862462529
0.981863124630799
0.9234688200359783
0.9789179946855666
0.9199522694610333
0.9765486241615484
0.9368756158126121
0.9744764450345559
0.8838769004715843
0.9722327337074438
0.9386761824412814
0.9749875834354083
0.9453200928993639
0.9791309051846421
0.9489233667594917
0.9761080973207975
0.9180900007174042
0.9848442843945331
0.9578152905509759
0.9866144691989288
0.9311750861575449
0.9773746305140341
0.9191892281105992
0.9828972581713602
0.9611112455533238
0.9829358789937208
0.9585662449225832
0.9723954893666829
0.9472097851689408
0.9839465686537636
0.9584499184144282
0.980636225538379
0.9503376116071428
0.9773746305140341
0.9021249421621125
0.9783731632588346
0.9711929622479022
0.9754931130884493
0.9360763052500007
0.9712294050121171
0.9370036592493001
0.9781014714863356
0.9154948386866474
0.9788663968494096
0.9402614330720507
0.9681734559424902
0.9284934050802939
0.9739274254555322
0.9555357527847647
0.9830306938874223
0.9307726088718934
0.9695879754453576
0.9664011794614547
0.975136791512807
0.9421653630460448
0.9774879403503441
0.9325043272802934
0.9714256761609699
0.9193229995739436
0.9788263166641544
0.9558354560062731
0.9731629954496519
0.9241296047163658
0.9863922306268608
0.9307589088371446
0.9779173376274826
0.9053558547171822
0.9719912481217258
0.91299093293512
0.9825661333324253
0.9443876384099922
0.9834495768561703
0.9151656689039166
0.9764339782944677
