0.8936240337789059
0.7587745069629617
0.5522829368710518
0.36007201864517163
0.6020154189318419
0.5518208593976769
0.3971381786589821
0.7403438149485737
0.523844369299089
0.619894552230835
0.7992586856028842
0.8069611289021041
0.5797659403760917
0.5006967468187213
0.6057878668523498
0.46653691411484033
0.5422764271497726
0.8534038823563606
0.9365894015018756
0.6440029656514525
0.7226301101327408
0.6607050150632858
0.6796749741770327
0.829026216123667
0.478078992664814
0.4099708078429103
0.8325914803215049
0.5348140515076617
0.6749931965023279
0.48308349713417037
0.6000772570259869
0.7631266601383686
0.6733377612794617
0.5623264287908872
0.5023700518702919
0.8518203943967819
0.6554811062912146
0.6691493064475557
0.8177265673875809
0.8326024617999792
0.9301472817148481
0.7338357317660537
0.9836399406194687
0.6513958048696319
0.6813584024255926
0.6365964721888304
0.7324009819754532
0.6000294893048703
0.5092552229762077
0.5901860695332288
0.025763344433572557
0.6012723413961274
0.6253797638540467
0.9617277979850769
0.5967271060549787
0.658985012634234
0.45110329197320553
0.6851829240719477
0.4268003404722549
0.7060984019190073
0.5286126329253117
0.9598230242729187
0.7108557241056891
0.9793464030538287
0.9604008878980365
0.6333284975791519
0.45747331785969436
0.45230343997744576
0.7044438521067301
0.6018431000760757
0.8249164909124375
0.6345677582818704
0.9687141180038452
0.8999811863669982
0.5559840315783565
0.5261101488851838
0.686134620802477
0.8364992290735245
0.6250565946102142
0.5274539574642073
0.6966410103320543
0.7748663895763457
0.8249975707795885
0.6726284283213317
0.7269606214637557
0.8505616982777914
0.8440402136607603
0.7310036433627829
0.6961484733037651
0.45542181670316495
0.5290019036990337
0.6893611265536905
0.8004533011052344
0.8895738869905472
0.830297550600436
0.9795640508333842
0.819323228938239
0.6541607068343596
0.43810281716287136
0.5947603912209161
0.6851329773664474
0.7196924286809835
0.5708628385327756
0.4587872227653861
0.9939770221710205
0.4977167769525708
0.516901321709156
0.5448936820030212
0.6696541570029998
0.4775621545656274
0.49182134446455167
0.8123004077510401
0.6446448725958666
0.6773493255799016
0.7491111008982573
0.676281251013279
0.7620631622719682
0.8829061604208417
0.8008528216741979
0.6480989533906373
0.429524454457516
0.9885875806212425
0.747392412688997
0.671278539171908
0.8130636624991894
0.6754948167751232
0.8153222573243759
0.8604979485273361
0.5460338432652255
0.5282033185164133
0.5951890512369573
0.6681034039809473
0.5623271682610115
0.6467129293208321
0.6875840481370687
0.7651133502109183
0.4155070109991357
0.8311253225811842
0.7089138274582533
0.7692229157934586
0.6034355686977506
0.853414101260049
0.7781354852698066
0.9105863996914455
0.958290584385395
0.7042369097471237
0.5327868368476629
0.6797185644714369
0.6464867525334869
0.8232581665118536
0.8329664766788483
0.6029373612254858
0.5968293636396993
0.7715881283261946
0.8465399907103607
0.567684707733301
0.6962550410202571
0.7769760497446571
0.6684786876042684
0.6114485675518934
0.8248436620148519
0.6386293265968561
0.868043115362525
0.7193747990849343
0.5045881757530599
0.8503772882635102
0.7595059692976065
0.6485728586092592
0.5480093716760166
0.5294217003716363
0.6437632425481247
0.769043530760841
0.594498081295751
0.6120819203555584
0.7449458074247972
0.6507832520375294
0.8368618703550763
0.6850248023867607
0.6367195727458844
0.5438585955106343
0.9367709500449044
0.6542032300071283
0.5184072946819166
0.6017586768139154
0.47053716672388346
0.525771202147007
0.8213663636041539
0.7827743753790856
0.893454273045063
0.5367151073772799
0.6352680040706348
0.32292282581329346
0.7278890328274833
0.6687223747139797
0.6161993332556449
0.6684956272656564
0.8059403049674901
0.4016142383625265
0.8008136528854569
0.8134806166802134
