0.9940909147262573
0.9945089022318522
0.994418203830719
0.9942006894520351
0.9939137622714043
0.9941032366319136
0.7179831000976264
0.9943917393684387
0.9945809741814932
0.8056451596319676
0.8929741131044769
0.9943797455893623
0.9450218081474304
0.9764539241790772
0.9941199885474311
0.9934783776601156
0.8299463473570844
0.9943037405610085
0.9946551047838651
0.9886597156524658
0.8717694204533473
0.994425892829895
0.9930547177791595
0.9150110549396939
0.9944202661514282
0.9942237834135691
0.9934039278463884
0.8769861807425817
0.9909604787826538
0.8527140076205667
0.8705263425363228
0.994173014163971
0.9693636042731149
0.9125780849717557
0.9141920452768152
0.8760894189278284
0.941338770588239
0.9944635728995005
0.9945278540253639
0.993755647114345
0.9854649816240583
0.9944249050957816
0.9935560375452042
0.8802495673298836
0.908371548761021
0.9394621074199676
0.9244439991723213
0.9345117365320523
0.8714467969257385
0.9934584379196167
0.9882840633392334
0.9093841399465289
0.9713250150283178
0.9607120156288147
0.9942162122045245
0.9720878980376504
0.9940996978964124
0.9933431347211202
0.9326420724391937
0.9273928023253878
0.9946819047133127
0.994416880607605
0.99238620698452
0.9908953138760158
0.9939188020569938
0.9940908876332369
0.9833248323864408
0.9944956047194344
0.9914916753768921
0.9930814385414124
0.9932100772857666
0.9196517169475555
0.9944999615351359
0.9936217115475581
0.9031382257288153
0.994466933939192
0.9941849783062935
0.9901876250902811
0.9933212144034249
0.9918324838985096
0.9946338193757194
0.99386398990949
0.9939759108755324
0.9388828128576279
0.9944519400596619
0.9944227072927687
0.9408480281179602
0.9944320246577263
0.9117695097423469
0.9938609898090363
0.991271582516757
0.994058755311099
0.973273495833079
0.9938945695757866
0.9120626449584961
0.9739357829093933
0.9931123767580304
0.9029145233163779
0.8539593573659658
0.9944228455424309
0.9899147868156433
0.9052110085771843
0.9722679985894097
0.9929285824298859
0.9925371289253235
0.9912566434253346
0.9943719335964748
0.9938910404841105
0.9903224507967631
0.7811511850191487
0.9930929025014241
0.9189810685136102
0.9941008388996124
0.9128606845624745
0.9945132562092373
0.9036307595670223
0.9595975081125895
0.9934799406263564
0.9939739927649498
0.9704754581818213
0.9834107052196156
0.9945120140910149
0.9945284128189087
0.9944192692637444
0.888787928968668
0.9921425481637319
0.9912242293357849
0.9946121513843537
0.9938473105430603
0.9923431277275085
0.9023912027478218
0.977673159705268
0.9909092684586843
0.8753839855392774
0.9932375848293304
0.9944886896345351
0.861161923656861
0.9925249923359264
0.9930781126022339
0.9944736427730985
0.9945164203643799
0.9943649513380868
0.994099806655537
0.9944966094834464
0.9588363245129585
0.994386576116085
0.9941702144486564
0.9938945041762458
0.9940180693353925
0.9943287074565887
0.9946107949529376
0.9933402074707879
0.9914791956543922
0.9929341290678296
0.9946279185158866
0.9941227757013761
0.994361298424857
0.9886900697435651
0.993952386909061
0.9944356169019427
0.9943501452604929
0.9934628506501516
0.9943555369973183
0.9152390685948458
0.924270517550982
0.9940220959046308
0.8709251321852207
0.9923699796199799
0.9940259829163551
0.9943792621294657
0.9943214853604635
0.9918592951514504
0.925093001127243
0.8961907112039625
0.9943216334689747
0.8542079329490662
0.9884816275702583
0.9248389273881912
0.9472644155224165
0.9295743614435196
0.9917917251586914
0.9943583824417808
0.8657046606143316
0.9944528341293335
0.9091888601450544
0.8673987597227096
0.8742920947926385
0.9936798989772797
0.9943076372146606
0.9060669957914136
0.8583986159480576
0.9944132193922997
0.9940258396996392
0.8740399605594575
0.9941905975341797
0.8057803623378277
0.9943304061889648
0.9360231980681419
0.9941608905792236
0.9942343575613839
