0.7425410251246468
0.7552117212093871
0.7461468650506373
0.8104580940112162
0.7245235676499717
0.7733002338379164
0.7811481718126716
0.7434527308865934
0.7774532862240505
0.8291589363017936
0.7558606264591725
0.7718397505839685
0.7096514236395393
0.7998114954648098
0.7376925944333996
0.7705479452054795
0.7272991832375008
0.7502232038775384
0.7078111628414556
0.7941118318074221
0.7060735826532425
0.8539150777133441
0.8111224616521066
0.7790561313044178
0.7090650706702135
0.8024233194277182
0.7313815520105298
0.7668377345103303
0.7522564102564102
0.7465234068552503
0.8060821708375968
0.7782323982453493
0.7438750285631193
0.7487134977210532
0.7044663994633779
0.8322101821758718
0.7587611095721465
0.734574839302112
0.7157258064516128
0.7722233274153674
0.7372515215188059
0.7818346164292893
0.7158203981408402
0.770069936494177
0.7401049099283595
0.7968353511808496
0.7165828346419468
0.7849203892271489
0.7363133800156169
0.7398933004172418
0.8150896722325295
0.8013329057149859
0.7404816095587037
0.7818134765761606
0.766344819177671
0.7640373254726395
0.7155970149253732
0.7946221324571187
0.6478491250346518
0.7948179596634496
0.8271653134891783
0.8288484676968644
0.7312163355250878
0.7759436146652539
0.7460769092793368
0.7976752449346842
0.6634647891666768
0.8273979107312441
0.7651620117342838
0.8102382470163296
0.7952560978100838
0.746889894081346
0.7319527142549377
0.7681109168788812
0.7643214298094185
0.7928006451614877
0.7814422597897538
0.8223382969054499
0.7338385364965935
0.7731273427400946
0.7622460001878582
0.784921085153736
0.6846820805368435
0.7723111531861817
0.8158342817975458
0.7761850501640927
0.7618956297294619
0.7803890575246013
0.778633578142238
0.7875979956471701
0.7843578459938407
0.7938813323923963
0.7487386372455193
0.7613562435866842
0.6675401022313073
0.7714665040008613
0.7184916123107282
0.7975939253671224
0.7427924046050393
0.807008781550939
0.7036188339003071
0.8195270181001453
0.753781935489542
0.7414667608250742
0.8125719256819733
0.7824354338842975
0.7498387516775835
0.7577234432528899
0.7733393205554596
0.7783541266940804
0.7284153733349079
0.7412074501952637
0.7624187378732277
0.7839708670564143
0.7288150167785235
0.7555672326059998
0.7651291553292531
0.7928577789483031
0.7319870284989974
0.7271759155591476
0.6622378703547535
0.7559180786104973
0.7352981937005444
0.7677688960980942
0.7209815484438551
0.7569340784217791
0.7319124374421464
0.760171453258117
0.7940970222685682
0.788764729728882
0.7142096353919015
0.7727022919510957
0.7613540086185455
0.7339004229142637
0.7194726703167801
0.7778543990820244
0.7175332478769428
0.8145045396101431
0.7645620821416488
0.7941562131716536
0.7907575757575758
0.8329316907023065
0.7167880920851817
0.7970794721589634
0.7429053003194098
0.8308333333333336
0.7431607512683283
0.7783519393909006
0.7485040452712454
0.776883774889315
0.8234548187408024
0.8111468763057306
0.6940180060482618
0.7693063723276491
0.7548432167569429
0.7579673847462371
0.7559610542628106
0.8102926130941019
0.7750755816890801
0.7611753522513149
0.7317109077428351
0.8182587865303537
0.7810737947922084
0.7304243694967469
0.702658326074046
0.7604119590071784
0.7136702833922031
0.8131296344010102
0.7225062251919421
0.7764408514549519
0.7327655416683629
0.7515713854411912
0.8003164635817697
0.770338327091136
0.7792794195350241
0.821789480605241
0.7194350633410449
0.7891773672787734
0.7748079805371606
0.7540733190202372
0.7890571916935621
0.7980342594335676
0.7295580050894811
0.820922902941398
0.7336821712416428
0.8126127438822751
0.768587398512192
0.7918273558332393
0.7610876328579822
0.7841200190270874
0.7380439828679367
0.7919723386110994
0.7218303272312802
0.7577900172288698
0.6838757902964735
0.846333337769438
0.6904725949587623
0.8051504166888783
0.7501868866127008
0.7675355906947844
