0.9928454160690308
0.989226222038269
0.9799144268035889
0.9921624660491943
0.9955761432647705
0.9958434700965881
0.9669519066810608
0.9904073476791382
0.969020664691925
0.9379363059997559
0.9781560897827148
0.9841009378433228
0.9618771076202393
0.9936902523040771
0.9814859628677368
0.9840123653411865
0.9772204160690308
0.9970846176147461
0.936464786529541
0.981464684009552
0.9019502401351929
0.9638450741767883
0.9858368635177612
0.9882969260215759
0.8259575366973877
0.986081600189209
0.9916812181472778
0.9970808029174805
0.9934356212615967
0.9767509698867798
0.9718911051750183
0.9709587693214417
0.9880216717720032
0.9964037537574768
0.992756724357605
0.933317244052887
0.9884854555130005
0.9415173530578613
0.9904104471206665
0.9896154999732971
0.9728277325630188
0.9890879988670349
0.9933559894561768
0.9353590607643127
0.9948484897613525
0.988041877746582
0.9897069931030273
0.9962420463562012
0.9840437173843384
0.9955756664276123
0.967644214630127
0.9967712163925171
0.9680559635162354
0.9956557750701904
0.9942611455917358
0.986294150352478
0.9847623109817505
0.9954959154129028
0.9868764281272888
0.9982162117958069
0.9804129600524902
0.9293406009674072
0.9851627349853516
0.979242205619812
0.9776630997657776
0.9960583448410034
0.9822450280189514
0.9869918823242188
0.9947459697723389
0.9983593821525574
0.9348527193069458
0.8864724636077881
0.9450820684432983
0.9967818856239319
0.9643938541412354
0.9956687688827515
0.9823678731918335
0.9887224435806274
0.974890947341919
0.9952276945114136
0.9916213750839233
0.9941166639328003
0.9753148555755615
0.9438750743865967
0.9805881977081299
0.9925072193145752
0.9826822280883789
0.9911619424819946
0.9692964553833008
0.9939296245574951
0.9886142611503601
0.9925693273544312
0.996616005897522
0.9150280952453613
0.9864088296890259
0.9837657809257507
0.9855540990829468
0.9952293634414673
0.9932656288146973
0.9966037273406982
0.9399421215057373
0.9835458993911743
0.9401296973228455
0.980594277381897
0.9634622931480408
0.9979464411735535
0.9784758687019348
0.9920262694358826
0.9459066987037659
0.9971646070480347
0.9837870001792908
0.9694979190826416
0.9909874200820923
0.953412652015686
0.9824003577232361
0.9968863725662231
0.9950684309005737
0.9771627187728882
0.9861761331558228
0.9938020706176758
0.9748362302780151
0.9179838299751282
0.9922128915786743
0.9979025721549988
0.9293926358222961
0.9964622259140015
0.9804805517196655
0.9964002370834351
0.9749912023544312
0.9962836503982544
0.984365701675415
0.9923118352890015
0.9912410974502563
0.9937102198600769
0.983079731464386
0.9656524062156677
0.9908798933029175
0.9960793256759644
0.8936980366706848
0.9975334405899048
0.9912154674530029
0.9962860941886902
0.9499688148498535
0.9982888698577881
0.9688975214958191
0.9929136037826538
0.9901437759399414
0.9951435327529907
0.9798365235328674
0.9415996670722961
0.989739179611206
0.9980114102363586
0.9925491809844971
0.9988224506378174
0.9917473793029785
0.9963824152946472
0.9945554733276367
0.9912986755371094
0.987535297870636
0.9990513920783997
0.9019666910171509
0.9947073459625244
0.9840236902236938
0.9979294538497925
0.9765249490737915
0.9962469935417175
0.97923743724823
0.9988235235214233
0.9867757558822632
0.9691356420516968
0.9847825765609741
0.9962482452392578
0.9804913997650146
0.9916914105415344
0.9938212633132935
0.9949081540107727
0.9748367667198181
0.9759181141853333
0.9909065961837769
0.9960669279098511
0.9801009893417358
0.9925100207328796
0.9905760288238525
0.9868728518486023
0.9775564670562744
0.9950114488601685
0.9897698163986206
0.992385983467102
0.9705505967140198
0.9966418147087097
0.9687190055847168
0.9848484992980957
0.9834164381027222
0.8848071694374084
0.9253844022750854
0.9362384080886841
0.977939784526825
0.992167592048645
0.9724456071853638
0.9949263334274292
