[55, 36, 194, 132, 101, 72, 60, 144, 185, 145, 216, 141, 89, 136, 79, 210, 76, 35, 98, 153, 53, 70, 51, 214, 61, 109, 170, 149, 191, 207, 65, 90, 202, 1, 103, 121, 66, 178, 158, 104, 169, 154, 82, 171, 91, 162, 34, 86, 205, 147, 43, 186, 49, 58, 62, 129, 38, 122, 151, 164, 29, 187, 78, 102, 119, 176, 124, 123, 100, 189, 192, 13, 73, 21, 211, 22]
[50, 34, 185, 126, 92, 66, 55, 137, 175, 138, 232, 134, 81, 129, 73, 225, 69, 193, 33, 90, 147, 188, 48, 65, 47, 207, 56, 101, 162, 141, 204, 189, 222, 60, 82, 217, 1, 94, 112, 61, 192, 151, 95, 166, 161, 148, 75, 184, 168, 83, 155, 32, 78, 220, 159, 140, 40, 198, 45, 52, 57, 123, 36, 113, 143, 176, 186, 26, 200, 71, 150, 93, 153, 132, 23, 224, 173, 164, 41, 156, 21, 68, 24, 98, 169, 108]
[50, 34, 188, 127, 95, 70, 56, 140, 179, 141, 259, 137, 85, 131, 76, 253, 73, 196, 32, 93, 149, 191, 215, 222, 48, 228, 69, 47, 231, 58, 208, 104, 165, 145, 232, 192, 213, 250, 62, 203, 86, 245, 1, 98, 115, 64, 206, 212, 153, 99, 169, 163, 150, 78, 217, 171, 87, 158, 31, 82, 248, 162, 143, 40, 220, 180, 45, 53, 59, 184, 123, 36, 116, 147, 195, 205, 27, 223, 168, 75, 152, 97, 155, 135, 23, 252, 234, 181, 41, 210, 21, 72, 24, 172]
[52, 36, 189, 131, 96, 69, 57, 143, 180, 144, 191, 139, 84, 134, 76, 185, 72, 35, 93, 151, 49, 67, 48, 170, 58, 107, 147, 167, 182, 62, 85, 177, 1, 99, 119, 63, 156, 101, 78, 172, 87, 34, 81, 183, 42, 71, 157, 117, 90, 142, 24, 29, 31, 92, 184, 154, 161, 17, 59, 73, 186, 82, 12, 103, 30, 179, 38, 77]
[48, 32, 126, 95, 64, 52, 139, 140, 182, 136, 83, 131, 70, 177, 67, 31, 93, 148, 45, 63, 44, 161, 53, 103, 143, 158, 175, 57, 84, 170, 1, 97, 115, 58, 163, 98, 72, 156, 85, 74, 14, 37, 178, 78, 132, 168, 18, 66, 149, 113, 88, 129, 20, 24, 27, 92, 171, 146, 153, 16, 54, 68, 137, 79, 12, 100]
[51, 35, 190, 128, 95, 68, 56, 140, 180, 141, 211, 136, 85, 131, 75, 205, 72, 34, 93, 150, 49, 67, 48, 189, 58, 105, 165, 146, 185, 202, 62, 86, 196, 1, 98, 116, 63, 173, 154, 99, 164, 151, 77, 183, 87, 158, 33, 82, 199, 145, 41, 203, 46, 53, 59, 124, 37, 117, 148, 162, 28, 181, 74, 76, 121, 188, 114, 171, 119, 118, 94, 168, 187, 11, 69, 20]
[49, 33, 122, 92, 66, 54, 135, 136, 154, 131, 81, 126, 72, 149, 69, 123, 95, 16, 44, 71, 93, 105, 108, 24, 118, 111, 32, 22, 146, 27, 101, 145, 79, 137, 120, 125, 130, 103, 68, 29, 98, 40, 35, 0, 46, 55, 30, 100, 112, 73, 47, 142, 117, 139, 36, 94]
[51, 34, 128, 95, 68, 55, 139, 140, 169, 136, 85, 131, 75, 164, 72, 33, 93, 147, 49, 67, 47, 149, 57, 105, 144, 162, 30, 103, 42, 36, 0, 146, 142, 31, 110, 143, 134, 76, 148, 157, 83, 155, 37, 118, 123, 86, 101, 138, 79, 14, 39, 165, 82, 153, 19, 71, 97, 90, 21, 27, 29]
[55, 36, 97, 68, 50, 34, 27, 139, 73, 92, 74, 25, 72, 42, 69, 130, 38, 140, 37, 101, 17, 48, 78, 99, 111, 115, 24, 141, 23, 116, 127, 107, 146, 85, 75, 112, 120, 136, 30, 43, 129, 0, 51, 62, 31, 98, 80, 52, 87, 108, 79]
[25, 15, 92, 62, 46, 33, 27, 67, 87, 68, 107, 66, 40, 63, 36, 100, 35, 106, 45, 72, 24, 102, 23, 84, 91, 50, 70, 81, 97, 29, 42, 105, 0, 47, 55, 30, 53, 80, 78]
[101, 69, 259, 191, 136, 112, 281, 283, 102, 275, 169, 264, 151, 110, 144, 67, 185, 98, 134, 95, 135, 113, 209, 163, 294, 57, 232, 194, 258, 253, 217, 239, 140, 62, 205, 85, 74, 1, 96, 114, 63, 221, 208, 268, 153, 97, 298, 162, 150, 77, 237, 280, 171, 203, 86, 157, 31, 80, 304, 161, 142, 40, 299, 196, 227, 180, 276, 45, 54, 59, 184, 240, 123, 35, 115, 147, 248, 260, 26, 202, 301, 168, 73, 152, 289, 187, 155, 290, 23, 139, 244, 225, 42, 211, 21, 70, 282, 24, 215, 99, 233, 238, 295, 165, 218, 306, 270, 36, 212, 265, 287]
[48, 32, 192, 129, 93, 64, 53, 141, 182, 142, 226, 137, 79, 132, 71, 220, 68, 200, 31, 90, 150, 195, 45, 63, 44, 203, 54, 106, 167, 145, 199, 217, 58, 80, 212, 1, 96, 117, 59, 188, 156, 98, 172, 166, 152, 73, 179, 174, 82, 161, 30, 76, 215, 165, 144, 38, 194, 42, 50, 55, 126, 34, 118, 148, 171, 26, 205, 70, 94, 135, 23, 219, 197, 158, 39, 159, 10, 225, 89, 11, 177]
[50, 34, 124, 94, 66, 54, 136, 137, 170, 133, 83, 127, 72, 165, 69, 33, 92, 144, 48, 65, 46, 150, 55, 102, 140, 147, 163, 59, 84, 158, 1, 96, 135, 152, 31, 108, 146, 164, 73, 151, 160, 80, 145, 37, 115, 125, 141, 99, 41, 76, 15, 39, 166, 78, 156, 20, 68, 138, 89, 22, 27, 29, 91]
[51, 33, 193, 130, 96, 68, 56, 143, 180, 144, 249, 140, 84, 134, 75, 243, 71, 205, 32, 93, 151, 198, 224, 49, 67, 48, 225, 57, 217, 107, 167, 147, 222, 199, 240, 61, 211, 85, 235, 1, 99, 118, 63, 207, 155, 101, 171, 165, 152, 78, 196, 173, 87, 159, 31, 81, 238, 164, 146, 41, 215, 45, 53, 58, 127, 35, 119, 149, 185, 216, 27, 221, 74, 154, 98, 157, 138, 23, 242, 181, 172, 42, 160, 21, 70, 24, 104, 177]
[53, 34, 196, 135, 99, 72, 58, 147, 186, 148, 229, 144, 86, 139, 78, 223, 75, 205, 33, 96, 157, 199, 49, 71, 47, 212, 59, 111, 171, 151, 201, 220, 65, 87, 215, 1, 101, 122, 66, 189, 161, 103, 175, 170, 158, 80, 180, 177, 88, 165, 32, 83, 218, 169, 150, 41, 227, 45, 55, 60, 131, 37, 123, 155, 172, 28, 197, 77, 100, 142, 25, 222, 207, 160, 21, 73, 12, 228, 95, 13]
[26, 18, 94, 65, 48, 34, 29, 70, 90, 71, 139, 69, 43, 66, 37, 133, 36, 99, 138, 47, 75, 97, 109, 113, 25, 134, 24, 114, 124, 106, 52, 82, 73, 110, 118, 130, 31, 44, 125, 0, 49, 58, 32, 95, 77, 50, 84, 107, 76, 39]
[25, 16, 95, 67, 48, 35, 27, 72, 91, 73, 127, 71, 43, 68, 39, 121, 37, 100, 126, 47, 76, 98, 24, 122, 23, 102, 111, 53, 84, 74, 99, 117, 30, 44, 112, 0, 49, 59, 32, 87, 79, 50, 78, 40, 81]
[49, 32, 179, 120, 90, 65, 53, 132, 169, 133, 197, 129, 80, 123, 72, 190, 68, 31, 88, 140, 47, 64, 46, 173, 54, 99, 155, 136, 170, 187, 59, 81, 181, 1, 92, 109, 60, 158, 144, 93, 141, 74, 152, 82, 148, 30, 77, 185, 135, 39, 164, 44, 51, 55, 117, 34, 110, 145, 26, 122, 95, 134, 184, 137, 73, 114, 172, 107, 156, 112, 111, 89, 150, 171]
[104, 68, 258, 191, 140, 113, 281, 284, 105, 276, 170, 263, 154, 112, 147, 66, 186, 301, 100, 137, 97, 138, 114, 210, 291, 115, 340, 123, 172, 335, 3, 197, 234, 125, 313, 309, 199, 303, 158, 157, 175, 64, 163, 275, 288, 83, 285, 93, 109, 117, 252, 75, 235, 338, 57, 321, 151, 155, 243, 326, 229, 311, 240, 237, 188, 307, 327, 25, 143, 41, 343, 42, 272, 23, 69, 185, 26, 277, 101, 58, 226, 181, 334, 282, 167, 236, 286, 194, 218, 153, 1, 38, 223, 198, 297, 302, 270, 324, 255, 329, 51, 110, 118, 37, 77, 203, 342, 253, 201, 347, 40, 96, 320, 209, 176, 87, 36, 124, 200, 306, 4, 165, 120, 271]
[50, 34, 123, 92, 66, 55, 130, 67, 87, 68, 26, 137, 41, 63, 122, 37, 28, 36, 95, 17, 45, 72, 93, 104, 108, 25, 112, 33, 24, 114, 125, 101, 141, 79, 69, 110, 119, 132, 30, 98, 42, 126, 0, 47, 56, 31, 139, 74, 48, 82, 107, 73, 38]
[50, 32, 193, 133, 98, 69, 55, 147, 184, 148, 203, 143, 86, 137, 76, 197, 72, 31, 94, 155, 48, 68, 47, 182, 57, 109, 170, 151, 178, 194, 62, 87, 189, 1, 101, 119, 63, 167, 160, 102, 156, 79, 161, 88, 30, 83, 192, 150, 39, 173, 45, 53, 58, 93, 168, 165, 172, 17, 149, 73, 198, 84, 12, 135, 104, 26, 191, 34, 77, 126, 181, 117]
[24, 15, 92, 63, 44, 31, 26, 68, 87, 69, 133, 67, 39, 64, 35, 127, 33, 96, 132, 43, 72, 94, 105, 108, 23, 128, 22, 107, 118, 102, 49, 79, 70, 104, 112, 124, 28, 40, 119, 0, 45, 55, 29, 91, 74, 46, 81, 101, 73, 36]
[49, 34, 187, 126, 94, 66, 54, 137, 177, 138, 207, 134, 84, 129, 75, 201, 71, 33, 92, 145, 47, 65, 46, 186, 55, 103, 163, 141, 182, 198, 59, 85, 193, 1, 96, 113, 60, 171, 152, 97, 162, 147, 77, 180, 86, 157, 31, 80, 196, 140, 40, 199, 44, 51, 56, 122, 36, 114, 143, 160, 27, 178, 74, 76, 119, 184, 111, 169, 117, 116, 93, 165, 183, 12, 68, 20]
[51, 35, 188, 129, 95, 67, 56, 140, 179, 141, 227, 137, 85, 132, 75, 221, 72, 197, 34, 93, 149, 192, 49, 66, 48, 203, 57, 104, 163, 144, 199, 193, 218, 61, 86, 213, 1, 97, 116, 62, 186, 153, 98, 170, 162, 150, 78, 178, 172, 87, 157, 33, 82, 216, 161, 143, 41, 194, 46, 53, 58, 126, 37, 117, 146, 171, 29, 195, 74, 152, 96, 135, 26, 220, 167, 156, 43, 148, 23, 226, 92, 12]
[26, 15, 96, 62, 46, 33, 28, 68, 91, 69, 127, 67, 41, 64, 37, 121, 36, 101, 126, 45, 72, 99, 25, 122, 24, 104, 112, 51, 82, 70, 100, 118, 30, 42, 113, 0, 47, 56, 31, 86, 75, 49, 74, 38, 78]
[49, 33, 125, 93, 66, 54, 137, 177, 138, 187, 133, 81, 128, 72, 182, 69, 32, 91, 146, 47, 65, 46, 163, 55, 102, 142, 160, 179, 59, 83, 171, 1, 95, 112, 60, 149, 96, 74, 145, 84, 31, 77, 176, 141, 129, 169, 19, 68, 150, 110, 87, 131, 21, 26, 28, 90, 132, 147, 154, 17, 56, 70, 183, 78, 13, 98, 27, 175]
[48, 32, 184, 123, 90, 64, 52, 137, 174, 138, 245, 134, 80, 126, 71, 239, 67, 193, 31, 88, 145, 188, 213, 219, 46, 63, 45, 221, 54, 204, 99, 160, 141, 216, 189, 236, 58, 199, 81, 231, 1, 93, 110, 59, 200, 149, 94, 165, 159, 146, 73, 192, 167, 82, 153, 30, 76, 234, 158, 140, 38, 209, 175, 43, 50, 55, 119, 34, 111, 143, 243, 194, 26, 211, 163, 70, 148, 92, 151, 130, 23, 238, 181, 170, 39, 183, 21, 66, 24, 96]
[49, 34, 120, 90, 65, 54, 131, 132, 173, 128, 80, 123, 71, 168, 68, 33, 88, 139, 47, 64, 46, 153, 55, 98, 135, 150, 166, 59, 81, 160, 1, 92, 108, 60, 138, 93, 74, 134, 142, 95, 41, 75, 14, 39, 169, 77, 124, 158, 18, 67, 155, 106, 85, 119, 21, 26, 28, 87, 171, 136, 144, 16, 56, 69, 126, 78]
[53, 34, 193, 133, 100, 71, 57, 146, 183, 147, 222, 142, 88, 137, 79, 216, 75, 202, 33, 97, 154, 196, 50, 70, 49, 197, 59, 108, 169, 150, 194, 213, 63, 89, 207, 1, 102, 120, 64, 182, 158, 103, 173, 168, 155, 81, 176, 90, 162, 32, 84, 211, 149, 42, 188, 47, 55, 60, 128, 37, 121, 152, 167, 28, 189, 77, 101, 140, 25, 215, 19, 217, 20, 73, 10, 221, 95, 11]
[50, 34, 184, 124, 91, 66, 55, 136, 174, 137, 191, 133, 81, 127, 73, 185, 69, 33, 89, 145, 48, 65, 47, 169, 56, 101, 161, 141, 166, 182, 60, 82, 177, 1, 94, 111, 61, 154, 150, 95, 146, 75, 147, 83, 32, 78, 180, 140, 41, 164, 155, 109, 86, 189, 21, 27, 29, 88, 138, 152, 159, 16, 57, 70, 186, 79, 12, 97, 28, 179]
[51, 34, 126, 93, 66, 55, 137, 138, 159, 134, 82, 129, 73, 154, 70, 33, 91, 49, 65, 47, 143, 28, 103, 151, 80, 144, 153, 114, 94, 157, 122, 106, 117, 69, 30, 99, 42, 36, 0, 139, 56, 31, 109, 102, 148, 74, 141, 149, 150, 147, 37, 127, 83, 98, 121, 76, 15, 39]
[50, 34, 186, 126, 92, 65, 54, 137, 176, 138, 277, 134, 81, 129, 255, 73, 271, 69, 195, 33, 89, 145, 189, 222, 228, 48, 249, 234, 64, 46, 247, 55, 212, 100, 160, 141, 244, 248, 190, 220, 268, 59, 204, 82, 260, 1, 94, 112, 60, 224, 210, 227, 150, 95, 164, 159, 146, 75, 215, 168, 202, 83, 154, 32, 78, 265, 158, 140, 40, 238, 193, 177, 44, 52, 56, 182, 123, 36, 114, 143, 203, 219, 27, 239, 163, 72, 149, 93, 152, 132, 24, 270, 198, 184, 41, 171, 21, 68, 25]
[50, 33, 193, 125, 92, 66, 54, 140, 183, 142, 263, 135, 81, 130, 72, 257, 69, 201, 32, 90, 152, 196, 221, 227, 48, 233, 65, 47, 234, 55, 214, 100, 168, 147, 231, 197, 219, 253, 60, 208, 82, 247, 1, 94, 113, 61, 212, 216, 156, 95, 174, 167, 153, 75, 206, 176, 83, 162, 30, 78, 251, 166, 146, 40, 223, 184, 45, 52, 56, 188, 121, 35, 114, 149, 198, 239, 26, 226, 172, 71, 155, 93, 159, 133, 23, 255, 195, 254, 41, 171, 21, 68, 24, 175]
[102, 68, 258, 194, 136, 111, 282, 285, 103, 276, 172, 263, 256, 73, 54, 70, 259, 200, 31, 91, 150, 195, 220, 226, 47, 249, 234, 66, 45, 269, 56, 213, 291, 168, 143, 265, 270, 196, 257, 252, 218, 240, 140, 60, 208, 84, 286, 1, 96, 113, 61, 222, 211, 245, 155, 97, 289, 167, 151, 76, 293, 175, 206, 85, 162, 30, 79, 295, 166, 142, 39, 253, 198, 184, 43, 51, 57, 188, 219, 123, 34, 114, 146, 224, 236, 26, 205, 260, 171, 72, 154, 94, 191, 158, 134, 23, 139, 221, 250, 40, 193, 21, 69, 24, 297, 99]
[54, 35, 190, 128, 96, 71, 59, 141, 181, 142, 233, 137, 85, 131, 77, 227, 74, 199, 34, 94, 149, 194, 52, 69, 51, 207, 60, 104, 166, 145, 204, 195, 222, 64, 86, 216, 1, 98, 115, 65, 231, 153, 99, 171, 164, 150, 79, 182, 173, 87, 158, 33, 82, 220, 163, 144, 45, 197, 49, 57, 61, 125, 39, 116, 147, 174, 28, 213, 76, 152, 97, 134, 24, 225, 185, 159, 46, 183, 22, 73, 26, 224, 53]
[24, 15, 89, 61, 46, 32, 26, 67, 85, 68, 126, 66, 39, 63, 35, 120, 34, 94, 125, 44, 71, 91, 103, 23, 121, 21, 101, 110, 50, 78, 69, 98, 104, 117, 28, 40, 111, 0, 47, 55, 29, 118, 73, 48, 80, 96, 72, 36]
[49, 33, 192, 128, 94, 67, 54, 139, 181, 140, 255, 136, 83, 131, 74, 249, 70, 201, 32, 92, 149, 196, 220, 226, 47, 66, 45, 228, 55, 212, 103, 165, 144, 225, 197, 218, 245, 60, 207, 84, 240, 1, 97, 114, 61, 209, 154, 98, 170, 164, 150, 76, 236, 172, 85, 158, 31, 79, 243, 162, 143, 39, 217, 183, 43, 52, 56, 124, 35, 116, 147, 193, 203, 26, 231, 169, 72, 152, 96, 156, 134, 23, 247, 190, 178, 40, 176, 21, 69, 24, 100]
[52, 32, 126, 94, 69, 56, 138, 139, 149, 135, 42, 66, 125, 34, 26, 33, 127, 97, 15, 46, 75, 95, 108, 111, 23, 122, 114, 31, 21, 121, 140, 104, 141, 82, 73, 117, 133, 106, 71, 28, 101, 43, 136, 0, 49, 58, 29, 110, 77, 50, 84, 123, 76, 36]
[50, 33, 188, 130, 97, 66, 54, 142, 179, 143, 205, 139, 85, 134, 72, 199, 69, 32, 94, 150, 47, 64, 46, 183, 55, 107, 165, 146, 180, 196, 59, 86, 190, 1, 99, 118, 60, 168, 154, 100, 151, 75, 162, 87, 159, 31, 79, 194, 145, 39, 174, 44, 52, 56, 126, 35, 119, 155, 26, 132, 102, 144, 193, 147, 74, 123, 182, 115, 166, 121, 120, 96, 161, 181]
[50, 32, 184, 123, 92, 67, 54, 135, 175, 137, 201, 132, 82, 126, 74, 193, 70, 31, 90, 146, 48, 66, 46, 177, 55, 101, 160, 141, 174, 190, 60, 83, 199, 1, 95, 111, 62, 161, 150, 96, 147, 76, 155, 84, 30, 79, 187, 140, 38, 169, 43, 52, 57, 119, 34, 112, 158, 80, 12, 125, 98, 25, 186, 171, 75, 116, 176, 109, 159, 114, 113, 91, 154]
[48, 32, 182, 124, 92, 63, 52, 135, 173, 136, 184, 132, 81, 127, 72, 178, 67, 31, 89, 144, 46, 62, 45, 162, 53, 101, 140, 159, 175, 57, 82, 169, 1, 94, 112, 58, 148, 95, 75, 164, 83, 30, 78, 176, 38, 66, 149, 110, 86, 134, 20, 25, 27, 88, 177, 146, 154, 16, 54, 69, 179, 79, 12, 97, 26, 171, 34, 73]
[51, 34, 185, 125, 92, 67, 55, 136, 176, 138, 230, 133, 82, 128, 73, 224, 70, 194, 32, 90, 146, 188, 49, 65, 48, 206, 56, 101, 162, 142, 203, 189, 221, 60, 83, 216, 1, 94, 113, 61, 191, 150, 95, 166, 161, 147, 76, 182, 168, 84, 155, 31, 79, 219, 160, 140, 40, 197, 46, 53, 57, 121, 36, 114, 144, 175, 184, 26, 199, 72, 149, 93, 152, 131, 23, 223, 172, 201, 42, 187, 21, 69, 24, 98, 167]
[50, 34, 187, 126, 95, 65, 54, 138, 177, 139, 199, 135, 82, 129, 72, 193, 69, 33, 92, 146, 48, 64, 47, 191, 55, 104, 163, 142, 174, 190, 59, 83, 184, 1, 97, 115, 60, 162, 151, 98, 147, 74, 154, 84, 32, 78, 188, 141, 40, 168, 45, 52, 56, 123, 36, 170, 70, 194, 79, 12, 128, 100, 27, 197, 140, 73, 120, 176, 113, 160, 118, 117]
[49, 32, 181, 123, 90, 65, 53, 134, 171, 135, 214, 131, 80, 126, 71, 207, 68, 189, 31, 88, 143, 184, 46, 64, 45, 188, 54, 99, 158, 139, 185, 204, 58, 81, 198, 1, 92, 110, 60, 174, 147, 93, 162, 157, 144, 73, 165, 82, 151, 30, 76, 202, 156, 138, 39, 180, 43, 51, 55, 118, 35, 111, 141, 159, 26, 212, 70, 91, 129, 23, 206, 183, 146, 20, 66, 10, 213, 87, 11, 164]
[52, 35, 194, 131, 96, 71, 57, 144, 182, 145, 203, 141, 85, 134, 77, 196, 74, 34, 94, 153, 50, 69, 49, 178, 58, 105, 169, 149, 175, 193, 62, 86, 186, 1, 98, 119, 63, 164, 158, 99, 154, 79, 157, 87, 32, 82, 190, 147, 42, 170, 47, 27, 29, 93, 165, 162, 173, 17, 59, 75, 197, 83, 12, 101, 28, 188, 37, 78, 125, 177, 117]
[51, 34, 190, 129, 94, 67, 55, 141, 179, 142, 250, 138, 81, 133, 73, 244, 70, 198, 33, 92, 150, 193, 218, 225, 48, 66, 47, 224, 56, 210, 104, 164, 146, 220, 194, 241, 60, 205, 83, 236, 2, 96, 115, 61, 219, 154, 97, 168, 163, 151, 75, 196, 170, 85, 158, 32, 78, 239, 162, 144, 41, 213, 180, 45, 53, 57, 125, 36, 116, 148, 188, 233, 28, 215, 167, 72, 153, 95, 156, 136, 24, 243, 185, 174, 42, 161, 22, 69, 26, 99]
[114, 76, 270, 203, 148, 124, 293, 295, 115, 288, 180, 275, 162, 123, 156, 73, 198, 311, 109, 146, 106, 147, 125, 221, 302, 126, 343, 134, 182, 338, 3, 207, 244, 136, 317, 209, 166, 165, 185, 71, 172, 287, 299, 91, 296, 102, 120, 128, 261, 82, 127, 158, 346, 175, 33, 274, 214, 64, 179, 81, 163, 254, 330, 237, 314, 251, 248, 200, 312, 331, 28, 152, 45, 323, 46, 292, 26, 77, 196, 30, 277, 111, 65, 235, 191, 337, 284, 177, 247, 307, 206, 229, 161, 1, 42, 232, 208, 339, 272, 328, 324, 55, 121, 130, 41, 86, 215, 345, 252, 212, 350, 44, 105, 285, 220, 186, 95, 40, 135, 210, 333, 4]
[104, 70, 263, 196, 139, 116, 286, 288, 106, 281, 172, 268, 153, 115, 147, 68, 191, 101, 137, 97, 138, 117, 214, 118, 311, 126, 209, 86, 76, 1, 98, 285, 294, 62, 225, 212, 284, 155, 99, 308, 167, 152, 78, 243, 273, 174, 207, 87, 160, 30, 82, 314, 165, 145, 39, 143, 200, 235, 186, 257, 46, 54, 58, 190, 258, 238, 127, 34, 119, 149, 316, 275, 26, 206, 57, 171, 75, 154, 298, 193, 158, 299, 22, 142, 260, 242, 41, 282, 20, 71, 250, 23, 231, 102, 251, 255, 305, 169, 254, 199, 274, 287, 35, 201, 227, 223, 296, 280, 51, 112, 121, 245]
[49, 34, 187, 125, 92, 67, 54, 138, 176, 140, 254, 134, 81, 128, 73, 248, 70, 195, 33, 90, 148, 190, 214, 220, 47, 227, 66, 46, 228, 55, 206, 102, 162, 143, 225, 191, 212, 245, 60, 201, 83, 240, 1, 94, 113, 61, 204, 208, 152, 96, 166, 161, 149, 75, 199, 169, 84, 156, 32, 78, 243, 160, 142, 40, 216, 177, 44, 52, 56, 181, 122, 36, 114, 145, 192, 232, 26, 219, 165, 72, 151, 93, 154, 131, 23, 247, 189, 246, 41, 164, 21, 69, 24, 168]
[47, 32, 183, 123, 90, 63, 52, 134, 171, 135, 263, 131, 79, 126, 246, 70, 257, 67, 192, 31, 88, 143, 187, 212, 218, 45, 224, 62, 44, 234, 53, 204, 99, 157, 138, 231, 235, 188, 210, 254, 57, 199, 80, 247, 1, 92, 111, 58, 202, 214, 147, 93, 161, 156, 144, 72, 229, 163, 196, 81, 151, 30, 75, 252, 155, 137, 38, 221, 190, 172, 42, 50, 54, 177, 120, 34, 112, 141, 195, 206, 25, 225, 160, 69, 146, 91, 149, 129, 22, 256, 244, 184, 39, 165, 20, 66, 23]
[28, 17, 99, 70, 54, 39, 31, 75, 94, 76, 142, 74, 48, 71, 44, 136, 41, 103, 141, 52, 80, 101, 112, 115, 27, 137, 25, 116, 127, 109, 59, 87, 78, 113, 121, 133, 33, 49, 128, 0, 55, 64, 34, 100, 82, 56, 89, 110, 81, 45]
[57, 39, 132, 100, 73, 61, 144, 145, 185, 141, 89, 135, 80, 179, 77, 38, 98, 152, 55, 72, 54, 162, 62, 108, 148, 158, 176, 66, 90, 170, 1, 102, 119, 68, 114, 157, 154, 81, 163, 172, 86, 150, 43, 121, 137, 151, 105, 48, 83, 16, 46, 181, 85, 167, 23, 75, 156, 117, 94, 147, 25, 32, 34, 97]
[50, 34, 200, 133, 96, 68, 54, 149, 190, 151, 266, 146, 84, 139, 76, 260, 72, 209, 33, 94, 159, 204, 228, 236, 48, 66, 47, 237, 56, 221, 104, 174, 154, 234, 205, 256, 61, 215, 85, 250, 1, 98, 119, 62, 218, 163, 99, 179, 173, 160, 78, 247, 181, 86, 168, 32, 81, 254, 172, 153, 41, 225, 191, 45, 52, 57, 129, 36, 120, 157, 201, 211, 28, 227, 177, 75, 162, 97, 165, 144, 25, 259, 198, 186, 42, 184, 22, 70, 26, 101, 192]
[24, 16, 90, 60, 44, 32, 26, 66, 85, 67, 102, 65, 39, 62, 35, 96, 34, 101, 43, 70, 23, 97, 22, 78, 94, 48, 68, 75, 92, 28, 40, 86, 0, 77, 72, 15, 52, 74]
[49, 33, 122, 90, 65, 53, 135, 136, 25, 140, 40, 62, 121, 35, 27, 34, 123, 93, 16, 44, 70, 91, 104, 107, 24, 111, 32, 23, 116, 130, 101, 144, 77, 68, 113, 132, 103, 67, 29, 97, 41, 131, 0, 46, 54, 30, 96, 72, 47, 79, 110, 71, 36, 87]
[51, 35, 193, 130, 96, 66, 55, 143, 183, 144, 278, 140, 84, 134, 255, 73, 272, 70, 201, 34, 94, 153, 196, 222, 228, 49, 249, 234, 65, 48, 247, 56, 214, 104, 169, 148, 243, 248, 197, 219, 269, 60, 209, 85, 261, 1, 98, 115, 61, 224, 212, 227, 158, 99, 173, 168, 154, 75, 216, 175, 206, 86, 162, 33, 79, 267, 166, 147, 42, 237, 199, 184, 46, 53, 57, 189, 125, 38, 116, 151, 208, 218, 27, 238, 172, 72, 156, 97, 160, 138, 23, 271, 204, 191, 43, 178, 21, 69, 25]
[109, 72, 261, 199, 143, 118, 283, 286, 110, 278, 175, 267, 157, 117, 75, 262, 206, 34, 97, 154, 200, 226, 232, 52, 253, 274, 238, 70, 51, 276, 61, 218, 295, 171, 150, 271, 275, 201, 260, 255, 224, 245, 147, 65, 213, 89, 78, 1, 103, 120, 66, 228, 216, 251, 159, 104, 293, 170, 155, 80, 241, 178, 210, 90, 164, 33, 83, 299, 169, 149, 44, 258, 203, 188, 48, 57, 62, 193, 227, 131, 38, 122, 152, 279, 243, 28, 209, 265, 174, 77, 158, 101, 196, 162, 140, 24, 146, 229, 215, 45, 281, 22, 73, 222, 25, 221, 107]
[53, 35, 130, 94, 69, 57, 142, 143, 154, 139, 84, 66, 129, 38, 28, 37, 131, 97, 17, 47, 74, 95, 111, 114, 25, 126, 117, 33, 24, 128, 140, 105, 146, 82, 72, 123, 132, 109, 71, 30, 101, 44, 141, 0, 50, 58, 31, 102, 76, 51, 144, 118, 75, 40, 93]
[50, 34, 190, 131, 100, 69, 55, 143, 180, 144, 197, 140, 88, 135, 78, 191, 74, 33, 97, 152, 47, 68, 46, 174, 56, 108, 166, 148, 171, 188, 61, 89, 183, 1, 102, 119, 62, 160, 156, 103, 153, 81, 154, 90, 32, 85, 186, 147, 40, 169, 161, 116, 93, 195, 20, 25, 28, 96, 145, 158, 165, 16, 57, 76, 192, 86, 12, 105, 27, 185]
[52, 35, 197, 127, 94, 67, 56, 141, 187, 142, 266, 138, 83, 130, 74, 260, 70, 206, 34, 92, 150, 200, 226, 232, 49, 238, 66, 48, 240, 57, 218, 103, 168, 145, 235, 201, 223, 257, 61, 213, 84, 251, 1, 96, 114, 62, 216, 219, 155, 97, 175, 167, 151, 77, 209, 178, 85, 159, 32, 80, 254, 165, 144, 42, 227, 188, 46, 54, 58, 124, 38, 115, 148, 229, 212, 26, 230, 173, 73, 154, 95, 157, 134, 23, 259, 198, 258, 43, 171, 21, 69, 24, 176]
[52, 36, 131, 98, 72, 57, 142, 143, 161, 139, 87, 134, 79, 156, 75, 35, 96, 78, 99, 111, 114, 24, 126, 137, 119, 145, 23, 135, 28, 108, 153, 85, 147, 132, 136, 155, 110, 122, 74, 31, 104, 43, 38, 0, 49, 59, 32, 107, 112, 80, 50, 151, 128, 149, 39, 102, 88]
[23, 15, 92, 61, 43, 31, 25, 67, 88, 68, 126, 66, 38, 62, 34, 120, 33, 97, 125, 42, 71, 95, 22, 121, 21, 102, 111, 48, 79, 69, 99, 117, 28, 39, 112, 0, 44, 53, 29, 87, 73, 45, 108, 72, 35, 78]
[52, 35, 187, 126, 95, 69, 57, 268, 139, 178, 140, 280, 136, 84, 129, 250, 75, 273, 72, 253, 197, 34, 92, 147, 190, 216, 222, 50, 243, 229, 68, 49, 246, 58, 208, 103, 163, 143, 248, 247, 191, 213, 269, 63, 203, 85, 262, 1, 97, 113, 64, 218, 206, 227, 152, 98, 167, 162, 148, 77, 252, 169, 201, 86, 157, 33, 80, 266, 161, 142, 42, 234, 194, 179, 47, 55, 59, 183, 202, 123, 38, 115, 145, 207, 224, 29, 238, 166, 74, 150, 96, 154, 133, 26, 271, 204, 189, 44, 270, 24, 71, 27]
[52, 35, 122, 92, 67, 56, 134, 172, 136, 182, 130, 82, 125, 73, 177, 70, 34, 90, 143, 50, 66, 49, 162, 57, 100, 139, 158, 174, 61, 83, 169, 1, 94, 111, 62, 147, 95, 75, 164, 84, 33, 78, 175, 41, 69, 149, 109, 87, 132, 21, 26, 28, 89, 176, 145, 153, 17, 58, 71, 178, 79, 12, 97, 27, 171, 37, 74, 161]
[49, 32, 192, 131, 98, 67, 54, 144, 183, 145, 222, 140, 86, 134, 74, 216, 70, 201, 31, 96, 154, 195, 47, 66, 46, 197, 55, 108, 170, 149, 194, 213, 60, 88, 207, 1, 100, 119, 61, 214, 159, 101, 174, 169, 155, 77, 175, 89, 163, 30, 83, 211, 168, 147, 39, 189, 44, 51, 56, 127, 34, 120, 151, 177, 26, 190, 73, 99, 138, 23, 215, 18, 217, 19, 68, 10, 221, 95, 11]
[51, 36, 186, 126, 95, 67, 55, 138, 175, 139, 269, 135, 84, 129, 248, 73, 263, 70, 196, 35, 92, 146, 190, 215, 221, 49, 241, 227, 66, 48, 239, 56, 207, 103, 161, 142, 236, 240, 191, 213, 260, 60, 202, 85, 254, 1, 97, 113, 61, 217, 205, 220, 150, 98, 166, 159, 147, 75, 209, 168, 200, 86, 154, 33, 80, 258, 158, 141, 42, 230, 194, 176, 46, 53, 57, 181, 123, 38, 114, 144, 201, 211, 28, 231, 165, 72, 149, 96, 152, 132, 25, 262, 198, 184, 43, 171, 23, 69, 26]
[50, 34, 186, 125, 95, 69, 55, 137, 176, 138, 210, 133, 84, 128, 76, 204, 73, 33, 93, 146, 189, 48, 68, 47, 188, 56, 103, 162, 142, 184, 201, 61, 85, 196, 2, 97, 113, 63, 172, 150, 98, 166, 160, 147, 78, 164, 86, 155, 32, 81, 199, 141, 40, 179, 45, 53, 57, 122, 36, 115, 144, 157, 28, 180, 75, 96, 131, 13, 71, 21, 205, 22, 203, 12, 209, 92, 154]
[49, 33, 124, 92, 66, 54, 136, 137, 169, 133, 82, 128, 73, 164, 70, 32, 90, 145, 46, 65, 45, 149, 55, 101, 141, 151, 162, 60, 83, 35, 0, 148, 142, 29, 106, 144, 134, 74, 150, 159, 79, 157, 36, 113, 123, 138, 98, 40, 76, 14, 38, 165, 78, 154, 19, 69, 95, 87, 21, 25, 27, 89]
[52, 36, 127, 95, 69, 56, 138, 140, 153, 135, 84, 130, 76, 28, 37, 128, 98, 17, 47, 75, 96, 108, 111, 24, 123, 115, 35, 23, 126, 146, 105, 145, 82, 73, 137, 151, 132, 107, 72, 30, 101, 44, 38, 0, 49, 57, 31, 122, 77, 50, 143, 120, 141, 40, 116, 85]
[51, 34, 187, 127, 95, 67, 55, 138, 177, 139, 254, 135, 84, 130, 75, 248, 71, 195, 32, 93, 147, 190, 216, 222, 49, 66, 48, 227, 56, 208, 105, 163, 143, 224, 191, 213, 245, 61, 202, 85, 239, 1, 97, 115, 62, 206, 223, 151, 98, 167, 162, 148, 78, 197, 169, 86, 156, 31, 81, 242, 161, 142, 42, 231, 178, 46, 53, 57, 124, 37, 116, 145, 232, 200, 26, 219, 166, 74, 150, 96, 153, 133, 23, 247, 252, 176, 43, 164, 20, 69, 24, 201]
[23, 15, 89, 59, 44, 31, 26, 65, 85, 66, 101, 64, 38, 60, 34, 95, 33, 100, 43, 69, 22, 96, 21, 79, 86, 48, 67, 76, 92, 28, 39, 87, 0, 45, 94, 72, 14, 51]
[51, 36, 123, 47, 35, 28, 130, 68, 87, 69, 26, 67, 42, 64, 122, 38, 133, 37, 95, 16, 46, 72, 93, 104, 108, 24, 111, 134, 23, 110, 124, 101, 139, 79, 70, 107, 115, 129, 31, 43, 136, 0, 48, 57, 32, 100, 74, 49, 81, 103, 73, 39]
[25, 16, 96, 65, 47, 32, 27, 71, 92, 72, 137, 70, 42, 66, 36, 131, 35, 100, 136, 46, 77, 98, 111, 24, 132, 23, 113, 122, 51, 84, 73, 107, 114, 128, 29, 43, 123, 0, 48, 58, 30, 94, 79, 49, 86, 105, 78, 38]
[52, 35, 196, 136, 102, 70, 56, 148, 186, 149, 229, 144, 91, 139, 78, 223, 74, 205, 34, 100, 156, 199, 50, 68, 49, 204, 57, 111, 172, 152, 200, 219, 62, 92, 213, 1, 105, 123, 63, 188, 160, 106, 176, 171, 157, 82, 179, 93, 165, 33, 88, 217, 170, 151, 42, 195, 46, 54, 59, 131, 37, 124, 154, 173, 29, 227, 77, 104, 142, 26, 221, 198, 159, 22, 72, 10, 228, 99, 11, 178]
[107, 72, 258, 194, 140, 116, 281, 283, 108, 276, 87, 134, 256, 78, 60, 75, 259, 200, 37, 98, 151, 195, 219, 226, 54, 248, 232, 70, 53, 266, 61, 212, 287, 166, 147, 263, 268, 196, 251, 217, 238, 144, 65, 207, 88, 282, 2, 102, 119, 66, 222, 210, 241, 155, 103, 170, 165, 152, 80, 231, 173, 204, 91, 160, 36, 83, 291, 164, 146, 46, 254, 198, 181, 51, 58, 62, 185, 253, 128, 41, 120, 149, 223, 233, 32, 293, 169, 77, 154, 101, 188, 157, 137, 29, 143, 273, 205, 47, 192, 27, 74, 30, 288, 105, 213, 115]
[49, 33, 192, 126, 92, 66, 53, 139, 182, 141, 223, 135, 81, 130, 72, 217, 69, 200, 31, 89, 152, 195, 47, 64, 46, 198, 54, 103, 168, 147, 205, 213, 58, 82, 208, 1, 94, 115, 59, 183, 157, 96, 172, 167, 153, 74, 174, 83, 161, 30, 78, 211, 166, 145, 40, 189, 44, 51, 55, 123, 35, 116, 150, 193, 26, 191, 71, 93, 133, 23, 216, 165, 218, 20, 67, 10, 222, 88, 11]
[51, 33, 130, 97, 67, 55, 141, 142, 175, 138, 85, 133, 77, 170, 72, 32, 95, 151, 49, 66, 47, 153, 56, 107, 146, 150, 168, 60, 104, 40, 35, 0, 152, 148, 30, 112, 149, 137, 78, 154, 165, 83, 163, 36, 120, 127, 86, 103, 169, 80, 14, 38, 171, 82, 160, 19, 71, 100, 91, 21, 25, 27]
[25, 16, 93, 63, 46, 32, 27, 70, 89, 71, 134, 69, 40, 65, 36, 128, 35, 97, 133, 45, 74, 95, 108, 24, 129, 22, 109, 118, 105, 50, 81, 72, 106, 112, 125, 29, 41, 119, 0, 47, 56, 30, 91, 76, 48, 84, 103, 75, 37]
[100, 68, 256, 186, 132, 109, 284, 286, 101, 278, 164, 262, 146, 108, 139, 66, 181, 304, 97, 130, 94, 131, 110, 206, 296, 111, 343, 119, 166, 338, 3, 192, 230, 122, 316, 313, 195, 306, 152, 149, 168, 64, 157, 277, 291, 80, 288, 89, 105, 114, 248, 73, 231, 341, 55, 324, 163, 72, 147, 240, 329, 223, 314, 237, 234, 183, 310, 330, 24, 135, 41, 346, 42, 274, 22, 69, 180, 25, 332, 98, 56, 221, 175, 336, 283, 161, 233, 323, 190, 214, 145, 1, 37, 218, 193, 275, 269, 327, 249, 290, 50, 106, 115, 36, 75, 200, 345, 247, 197, 350, 39, 92, 344, 205, 169, 84, 35, 121, 196, 309, 4, 159, 117, 271]
[51, 34, 191, 127, 97, 68, 56, 142, 181, 143, 236, 137, 84, 131, 75, 230, 72, 199, 33, 93, 151, 194, 48, 67, 47, 213, 57, 105, 166, 147, 210, 195, 227, 61, 85, 222, 1, 99, 116, 62, 197, 155, 100, 170, 165, 152, 77, 188, 173, 86, 160, 32, 81, 225, 164, 146, 41, 203, 45, 54, 58, 124, 36, 117, 149, 228, 234, 27, 206, 74, 154, 98, 158, 135, 23, 229, 178, 167, 42, 157, 21, 71, 24, 102, 186]
[54, 35, 128, 96, 71, 59, 139, 140, 169, 136, 85, 131, 77, 164, 74, 34, 94, 148, 52, 70, 51, 149, 60, 105, 143, 145, 162, 31, 103, 45, 37, 0, 151, 142, 32, 111, 144, 134, 78, 150, 159, 83, 157, 39, 118, 124, 87, 102, 138, 80, 15, 42, 165, 82, 154, 21, 73, 98, 91, 24, 28]
[50, 32, 191, 132, 93, 66, 54, 145, 182, 146, 230, 140, 82, 135, 72, 224, 69, 199, 31, 91, 153, 194, 48, 65, 46, 206, 55, 102, 168, 149, 203, 195, 221, 60, 83, 215, 1, 96, 117, 61, 190, 157, 97, 172, 167, 154, 74, 222, 174, 85, 161, 30, 77, 219, 166, 148, 39, 196, 43, 52, 56, 128, 34, 119, 151, 180, 26, 198, 71, 156, 95, 138, 23, 223, 171, 178, 40, 209, 21, 68, 90, 11]
[48, 32, 180, 123, 91, 65, 53, 135, 171, 136, 208, 132, 80, 126, 71, 202, 68, 189, 31, 89, 143, 184, 46, 64, 45, 185, 54, 99, 157, 139, 182, 199, 58, 81, 194, 1, 93, 111, 59, 170, 147, 94, 162, 156, 144, 74, 165, 82, 151, 30, 77, 197, 138, 39, 176, 43, 50, 55, 120, 35, 113, 141, 155, 26, 177, 70, 92, 129, 23, 201, 19, 203, 20, 66, 10, 207, 88, 11]
[56, 39, 132, 100, 75, 60, 147, 149, 179, 143, 89, 136, 81, 174, 78, 38, 98, 156, 53, 74, 52, 159, 62, 108, 153, 171, 35, 106, 47, 41, 0, 155, 151, 36, 113, 152, 140, 82, 157, 168, 87, 165, 42, 121, 128, 90, 105, 145, 84, 21, 44, 175, 86, 162, 25, 77, 102, 95, 27, 32, 34]
[50, 34, 129, 97, 68, 56, 141, 142, 162, 138, 85, 132, 74, 157, 71, 33, 94, 48, 67, 47, 147, 28, 107, 154, 83, 148, 156, 116, 99, 160, 126, 109, 120, 70, 30, 104, 42, 36, 0, 143, 57, 31, 111, 106, 151, 76, 145, 152, 153, 150, 38, 130, 86, 103, 125, 79, 15, 40]
[51, 34, 184, 122, 91, 66, 55, 134, 174, 135, 229, 131, 81, 125, 73, 223, 69, 193, 33, 89, 143, 187, 49, 65, 47, 204, 56, 100, 160, 138, 200, 188, 219, 60, 82, 213, 2, 93, 110, 61, 206, 147, 95, 165, 158, 144, 75, 179, 167, 83, 152, 32, 78, 217, 157, 137, 41, 194, 45, 53, 57, 119, 36, 111, 141, 171, 28, 196, 72, 146, 92, 149, 128, 25, 222, 168, 170, 42, 220, 23, 68, 26, 97, 163]
[47, 32, 188, 124, 93, 65, 52, 136, 176, 137, 274, 133, 83, 128, 253, 72, 268, 69, 196, 31, 91, 144, 191, 215, 221, 45, 227, 63, 44, 244, 53, 207, 101, 161, 140, 240, 246, 192, 213, 264, 57, 202, 84, 257, 1, 95, 113, 58, 217, 205, 220, 148, 96, 165, 160, 145, 75, 209, 167, 200, 85, 153, 30, 80, 262, 159, 139, 38, 231, 194, 178, 42, 49, 54, 182, 121, 34, 114, 142, 201, 212, 25, 232, 164, 71, 147, 94, 151, 131, 22, 267, 198, 184, 39, 171, 20, 68, 23]
[50, 33, 122, 92, 66, 54, 134, 172, 135, 181, 131, 81, 125, 72, 176, 69, 32, 90, 143, 48, 65, 47, 161, 55, 100, 139, 158, 173, 59, 82, 168, 1, 94, 111, 60, 146, 95, 74, 142, 83, 31, 78, 171, 137, 127, 166, 19, 68, 147, 109, 86, 129, 21, 25, 27, 89, 130, 144, 152, 16, 56, 70, 177, 79, 12, 97, 26, 170]
[102, 69, 264, 196, 139, 54, 279, 143, 183, 144, 49, 291, 84, 134, 262, 74, 290, 71, 265, 203, 32, 92, 151, 198, 224, 233, 47, 255, 240, 67, 46, 277, 55, 217, 103, 166, 147, 281, 266, 199, 222, 246, 286, 59, 211, 85, 280, 1, 96, 115, 61, 226, 215, 243, 155, 97, 172, 164, 152, 76, 231, 174, 208, 86, 159, 31, 80, 284, 163, 146, 39, 251, 201, 184, 44, 52, 56, 188, 216, 127, 35, 117, 149, 221, 234, 27, 256, 170, 73, 154, 95, 192, 157, 137, 23, 288, 218, 202, 40, 187, 21, 70, 24, 191]
[56, 35, 195, 132, 100, 75, 62, 146, 185, 147, 225, 142, 90, 137, 81, 219, 78, 203, 34, 98, 155, 198, 53, 74, 52, 201, 63, 109, 172, 150, 207, 216, 69, 91, 211, 1, 102, 120, 70, 186, 159, 103, 176, 170, 156, 83, 178, 92, 165, 33, 86, 214, 169, 149, 43, 193, 48, 58, 64, 129, 38, 121, 152, 196, 28, 194, 80, 101, 140, 25, 218, 168, 220, 22, 76, 11, 224, 97, 12]
[48, 32, 193, 131, 95, 66, 52, 143, 183, 144, 206, 139, 82, 134, 73, 200, 69, 31, 91, 154, 46, 65, 45, 184, 54, 104, 170, 149, 181, 197, 60, 83, 192, 1, 97, 117, 61, 179, 159, 98, 155, 76, 164, 84, 30, 79, 195, 148, 39, 176, 43, 50, 55, 127, 34, 118, 70, 201, 80, 12, 133, 101, 26, 194, 157, 74, 124, 198, 115, 168, 121, 120, 93]
[52, 35, 185, 125, 93, 68, 57, 136, 175, 137, 225, 133, 83, 128, 74, 219, 71, 193, 34, 91, 145, 188, 49, 67, 48, 200, 58, 102, 161, 140, 197, 189, 216, 62, 84, 211, 1, 95, 113, 63, 223, 149, 96, 166, 159, 146, 76, 176, 168, 85, 153, 31, 80, 214, 157, 139, 42, 191, 46, 55, 59, 122, 37, 114, 142, 169, 26, 207, 73, 148, 94, 131, 23, 218, 179, 154, 43, 177, 21, 70, 24, 217, 50]
[50, 34, 188, 127, 96, 66, 54, 139, 179, 140, 193, 136, 84, 130, 73, 187, 70, 33, 94, 148, 48, 65, 47, 171, 55, 104, 163, 143, 167, 184, 60, 85, 185, 1, 98, 115, 61, 154, 99, 149, 75, 150, 86, 32, 78, 182, 142, 41, 68, 155, 113, 90, 138, 22, 27, 29, 92, 186, 152, 160, 18, 57, 71, 191, 79, 12, 101, 28, 181, 36]
[48, 32, 123, 92, 65, 52, 135, 173, 136, 181, 131, 79, 126, 71, 176, 68, 31, 90, 143, 46, 64, 45, 160, 53, 100, 139, 156, 174, 58, 81, 168, 1, 94, 111, 59, 145, 95, 73, 141, 82, 30, 76, 177, 137, 127, 166, 19, 67, 147, 109, 85, 128, 21, 25, 27, 88, 129, 163, 151, 17, 54, 69, 152, 77, 12, 97, 26]
[54, 38, 190, 129, 95, 70, 59, 141, 180, 142, 227, 138, 85, 132, 76, 221, 73, 198, 37, 93, 151, 193, 52, 69, 51, 202, 60, 105, 165, 145, 209, 218, 64, 86, 212, 1, 97, 117, 65, 186, 155, 98, 169, 164, 152, 78, 178, 171, 87, 159, 34, 81, 216, 163, 144, 44, 204, 49, 57, 61, 126, 40, 118, 149, 181, 29, 194, 75, 96, 135, 26, 220, 166, 157, 45, 150, 24, 226, 92, 11, 177]
[48, 32, 124, 89, 63, 52, 138, 139, 160, 135, 78, 129, 70, 155, 66, 31, 86, 45, 62, 44, 142, 26, 100, 152, 76, 146, 153, 112, 91, 158, 120, 102, 115, 65, 28, 96, 39, 34, 0, 141, 53, 29, 104, 99, 116, 71, 143, 150, 136, 148, 35, 103, 79, 95, 149, 73, 15, 37, 156]
[52, 37, 130, 98, 72, 58, 143, 144, 167, 140, 87, 133, 78, 162, 75, 36, 96, 50, 70, 49, 148, 59, 108, 159, 84, 152, 31, 118, 99, 165, 127, 110, 121, 74, 33, 105, 44, 39, 0, 147, 145, 34, 113, 107, 123, 79, 149, 157, 142, 154, 40, 132, 88, 104, 128, 81, 15, 42, 163]
[55, 38, 197, 132, 100, 71, 59, 146, 185, 147, 272, 143, 87, 137, 77, 266, 74, 208, 36, 96, 155, 203, 228, 236, 53, 242, 70, 52, 245, 60, 220, 109, 170, 150, 246, 204, 226, 263, 64, 215, 88, 258, 2, 102, 120, 65, 218, 225, 159, 103, 175, 169, 156, 79, 230, 177, 89, 163, 34, 84, 261, 168, 149, 44, 234, 186, 50, 57, 61, 193, 129, 40, 121, 152, 207, 217, 30, 237, 174, 76, 158, 101, 161, 141, 26, 265, 248, 188, 46, 222, 24, 73, 27, 178]
[50, 33, 182, 122, 91, 66, 54, 134, 173, 135, 234, 131, 80, 126, 72, 226, 69, 191, 32, 89, 144, 186, 47, 65, 46, 205, 55, 99, 158, 140, 201, 187, 220, 59, 81, 214, 1, 93, 111, 60, 196, 148, 94, 162, 157, 145, 74, 178, 165, 83, 152, 31, 77, 218, 156, 138, 39, 195, 44, 52, 56, 119, 35, 112, 142, 170, 27, 197, 71, 147, 92, 150, 129, 24, 224, 167, 180, 40, 184, 22, 68, 25, 96, 181]
[54, 37, 136, 101, 72, 59, 150, 151, 183, 146, 89, 139, 79, 178, 76, 35, 99, 159, 52, 70, 51, 164, 60, 111, 155, 160, 176, 65, 91, 171, 0, 163, 149, 157, 32, 117, 166, 148, 80, 165, 173, 87, 152, 40, 126, 135, 154, 108, 45, 83, 16, 43, 179, 86, 169, 22, 75, 104, 96, 24, 28, 30]
[52, 35, 189, 125, 94, 68, 57, 137, 179, 138, 269, 134, 83, 129, 252, 75, 263, 71, 197, 34, 92, 146, 192, 218, 225, 49, 231, 67, 48, 242, 58, 209, 102, 161, 141, 238, 243, 193, 216, 260, 62, 204, 84, 254, 1, 96, 113, 63, 207, 221, 150, 97, 166, 160, 147, 77, 212, 168, 202, 85, 154, 32, 80, 258, 159, 140, 42, 229, 195, 180, 46, 54, 59, 184, 121, 37, 114, 143, 219, 214, 28, 233, 165, 73, 149, 95, 152, 132, 25, 262, 198, 185, 43, 173, 23, 70, 26, 177]
[100, 66, 250, 188, 133, 110, 273, 275, 101, 267, 165, 255, 147, 109, 141, 64, 183, 292, 97, 131, 93, 132, 111, 205, 283, 112, 324, 120, 167, 318, 3, 193, 226, 122, 296, 195, 152, 150, 169, 62, 158, 266, 280, 81, 276, 89, 106, 114, 244, 35, 113, 143, 327, 160, 26, 254, 198, 54, 164, 70, 148, 236, 310, 220, 294, 233, 229, 185, 313, 311, 23, 136, 39, 274, 40, 253, 21, 67, 181, 24, 256, 98, 55, 218, 177, 317, 261, 162, 228, 265, 192, 212, 146, 1, 36, 215, 194, 271, 251, 308, 305, 49, 107, 115, 277, 74, 199, 326, 259, 197, 331, 38, 92, 263, 204, 170, 84, 34, 121, 196, 291]
[50, 34, 186, 126, 93, 66, 55, 138, 176, 139, 218, 134, 82, 129, 72, 212, 69, 195, 33, 91, 147, 189, 48, 65, 47, 193, 56, 103, 162, 142, 190, 209, 60, 83, 203, 1, 95, 113, 61, 178, 151, 96, 167, 161, 148, 75, 170, 84, 155, 32, 78, 207, 160, 141, 41, 185, 45, 52, 57, 123, 36, 114, 144, 163, 28, 216, 71, 94, 132, 23, 211, 188, 150, 20, 67, 10, 217, 90, 11, 169]
[49, 33, 181, 123, 90, 65, 54, 135, 172, 136, 254, 131, 80, 126, 71, 248, 68, 191, 31, 88, 143, 185, 213, 220, 46, 227, 64, 45, 228, 55, 203, 99, 158, 139, 223, 186, 210, 245, 59, 197, 81, 240, 1, 92, 110, 60, 200, 204, 147, 93, 162, 157, 144, 73, 194, 165, 82, 152, 30, 76, 243, 156, 138, 39, 214, 173, 43, 52, 56, 120, 35, 111, 141, 216, 196, 26, 218, 161, 70, 146, 91, 149, 129, 23, 247, 182, 246, 40, 160, 21, 67, 24, 164]
[50, 33, 124, 91, 65, 54, 131, 66, 86, 67, 25, 138, 39, 62, 122, 35, 27, 34, 94, 15, 43, 70, 92, 106, 109, 23, 112, 32, 22, 114, 126, 103, 142, 77, 68, 111, 119, 133, 29, 100, 40, 127, 0, 45, 55, 30, 140, 72, 47, 79, 108, 71, 36]
[53, 34, 189, 129, 96, 70, 57, 141, 178, 142, 212, 138, 85, 133, 76, 206, 73, 33, 93, 150, 51, 69, 50, 190, 58, 105, 165, 146, 187, 203, 64, 86, 198, 1, 98, 116, 65, 174, 154, 99, 169, 164, 151, 78, 166, 87, 158, 32, 81, 201, 145, 42, 180, 46, 55, 60, 125, 36, 117, 148, 159, 27, 182, 75, 97, 114, 172, 120, 118, 94, 185, 188, 11, 71, 20, 207]
[52, 36, 128, 98, 69, 56, 141, 142, 181, 137, 85, 132, 77, 176, 73, 35, 94, 149, 50, 68, 49, 161, 57, 106, 145, 158, 174, 62, 87, 169, 1, 100, 116, 63, 148, 101, 79, 144, 152, 103, 44, 80, 16, 41, 177, 82, 133, 166, 22, 72, 163, 114, 91, 127, 25, 29, 31, 93, 179, 146, 153, 18, 58, 75, 135, 83]
[55, 38, 129, 97, 72, 60, 140, 141, 164, 137, 87, 132, 78, 159, 75, 37, 95, 52, 71, 51, 146, 29, 107, 156, 85, 150, 157, 117, 98, 162, 125, 109, 120, 74, 31, 104, 45, 40, 0, 145, 61, 32, 111, 106, 121, 79, 147, 154, 138, 152, 41, 110, 88, 102, 153, 81, 15, 43, 160]
[55, 39, 133, 102, 73, 59, 144, 145, 159, 141, 89, 136, 80, 31, 40, 134, 105, 18, 50, 78, 103, 115, 118, 27, 128, 121, 38, 25, 132, 151, 112, 150, 86, 76, 143, 156, 138, 114, 75, 34, 108, 47, 41, 0, 52, 60, 35, 127, 81, 53, 148, 125, 146, 43, 122, 90]
[54, 36, 199, 133, 99, 72, 58, 147, 190, 148, 286, 142, 89, 136, 265, 79, 280, 76, 208, 35, 97, 156, 203, 229, 235, 52, 259, 242, 71, 51, 257, 59, 221, 110, 173, 151, 253, 258, 204, 227, 277, 65, 216, 90, 271, 1, 101, 122, 66, 231, 219, 234, 161, 102, 179, 172, 158, 81, 224, 181, 214, 91, 165, 34, 85, 275, 171, 150, 43, 247, 206, 191, 48, 56, 60, 195, 130, 38, 123, 153, 215, 226, 28, 248, 177, 78, 160, 100, 163, 139, 25, 279, 211, 197, 44, 184, 23, 75, 26]
[106, 74, 260, 193, 139, 115, 282, 284, 107, 276, 171, 265, 152, 114, 146, 72, 188, 103, 137, 99, 138, 116, 211, 167, 295, 62, 233, 196, 259, 253, 217, 240, 143, 66, 207, 89, 80, 1, 101, 117, 67, 222, 210, 269, 154, 102, 299, 166, 151, 82, 237, 281, 173, 205, 90, 158, 33, 85, 305, 165, 145, 43, 300, 198, 228, 182, 277, 48, 56, 63, 187, 242, 127, 38, 118, 148, 247, 261, 29, 204, 302, 170, 79, 153, 290, 190, 156, 291, 25, 142, 244, 226, 44, 212, 23, 75, 283, 26, 215, 104, 234, 238, 296, 168, 218, 307, 271, 39, 213, 266, 288]
[51, 34, 189, 128, 94, 66, 55, 139, 179, 140, 226, 136, 82, 131, 73, 220, 70, 198, 32, 92, 148, 192, 48, 65, 47, 202, 56, 103, 165, 143, 199, 193, 217, 60, 84, 212, 1, 97, 116, 61, 186, 153, 98, 169, 163, 149, 75, 176, 171, 85, 158, 31, 78, 215, 162, 142, 41, 204, 45, 53, 57, 124, 36, 117, 146, 180, 27, 194, 72, 95, 134, 24, 219, 166, 156, 42, 147, 22, 225, 91, 13, 175]
[27, 16, 96, 65, 48, 35, 29, 71, 92, 72, 132, 70, 43, 66, 38, 126, 37, 100, 131, 47, 75, 98, 25, 127, 23, 108, 117, 52, 85, 73, 105, 110, 123, 32, 44, 118, 0, 49, 59, 33, 124, 78, 50, 87, 102, 77, 39]
[101, 69, 248, 185, 133, 110, 271, 273, 51, 280, 83, 128, 245, 74, 56, 71, 249, 191, 34, 91, 144, 186, 211, 217, 49, 239, 224, 67, 48, 254, 57, 203, 102, 160, 140, 251, 255, 187, 241, 209, 231, 137, 61, 198, 84, 270, 1, 95, 113, 62, 213, 201, 232, 149, 97, 164, 159, 146, 76, 220, 166, 195, 85, 153, 33, 80, 274, 157, 139, 41, 256, 189, 174, 46, 53, 58, 178, 207, 122, 37, 114, 142, 212, 222, 28, 277, 163, 73, 148, 94, 182, 151, 131, 24, 136, 242, 194, 42, 260, 21, 70, 25, 281, 99, 202]
[49, 33, 128, 97, 65, 53, 141, 142, 168, 137, 83, 132, 74, 163, 70, 32, 93, 150, 47, 64, 46, 148, 54, 105, 80, 153, 27, 116, 98, 166, 125, 109, 119, 69, 29, 103, 40, 35, 0, 147, 144, 30, 111, 143, 124, 75, 149, 157, 160, 155, 36, 113, 85, 102, 136, 77, 15, 38, 164, 79]
[52, 36, 186, 127, 96, 68, 56, 140, 177, 141, 215, 136, 85, 131, 75, 209, 71, 197, 34, 93, 149, 190, 50, 67, 49, 189, 57, 104, 163, 144, 185, 206, 61, 86, 200, 1, 98, 115, 62, 174, 153, 99, 168, 162, 150, 78, 166, 87, 157, 33, 81, 203, 143, 42, 180, 46, 54, 58, 124, 38, 116, 147, 159, 28, 181, 74, 97, 134, 13, 69, 20, 210, 22, 208, 12, 214, 92, 156]
[49, 32, 195, 130, 97, 68, 54, 144, 185, 146, 208, 140, 85, 133, 74, 201, 71, 31, 95, 156, 47, 66, 46, 199, 55, 106, 171, 150, 182, 198, 60, 86, 193, 1, 99, 117, 61, 170, 160, 100, 157, 76, 163, 88, 30, 79, 196, 149, 38, 177, 44, 51, 56, 127, 34, 179, 72, 203, 83, 12, 132, 102, 26, 206, 147, 75, 122, 184, 115, 168, 120, 119]
[51, 33, 193, 130, 97, 71, 57, 142, 182, 143, 241, 139, 86, 133, 77, 235, 74, 202, 32, 95, 152, 197, 48, 70, 47, 217, 58, 213, 106, 167, 146, 214, 198, 232, 65, 87, 227, 1, 99, 118, 66, 201, 157, 100, 171, 166, 153, 80, 192, 173, 88, 161, 31, 83, 230, 165, 145, 40, 207, 44, 55, 59, 127, 35, 120, 149, 183, 194, 27, 209, 76, 156, 98, 159, 137, 23, 234, 180, 169, 41, 162, 21, 73, 25, 102, 175]
[51, 34, 125, 93, 67, 55, 136, 138, 168, 133, 82, 128, 74, 163, 70, 33, 91, 145, 48, 66, 47, 149, 56, 102, 141, 151, 161, 60, 83, 37, 0, 148, 142, 31, 107, 144, 134, 75, 150, 158, 80, 156, 38, 116, 124, 139, 98, 42, 77, 15, 40, 164, 79, 154, 21, 69, 95, 87, 23, 27, 29, 89]
[49, 33, 197, 130, 94, 66, 53, 283, 143, 185, 144, 291, 140, 82, 134, 264, 73, 285, 69, 268, 208, 32, 92, 151, 201, 230, 236, 47, 257, 242, 65, 46, 259, 54, 222, 103, 168, 147, 254, 258, 203, 228, 281, 59, 216, 83, 273, 1, 97, 117, 61, 232, 220, 237, 156, 98, 175, 167, 152, 76, 227, 177, 214, 84, 161, 31, 79, 279, 165, 146, 40, 244, 205, 186, 44, 51, 55, 191, 127, 35, 119, 149, 217, 229, 27, 248, 173, 72, 155, 95, 158, 138, 24, 284, 223, 289, 41, 183, 21, 68]
[51, 35, 183, 125, 94, 67, 55, 138, 174, 139, 264, 135, 83, 128, 244, 75, 258, 71, 192, 34, 92, 146, 186, 211, 217, 49, 224, 66, 48, 234, 56, 204, 102, 161, 142, 231, 235, 187, 209, 255, 60, 198, 84, 247, 1, 96, 113, 61, 202, 214, 151, 97, 165, 160, 147, 77, 205, 167, 196, 85, 155, 33, 80, 253, 159, 141, 42, 221, 190, 175, 46, 53, 57, 179, 122, 37, 114, 144, 212, 207, 29, 226, 164, 74, 150, 95, 153, 132, 25, 257, 193, 180, 43, 169, 22, 70, 26, 172]
[52, 32, 130, 96, 69, 57, 142, 143, 178, 139, 84, 134, 75, 173, 72, 31, 93, 150, 48, 68, 46, 158, 58, 104, 146, 154, 171, 62, 85, 166, 1, 98, 116, 29, 110, 153, 151, 76, 159, 168, 81, 147, 36, 120, 167, 148, 101, 40, 78, 15, 38, 174, 80, 163, 19, 71, 145, 113, 89, 21, 25, 27, 91, 144]
[50, 33, 195, 132, 95, 68, 55, 146, 185, 147, 208, 142, 85, 135, 75, 202, 71, 32, 93, 156, 48, 67, 47, 199, 57, 107, 170, 151, 182, 198, 62, 86, 193, 1, 98, 119, 63, 169, 160, 100, 157, 77, 163, 87, 31, 82, 196, 149, 39, 175, 44, 52, 58, 129, 35, 177, 73, 203, 83, 13, 134, 103, 26, 206, 148, 76, 126, 184, 117, 167, 123, 122]
[49, 33, 189, 125, 92, 65, 54, 137, 180, 138, 195, 133, 81, 128, 72, 193, 68, 32, 90, 146, 47, 64, 46, 172, 55, 100, 162, 142, 167, 186, 59, 82, 181, 1, 94, 113, 60, 154, 150, 95, 147, 74, 148, 83, 31, 78, 184, 141, 40, 67, 156, 111, 87, 136, 21, 26, 28, 89, 188, 151, 160, 17, 56, 70, 190, 79, 12, 97, 27, 183]
[51, 33, 183, 123, 91, 67, 55, 137, 174, 138, 242, 133, 81, 126, 73, 236, 70, 192, 32, 89, 145, 186, 212, 49, 66, 48, 214, 56, 204, 100, 160, 141, 210, 187, 233, 60, 198, 82, 227, 1, 94, 111, 61, 195, 150, 95, 164, 159, 146, 75, 217, 167, 83, 154, 31, 78, 231, 158, 140, 40, 202, 45, 53, 57, 120, 35, 112, 143, 179, 189, 27, 205, 72, 149, 93, 152, 130, 23, 235, 176, 184, 41, 156, 21, 69, 25, 97, 172]
[50, 34, 194, 128, 96, 66, 54, 140, 182, 141, 281, 136, 85, 131, 260, 74, 275, 71, 263, 203, 33, 94, 151, 197, 225, 232, 47, 253, 238, 65, 46, 250, 55, 217, 105, 167, 146, 247, 252, 199, 222, 272, 60, 211, 86, 266, 1, 98, 115, 61, 227, 214, 231, 155, 99, 172, 166, 152, 77, 219, 174, 208, 87, 159, 31, 81, 270, 164, 144, 40, 241, 201, 183, 44, 52, 56, 189, 124, 36, 116, 148, 210, 221, 27, 242, 171, 73, 154, 97, 157, 134, 24, 274, 206, 191, 41, 177, 22, 69]
[52, 35, 192, 131, 97, 70, 56, 143, 183, 145, 271, 139, 86, 134, 255, 78, 265, 74, 201, 34, 95, 152, 196, 220, 226, 50, 233, 68, 49, 240, 57, 212, 107, 167, 148, 237, 197, 218, 261, 62, 207, 87, 254, 1, 99, 120, 63, 210, 221, 156, 100, 173, 166, 153, 80, 211, 175, 205, 88, 160, 33, 83, 259, 165, 147, 42, 229, 184, 46, 54, 59, 188, 128, 37, 121, 150, 203, 213, 29, 232, 171, 77, 155, 98, 158, 137, 25, 264, 200, 194, 43, 176, 22, 72, 26, 179]
[51, 34, 191, 126, 94, 67, 55, 140, 180, 141, 218, 137, 83, 130, 74, 212, 71, 199, 33, 91, 149, 194, 49, 66, 47, 196, 56, 102, 165, 144, 216, 209, 60, 84, 204, 1, 96, 112, 61, 177, 153, 97, 170, 163, 150, 76, 169, 85, 157, 32, 80, 207, 143, 41, 184, 45, 53, 57, 121, 36, 113, 146, 161, 28, 186, 73, 95, 135, 23, 69, 19, 213, 20, 189, 10, 217, 90, 11]
[27, 17, 93, 63, 47, 34, 29, 69, 89, 70, 128, 68, 41, 64, 37, 122, 36, 97, 127, 46, 73, 95, 26, 123, 25, 104, 113, 51, 80, 71, 101, 106, 119, 31, 42, 114, 0, 48, 57, 32, 86, 75, 49, 99, 74, 38, 79]
[52, 33, 191, 129, 96, 70, 57, 141, 182, 142, 217, 138, 85, 133, 77, 211, 73, 199, 32, 94, 150, 194, 49, 68, 47, 193, 59, 104, 168, 145, 190, 208, 63, 86, 203, 1, 98, 118, 64, 179, 154, 99, 173, 166, 151, 79, 170, 88, 158, 31, 82, 206, 144, 40, 185, 44, 55, 60, 126, 36, 119, 148, 161, 26, 186, 76, 97, 136, 11, 71, 19, 212, 20, 210, 10, 216, 93, 157]
[50, 32, 191, 128, 93, 65, 54, 141, 180, 142, 246, 138, 83, 132, 74, 240, 70, 203, 31, 91, 150, 196, 222, 48, 64, 47, 220, 55, 214, 102, 164, 146, 217, 198, 237, 59, 84, 232, 1, 95, 115, 60, 229, 154, 97, 171, 163, 151, 76, 244, 173, 85, 158, 30, 80, 235, 162, 145, 39, 209, 45, 52, 56, 124, 35, 116, 148, 183, 193, 26, 211, 73, 153, 94, 156, 136, 23, 239, 179, 169, 40, 157, 20, 68, 24, 99, 175]
[49, 33, 184, 124, 93, 67, 55, 136, 174, 137, 236, 133, 82, 128, 74, 230, 70, 194, 32, 91, 146, 188, 213, 47, 66, 45, 211, 56, 205, 102, 160, 140, 208, 189, 227, 61, 84, 222, 1, 95, 113, 62, 219, 150, 96, 164, 159, 147, 76, 234, 167, 85, 154, 30, 79, 225, 158, 139, 39, 200, 43, 52, 57, 121, 35, 114, 144, 177, 187, 26, 202, 72, 149, 94, 152, 131, 23, 229, 173, 163, 40, 153, 21, 69, 24, 98, 169]
[51, 35, 195, 130, 99, 69, 57, 141, 183, 142, 256, 138, 88, 133, 77, 250, 72, 203, 34, 97, 152, 198, 222, 229, 49, 68, 48, 231, 58, 215, 107, 167, 147, 228, 199, 220, 247, 63, 209, 89, 242, 1, 101, 118, 64, 211, 156, 102, 173, 166, 153, 80, 239, 176, 90, 161, 33, 83, 245, 165, 145, 41, 219, 185, 45, 54, 59, 126, 37, 119, 149, 196, 205, 28, 234, 171, 75, 155, 100, 158, 136, 24, 249, 193, 180, 42, 179, 21, 71, 25, 104]
[52, 34, 193, 129, 96, 69, 57, 142, 183, 143, 273, 139, 85, 132, 258, 75, 267, 72, 201, 33, 93, 152, 196, 222, 229, 49, 236, 68, 47, 244, 58, 214, 105, 168, 147, 241, 197, 220, 264, 62, 208, 86, 259, 1, 99, 116, 63, 212, 224, 156, 100, 174, 166, 153, 78, 240, 176, 206, 87, 160, 32, 82, 262, 165, 145, 41, 233, 199, 184, 45, 55, 59, 189, 126, 36, 118, 149, 204, 216, 25, 245, 173, 74, 155, 98, 158, 137, 22, 266, 255, 194, 42, 177, 20, 71, 23, 180]
[51, 35, 200, 128, 94, 67, 55, 144, 191, 145, 284, 140, 83, 133, 264, 75, 278, 72, 208, 34, 92, 154, 203, 228, 234, 49, 258, 240, 66, 48, 255, 56, 220, 105, 172, 150, 250, 256, 204, 226, 275, 60, 215, 84, 269, 1, 96, 116, 61, 230, 218, 233, 159, 98, 178, 171, 155, 77, 223, 183, 213, 86, 163, 32, 80, 273, 169, 147, 42, 243, 206, 192, 46, 53, 57, 196, 124, 37, 117, 152, 214, 225, 27, 244, 177, 74, 158, 95, 161, 138, 23, 277, 211, 198, 43, 186, 21, 71, 24]
[50, 33, 185, 126, 95, 67, 54, 138, 176, 139, 213, 134, 84, 129, 73, 207, 70, 193, 32, 93, 146, 188, 48, 65, 47, 189, 55, 104, 162, 142, 186, 204, 60, 85, 198, 1, 97, 114, 61, 175, 150, 98, 166, 161, 147, 76, 169, 87, 155, 30, 80, 202, 141, 40, 181, 45, 52, 56, 123, 36, 115, 144, 159, 26, 182, 72, 96, 132, 22, 206, 18, 208, 19, 68, 10, 212, 92, 11]
[101, 67, 261, 194, 138, 112, 283, 285, 103, 278, 172, 266, 153, 111, 145, 65, 188, 300, 98, 136, 95, 137, 114, 212, 292, 115, 312, 123, 174, 307, 3, 96, 282, 293, 61, 222, 211, 294, 156, 97, 309, 167, 152, 75, 239, 274, 290, 206, 83, 162, 33, 78, 315, 166, 144, 41, 142, 199, 228, 183, 258, 45, 52, 56, 187, 260, 232, 124, 37, 117, 148, 265, 277, 29, 205, 55, 171, 71, 154, 298, 227, 190, 158, 299, 25, 141, 262, 242, 42, 225, 23, 68, 251, 26, 256, 99, 253, 257, 306, 169, 234, 198, 275, 1, 38, 200, 226, 223, 296, 281, 50, 108, 119, 245]
[50, 33, 125, 93, 66, 54, 136, 137, 180, 133, 83, 128, 73, 175, 70, 32, 91, 146, 48, 65, 47, 160, 55, 102, 141, 157, 173, 59, 84, 168, 1, 95, 113, 60, 162, 97, 76, 155, 85, 77, 15, 38, 176, 80, 129, 165, 19, 68, 147, 110, 88, 127, 21, 25, 28, 90, 169, 143, 151, 17, 56, 71, 134, 81, 13, 99]
[53, 37, 196, 130, 96, 69, 57, 147, 187, 148, 281, 141, 84, 134, 263, 76, 275, 72, 205, 36, 94, 156, 199, 225, 232, 50, 239, 68, 49, 248, 58, 217, 107, 170, 152, 245, 201, 223, 271, 62, 211, 85, 264, 1, 98, 117, 63, 215, 227, 160, 100, 175, 169, 157, 78, 244, 177, 209, 86, 164, 35, 81, 269, 168, 151, 43, 236, 203, 188, 47, 55, 59, 192, 127, 39, 118, 154, 208, 219, 31, 249, 174, 74, 159, 97, 162, 139, 27, 274, 259, 197, 44, 178, 22, 71, 29, 183]
[49, 33, 186, 125, 92, 66, 53, 137, 176, 139, 225, 134, 81, 129, 73, 217, 70, 194, 32, 90, 146, 189, 47, 65, 46, 198, 54, 101, 162, 142, 195, 190, 213, 58, 82, 207, 1, 94, 113, 60, 182, 151, 95, 166, 161, 147, 75, 174, 168, 83, 156, 31, 78, 211, 160, 141, 40, 200, 44, 51, 55, 121, 35, 114, 144, 177, 26, 191, 72, 93, 132, 23, 216, 163, 154, 41, 145, 21, 224, 89, 11, 173]
[25, 17, 95, 62, 46, 34, 28, 68, 90, 70, 110, 67, 41, 63, 37, 104, 36, 109, 45, 73, 24, 105, 23, 88, 108, 50, 82, 71, 85, 101, 30, 42, 96, 0, 47, 56, 32, 54, 84, 80]
[51, 33, 124, 92, 67, 55, 137, 138, 149, 145, 42, 64, 123, 35, 26, 34, 125, 95, 15, 46, 72, 93, 106, 109, 23, 120, 112, 32, 22, 118, 132, 102, 139, 79, 70, 114, 147, 105, 69, 28, 98, 43, 133, 0, 48, 56, 29, 97, 74, 49, 81, 111, 73, 37]
[50, 34, 191, 125, 94, 68, 54, 140, 181, 141, 279, 137, 83, 130, 257, 74, 273, 71, 260, 200, 33, 92, 150, 195, 218, 226, 47, 250, 235, 67, 46, 247, 55, 211, 103, 167, 144, 244, 249, 196, 216, 270, 59, 206, 84, 263, 1, 96, 114, 61, 222, 209, 225, 154, 97, 171, 166, 151, 77, 213, 173, 204, 85, 158, 32, 80, 268, 165, 143, 40, 238, 198, 182, 44, 52, 56, 186, 122, 36, 115, 147, 205, 215, 26, 239, 170, 73, 153, 95, 156, 133, 23, 272, 202, 188, 41, 177, 21, 70]
[52, 34, 130, 99, 70, 56, 141, 142, 152, 138, 42, 66, 129, 37, 28, 35, 131, 102, 16, 47, 76, 100, 111, 115, 25, 125, 118, 33, 24, 124, 143, 108, 144, 85, 73, 121, 136, 110, 72, 30, 105, 44, 139, 0, 49, 57, 31, 114, 78, 50, 87, 127, 77, 38]
[49, 33, 186, 126, 91, 65, 54, 138, 177, 139, 213, 134, 80, 129, 71, 207, 68, 194, 32, 89, 146, 189, 47, 64, 46, 191, 55, 100, 162, 142, 211, 204, 59, 81, 199, 1, 93, 112, 60, 175, 150, 94, 167, 161, 147, 74, 165, 82, 155, 31, 77, 202, 141, 39, 181, 44, 52, 56, 121, 35, 113, 144, 159, 27, 182, 70, 92, 132, 24, 66, 19, 208, 20, 184, 10, 212, 88, 12]
[52, 35, 130, 95, 70, 57, 141, 142, 167, 138, 85, 133, 76, 162, 73, 34, 93, 49, 68, 48, 148, 59, 104, 83, 152, 28, 117, 97, 165, 126, 107, 120, 72, 31, 102, 42, 37, 0, 147, 144, 32, 109, 143, 125, 77, 149, 157, 160, 155, 38, 112, 86, 101, 137, 80, 16, 40, 163, 82, 161]
[48, 32, 183, 124, 90, 64, 52, 136, 173, 137, 191, 132, 79, 127, 70, 185, 67, 31, 88, 144, 46, 63, 45, 169, 54, 100, 159, 140, 166, 182, 58, 80, 177, 1, 92, 112, 59, 154, 148, 93, 145, 72, 147, 81, 30, 75, 180, 139, 38, 160, 43, 25, 27, 87, 155, 152, 164, 16, 55, 68, 186, 77, 12, 95, 26, 179, 34, 71, 117, 168, 110]
[51, 34, 183, 123, 92, 66, 55, 136, 174, 137, 197, 132, 82, 127, 73, 191, 70, 33, 90, 145, 48, 65, 47, 176, 56, 101, 160, 141, 173, 188, 60, 83, 195, 1, 94, 112, 61, 161, 149, 96, 146, 75, 154, 84, 32, 78, 186, 139, 41, 168, 45, 53, 57, 120, 36, 113, 158, 80, 12, 126, 98, 28, 185, 170, 74, 117, 175, 110, 159, 115, 114, 91, 153]
[50, 33, 131, 99, 66, 54, 142, 143, 152, 148, 39, 63, 130, 35, 27, 34, 132, 102, 16, 43, 72, 100, 113, 116, 23, 127, 119, 32, 22, 125, 138, 109, 144, 82, 70, 121, 150, 111, 69, 29, 106, 40, 139, 0, 45, 55, 30, 105, 75, 47, 85, 118, 73, 36]
[24, 15, 90, 61, 44, 31, 26, 67, 86, 68, 124, 66, 39, 63, 34, 118, 33, 95, 123, 43, 72, 93, 23, 119, 22, 100, 108, 48, 79, 69, 97, 115, 28, 40, 110, 0, 45, 54, 29, 85, 74, 46, 106, 73, 35, 78]
[52, 36, 93, 65, 48, 35, 29, 135, 70, 89, 71, 27, 69, 43, 66, 127, 38, 136, 37, 98, 18, 47, 74, 95, 109, 112, 26, 137, 25, 113, 124, 105, 142, 82, 72, 110, 118, 132, 31, 44, 125, 0, 49, 58, 33, 94, 76, 50, 84, 107, 75]
[52, 37, 189, 129, 95, 68, 56, 140, 179, 141, 195, 137, 83, 132, 74, 193, 71, 35, 93, 149, 50, 67, 49, 173, 58, 103, 164, 145, 168, 186, 62, 84, 181, 2, 97, 115, 63, 157, 153, 98, 150, 77, 151, 86, 34, 80, 184, 144, 43, 70, 158, 113, 89, 139, 23, 27, 29, 91, 188, 154, 162, 18, 59, 72, 190, 81, 14, 100, 28, 183]
[51, 34, 189, 126, 92, 66, 55, 137, 175, 139, 194, 134, 82, 129, 74, 186, 70, 33, 90, 147, 48, 65, 47, 166, 56, 102, 161, 142, 163, 181, 60, 83, 174, 1, 95, 113, 61, 152, 97, 148, 76, 168, 84, 32, 79, 178, 41, 69, 153, 111, 87, 136, 21, 27, 29, 89, 184, 150, 157, 16, 57, 72, 188, 80, 12, 99, 28, 176, 36]
[101, 69, 261, 194, 134, 110, 284, 286, 102, 278, 168, 267, 150, 109, 142, 66, 187, 303, 97, 132, 94, 133, 111, 213, 295, 113, 315, 121, 171, 310, 3, 199, 283, 297, 61, 226, 211, 287, 153, 96, 312, 163, 149, 77, 241, 276, 294, 205, 85, 158, 32, 80, 319, 162, 141, 40, 138, 290, 233, 180, 260, 44, 52, 57, 185, 321, 236, 122, 36, 114, 145, 311, 313, 28, 204, 56, 167, 74, 152, 302, 232, 190, 156, 305, 24, 137, 263, 246, 41, 231, 22, 70, 253, 25, 234, 98, 254, 259, 309, 165, 238, 197, 277, 1, 37, 200, 251, 228, 300, 288, 50, 107, 116, 249]
[51, 35, 123, 92, 67, 56, 137, 138, 165, 134, 82, 126, 73, 160, 70, 34, 90, 145, 49, 66, 48, 147, 57, 101, 142, 158, 30, 99, 42, 37, 0, 144, 140, 32, 106, 141, 131, 74, 146, 154, 80, 152, 38, 114, 119, 83, 97, 136, 76, 15, 40, 161, 79, 150, 20, 69, 94, 87, 22, 26, 28]
[104, 70, 263, 193, 138, 114, 286, 288, 105, 281, 172, 269, 153, 55, 72, 264, 200, 33, 93, 151, 194, 222, 228, 49, 251, 277, 236, 68, 48, 276, 56, 215, 296, 167, 145, 273, 278, 195, 261, 254, 220, 242, 142, 61, 209, 85, 76, 1, 98, 116, 62, 224, 213, 247, 155, 99, 294, 166, 152, 78, 237, 174, 206, 86, 159, 32, 81, 300, 164, 144, 41, 256, 197, 183, 46, 53, 57, 187, 282, 125, 37, 117, 148, 227, 239, 27, 205, 267, 171, 74, 154, 96, 190, 157, 135, 24, 141, 245, 210, 42, 301, 21, 71, 25, 196, 101, 218]
[48, 32, 183, 125, 93, 65, 52, 137, 174, 138, 185, 133, 83, 128, 71, 179, 68, 31, 91, 145, 46, 63, 45, 163, 53, 101, 141, 159, 176, 58, 84, 171, 1, 95, 113, 59, 149, 96, 74, 166, 85, 30, 78, 177, 38, 67, 150, 111, 88, 136, 20, 25, 27, 90, 178, 147, 154, 16, 55, 69, 180, 80, 12, 98, 26, 173, 34, 72]
[48, 32, 120, 89, 63, 52, 133, 134, 166, 129, 79, 124, 70, 161, 66, 31, 87, 142, 46, 62, 45, 146, 53, 99, 138, 143, 159, 57, 80, 154, 0, 145, 132, 140, 29, 104, 148, 131, 71, 147, 156, 76, 135, 35, 111, 119, 136, 96, 40, 73, 15, 37, 162, 75, 152, 19, 65, 92, 84, 21, 25, 27]
[54, 38, 135, 102, 71, 59, 147, 187, 148, 196, 144, 90, 138, 80, 190, 76, 37, 99, 155, 51, 70, 50, 172, 60, 111, 151, 168, 188, 65, 91, 181, 1, 104, 122, 66, 157, 105, 83, 153, 92, 35, 86, 192, 149, 139, 178, 21, 74, 158, 119, 95, 141, 23, 28, 31, 97, 142, 174, 163, 18, 61, 77, 164, 87, 14, 108, 29]
[52, 35, 191, 133, 101, 71, 56, 145, 182, 146, 208, 142, 88, 136, 79, 202, 76, 34, 98, 154, 50, 69, 49, 187, 57, 109, 168, 150, 184, 199, 63, 89, 194, 1, 103, 120, 65, 172, 158, 104, 167, 155, 81, 165, 90, 162, 33, 85, 197, 148, 41, 179, 47, 54, 59, 130, 37, 121, 159, 28, 135, 106, 147, 196, 151, 80, 127, 186, 118, 170, 124, 123, 99, 164]
[48, 32, 122, 91, 65, 52, 133, 85, 68, 24, 137, 38, 62, 120, 34, 26, 33, 123, 94, 15, 42, 71, 92, 103, 106, 23, 109, 31, 22, 112, 126, 100, 141, 78, 69, 113, 118, 102, 135, 28, 97, 39, 127, 0, 45, 53, 29, 124, 73, 46, 80, 115, 72]
[52, 33, 126, 94, 68, 56, 138, 139, 154, 135, 83, 130, 74, 149, 71, 127, 97, 16, 46, 73, 95, 108, 111, 23, 122, 114, 32, 22, 147, 27, 104, 146, 81, 140, 124, 129, 134, 106, 70, 29, 101, 42, 35, 0, 48, 57, 30, 103, 115, 75, 50, 144, 121, 142, 36, 96]
[50, 33, 189, 128, 94, 68, 54, 139, 179, 140, 198, 136, 83, 131, 74, 192, 71, 31, 92, 147, 47, 67, 46, 175, 55, 103, 165, 143, 172, 196, 61, 84, 183, 1, 97, 116, 62, 161, 153, 98, 149, 76, 158, 85, 30, 80, 186, 142, 39, 167, 43, 52, 27, 91, 162, 159, 166, 16, 56, 72, 193, 81, 12, 100, 26, 185, 35, 75, 121, 174, 114]
[105, 71, 263, 196, 137, 114, 286, 288, 106, 280, 172, 269, 152, 113, 145, 69, 190, 102, 135, 50, 294, 59, 216, 301, 167, 295, 302, 238, 198, 262, 256, 222, 245, 142, 64, 210, 87, 76, 1, 100, 116, 65, 228, 214, 268, 155, 101, 299, 166, 151, 79, 242, 278, 174, 208, 89, 160, 33, 82, 305, 164, 144, 44, 275, 201, 234, 184, 239, 48, 55, 60, 189, 240, 126, 38, 117, 148, 246, 259, 26, 207, 282, 171, 75, 153, 98, 192, 158, 291, 23, 140, 255, 226, 45, 273, 20, 72, 233, 24, 264, 103, 237, 281, 296, 168, 218, 257, 270, 40]
[103, 69, 259, 193, 137, 113, 281, 285, 104, 276, 171, 264, 153, 112, 146, 67, 188, 99, 135, 96, 136, 114, 210, 116, 233, 195, 258, 251, 217, 239, 142, 61, 206, 85, 74, 1, 97, 288, 62, 222, 209, 271, 155, 98, 302, 165, 152, 77, 237, 261, 174, 204, 86, 159, 32, 80, 308, 164, 144, 41, 279, 198, 229, 182, 242, 46, 53, 57, 187, 243, 232, 124, 37, 117, 148, 249, 263, 27, 203, 56, 170, 73, 154, 292, 190, 157, 293, 24, 141, 246, 240, 42, 214, 22, 70, 236, 25, 306, 101, 260, 241, 299, 167, 221, 197, 262, 273, 38, 215, 212, 290]
[104, 67, 259, 194, 138, 114, 284, 286, 105, 277, 171, 265, 153, 112, 147, 65, 188, 302, 101, 136, 98, 137, 115, 212, 330, 293, 116, 355, 123, 173, 350, 3, 198, 234, 127, 326, 311, 200, 304, 157, 156, 175, 63, 163, 275, 290, 83, 287, 93, 109, 118, 253, 74, 235, 296, 353, 55, 334, 150, 196, 271, 48, 285, 84, 315, 86, 356, 42, 145, 187, 24, 320, 102, 56, 269, 264, 227, 183, 349, 229, 168, 236, 154, 197, 220, 152, 1, 35, 223, 199, 246, 256, 23, 358, 338, 273, 300, 49, 110, 119, 34, 76, 206, 357, 297, 203, 362, 38, 97, 341, 211, 177, 292, 33, 125, 201, 319, 4, 166, 121, 39, 222, 44, 179, 214, 345, 122, 268, 149]
[53, 34, 127, 96, 69, 58, 139, 140, 177, 135, 85, 130, 76, 172, 72, 33, 94, 147, 51, 68, 50, 157, 59, 105, 143, 154, 170, 63, 86, 165, 1, 99, 116, 64, 110, 153, 149, 77, 158, 167, 83, 145, 39, 118, 131, 146, 102, 44, 79, 15, 42, 173, 82, 163, 19, 71, 150, 113, 91, 142, 21, 26, 28, 93]
[49, 32, 127, 93, 65, 53, 139, 140, 163, 136, 81, 130, 72, 158, 69, 31, 91, 46, 64, 45, 145, 54, 104, 155, 79, 149, 26, 115, 94, 161, 124, 107, 118, 68, 28, 101, 39, 34, 0, 143, 141, 29, 109, 103, 120, 73, 146, 153, 138, 151, 35, 129, 83, 100, 125, 76, 14, 37, 159]
[56, 37, 194, 131, 99, 72, 60, 143, 185, 144, 240, 139, 87, 134, 79, 234, 76, 202, 35, 96, 152, 197, 54, 71, 53, 215, 62, 108, 168, 147, 212, 198, 231, 66, 88, 225, 1, 101, 118, 67, 199, 157, 102, 174, 167, 153, 81, 191, 177, 89, 161, 34, 84, 229, 166, 146, 47, 205, 51, 58, 63, 128, 40, 119, 150, 183, 193, 30, 207, 78, 156, 100, 159, 137, 25, 233, 180, 210, 48, 196, 22, 75, 26, 104, 176]
[54, 38, 188, 130, 98, 70, 58, 142, 179, 143, 215, 139, 86, 134, 77, 207, 74, 37, 96, 151, 191, 52, 69, 51, 190, 59, 106, 165, 146, 187, 203, 64, 87, 198, 1, 100, 119, 65, 175, 155, 101, 169, 164, 152, 79, 167, 89, 159, 35, 82, 201, 145, 44, 182, 49, 56, 60, 127, 40, 120, 148, 161, 30, 183, 76, 99, 137, 11, 71, 22, 208, 23, 206, 10, 214, 94, 158]
[51, 33, 191, 129, 96, 69, 55, 141, 182, 142, 229, 138, 85, 133, 76, 223, 72, 202, 32, 94, 150, 197, 48, 68, 47, 205, 56, 105, 167, 145, 201, 220, 62, 86, 215, 1, 98, 118, 64, 187, 156, 99, 171, 166, 152, 78, 178, 173, 87, 161, 31, 82, 218, 165, 144, 39, 196, 44, 53, 57, 126, 35, 119, 148, 170, 27, 207, 74, 97, 136, 23, 222, 199, 157, 40, 159, 10, 228, 93, 12, 177]
[101, 69, 256, 189, 135, 112, 279, 282, 102, 289, 82, 130, 254, 74, 55, 71, 257, 197, 34, 92, 147, 190, 220, 227, 49, 248, 233, 66, 48, 264, 57, 211, 285, 162, 143, 260, 265, 191, 250, 217, 240, 140, 61, 205, 83, 287, 1, 96, 114, 62, 223, 208, 242, 152, 97, 167, 161, 148, 76, 231, 170, 203, 84, 156, 33, 79, 284, 160, 142, 41, 249, 194, 178, 46, 53, 58, 183, 216, 122, 37, 115, 145, 252, 281, 29, 255, 166, 73, 150, 95, 186, 154, 133, 25, 139, 218, 228, 43, 187, 23, 70, 26, 270, 99, 259]
[54, 37, 187, 129, 97, 71, 58, 140, 178, 141, 218, 137, 86, 132, 78, 212, 74, 196, 36, 95, 149, 191, 52, 70, 51, 195, 59, 106, 163, 144, 192, 209, 64, 87, 204, 1, 99, 116, 65, 180, 153, 101, 169, 162, 150, 80, 172, 88, 157, 35, 83, 207, 161, 143, 45, 186, 49, 56, 61, 126, 39, 117, 146, 164, 31, 216, 77, 98, 135, 27, 211, 190, 152, 23, 72, 11, 217, 94, 12, 171]
[49, 33, 187, 127, 92, 65, 53, 268, 138, 177, 140, 275, 135, 82, 130, 251, 73, 269, 70, 255, 195, 32, 90, 148, 190, 214, 221, 47, 244, 228, 64, 46, 242, 55, 207, 102, 163, 143, 239, 245, 191, 212, 265, 59, 202, 83, 259, 1, 94, 115, 60, 217, 205, 248, 153, 95, 168, 162, 149, 75, 210, 170, 200, 84, 157, 31, 78, 263, 161, 142, 40, 229, 193, 178, 44, 51, 56, 183, 124, 35, 116, 145, 227, 230, 27, 233, 167, 72, 152, 93, 155, 133, 23, 267, 199, 186, 41, 174, 21, 69]
[52, 35, 192, 129, 96, 70, 57, 142, 181, 143, 261, 139, 85, 132, 76, 255, 73, 200, 33, 93, 152, 195, 222, 228, 49, 234, 69, 48, 233, 59, 213, 106, 168, 146, 230, 196, 220, 252, 63, 208, 86, 246, 1, 99, 116, 64, 211, 229, 156, 100, 172, 167, 153, 78, 203, 174, 87, 160, 32, 81, 250, 166, 145, 42, 238, 182, 46, 55, 60, 125, 37, 117, 149, 239, 206, 28, 225, 171, 75, 155, 98, 158, 135, 25, 254, 259, 180, 43, 169, 22, 72, 26, 207]
[47, 32, 180, 120, 89, 63, 52, 132, 170, 133, 188, 128, 78, 123, 69, 182, 66, 31, 87, 140, 45, 62, 44, 165, 53, 98, 156, 136, 162, 179, 57, 79, 173, 1, 92, 108, 58, 150, 145, 93, 141, 72, 144, 80, 30, 75, 177, 135, 38, 157, 42, 24, 26, 86, 151, 148, 160, 16, 54, 67, 183, 76, 12, 95, 25, 176, 34, 70, 114, 164, 106]
[52, 36, 190, 129, 95, 70, 57, 141, 181, 142, 244, 138, 85, 132, 76, 238, 73, 199, 35, 93, 149, 194, 219, 50, 69, 49, 220, 58, 211, 106, 167, 145, 216, 195, 235, 63, 205, 86, 230, 1, 100, 116, 64, 201, 154, 101, 172, 165, 150, 78, 193, 174, 87, 159, 34, 82, 233, 163, 144, 43, 208, 47, 55, 59, 126, 38, 118, 147, 185, 209, 30, 215, 75, 153, 97, 157, 136, 26, 237, 182, 173, 44, 160, 24, 72, 28, 103, 178]
[103, 68, 256, 194, 139, 116, 278, 280, 104, 273, 172, 261, 155, 114, 149, 66, 188, 100, 136, 97, 137, 56, 212, 298, 167, 292, 283, 233, 197, 255, 250, 218, 239, 146, 61, 207, 87, 77, 1, 98, 118, 62, 222, 210, 262, 157, 99, 296, 166, 154, 80, 237, 252, 174, 205, 88, 161, 30, 83, 302, 165, 148, 39, 269, 199, 228, 182, 236, 44, 53, 58, 187, 251, 127, 35, 119, 151, 242, 254, 26, 204, 277, 170, 76, 156, 285, 190, 159, 286, 23, 145, 270, 223, 41, 209, 21, 69, 229, 24, 282, 101, 230, 235, 293, 168, 215, 253, 264, 36, 259]
[55, 37, 205, 138, 101, 72, 59, 152, 192, 153, 285, 148, 90, 142, 270, 79, 278, 75, 213, 36, 99, 162, 208, 235, 241, 53, 248, 71, 51, 255, 60, 225, 111, 178, 157, 252, 209, 232, 275, 64, 219, 91, 269, 1, 103, 122, 65, 223, 236, 167, 104, 182, 177, 163, 81, 224, 184, 217, 92, 172, 35, 85, 273, 176, 156, 43, 243, 193, 48, 57, 61, 199, 134, 39, 124, 160, 215, 226, 29, 247, 181, 77, 165, 102, 169, 146, 25, 277, 212, 206, 44, 185, 23, 74, 26, 188]
[103, 68, 261, 197, 140, 114, 285, 287, 104, 280, 176, 267, 155, 113, 148, 66, 192, 304, 98, 138, 95, 139, 115, 216, 295, 116, 318, 126, 179, 313, 3, 202, 238, 62, 227, 215, 299, 157, 97, 315, 167, 154, 75, 242, 316, 300, 209, 85, 161, 31, 79, 321, 166, 147, 42, 145, 292, 233, 187, 263, 46, 53, 58, 191, 264, 237, 128, 37, 117, 151, 269, 282, 26, 208, 57, 174, 72, 156, 307, 232, 291, 194, 159, 305, 23, 144, 266, 248, 43, 239, 21, 69, 255, 24, 235, 99, 257, 323, 312, 171, 241, 201, 281, 1, 38, 203, 260, 230, 302, 286, 51, 111, 121, 251, 277]
[49, 33, 123, 92, 67, 54, 136, 138, 157, 133, 81, 127, 73, 150, 70, 31, 44, 72, 93, 105, 108, 23, 119, 111, 139, 22, 128, 26, 101, 146, 79, 140, 125, 129, 135, 103, 114, 69, 28, 98, 40, 35, 0, 46, 55, 29, 100, 106, 74, 47, 144, 121, 142, 36, 96, 82, 110]
[52, 35, 196, 132, 97, 68, 57, 145, 185, 146, 264, 141, 85, 135, 75, 258, 71, 206, 34, 94, 154, 199, 229, 236, 50, 67, 49, 238, 58, 222, 105, 171, 150, 235, 200, 227, 255, 62, 215, 86, 250, 1, 99, 117, 63, 218, 160, 100, 175, 170, 156, 77, 246, 178, 87, 164, 33, 82, 253, 169, 149, 43, 226, 186, 47, 54, 59, 128, 38, 119, 152, 197, 208, 28, 241, 174, 74, 158, 98, 162, 139, 25, 257, 194, 182, 44, 181, 23, 70, 26, 102]
[52, 34, 124, 94, 68, 56, 137, 138, 162, 133, 83, 127, 75, 157, 71, 32, 92, 145, 50, 67, 49, 143, 57, 102, 81, 148, 26, 113, 95, 160, 121, 105, 116, 70, 28, 100, 43, 37, 0, 142, 140, 29, 108, 139, 120, 76, 144, 152, 155, 150, 38, 110, 84, 99, 132, 78, 14, 41, 158, 80]
[52, 35, 133, 99, 69, 56, 145, 146, 180, 141, 85, 136, 75, 175, 72, 34, 97, 154, 50, 68, 49, 159, 57, 110, 150, 155, 173, 63, 86, 167, 0, 158, 144, 152, 32, 115, 161, 142, 77, 160, 169, 83, 147, 38, 124, 132, 148, 106, 43, 80, 15, 40, 176, 82, 165, 20, 71, 101, 92, 23, 28, 30]
[109, 76, 269, 205, 143, 120, 292, 295, 110, 287, 179, 275, 159, 119, 151, 74, 199, 311, 106, 141, 101, 142, 121, 223, 302, 122, 337, 130, 181, 332, 3, 209, 245, 132, 327, 211, 165, 163, 183, 72, 172, 286, 299, 89, 296, 312, 241, 190, 298, 49, 59, 64, 197, 297, 244, 131, 40, 123, 154, 340, 174, 30, 274, 214, 63, 178, 81, 161, 255, 323, 240, 309, 252, 248, 201, 307, 324, 27, 146, 44, 282, 45, 261, 25, 77, 289, 28, 264, 107, 290, 238, 317, 331, 342, 176, 273, 208, 230, 158, 1, 41, 234, 210, 262, 259, 321, 318, 55, 117, 125, 285, 84, 216, 339, 294, 213, 344, 43, 100, 270]
[54, 36, 193, 131, 98, 71, 58, 144, 184, 145, 216, 140, 86, 134, 77, 210, 74, 34, 96, 153, 51, 70, 50, 214, 59, 107, 169, 148, 190, 207, 64, 87, 202, 1, 100, 119, 65, 179, 159, 101, 168, 154, 79, 171, 88, 163, 33, 83, 205, 147, 43, 185, 48, 56, 60, 128, 39, 120, 151, 164, 28, 186, 76, 99, 117, 177, 122, 121, 97, 188, 191, 11, 72, 21, 211, 22]
[55, 37, 128, 98, 72, 59, 142, 143, 159, 139, 87, 132, 79, 154, 75, 130, 101, 15, 50, 78, 99, 110, 113, 24, 124, 117, 36, 22, 152, 27, 107, 151, 85, 144, 126, 131, 138, 109, 74, 30, 104, 47, 39, 0, 52, 60, 32, 106, 118, 80, 53, 149, 123, 147, 41, 100]
[57, 37, 197, 135, 101, 75, 63, 148, 188, 149, 237, 144, 90, 138, 82, 231, 79, 207, 36, 99, 158, 200, 54, 74, 52, 211, 64, 111, 173, 154, 208, 201, 228, 68, 91, 223, 1, 103, 122, 69, 194, 162, 105, 178, 172, 159, 84, 185, 180, 92, 167, 34, 87, 226, 171, 153, 43, 213, 50, 60, 65, 132, 39, 123, 156, 189, 30, 203, 81, 102, 141, 27, 230, 174, 165, 44, 157, 25, 236, 98, 12, 184]
[52, 34, 189, 129, 98, 69, 56, 141, 180, 142, 214, 138, 86, 133, 77, 208, 72, 33, 95, 150, 50, 68, 49, 190, 57, 107, 166, 146, 187, 205, 61, 87, 199, 2, 100, 118, 64, 176, 155, 101, 170, 165, 151, 79, 167, 89, 160, 32, 82, 202, 145, 42, 182, 47, 54, 58, 126, 36, 119, 148, 161, 28, 183, 75, 99, 116, 173, 121, 120, 96, 185, 188, 13, 70, 20, 209]
[52, 35, 188, 128, 94, 67, 56, 140, 179, 141, 190, 136, 82, 131, 74, 184, 71, 34, 92, 149, 50, 66, 48, 168, 57, 102, 145, 165, 181, 61, 83, 176, 1, 96, 113, 62, 154, 97, 76, 170, 84, 33, 79, 182, 41, 69, 155, 111, 88, 139, 23, 27, 29, 91, 183, 152, 159, 19, 58, 72, 185, 80, 13, 99, 28, 178, 37, 75]
[99, 68, 256, 188, 134, 109, 279, 281, 100, 274, 166, 261, 148, 108, 142, 65, 183, 297, 96, 131, 93, 133, 111, 206, 288, 112, 325, 119, 168, 319, 3, 193, 231, 121, 298, 195, 153, 152, 170, 63, 158, 273, 285, 80, 282, 89, 52, 57, 181, 299, 230, 120, 35, 113, 144, 328, 160, 26, 260, 198, 56, 165, 72, 149, 241, 311, 226, 296, 238, 234, 185, 294, 312, 23, 138, 39, 322, 40, 252, 21, 69, 305, 24, 330, 97, 287, 224, 177, 318, 320, 163, 233, 264, 192, 216, 147, 1, 36, 220, 194, 253, 250, 309, 306, 50, 106, 115, 277, 75, 199, 327, 270, 197, 332, 38, 92, 262, 171, 83, 34]
[50, 33, 127, 92, 66, 55, 139, 140, 156, 135, 81, 130, 73, 151, 69, 32, 45, 72, 93, 105, 108, 23, 122, 113, 141, 22, 131, 27, 102, 148, 79, 142, 128, 132, 138, 104, 118, 68, 29, 98, 41, 35, 0, 47, 56, 30, 100, 106, 74, 48, 146, 124, 144, 36, 96, 83, 111]
[55, 36, 187, 128, 97, 71, 59, 139, 178, 140, 262, 136, 86, 131, 78, 256, 74, 196, 35, 95, 149, 191, 217, 223, 51, 230, 70, 50, 236, 60, 209, 105, 164, 143, 231, 192, 214, 253, 64, 202, 87, 248, 1, 99, 116, 66, 205, 239, 154, 100, 168, 163, 151, 80, 203, 170, 200, 88, 158, 34, 83, 251, 162, 142, 43, 222, 179, 48, 57, 61, 183, 124, 38, 117, 147, 195, 212, 30, 226, 167, 76, 153, 98, 156, 134, 27, 255, 225, 180, 44, 207, 25, 73, 28, 172]
[48, 32, 186, 125, 94, 67, 54, 138, 176, 139, 245, 134, 84, 128, 75, 239, 70, 194, 31, 92, 148, 189, 213, 220, 46, 66, 45, 218, 55, 206, 103, 163, 142, 215, 190, 236, 61, 201, 85, 230, 1, 97, 114, 62, 214, 152, 98, 167, 161, 149, 77, 192, 169, 86, 156, 30, 81, 234, 160, 141, 39, 208, 177, 43, 51, 57, 122, 34, 115, 146, 185, 227, 26, 210, 166, 73, 151, 96, 154, 132, 23, 238, 182, 171, 40, 159, 20, 69, 24, 100]
[50, 32, 190, 129, 97, 68, 56, 142, 180, 143, 244, 139, 85, 134, 76, 238, 71, 200, 31, 95, 151, 194, 48, 67, 47, 219, 58, 214, 107, 166, 146, 216, 195, 235, 62, 87, 229, 1, 99, 118, 63, 225, 155, 100, 170, 165, 152, 78, 242, 172, 88, 160, 30, 81, 233, 164, 145, 41, 207, 45, 54, 59, 126, 35, 119, 149, 182, 193, 26, 210, 74, 154, 98, 157, 137, 23, 237, 179, 169, 42, 158, 21, 70, 24, 102, 175]
[25, 16, 92, 63, 46, 33, 27, 69, 88, 70, 124, 68, 40, 65, 36, 118, 35, 97, 123, 45, 73, 95, 24, 119, 23, 100, 108, 50, 80, 71, 106, 115, 29, 42, 109, 0, 47, 57, 31, 84, 75, 48, 74, 37, 78, 89]
[100, 65, 250, 188, 132, 109, 272, 274, 101, 267, 165, 255, 146, 108, 139, 63, 183, 290, 97, 130, 92, 131, 110, 205, 282, 111, 309, 119, 167, 304, 3, 192, 226, 121, 298, 194, 150, 230, 73, 286, 198, 82, 152, 30, 76, 312, 159, 257, 138, 39, 136, 283, 221, 177, 260, 43, 50, 54, 182, 262, 225, 120, 35, 112, 142, 268, 160, 26, 197, 53, 164, 70, 147, 235, 295, 220, 280, 232, 229, 185, 277, 296, 23, 135, 264, 246, 40, 227, 21, 66, 254, 24, 276, 98, 305, 259, 303, 162, 238, 191, 145, 1, 36, 193, 228, 252, 292, 289, 48, 106, 115, 314, 275, 311, 210, 316]
[52, 35, 188, 129, 95, 68, 56, 141, 179, 142, 206, 138, 84, 133, 76, 198, 72, 34, 93, 149, 50, 67, 48, 182, 57, 105, 165, 145, 195, 194, 61, 85, 189, 1, 97, 116, 62, 167, 154, 99, 150, 78, 160, 86, 33, 81, 192, 144, 41, 173, 45, 54, 58, 125, 37, 117, 155, 28, 132, 102, 143, 191, 146, 77, 121, 181, 114, 176, 119, 118, 94, 159, 180, 11]
[50, 34, 124, 91, 65, 54, 136, 137, 160, 132, 80, 127, 72, 155, 68, 33, 89, 47, 64, 46, 140, 27, 103, 151, 78, 145, 153, 112, 93, 158, 121, 105, 116, 67, 30, 100, 41, 36, 0, 139, 55, 31, 107, 102, 117, 73, 141, 149, 133, 147, 37, 106, 81, 99, 148, 75, 15, 39, 156]
[52, 35, 126, 96, 69, 57, 139, 140, 184, 135, 84, 130, 75, 179, 72, 34, 92, 148, 50, 68, 49, 162, 58, 105, 143, 159, 177, 63, 85, 172, 2, 98, 115, 64, 149, 99, 77, 145, 86, 33, 42, 180, 81, 131, 168, 20, 71, 150, 113, 89, 137, 22, 27, 29, 91, 132, 147, 154, 18, 59, 73, 178, 82, 14, 101, 28]
