0.9950361251831055
0.9987654685974121
0.9942903518676758
0.9991154670715332
0.9981175661087036
0.9997515678405762
0.9785387516021729
0.9999253749847412
0.9890761375427246
0.9403109550476074
0.985529899597168
0.9928306937217712
0.981459379196167
0.9990399479866028
0.9884753227233887
0.9956767559051514
0.9845474362373352
0.9995946884155273
0.9866563081741333
0.998560905456543
0.9212958812713623
0.9974688291549683
0.9932480454444885
0.9964609146118164
0.993801474571228
0.9994810819625854
0.9971778392791748
0.9980106353759766
0.9939081072807312
0.9933184385299683
0.9728020429611206
0.9975652694702148
0.9911637306213379
0.9997442364692688
0.9967538118362427
0.9397348165512085
0.9884387254714966
0.998874306678772
0.993799090385437
0.9993958473205566
0.9826215505599976
0.9995869994163513
0.9945998191833496
0.939072847366333
0.9972248077392578
0.9987971782684326
0.9966346025466919
0.9976220726966858
0.9963337779045105
0.9993846416473389
0.9813650846481323
0.9975605010986328
0.9802159070968628
0.9970236420631409
0.9958478212356567
0.9988911151885986
0.9954904317855835
0.9985371828079224
0.9937072992324829
0.9994004964828491
0.9944282174110413
0.9984386563301086
0.992344081401825
0.9899826049804688
0.990145206451416
0.999801516532898
0.9914820790290833
0.9996730089187622
0.9964511394500732
0.9997321367263794
0.9634189605712891
0.9019296169281006
0.9903382062911987
0.9992551803588867
0.9784520864486694
0.9998139142990112
0.9926174879074097
0.9922574162483215
0.9814385175704956
0.999548077583313
0.9936892986297607
0.999627947807312
0.9780489206314087
0.9994391202926636
0.9889671802520752
0.9997224807739258
0.9950726628303528
0.9993336200714111
0.9739589691162109
0.9983116388320923
0.9960333108901978
0.999245285987854
0.9990799427032471
0.9994814991950989
0.9956622123718262
0.983669638633728
0.9833517670631409
0.9995059967041016
0.9946393966674805
0.998936653137207
0.9759596586227417
0.9900943040847778
0.956412672996521
0.9974482655525208
0.9912980794906616
0.9997187852859497
0.9827170372009277
0.9998883008956909
0.9529868364334106
0.9982272982597351
0.9850059747695923
0.9857476949691772
0.9970163106918335
0.9662598967552185
0.9929956197738647
0.9982993006706238
0.9962140321731567
0.9982856512069702
0.9963583946228027
0.9962428212165833
0.9854964017868042
0.9996892213821411
0.9950399994850159
0.9997705817222595
0.9645998477935791
0.998916745185852
0.9798519015312195
0.9993060827255249
0.9804642200469971
0.9990100860595703
0.995386004447937
0.9945375919342041
0.9958971738815308
0.9969707131385803
0.9878585338592529
0.9972352981567383
0.9928543567657471
0.9965988397598267
0.9943727850914001
0.9995091557502747
0.9896490573883057
0.9980608224868774
0.9738864898681641
0.9997974634170532
0.9974257349967957
0.9995021820068359
0.9920544624328613
0.9977024793624878
0.9933063983917236
0.9538272619247437
0.9951003789901733
0.9998010396957397
0.993096113204956
0.9998718500137329
0.996000349521637
0.999499499797821
0.9968747496604919
0.9989088773727417
0.990911066532135
0.999901294708252
0.9029178023338318
0.9962625503540039
0.9894345998764038
0.9985518455505371
0.9873470067977905
0.9996077418327332
0.9810007214546204
0.9999188184738159
0.989510178565979
0.9990253448486328
0.9906473159790039
0.9975713491439819
0.9866482019424438
0.9923851490020752
0.997617244720459
0.9994416236877441
0.9878179430961609
0.9859777688980103
0.9972342252731323
0.9981387853622437
0.98638516664505
0.9976717233657837
0.9944578409194946
0.9990566968917847
0.9895815849304199
0.9993141889572144
0.9961036443710327
0.9989955425262451
0.9791172742843628
0.9992116093635559
0.9894046187400818
0.9992830157279968
0.9904459714889526
0.8834679126739502
0.9358758926391602
0.9959951639175415
0.9930775165557861
0.9989462494850159
0.9975806474685669
0.999941349029541
