-1.3226768970489502
-1.4296188354492188
-1.4196481704711914
-1.4169014692306519
-1.5150021314620972
-1.2475405931472778
-1.5049819946289062
-1.2579537630081177
-1.4385634660720825
-1.331575632095337
-1.5242036581039429
-1.362140417098999
-1.5568819046020508
-1.4823144674301147
-1.4920536279678345
-1.3595383167266846
-1.6877634525299072
-1.1890863180160522
-1.3905776739120483
-1.4654059410095215
-1.5240501165390015
-1.3685615062713623
-1.3749980926513672
-1.2486438751220703
-1.5545482635498047
-1.4271293878555298
-1.309260368347168
-1.3893896341323853
-1.5394432544708252
-1.213668942451477
-1.4712673425674438
-1.3611973524093628
-1.5445263385772705
-1.5618027448654175
-1.25116765499115
-1.413143515586853
-1.5737085342407227
-1.453560709953308
-1.492527723312378
-1.47055184841156
-1.3923996686935425
-1.332777976989746
-1.2065571546554565
-1.2360873222351074
-1.5026051998138428
-1.379531979560852
-1.4958856105804443
-1.2987197637557983
-1.6635215282440186
-1.1605387926101685
-1.778918981552124
-1.515256643295288
-1.3149354457855225
-1.577642798423767
-1.3784395456314087
-1.390374779701233
-1.510962963104248
-1.2354202270507812
-1.7509137392044067
-1.2944308519363403
-1.5681356191635132
-1.2937222719192505
-1.339016318321228
-1.2928578853607178
-1.6689811944961548
-1.115113615989685
-1.4540654420852661
-1.529320478439331
-1.3556277751922607
-1.2761282920837402
-1.387060523033142
-1.5678313970565796
-1.2896798849105835
-1.2658663988113403
-1.3497408628463745
-1.479628562927246
-1.3613492250442505
-1.21711266040802
-1.6728816032409668
-1.5049819946289062
-1.579659104347229
-1.291971206665039
-1.388558030128479
-1.3570562601089478
-1.3133219480514526
-1.1521059274673462
-1.4578670263290405
-1.2855815887451172
-1.5048015117645264
-1.4352471828460693
-1.8818647861480713
-1.3155568838119507
-1.4199453592300415
-1.424628496170044
-1.3290038108825684
-1.2561863660812378
-1.5513473749160767
-1.3797578811645508
-1.668522834777832
-1.3027468919754028
-1.411476492881775
-1.2335790395736694
-1.6232260465621948
-1.4793505668640137
-1.2105947732925415
-1.2894973754882812
-1.52913498878479
-1.514540672302246
-1.4332741498947144
-1.3714686632156372
-1.6257637739181519
-1.2799981832504272
-1.4845067262649536
-1.4546115398406982
-1.5281578302383423
-1.327399492263794
-1.448591947555542
-1.3335974216461182
-1.4293458461761475
-1.200153112411499
-1.5959736108779907
-1.2407926321029663
-1.3093628883361816
-1.1974390745162964
-1.6875499486923218
-1.447483777999878
-1.342858910560608
-1.3483244180679321
-1.44419527053833
-1.3927901983261108
-1.395785927772522
-1.3560000658035278
-1.462817668914795
-1.2627718448638916
-1.6951218843460083
-1.093385100364685
-1.5885157585144043
-1.323285698890686
-1.4605718851089478
-1.264374852180481
-1.3667855262756348
-1.421592116355896
-1.3569893836975098
-1.0324453115463257
-1.4386956691741943
-1.1081711053848267
-1.5486383438110352
-1.434954285621643
-1.5129181146621704
-1.2589744329452515
-1.2808239459991455
-1.2495520114898682
-1.7011886835098267
-1.3521977663040161
-1.2841275930404663
-1.3910517692565918
-1.4881774187088013
-1.5030704736709595
-1.6685479879379272
-1.1727961301803589
-1.3627207279205322
-1.6842669248580933
-1.4373834133148193
-1.2260832786560059
-1.720202922821045
-1.0428962707519531
-1.5338702201843262
-1.7058461904525757
-1.642669677734375
-1.284213662147522
-1.5275983810424805
-1.536320686340332
-1.6598625183105469
-1.1292827129364014
-1.4595271348953247
-1.4225436449050903
-1.3932044506072998
-1.3736252784729004
-1.2350084781646729
-1.511937141418457
-1.4884337186813354
-1.4436901807785034
-1.5266544818878174
-1.2990399599075317
-1.9794858694076538
-1.251173734664917
-1.3330044746398926
-1.4776052236557007
-1.2277116775512695
-1.4266164302825928
-1.4070844650268555
-1.5083481073379517
-1.572413444519043
-1.4685035943984985
-1.4605989456176758
-1.391007423400879
-1.27306067943573
-1.5674011707305908
-1.5283734798431396
-1.244633436203003
