-0.8227024078369141
-0.8376576900482178
-0.8539896607398987
-1.30819833278656
-0.7580845355987549
-0.8601021766662598
-1.0459907054901123
-0.8087769150733948
-1.0147054195404053
-0.9113047122955322
-0.8191478252410889
-0.7102540731430054
-0.8962546586990356
-0.7610741257667542
-0.9790154695510864
-0.7323768734931946
-0.9534568786621094
-0.7069976925849915
-0.7822588086128235
-0.8413742780685425
-0.8797081112861633
-1.0770621299743652
-0.8572908639907837
-0.6624541878700256
-0.9683921933174133
-0.8020153045654297
-1.0288152694702148
-0.723109781742096
-0.8618120551109314
-0.6352900862693787
-0.8802602291107178
-0.7303125262260437
-1.0929081439971924
-0.7386996746063232
-0.770228922367096
-0.8818778991699219
-0.8900229334831238
-0.7929658889770508
-0.9499872326850891
-0.9198704361915588
-0.811702311038971
-0.7128430008888245
-0.8141545653343201
-0.7964622974395752
-0.7894539833068848
-0.6367682814598083
-0.8485455513000488
-0.6766776442527771
-0.9661904573440552
-0.6356516480445862
-1.017162561416626
-0.809278666973114
-0.9481673240661621
-0.871066153049469
-0.86285400390625
-0.7125691175460815
-0.7785968780517578
-0.6528462767601013
-0.9081389904022217
-0.7476902604103088
-0.8955879807472229
-0.8411304950714111
-0.8949604034423828
-0.8223231434822083
-1.0022852420806885
-0.5972301959991455
-1.0015244483947754
-0.7203455567359924
-0.8999646902084351
-0.7351763844490051
-0.8560062050819397
-0.8717557191848755
-0.8926315903663635
-0.741182267665863
-0.7702279090881348
-0.671900749206543
-0.860680878162384
-0.7213484048843384
-0.8876960873603821
-0.7541218400001526
-0.8311604261398315
-0.7118334770202637
-1.0543097257614136
-0.7865460515022278
-0.8421201705932617
-0.6543934941291809
-0.9559696316719055
-0.7362381219863892
-0.9331412315368652
-0.7205830812454224
-0.9949275255203247
-0.6864246726036072
-0.7983713746070862
-0.8553205728530884
-0.9131291508674622
-0.8525646924972534
-0.8712045550346375
-0.8053551316261292
-0.9672037959098816
-0.7358131408691406
-0.788897693157196
-0.7328864932060242
-0.9351744651794434
-0.7422313690185547
-0.7949166297912598
-0.6567240953445435
-0.9071688055992126
-0.8084450960159302
-0.8884425759315491
-0.7169238924980164
-0.9166902899742126
-0.6714310050010681
-0.8352152109146118
-0.6941338181495667
-1.232124924659729
-0.6828603744506836
-0.8997656106948853
-0.736189067363739
-0.7923241257667542
-0.6617467403411865
-0.9887612462043762
-0.6836789846420288
-0.7703917026519775
-0.6401243805885315
-0.8678567409515381
-0.8222132921218872
-0.6843523979187012
-0.7794561982154846
-0.8513389229774475
-0.6975574493408203
-0.7904102206230164
-0.6779631972312927
-0.8588921427726746
-0.6152529120445251
-0.9134100675582886
-0.7266840934753418
-0.9029852151870728
-0.8012819886207581
-0.7763622999191284
-0.6998869776725769
-0.8480349183082581
-0.7523494362831116
-0.8240651488304138
-0.621544361114502
-0.8621935844421387
-0.6155826449394226
-0.8546465635299683
-0.9382270574569702
-0.9507102370262146
-0.8492990136146545
-0.7613946795463562
-0.7025632858276367
-0.8957206010818481
-0.7654876112937927
-0.7506378293037415
-0.628585159778595
-0.7352504134178162
-0.8269242644309998
-0.8689813017845154
-0.5570167899131775
-0.9333145022392273
-0.8425015211105347
-0.891386866569519
-0.6967959403991699
-1.0184444189071655
-0.6316904425621033
-1.0491650104522705
-1.3234165906906128
-1.1168707609176636
-0.6831896305084229
-0.7881921529769897
-0.8282651901245117
-1.0743026733398438
-0.7288714647293091
-0.7143743634223938
-0.8069183826446533
-0.8074774742126465
-0.6537460684776306
-0.7292023301124573
-0.7920977473258972
-0.8668006062507629
-0.7127191424369812
-0.914087176322937
-0.6490927934646606
-1.211873173713684
-0.6876457333564758
-0.7182093262672424
-0.747711181640625
-0.8060309886932373
-0.657712459564209
-0.8775321841239929
-0.7312915325164795
-0.8277681469917297
-0.6897058486938477
-0.8896321058273315
-0.7909119129180908
-0.9158687591552734
-0.7818686366081238
-0.885866641998291
-0.7098709344863892
