0.8296753764152527
0.8584401607513428
0.9497586488723755
0.9352220892906189
0.8796318769454956
0.9750248789787292
0.7882348895072937
0.9561566710472107
0.7881101369857788
0.9673212170600891
0.8715958595275879
0.9038448929786682
0.9612581133842468
0.971190869808197
0.8971623778343201
0.9829646348953247
0.9020742177963257
0.9188726544380188
0.9005759954452515
0.9509485960006714
0.8848361968994141
0.958544135093689
0.9195834398269653
0.935866117477417
0.9470192193984985
0.9121037125587463
0.92890465259552
0.9384081363677979
0.9447752833366394
0.9547339081764221
0.9200261831283569
0.953365683555603
0.9028850197792053
0.952751636505127
0.9382216930389404
0.7618329524993896
0.9569308757781982
0.7002895474433899
0.8595649600028992
0.9541284441947937
0.8135157227516174
0.9577912092208862
0.9184649586677551
0.981335461139679
0.9657987356185913
0.980363130569458
0.9372897744178772
0.9775773882865906
0.9677793383598328
0.9593421220779419
0.9233378171920776
0.8914841413497925
0.7993282675743103
0.8674065470695496
0.9276946783065796
0.9439043998718262
0.9231632351875305
0.9543495178222656
0.9013402462005615
0.9774449467658997
0.9170783162117004
0.5847015976905823
0.7550841569900513
0.9250215291976929
0.9409787058830261
0.9224531650543213
0.9232032895088196
0.9471374750137329
0.9750139713287354
0.9267071485519409
0.848977267742157
0.9629924297332764
0.9089385867118835
0.9455201625823975
0.9139654636383057
0.8782426118850708
0.8800814151763916
0.9761658310890198
0.9082850813865662
0.9136331677436829
0.9243861436843872
0.9473302960395813
0.8645738959312439
0.9297579526901245
0.8701292872428894
0.9435344338417053
0.8890946507453918
0.9593129754066467
0.9179109930992126
0.9058837294578552
0.943840742111206
0.9589516520500183
0.9479343891143799
0.8740049600601196
0.926787257194519
0.827149510383606
0.9154032468795776
0.9806251525878906
0.9571390748023987
0.927897572517395
0.950657308101654
0.9588335752487183
0.9305341839790344
0.872004508972168
0.9150605797767639
0.9699411988258362
0.9463871717453003
0.9523587226867676
0.8346487879753113
0.9686962366104126
0.9220438599586487
0.9388741850852966
0.9429292678833008
0.9354481101036072
0.9604252576828003
0.973924458026886
0.8682479858398438
0.960618793964386
0.8570638298988342
0.9682564735412598
0.7806989550590515
0.7671798467636108
0.9172812700271606
0.94008868932724
0.9197479486465454
0.9324308037757874
0.9431273341178894
0.9142947196960449
0.9541748762130737
0.9278713464736938
0.9254953265190125
0.937874972820282
0.9702269434928894
0.9794980883598328
0.9357942342758179
0.9143310189247131
0.9400290846824646
0.9787766337394714
0.8769740462303162
0.9005626440048218
0.830737292766571
0.8316487073898315
0.9480847716331482
0.9496316313743591
0.8744907975196838
0.9685739278793335
0.8387022018432617
0.9410357475280762
0.9207131266593933
0.9666564464569092
0.8808426260948181
0.9200569987297058
0.91844242811203
0.9687806963920593
0.907776951789856
0.9808701276779175
0.8842214941978455
0.8795060515403748
0.9433132410049438
0.9003961086273193
0.9312665462493896
0.9382696747779846
0.8398399353027344
0.9665977954864502
0.9258529543876648
0.9772735834121704
0.875429630279541
0.9609888792037964
0.9430751800537109
0.8515300750732422
0.8826570510864258
0.9521434903144836
0.9013936519622803
0.9064250588417053
0.9175428748130798
0.9187671542167664
0.817104160785675
0.9315910935401917
0.9650325179100037
0.9474842548370361
0.8919707536697388
0.9486520886421204
0.9452381730079651
0.9708947539329529
0.7849807143211365
0.9509455561637878
0.8841151595115662
0.9118895530700684
0.8870630860328674
0.9886624813079834
0.9649515748023987
0.9804989695549011
0.8698351979255676
0.958346962928772
0.95570307970047
0.8269112706184387
0.9360848665237427
0.9635167121887207
0.770972728729248
0.9735982418060303
