-1.2718505859375
-0.8591934442520142
-1.3529175519943237
-1.3044544458389282
-1.129049301147461
-0.7044710516929626
-1.5472105741500854
-0.8560618162155151
-1.2388957738876343
-0.9448353052139282
-1.3439208269119263
-0.8666731119155884
-1.4079346656799316
-0.9103333353996277
-1.7827630043029785
-0.7812654376029968
-1.3225775957107544
-0.8007676005363464
-1.1095640659332275
-0.9102774858474731
-1.1541852951049805
-0.937786340713501
-1.5084047317504883
-0.6923617124557495
-1.3477002382278442
-0.8784278035163879
-1.3313872814178467
-0.806445300579071
-1.2285609245300293
-1.1258244514465332
-1.34980046749115
-0.729069709777832
-1.449507713317871
-0.830857515335083
-1.2147990465164185
-0.8619697093963623
-1.2187567949295044
-0.7954588532447815
-1.45802640914917
-0.7777993083000183
-1.4032905101776123
-0.7738019227981567
-1.2271618843078613
-0.8935111165046692
-1.4579135179519653
-0.6853631138801575
-1.2356302738189697
-0.6818903088569641
-1.2820807695388794
-0.7550238370895386
-1.518796682357788
-0.9435810446739197
-1.6773027181625366
-0.9420830607414246
-1.1505986452102661
-0.7083674669265747
-1.2973510026931763
-1.1921412944793701
-1.9546167850494385
-0.8616395592689514
-1.5474185943603516
-0.8195008635520935
-1.3714979887008667
-0.9617969989776611
-1.3779199123382568
-0.6763452291488647
-1.4992668628692627
-0.7220094203948975
-1.3340657949447632
-0.842067539691925
-1.4182981252670288
-0.8948094248771667
-1.213883876800537
-0.8511741757392883
-1.3091624975204468
-0.7860342264175415
-1.1805059909820557
-0.766038179397583
-1.5391732454299927
-0.7495668530464172
-1.597896695137024
-0.7221742272377014
-1.4289252758026123
-0.739635169506073
-1.6977884769439697
-0.7378363013267517
-1.3162596225738525
-0.7644186019897461
-1.3572725057601929
-0.8312164545059204
-1.932803750038147
-0.7614346742630005
-1.2793692350387573
-0.8358173966407776
-1.242551565170288
-0.9028907418251038
-1.127301812171936
-0.7463510632514954
-1.7235876321792603
-0.6667070388793945
-1.4325557947158813
-0.7371671795845032
-1.6331424713134766
-0.8506617546081543
-1.2714545726776123
-0.6615127325057983
-1.6480709314346313
-0.7506918907165527
-1.4516328573226929
-0.7352450489997864
-1.456364631652832
-0.7433515191078186
-1.2538458108901978
-0.739674985408783
-1.6262288093566895
-0.6881727576255798
-1.1687835454940796
-0.8092069029808044
-1.2099710702896118
-0.8229517936706543
-1.5268168449401855
-0.7488494515419006
-1.0809805393218994
-0.6996158957481384
-1.2529650926589966
-0.9071708917617798
-1.1058869361877441
-0.9333294034004211
-1.655289649963379
-0.6924088597297668
-1.264486312866211
-0.7931875586509705
-1.43069589138031
-0.6542770266532898
-1.553495168685913
-0.9102978110313416
-1.2636369466781616
-0.8897653818130493
-1.06778883934021
-0.6603385806083679
-1.341430425643921
-0.9743255376815796
-1.5452895164489746
-0.665934145450592
-1.103416919708252
-0.6913763880729675
-1.4387080669403076
-1.0079072713851929
-1.4808790683746338
-0.789821207523346
-1.307318091392517
-0.7901766896247864
-1.301862359046936
-0.8604265451431274
-1.1897103786468506
-0.6489356756210327
-1.193104863166809
-0.9040008783340454
-1.45195734500885
-0.5457301735877991
-1.4018340110778809
-0.7833788990974426
-1.5166394710540771
-0.8268963694572449
-1.597928524017334
-0.763784646987915
-1.625939965248108
-1.4974225759506226
-1.5122419595718384
-0.7230464816093445
-1.1668208837509155
-0.9917026162147522
-1.6466453075408936
-0.8924283981323242
-1.2119249105453491
-0.7965007424354553
-1.413002371788025
-0.6738354563713074
-1.2335704565048218
-0.8353150486946106
-1.1368772983551025
-0.7365501523017883
-1.2705305814743042
-0.755651593208313
-1.6524401903152466
-0.6566611528396606
-1.0684348344802856
-0.8473612070083618
-1.2957316637039185
-0.6193498969078064
-1.4862600564956665
-0.8565613627433777
-1.4633290767669678
-0.6881501078605652
-1.520166277885437
-0.8017144799232483
-1.513098120689392
-0.7514005303382874
-1.3321088552474976
-0.7392168641090393
