-0.7940568327903748
-0.7735801935195923
-0.8171935677528381
-1.2249464988708496
-0.7277896404266357
-0.5532218217849731
-0.989955484867096
-0.6901131868362427
-0.7055051326751709
-0.8985595107078552
-0.8029667735099792
-0.6867069005966187
-0.8693016767501831
-0.7238817811012268
-0.94240403175354
-0.6934930682182312
-0.7863645553588867
-0.6866183280944824
-0.7726638317108154
-0.7689952850341797
-0.7842300534248352
-0.770753800868988
-0.8326885104179382
-0.6212103366851807
-0.8502690196037292
-0.7176809310913086
-0.972969651222229
-0.7142448425292969
-0.8143810629844666
-0.5874123573303223
-0.8544809222221375
-0.6869571805000305
-0.8969002962112427
-0.6785051226615906
-0.7676190733909607
-0.7925769090652466
-0.8755098581314087
-0.7608780264854431
-0.909926176071167
-0.7098434567451477
-0.7957566380500793
-0.6885191202163696
-0.7767374515533447
-0.7682279348373413
-0.7507167458534241
-0.621249258518219
-0.8234037160873413
-0.6137945652008057
-0.9195628762245178
-0.6077436804771423
-0.9529844522476196
-0.7994600534439087
-0.879949688911438
-0.8573794960975647
-0.8561811447143555
-0.6762002110481262
-0.7200355529785156
-0.6406301856040955
-0.8421682119369507
-0.6924221515655518
-0.8044037818908691
-0.7568007111549377
-0.8870152831077576
-0.7816709876060486
-0.9401339292526245
-0.5761551856994629
-0.9647875428199768
-0.6459314227104187
-0.8923588395118713
-0.659479022026062
-0.8419522047042847
-0.8239043951034546
-0.8407915234565735
-0.720363199710846
-0.7520706057548523
-0.634026825428009
-0.8294113874435425
-0.6736339330673218
-0.8627240061759949
-0.7029411196708679
-0.8042454719543457
-0.6129428148269653
-1.003659725189209
-0.7252894639968872
-0.8260634541511536
-0.6280674934387207
-0.9086853861808777
-0.6942623853683472
-0.8615898489952087
-0.6903846263885498
-0.9421738386154175
-0.6547090411186218
-0.7725959420204163
-0.7940039038658142
-0.8728147149085999
-0.8390950560569763
-0.8248084187507629
-0.7381742596626282
-0.9480335712432861
-0.5753162503242493
-0.7735472321510315
-0.6837840676307678
-0.9072786569595337
-0.7078297734260559
-0.7801104784011841
-0.612966001033783
-0.8956578969955444
-0.7342411279678345
-0.8823343515396118
-0.6464357376098633
-0.876886248588562
-0.613715648651123
-0.7770239114761353
-0.6537512540817261
-0.9435992240905762
-0.6502180099487305
-0.8198757767677307
-0.7070327997207642
-0.7672508358955383
-0.6384609937667847
-0.9590669274330139
-0.6589906215667725
-0.7109154462814331
-0.6209574341773987
-0.820833146572113
-0.7483546137809753
-0.658804714679718
-0.735569953918457
-0.861552894115448
-0.6361589431762695
-0.7392012476921082
-0.6302636861801147
-0.8173235654830933
-0.5785970687866211
-0.8928779363632202
-0.7014878392219543
-0.8485262393951416
-0.7712721824645996
-0.7513518929481506
-0.6478621363639832
-0.8157256841659546
-0.7282378077507019
-0.812178373336792
-0.6134777069091797
-0.7999473810195923
-0.6059337258338928
-0.823081374168396
-0.9050431251525879
-0.9361919164657593
-0.7311067581176758
-0.7336075901985168
-0.6476658582687378
-0.9196255803108215
-0.7493242025375366
-0.7349856495857239
-0.6040849089622498
-0.7208733558654785
-0.8134573698043823
-0.8250218033790588
-0.49513816833496094
-0.9189625978469849
-0.756888210773468
-0.8705934286117554
-0.6821733713150024
-0.9449082612991333
-0.6116363406181335
-1.017481803894043
-1.2774147987365723
-1.1810959577560425
-0.6633589863777161
-0.759728729724884
-0.7924059629440308
-1.0399419069290161
-0.7159411907196045
-0.6713122725486755
-0.7716506719589233
-0.7492812871932983
-0.5902916789054871
-0.6858596801757812
-0.7611109018325806
-0.8553918600082397
-0.700283944606781
-0.8898729085922241
-0.6303120255470276
-1.1610676050186157
-0.6533275842666626
-0.6512815952301025
-0.700609564781189
-0.8025515675544739
-0.6426897048950195
-0.8593215346336365
-0.7065819501876831
-0.7497069835662842
-0.6182209253311157
-0.8601298332214355
-0.7095745801925659
-0.868632435798645
-0.702646791934967
-0.821723222732544
-0.6674482226371765
