-1.6298437118530273
-1.3481059074401855
-1.764204978942871
-1.7266391515731812
-1.311080813407898
-1.2144464254379272
-1.8708256483078003
-1.2862764596939087
-1.6746180057525635
-1.346386432647705
-1.661858320236206
-1.3129292726516724
-1.82089102268219
-1.3023147583007812
-2.152787446975708
-1.2961832284927368
-1.7882351875305176
-1.2549737691879272
-1.604030966758728
-1.2381755113601685
-1.5907212495803833
-1.392246961593628
-2.0032567977905273
-0.9848626255989075
-1.767638087272644
-1.349694013595581
-1.7214984893798828
-1.0957136154174805
-1.6530839204788208
-1.607950210571289
-1.587280511856079
-1.1724047660827637
-2.0548348426818848
-1.2696436643600464
-1.5182126760482788
-1.3406018018722534
-1.5550786256790161
-1.1877248287200928
-1.7711378335952759
-1.310359239578247
-1.7957203388214111
-1.1781643629074097
-1.5876128673553467
-1.3559634685516357
-1.874003529548645
-1.0477391481399536
-1.6357730627059937
-1.093913197517395
-1.784692406654358
-1.1683956384658813
-1.9668024778366089
-1.320076584815979
-1.96347177028656
-1.254589319229126
-1.4820526838302612
-1.1020832061767578
-1.7375887632369995
-1.4688223600387573
-2.4038615226745605
-1.3115863800048828
-1.855745553970337
-1.1616848707199097
-1.6129451990127563
-1.3169794082641602
-1.8414998054504395
-1.082707405090332
-1.6908172369003296
-1.2233777046203613
-1.6453917026519775
-1.3446561098098755
-1.946281909942627
-1.3737632036209106
-1.6050974130630493
-1.2932993173599243
-1.743145227432251
-1.1864652633666992
-1.6561130285263062
-1.1107399463653564
-1.8258053064346313
-1.0365785360336304
-1.9786369800567627
-1.1099655628204346
-1.7789658308029175
-1.1969977617263794
-2.062997817993164
-1.2624000310897827
-1.8539423942565918
-1.0910863876342773
-1.7420624494552612
-1.1313879489898682
-2.2314701080322266
-1.1637787818908691
-1.6963328123092651
-1.2601395845413208
-1.4163109064102173
-1.3519879579544067
-1.5262833833694458
-1.0918800830841064
-2.0953822135925293
-1.2728233337402344
-1.747995138168335
-1.1832627058029175
-2.1110804080963135
-1.338969111442566
-1.5519269704818726
-1.058861255645752
-1.7763088941574097
-1.1411664485931396
-1.7093205451965332
-1.0810799598693848
-1.6754032373428345
-1.1686774492263794
-1.7412415742874146
-1.1537667512893677
-1.950954794883728
-1.0289908647537231
-1.5342763662338257
-1.1332917213439941
-1.5740574598312378
-1.1662204265594482
-2.043165445327759
-1.232007384300232
-1.4706637859344482
-1.1662976741790771
-1.6431868076324463
-1.361258625984192
-1.5581834316253662
-1.364439845085144
-1.988765835762024
-0.9298604726791382
-1.60507071018219
-1.1683446168899536
-1.721997618675232
-1.0206562280654907
-1.9022573232650757
-1.2156740427017212
-1.6019445657730103
-1.1723941564559937
-1.6190464496612549
-1.035783290863037
-1.6683720350265503
-1.4640449285507202
-1.8964735269546509
-1.0711358785629272
-1.453629970550537
-1.0023119449615479
-1.7718168497085571
-1.5007598400115967
-1.7074663639068604
-1.1838130950927734
-1.5351519584655762
-1.3209047317504883
-1.587361454963684
-1.3282828330993652
-1.6994491815567017
-1.0702718496322632
-1.5665735006332397
-1.333480954170227
-1.9151442050933838
-0.9069241285324097
-1.6335560083389282
-1.1572811603546143
-1.7977280616760254
-1.1169483661651611
-2.161522388458252
-1.1693971157073975
-1.9189962148666382
-1.8312493562698364
-1.90007746219635
-1.3320671319961548
-1.5708587169647217
-1.446038842201233
-1.884749174118042
-1.250167727470398
-1.5222700834274292
-1.2152572870254517
-1.6930885314941406
-1.1969369649887085
-1.6244627237319946
-1.2975887060165405
-1.4905154705047607
-1.152586817741394
-1.8029342889785767
-1.0725409984588623
-2.0373339653015137
-1.0540215969085693
-1.387991189956665
-1.1806713342666626
-1.6755291223526
-0.911376416683197
-1.7690410614013672
-1.399925708770752
-1.7440953254699707
-1.0632110834121704
-1.982187032699585
-1.154848575592041
-1.8771088123321533
-1.0506364107131958
-1.5223214626312256
-1.2683364152908325
