0.9865682050585747
0.8385071059908822
0.7138247204769869
0.2626999097244282
0.8783708214759827
0.8348202989860014
0.6241033179685473
0.7780594419455156
0.6382211468492945
0.7381094731390476
0.8014764368029622
0.7878987209664451
0.9821338355541229
0.7920187255367637
0.7431833015547858
0.5721245055513767
0.7675704346038401
0.9834353029727936
0.9543926165654109
0.7872264087200165
0.8602074978407472
0.5854554243385792
0.5521328360773623
0.901020907693439
0.8043559402227402
0.8955438186724981
0.9473309408534657
0.4736869515230258
0.7178254087921232
0.7912330643406936
0.6266220364777837
0.825621273368597
0.7374046390427144
0.757702784302334
0.6504725583574988
0.7708031038443247
0.7245100803324022
0.6796788628368328
0.9130789563059807
0.9758270042283195
0.9805449843406677
0.965567580291203
0.9915135726332664
0.7703890942502767
0.8043213100595907
0.7652085967361927
0.7567889078387192
0.7193845410055171
0.868769038002938
0.8452074527740479
0.5848105108365417
0.6748049767421824
0.8298005796968937
0.9664993385473887
0.7520170652174524
0.9310845136642456
0.7801753394305706
0.7234198314448198
0.7156074326485395
0.8508625424156586
0.8522902329762777
0.8968544483184815
0.8859476198752722
0.9886444977351597
0.983468404838017
0.9519955678419634
0.8428914306892289
0.7314934017402785
0.5824067319432894
0.8077986508607864
0.8466976523399353
0.6258014272898436
0.9532336393992106
0.8957195327832148
0.9053571224212646
0.7280455016427569
0.8273985134001123
0.845195185393095
0.7824164320315633
0.7268116466531699
0.751544111009155
0.7784341941587627
0.9649979869524637
0.7956613078713417
0.9901766975720724
0.9176235629452599
0.8476888953115452
0.7820537686347961
0.7857022414294382
0.868034215644002
0.7727593470110812
0.9142952087250623
0.848379373550415
0.927270382642746
0.8231807971994082
0.9881313244501749
0.9451924477304731
0.572811319577423
0.7507636789232492
0.9155976474285126
0.722141113691032
0.7045053123411807
0.8209113197194206
0.7258582759648562
0.8130134671926499
0.7293099104003473
0.556703483419759
0.781140647828579
0.9768516023953756
0.6137472838551427
0.7610159208066761
0.8481972786513242
0.8472631101806959
0.7153739981974164
0.8341486581734249
0.6664928527316079
0.8160223447614245
0.9829874369833205
0.7710253160912544
0.818818207973471
0.809082489122044
0.9909849166870117
0.8250212367210124
0.8213015208020806
0.8099557291716337
0.6879970663770413
0.9764390208504417
0.9122656553983688
0.8228858721752962
0.7075788766766588
0.5746298682352062
0.6705377344042063
0.6854037264517198
0.8076593975226084
0.675114048475569
0.845099656118287
0.6173964176947871
0.9909481568769976
0.8471638101797837
0.8472477388050821
0.8039598770439624
0.9762379101344517
0.8663112291727554
0.9935202087674823
0.901911199092865
0.9014015160501003
0.7422511766365331
0.7506134014628414
0.7361887453922203
0.8337230434020361
0.8584554344415665
0.8941244019402398
0.8785839788615704
0.9386816109929766
0.8550805175410849
0.6252280064464475
0.8869828964982714
0.8888969251087734
0.9654168287913004
0.8411591236280012
0.9894967675209045
0.8036421307673057
0.8742742259055376
0.7663721575994383
0.5257363609024861
0.9036227668471196
0.7699629620183259
0.7800408199429512
0.7150769042782485
0.7346410101486577
0.6127997966897156
0.8364097872240976
0.9252896010875702
0.7334016323089599
0.8537516736171462
0.8184944503009319
0.9666434393988715
0.7044040116481483
0.7609897724857243
0.6829563387592013
0.9654936364718846
0.7330816408873282
0.6322797785202662
0.825145294268926
0.7046532948672968
0.7066888146102428
0.8412338681519032
0.8306273341178894
0.8592450097203255
0.6663948934186589
0.6147424218111804
0.3899389107245952
0.6685338746756315
0.8601454083691351
0.6893834433052689
0.6320491381338798
0.6484651217999106
0.6928473956941161
0.8128608769426743
0.8335786959422486
