-2.84957218170166
-2.6404130458831787
-3.173060417175293
-3.3020823001861572
-2.8893320560455322
-2.7067017555236816
-3.1152098178863525
-2.8734707832336426
-3.181349515914917
-2.883782148361206
-3.2529520988464355
-2.90541410446167
-3.273772954940796
-3.020869255065918
-3.530385971069336
-3.053394079208374
-3.0374181270599365
-2.6240234375
-2.948749542236328
-2.828162431716919
-2.8727447986602783
-2.6653921604156494
-3.1027276515960693
-2.665682792663574
-3.2462031841278076
-3.0628318786621094
-3.0755114555358887
-2.778587818145752
-3.096632957458496
-3.1694931983947754
-2.9858851432800293
-2.7432732582092285
-3.240657091140747
-2.5849053859710693
-3.0253896713256836
-2.5498046875
-3.09051775932312
-2.6742193698883057
-3.132963180541992
-2.892801523208618
-2.609196424484253
-2.815324068069458
-2.4940404891967773
-2.7766287326812744
-3.1903915405273438
-2.5389747619628906
-2.9833879470825195
-2.5874133110046387
-3.1566596031188965
-2.6379332542419434
-3.2581355571746826
-2.921330213546753
-2.6633036136627197
-2.7211685180664062
-2.776066541671753
-2.7315731048583984
-3.1787428855895996
-2.944990396499634
-3.9699418544769287
-2.779865264892578
-3.1949656009674072
-2.819195032119751
-2.9268226623535156
-2.652369976043701
-3.0760297775268555
-2.4260916709899902
-2.8631246089935303
-3.123020887374878
-3.0011160373687744
-2.9012558460235596
-3.27852463722229
-2.7361936569213867
-2.6681697368621826
-2.3864083290100098
-2.648852825164795
-2.8588571548461914
-2.96513295173645
-2.63096284866333
-3.478685140609741
-2.32245135307312
-3.092985153198242
-2.7843191623687744
-3.3704307079315186
-2.7029967308044434
-3.6797099113464355
-2.896145820617676
-2.958101272583008
-2.4910802841186523
-2.906315565109253
-2.7545316219329834
-3.385392665863037
-2.7707653045654297
-3.1541712284088135
-2.6388919353485107
-2.9147512912750244
-2.988105058670044
-2.819234848022461
-2.448380708694458
-3.4108054637908936
-2.6867268085479736
-2.8299214839935303
-2.649275064468384
-3.2888295650482178
-3.158740758895874
-2.726186752319336
-2.6955771446228027
-2.532806396484375
-2.991851568222046
-2.995236396789551
-2.3450257778167725
-2.9998130798339844
-2.62863826751709
-3.173595666885376
-2.9236512184143066
-3.2780747413635254
-2.6346049308776855
-2.797327995300293
-2.819932699203491
-3.0212488174438477
-2.6925294399261475
-3.6466689109802246
-2.969430685043335
-2.7682044506073
-2.5749948024749756
-3.315624952316284
-2.967660665512085
-3.038160800933838
-2.964587450027466
-2.9703831672668457
-2.4631030559539795
-2.847486972808838
-2.9435434341430664
-2.956861972808838
-2.7706732749938965
-3.5995213985443115
-2.7980737686157227
-2.9388599395751953
-2.4098620414733887
-2.9277267456054688
-2.378809928894043
-2.692486047744751
-2.7814276218414307
-3.217740535736084
-2.394073009490967
-2.8730742931365967
-2.646494150161743
-3.4547841548919678
-3.1349432468414307
-2.8764901161193848
-2.857712507247925
-2.9760582447052
-2.7133424282073975
-2.8503546714782715
-2.7958600521087646
-2.698862075805664
-2.7226781845092773
-3.0715324878692627
-2.9720299243927
-3.4400341510772705
-2.66283917427063
-3.022554636001587
-2.749281406402588
-3.1430776119232178
-2.688983201980591
-3.246027708053589
-2.7626349925994873
-3.245225191116333
-3.585085868835449
-3.191471815109253
-2.8123371601104736
-3.1137571334838867
-3.111987352371216
-3.4914779663085938
-2.610267400741577
-3.001537322998047
-2.6894631385803223
-3.156019926071167
-2.7925596237182617
-2.8619120121002197
-2.869797706604004
-2.819183349609375
-2.5310611724853516
-3.498979091644287
-2.5091147422790527
-3.4371774196624756
-2.3340673446655273
-2.912158727645874
-2.5268983840942383
-2.9988491535186768
-2.488860845565796
-2.9819977283477783
-2.9988794326782227
-3.1339850425720215
-2.8563945293426514
-3.0706987380981445
-2.6710681915283203
-2.678668975830078
-2.6300172805786133
-2.64751935005188
-2.8436238765716553
