[55, 36, 194, 132, 101, 72, 60, 144, 185, 145, 218, 141, 89, 136, 79, 211, 76, 35, 98, 153, 53, 70, 51, 195, 61, 109, 170, 149, 192, 208, 65, 90, 203, 1, 103, 121, 66, 179, 158, 104, 174, 169, 154, 82, 171, 91, 162, 34, 86, 206, 147, 43, 187, 49, 58, 62, 129]
[50, 34, 185, 126, 92, 66, 55, 137, 175, 138, 234, 134, 81, 129, 73, 226, 69, 193, 33, 90, 147, 188, 48, 65, 47, 209, 56, 204, 101, 162, 141, 205, 189, 223, 60, 82, 218, 1, 94, 112, 61, 192, 151, 95, 166, 161, 148, 75, 184, 168, 83, 155, 32, 78, 221, 159, 140, 40, 198, 45, 52, 57, 123, 36]
[50, 34, 188, 127, 95, 70, 56, 140, 179, 141, 261, 137, 85, 131, 76, 254, 73, 196, 32, 93, 149, 191, 215, 222, 48, 228, 69, 47, 232, 58, 208, 104, 165, 145, 229, 192, 213, 251, 62, 203, 86, 246, 1, 98, 115, 64, 206, 235, 153, 99, 169, 163, 150, 78, 204, 171, 201, 87, 158, 31, 82, 249, 162, 143, 40, 221, 180, 45, 53, 59, 184]
[52, 36, 189, 131, 96, 69, 57, 143, 180, 144, 193, 139, 84, 134, 76, 186, 72, 35, 93, 151, 49, 67, 48, 171, 58, 107, 147, 168, 183, 62, 85, 178, 1, 99, 119, 63, 157, 101, 153, 78, 173, 87, 34, 81, 181, 42, 71, 158, 117, 90, 142]
[48, 32, 126, 95, 64, 52, 139, 140, 184, 136, 83, 131, 70, 178, 67, 31, 93, 148, 45, 63, 44, 162, 53, 103, 143, 159, 176, 57, 84, 171, 1, 97, 115, 58, 149, 98, 72, 145, 85, 30, 37, 179, 78, 132, 169, 18, 66, 150, 113, 88]
[51, 35, 190, 128, 95, 68, 56, 140, 180, 141, 213, 136, 85, 131, 75, 206, 72, 34, 93, 150, 49, 67, 48, 210, 58, 105, 165, 146, 187, 203, 62, 86, 197, 1, 98, 116, 63, 174, 154, 99, 164, 151, 77, 167, 87, 158, 33, 82, 201, 145, 41, 181, 46, 53, 59, 124, 37]
[49, 33, 122, 92, 66, 54, 135, 136, 156, 131, 81, 126, 72, 150, 69, 32, 44, 71, 93, 105, 108, 24, 118, 111, 137, 22, 127, 27, 101, 146, 79, 138, 123, 128, 133, 103, 114, 68, 29, 98, 40, 35]
[51, 34, 128, 95, 68, 55, 139, 140, 171, 136, 85, 131, 75, 165, 72, 33, 93, 147, 49, 67, 47, 148, 57, 105, 143, 145, 163, 30, 103, 42, 36, 0, 150, 142, 31, 110, 144, 134, 76, 149, 159, 83, 156, 37, 118, 123]
[55, 36, 131, 50, 34, 27, 139, 73, 92, 74, 25, 72, 42, 69, 130, 38, 142, 37, 101, 17, 48, 78, 99, 111, 115, 24, 118, 143, 23, 117, 132, 107, 148, 85, 75, 113, 122, 138, 30]
[25, 15, 92, 62, 46, 33, 27, 67, 87, 68, 109, 66, 40, 63, 36, 102, 35, 107, 45, 72, 24, 103, 23, 85, 106, 50, 80, 70, 82, 98]
[101, 69, 259, 191, 136, 112, 281, 283, 102, 275, 169, 264, 151, 110, 144, 67, 185, 98, 134, 95, 135, 113, 209, 114, 232, 194, 258, 253, 217, 239, 140, 62, 205, 85, 74, 1, 96, 286, 63, 221, 208, 271, 153, 97, 299, 162, 150, 77, 237, 261, 171, 203, 86, 157, 31, 80, 305, 161, 142, 40, 278, 196, 227, 180, 244, 45, 54, 59, 184, 245, 231, 123, 35, 115, 147, 252, 263, 26, 202, 57, 168, 73, 152]
[48, 32, 192, 129, 93, 64, 53, 141, 182, 142, 228, 137, 79, 132, 71, 221, 68, 200, 31, 90, 150, 195, 45, 63, 44, 204, 54, 106, 167, 145, 210, 218, 58, 80, 213, 1, 96, 117, 59, 189, 156, 98, 172, 166, 152, 73, 180, 174, 82, 161, 30, 76, 216, 165, 144, 38, 206, 42, 50, 55, 126]
[50, 34, 124, 94, 66, 54, 136, 137, 172, 133, 83, 127, 72, 166, 69, 33, 92, 144, 48, 65, 46, 151, 55, 102, 140, 148, 164, 59, 84, 159, 1, 96, 113, 31, 108, 147, 145, 73, 152, 161, 80, 141, 37, 115, 160, 142, 99, 41]
[51, 33, 193, 130, 96, 68, 56, 143, 180, 144, 251, 140, 84, 134, 75, 244, 71, 205, 32, 93, 151, 198, 224, 49, 67, 48, 226, 57, 217, 107, 167, 147, 223, 199, 241, 61, 211, 85, 236, 1, 99, 118, 63, 208, 155, 101, 171, 165, 152, 78, 229, 173, 87, 159, 31, 81, 239, 164, 146, 41, 216, 45, 53, 58, 127, 35]
[53, 34, 196, 135, 99, 72, 58, 147, 186, 148, 231, 144, 86, 139, 78, 224, 75, 205, 33, 96, 157, 199, 49, 71, 47, 206, 59, 111, 171, 151, 202, 221, 65, 87, 216, 1, 101, 122, 66, 190, 161, 103, 175, 170, 158, 80, 182, 177, 88, 165, 32, 83, 219, 169, 150, 41, 197, 45, 55, 60]
[52, 18, 94, 65, 48, 34, 29, 70, 90, 71, 26, 69, 43, 66, 126, 37, 134, 36, 99, 139, 47, 75, 97, 109, 113, 25, 135, 24, 114, 124, 106, 141, 82, 73, 110, 118, 131, 31]
[25, 16, 95, 67, 48, 35, 27, 72, 91, 73, 129, 71, 43, 68, 39, 122, 37, 100, 127, 47, 76, 98, 24, 123, 23, 103, 112, 53, 84, 74, 110, 119, 30, 44]
[49, 32, 179, 120, 90, 65, 53, 132, 169, 133, 199, 129, 80, 123, 72, 192, 68, 31, 88, 140, 47, 64, 46, 174, 54, 99, 155, 136, 171, 188, 59, 81, 183, 1, 92, 109, 60, 159, 144, 93, 154, 141, 74, 152, 82, 148, 30, 77, 186, 135, 39, 166, 44, 51, 55, 117]
[104, 68, 259, 192, 140, 114, 282, 284, 105, 277, 171, 264, 155, 113, 148, 66, 187, 301, 100, 137, 97, 139, 115, 211, 292, 116, 343, 123, 173, 338, 3, 196, 235, 126, 316, 310, 200, 304, 159, 158, 175, 64, 164, 274, 289, 83, 286, 93, 109, 118, 252, 75, 236, 341, 57, 324, 151, 194, 270, 25, 144, 41, 346, 42, 333, 23, 69, 186, 26, 313, 101, 58, 268, 263, 227, 182, 337, 230, 168, 237, 156, 195, 219, 154, 1, 38, 223, 199, 244, 287, 283, 327, 339, 291]
[50, 34, 123, 92, 66, 55, 134, 87, 68, 26, 138, 41, 63, 122, 37, 28, 36, 124, 95, 17, 45, 72, 93, 104, 108, 25, 112, 33, 24, 115, 127, 101, 143, 79, 69, 116, 120, 103, 136, 30]
[50, 32, 193, 133, 98, 69, 55, 147, 184, 148, 205, 143, 86, 137, 76, 198, 72, 31, 94, 155, 48, 68, 47, 183, 57, 109, 170, 151, 179, 195, 62, 87, 190, 1, 101, 119, 63, 168, 160, 102, 156, 79, 162, 88, 30, 83, 202, 150, 39, 174, 45, 53, 58, 130]
[24, 15, 92, 63, 44, 31, 26, 68, 87, 69, 135, 67, 39, 64, 35, 128, 33, 96, 133, 43, 72, 94, 105, 108, 23, 129, 22, 110, 119, 102, 49, 79, 70, 112, 113, 125, 28]
[49, 34, 187, 126, 94, 66, 54, 137, 177, 138, 209, 134, 84, 129, 75, 202, 71, 33, 92, 145, 47, 65, 46, 206, 55, 103, 163, 141, 183, 199, 59, 85, 194, 1, 96, 113, 60, 172, 152, 97, 162, 147, 77, 164, 86, 157, 31, 80, 197, 140, 40, 178, 44, 51, 56, 122, 36]
[51, 35, 188, 129, 95, 67, 56, 140, 179, 141, 229, 137, 85, 132, 75, 222, 72, 197, 34, 93, 149, 192, 49, 66, 48, 204, 57, 104, 163, 144, 201, 193, 219, 61, 86, 214, 1, 97, 116, 62, 187, 153, 98, 170, 162, 150, 78, 220, 172, 87, 157, 33, 82, 217, 161, 143, 41, 194, 46, 53, 58, 126]
[26, 15, 96, 62, 46, 33, 28, 68, 91, 69, 129, 67, 41, 64, 37, 122, 36, 101, 127, 45, 72, 99, 25, 123, 24, 105, 113, 51, 82, 70, 111, 119, 30, 42]
[49, 33, 125, 93, 66, 54, 137, 177, 138, 189, 133, 81, 128, 72, 183, 69, 32, 91, 146, 47, 65, 46, 164, 55, 102, 142, 161, 180, 59, 83, 173, 1, 95, 112, 60, 150, 96, 74, 166, 84, 31, 77, 181, 40, 68, 151, 110, 87, 135, 21, 26]
[48, 32, 184, 123, 90, 64, 52, 137, 174, 138, 247, 134, 80, 126, 71, 240, 67, 193, 31, 88, 145, 188, 213, 219, 46, 63, 45, 220, 54, 204, 99, 160, 141, 217, 189, 237, 58, 199, 81, 232, 1, 93, 110, 59, 201, 149, 94, 165, 159, 146, 73, 228, 167, 82, 153, 30, 76, 235, 158, 140, 38, 210, 175, 43, 50, 55, 119, 34]
[49, 34, 120, 90, 65, 54, 131, 132, 175, 128, 80, 123, 71, 169, 68, 33, 88, 139, 47, 64, 46, 154, 55, 98, 135, 151, 167, 59, 81, 162, 1, 92, 108, 60, 156, 93, 74, 149, 82, 75, 14, 39, 170, 77, 124, 159, 18, 67, 140]
[53, 34, 193, 133, 100, 71, 57, 146, 183, 147, 224, 142, 88, 137, 79, 217, 75, 202, 33, 97, 154, 196, 50, 70, 49, 198, 59, 108, 169, 150, 195, 214, 63, 89, 208, 1, 102, 120, 64, 215, 158, 103, 173, 168, 155, 81, 174, 90, 162, 32, 84, 212, 167, 149, 42, 189, 47, 55, 60]
[50, 34, 184, 124, 91, 66, 55, 136, 174, 137, 193, 133, 81, 127, 73, 186, 69, 33, 89, 145, 48, 65, 47, 170, 56, 101, 161, 141, 167, 183, 60, 82, 178, 1, 94, 111, 61, 155, 150, 95, 146, 75, 149, 83, 32, 78, 181, 140, 41, 162, 45, 27, 29]
[51, 34, 126, 93, 66, 55, 137, 138, 161, 134, 82, 129, 73, 155, 70, 33, 91, 49, 65, 47, 141, 28, 103, 152, 80, 146, 153, 114, 94, 158, 122, 106, 117, 69, 30, 99, 42, 36, 0, 140, 56, 31, 109, 102]
[50, 34, 186, 126, 92, 65, 54, 137, 176, 138, 279, 134, 81, 129, 255, 73, 272, 69, 258, 195, 33, 89, 145, 189, 222, 228, 48, 249, 234, 64, 46, 247, 55, 212, 100, 160, 141, 244, 248, 190, 220, 269, 59, 204, 82, 261, 1, 94, 112, 60, 224, 210, 227, 150, 95, 164, 159, 146, 75, 215, 168, 202, 83, 154, 32, 78, 266, 158, 140, 40, 238, 193, 177, 44]
[50, 33, 193, 125, 92, 66, 54, 140, 183, 142, 265, 135, 81, 130, 72, 258, 69, 201, 32, 90, 152, 196, 221, 227, 48, 233, 65, 47, 236, 55, 214, 100, 168, 147, 232, 197, 219, 254, 60, 208, 82, 248, 1, 94, 113, 61, 212, 217, 156, 95, 174, 167, 153, 75, 207, 176, 83, 162, 30, 78, 252, 166, 146, 40, 224, 184, 45, 52, 56, 188]
[102, 68, 258, 194, 136, 111, 282, 285, 103, 276, 172, 263, 152, 54, 70, 259, 200, 31, 91, 150, 195, 220, 226, 47, 249, 271, 234, 66, 45, 270, 56, 213, 292, 168, 143, 266, 272, 196, 257, 252, 218, 240, 140, 60, 208, 84, 73, 1, 96, 113, 61, 222, 211, 246, 155, 97, 290, 167, 151, 76, 235, 175, 206, 85, 162, 30, 79, 296, 166, 142, 39, 254, 198, 184, 43, 51, 57, 188, 277, 123]
[54, 35, 190, 128, 96, 71, 59, 141, 181, 142, 235, 137, 85, 131, 77, 228, 74, 199, 34, 94, 149, 194, 52, 69, 51, 208, 60, 104, 166, 145, 205, 195, 224, 64, 86, 217, 1, 98, 115, 65, 191, 153, 99, 171, 164, 150, 79, 183, 173, 87, 158, 33, 82, 221, 163, 144, 45, 198, 49, 57, 61, 125]
[24, 15, 89, 61, 46, 32, 26, 67, 85, 68, 128, 66, 39, 63, 35, 121, 34, 94, 126, 44, 71, 91, 103, 23, 122, 21, 102, 111, 50, 78, 69, 99, 105, 118, 28, 40]
[49, 33, 193, 128, 95, 67, 54, 140, 182, 141, 261, 137, 83, 132, 74, 254, 70, 202, 32, 93, 150, 196, 222, 228, 47, 66, 45, 233, 55, 213, 104, 166, 145, 230, 198, 219, 250, 60, 208, 84, 245, 1, 98, 115, 61, 211, 229, 154, 99, 171, 164, 151, 76, 204, 173, 85, 159, 31, 79, 248, 163, 144, 39, 236, 183, 43, 52, 56, 125]
[52, 32, 126, 94, 69, 56, 138, 139, 151, 135, 84, 66, 125, 34, 26, 33, 127, 97, 15, 46, 75, 95, 108, 111, 23, 122, 114, 31, 21, 124, 136, 104, 142, 82, 73, 118, 128, 106, 71, 28, 101]
[50, 33, 188, 130, 97, 66, 54, 142, 179, 143, 207, 139, 85, 134, 72, 200, 69, 32, 94, 150, 47, 64, 46, 184, 55, 107, 165, 146, 181, 197, 59, 86, 192, 1, 99, 118, 60, 169, 154, 100, 164, 151, 75, 162, 87, 159, 31, 79, 195, 145, 39, 176, 44, 52, 56, 126]
[50, 32, 184, 123, 92, 67, 54, 135, 175, 137, 203, 132, 82, 126, 74, 195, 70, 31, 90, 146, 48, 66, 46, 178, 55, 101, 160, 141, 192, 191, 60, 83, 185, 1, 95, 111, 62, 162, 150, 96, 147, 76, 156, 84, 30, 79, 188, 140, 38, 170, 43, 52, 57, 119, 34]
[48, 32, 182, 124, 92, 63, 52, 135, 173, 136, 186, 132, 81, 127, 72, 179, 67, 31, 89, 144, 46, 62, 45, 163, 53, 101, 140, 160, 176, 57, 82, 170, 1, 94, 112, 58, 149, 95, 145, 75, 165, 83, 30, 78, 174, 38, 66, 150, 110, 86, 134]
[51, 34, 185, 125, 92, 67, 55, 136, 176, 138, 232, 133, 82, 128, 73, 225, 70, 194, 32, 90, 146, 188, 49, 65, 48, 207, 56, 101, 162, 142, 204, 189, 222, 60, 83, 217, 1, 94, 113, 61, 192, 150, 95, 166, 161, 147, 76, 183, 168, 84, 155, 31, 79, 220, 160, 140, 40, 198, 46, 53, 57, 121, 36, 114]
[50, 34, 187, 126, 95, 65, 54, 138, 177, 139, 201, 135, 82, 129, 72, 194, 69, 33, 92, 146, 48, 64, 47, 178, 55, 104, 163, 142, 175, 191, 59, 83, 185, 1, 97, 115, 60, 172, 151, 98, 147, 74, 155, 84, 32, 78, 189, 141, 40, 169, 45, 52, 56, 123]
[49, 32, 181, 123, 90, 65, 53, 134, 171, 135, 216, 131, 80, 126, 71, 208, 68, 189, 31, 88, 143, 184, 46, 64, 45, 196, 54, 99, 158, 139, 186, 205, 58, 81, 199, 1, 92, 110, 60, 175, 147, 93, 162, 157, 144, 73, 166, 164, 82, 151, 30, 76, 203, 156, 138, 39, 213, 43, 51, 55]
[52, 35, 195, 132, 97, 71, 58, 145, 183, 146, 205, 142, 86, 136, 78, 197, 75, 34, 95, 154, 50, 69, 49, 179, 59, 107, 170, 150, 176, 194, 63, 87, 187, 1, 99, 120, 64, 165, 159, 100, 156, 80, 158, 88, 32, 83, 191, 149, 42, 171, 47, 27, 29]
[51, 34, 190, 129, 94, 67, 55, 141, 179, 142, 252, 138, 81, 133, 73, 245, 70, 198, 33, 92, 150, 193, 218, 225, 48, 66, 47, 227, 56, 210, 104, 164, 146, 222, 194, 242, 60, 205, 83, 237, 2, 96, 115, 61, 206, 154, 97, 168, 163, 151, 75, 197, 170, 85, 158, 32, 78, 240, 162, 144, 41, 214, 180, 45, 53, 57, 125, 36]
[114, 76, 270, 203, 148, 124, 293, 295, 115, 288, 180, 275, 162, 123, 156, 73, 198, 311, 109, 146, 106, 147, 125, 221, 302, 126, 344, 134, 182, 339, 3, 207, 244, 136, 318, 209, 313, 166, 165, 185, 71, 172, 287, 299, 91, 296, 102, 120, 128, 261, 82, 127, 158, 347, 175, 33, 274, 214, 64, 179, 81, 163, 254, 331, 237, 316, 251, 248, 200, 312, 332, 28, 152, 45, 324, 46, 292, 26, 77, 196, 30, 277, 111, 65, 235, 191, 338, 284, 177, 247, 307]
[104, 70, 263, 196, 139, 116, 286, 288, 106, 281, 172, 268, 153, 115, 147, 68, 191, 101, 137, 97, 138, 117, 214, 118, 312, 126, 174, 76, 1, 98, 285, 295, 62, 225, 212, 313, 155, 99, 309, 167, 152, 78, 243, 275, 292, 207, 87, 160, 30, 82, 315, 165, 145, 39, 143, 200, 235, 186, 259, 46, 54, 58, 190, 260, 238, 127, 34, 119, 149, 265, 278, 26, 206, 57, 171, 75, 154, 299, 233, 193, 158, 300, 22, 142]
[49, 34, 187, 125, 92, 67, 54, 138, 176, 140, 256, 134, 81, 128, 73, 249, 70, 195, 33, 90, 148, 190, 214, 220, 47, 227, 66, 46, 229, 55, 206, 102, 162, 143, 226, 191, 212, 246, 60, 201, 83, 241, 1, 94, 113, 61, 204, 210, 152, 96, 166, 161, 149, 75, 200, 169, 84, 156, 32, 78, 244, 160, 142, 40, 217, 177, 44, 52, 56, 181]
[47, 32, 183, 123, 90, 63, 52, 134, 171, 135, 265, 131, 79, 126, 246, 70, 258, 67, 192, 31, 88, 143, 187, 212, 218, 45, 224, 62, 44, 235, 53, 204, 99, 157, 138, 232, 236, 188, 210, 255, 57, 199, 80, 248, 1, 92, 111, 58, 202, 215, 147, 93, 161, 156, 144, 72, 205, 163, 196, 81, 151, 30, 75, 253, 155, 137, 38, 222, 190, 172, 42, 50, 54]
[58, 39, 130, 53, 37, 31, 137, 75, 94, 76, 28, 74, 48, 71, 129, 42, 140, 41, 103, 17, 52, 80, 101, 112, 115, 27, 118, 141, 25, 117, 131, 109, 146, 87, 77, 114, 123, 136, 33]
[57, 39, 132, 100, 73, 61, 144, 145, 187, 141, 89, 135, 80, 181, 77, 38, 98, 152, 55, 72, 54, 163, 62, 108, 148, 160, 177, 66, 90, 171, 1, 102, 119, 68, 157, 81, 164, 173, 86, 151, 43, 121, 140, 165, 105, 48, 83, 16]
[50, 34, 200, 133, 96, 68, 54, 149, 190, 151, 268, 146, 84, 139, 76, 261, 72, 209, 33, 94, 159, 204, 228, 236, 48, 66, 47, 238, 56, 221, 104, 174, 154, 235, 205, 226, 257, 61, 215, 85, 251, 1, 98, 119, 62, 218, 163, 99, 179, 173, 160, 78, 248, 181, 86, 168, 32, 81, 255, 172, 153, 41, 225, 191, 45, 52, 57, 129]
[24, 16, 90, 60, 44, 32, 26, 66, 85, 67, 104, 65, 39, 62, 35, 97, 34, 102, 43, 70, 23, 98, 22, 79, 86, 48, 68, 76, 94]
[49, 33, 122, 90, 65, 53, 135, 136, 146, 141, 40, 62, 121, 35, 27, 34, 123, 93, 16, 44, 70, 91, 104, 107, 24, 118, 111, 32, 23, 116, 131, 101, 137, 77, 68, 113, 143, 103, 67, 29]
[51, 35, 193, 130, 96, 66, 55, 143, 183, 144, 280, 140, 84, 134, 255, 73, 273, 70, 259, 201, 34, 94, 153, 196, 222, 228, 49, 249, 234, 65, 48, 247, 56, 214, 104, 169, 148, 243, 248, 197, 219, 270, 60, 209, 85, 263, 1, 98, 115, 61, 224, 212, 227, 158, 99, 173, 168, 154, 75, 216, 175, 206, 86, 162, 33, 79, 268, 166, 147, 42, 237, 199, 184, 46]
[109, 72, 262, 200, 143, 118, 284, 287, 110, 279, 175, 267, 157, 117, 150, 70, 97, 154, 201, 227, 233, 52, 254, 281, 275, 239, 290, 51, 278, 61, 219, 298, 171, 292, 280, 297, 202, 261, 256, 225, 246, 147, 65, 214, 89, 78, 1, 103, 120, 66, 229, 217, 255, 159, 104, 296, 170, 155, 80, 244, 245, 178, 211, 90, 164, 33, 83, 302, 169, 149, 44, 304, 204, 189, 48, 57, 62, 194, 230, 131, 38]
[53, 35, 130, 94, 69, 57, 142, 143, 156, 139, 84, 133, 129, 38, 28, 37, 131, 97, 17, 47, 74, 95, 111, 114, 25, 126, 117, 33, 24, 127, 141, 105, 147, 82, 72, 124, 144, 109, 71, 30, 101]
[50, 34, 191, 132, 101, 69, 55, 144, 181, 145, 201, 141, 89, 135, 78, 194, 74, 33, 98, 153, 47, 68, 46, 177, 56, 109, 167, 149, 174, 198, 61, 90, 186, 1, 103, 120, 62, 163, 157, 104, 154, 81, 160, 91, 32, 85, 189, 147, 40, 169, 44, 52, 28]
[52, 35, 197, 127, 94, 67, 56, 141, 187, 142, 268, 138, 83, 130, 74, 261, 70, 206, 34, 92, 150, 200, 226, 232, 49, 238, 66, 48, 240, 57, 218, 103, 168, 145, 236, 201, 223, 258, 61, 213, 84, 252, 1, 96, 114, 62, 216, 220, 155, 97, 175, 167, 151, 77, 210, 178, 85, 159, 32, 80, 256, 165, 144, 42, 228, 188, 46, 54, 58, 193]
[52, 36, 131, 98, 72, 57, 142, 143, 163, 139, 87, 134, 79, 157, 75, 35, 96, 50, 126, 140, 137, 119, 147, 23, 153, 28, 108, 154, 85, 148, 136, 156, 99, 127, 110, 122, 74, 31, 104, 43, 38, 0, 49]
[23, 15, 92, 61, 43, 31, 25, 67, 88, 68, 128, 66, 38, 62, 34, 121, 33, 97, 126, 42, 71, 95, 22, 122, 21, 103, 112, 48, 79, 69, 100, 105, 118, 28, 39]
[52, 35, 186, 125, 94, 68, 56, 267, 138, 177, 139, 280, 135, 83, 128, 249, 74, 272, 71, 252, 196, 34, 91, 146, 189, 215, 221, 49, 242, 228, 67, 48, 245, 57, 207, 102, 162, 142, 248, 246, 190, 213, 268, 62, 202, 84, 261, 1, 96, 113, 63, 217, 205, 226, 151, 97, 166, 161, 147, 76, 251, 168, 200, 85, 156, 33, 80, 266, 160, 141, 42, 233, 193, 178, 46, 54]
[52, 35, 181, 122, 92, 67, 56, 134, 172, 136, 184, 130, 82, 125, 73, 177, 70, 34, 90, 143, 50, 66, 49, 162, 57, 100, 139, 158, 174, 61, 83, 169, 1, 94, 111, 62, 147, 95, 75, 164, 84, 33, 78, 175, 41, 69, 149, 109, 87, 132, 21]
[49, 32, 192, 131, 98, 67, 54, 144, 183, 145, 224, 140, 86, 134, 74, 217, 70, 201, 31, 96, 154, 195, 47, 66, 46, 199, 55, 108, 170, 149, 205, 214, 60, 88, 208, 1, 100, 119, 61, 184, 159, 101, 174, 169, 155, 77, 176, 89, 163, 30, 83, 212, 168, 147, 39, 190, 44, 51, 56]
[51, 36, 186, 126, 95, 67, 55, 138, 175, 139, 271, 135, 84, 129, 248, 73, 264, 70, 252, 196, 35, 92, 146, 190, 215, 221, 49, 241, 227, 66, 48, 239, 56, 207, 103, 161, 142, 236, 240, 191, 213, 261, 60, 202, 85, 255, 1, 97, 113, 61, 217, 205, 220, 150, 98, 166, 159, 147, 75, 209, 168, 200, 86, 154, 33, 80, 259, 158, 141, 42, 230, 194, 176, 46]
[50, 34, 186, 125, 95, 69, 55, 137, 176, 138, 212, 133, 84, 128, 76, 205, 73, 194, 33, 93, 146, 189, 48, 68, 47, 188, 56, 103, 162, 142, 184, 202, 61, 85, 197, 2, 97, 113, 63, 172, 150, 98, 166, 160, 147, 78, 164, 86, 155, 32, 81, 200, 141, 40, 179, 45, 53, 57]
[49, 33, 124, 92, 66, 54, 136, 137, 171, 133, 82, 128, 73, 165, 70, 32, 90, 145, 46, 65, 45, 150, 55, 101, 141, 146, 163, 60, 83, 158, 0, 149, 135, 143, 29, 106, 152, 134, 74, 151, 160, 79, 138, 36, 113, 123, 140]
[52, 36, 127, 95, 69, 56, 138, 140, 155, 135, 84, 130, 76, 149, 37, 128, 98, 17, 47, 75, 96, 108, 111, 24, 123, 115, 35, 23, 152, 28, 105, 146, 82, 73, 124, 148, 133, 107, 72, 30, 101, 44]
[51, 34, 187, 127, 95, 67, 55, 138, 177, 139, 256, 135, 84, 130, 75, 249, 71, 195, 32, 93, 147, 190, 216, 222, 49, 228, 66, 48, 227, 56, 208, 105, 163, 143, 224, 191, 213, 246, 61, 202, 85, 240, 1, 97, 115, 62, 206, 223, 151, 98, 167, 162, 148, 78, 197, 169, 86, 156, 31, 81, 244, 161, 142, 42, 232, 178, 46, 53, 57]
[23, 15, 89, 59, 44, 31, 26, 65, 85, 66, 103, 64, 38, 60, 34, 96, 33, 101, 43, 69, 22, 97, 21, 80, 87, 48, 67, 77, 93]
[51, 36, 123, 92, 35, 28, 130, 68, 87, 69, 26, 67, 42, 64, 122, 38, 134, 37, 95, 16, 46, 72, 93, 104, 108, 24, 111, 135, 23, 112, 137, 101, 141, 79, 70, 114, 116, 133, 31]
[25, 16, 96, 65, 47, 32, 27, 71, 92, 72, 139, 70, 42, 66, 36, 132, 35, 100, 137, 46, 77, 98, 111, 24, 133, 23, 112, 123, 107, 51, 84, 73, 108, 115, 129, 29]
[52, 35, 196, 136, 102, 70, 56, 148, 186, 149, 231, 144, 91, 139, 78, 224, 74, 205, 34, 100, 156, 199, 50, 68, 49, 211, 57, 111, 172, 152, 202, 220, 62, 92, 215, 1, 105, 123, 63, 189, 160, 106, 176, 171, 157, 82, 180, 178, 93, 165, 33, 88, 218, 170, 151, 42, 228, 46, 54, 59]
[107, 72, 258, 194, 140, 116, 281, 283, 108, 276, 170, 134, 256, 78, 60, 75, 259, 200, 37, 98, 151, 195, 219, 226, 54, 248, 232, 70, 53, 268, 61, 212, 288, 166, 147, 264, 270, 196, 251, 217, 238, 144, 65, 207, 88, 289, 2, 102, 119, 66, 222, 210, 243, 155, 103, 286, 165, 152, 80, 294, 173, 204, 91, 160, 36, 83, 292, 164, 146, 46, 252, 198, 181, 51, 58, 62, 185, 218, 128]
[49, 33, 192, 126, 92, 66, 53, 139, 182, 141, 225, 135, 81, 130, 72, 218, 69, 200, 31, 89, 152, 195, 47, 64, 46, 199, 54, 103, 168, 147, 196, 215, 58, 82, 209, 1, 94, 115, 59, 184, 157, 96, 172, 167, 153, 74, 175, 83, 161, 30, 78, 212, 166, 145, 40, 191, 44, 51, 55, 123]
[51, 33, 130, 97, 67, 55, 141, 142, 177, 138, 85, 133, 77, 171, 72, 32, 95, 151, 49, 66, 47, 154, 56, 107, 146, 156, 169, 60, 86, 35, 0, 153, 148, 30, 112, 150, 139, 78, 155, 166, 83, 164, 36, 120, 129, 144]
[25, 16, 93, 63, 46, 32, 27, 70, 89, 71, 136, 69, 40, 65, 36, 129, 35, 97, 134, 45, 74, 95, 108, 111, 24, 130, 22, 109, 119, 105, 50, 81, 72, 106, 113, 126, 29]
[100, 68, 257, 186, 132, 109, 285, 287, 101, 279, 164, 263, 146, 108, 139, 66, 181, 305, 97, 130, 94, 131, 110, 206, 296, 111, 344, 119, 166, 339, 3, 192, 230, 122, 318, 314, 195, 307, 152, 149, 168, 64, 157, 278, 292, 80, 288, 89, 105, 114, 248, 73, 231, 342, 55, 325, 142, 147, 240, 330, 223, 316, 237, 234, 183, 312, 331, 24, 135, 41, 347, 42, 277, 22, 69, 180, 25, 280, 98, 56, 221, 175, 338, 286, 161, 233, 290, 190, 214, 145, 1, 37, 218]
[51, 34, 191, 127, 97, 68, 56, 142, 181, 143, 238, 137, 84, 131, 75, 231, 72, 199, 33, 93, 151, 194, 48, 67, 47, 214, 57, 105, 166, 147, 211, 195, 228, 61, 85, 223, 1, 99, 116, 62, 198, 155, 100, 170, 165, 152, 77, 190, 173, 86, 160, 32, 81, 226, 164, 146, 41, 205, 45, 54, 58, 124, 36, 117]
[54, 35, 128, 96, 71, 59, 139, 140, 173, 136, 85, 131, 77, 167, 74, 34, 94, 148, 52, 70, 51, 152, 60, 105, 143, 154, 165, 64, 87, 37, 0, 151, 144, 32, 111, 146, 137, 78, 153, 162, 83, 160, 39, 118, 127, 141]
[50, 32, 191, 132, 93, 66, 54, 145, 182, 146, 232, 140, 82, 135, 72, 225, 69, 199, 31, 91, 153, 194, 48, 65, 46, 207, 55, 102, 168, 149, 204, 195, 222, 60, 83, 216, 1, 96, 117, 61, 229, 157, 97, 172, 167, 154, 74, 183, 174, 85, 161, 30, 77, 220, 166, 148, 39, 197, 43, 52, 56, 128]
[48, 32, 180, 123, 91, 65, 53, 135, 171, 136, 210, 132, 80, 126, 71, 203, 68, 189, 31, 89, 143, 184, 46, 64, 45, 186, 54, 99, 157, 139, 183, 200, 58, 81, 195, 1, 93, 111, 59, 201, 147, 94, 162, 156, 144, 74, 163, 82, 151, 30, 77, 198, 155, 138, 39, 177, 43, 50, 55]
[56, 39, 132, 100, 75, 60, 147, 149, 181, 143, 89, 136, 81, 175, 78, 38, 98, 156, 53, 74, 52, 157, 62, 108, 152, 154, 173, 35, 106, 47, 41, 0, 160, 151, 36, 113, 153, 140, 82, 159, 169, 87, 167, 42, 121, 128]
[51, 34, 130, 98, 69, 56, 142, 143, 168, 139, 86, 133, 75, 162, 72, 33, 94, 49, 68, 48, 148, 58, 107, 84, 152, 28, 117, 99, 165, 127, 110, 120, 71, 30, 105, 43, 36, 0, 147, 145, 31, 112, 144, 126, 76]
[51, 34, 184, 122, 91, 66, 55, 134, 174, 135, 231, 131, 81, 125, 73, 224, 69, 193, 33, 89, 143, 187, 49, 65, 47, 205, 56, 100, 160, 138, 202, 188, 220, 60, 82, 214, 2, 93, 110, 61, 196, 147, 95, 165, 158, 144, 75, 180, 167, 83, 152, 32, 78, 218, 157, 137, 41, 195, 45, 53, 57, 119, 36]
[47, 32, 188, 124, 93, 65, 52, 136, 176, 137, 278, 133, 83, 128, 254, 72, 271, 69, 257, 196, 31, 91, 144, 191, 215, 221, 45, 247, 227, 63, 44, 244, 53, 207, 101, 161, 140, 240, 246, 192, 213, 267, 57, 202, 84, 260, 1, 95, 113, 58, 217, 205, 220, 148, 96, 165, 160, 145, 75, 209, 167, 200, 85, 153, 30, 80, 265, 159, 139, 38, 231, 194, 178, 42]
[50, 33, 122, 92, 66, 54, 134, 172, 135, 183, 131, 81, 125, 72, 177, 69, 32, 90, 143, 48, 65, 47, 162, 55, 100, 139, 159, 174, 59, 82, 169, 1, 94, 111, 60, 147, 95, 74, 164, 83, 31, 78, 175, 39, 68, 149, 109, 86, 133, 21, 25]
[102, 69, 264, 196, 139, 112, 279, 143, 183, 144, 49, 292, 84, 134, 262, 74, 54, 71, 265, 203, 32, 92, 151, 198, 224, 233, 47, 255, 240, 67, 46, 266, 55, 217, 103, 166, 147, 263, 267, 199, 222, 246, 287, 59, 211, 85, 281, 1, 96, 115, 61, 226, 215, 244, 155, 97, 172, 164, 152, 76, 270, 174, 208, 86, 159, 31, 80, 285, 163, 146, 39, 252, 201, 184, 44, 52, 56, 188]
[56, 35, 195, 132, 100, 75, 62, 146, 185, 147, 227, 142, 90, 137, 81, 220, 78, 203, 34, 98, 155, 198, 53, 74, 52, 202, 63, 109, 172, 150, 199, 217, 69, 91, 212, 1, 102, 120, 70, 187, 159, 103, 176, 170, 156, 83, 179, 92, 165, 33, 86, 215, 169, 149, 43, 194, 48, 58, 64, 129]
[48, 32, 193, 131, 95, 66, 52, 143, 183, 144, 208, 139, 82, 134, 73, 201, 69, 31, 91, 154, 46, 65, 45, 185, 54, 104, 170, 149, 182, 198, 60, 83, 205, 1, 97, 117, 61, 171, 159, 98, 155, 76, 165, 84, 30, 79, 196, 148, 39, 177, 43, 50, 55, 127, 34]
[52, 35, 185, 125, 93, 68, 57, 136, 175, 137, 227, 133, 83, 128, 74, 220, 71, 193, 34, 91, 145, 188, 49, 67, 48, 202, 58, 102, 161, 140, 198, 189, 217, 62, 84, 212, 1, 95, 113, 63, 186, 149, 96, 166, 159, 146, 76, 177, 168, 85, 153, 31, 80, 215, 157, 139, 42, 192, 46, 55, 59, 122]
[50, 34, 189, 128, 97, 66, 54, 140, 180, 141, 197, 136, 82, 131, 73, 190, 70, 33, 94, 148, 48, 65, 47, 174, 55, 105, 164, 144, 171, 187, 60, 86, 182, 1, 99, 116, 61, 157, 153, 100, 150, 75, 151, 87, 32, 79, 185, 143, 41, 168, 158, 114, 91]
[48, 32, 123, 92, 65, 52, 135, 173, 136, 183, 131, 79, 126, 71, 177, 68, 31, 90, 143, 46, 64, 45, 162, 53, 100, 139, 157, 174, 58, 81, 169, 1, 94, 111, 59, 147, 95, 73, 142, 82, 30, 76, 172, 138, 127, 167, 19, 67, 148, 109, 85]
[54, 38, 191, 130, 95, 70, 59, 142, 181, 143, 229, 139, 85, 133, 76, 222, 73, 199, 37, 93, 152, 194, 52, 69, 51, 203, 60, 107, 166, 147, 210, 219, 64, 86, 214, 1, 97, 118, 65, 188, 156, 98, 170, 165, 153, 78, 179, 172, 87, 160, 34, 81, 217, 164, 145, 44, 205, 49, 57, 61, 127]
[48, 32, 124, 89, 63, 52, 138, 139, 162, 135, 78, 129, 70, 156, 66, 31, 86, 45, 62, 44, 143, 53, 100, 153, 76, 147, 26, 112, 91, 159, 120, 102, 115, 65, 28, 96, 39, 34, 0, 142, 140, 29, 104, 99]
[53, 38, 131, 99, 72, 58, 144, 145, 171, 140, 88, 134, 79, 165, 76, 37, 97, 152, 51, 69, 50, 150, 60, 108, 85, 155, 31, 119, 100, 168, 128, 111, 122, 75, 34, 106, 45, 40, 0, 149, 147, 35, 114, 146, 126]
[55, 38, 197, 132, 100, 71, 59, 146, 185, 147, 274, 143, 87, 137, 77, 267, 74, 208, 36, 96, 155, 203, 228, 236, 53, 242, 70, 52, 246, 60, 220, 109, 170, 150, 243, 204, 226, 264, 64, 215, 88, 259, 2, 102, 120, 65, 218, 249, 159, 103, 175, 169, 156, 79, 216, 177, 213, 89, 163, 34, 84, 262, 168, 149, 44, 235, 186, 50, 57, 61, 193]
[50, 33, 183, 123, 91, 66, 54, 135, 173, 136, 238, 132, 80, 127, 72, 230, 69, 192, 32, 89, 145, 187, 47, 65, 46, 208, 55, 100, 159, 140, 204, 188, 224, 59, 81, 217, 1, 93, 111, 60, 190, 149, 94, 163, 158, 146, 74, 181, 166, 83, 153, 31, 77, 221, 157, 139, 39, 198, 44, 52, 56, 120, 35, 113]
[54, 37, 136, 101, 72, 59, 150, 151, 185, 146, 89, 139, 79, 179, 76, 35, 99, 159, 52, 70, 51, 165, 60, 111, 155, 161, 177, 65, 91, 172, 1, 164, 149, 158, 32, 117, 160, 178, 80, 166, 174, 87, 154, 40, 126, 182, 167]
[52, 35, 189, 125, 94, 68, 57, 137, 179, 138, 271, 134, 83, 129, 252, 75, 264, 71, 197, 34, 92, 146, 192, 218, 225, 49, 231, 67, 48, 243, 58, 209, 102, 161, 141, 239, 244, 193, 216, 261, 62, 204, 84, 255, 1, 96, 113, 63, 220, 207, 222, 150, 97, 166, 160, 147, 77, 212, 168, 202, 85, 154, 32, 80, 259, 159, 140, 42, 230, 195, 180, 46, 54]
[100, 66, 250, 188, 133, 110, 273, 275, 101, 267, 165, 255, 147, 109, 141, 64, 183, 292, 97, 131, 93, 132, 111, 205, 283, 112, 325, 120, 167, 320, 3, 193, 226, 122, 297, 195, 152, 150, 169, 62, 158, 266, 280, 81, 276, 89, 106, 114, 244, 71, 113, 143, 328, 160, 26, 254, 198, 54, 164, 70, 148, 236, 311, 220, 295, 233, 229, 185, 293, 312, 23, 136, 39, 305, 40, 272, 21, 67, 181, 24, 257, 98, 55, 218, 177, 318, 263, 162, 228, 288, 192]
[50, 34, 186, 126, 93, 66, 55, 138, 176, 139, 222, 134, 82, 129, 72, 215, 69, 195, 33, 91, 147, 189, 48, 65, 47, 196, 56, 103, 162, 142, 192, 211, 60, 83, 206, 1, 95, 113, 61, 180, 151, 96, 167, 161, 148, 75, 172, 169, 84, 155, 32, 78, 209, 160, 141, 41, 187, 45, 52, 57]
[49, 33, 181, 123, 90, 65, 54, 135, 172, 136, 256, 131, 80, 126, 71, 249, 68, 191, 31, 88, 143, 185, 213, 220, 46, 227, 64, 45, 228, 55, 203, 99, 158, 139, 224, 186, 210, 246, 59, 197, 81, 241, 1, 92, 110, 60, 200, 206, 147, 93, 162, 157, 144, 73, 195, 165, 82, 152, 30, 76, 244, 156, 138, 39, 215, 173, 43, 52, 56, 177]
[50, 33, 124, 91, 65, 54, 136, 137, 25, 141, 39, 62, 123, 35, 27, 34, 126, 95, 15, 43, 70, 92, 107, 110, 23, 113, 32, 22, 118, 131, 104, 146, 77, 68, 115, 133, 106, 67, 29, 99]
[53, 34, 189, 129, 96, 70, 57, 141, 178, 142, 214, 138, 85, 133, 76, 207, 73, 33, 93, 150, 192, 51, 69, 50, 190, 58, 105, 165, 146, 187, 204, 64, 86, 199, 1, 98, 116, 65, 174, 154, 99, 169, 164, 151, 78, 166, 87, 158, 32, 81, 202, 145, 42, 180, 46, 55, 60]
[52, 36, 128, 98, 69, 56, 141, 142, 183, 137, 85, 132, 77, 177, 73, 35, 94, 149, 50, 68, 49, 162, 57, 106, 145, 159, 175, 62, 87, 170, 1, 100, 116, 63, 164, 101, 79, 157, 88, 80, 16, 41, 178, 82, 133, 168, 22, 72, 150]
[55, 38, 129, 97, 72, 60, 140, 141, 166, 137, 87, 132, 78, 160, 75, 37, 95, 52, 71, 51, 147, 61, 107, 157, 85, 151, 29, 117, 98, 163, 125, 109, 120, 74, 31, 104, 45, 40, 0, 146, 143, 32, 111, 106]
[55, 39, 133, 102, 73, 59, 144, 145, 161, 141, 89, 136, 80, 154, 40, 134, 105, 18, 50, 78, 103, 115, 118, 27, 128, 121, 38, 25, 157, 31, 112, 151, 86, 76, 129, 153, 139, 114, 75, 34, 108, 47]
[54, 36, 199, 133, 99, 72, 58, 147, 190, 148, 288, 142, 89, 136, 265, 79, 281, 76, 269, 208, 35, 97, 156, 203, 229, 235, 52, 259, 242, 71, 51, 257, 59, 221, 110, 173, 151, 253, 258, 204, 227, 278, 65, 216, 90, 272, 1, 101, 122, 66, 231, 219, 234, 161, 102, 179, 172, 158, 81, 224, 181, 214, 91, 165, 34, 85, 276, 171, 150, 43, 247, 206, 191, 48]
[106, 74, 260, 193, 139, 115, 282, 284, 107, 276, 171, 265, 152, 114, 146, 72, 188, 103, 137, 99, 138, 116, 211, 117, 233, 196, 259, 253, 217, 240, 143, 66, 207, 89, 80, 1, 101, 287, 67, 222, 210, 272, 154, 102, 300, 166, 151, 82, 237, 262, 173, 205, 90, 158, 33, 85, 306, 165, 145, 43, 280, 198, 228, 182, 244, 48, 56, 63, 187, 245, 232, 127, 38, 118, 148, 251, 264, 29, 204, 62, 170, 79, 153]
[51, 34, 189, 128, 94, 66, 55, 139, 179, 140, 228, 136, 82, 131, 73, 221, 70, 198, 32, 92, 148, 192, 48, 65, 47, 203, 56, 103, 165, 143, 200, 193, 218, 60, 84, 213, 1, 97, 116, 61, 187, 153, 98, 169, 163, 149, 75, 178, 171, 85, 158, 31, 78, 216, 162, 142, 41, 194, 45, 53, 57]
[27, 16, 96, 65, 48, 35, 29, 71, 92, 72, 134, 70, 43, 66, 38, 127, 37, 100, 132, 47, 75, 98, 110, 25, 128, 23, 108, 118, 52, 85, 73, 105, 111, 124, 32, 44]
[101, 69, 248, 185, 133, 110, 271, 273, 102, 281, 83, 128, 245, 74, 56, 71, 249, 191, 34, 91, 144, 186, 211, 217, 49, 239, 224, 67, 48, 255, 57, 203, 276, 160, 140, 252, 256, 187, 241, 209, 231, 137, 61, 198, 84, 279, 1, 95, 113, 62, 213, 201, 233, 149, 97, 164, 159, 146, 76, 221, 166, 195, 85, 153, 33, 80, 275, 157, 139, 41, 240, 189, 174, 46, 53, 58, 178, 208, 122]
[49, 33, 128, 97, 65, 53, 141, 142, 170, 137, 83, 132, 74, 164, 70, 32, 93, 150, 47, 64, 46, 149, 54, 105, 146, 116, 98, 167, 125, 109, 119, 69, 29, 103, 40, 35, 0, 148, 143, 30, 111, 144, 127, 75, 151]
[52, 36, 186, 127, 96, 68, 56, 140, 177, 141, 217, 136, 85, 131, 75, 210, 71, 197, 34, 93, 149, 190, 50, 67, 49, 193, 57, 104, 163, 144, 214, 207, 61, 86, 201, 1, 98, 115, 62, 175, 153, 99, 168, 162, 150, 78, 167, 87, 157, 33, 81, 204, 143, 42, 181, 46, 54, 58]
[49, 32, 195, 130, 97, 68, 54, 144, 185, 146, 210, 140, 85, 133, 74, 203, 71, 31, 95, 156, 47, 66, 46, 186, 55, 106, 171, 150, 183, 199, 60, 86, 194, 1, 99, 117, 61, 181, 160, 100, 157, 76, 164, 88, 30, 79, 197, 149, 38, 178, 44, 51, 56, 127]
[51, 33, 193, 130, 97, 71, 57, 142, 182, 143, 243, 139, 86, 133, 77, 236, 74, 202, 32, 95, 152, 197, 48, 70, 47, 218, 58, 213, 106, 167, 146, 215, 198, 233, 65, 87, 228, 1, 99, 118, 66, 225, 157, 100, 171, 166, 153, 80, 240, 173, 88, 161, 31, 83, 231, 165, 145, 40, 208, 44, 55, 59, 127, 35, 120]
[51, 34, 125, 93, 67, 55, 136, 138, 170, 133, 82, 128, 74, 164, 70, 33, 91, 145, 48, 66, 47, 150, 56, 102, 141, 146, 162, 60, 83, 157, 0, 149, 135, 143, 31, 107, 152, 134, 75, 151, 159, 80, 139, 38, 116, 124, 140]
[49, 33, 197, 130, 94, 66, 53, 283, 143, 185, 144, 293, 140, 82, 134, 264, 73, 286, 69, 268, 208, 32, 92, 151, 201, 230, 236, 47, 257, 242, 65, 46, 258, 54, 222, 103, 168, 147, 255, 259, 203, 228, 282, 59, 216, 83, 275, 1, 97, 117, 61, 232, 220, 238, 156, 98, 175, 167, 152, 76, 246, 177, 214, 84, 161, 31, 79, 280, 165, 146, 40, 245, 205, 186, 44]
[51, 35, 183, 125, 94, 67, 55, 138, 174, 139, 266, 135, 83, 128, 244, 75, 259, 71, 192, 34, 92, 146, 186, 211, 217, 49, 224, 66, 48, 235, 56, 204, 102, 161, 142, 232, 236, 187, 209, 256, 60, 198, 84, 249, 1, 96, 113, 61, 213, 202, 215, 151, 97, 165, 160, 147, 77, 205, 167, 196, 85, 155, 33, 80, 254, 159, 141, 42, 223, 190, 175, 46, 53]
[52, 32, 130, 96, 69, 57, 142, 143, 180, 139, 84, 134, 75, 174, 72, 31, 93, 150, 48, 68, 46, 159, 58, 104, 146, 155, 172, 62, 85, 167, 1, 98, 116, 63, 110, 154, 152, 76, 160, 169, 81, 148, 36, 120, 135, 149, 101, 40]
[50, 33, 195, 132, 95, 68, 55, 146, 185, 147, 210, 142, 85, 135, 75, 203, 71, 32, 93, 156, 48, 67, 47, 186, 57, 107, 170, 151, 183, 199, 62, 86, 194, 1, 98, 119, 63, 181, 160, 100, 157, 77, 164, 87, 31, 82, 197, 149, 39, 176, 44, 52, 58, 129]
[49, 33, 189, 125, 92, 65, 54, 137, 180, 138, 197, 133, 81, 128, 72, 190, 68, 32, 90, 146, 47, 64, 46, 173, 55, 100, 162, 142, 168, 187, 59, 82, 182, 1, 94, 113, 60, 156, 150, 95, 147, 74, 148, 83, 31, 78, 185, 141, 40, 165, 157, 111, 87]
[52, 33, 184, 124, 92, 68, 56, 138, 175, 139, 246, 134, 82, 127, 74, 239, 71, 193, 32, 90, 146, 187, 212, 49, 67, 48, 217, 57, 204, 101, 161, 142, 214, 188, 236, 61, 199, 83, 230, 1, 95, 112, 62, 198, 151, 96, 165, 160, 147, 76, 189, 168, 84, 155, 31, 79, 234, 159, 141, 40, 206, 176, 45, 54, 58, 121, 35]
[50, 34, 194, 128, 96, 66, 54, 140, 182, 141, 283, 136, 85, 131, 260, 74, 276, 71, 263, 203, 33, 94, 151, 197, 225, 232, 47, 253, 238, 65, 46, 252, 55, 217, 105, 167, 146, 248, 254, 199, 222, 273, 60, 211, 86, 267, 1, 98, 115, 61, 227, 214, 256, 155, 99, 172, 166, 152, 77, 220, 174, 208, 87, 159, 31, 81, 271, 164, 144, 40, 239, 201, 183, 44, 52]
[52, 35, 192, 131, 97, 70, 56, 143, 183, 145, 273, 139, 86, 134, 255, 78, 266, 74, 201, 34, 95, 152, 196, 220, 226, 50, 233, 68, 49, 241, 57, 212, 107, 167, 148, 238, 197, 218, 263, 62, 207, 87, 257, 1, 99, 120, 63, 210, 222, 156, 100, 173, 166, 153, 80, 237, 175, 205, 88, 160, 33, 83, 260, 165, 147, 42, 230, 199, 184, 46, 54, 59]
[51, 34, 191, 126, 94, 67, 55, 140, 180, 141, 220, 137, 83, 130, 74, 213, 71, 199, 33, 91, 149, 194, 49, 66, 47, 195, 56, 102, 165, 144, 192, 210, 60, 84, 205, 1, 96, 112, 61, 179, 153, 97, 170, 163, 150, 76, 173, 85, 157, 32, 80, 208, 143, 41, 186, 45, 53, 57, 121]
[27, 17, 94, 63, 47, 34, 29, 69, 88, 70, 132, 68, 41, 64, 37, 125, 36, 98, 130, 46, 73, 96, 108, 26, 126, 25, 106, 116, 51, 80, 71, 103, 109, 122, 31, 42]
[52, 33, 191, 129, 96, 70, 57, 141, 182, 142, 219, 138, 85, 133, 77, 212, 73, 199, 32, 94, 150, 194, 49, 68, 47, 196, 59, 104, 168, 145, 216, 209, 63, 86, 204, 1, 98, 118, 64, 180, 154, 99, 173, 166, 151, 79, 172, 88, 158, 31, 82, 207, 144, 40, 186, 44, 55, 60]
[52, 32, 193, 129, 95, 67, 56, 143, 182, 144, 258, 140, 85, 134, 75, 251, 70, 204, 31, 93, 152, 196, 224, 50, 66, 49, 230, 57, 216, 104, 166, 148, 225, 197, 248, 61, 211, 86, 243, 1, 97, 115, 62, 210, 156, 98, 171, 165, 153, 78, 200, 175, 87, 160, 30, 81, 246, 164, 146, 39, 217, 183, 46, 54, 58, 125, 35]
[49, 33, 184, 124, 93, 67, 55, 136, 174, 137, 238, 133, 82, 128, 74, 231, 70, 194, 32, 91, 146, 188, 213, 47, 66, 45, 212, 56, 205, 102, 160, 140, 209, 189, 228, 61, 84, 223, 1, 95, 113, 62, 195, 150, 96, 164, 159, 147, 76, 185, 167, 85, 154, 30, 79, 226, 158, 139, 39, 201, 43, 52, 57, 121, 35]
[51, 35, 195, 130, 99, 69, 57, 141, 183, 142, 258, 138, 88, 133, 77, 251, 72, 203, 34, 97, 152, 198, 222, 229, 49, 68, 48, 232, 58, 215, 107, 167, 147, 234, 199, 220, 248, 63, 209, 89, 243, 1, 101, 118, 64, 213, 156, 102, 173, 166, 153, 80, 204, 176, 90, 161, 33, 83, 246, 165, 145, 41, 221, 185, 45, 54, 59, 126, 37]
[52, 34, 193, 129, 96, 69, 57, 142, 183, 143, 275, 139, 85, 132, 258, 75, 268, 72, 201, 33, 93, 152, 196, 222, 229, 49, 236, 68, 47, 245, 58, 214, 105, 168, 147, 242, 246, 197, 220, 265, 62, 208, 86, 259, 1, 99, 116, 63, 212, 224, 156, 100, 174, 166, 153, 78, 241, 176, 206, 87, 160, 32, 82, 263, 165, 145, 41, 233, 199, 184, 45, 55, 59]
[51, 35, 200, 128, 94, 67, 55, 144, 191, 145, 288, 140, 83, 133, 265, 75, 281, 72, 268, 208, 34, 92, 154, 203, 228, 234, 49, 258, 240, 66, 48, 257, 56, 220, 105, 172, 150, 252, 260, 204, 226, 278, 60, 215, 84, 272, 1, 96, 116, 61, 230, 218, 262, 159, 98, 178, 171, 155, 77, 224, 183, 213, 86, 163, 32, 80, 276, 169, 147, 42, 241, 206, 192, 46, 53]
[50, 33, 185, 126, 95, 67, 54, 138, 176, 139, 215, 134, 84, 129, 73, 208, 70, 193, 32, 93, 146, 188, 48, 65, 47, 190, 55, 104, 162, 142, 187, 205, 60, 85, 199, 1, 97, 114, 61, 206, 150, 98, 166, 161, 147, 76, 167, 87, 155, 30, 80, 203, 159, 141, 40, 182, 45, 52, 56]
[101, 67, 261, 194, 138, 112, 283, 285, 103, 278, 172, 266, 153, 111, 145, 65, 188, 300, 98, 136, 95, 137, 114, 212, 292, 115, 313, 123, 174, 308, 3, 199, 282, 294, 61, 222, 211, 286, 156, 97, 310, 167, 152, 75, 239, 275, 291, 206, 83, 162, 33, 78, 316, 166, 144, 41, 142, 288, 228, 183, 260, 45, 52, 56, 187, 318, 232, 124, 37, 117, 148, 309, 311, 29, 205, 55, 171, 71, 154, 299, 227, 190, 158, 303, 25, 141]
[50, 33, 125, 93, 66, 54, 136, 137, 182, 133, 83, 128, 73, 176, 70, 32, 91, 146, 48, 65, 47, 161, 55, 102, 141, 158, 174, 59, 84, 169, 1, 95, 113, 60, 147, 97, 76, 142, 85, 31, 38, 177, 80, 129, 166, 19, 68, 148, 110, 88]
[54, 38, 197, 131, 97, 70, 58, 146, 188, 149, 285, 142, 85, 135, 263, 76, 278, 73, 206, 37, 95, 157, 200, 226, 233, 51, 240, 69, 50, 251, 59, 218, 108, 171, 153, 248, 252, 201, 224, 275, 63, 212, 86, 266, 1, 99, 118, 64, 216, 229, 161, 100, 176, 170, 158, 79, 219, 178, 210, 87, 165, 36, 82, 272, 169, 152, 44, 238, 204, 189, 48, 56, 60]
[49, 33, 186, 125, 92, 66, 53, 137, 176, 139, 227, 134, 81, 129, 73, 218, 70, 194, 32, 90, 146, 189, 47, 65, 46, 199, 54, 101, 162, 142, 196, 190, 215, 58, 82, 209, 1, 94, 113, 60, 183, 151, 95, 166, 161, 147, 75, 175, 168, 83, 156, 31, 78, 212, 160, 141, 40, 191, 44, 51, 55]
[25, 17, 95, 62, 46, 34, 28, 68, 90, 70, 112, 67, 41, 63, 37, 105, 36, 110, 45, 73, 24, 106, 23, 89, 96, 50, 82, 71, 86, 102]
[51, 33, 124, 92, 67, 55, 137, 138, 151, 133, 42, 64, 123, 35, 26, 34, 125, 95, 15, 46, 72, 93, 106, 109, 23, 120, 112, 32, 22, 119, 139, 102, 140, 79, 70, 115, 131, 105, 69, 28, 98]
[50, 34, 191, 125, 94, 68, 54, 140, 181, 141, 281, 137, 83, 130, 257, 74, 274, 71, 260, 200, 33, 92, 150, 195, 218, 226, 47, 250, 235, 67, 46, 249, 55, 211, 103, 167, 144, 245, 251, 196, 216, 271, 59, 206, 84, 264, 1, 96, 114, 61, 222, 209, 253, 154, 97, 171, 166, 151, 77, 214, 173, 204, 85, 158, 32, 80, 269, 165, 143, 40, 236, 198, 182, 44, 52]
[52, 34, 130, 99, 70, 56, 141, 142, 154, 138, 87, 66, 129, 37, 28, 35, 131, 102, 16, 47, 76, 100, 111, 115, 25, 125, 118, 33, 24, 128, 139, 108, 145, 85, 73, 122, 132, 110, 72, 30, 105]
[49, 33, 188, 126, 92, 65, 54, 139, 179, 140, 219, 136, 80, 131, 71, 212, 68, 196, 32, 90, 148, 191, 47, 64, 46, 194, 55, 100, 164, 144, 201, 209, 59, 81, 204, 1, 94, 113, 60, 180, 152, 95, 168, 163, 149, 74, 171, 82, 156, 31, 77, 207, 162, 143, 39, 186, 44, 52, 56]
[52, 35, 130, 95, 70, 57, 141, 142, 169, 138, 85, 133, 76, 163, 73, 34, 93, 150, 49, 68, 48, 148, 59, 104, 83, 153, 28, 117, 97, 166, 126, 107, 120, 72, 31, 102, 42, 37, 0, 147, 144, 32, 109, 143, 125]
[48, 32, 183, 124, 90, 64, 52, 136, 173, 137, 193, 132, 79, 127, 70, 186, 67, 31, 88, 144, 46, 63, 45, 170, 54, 100, 159, 140, 167, 190, 58, 80, 178, 1, 92, 112, 59, 155, 148, 93, 145, 72, 152, 81, 30, 75, 181, 139, 38, 162, 43, 50, 27]
[51, 34, 183, 123, 92, 66, 55, 136, 174, 137, 199, 132, 82, 127, 73, 192, 70, 33, 90, 145, 48, 65, 47, 177, 56, 101, 160, 141, 190, 189, 60, 83, 184, 1, 94, 112, 61, 162, 149, 96, 146, 75, 155, 84, 32, 78, 187, 139, 41, 169, 45, 53, 57, 120, 36]
[50, 33, 131, 99, 66, 54, 142, 143, 154, 139, 39, 63, 130, 35, 27, 34, 132, 102, 16, 43, 72, 100, 113, 116, 23, 127, 119, 32, 22, 126, 144, 109, 145, 82, 70, 122, 137, 111, 69, 29, 106]
[24, 15, 90, 61, 44, 31, 26, 67, 86, 68, 126, 66, 39, 63, 34, 119, 33, 95, 124, 43, 72, 93, 23, 120, 22, 101, 110, 48, 79, 69, 98, 103, 116, 28, 40]
[52, 36, 128, 48, 35, 29, 135, 70, 89, 71, 27, 69, 43, 66, 127, 38, 138, 37, 98, 18, 47, 74, 95, 109, 112, 26, 115, 139, 25, 114, 129, 105, 144, 82, 72, 111, 120, 134, 31]
[52, 37, 189, 129, 95, 68, 56, 140, 179, 141, 197, 137, 83, 132, 74, 190, 71, 35, 93, 149, 50, 67, 49, 174, 58, 103, 164, 145, 171, 187, 62, 84, 182, 2, 97, 115, 63, 158, 153, 98, 150, 77, 151, 86, 34, 80, 185, 144, 43, 167, 159, 113, 89]
[51, 34, 189, 126, 92, 66, 55, 137, 175, 139, 196, 134, 82, 129, 74, 188, 70, 33, 90, 147, 48, 65, 47, 167, 56, 102, 161, 142, 164, 183, 60, 83, 184, 1, 95, 113, 61, 153, 97, 148, 76, 149, 84, 32, 79, 180, 141, 41, 69, 154, 111, 87]
[101, 69, 261, 194, 134, 110, 284, 286, 102, 278, 168, 267, 150, 109, 142, 66, 187, 303, 97, 132, 94, 133, 111, 213, 295, 113, 316, 121, 171, 311, 3, 199, 237, 61, 226, 211, 298, 153, 96, 313, 163, 149, 77, 241, 314, 299, 205, 85, 158, 32, 80, 320, 162, 141, 40, 138, 292, 233, 180, 262, 44, 52, 57, 185, 263, 236, 122, 36, 114, 145, 269, 281, 28, 204, 56, 167, 74, 152, 306, 232, 290, 190, 156, 304, 24, 137]
[51, 35, 123, 92, 67, 56, 137, 138, 167, 134, 82, 126, 73, 161, 70, 34, 90, 145, 49, 66, 48, 146, 57, 101, 141, 143, 159, 30, 99, 42, 37, 0, 148, 140, 32, 106, 142, 131, 74, 147, 155, 80, 153, 38, 114, 119]
[104, 70, 263, 193, 138, 114, 286, 288, 105, 281, 172, 269, 153, 113, 72, 264, 200, 33, 93, 151, 194, 222, 228, 49, 251, 277, 236, 68, 48, 279, 56, 215, 297, 167, 145, 274, 278, 195, 261, 254, 220, 242, 142, 61, 209, 85, 76, 1, 98, 116, 62, 224, 213, 248, 155, 99, 295, 166, 152, 78, 238, 174, 206, 86, 159, 32, 81, 301, 164, 144, 41, 258, 197, 183, 46, 53, 57, 187, 223, 125]
[48, 32, 183, 125, 93, 65, 52, 137, 174, 138, 187, 133, 83, 128, 71, 180, 68, 31, 91, 145, 46, 63, 45, 164, 53, 101, 141, 160, 177, 58, 84, 172, 1, 95, 113, 59, 150, 96, 146, 74, 167, 85, 30, 78, 175, 38, 67, 151, 111, 88, 136]
[48, 32, 120, 89, 63, 52, 133, 134, 168, 129, 79, 124, 70, 162, 66, 31, 87, 142, 46, 62, 45, 147, 53, 99, 138, 144, 160, 57, 80, 155, 1, 146, 132, 141, 29, 104, 143, 161, 71, 148, 157, 76, 136, 35, 111, 165, 149]
[54, 38, 135, 102, 71, 59, 147, 187, 148, 198, 144, 90, 138, 80, 192, 76, 37, 99, 155, 51, 70, 50, 173, 60, 111, 151, 169, 188, 65, 91, 182, 1, 104, 122, 66, 158, 105, 83, 154, 92, 35, 86, 186, 150, 139, 180, 21, 74, 159, 119, 95]
[52, 35, 191, 133, 101, 71, 56, 145, 182, 146, 210, 142, 88, 136, 79, 203, 76, 34, 98, 154, 50, 69, 49, 188, 57, 109, 168, 150, 185, 200, 63, 89, 195, 1, 103, 120, 65, 173, 158, 104, 167, 155, 81, 166, 90, 162, 33, 85, 198, 148, 41, 180, 47, 54, 59, 130]
[49, 32, 123, 92, 66, 53, 135, 136, 147, 132, 39, 62, 122, 34, 26, 33, 124, 95, 15, 43, 72, 93, 104, 107, 23, 118, 110, 31, 22, 117, 137, 101, 138, 79, 70, 114, 130, 103, 69, 28, 98]
[52, 33, 126, 94, 68, 56, 138, 139, 156, 135, 83, 130, 74, 150, 71, 32, 46, 73, 95, 108, 111, 23, 122, 114, 140, 22, 131, 27, 104, 147, 81, 141, 127, 132, 137, 106, 118, 70, 29, 101, 42, 35]
[51, 33, 190, 129, 96, 70, 56, 141, 180, 142, 202, 138, 85, 133, 76, 195, 73, 31, 93, 149, 48, 68, 47, 179, 57, 105, 166, 145, 175, 192, 61, 86, 186, 1, 98, 118, 64, 164, 154, 100, 150, 78, 158, 87, 30, 81, 199, 144, 39, 170, 43, 54, 58, 126]
[105, 71, 263, 196, 137, 114, 286, 288, 106, 280, 172, 269, 152, 113, 145, 69, 190, 102, 135, 98, 295, 59, 216, 302, 167, 296, 289, 238, 198, 262, 256, 222, 245, 142, 64, 210, 87, 76, 1, 100, 116, 65, 228, 214, 299, 155, 101, 300, 166, 151, 79, 242, 257, 174, 208, 89, 160, 33, 82, 306, 164, 144, 44, 276, 201, 234, 184, 240, 48, 55, 60, 189, 241, 126, 38, 117, 148, 248, 260, 26, 207, 283]
[103, 69, 260, 194, 137, 113, 282, 284, 104, 276, 172, 265, 153, 112, 146, 67, 189, 99, 135, 96, 136, 114, 211, 116, 307, 123, 207, 85, 74, 1, 97, 281, 290, 62, 223, 210, 280, 155, 98, 304, 166, 152, 77, 238, 269, 175, 205, 86, 159, 32, 80, 310, 165, 144, 41, 142, 199, 230, 183, 251, 46, 53, 57, 188, 253, 233, 124, 37, 117, 148, 312, 271, 27, 204, 56, 171, 73, 154, 294, 191, 157, 295, 24, 141]
[104, 67, 259, 194, 138, 114, 284, 286, 105, 277, 171, 265, 153, 112, 147, 65, 188, 302, 101, 136, 98, 137, 115, 212, 330, 293, 116, 356, 123, 173, 351, 3, 198, 234, 127, 327, 311, 200, 304, 157, 156, 175, 318, 63, 163, 275, 290, 83, 287, 93, 109, 118, 253, 74, 235, 296, 354, 55, 335, 150, 196, 271, 48, 285, 84, 315, 86, 357, 42, 145, 187, 24, 321, 102, 56, 269, 264, 227, 183, 350, 229, 168, 236, 154, 197, 220, 152, 1, 35, 223, 199, 246, 256, 23, 359, 340, 273]
[53, 34, 127, 96, 69, 58, 139, 140, 179, 135, 85, 130, 76, 173, 72, 33, 94, 147, 51, 68, 50, 158, 59, 105, 143, 155, 171, 63, 86, 166, 1, 99, 116, 64, 153, 77, 159, 168, 83, 146, 39, 118, 134, 160, 102, 44, 79, 15]
[49, 32, 127, 93, 65, 53, 139, 140, 165, 136, 81, 130, 72, 159, 69, 31, 91, 46, 64, 45, 146, 54, 103, 79, 150, 26, 115, 94, 162, 124, 107, 118, 68, 28, 101, 39, 34, 0, 145, 142, 29, 109, 141, 123, 73]
[56, 37, 196, 131, 99, 72, 60, 143, 186, 144, 246, 139, 87, 134, 79, 239, 76, 204, 35, 96, 152, 199, 54, 71, 53, 220, 62, 216, 108, 168, 147, 217, 200, 236, 66, 88, 230, 1, 101, 118, 67, 203, 157, 102, 174, 167, 153, 81, 195, 178, 89, 161, 34, 84, 234, 166, 146, 47, 209, 51, 58, 63, 128, 40]
[54, 38, 188, 130, 98, 70, 58, 142, 179, 143, 217, 139, 86, 134, 77, 208, 74, 196, 37, 96, 151, 191, 52, 69, 51, 190, 59, 106, 165, 146, 187, 205, 64, 87, 199, 1, 100, 119, 65, 175, 155, 101, 169, 164, 152, 79, 167, 89, 159, 35, 82, 202, 145, 44, 182, 49, 56, 60]
[51, 33, 191, 129, 96, 69, 55, 141, 182, 142, 231, 138, 85, 133, 76, 224, 72, 202, 32, 94, 150, 197, 48, 68, 47, 206, 56, 105, 167, 145, 213, 221, 62, 86, 216, 1, 98, 118, 64, 188, 156, 99, 171, 166, 152, 78, 180, 173, 87, 161, 31, 82, 219, 165, 144, 39, 208, 44, 53, 57, 126]
[101, 69, 256, 189, 135, 112, 279, 282, 102, 274, 82, 130, 254, 74, 55, 71, 257, 197, 34, 92, 147, 190, 220, 227, 49, 248, 233, 66, 48, 265, 57, 211, 286, 162, 143, 261, 266, 191, 250, 217, 240, 140, 61, 205, 83, 281, 1, 96, 114, 62, 223, 208, 243, 152, 97, 167, 161, 148, 76, 232, 170, 203, 84, 156, 33, 79, 290, 160, 142, 41, 253, 194, 178, 46, 53, 58, 183, 252, 122]
[54, 37, 187, 129, 97, 71, 58, 140, 178, 141, 220, 137, 86, 132, 78, 213, 74, 196, 36, 95, 149, 191, 52, 70, 51, 202, 59, 106, 163, 144, 193, 210, 64, 87, 205, 1, 99, 116, 65, 181, 153, 101, 169, 162, 150, 80, 173, 171, 88, 157, 35, 83, 208, 161, 143, 45, 217, 49, 56, 61]
[49, 33, 187, 127, 92, 65, 53, 268, 138, 177, 140, 277, 135, 82, 130, 251, 73, 270, 70, 255, 195, 32, 90, 148, 190, 214, 221, 47, 244, 228, 64, 46, 247, 55, 207, 102, 163, 143, 240, 245, 191, 212, 266, 59, 202, 83, 260, 1, 94, 115, 60, 217, 205, 223, 153, 95, 168, 162, 149, 75, 211, 170, 200, 84, 157, 31, 78, 264, 161, 142, 40, 230, 193, 178, 44]
[53, 35, 193, 130, 97, 71, 58, 143, 182, 144, 265, 139, 86, 133, 77, 258, 74, 201, 34, 94, 153, 196, 223, 229, 50, 235, 70, 49, 236, 59, 214, 107, 169, 147, 233, 197, 221, 255, 64, 209, 87, 249, 2, 100, 117, 65, 212, 217, 157, 101, 173, 168, 154, 79, 207, 175, 88, 161, 33, 82, 253, 167, 146, 42, 225, 183, 47, 56, 61, 188]
[47, 32, 180, 120, 89, 63, 52, 132, 170, 133, 190, 128, 78, 123, 69, 183, 66, 31, 87, 140, 45, 62, 44, 167, 53, 98, 156, 136, 163, 187, 57, 79, 175, 1, 92, 108, 58, 151, 145, 93, 141, 72, 148, 80, 30, 75, 178, 135, 38, 158, 42, 50, 26]
[52, 36, 191, 129, 95, 70, 57, 141, 182, 142, 248, 138, 85, 132, 76, 241, 73, 200, 35, 93, 149, 195, 219, 50, 69, 49, 223, 58, 211, 106, 167, 145, 225, 196, 238, 63, 206, 86, 233, 1, 100, 116, 64, 204, 154, 101, 173, 165, 150, 78, 213, 175, 87, 159, 34, 82, 236, 164, 144, 43, 218, 183, 47, 55, 59, 126]
[103, 68, 256, 194, 139, 116, 278, 280, 104, 273, 172, 261, 155, 114, 149, 66, 188, 100, 136, 97, 137, 117, 212, 299, 167, 293, 56, 233, 197, 255, 250, 218, 239, 146, 61, 207, 87, 77, 1, 98, 118, 62, 222, 210, 263, 157, 99, 297, 166, 154, 80, 237, 253, 174, 205, 88, 161, 30, 83, 303, 165, 148, 39, 270, 199, 228, 182, 252, 44, 53, 58, 187, 238, 127, 35, 119, 151, 243, 275, 26, 204, 301, 170]
[55, 37, 205, 138, 101, 72, 59, 152, 192, 153, 287, 148, 90, 142, 270, 79, 279, 75, 213, 36, 99, 162, 208, 235, 241, 53, 248, 71, 51, 256, 60, 225, 111, 178, 157, 253, 209, 232, 276, 64, 219, 91, 271, 1, 103, 122, 65, 223, 237, 167, 104, 182, 177, 163, 81, 252, 184, 217, 92, 172, 35, 85, 274, 176, 156, 43, 245, 211, 193, 48, 57, 61]
[103, 68, 261, 197, 140, 114, 285, 287, 104, 280, 176, 267, 155, 113, 148, 66, 192, 304, 98, 138, 95, 139, 115, 216, 295, 116, 319, 126, 179, 314, 3, 202, 238, 129, 227, 215, 300, 157, 97, 316, 167, 154, 75, 242, 281, 297, 209, 85, 161, 31, 79, 322, 166, 147, 42, 145, 293, 233, 187, 264, 46, 53, 58, 191, 265, 237, 128, 37, 117, 151, 270, 283, 26, 208, 57, 174, 72, 156, 305, 232, 292, 194, 159, 306, 23, 144]
[49, 33, 123, 92, 67, 54, 136, 138, 159, 133, 81, 127, 73, 151, 70, 31, 90, 72, 93, 105, 108, 23, 119, 130, 111, 140, 22, 128, 26, 101, 147, 79, 141, 125, 129, 150, 103, 114, 69, 28, 98, 40, 35]
[52, 35, 196, 132, 97, 68, 57, 145, 185, 146, 266, 141, 85, 135, 75, 259, 71, 206, 34, 94, 154, 199, 229, 236, 50, 67, 49, 239, 58, 222, 105, 171, 150, 241, 200, 227, 256, 62, 215, 86, 251, 1, 99, 117, 63, 219, 160, 100, 175, 170, 156, 77, 207, 178, 87, 164, 33, 82, 254, 169, 149, 43, 228, 186, 47, 54, 59, 128, 38]
[52, 34, 124, 94, 68, 56, 137, 138, 164, 133, 83, 127, 75, 158, 71, 32, 92, 145, 50, 67, 49, 144, 57, 102, 141, 113, 95, 161, 121, 105, 116, 70, 28, 100, 43, 37, 0, 143, 139, 29, 108, 140, 123, 76, 146]
[52, 35, 133, 99, 69, 56, 145, 146, 182, 141, 85, 136, 75, 176, 72, 34, 97, 154, 50, 68, 49, 160, 57, 110, 150, 156, 174, 63, 86, 168, 1, 159, 144, 153, 32, 115, 155, 175, 77, 161, 170, 83, 148, 38, 124, 179, 162]
[110, 77, 272, 207, 144, 121, 295, 297, 111, 290, 180, 277, 160, 120, 151, 75, 198, 314, 105, 142, 102, 143, 122, 225, 305, 123, 346, 130, 182, 341, 4, 211, 248, 133, 320, 214, 316, 165, 163, 184, 73, 172, 288, 302, 90, 298, 98, 115, 125, 265, 82, 124, 154, 349, 175, 30, 276, 217, 63, 179, 81, 161, 258, 332, 242, 318, 254, 251, 202, 315, 334, 27, 147, 44, 326, 45, 294, 25, 78, 196, 28, 280, 108, 65, 239, 191, 340, 285, 177, 250, 309]
[54, 36, 193, 131, 98, 71, 58, 144, 184, 145, 218, 140, 86, 134, 77, 211, 74, 34, 96, 153, 51, 70, 50, 194, 59, 107, 169, 148, 191, 208, 64, 87, 203, 1, 100, 119, 65, 180, 159, 101, 174, 168, 154, 79, 171, 88, 163, 33, 83, 206, 147, 43, 186, 48, 56, 60, 128]
[55, 37, 128, 98, 72, 59, 142, 143, 162, 139, 87, 133, 79, 156, 75, 36, 96, 78, 99, 110, 113, 24, 124, 136, 117, 145, 22, 134, 27, 107, 153, 85, 146, 130, 135, 155, 109, 120, 74, 30, 104, 47, 39]
[57, 37, 197, 135, 101, 75, 63, 148, 188, 149, 239, 144, 90, 138, 82, 232, 79, 207, 36, 99, 158, 200, 54, 74, 52, 212, 64, 111, 173, 154, 209, 201, 229, 68, 91, 224, 1, 103, 122, 69, 195, 162, 105, 178, 172, 159, 84, 186, 180, 92, 167, 34, 87, 227, 171, 153, 43, 203, 50, 60, 65]
[52, 34, 191, 130, 98, 69, 56, 142, 181, 143, 220, 139, 86, 134, 77, 213, 72, 201, 33, 95, 151, 194, 50, 68, 49, 193, 57, 108, 167, 147, 190, 210, 61, 87, 204, 2, 100, 119, 64, 178, 155, 101, 171, 166, 152, 79, 169, 89, 161, 32, 82, 208, 146, 42, 184, 47, 54, 58]
[52, 35, 188, 128, 94, 67, 56, 140, 179, 141, 192, 136, 82, 131, 74, 185, 71, 34, 92, 149, 50, 66, 48, 169, 57, 102, 145, 166, 182, 61, 83, 177, 1, 96, 113, 62, 155, 97, 150, 76, 171, 84, 33, 79, 180, 41, 69, 156, 111, 88, 139]
[99, 68, 256, 188, 134, 109, 279, 281, 100, 274, 166, 261, 148, 108, 142, 65, 183, 297, 96, 131, 93, 133, 111, 206, 288, 112, 326, 119, 168, 320, 3, 193, 231, 121, 299, 195, 153, 152, 170, 63, 158, 273, 285, 80, 282, 89, 105, 57, 181, 300, 230, 120, 35, 113, 144, 329, 160, 26, 260, 198, 56, 165, 72, 149, 241, 312, 226, 315, 238, 234, 185, 295, 313, 23, 138, 39, 275, 40, 253, 21, 69, 286, 24, 257, 97, 283, 224, 177, 319, 262]
[50, 33, 127, 92, 66, 55, 139, 140, 158, 135, 81, 130, 73, 152, 69, 32, 90, 72, 93, 105, 108, 23, 122, 133, 113, 142, 22, 131, 27, 102, 149, 79, 143, 128, 132, 151, 104, 118, 68, 29, 98, 41, 35]
[55, 36, 187, 128, 97, 71, 59, 139, 178, 140, 266, 136, 86, 131, 78, 259, 74, 196, 35, 95, 149, 191, 217, 223, 51, 231, 70, 50, 239, 60, 209, 105, 164, 143, 234, 192, 214, 256, 64, 202, 87, 251, 1, 99, 116, 66, 205, 243, 154, 100, 168, 163, 151, 80, 227, 170, 200, 88, 158, 34, 83, 254, 162, 142, 43, 225, 179, 48, 57, 61, 183, 124]
[48, 32, 186, 125, 94, 67, 54, 138, 176, 139, 247, 134, 84, 128, 75, 240, 70, 194, 31, 92, 148, 189, 213, 220, 46, 66, 45, 222, 55, 206, 103, 163, 142, 216, 190, 237, 61, 201, 85, 231, 1, 97, 114, 62, 202, 152, 98, 167, 161, 149, 77, 193, 169, 86, 156, 30, 81, 235, 160, 141, 39, 209, 177, 43, 51, 57, 122, 34]
[50, 32, 190, 129, 97, 68, 56, 142, 180, 143, 246, 139, 85, 134, 76, 239, 71, 200, 31, 95, 151, 194, 221, 48, 67, 47, 219, 58, 214, 107, 166, 146, 216, 195, 236, 62, 87, 231, 1, 99, 118, 63, 226, 155, 100, 170, 165, 152, 78, 243, 172, 88, 160, 30, 81, 234, 164, 145, 41, 207, 45, 54, 59, 126, 35]
[25, 16, 92, 63, 46, 33, 27, 69, 88, 70, 126, 68, 40, 65, 36, 119, 35, 97, 124, 45, 73, 95, 24, 120, 23, 101, 109, 50, 80, 71, 98, 116, 29, 42]
[100, 65, 252, 188, 132, 109, 277, 279, 101, 272, 165, 257, 146, 108, 139, 63, 183, 295, 97, 130, 92, 131, 110, 205, 286, 111, 320, 119, 167, 315, 3, 192, 228, 121, 293, 194, 150, 149, 170, 61, 158, 270, 79, 136, 294, 221, 177, 299, 43, 50, 54, 182, 280, 226, 120, 35, 112, 142, 323, 160, 26, 256, 197, 53, 164, 70, 147, 237, 306, 220, 291, 234, 231, 185, 289, 307, 23, 135, 39, 262, 40, 241, 21, 66, 273, 24, 244, 98, 274]
[52, 35, 188, 129, 95, 68, 56, 141, 179, 142, 208, 138, 84, 133, 76, 199, 72, 34, 93, 149, 50, 67, 48, 183, 57, 105, 165, 145, 180, 195, 61, 85, 190, 1, 97, 116, 62, 168, 154, 99, 150, 78, 161, 86, 158, 33, 81, 193, 144, 41, 174, 45, 54, 58, 125]
[50, 34, 124, 91, 65, 54, 136, 137, 162, 132, 80, 127, 72, 156, 68, 33, 89, 47, 64, 46, 141, 55, 103, 153, 78, 146, 27, 112, 93, 159, 121, 105, 116, 67, 30, 100, 41, 36, 0, 140, 138, 31, 107, 102]
[52, 35, 126, 96, 69, 57, 139, 178, 140, 186, 135, 84, 130, 75, 180, 72, 34, 92, 148, 50, 68, 49, 162, 58, 105, 143, 159, 177, 63, 85, 172, 2, 98, 115, 64, 149, 99, 77, 145, 86, 33, 42, 181, 81, 131, 168, 20, 71, 150, 113]
