0.8613681197166443
0.8607026934623718
0.9556606411933899
0.9854034781455994
0.8805796504020691
0.9792203307151794
0.8309831619262695
0.9724031090736389
0.7938063144683838
0.9804208278656006
0.8745434284210205
0.9207810163497925
0.9681088924407959
0.9819762706756592
0.8833121657371521
0.984301745891571
0.8862109780311584
0.9543196558952332
0.9076921939849854
0.9611520171165466
0.877219021320343
0.9683676362037659
0.9169068336486816
0.9516952633857727
0.9464503526687622
0.9392416477203369
0.9334115982055664
0.9606139659881592
0.9576252102851868
0.9680534601211548
0.9277805685997009
0.9708695411682129
0.8960303664207458
0.9606031179428101
0.9572581648826599
0.8627455830574036
0.9651650190353394
0.7257156372070312
0.9018800854682922
0.9598125219345093
0.841707170009613
0.9591497778892517
0.9204587340354919
0.9839707016944885
0.9681777954101562
0.9854512810707092
0.9490193724632263
0.9757542610168457
0.9687614440917969
0.9666671752929688
0.867768406867981
0.8974078893661499
0.7955181002616882
0.8935896158218384
0.9319548010826111
0.955996036529541
0.946430504322052
0.9659678936004639
0.9193615317344666
0.9830799102783203
0.9210243821144104
0.7758450508117676
0.7632677555084229
0.9298301339149475
0.9510165452957153
0.9416696429252625
0.9619624614715576
0.9606149196624756
0.9770049452781677
0.9517815709114075
0.8324876427650452
0.9659298658370972
0.9089074730873108
0.9771345853805542
0.9216535687446594
0.934211790561676
0.8912200331687927
0.9818865060806274
0.9199692010879517
0.9527880549430847
0.9539231657981873
0.9665175080299377
0.877631664276123
0.9774155616760254
0.8982524275779724
0.9839091897010803
0.936610758304596
0.9699582457542419
0.9329611659049988
0.9168230891227722
0.9725334644317627
0.974264919757843
0.9529919028282166
0.9002373814582825
0.9416746497154236
0.9161829948425293
0.9273313283920288
0.9895805716514587
0.9542320966720581
0.9728235602378845
0.9504137635231018
0.9702561497688293
0.9428272247314453
0.890794038772583
0.9466785192489624
0.9782245755195618
0.9403532147407532
0.9673786163330078
0.8327379822731018
0.9831831455230713
0.9282101392745972
0.9455323219299316
0.9373896718025208
0.9448962211608887
0.9701829552650452
0.9781709313392639
0.8727332949638367
0.9719527363777161
0.8620659112930298
0.9782236218452454
0.8146345019340515
0.7675175666809082
0.9280282855033875
0.9369341135025024
0.903377115726471
0.9331657886505127
0.949076235294342
0.9199533462524414
0.9646402597427368
0.9409047365188599
0.9349817037582397
0.9581046104431152
0.9771888852119446
0.9875458478927612
0.9365805387496948
0.9223040342330933
0.9402956366539001
0.9856162667274475
0.875847578048706
0.9229139685630798
0.9206474423408508
0.9085164666175842
0.9470930695533752
0.9598097205162048
0.8976980447769165
0.9727484583854675
0.9184213876724243
0.9624936580657959
0.9434675574302673
0.9862088561058044
0.886108934879303
0.9564607739448547
0.93655925989151
0.9763991832733154
0.9304370880126953
0.9861540198326111
0.8975582718849182
0.892630398273468
0.9398512840270996
0.9100190997123718
0.9223567247390747
0.968667209148407
0.8642109632492065
0.9733685255050659
0.9270489811897278
0.9807084798812866
0.8624159097671509
0.9609997272491455
0.946818470954895
0.8708431124687195
0.8876864314079285
0.9565533995628357
0.9141561388969421
0.9159836173057556
0.9280763864517212
0.9133831858634949
0.820771336555481
0.934086799621582
0.971398115158081
0.9499773979187012
0.9001471400260925
0.9485654830932617
0.9389330148696899
0.976237416267395
0.8721017837524414
0.957512378692627
0.9073225855827332
0.9163419604301453
0.9023575186729431
0.9920603632926941
0.968369722366333
0.9887744188308716
0.87668377161026
0.9678683280944824
0.9552228450775146
0.8739633560180664
0.9405354857444763
0.9733915328979492
0.7690328359603882
0.9730543494224548
