0.9934454783797264
0.9945089022318522
0.9407828897237778
0.9942006894520351
0.9932685047388077
0.9941032366319136
0.7201049886643887
0.9943917393684387
0.9940121571222941
0.8056451596319676
0.9106299305179467
0.9943797455893623
0.9933137372136116
0.9764539241790772
0.9291427565945519
0.9934783776601156
0.8880645632743835
0.9943037405610085
0.9945239974902227
0.9886597156524658
0.8718150518834591
0.994425892829895
0.89601737447083
0.9150110549396939
0.9927760481834411
0.9942237834135691
0.9265059368176893
0.8769861807425817
0.9718949546416601
0.8527140076205667
0.87080050597433
0.994173014163971
0.9317298659256527
0.9125780849717557
0.9281194128773429
0.8760894189278284
0.9058458934227626
0.9944635728995005
0.794023223221302
0.993755647114345
0.9943782346589225
0.9944249050957816
0.992629162967205
0.8802495673298836
0.9069029191000895
0.9394621074199676
0.979052505322865
0.9345117365320523
0.9943473935127258
0.9934584379196167
0.8511429823935032
0.9093841399465289
0.9936637977759043
0.9607120156288147
0.9660225340298244
0.9720878980376504
0.990503021648952
0.9933431347211202
0.8711723973974586
0.9273928023253878
0.993779053290685
0.994416880607605
0.9342800378799438
0.9908953138760158
0.9730054650987897
0.9940908876332369
0.8870693461762534
0.9944956047194344
0.9885119696458181
0.9930814385414124
0.8449369609355927
0.9196517169475555
0.9940996368726095
0.9936217115475581
0.9353271641514518
0.994466933939192
0.9909272193908691
0.9901876250902811
0.9791296422481537
0.9918324838985096
0.8768187441996166
0.99386398990949
0.9929198755158318
0.9388828128576279
0.9937034845352173
0.9944227072927687
0.988095608624545
0.9944320246577263
0.9889602164427439
0.9938609898090363
0.9939797195521268
0.994058755311099
0.9653756684727139
0.9938945695757866
0.9880005584822761
0.9739357829093933
0.9907544595854623
0.9029145233163779
0.9506617784500122
0.9944228455424309
0.9929757714271545
0.9052110085771843
0.848278272483084
0.9929285824298859
0.9941352605819702
0.9912566434253346
0.9884830798421588
0.9938910404841105
0.9881592988967896
0.7811511850191487
0.8899246156215668
0.9189810685136102
0.994472861289978
0.9128606845624745
0.9915244834763663
0.9036307595670223
0.9656861159536574
0.9934799406263564
0.9376512244343758
0.9704754581818213
0.9815826145085421
0.9945120140910149
0.9421346452501085
0.9944192692637444
0.8927658144384623
0.9921425481637319
0.9917099530046637
0.9946121513843537
0.9927629133065542
0.9923431277275085
0.9915196448564529
0.977673159705268
0.9921602805455526
0.8753839855392774
0.9224101066589355
0.9944886896345351
0.877378641317288
0.9925249923359264
0.990510880947113
0.9944736427730985
0.9941231846809387
0.9943649513380868
0.9874121059070934
0.9944966094834464
0.9231374338269234
0.994386576116085
0.9941311138016837
0.9938945041762458
0.9167749881744385
0.9943287074565887
0.9940819825444903
0.9933402074707879
0.8698105602234136
0.9929341290678296
0.9942828416824341
0.9941227757013761
0.8758610529558999
0.9886900697435651
0.9911527103847928
0.9944356169019427
0.9929596185684204
0.9934628506501516
0.994460329413414
0.9152390685948458
0.9432699726178095
0.9940220959046308
0.9016145467758179
0.9923699796199799
0.8719102405011654
0.9943792621294657
0.8954742683304681
0.9918592951514504
0.9700204014778138
0.8961907112039625
0.9937504096464678
0.8542079329490662
0.9675262371699015
0.9248389273881912
0.9735509753227234
0.9295743614435196
0.9936485716274807
0.9943583824417808
0.7637961581349373
0.9944528341293335
0.8566786144909105
0.8673987597227096
0.9937008619308472
0.9936798989772797
0.9852847933769227
0.9060669957914136
0.8687132815165179
0.9944132193922997
0.9937386247846816
0.8740399605594575
0.9940527498722076
0.8057803623378277
0.9523202072490345
0.9360231980681419
0.9937056203683218
0.9942343575613839
