0.9321265742182732
0.7587745069629617
0.603190878557507
0.36007201864517163
0.5218052174896002
0.5518208593976769
0.3577369973063469
0.7403438149485737
0.493948745696495
0.619894552230835
0.8132057264447212
0.8069611289021041
0.735574621707201
0.5006967468187213
0.7323334527512392
0.46653691411484033
0.655793520641358
0.8534038823563606
0.9519933141194857
0.6440029656514525
0.7406107857823372
0.6607050150632858
0.48228622041642666
0.829026216123667
0.5305219996720553
0.4099708078429103
0.8157061873935163
0.5348140515076617
0.7008774013568958
0.48308349713417037
0.5992316253250465
0.7631266601383686
0.6127885620974537
0.5623264287908872
0.5366900883276354
0.8518203943967819
0.6147674320420872
0.6691493064475557
0.8285418599843979
0.8326024617999792
0.9150684986795697
0.7338357317660537
0.9491298794746399
0.6513958048696319
0.7363520090214231
0.6365964721888304
0.6551815122365952
0.6000294893048703
0.5969405500218272
0.5901860695332288
0.6403291356284171
0.6012723413961274
0.7816296083231767
0.9617277979850769
0.6340159559622407
0.658985012634234
0.5170713219475667
0.6851829240719477
0.47943999618291855
0.7060984019190073
0.5572959780693054
0.9598230242729187
0.9311875055233637
0.9793464030538287
0.9703159587723869
0.6333284975791519
0.46667597968027824
0.45230343997744576
0.6272558073202769
0.6018431000760757
0.7658028423786163
0.6345677582818704
0.8404195706049601
0.8999811863669982
0.5477797021581368
0.5261101488851838
0.657067627646029
0.8364992290735245
0.5652347959153953
0.5274539574642073
0.6265818894441638
0.7748663895763457
0.8285765432649188
0.6726284283213317
0.981678823630015
0.8505616982777914
0.9192076162858442
0.7310036433627829
0.666989851432542
0.45542181670316495
0.5536745607598939
0.6893611265536905
0.6722375108963914
0.8895738869905472
0.7763475775459988
0.9795640508333842
0.8186249307223729
0.6541607068343596
0.34200099678128026
0.5947603912209161
0.7062374569475651
0.7196924286809835
0.4648551940400567
0.4587872227653861
0.9916987776756286
0.4977167769525708
0.3342268791581903
0.5448936820030212
0.799738145772911
0.4775621545656274
0.5416690259551008
0.8123004077510401
0.6419592356930176
0.6773493255799016
0.7270154551203761
0.676281251013279
0.6719592682008321
0.8829061604208417
0.7896090459689731
0.6480989533906373
0.49249896918296476
0.9885875806212425
0.7515222194294134
0.671278539171908
0.8609632775187492
0.6754948167751232
0.8151184990155426
0.8604979485273361
0.5599278042403361
0.5282033185164133
0.6215732470736839
0.6681034039809473
0.5109398496570066
0.6467129293208321
0.6025979479944165
0.7651133502109183
0.4571347978198901
0.8311253225811842
0.775147445499897
0.7692229157934586
0.6065093260258436
0.853414101260049
0.6780132881619714
0.9105863996914455
0.9286818876862526
0.7042369097471237
0.6727717565372586
0.6797185644714369
0.5592864395252296
0.8232581665118536
0.8664651129926954
0.6029373612254858
0.4831959951261524
0.7715881283261946
0.9347666331699916
0.567684707733301
0.6496373701042363
0.7769760497446571
0.5283217631901304
0.6114485675518934
0.822872093723466
0.6386293265968561
0.885065009817481
0.7193747990849343
0.5446886915865784
0.8503772882635102
0.6761256785830483
0.6485728586092592
0.4224112587689888
0.5294217003716363
0.606664851307869
0.769043530760841
0.5578013292513788
0.6120819203555584
0.7808963544031774
0.6507832520375294
0.8650587813721763
0.6850248023867607
0.6280814582908837
0.5438585955106343
0.93367052929742
0.6542032300071283
0.5599861219525337
0.6017586768139154
0.5690670017594177
0.525771202147007
0.725022590053933
0.7827743753790856
0.9116835176944733
0.5367151073772799
0.7051133100259384
0.32292282581329346
0.7505126115348604
0.6687223747139797
0.6548767128959299
0.6684956272656564
0.6268594489348206
0.4016142383625265
0.8337698814769586
0.8134806166802134
