0.9363052248954773
0.8632543683052063
0.9299390316009521
0.9033898115158081
0.7399189472198486
0.9340221285820007
0.9191219806671143
0.967954158782959
0.9148518443107605
0.9536535739898682
0.8892682194709778
0.9378137588500977
0.9573763012886047
0.9411372542381287
0.9355959892272949
0.8105132579803467
0.8382961750030518
0.9696288108825684
0.8429268598556519
0.9216054081916809
0.913018524646759
0.9494523406028748
0.92088383436203
0.9315915107727051
0.8689221739768982
0.8376124501228333
0.9401442408561707
0.8885692954063416
0.9563136100769043
0.9091666340827942
0.9323762655258179
0.9562187790870667
0.8912052512168884
0.9305947422981262
0.8470911979675293
0.8652625679969788
0.9569693803787231
0.8798769116401672
0.9247815608978271
0.865096390247345
0.9745891094207764
0.9489262700080872
0.9671319127082825
0.8941200375556946
0.9608375430107117
0.9277717471122742
0.8213397264480591
0.9629455208778381
0.8672711253166199
0.9429437518119812
0.8698715567588806
0.8155051469802856
0.9202781915664673
0.8880738615989685
0.93504399061203
0.9062831997871399
0.9227955341339111
0.8543632626533508
0.839278519153595
0.9663963317871094
0.8670819997787476
0.745056688785553
0.9399153590202332
0.9243463277816772
0.9483678936958313
0.9395647048950195
0.935923159122467
0.8699106574058533
0.9133625030517578
0.8843057751655579
0.9269994497299194
0.8864076733589172
0.9218760132789612
0.9686918258666992
0.9192400574684143
0.9152479767799377
0.8470057249069214
0.8783851861953735
0.9417968988418579
0.948371946811676
0.7876768112182617
0.9589719176292419
0.8614783883094788
0.7192332148551941
0.9222503900527954
0.9570805430412292
0.9057694673538208
0.9617127776145935
0.9518011212348938
0.893968403339386
0.9740375876426697
0.955446183681488
0.9502180814743042
0.8917261362075806
0.9422776699066162
0.8923410773277283
0.8737502694129944
0.9341506361961365
0.9541423916816711
0.9562433958053589
0.9246730804443359
0.9550813436508179
0.8664355278015137
0.8435876369476318
0.9593780636787415
0.9028499722480774
0.9296959042549133
0.8696005344390869
0.9327685832977295
0.9685953855514526
0.9313803911209106
0.942158579826355
0.944796621799469
0.8602588772773743
0.8513903617858887
0.889711320400238
0.9508999586105347
0.8390504121780396
0.8518974781036377
0.9379173517227173
0.9413412809371948
0.8858802914619446
0.9438573122024536
0.9157300591468811
0.9258543848991394
0.9287246465682983
0.863132119178772
0.869910478591919
0.9427581429481506
0.942937433719635
0.9130350351333618
0.9011630415916443
0.942793071269989
0.859086811542511
0.9538102746009827
0.8357229828834534
0.8882375955581665
0.9841055870056152
0.8122243881225586
0.846943199634552
0.9618327021598816
0.8878133893013
0.922581136226654
0.9162221550941467
0.8652341961860657
0.8736770749092102
0.8983956575393677
0.9454896450042725
0.9541265368461609
0.8275834321975708
0.9401109218597412
0.8861635327339172
0.920749843120575
0.9590438604354858
0.9589588642120361
0.9547664523124695
0.9119905233383179
0.8538482785224915
0.9040465354919434
0.8834391832351685
0.8705728650093079
0.9154128432273865
0.9633083343505859
0.9727156758308411
0.9555849432945251
0.9172142148017883
0.8923628330230713
0.9488164782524109
0.9180952906608582
0.8520584106445312
0.8619540929794312
0.9316044449806213
0.9324065446853638
0.9103402495384216
0.9240157008171082
0.9066269993782043
0.795907199382782
0.8772935271263123
0.8850832581520081
0.9248807430267334
0.960891604423523
0.9291061162948608
0.949966549873352
0.9596296548843384
0.9359861016273499
0.9556377530097961
0.9615243673324585
0.897408664226532
0.872431218624115
0.9307595491409302
0.9714245200157166
0.934187114238739
0.8706814050674438
0.8109869956970215
0.8572189211845398
0.8605070114135742
0.9489171504974365
0.9592329859733582
0.8351343274116516
0.9399594664573669
