0.9617045521736145
0.9985937476158142
0.968259871006012
0.9981434941291809
0.954495906829834
0.9981529116630554
0.8991390466690063
0.9995144605636597
0.9358474612236023
0.99839848279953
0.9451212286949158
0.9890758395195007
0.9820459485054016
0.9961321353912354
0.9268222451210022
0.9975622892379761
0.901269793510437
0.9987217783927917
0.920708417892456
0.9976300001144409
0.8933343291282654
0.9961661100387573
0.9794713854789734
0.9962950944900513
0.9788020253181458
0.9981844425201416
0.9408737421035767
0.9963048100471497
0.985511839389801
0.9985654354095459
0.9399355053901672
0.9893141984939575
0.919378936290741
0.9965670108795166
0.9774903655052185
0.8942075967788696
0.980246365070343
0.9981057643890381
0.9301611185073853
0.9974973201751709
0.8766734004020691
0.9986110925674438
0.9352526664733887
0.9993595480918884
0.9749283790588379
0.9995556473731995
0.978485107421875
0.9975433945655823
0.9797651171684265
0.9984725713729858
0.9615024924278259
0.9959357380867004
0.846480131149292
0.9977932572364807
0.9525432586669922
0.9971854090690613
0.9777469635009766
0.9904210567474365
0.9658242464065552
0.9995168447494507
0.9345880746841431
0.9989175796508789
0.8052552938461304
0.9742268919944763
0.9806974530220032
0.9994760751724243
0.9693354964256287
0.9991389513015747
0.9780266880989075
0.9993559122085571
0.8685437440872192
0.9937232136726379
0.9045655131340027
0.9989380836486816
0.9753026366233826
0.9950323700904846
0.9247915744781494
0.993867039680481
0.960814893245697
0.9988338947296143
0.9645764231681824
0.9983413219451904
0.9104239344596863
0.9989891052246094
0.9801023602485657
0.9985365271568298
0.9479947090148926
0.9919200539588928
0.9372444152832031
0.9939454793930054
0.980390727519989
0.9973142743110657
0.9899320602416992
0.9392827153205872
0.9730470776557922
0.9790406823158264
0.9504228830337524
0.9967923760414124
0.9665345549583435
0.998035728931427
0.9722980260848999
0.9901034832000732
0.9535645842552185
0.9596239328384399
0.9720157980918884
0.9942063093185425
0.9789347648620605
0.9970024824142456
0.8440783619880676
0.9979784488677979
0.9423104524612427
0.9875537753105164
0.9632226824760437
0.99960857629776
0.9869489669799805
0.9979870319366455
0.9459899663925171
0.9870457053184509
0.9173926711082458
0.9988024234771729
0.9033279418945312
0.9973940849304199
0.9744587540626526
0.9984493851661682
0.9405302405357361
0.9981458783149719
0.9725058674812317
0.9989585876464844
0.9807773232460022
0.9989638924598694
0.9512169361114502
0.9945796132087708
0.9795055389404297
0.9935715198516846
0.957843542098999
0.9764079451560974
0.973922848701477
0.9978679418563843
0.9595812559127808
0.9972120523452759
0.9624354839324951
0.9996097087860107
0.9649475812911987
0.9975860118865967
0.9432346820831299
0.9982408285140991
0.9320825934410095
0.9957764744758606
0.969143271446228
0.9971080422401428
0.9661147594451904
0.9974406957626343
0.9687188863754272
0.9966505765914917
0.9629400968551636
0.9994670152664185
0.9332543015480042
0.9984543323516846
0.9726996421813965
0.999113917350769
0.9019311666488647
0.9918287396430969
0.8974062204360962
0.99910968542099
0.9661358594894409
0.9988821148872375
0.9045287370681763
0.9997498393058777
0.966728925704956
0.9601141214370728
0.95494544506073
0.9975137710571289
0.972687840461731
0.9952922463417053
0.9578105807304382
0.9931917786598206
0.8498882055282593
0.9862005114555359
0.9764647483825684
0.9982757568359375
0.9457303881645203
0.9977485537528992
0.9607146978378296
0.9912990927696228
0.9688433408737183
0.9950380921363831
0.9674080610275269
0.9906994700431824
0.9087159633636475
0.999724268913269
0.985643208026886
0.9992383122444153
0.976128339767456
0.9981305599212646
0.9738321900367737
0.9369401335716248
0.9842780828475952
0.9972922801971436
0.852636992931366
0.9964918494224548
