[55, 36, 194, 132, 101, 72, 60, 144, 185, 145, 216, 141, 89, 136, 79, 210, 76, 35, 98, 153, 53, 70, 51, 214, 61, 109, 170, 149, 191, 207, 65, 90, 202, 1, 103, 121, 66, 178]
[50, 34, 185, 126, 92, 66, 55, 137, 175, 138, 232, 134, 81, 129, 73, 225, 69, 193, 33, 90, 147, 188, 48, 65, 47, 207, 56, 101, 162, 141, 204, 189, 222, 60, 82, 217, 1, 94, 112, 61, 192, 151, 95]
[50, 34, 188, 127, 95, 70, 56, 140, 179, 141, 259, 137, 85, 131, 76, 253, 73, 196, 32, 93, 149, 191, 215, 222, 48, 228, 69, 47, 231, 58, 208, 104, 165, 145, 232, 192, 213, 250, 62, 203, 86, 245, 1, 98, 115, 64, 206]
[52, 36, 189, 131, 96, 69, 57, 143, 180, 144, 191, 139, 84, 134, 76, 185, 72, 35, 93, 151, 49, 67, 48, 170, 58, 107, 147, 167, 182, 62, 85, 177, 1, 99]
[48, 32, 126, 95, 64, 52, 139, 140, 182, 136, 83, 131, 70, 177, 67, 31, 93, 148, 45, 63, 44, 161, 53, 103, 143, 158, 175, 57, 84, 170, 1, 97, 115]
[51, 35, 190, 128, 95, 68, 56, 140, 180, 141, 211, 136, 85, 131, 75, 205, 72, 34, 93, 150, 49, 67, 48, 189, 58, 105, 165, 146, 185, 202, 62, 86, 196, 1, 98, 116, 63, 173]
[49, 33, 122, 92, 66, 54, 135, 136, 154, 131, 81, 126, 72, 149, 69, 123, 95, 16, 44, 71, 93, 105, 108, 24, 118, 111, 32, 22]
[51, 34, 128, 95, 68, 55, 139, 140, 169, 136, 85, 131, 75, 164, 72, 33, 93, 147, 49, 67, 47, 149, 57, 105, 144, 162, 30, 103, 42, 36]
[55, 36, 97, 68, 50, 34, 27, 139, 73, 92, 74, 25, 72, 42, 69, 130, 38, 140, 37, 101, 17, 48, 78, 99, 111]
[25, 15, 92, 62, 46, 33, 27, 67, 87, 68, 107, 66, 40, 63, 36, 100, 35, 106, 45]
[101, 69, 259, 191, 136, 112, 281, 283, 102, 275, 169, 264, 151, 110, 144, 67, 185, 98, 134, 95, 135, 113, 209, 163, 294, 57, 232, 194, 258, 253, 217, 239, 140, 62, 205, 85, 74, 1, 96, 114, 63, 221, 208, 268, 153, 97, 298, 162, 150, 77, 237, 280, 171, 203, 86]
[48, 32, 192, 129, 93, 64, 53, 141, 182, 142, 226, 137, 79, 132, 71, 220, 68, 200, 31, 90, 150, 195, 45, 63, 44, 203, 54, 106, 167, 145, 199, 217, 58, 80, 212, 1, 96, 117, 59, 188]
[50, 34, 124, 94, 66, 54, 136, 137, 170, 133, 83, 127, 72, 165, 69, 33, 92, 144, 48, 65, 46, 150, 55, 102, 140, 147, 163, 59, 84, 158, 1]
[51, 33, 193, 130, 96, 68, 56, 143, 180, 144, 249, 140, 84, 134, 75, 243, 71, 205, 32, 93, 151, 198, 224, 49, 67, 48, 225, 57, 217, 107, 167, 147, 222, 199, 240, 61, 211, 85, 235, 1, 99, 118, 63, 207]
[53, 34, 196, 135, 99, 72, 58, 147, 186, 148, 229, 144, 86, 139, 78, 223, 75, 205, 33, 96, 157, 199, 49, 71, 47, 212, 59, 111, 171, 151, 201, 220, 65, 87, 215, 1, 101, 122, 66, 189]
[26, 18, 94, 65, 48, 34, 29, 70, 90, 71, 139, 69, 43, 66, 37, 133, 36, 99, 138, 47, 75, 97, 109, 113, 25]
[25, 16, 95, 67, 48, 35, 27, 72, 91, 73, 127, 71, 43, 68, 39, 121, 37, 100, 126, 47, 76, 98]
[49, 32, 179, 120, 90, 65, 53, 132, 169, 133, 197, 129, 80, 123, 72, 190, 68, 31, 88, 140, 47, 64, 46, 173, 54, 99, 155, 136, 170, 187, 59, 81, 181, 1, 92, 109, 60]
[104, 68, 258, 191, 140, 113, 281, 284, 105, 276, 170, 263, 154, 112, 147, 66, 186, 301, 100, 137, 97, 138, 114, 210, 291, 115, 340, 123, 172, 335, 3, 197, 234, 125, 313, 309, 199, 303, 158, 157, 175, 64, 163, 275, 288, 83, 285, 93, 109, 117, 252, 75, 235, 338, 57, 321, 151, 155, 243, 326, 229, 311]
[50, 34, 123, 92, 66, 55, 130, 67, 87, 68, 26, 137, 41, 63, 122, 37, 28, 36, 95, 17, 45, 72, 93, 104, 108, 25]
[50, 32, 193, 133, 98, 69, 55, 147, 184, 148, 203, 143, 86, 137, 76, 197, 72, 31, 94, 155, 48, 68, 47, 182, 57, 109, 170, 151, 178, 194, 62, 87, 189, 1, 101, 119]
[24, 15, 92, 63, 44, 31, 26, 68, 87, 69, 133, 67, 39, 64, 35, 127, 33, 96, 132, 43, 72, 94, 105, 108, 23]
[49, 34, 187, 126, 94, 66, 54, 137, 177, 138, 207, 134, 84, 129, 75, 201, 71, 33, 92, 145, 47, 65, 46, 186, 55, 103, 163, 141, 182, 198, 59, 85, 193, 1, 96, 113, 60, 171]
[51, 35, 188, 129, 95, 67, 56, 140, 179, 141, 227, 137, 85, 132, 75, 221, 72, 197, 34, 93, 149, 192, 49, 66, 48, 203, 57, 104, 163, 144, 199, 193, 218, 61, 86, 213, 1, 97, 116, 62, 186]
[26, 15, 96, 62, 46, 33, 28, 68, 91, 69, 127, 67, 41, 64, 37, 121, 36, 101, 126, 45, 72, 99]
[49, 33, 125, 93, 66, 54, 137, 177, 138, 187, 133, 81, 128, 72, 182, 69, 32, 91, 146, 47, 65, 46, 163, 55, 102, 142, 160, 179, 59, 83, 171, 1, 95, 112]
[48, 32, 184, 123, 90, 64, 52, 137, 174, 138, 245, 134, 80, 126, 71, 239, 67, 193, 31, 88, 145, 188, 213, 219, 46, 63, 45, 221, 54, 204, 99, 160, 141, 216, 189, 236, 58, 199, 81, 231, 1, 93, 110, 59, 200]
[49, 34, 120, 90, 65, 54, 131, 132, 173, 128, 80, 123, 71, 168, 68, 33, 88, 139, 47, 64, 46, 153, 55, 98, 135, 150, 166, 59, 81, 160, 1, 92, 108]
[53, 34, 193, 133, 100, 71, 57, 146, 183, 147, 222, 142, 88, 137, 79, 216, 75, 202, 33, 97, 154, 196, 50, 70, 49, 197, 59, 108, 169, 150, 194, 213, 63, 89, 207, 1, 102, 120, 64]
[50, 34, 184, 124, 91, 66, 55, 136, 174, 137, 191, 133, 81, 127, 73, 185, 69, 33, 89, 145, 48, 65, 47, 169, 56, 101, 161, 141, 166, 182, 60, 82, 177, 1, 94]
[51, 34, 126, 93, 66, 55, 137, 138, 159, 134, 82, 129, 73, 154, 70, 33, 91, 49, 65, 47, 143, 28, 103, 151, 80, 144, 153, 114, 94]
[50, 34, 186, 126, 92, 65, 54, 137, 176, 138, 277, 134, 81, 129, 255, 73, 271, 69, 195, 33, 89, 145, 189, 222, 228, 48, 249, 234, 64, 46, 247, 55, 212, 100, 160, 141, 244, 248, 190, 220, 268, 59, 204, 82, 260, 1, 94, 112, 60]
[50, 33, 193, 125, 92, 66, 54, 140, 183, 142, 263, 135, 81, 130, 72, 257, 69, 201, 32, 90, 152, 196, 221, 227, 48, 233, 65, 47, 234, 55, 214, 100, 168, 147, 231, 197, 219, 253, 60, 208, 82, 247, 1, 94, 113, 61, 212]
[102, 68, 258, 194, 136, 111, 282, 285, 103, 276, 172, 263, 256, 73, 54, 70, 259, 200, 31, 91, 150, 195, 220, 226, 47, 249, 234, 66, 45, 269, 56, 213, 291, 168, 143, 265, 270, 196, 257, 252, 218, 240, 140, 60, 208, 84, 286, 1, 96, 113, 61, 222, 211]
[54, 35, 190, 128, 96, 71, 59, 141, 181, 142, 233, 137, 85, 131, 77, 227, 74, 199, 34, 94, 149, 194, 52, 69, 51, 207, 60, 104, 166, 145, 204, 195, 222, 64, 86, 216, 1, 98, 115, 65, 231]
[24, 15, 89, 61, 46, 32, 26, 67, 85, 68, 126, 66, 39, 63, 35, 120, 34, 94, 125, 44, 71, 91, 103, 23]
[49, 33, 192, 128, 94, 67, 54, 139, 181, 140, 255, 136, 83, 131, 74, 249, 70, 201, 32, 92, 149, 196, 220, 226, 47, 66, 45, 228, 55, 212, 103, 165, 144, 225, 197, 218, 245, 60, 207, 84, 240, 1, 97, 114, 61]
[52, 32, 126, 94, 69, 56, 138, 139, 149, 135, 42, 66, 125, 34, 26, 33, 127, 97, 15, 46, 75, 95, 108, 111, 23, 122, 114]
[50, 33, 188, 130, 97, 66, 54, 142, 179, 143, 205, 139, 85, 134, 72, 199, 69, 32, 94, 150, 47, 64, 46, 183, 55, 107, 165, 146, 180, 196, 59, 86, 190, 1, 99, 118, 60]
[50, 32, 184, 123, 92, 67, 54, 135, 175, 137, 201, 132, 82, 126, 74, 193, 70, 31, 90, 146, 48, 66, 46, 177, 55, 101, 160, 141, 174, 190, 60, 83, 199, 1, 95, 111]
[48, 32, 182, 124, 92, 63, 52, 135, 173, 136, 184, 132, 81, 127, 72, 178, 67, 31, 89, 144, 46, 62, 45, 162, 53, 101, 140, 159, 175, 57, 82, 169, 1, 94]
[51, 34, 185, 125, 92, 67, 55, 136, 176, 138, 230, 133, 82, 128, 73, 224, 70, 194, 32, 90, 146, 188, 49, 65, 48, 206, 56, 101, 162, 142, 203, 189, 221, 60, 83, 216, 1, 94, 113, 61, 191, 150]
[50, 34, 187, 126, 95, 65, 54, 138, 177, 139, 199, 135, 82, 129, 72, 193, 69, 33, 92, 146, 48, 64, 47, 191, 55, 104, 163, 142, 174, 190, 59, 83, 184, 1, 97, 115]
[49, 32, 181, 123, 90, 65, 53, 134, 171, 135, 214, 131, 80, 126, 71, 207, 68, 189, 31, 88, 143, 184, 46, 64, 45, 188, 54, 99, 158, 139, 185, 204, 58, 81, 198, 1, 92, 110, 60, 174]
[52, 35, 194, 131, 96, 71, 57, 144, 182, 145, 201, 141, 85, 136, 77, 199, 74, 34, 94, 154, 50, 69, 49, 176, 58, 106, 169, 149, 173, 191, 62, 86, 184, 1, 98]
[51, 34, 190, 129, 94, 67, 55, 141, 179, 142, 250, 138, 81, 133, 73, 244, 70, 198, 33, 92, 150, 193, 218, 225, 48, 66, 47, 224, 56, 210, 104, 164, 146, 220, 194, 241, 60, 205, 83, 236, 2, 96, 115, 61, 219]
[114, 76, 270, 203, 148, 124, 293, 295, 115, 288, 180, 275, 162, 123, 156, 73, 198, 311, 109, 146, 106, 147, 125, 221, 302, 126, 343, 134, 182, 338, 3, 207, 244, 136, 317, 209, 166, 165, 185, 71, 172, 287, 299, 91, 296, 102, 120, 128, 261, 82, 127, 158, 346, 175, 33, 274, 214, 64, 179, 81, 163]
[104, 70, 263, 196, 139, 116, 286, 288, 106, 281, 172, 268, 153, 115, 147, 68, 191, 101, 137, 97, 138, 117, 214, 118, 311, 126, 209, 86, 76, 1, 98, 285, 294, 62, 225, 212, 284, 155, 99, 308, 167, 152, 78, 243, 273, 174, 207, 87, 160, 30, 82, 314, 165, 145, 39, 143]
[49, 34, 187, 125, 92, 67, 54, 138, 176, 140, 254, 134, 81, 128, 73, 248, 70, 195, 33, 90, 148, 190, 214, 220, 47, 227, 66, 46, 228, 55, 206, 102, 162, 143, 225, 191, 212, 245, 60, 201, 83, 240, 1, 94, 113, 61, 204]
[47, 32, 183, 123, 90, 63, 52, 134, 171, 135, 263, 131, 79, 126, 246, 70, 257, 67, 192, 31, 88, 143, 187, 212, 218, 45, 224, 62, 44, 234, 53, 204, 99, 157, 138, 231, 235, 188, 210, 254, 57, 199, 80, 247, 1, 92, 111, 58]
[28, 17, 99, 70, 54, 39, 31, 75, 94, 76, 142, 74, 48, 71, 44, 136, 41, 103, 141, 52, 80, 101, 112, 115, 27]
[57, 39, 132, 100, 73, 61, 144, 145, 185, 141, 89, 135, 80, 179, 77, 38, 98, 152, 55, 72, 54, 162, 62, 108, 148, 158, 176, 66, 90, 170, 1, 102]
[50, 34, 200, 133, 96, 68, 54, 149, 190, 151, 266, 146, 84, 139, 76, 260, 72, 209, 33, 94, 159, 204, 228, 236, 48, 66, 47, 237, 56, 221, 104, 174, 154, 234, 205, 256, 61, 215, 85, 250, 1, 98, 119, 62, 218]
[24, 16, 90, 60, 44, 32, 26, 66, 85, 67, 102, 65, 39, 62, 35, 96, 34, 101, 43]
[49, 33, 122, 90, 65, 53, 135, 136, 25, 140, 40, 62, 121, 35, 27, 34, 123, 93, 16, 44, 70, 91, 104, 107, 24, 111, 32]
[51, 35, 193, 130, 96, 66, 55, 143, 183, 144, 278, 140, 84, 134, 255, 73, 272, 70, 201, 34, 94, 153, 196, 222, 228, 49, 249, 234, 65, 48, 247, 56, 214, 104, 169, 148, 243, 248, 197, 219, 269, 60, 209, 85, 261, 1, 98, 115, 61]
[109, 72, 261, 199, 143, 118, 283, 286, 110, 278, 175, 267, 157, 117, 75, 262, 206, 34, 97, 154, 200, 226, 232, 52, 253, 274, 238, 70, 51, 276, 61, 218, 295, 171, 150, 271, 275, 201, 260, 255, 224, 245, 147, 65, 213, 89, 78, 1, 103, 120, 66, 228, 216]
[53, 35, 130, 94, 69, 57, 142, 143, 154, 139, 84, 66, 129, 38, 28, 37, 131, 97, 17, 47, 74, 95, 111, 114, 25, 126, 117]
[50, 34, 190, 131, 100, 69, 55, 143, 180, 144, 197, 140, 88, 135, 78, 191, 74, 33, 97, 152, 47, 68, 46, 174, 56, 108, 166, 148, 171, 188, 61, 89, 183, 1, 102]
[52, 35, 197, 127, 94, 67, 56, 141, 187, 142, 266, 138, 83, 130, 74, 260, 70, 206, 34, 92, 150, 200, 226, 232, 49, 238, 66, 48, 240, 57, 218, 103, 168, 145, 235, 201, 223, 257, 61, 213, 84, 251, 1, 96, 114, 62]
[52, 36, 131, 98, 72, 57, 142, 143, 161, 139, 87, 134, 79, 156, 75, 35, 96, 78, 99, 111, 114, 24, 126, 137, 119, 145, 23, 135]
[23, 15, 92, 61, 43, 31, 25, 67, 88, 68, 126, 66, 38, 62, 34, 120, 33, 97, 125, 42, 71, 95, 22]
[52, 35, 187, 126, 95, 69, 57, 268, 139, 178, 140, 280, 136, 84, 129, 250, 75, 273, 72, 253, 197, 34, 92, 147, 190, 216, 222, 50, 243, 229, 68, 49, 246, 58, 208, 103, 163, 143, 248, 247, 191, 213, 269, 63, 203, 85, 262, 1, 97, 113, 64]
[52, 35, 122, 92, 67, 56, 134, 172, 136, 182, 130, 82, 125, 73, 177, 70, 34, 90, 143, 50, 66, 49, 162, 57, 100, 139, 158, 174, 61, 83, 169, 1, 94, 111]
[49, 32, 192, 131, 98, 67, 54, 144, 183, 145, 222, 140, 86, 134, 74, 216, 70, 201, 31, 96, 154, 195, 47, 66, 46, 197, 55, 108, 170, 149, 194, 213, 60, 88, 207, 1, 100, 119, 61]
[51, 36, 186, 126, 95, 67, 55, 138, 175, 139, 269, 135, 84, 129, 248, 73, 263, 70, 196, 35, 92, 146, 190, 215, 221, 49, 241, 227, 66, 48, 239, 56, 207, 103, 161, 142, 236, 240, 191, 213, 260, 60, 202, 85, 254, 1, 97, 113, 61]
[50, 34, 186, 125, 95, 69, 55, 137, 176, 138, 210, 133, 84, 128, 76, 204, 73, 33, 93, 146, 189, 48, 68, 47, 188, 56, 103, 162, 142, 184, 201, 61, 85, 196, 2, 97, 113, 63]
[49, 33, 124, 92, 66, 54, 136, 137, 169, 133, 82, 128, 73, 164, 70, 32, 90, 145, 46, 65, 45, 149, 55, 101, 141, 151, 162, 60, 83, 35, 0]
[52, 36, 127, 95, 69, 56, 138, 140, 153, 135, 84, 130, 76, 28, 37, 128, 98, 17, 47, 75, 96, 108, 111, 24, 123, 115, 35, 23]
[51, 34, 187, 127, 95, 67, 55, 138, 177, 139, 254, 135, 84, 130, 75, 248, 71, 195, 32, 93, 147, 190, 216, 222, 49, 66, 48, 227, 56, 208, 105, 163, 143, 224, 191, 213, 245, 61, 202, 85, 239, 1, 97, 115, 62, 206]
[23, 15, 89, 59, 44, 31, 26, 65, 85, 66, 101, 64, 38, 60, 34, 95, 33, 100, 43]
[51, 36, 123, 47, 35, 28, 130, 68, 87, 69, 26, 67, 42, 64, 122, 38, 133, 37, 95, 16, 46, 72, 93, 104, 108, 24]
[25, 16, 96, 65, 47, 32, 27, 71, 92, 72, 137, 70, 42, 66, 36, 131, 35, 100, 136, 46, 77, 98, 111, 24]
[52, 35, 196, 136, 102, 70, 56, 148, 186, 149, 229, 144, 91, 139, 78, 223, 74, 205, 34, 100, 156, 199, 50, 68, 49, 204, 57, 111, 172, 152, 200, 219, 62, 92, 213, 1, 105, 123, 63, 188]
[107, 72, 258, 194, 140, 116, 281, 283, 108, 276, 87, 134, 256, 78, 60, 75, 259, 200, 37, 98, 151, 195, 219, 226, 54, 248, 232, 70, 53, 266, 61, 212, 287, 166, 147, 263, 268, 196, 251, 217, 238, 144, 65, 207, 88, 282, 2, 102, 119, 66, 222, 210, 241]
[49, 33, 192, 126, 92, 66, 53, 139, 182, 141, 223, 135, 81, 130, 72, 217, 69, 200, 31, 89, 152, 195, 47, 64, 46, 198, 54, 103, 168, 147, 205, 213, 58, 82, 208, 1, 94, 115, 59]
[51, 33, 130, 97, 67, 55, 141, 142, 175, 138, 85, 133, 77, 170, 72, 32, 95, 151, 49, 66, 47, 153, 56, 107, 146, 150, 168, 60, 104, 40, 35]
[25, 16, 93, 63, 46, 32, 27, 70, 89, 71, 134, 69, 40, 65, 36, 128, 35, 97, 133, 45, 74, 95, 108, 24]
[101, 68, 257, 187, 133, 110, 285, 287, 102, 279, 165, 263, 147, 109, 140, 66, 182, 305, 98, 131, 94, 132, 111, 207, 296, 112, 343, 120, 167, 338, 3, 192, 230, 123, 317, 314, 195, 307, 151, 150, 169, 64, 158, 278, 292, 80, 288, 90, 106, 114, 249, 73, 232, 341, 55, 324, 164, 72, 148, 241, 329, 224]
[51, 34, 191, 127, 97, 68, 56, 142, 181, 143, 236, 137, 84, 131, 75, 230, 72, 199, 33, 93, 151, 194, 48, 67, 47, 213, 57, 105, 166, 147, 210, 195, 227, 61, 85, 222, 1, 99, 116, 62, 197, 155]
[54, 35, 128, 96, 71, 59, 139, 140, 169, 136, 85, 131, 77, 164, 74, 34, 94, 148, 52, 70, 51, 149, 60, 105, 143, 145, 162, 31, 103, 45]
[50, 32, 191, 132, 93, 66, 54, 145, 182, 146, 230, 140, 82, 135, 72, 224, 69, 199, 31, 91, 153, 194, 48, 65, 46, 206, 55, 102, 168, 149, 203, 195, 221, 60, 83, 215, 1, 96, 117, 61, 190]
[48, 32, 180, 123, 91, 65, 53, 135, 171, 136, 208, 132, 80, 126, 71, 202, 68, 189, 31, 89, 143, 184, 46, 64, 45, 185, 54, 99, 157, 139, 182, 199, 58, 81, 194, 1, 93, 111, 59]
[56, 39, 132, 100, 75, 60, 147, 149, 179, 143, 89, 136, 81, 174, 78, 38, 98, 156, 53, 74, 52, 159, 62, 108, 153, 171, 35, 106, 47, 41]
[50, 34, 129, 97, 68, 56, 141, 142, 162, 138, 85, 132, 74, 157, 71, 33, 94, 48, 67, 47, 147, 28, 107, 154, 83, 148, 156, 116, 99]
[51, 34, 184, 122, 91, 66, 55, 134, 174, 135, 229, 131, 81, 125, 73, 223, 69, 193, 33, 89, 143, 187, 49, 65, 47, 204, 56, 100, 160, 138, 200, 188, 219, 60, 82, 213, 2, 93, 110, 61, 206, 147]
[47, 32, 188, 124, 93, 65, 52, 136, 176, 137, 276, 133, 83, 128, 254, 72, 270, 69, 196, 31, 91, 144, 191, 215, 221, 45, 247, 227, 63, 44, 244, 53, 207, 101, 161, 140, 240, 246, 192, 213, 266, 57, 202, 84, 259, 1, 95, 113, 58]
[50, 33, 122, 92, 66, 54, 134, 172, 135, 181, 131, 81, 125, 72, 176, 69, 32, 90, 143, 48, 65, 47, 161, 55, 100, 139, 158, 173, 59, 82, 168, 1, 94, 111]
[102, 69, 264, 196, 139, 54, 279, 143, 183, 144, 49, 291, 84, 134, 262, 74, 290, 71, 265, 203, 32, 92, 151, 198, 224, 233, 47, 255, 240, 67, 46, 277, 55, 217, 103, 166, 147, 281, 266, 199, 222, 246, 286, 59, 211, 85, 280, 1, 96, 115, 61, 226]
[56, 35, 195, 132, 100, 75, 62, 146, 185, 147, 225, 142, 90, 137, 81, 219, 78, 203, 34, 98, 155, 198, 53, 74, 52, 201, 63, 109, 172, 150, 207, 216, 69, 91, 211, 1, 102, 120, 70]
[48, 32, 193, 131, 95, 66, 52, 143, 183, 144, 206, 139, 82, 134, 73, 200, 69, 31, 91, 154, 46, 65, 45, 184, 54, 104, 170, 149, 181, 197, 60, 83, 192, 1, 97, 117]
[52, 35, 185, 125, 93, 68, 57, 136, 175, 137, 225, 133, 83, 128, 74, 219, 71, 193, 34, 91, 145, 188, 49, 67, 48, 200, 58, 102, 161, 140, 197, 189, 216, 62, 84, 211, 1, 95, 113, 63, 223]
[50, 34, 188, 127, 96, 66, 54, 139, 179, 140, 193, 136, 84, 130, 73, 187, 70, 33, 94, 148, 48, 65, 47, 171, 55, 104, 163, 143, 167, 184, 60, 85, 185, 1, 98]
[48, 32, 123, 92, 65, 52, 135, 173, 136, 181, 131, 79, 126, 71, 176, 68, 31, 90, 143, 46, 64, 45, 160, 53, 100, 139, 156, 174, 58, 81, 168, 1, 94]
[54, 38, 190, 129, 95, 70, 59, 141, 180, 142, 227, 138, 85, 132, 76, 221, 73, 198, 37, 93, 151, 193, 52, 69, 51, 202, 60, 105, 165, 145, 209, 218, 64, 86, 212, 1, 97, 117, 65, 186]
[48, 32, 124, 89, 63, 52, 138, 139, 160, 135, 78, 129, 70, 155, 66, 31, 86, 45, 62, 44, 142, 26, 100, 152, 76, 146, 153, 112, 91]
[52, 37, 130, 98, 72, 58, 143, 144, 167, 140, 87, 133, 78, 162, 75, 36, 96, 50, 70, 49, 148, 59, 108, 159, 84, 152, 31, 118, 99]
[55, 38, 197, 132, 100, 71, 59, 146, 185, 147, 272, 143, 87, 137, 77, 266, 74, 208, 36, 96, 155, 203, 228, 236, 53, 242, 70, 52, 245, 60, 220, 109, 170, 150, 246, 204, 226, 263, 64, 215, 88, 258, 2, 102, 120, 65, 218]
[50, 33, 182, 122, 91, 66, 54, 134, 173, 135, 234, 131, 80, 126, 72, 226, 69, 191, 32, 89, 144, 186, 47, 65, 46, 205, 55, 99, 158, 140, 201, 187, 220, 59, 81, 214, 1, 93, 111, 60, 196, 148]
[54, 37, 136, 101, 72, 59, 150, 151, 183, 146, 89, 139, 79, 178, 76, 35, 99, 159, 52, 70, 51, 164, 60, 111, 155, 160, 176, 65, 91, 171, 0]
[52, 35, 189, 125, 94, 68, 57, 137, 179, 138, 269, 134, 83, 129, 252, 75, 263, 71, 197, 34, 92, 146, 192, 218, 225, 49, 231, 67, 48, 242, 58, 209, 102, 161, 141, 238, 243, 193, 216, 260, 62, 204, 84, 254, 1, 96, 113, 63, 207]
[100, 66, 250, 188, 133, 110, 273, 275, 101, 267, 165, 255, 147, 109, 141, 64, 183, 292, 97, 131, 93, 132, 111, 205, 283, 112, 324, 120, 167, 318, 3, 193, 226, 122, 296, 195, 152, 150, 169, 62, 158, 266, 280, 81, 276, 89, 106, 114, 244, 35, 113, 143, 327, 160, 26, 254, 198, 54, 164, 70]
[50, 34, 186, 126, 93, 66, 55, 138, 176, 139, 218, 134, 82, 129, 72, 212, 69, 195, 33, 91, 147, 189, 48, 65, 47, 193, 56, 103, 162, 142, 190, 209, 60, 83, 203, 1, 95, 113, 61, 178]
[49, 33, 181, 123, 90, 65, 54, 135, 172, 136, 254, 131, 80, 126, 71, 248, 68, 191, 31, 88, 143, 185, 213, 220, 46, 227, 64, 45, 228, 55, 203, 99, 158, 139, 223, 186, 210, 245, 59, 197, 81, 240, 1, 92, 110, 60]
[50, 33, 124, 91, 65, 54, 131, 66, 86, 67, 25, 138, 39, 62, 122, 35, 27, 34, 94, 15, 43, 70, 92, 106, 109, 23]
[53, 34, 189, 129, 96, 70, 57, 141, 178, 142, 212, 138, 85, 133, 76, 206, 73, 33, 93, 150, 51, 69, 50, 190, 58, 105, 165, 146, 187, 203, 64, 86, 198, 1, 98, 116, 65, 174]
[52, 36, 128, 98, 69, 56, 141, 142, 181, 137, 85, 132, 77, 176, 73, 35, 94, 149, 50, 68, 49, 161, 57, 106, 145, 158, 174, 62, 87, 169, 1, 100, 116]
[55, 38, 129, 97, 72, 60, 140, 141, 164, 137, 87, 132, 78, 159, 75, 37, 95, 52, 71, 51, 146, 29, 107, 156, 85, 150, 157, 117, 98]
[55, 39, 133, 102, 73, 59, 144, 145, 159, 141, 89, 136, 80, 31, 40, 134, 105, 18, 50, 78, 103, 115, 118, 27, 128, 121, 38, 25]
[54, 36, 199, 133, 99, 72, 58, 147, 190, 148, 286, 142, 89, 136, 265, 79, 280, 76, 208, 35, 97, 156, 203, 229, 235, 52, 259, 242, 71, 51, 257, 59, 221, 110, 173, 151, 253, 258, 204, 227, 277, 65, 216, 90, 271, 1, 101, 122, 66]
[106, 74, 260, 193, 139, 115, 282, 284, 107, 276, 171, 265, 152, 114, 146, 72, 188, 103, 137, 99, 138, 116, 211, 167, 295, 62, 233, 196, 259, 253, 217, 240, 143, 66, 207, 89, 80, 1, 101, 117, 67, 222, 210, 269, 154, 102, 299, 166, 151, 82, 237, 281, 173, 205, 90]
[51, 34, 189, 128, 94, 66, 55, 139, 179, 140, 226, 136, 82, 131, 73, 220, 70, 198, 32, 92, 148, 192, 48, 65, 47, 202, 56, 103, 165, 143, 199, 193, 217, 60, 84, 212, 1, 97, 116, 61, 186]
[27, 16, 96, 65, 48, 35, 29, 71, 92, 72, 132, 70, 43, 66, 38, 126, 37, 100, 131, 47, 75, 98, 25]
[101, 69, 248, 185, 133, 110, 271, 273, 51, 280, 83, 128, 245, 74, 56, 71, 249, 191, 34, 91, 144, 186, 211, 217, 49, 239, 224, 67, 48, 254, 57, 203, 102, 160, 140, 251, 255, 187, 241, 209, 231, 137, 61, 198, 84, 270, 1, 95, 113, 62, 213, 201]
[49, 33, 128, 97, 65, 53, 141, 142, 168, 137, 83, 132, 74, 163, 70, 32, 93, 150, 47, 64, 46, 148, 54, 105, 80, 153, 27, 116, 98, 166]
[52, 36, 186, 127, 96, 68, 56, 140, 177, 141, 215, 136, 85, 131, 75, 209, 71, 197, 34, 93, 149, 190, 50, 67, 49, 189, 57, 104, 163, 144, 185, 206, 61, 86, 200, 1, 98, 115, 62]
[49, 32, 195, 130, 97, 68, 54, 144, 185, 146, 208, 140, 85, 133, 74, 201, 71, 31, 95, 156, 47, 66, 46, 199, 55, 106, 171, 150, 182, 198, 60, 86, 193, 1, 99, 117]
[51, 33, 193, 130, 97, 71, 57, 142, 182, 143, 241, 139, 86, 133, 77, 235, 74, 202, 32, 95, 152, 197, 48, 70, 47, 217, 58, 213, 106, 167, 146, 214, 198, 232, 65, 87, 227, 1, 99, 118, 66, 201, 157]
[51, 34, 125, 93, 67, 55, 136, 138, 168, 133, 82, 128, 74, 163, 70, 33, 91, 145, 48, 66, 47, 149, 56, 102, 141, 151, 161, 60, 83, 37, 0]
[49, 33, 197, 130, 94, 66, 53, 283, 143, 185, 144, 291, 140, 82, 134, 264, 73, 285, 69, 268, 208, 32, 92, 151, 201, 230, 236, 47, 257, 242, 65, 46, 259, 54, 222, 103, 168, 147, 254, 258, 203, 228, 281, 59, 216, 83, 273, 1, 97, 117]
[51, 35, 183, 125, 94, 67, 55, 138, 174, 139, 264, 135, 83, 128, 244, 75, 258, 71, 192, 34, 92, 146, 186, 211, 217, 49, 224, 66, 48, 234, 56, 204, 102, 161, 142, 231, 235, 187, 209, 255, 60, 198, 84, 247, 1, 96, 113, 61, 202]
[52, 32, 130, 96, 69, 57, 142, 143, 178, 139, 84, 134, 75, 173, 72, 31, 93, 150, 48, 68, 46, 158, 58, 104, 146, 154, 171, 62, 85, 166, 1, 98]
[50, 33, 195, 132, 95, 68, 55, 146, 185, 147, 208, 142, 85, 135, 75, 202, 71, 32, 93, 156, 48, 67, 47, 199, 57, 107, 170, 151, 182, 198, 62, 86, 193, 1, 98, 119]
[49, 33, 189, 125, 92, 65, 54, 137, 180, 138, 195, 133, 81, 128, 72, 193, 68, 32, 90, 146, 47, 64, 46, 172, 55, 100, 162, 142, 167, 186, 59, 82, 181, 1, 94]
[51, 33, 183, 123, 91, 67, 55, 137, 174, 138, 242, 133, 81, 126, 73, 236, 70, 192, 32, 89, 145, 186, 212, 49, 66, 48, 214, 56, 204, 100, 160, 141, 210, 187, 233, 60, 198, 82, 227, 1, 94, 111, 61, 195]
[50, 34, 194, 128, 96, 66, 54, 140, 182, 141, 281, 136, 85, 131, 260, 74, 275, 71, 263, 203, 33, 94, 151, 197, 225, 232, 47, 253, 238, 65, 46, 250, 55, 217, 105, 167, 146, 247, 252, 199, 222, 272, 60, 211, 86, 266, 1, 98, 115]
[52, 35, 192, 131, 97, 70, 56, 143, 183, 145, 271, 139, 86, 134, 255, 78, 265, 74, 201, 34, 95, 152, 196, 220, 226, 50, 233, 68, 49, 240, 57, 212, 107, 167, 148, 237, 197, 218, 261, 62, 207, 87, 254, 1, 99, 120, 63, 210]
[51, 34, 191, 126, 94, 67, 55, 140, 180, 141, 218, 137, 83, 130, 74, 212, 71, 199, 33, 91, 149, 194, 49, 66, 47, 196, 56, 102, 165, 144, 216, 209, 60, 84, 204, 1, 96, 112, 61]
[27, 17, 93, 63, 47, 34, 29, 69, 89, 70, 128, 68, 41, 64, 37, 122, 36, 97, 127, 46, 73, 95, 26]
[52, 33, 191, 129, 96, 70, 57, 141, 182, 142, 217, 138, 85, 133, 77, 211, 73, 199, 32, 94, 150, 194, 49, 68, 47, 193, 59, 104, 168, 145, 190, 208, 63, 86, 203, 1, 98, 118, 64]
[50, 32, 191, 128, 93, 65, 54, 141, 180, 142, 246, 138, 83, 132, 74, 240, 70, 203, 31, 91, 150, 196, 222, 48, 64, 47, 220, 55, 214, 102, 164, 146, 217, 198, 237, 59, 84, 232, 1, 95, 115, 60, 229]
[49, 33, 184, 124, 93, 67, 55, 136, 174, 137, 236, 133, 82, 128, 74, 230, 70, 194, 32, 91, 146, 188, 213, 47, 66, 45, 211, 56, 205, 102, 160, 140, 208, 189, 227, 61, 84, 222, 1, 95, 113, 62, 219]
[51, 35, 195, 130, 99, 69, 57, 141, 183, 142, 256, 138, 88, 133, 77, 250, 72, 203, 34, 97, 152, 198, 222, 229, 49, 68, 48, 231, 58, 215, 107, 167, 147, 228, 199, 220, 247, 63, 209, 89, 242, 1, 101, 118, 64]
[52, 34, 193, 129, 96, 69, 57, 142, 183, 143, 273, 139, 85, 132, 258, 75, 267, 72, 201, 33, 93, 152, 196, 222, 229, 49, 236, 68, 47, 244, 58, 214, 105, 168, 147, 241, 197, 220, 264, 62, 208, 86, 259, 1, 99, 116, 63, 212]
[51, 35, 200, 128, 94, 67, 55, 144, 191, 145, 284, 140, 83, 133, 264, 75, 278, 72, 208, 34, 92, 154, 203, 228, 234, 49, 258, 240, 66, 48, 255, 56, 220, 105, 172, 150, 250, 256, 204, 226, 275, 60, 215, 84, 269, 1, 96, 116, 61]
[50, 33, 185, 126, 95, 67, 54, 138, 176, 139, 213, 134, 84, 129, 73, 207, 70, 193, 32, 93, 146, 188, 48, 65, 47, 189, 55, 104, 162, 142, 186, 204, 60, 85, 198, 1, 97, 114, 61]
[101, 67, 261, 194, 138, 112, 283, 285, 103, 278, 172, 266, 153, 111, 145, 65, 188, 300, 98, 136, 95, 137, 114, 212, 292, 115, 312, 123, 174, 307, 3, 96, 282, 293, 61, 222, 211, 294, 156, 97, 309, 167, 152, 75, 239, 274, 290, 206, 83, 162, 33, 78, 315, 166, 144, 41, 142]
[50, 33, 125, 93, 66, 54, 136, 137, 180, 133, 83, 128, 73, 175, 70, 32, 91, 146, 48, 65, 47, 160, 55, 102, 141, 157, 173, 59, 84, 168, 1, 95, 113]
[53, 37, 196, 130, 96, 69, 57, 147, 187, 148, 281, 141, 84, 134, 263, 76, 275, 72, 205, 36, 94, 156, 199, 225, 232, 50, 239, 68, 49, 248, 58, 217, 107, 170, 152, 245, 201, 223, 271, 62, 211, 85, 264, 1, 98, 117, 63, 215]
[49, 33, 186, 125, 92, 66, 53, 137, 176, 139, 225, 134, 81, 129, 73, 217, 70, 194, 32, 90, 146, 189, 47, 65, 46, 198, 54, 101, 162, 142, 195, 190, 213, 58, 82, 207, 1, 94, 113, 60, 182]
[25, 17, 95, 62, 46, 34, 28, 68, 90, 70, 110, 67, 41, 63, 37, 104, 36, 109, 45, 73]
[51, 33, 124, 92, 67, 55, 137, 138, 149, 145, 42, 64, 123, 35, 26, 34, 125, 95, 15, 46, 72, 93, 106, 109, 23, 120, 112]
[50, 34, 191, 125, 94, 68, 54, 140, 181, 141, 279, 137, 83, 130, 257, 74, 273, 71, 260, 200, 33, 92, 150, 195, 218, 226, 47, 250, 235, 67, 46, 247, 55, 211, 103, 167, 144, 244, 249, 196, 216, 270, 59, 206, 84, 263, 1, 96, 114]
[52, 34, 130, 99, 70, 56, 141, 142, 152, 138, 42, 66, 129, 37, 28, 35, 131, 102, 16, 47, 76, 100, 111, 115, 25, 125, 118]
[49, 33, 186, 126, 91, 65, 54, 138, 177, 139, 213, 134, 80, 129, 71, 207, 68, 194, 32, 89, 146, 189, 47, 64, 46, 191, 55, 100, 162, 142, 211, 204, 59, 81, 199, 1, 93, 112, 60]
[52, 35, 130, 95, 70, 57, 141, 142, 167, 138, 85, 133, 76, 162, 73, 34, 93, 49, 68, 48, 148, 59, 104, 83, 152, 28, 117, 97, 165, 126]
[48, 32, 183, 124, 90, 64, 52, 136, 173, 137, 191, 132, 79, 127, 70, 185, 67, 31, 88, 144, 46, 63, 45, 169, 54, 100, 159, 140, 166, 182, 58, 80, 177, 1, 92]
[51, 34, 183, 123, 92, 66, 55, 136, 174, 137, 197, 132, 82, 127, 73, 191, 70, 33, 90, 145, 48, 65, 47, 176, 56, 101, 160, 141, 173, 188, 60, 83, 195, 1, 94, 112]
[50, 33, 131, 99, 66, 54, 142, 143, 152, 148, 39, 63, 130, 35, 27, 34, 132, 102, 16, 43, 72, 100, 113, 116, 23, 127, 119]
[24, 15, 90, 61, 44, 31, 26, 67, 86, 68, 124, 66, 39, 63, 34, 118, 33, 95, 123, 43, 72, 93, 23]
[52, 36, 93, 65, 48, 35, 29, 135, 70, 89, 71, 27, 69, 43, 66, 127, 38, 136, 37, 98, 18, 47, 74, 95, 109]
[52, 37, 189, 129, 95, 68, 56, 140, 179, 141, 195, 137, 83, 132, 74, 193, 71, 35, 93, 149, 50, 67, 49, 173, 58, 103, 164, 145, 168, 186, 62, 84, 181, 2, 97]
[51, 34, 190, 127, 92, 66, 55, 138, 176, 140, 195, 135, 82, 130, 74, 187, 70, 33, 90, 148, 48, 65, 47, 167, 56, 102, 162, 143, 164, 182, 60, 83, 175, 1]
[101, 69, 261, 194, 134, 110, 284, 286, 102, 278, 168, 267, 150, 109, 142, 66, 187, 303, 97, 132, 94, 133, 111, 213, 295, 113, 315, 121, 171, 310, 3, 199, 283, 297, 61, 226, 211, 287, 153, 96, 312, 163, 149, 77, 241, 276, 294, 205, 85, 158, 32, 80, 319, 162, 141, 40, 138]
[51, 35, 123, 92, 67, 56, 137, 138, 165, 134, 82, 126, 73, 160, 70, 34, 90, 145, 49, 66, 48, 147, 57, 101, 142, 158, 30, 99, 42, 37]
[104, 70, 263, 193, 138, 114, 286, 288, 105, 281, 172, 269, 153, 55, 72, 264, 200, 33, 93, 151, 194, 222, 228, 49, 251, 277, 236, 68, 48, 276, 56, 215, 296, 167, 145, 273, 278, 195, 261, 254, 220, 242, 142, 61, 209, 85, 76, 1, 98, 116, 62, 224, 213]
[48, 32, 183, 125, 93, 65, 52, 137, 174, 138, 185, 133, 83, 128, 71, 179, 68, 31, 91, 145, 46, 63, 45, 163, 53, 101, 141, 159, 176, 58, 84, 171, 1, 95]
[48, 32, 120, 89, 63, 52, 133, 134, 166, 129, 79, 124, 70, 161, 66, 31, 87, 142, 46, 62, 45, 146, 53, 99, 138, 143, 159, 57, 80, 154, 0]
[54, 38, 135, 102, 71, 59, 147, 187, 148, 196, 144, 90, 138, 80, 190, 76, 37, 99, 155, 51, 70, 50, 172, 60, 111, 151, 168, 188, 65, 91, 181, 1, 104]
[52, 35, 191, 133, 101, 71, 56, 145, 182, 146, 208, 142, 88, 136, 79, 202, 76, 34, 98, 154, 50, 69, 49, 187, 57, 109, 168, 150, 184, 199, 63, 89, 194, 1, 103, 120, 65]
[48, 32, 122, 91, 65, 52, 133, 85, 68, 24, 137, 38, 62, 120, 34, 26, 33, 123, 94, 15, 42, 71, 92, 103, 106, 23]
[52, 33, 126, 94, 68, 56, 138, 139, 154, 135, 83, 130, 74, 149, 71, 127, 97, 16, 46, 73, 95, 108, 111, 23, 122, 114, 32, 22]
[50, 33, 189, 128, 94, 68, 54, 139, 179, 140, 198, 136, 83, 131, 74, 192, 71, 31, 92, 147, 47, 67, 46, 175, 55, 103, 165, 143, 172, 196, 61, 84, 183, 1, 97]
[105, 71, 263, 196, 137, 114, 286, 288, 106, 280, 172, 269, 152, 113, 145, 69, 190, 102, 135, 50, 294, 59, 216, 301, 167, 295, 302, 238, 198, 262, 256, 222, 245, 142, 64, 210, 87, 76, 1, 100, 116, 65, 228, 214, 268, 155, 101, 299, 166, 151, 79, 242, 278, 174]
[103, 69, 259, 193, 137, 113, 281, 284, 104, 276, 171, 264, 153, 112, 146, 67, 188, 99, 135, 96, 136, 114, 210, 116, 233, 195, 258, 251, 217, 239, 142, 61, 206, 85, 74, 1, 97, 287, 62, 222, 209, 271, 155, 98, 301, 165, 152, 77, 237, 261, 174, 204, 86, 159, 32]
[104, 67, 259, 194, 138, 114, 284, 286, 105, 277, 171, 265, 153, 112, 147, 65, 188, 302, 101, 136, 98, 137, 115, 212, 330, 293, 116, 355, 123, 173, 350, 3, 198, 234, 127, 326, 311, 200, 304, 157, 156, 175, 63, 163, 275, 290, 83, 287, 93, 109, 118, 253, 74, 235, 296, 353, 55, 334, 150, 196, 271, 48, 285, 84]
[53, 34, 127, 96, 69, 58, 139, 140, 177, 135, 85, 130, 76, 172, 72, 33, 94, 147, 51, 68, 50, 157, 59, 105, 143, 154, 170, 63, 86, 165, 1, 99]
[49, 32, 127, 93, 65, 53, 139, 140, 163, 136, 81, 130, 72, 158, 69, 31, 91, 46, 64, 45, 145, 54, 104, 155, 79, 149, 26, 115, 94]
[56, 37, 194, 131, 99, 72, 60, 143, 185, 144, 240, 139, 87, 134, 79, 234, 76, 202, 35, 96, 152, 197, 54, 71, 53, 215, 62, 108, 168, 147, 212, 198, 231, 66, 88, 225, 1, 101, 118, 67, 199, 157]
[54, 38, 188, 130, 98, 70, 58, 142, 179, 143, 215, 139, 86, 134, 77, 207, 74, 37, 96, 151, 191, 52, 69, 51, 190, 59, 106, 165, 146, 187, 203, 64, 87, 198, 1, 100, 119, 65]
[51, 33, 191, 129, 96, 69, 55, 141, 182, 142, 229, 138, 85, 133, 76, 223, 72, 202, 32, 94, 150, 197, 48, 68, 47, 205, 56, 105, 167, 145, 201, 220, 62, 86, 215, 1, 98, 118, 64, 187]
[101, 69, 256, 189, 135, 112, 279, 282, 102, 289, 82, 130, 254, 74, 55, 71, 257, 197, 34, 92, 147, 190, 220, 227, 49, 248, 233, 66, 48, 264, 57, 211, 285, 162, 143, 260, 265, 191, 250, 217, 240, 140, 61, 205, 83, 287, 1, 96, 114, 62, 223, 208]
[54, 37, 187, 129, 97, 71, 58, 140, 178, 141, 218, 137, 86, 132, 78, 212, 74, 196, 36, 95, 149, 191, 52, 70, 51, 195, 59, 106, 163, 144, 192, 209, 64, 87, 204, 1, 99, 116, 65, 180]
[49, 33, 187, 127, 92, 65, 53, 268, 138, 177, 140, 275, 135, 82, 130, 251, 73, 269, 70, 255, 195, 32, 90, 148, 190, 214, 221, 47, 244, 228, 64, 46, 242, 55, 207, 102, 163, 143, 239, 245, 191, 212, 265, 59, 202, 83, 259, 1, 94, 115]
[52, 35, 192, 129, 96, 70, 57, 142, 181, 143, 261, 139, 85, 132, 76, 255, 73, 200, 33, 93, 152, 195, 222, 228, 49, 234, 69, 48, 233, 59, 213, 106, 168, 146, 230, 196, 220, 252, 63, 208, 86, 246, 1, 99, 116, 64]
[47, 32, 180, 120, 89, 63, 52, 132, 170, 133, 188, 128, 78, 123, 69, 182, 66, 31, 87, 140, 45, 62, 44, 165, 53, 98, 156, 136, 162, 179, 57, 79, 173, 1, 92]
[52, 36, 190, 129, 95, 70, 57, 141, 181, 142, 244, 138, 85, 132, 76, 238, 73, 199, 35, 93, 149, 194, 219, 50, 69, 49, 220, 58, 211, 106, 167, 145, 216, 195, 235, 63, 205, 86, 230, 1, 100, 116, 64, 201]
[103, 68, 256, 194, 139, 116, 278, 280, 104, 273, 172, 261, 155, 114, 149, 66, 188, 100, 136, 97, 137, 56, 212, 298, 167, 292, 283, 233, 197, 255, 250, 218, 239, 146, 61, 207, 87, 77, 1, 98, 118, 62, 222, 210, 262, 157, 99, 296, 166, 154, 80, 237, 252, 174, 205]
[55, 37, 205, 138, 101, 72, 59, 152, 192, 153, 285, 148, 90, 142, 270, 79, 278, 75, 213, 36, 99, 162, 208, 235, 241, 53, 248, 71, 51, 255, 60, 225, 111, 178, 157, 252, 209, 232, 275, 64, 219, 91, 269, 1, 103, 122, 65, 223]
[103, 68, 261, 197, 140, 114, 285, 287, 104, 280, 176, 267, 155, 113, 148, 66, 192, 304, 98, 138, 95, 139, 115, 216, 295, 116, 318, 126, 179, 313, 3, 202, 238, 62, 227, 215, 299, 157, 97, 315, 167, 154, 75, 242, 316, 300, 209, 85, 161, 31, 79, 321, 166, 147, 42, 145, 292]
[49, 33, 123, 92, 67, 54, 136, 138, 157, 133, 81, 127, 73, 150, 70, 31, 44, 72, 93, 105, 108, 23, 119, 111, 139, 22, 128, 26]
[52, 35, 196, 132, 97, 68, 57, 145, 185, 146, 264, 141, 85, 135, 75, 258, 71, 206, 34, 94, 154, 199, 229, 236, 50, 67, 49, 238, 58, 222, 105, 171, 150, 235, 200, 227, 255, 62, 215, 86, 250, 1, 99, 117, 63]
[52, 34, 124, 94, 68, 56, 137, 138, 162, 133, 83, 127, 75, 157, 71, 32, 92, 145, 50, 67, 49, 143, 57, 102, 81, 148, 26, 113, 95, 160]
[52, 35, 133, 99, 69, 56, 145, 146, 180, 141, 85, 136, 75, 175, 72, 34, 97, 154, 50, 68, 49, 159, 57, 110, 150, 155, 173, 63, 86, 167, 0]
[108, 75, 268, 203, 142, 119, 291, 294, 109, 286, 178, 274, 158, 118, 150, 73, 197, 310, 105, 140, 100, 141, 120, 222, 301, 121, 337, 129, 180, 332, 3, 208, 244, 131, 311, 210, 163, 162, 182, 71, 171, 285, 298, 88, 295, 96, 58, 63, 196, 312, 243, 130, 39, 122, 153, 340, 173, 29, 273, 213]
[54, 36, 193, 131, 98, 71, 58, 144, 184, 145, 216, 140, 86, 134, 77, 210, 74, 34, 96, 153, 51, 70, 50, 214, 59, 107, 169, 148, 190, 207, 64, 87, 202, 1, 100, 119, 65, 179]
[55, 37, 128, 98, 72, 59, 142, 143, 159, 139, 87, 132, 79, 154, 75, 130, 101, 15, 50, 78, 99, 110, 113, 24, 124, 117, 36, 22]
[57, 37, 197, 135, 101, 75, 63, 148, 188, 149, 237, 144, 90, 138, 82, 231, 79, 207, 36, 99, 158, 200, 54, 74, 52, 211, 64, 111, 173, 154, 208, 201, 228, 68, 91, 223, 1, 103, 122, 69, 194]
[52, 34, 189, 129, 98, 69, 56, 141, 180, 142, 214, 138, 86, 133, 77, 208, 72, 33, 95, 150, 50, 68, 49, 190, 57, 107, 166, 146, 187, 205, 61, 87, 199, 2, 100, 118, 64, 176]
[52, 35, 188, 128, 94, 67, 56, 140, 179, 141, 190, 136, 82, 131, 74, 184, 71, 34, 92, 149, 50, 66, 48, 168, 57, 102, 145, 165, 181, 61, 83, 176, 1, 96]
[99, 68, 256, 188, 134, 109, 279, 281, 100, 274, 166, 261, 148, 108, 142, 65, 183, 297, 96, 131, 93, 133, 111, 206, 288, 112, 325, 119, 168, 319, 3, 193, 231, 121, 298, 195, 153, 152, 170, 63, 158, 273, 285, 80, 282, 89, 52, 57, 181, 299, 230, 120, 35, 113, 144, 328, 160, 26, 260, 198]
[50, 33, 127, 92, 66, 55, 139, 140, 156, 135, 81, 130, 73, 151, 69, 32, 45, 72, 93, 105, 108, 23, 122, 113, 141, 22, 131, 27]
[55, 36, 187, 128, 97, 71, 59, 139, 178, 140, 262, 136, 86, 131, 78, 256, 74, 196, 35, 95, 149, 191, 217, 223, 51, 230, 70, 50, 236, 60, 209, 105, 164, 143, 231, 192, 214, 253, 64, 202, 87, 248, 1, 99, 116, 66, 205]
[48, 32, 186, 125, 94, 67, 54, 138, 176, 139, 245, 134, 84, 128, 75, 239, 70, 194, 31, 92, 148, 189, 213, 220, 46, 66, 45, 218, 55, 206, 103, 163, 142, 215, 190, 236, 61, 201, 85, 230, 1, 97, 114, 62, 214]
[50, 32, 190, 129, 97, 68, 56, 142, 180, 143, 244, 139, 85, 134, 76, 238, 71, 200, 31, 95, 151, 194, 48, 67, 47, 219, 58, 214, 107, 166, 146, 216, 195, 235, 62, 87, 229, 1, 99, 118, 63, 225, 155]
[25, 16, 92, 63, 46, 33, 27, 69, 88, 70, 124, 68, 40, 65, 36, 118, 35, 97, 123, 45, 73, 95, 24]
[100, 65, 250, 188, 132, 109, 272, 274, 101, 267, 165, 255, 146, 108, 139, 63, 183, 290, 97, 130, 92, 131, 110, 205, 282, 111, 309, 119, 167, 304, 3, 192, 226, 121, 298, 194, 150, 230, 73, 286, 198, 82, 152, 30, 76, 312, 159, 257, 138, 39, 136, 283, 221, 177, 260, 43, 50, 54]
[52, 35, 188, 129, 95, 68, 56, 141, 179, 142, 206, 138, 84, 133, 76, 198, 72, 34, 93, 149, 50, 67, 48, 182, 57, 105, 165, 145, 195, 194, 61, 85, 189, 1, 97, 116, 62]
[50, 34, 124, 91, 65, 54, 136, 137, 160, 132, 80, 127, 72, 155, 68, 33, 89, 47, 64, 46, 140, 27, 103, 151, 78, 145, 153, 112, 93]
[52, 35, 126, 96, 69, 57, 139, 140, 184, 135, 84, 130, 75, 179, 72, 34, 92, 148, 50, 68, 49, 162, 58, 105, 143, 159, 177, 63, 85, 172, 2, 98, 115]
