0.98630690574646
0.9985937476158142
0.9946843981742859
0.9981434941291809
0.9970129728317261
0.9762959480285645
0.986506462097168
0.9956337213516235
0.9892789125442505
0.9656019806861877
0.9755305051803589
0.9890758395195007
0.9895028471946716
0.9961321353912354
0.9883447885513306
0.9920807480812073
0.9923060536384583
0.9987217783927917
0.973741352558136
0.9670401811599731
0.9649936556816101
0.9838445782661438
0.9901986122131348
0.9968675374984741
0.9933934807777405
0.994390606880188
0.9957553744316101
0.9963048100471497
0.9943478107452393
0.9797952771186829
0.9885317087173462
0.9893141984939575
0.9561811685562134
0.9966149926185608
0.9888402223587036
0.8942075371742249
0.993986964225769
0.9981057643890381
0.9925746917724609
0.9878508448600769
0.9908838272094727
0.9986679553985596
0.9930265545845032
0.9575648903846741
0.9910910129547119
0.99660325050354
0.9927240610122681
0.9970800876617432
0.9946849346160889
0.9927918314933777
0.9707808494567871
0.9941521883010864
0.9844100475311279
0.9977931976318359
0.9961151480674744
0.9856186509132385
0.989551305770874
0.9878407716751099
0.9835371375083923
0.9974790811538696
0.9794237017631531
0.9950853586196899
0.9807016849517822
0.9747580885887146
0.9930406808853149
0.9994760751724243
0.9877616763114929
0.9991389513015747
0.993829607963562
0.997148871421814
0.9740952849388123
0.9200789928436279
0.984474241733551
0.9989380836486816
0.9852807521820068
0.9948663711547852
0.9918370246887207
0.993867039680481
0.9900506138801575
0.9988338947296143
0.9938930869102478
0.9898762702941895
0.9849427938461304
0.9963966012001038
0.9927634000778198
0.9985365271568298
0.9942939281463623
0.9919200539588928
0.9816606044769287
0.9936920404434204
0.9952904582023621
0.9973142743110657
0.9957484602928162
0.9398412108421326
0.993822455406189
0.9790406823158264
0.9905647039413452
0.9953327178955078
0.9930397272109985
0.9927595853805542
0.9558728933334351
0.9901034832000732
0.9581656455993652
0.9527429938316345
0.9878733158111572
0.9930917024612427
0.9896501302719116
0.9970024824142456
0.971243143081665
0.996904730796814
0.9869998097419739
0.9875537753105164
0.9963765144348145
0.9635211825370789
0.9917775392532349
0.9944471716880798
0.9956173300743103
0.9786757826805115
0.9926795363426208
0.9988024234771729
0.9826610088348389
0.9973814487457275
0.9829456806182861
0.9984493851661682
0.9836820363998413
0.9908649325370789
0.9858918190002441
0.9989585876464844
0.9900080561637878
0.9988793730735779
0.9953516125679016
0.9945796132087708
0.9905571341514587
0.9935715198516846
0.9808228611946106
0.9764079451560974
0.9681799411773682
0.9978679418563843
0.9781137108802795
0.9963959455490112
0.9899584054946899
0.9973638653755188
0.9625901579856873
0.9975860118865967
0.9799515604972839
0.9982408285140991
0.9896911382675171
0.9957764744758606
0.9876357913017273
0.8684051036834717
0.9935778379440308
0.9973044991493225
0.9774664044380188
0.9961453676223755
0.9942614436149597
0.9994480609893799
0.9967511892318726
0.9984543323516846
0.9860115051269531
0.9990299940109253
0.8877618908882141
0.991174042224884
0.987619936466217
0.99910968542099
0.9943475127220154
0.9981303215026855
0.9784041047096252
0.9985832571983337
0.9917107224464417
0.9601141214370728
0.9752959609031677
0.9959883093833923
0.9966890811920166
0.9890255331993103
0.994377851486206
0.9931917786598206
0.9789830446243286
0.9689412713050842
0.9865438342094421
0.9982757568359375
0.985045313835144
0.9977485537528992
0.9910853505134583
0.9912990927696228
0.988055408000946
0.9950883984565735
0.9942693710327148
0.9906994700431824
0.9864621162414551
0.9983806014060974
0.9863243103027344
0.9326531887054443
0.9736788868904114
0.8974936008453369
0.9679347276687622
0.9369402527809143
0.9914081692695618
0.9942167401313782
0.9677148461341858
0.9967597126960754
