-1.376916766166687
-0.9829388856887817
-1.4804954528808594
-1.4338761568069458
-1.2102512121200562
-0.9877644777297974
-1.6290332078933716
-1.022820234298706
-1.4170517921447754
-1.1282312870025635
-1.4492285251617432
-1.0284113883972168
-1.4981406927108765
-1.016965389251709
-1.8493328094482422
-0.9056426882743835
-1.5741974115371704
-0.9882086515426636
-1.2756047248840332
-1.0511953830718994
-1.2932411432266235
-1.1406898498535156
-1.6503602266311646
-0.81382155418396
-1.5152668952941895
-1.030032992362976
-1.4291414022445679
-0.8772727251052856
-1.4417366981506348
-1.36942720413208
-1.4844434261322021
-0.8902289867401123
-1.7533320188522339
-1.0097061395645142
-1.3417874574661255
-1.100836992263794
-1.3822306394577026
-0.8887309432029724
-1.5381205081939697
-0.9426971673965454
-1.4263989925384521
-0.9493196606636047
-1.4051642417907715
-1.0067968368530273
-1.6302556991577148
-0.8213105797767639
-1.360927700996399
-0.851864218711853
-1.4371938705444336
-0.914976179599762
-1.7181745767593384
-1.0819122791290283
-1.8095152378082275
-1.0257961750030518
-1.266466736793518
-0.8322477340698242
-1.485532522201538
-1.2461695671081543
-2.079524040222168
-1.010963797569275
-1.734438180923462
-0.884427547454834
-1.4781441688537598
-1.0831329822540283
-1.6765499114990234
-0.7659573554992676
-1.544208288192749
-0.8357632756233215
-1.3778610229492188
-1.0906975269317627
-1.619591236114502
-1.0356355905532837
-1.3280941247940063
-0.9758687615394592
-1.494431495666504
-0.9373550415039062
-1.3103572130203247
-0.8574188947677612
-1.5958852767944336
-0.8470555543899536
-1.792126178741455
-0.9110369682312012
-1.505737543106079
-0.8668745756149292
-1.7855228185653687
-0.9673464894294739
-1.4724193811416626
-0.867394208908081
-1.5290368795394897
-0.888231098651886
-1.9754440784454346
-0.9129404425621033
-1.4410885572433472
-1.0337343215942383
-1.2730469703674316
-1.0566415786743164
-1.2943861484527588
-0.8722211122512817
-1.876829743385315
-1.028710126876831
-1.6107227802276611
-0.8632563352584839
-1.826834797859192
-1.0139669179916382
-1.385388731956482
-0.8458921909332275
-1.6537622213363647
-0.8633332848548889
-1.501844882965088
-0.8279913067817688
-1.5531686544418335
-0.8793109059333801
-1.3708232641220093
-0.8761168122291565
-1.734636664390564
-0.7872831225395203
-1.3180952072143555
-0.8847283720970154
-1.3466092348098755
-0.9949530959129333
-1.6799782514572144
-0.9262848496437073
-1.2273505926132202
-0.8596764206886292
-1.4055092334747314
-1.014183521270752
-1.2652982473373413
-1.0963274240493774
-1.5952116250991821
-0.79278165102005
-1.3662996292114258
-0.8924462199211121
-1.5369170904159546
-0.7589948773384094
-1.620002269744873
-0.9864475727081299
-1.3358721733093262
-0.9657050967216492
-1.3177154064178467
-0.8090189695358276
-1.4353652000427246
-1.1560546159744263
-1.6530380249023438
-0.7539981603622437
-1.2708061933517456
-0.8216327428817749
-1.5266517400741577
-1.2091716527938843
-1.4883195161819458
-0.9386712312698364
-1.4062811136245728
-0.9961216449737549
-1.359854817390442
-1.015184998512268
-1.3080341815948486
-0.7766239643096924
-1.297125220298767
-1.0064475536346436
-1.5393304824829102
-0.6697156429290771
-1.4077701568603516
-0.9051383137702942
-1.6205482482910156
-0.9280087351799011
-1.8305723667144775
-0.8663133382797241
-1.6881062984466553
-1.6533925533294678
-1.6299512386322021
-0.915120005607605
-1.312490701675415
-1.1614478826522827
-1.6805676221847534
-1.0042794942855835
-1.276536464691162
-0.9623963236808777
-1.4746928215026855
-0.8474910259246826
-1.3359709978103638
-0.9721744656562805
-1.2652454376220703
-0.877960205078125
-1.4832813739776611
-0.880471408367157
-1.7885507345199585
-0.8096957802772522
-1.1734446287155151
-0.9410840272903442
-1.4343065023422241
-0.6841241121292114
-1.575560450553894
-1.0856491327285767
-1.60215425491333
-0.8240280747413635
-1.6641956567764282
-0.973421037197113
-1.6276605129241943
-0.8511093854904175
-1.3646869659423828
-0.8491727709770203
