0.9290082231163979
0.7587745069629617
0.5906053587445058
0.36007201864517163
0.5308509736787528
0.5518208593976769
0.34564172352353734
0.7403438149485737
0.46417912817560136
0.619894552230835
0.8097466990196457
0.8069611289021041
0.6351882662856951
0.5006967468187213
0.758885790904363
0.46653691411484033
0.555454391016004
0.8534038823563606
0.9424027433762183
0.6440029656514525
0.7053094275761396
0.6607050150632858
0.27409232477657497
0.829026216123667
0.5317080114036798
0.4099708078429103
0.8105126165954227
0.5348140515076617
0.6506919506937265
0.48308349713417037
0.5717109304678161
0.7631266601383686
0.6362622223761198
0.5623264287908872
0.5102926123548638
0.8518203943967819
0.6322323730681092
0.6691493064475557
0.7659546826034784
0.8326024617999792
0.9272780248097011
0.7338357317660537
0.9578382596373558
0.6513958048696319
0.7632020484994758
0.6365964721888304
0.5586713006986039
0.6000294893048703
0.4037120300345123
0.5901860695332288
0.6122460031881929
0.6012723413961274
0.7174273162769774
0.9617277979850769
0.6274002215691975
0.658985012634234
0.5397446746262305
0.6851829240719477
0.49218623666092753
0.7060984019190073
0.5820406172424555
0.9598230242729187
0.8260669087370237
0.9793464030538287
0.9810448203768048
0.6333284975791519
0.5788218729042759
0.45230343997744576
0.6279819905757904
0.6018431000760757
0.842221736907959
0.6345677582818704
0.9567921260992686
0.8999811863669982
0.5575458568266847
0.5261101488851838
0.7209674923215061
0.8364992290735245
0.6042017549542444
0.5274539574642073
0.5230897087936422
0.7748663895763457
0.7815381487210592
0.6726284283213317
0.8269287310540676
0.8505616982777914
0.8492414060641419
0.7310036433627829
0.7147879296292862
0.45542181670316495
0.6534184518227861
0.6893611265536905
0.7353811061216725
0.8895738869905472
0.6640284354281094
0.9795640508333842
0.7672156883137566
0.6541607068343596
0.3033461732848082
0.5947603912209161
0.7023447383195162
0.7196924286809835
0.49920587034689057
0.4587872227653861
0.9662831664085388
0.4977167769525708
0.3272972693666816
0.5448936820030212
0.8044172339286888
0.4775621545656274
0.6107085107670476
0.8123004077510401
0.637772279481093
0.6773493255799016
0.7084615871842418
0.676281251013279
0.6981919365288276
0.8829061604208417
0.8029586833581561
0.6480989533906373
0.5043093455870721
0.9885875806212425
0.734550379216671
0.671278539171908
0.8637387938797474
0.6754948167751232
0.7837561225857247
0.8604979485273361
0.5655542421154678
0.5282033185164133
0.6569865952478722
0.6681034039809473
0.43974572078635293
0.6467129293208321
0.5896968365731564
0.7651133502109183
0.48120725457556546
0.8311253225811842
0.7125433932703275
0.7692229157934586
0.6235020380467177
0.853414101260049
0.7047583561136641
0.9105863996914455
0.9545330703258514
0.7042369097471237
0.5758987207497869
0.6797185644714369
0.5539619367835777
0.8232581665118536
0.8725192695856094
0.6029373612254858
0.7172983009368181
0.7715881283261946
0.805219016969204
0.567684707733301
0.6670748805627227
0.7769760497446571
0.6696032931407293
0.6114485675518934
0.8229556523729116
0.6386293265968561
0.8795872833579779
0.7193747990849343
0.5408454927696417
0.8503772882635102
0.781016601860756
0.6485728586092592
0.2648960952355992
0.5294217003716363
0.6229733472056169
0.769043530760841
0.5665274288621731
0.6120819203555584
0.7600402556232769
0.6507832520375294
0.8599457956022687
0.6850248023867607
0.6391285121402083
0.5438585955106343
0.897725543805531
0.6542032300071283
0.5905018237729868
0.6017586768139154
0.4626620785137148
0.525771202147007
0.7313573924558503
0.7827743753790856
0.8854997724294662
0.5367151073772799
0.6446061706353378
0.32292282581329346
0.667701952987247
0.6687223747139797
0.6476350678130984
0.6684956272656564
0.644993878012015
0.4016142383625265
0.8261056120196978
0.8134806166802134
