0.9922230541706085
0.9209747943613265
0.9126691043376922
0.9942200524466378
0.9931054934859276
0.9753775596618652
0.7351676138738791
0.7941640703938901
0.9570713837941488
0.8056141175329685
0.9109451764282616
0.9013672388262219
0.9933035746216774
0.9761844396591186
0.9216063155068291
0.9932345847288767
0.7190610247780569
0.9938001930713654
0.9944814581137437
0.9870653867721557
0.8697030059993267
0.8017312452197075
0.8908782806247473
0.9012123313215044
0.8064067244529725
0.8593660866220793
0.9236815436319872
0.8772155692179998
0.9046765721092621
0.8081173281784036
0.8727829791605473
0.9195269763469696
0.8892687766679696
0.838651780039072
0.8387889422645624
0.8520301232735316
0.9055919140577317
0.8288502869642494
0.8749750629067421
0.9919239197458539
0.9943221381732396
0.9943653770855495
0.926975704729557
0.8773050581415495
0.905918705531142
0.932304972410202
0.977405594927924
0.8683237674490859
0.9914573505520821
0.9021205246448517
0.8581884719431401
0.9093463335718427
0.9348343759775162
0.9607249895731608
0.966024671282087
0.9805389480157332
0.9203213579021394
0.9932676355044047
0.8484563892707229
0.870825164206326
0.8376142270863056
0.9770015358924866
0.9341963877280554
0.9908780370439801
0.9694616113390241
0.9937002875588157
0.8385476155413522
0.9890643443380084
0.9887559711933136
0.9221103489398956
0.844853299856186
0.8288894971871438
0.9825316866238912
0.9935825283710773
0.9354132955724542
0.9939802222781711
0.9906856268644333
0.9904278914133707
0.8642622509256138
0.9918204816904935
0.8769736055816922
0.8974646031856537
0.991731497976515
0.8527554990723729
0.9928863247235616
0.9931545125113593
0.9880007938905195
0.8804751774296165
0.9183845929801464
0.9931836798787117
0.9171564362265847
0.9934259707277472
0.9840317567189535
0.9327417090535164
0.981310506661733
0.9739460051059723
0.9902647052492414
0.8192703618922017
0.9672539234161377
0.9304199069738388
0.9897748172283173
0.8154003252698616
0.7595913658539454
0.9827284753322602
0.9939018249511719
0.908510722219944
0.9882408039910453
0.9089087280962203
0.9899867872397105
0.7416583846012751
0.842049260934194
0.9200140278447758
0.9940481682618459
0.8334782873280346
0.9879669632230487
0.9048465453088284
0.8910135957929823
0.9934279984898038
0.9344848841428757
0.9238633123727945
0.9851680506359447
0.9943821132183075
0.9392494294378493
0.9945410639047623
0.8490992393344641
0.9132619652276238
0.9903298453851179
0.9575894117355347
0.9928131997585297
0.8814520295709372
0.9146927818655968
0.8675633813254535
0.9720082432031631
0.8741060867905617
0.9223479151725769
0.994400852256351
0.8753795313338438
0.9923205971717834
0.97548469213339
0.9943386713663737
0.9940845847129822
0.9902819735663277
0.9883546504107389
0.9944975205830165
0.9194964841008186
0.9943392649292946
0.9941549982343402
0.9191146161821153
0.9166775175503322
0.976746549208959
0.9889182107789176
0.9923600554466248
0.8697346761182416
0.9917107437338147
0.9942057047571454
0.9940956693429214
0.8875162431171962
0.9887172409466335
0.9909079273541769
0.9868237461362567
0.9927923878033956
0.9900318582852682
0.9944365173578262
0.927916716445576
0.9281256978328412
0.9937480337479535
0.8959055468440056
0.9804455220699311
0.8717666827142239
0.9259760048654344
0.8955498470200433
0.9908432472835887
0.957163792848587
0.8961508595384657
0.992132539098913
0.8388209172657558
0.965666651725769
0.9178994446992874
0.8893227168591693
0.9109512915213903
0.9898131574903216
0.9943049387498335
0.7310625053942204
0.911963681379954
0.8455009711416144
0.8664695769548416
0.9934658919061933
0.9918479323387146
0.9885667204856873
0.9059488648040728
0.8685933356838567
0.8741236412897706
0.8953407547540135
0.8498854762874544
0.8751726668328047
0.8051388077437878
0.8618162785741416
0.9368104934692383
0.8305359159906706
0.9940985015460423
