[55, 36, 194, 132]
[50, 34, 185, 126, 92]
[50, 34, 188, 127, 95]
[52, 36, 189, 131]
[48, 32, 126, 95]
[51, 35, 190, 128]
[49, 33, 122]
[51, 34, 128]
[55, 36, 97]
[25, 15]
[101, 69, 259, 191, 136, 112]
[48, 32, 192, 129, 93]
[50, 34, 124]
[51, 33, 193, 130, 96]
[53, 34, 196, 135, 99]
[26, 18, 94]
[25, 16]
[49, 32, 179, 120]
[104, 68, 258, 191, 140, 113, 281]
[50, 34, 123]
[50, 32, 193, 133]
[24, 15, 92]
[49, 34, 187, 126]
[51, 35, 188, 129, 95]
[26, 15]
[49, 33, 125, 93]
[48, 32, 184, 123, 90]
[49, 34, 120, 90]
[53, 34, 193, 133]
[50, 34, 184, 124]
[51, 34, 126]
[50, 34, 186, 126, 92, 65]
[50, 33, 193, 125, 92]
[102, 68, 258, 194, 136, 111]
[54, 35, 190, 128, 96]
[24, 15, 89]
[49, 33, 192, 128, 94]
[52, 32, 126]
[50, 33, 188, 130]
[50, 32, 184, 123]
[48, 32, 182, 124]
[51, 34, 185, 125, 92]
[50, 34, 187, 126]
[49, 32, 181, 123, 90]
[52, 35, 194, 131]
[51, 34, 190, 129, 94]
[114, 76, 270, 203, 148, 124, 293]
[104, 70, 263, 196, 139, 116, 286]
[49, 34, 187, 125, 92]
[47, 32, 183, 123, 90, 63]
[28, 17, 99]
[57, 39, 132, 100]
[50, 34, 200, 133, 96]
[24, 16]
[49, 33, 122]
[51, 35, 193, 130, 96, 66]
[109, 72, 261, 199, 143, 118]
[53, 35, 130]
[50, 34, 190, 131]
[52, 35, 197, 127, 94]
[52, 36, 131]
[23, 15]
[52, 35, 187, 126, 95, 69]
[52, 35, 122, 92]
[49, 32, 192, 131]
[51, 36, 186, 126, 95, 67]
[50, 34, 186, 125]
[49, 33, 124]
[52, 36, 127]
[51, 34, 187, 127, 95]
[23, 15]
[51, 36, 123]
[25, 16, 96]
[52, 35, 196, 136, 102]
[107, 72, 258, 194, 140, 116]
[49, 33, 192, 126]
[51, 33, 130]
[25, 16, 93]
[100, 68, 256, 186, 132, 109, 284]
[51, 34, 191, 127, 97]
[54, 35, 128]
[50, 32, 191, 132, 93]
[48, 32, 180, 123]
[56, 39, 132]
[50, 34, 129]
[51, 34, 184, 122, 91]
[47, 32, 188, 124, 93, 65]
[50, 33, 122, 92]
[102, 69, 264, 196, 139, 54]
[56, 35, 195, 132]
[48, 32, 193, 131]
[52, 35, 185, 125, 93]
[50, 34, 188, 127]
[48, 32, 123, 92]
[54, 38, 190, 129, 95]
[48, 32, 124]
[52, 37, 130]
[55, 38, 197, 132, 100]
[50, 33, 182, 122, 91]
[54, 37, 136]
[52, 35, 189, 125, 94, 68]
[100, 66, 250, 188, 133, 110, 273]
[50, 34, 186, 126, 93]
[49, 33, 181, 123, 90]
[50, 33, 124]
[53, 34, 189, 129]
[52, 36, 128, 98]
[55, 38, 129]
[55, 39, 133]
[54, 36, 199, 133, 99, 72]
[106, 74, 260, 193, 139, 115]
[51, 34, 189, 128, 94]
[27, 16]
[101, 69, 248, 185, 133, 110]
[49, 33, 128]
[52, 36, 186, 127]
[49, 32, 195, 130]
[51, 33, 193, 130, 97]
[51, 34, 125]
[49, 33, 197, 130, 94, 66]
[51, 35, 183, 125, 94, 67]
[52, 32, 130, 96]
[50, 33, 195, 132]
[49, 33, 189, 125]
[51, 33, 183, 123, 91]
[50, 34, 194, 128, 96, 66]
[52, 35, 192, 131, 97, 70]
[51, 34, 191, 126]
[27, 17]
[52, 33, 191, 129]
[50, 32, 191, 128, 93]
[49, 33, 184, 124, 93]
[51, 35, 195, 130, 99]
[52, 34, 193, 129, 96, 69]
[51, 35, 200, 128, 94, 67]
[50, 33, 185, 126]
[101, 67, 261, 194, 138, 112, 283]
[50, 33, 125, 93]
[53, 37, 196, 130, 96, 69]
[49, 33, 186, 125, 92]
[25, 17]
[51, 33, 124]
[50, 34, 191, 125, 94, 68]
[52, 34, 130]
[49, 33, 186, 126]
[52, 35, 130]
[48, 32, 183, 124]
[51, 34, 183, 123]
[50, 33, 131]
[24, 15]
[52, 36, 93]
[52, 37, 189, 129]
[51, 34, 189, 126]
[101, 69, 261, 194, 134, 110, 284]
[51, 35, 123]
[104, 70, 263, 193, 138, 114]
[48, 32, 183, 125]
[48, 32, 120]
[54, 38, 135, 102]
[52, 35, 191, 133]
[48, 32, 122]
[52, 33, 126]
[50, 33, 189, 128]
[105, 71, 263, 196, 137, 114]
[103, 69, 259, 193, 137, 113]
[104, 67, 259, 194, 138, 114, 284, 286]
[53, 34, 127, 96]
[49, 32, 127]
[56, 37, 194, 131, 99]
[54, 38, 188, 130]
[51, 33, 191, 129, 96]
[101, 69, 256, 189, 135, 112]
[54, 37, 187, 129, 97]
[49, 33, 187, 127, 92, 65]
[52, 35, 192, 129, 96]
[47, 32, 180, 120]
[52, 36, 190, 129, 95]
[103, 68, 256, 194, 139, 116]
[55, 37, 205, 138, 101, 72]
[103, 68, 261, 197, 140, 114, 285]
[49, 33, 123]
[52, 35, 196, 132, 97]
[52, 34, 124]
[52, 35, 133]
[109, 76, 269, 205, 143, 120, 292]
[54, 36, 193, 131]
[55, 37, 128]
[57, 37, 197, 135, 101]
[52, 34, 189, 129]
[52, 35, 188, 128]
[99, 68, 256, 188, 134, 109, 279]
[50, 33, 127]
[55, 36, 187, 128, 97]
[48, 32, 186, 125, 94]
[50, 32, 190, 129, 97]
[25, 16]
[100, 65, 250, 188, 132, 109, 272]
[52, 35, 188, 129]
[50, 34, 124]
[52, 35, 126, 96]
