0.8623978758169936
0.9781950853379425
0.8142562984496123
0.96340720425189
0.8137131413519744
0.9794158940450556
0.8397362092869053
0.9801901690843399
0.8053467828887646
0.9677647733792313
0.7766753592146618
0.9721048182586645
0.835186954724031
0.9842858517380928
0.754888188275833
0.9722749581047806
0.8211265059415707
0.976960585451219
0.817277221970245
0.9758959011060507
0.7941033285440612
0.9792510931296431
0.7734057475095126
0.9651332478647733
0.7858712863965648
0.9682636611636599
0.8025043927605644
0.9821727424870843
0.7412124656268768
0.9813687388701092
0.827713563803449
0.972494047424349
0.8013535712293338
0.978996640537514
0.8548906322021905
0.9783930598073745
0.764423732875712
0.9617093041404569
0.8319500801073009
0.9779802714948355
0.8102590539957374
0.9591249297226385
0.8900563159403764
0.9780867666367672
0.849604478543888
0.9561432582340222
0.7893817673768775
0.9737784752648009
0.7947508122701633
0.950164337141127
0.8331997796472118
0.9659097305574282
0.8036884138791235
0.9803067249305181
0.8385192292332707
0.9789753275273364
0.6608064140665808
0.9731722835403317
0.7653666362226176
0.9794736303930833
0.881084548543451
0.9781259470575819
0.8401203182313297
0.9701201448558613
0.7812297740025826
0.9725431040858038
0.8484099191814156
0.9623740263996873
0.853436244787596
0.9780777146118256
0.8283563208389094
0.9826715419853934
0.798064223147756
0.9772390164907327
0.8010271423962797
0.9471239989875554
0.8398520314963913
0.9723539371242818
0.7692549213745802
0.9761188712822397
0.8254198021402193
0.9763943489681619
0.828133747264492
0.9529034999974951
0.7123293271196142
0.9191595011458834
0.8352670196454779
0.972169732090367
0.869846881779265
0.9685328293874943
0.7368560433026253
0.9744421333640029
0.7340516949447446
0.973017800828613
0.8537624727825313
0.9634273204824727
0.8430604494557983
0.9752036756317415
0.8479068576448631
0.9457303004854064
0.7989404026548046
0.9767836078543854
0.8099681396486175
0.9748605391825385
0.844606906899352
0.9764679176755449
0.78819193883533
0.941517890772128
0.9245162772956542
0.977818058114128
0.8364809156769535
0.978701414192244
0.8173959578741022
0.9704563506492648
0.8793842183801235
0.947110866983373
0.8110520692757537
0.9795132522893397
0.8239636658169477
0.9731300931236228
0.8256349210971132
0.9728445199535976
0.8875708058557746
0.980045019419167
0.8421642068729829
0.9723576589545251
0.7776259695064784
0.9838898416593976
0.7331634717586816
0.9729377815315315
0.830470928436079
0.9782898467205463
0.8279988243152974
0.9842779210211576
0.8155054573919303
0.9657141457838921
0.8551832756080427
0.9805752361348516
0.8596820015870138
0.9750854287160269
0.8251973906886023
0.980192920535587
0.8563741044678911
0.9724244943197563
0.8018023950899053
0.9813097370710377
0.7986893508938813
0.9780302349898728
0.8460446949214405
0.9781805547024973
0.9110205962326141
0.981491710068959
0.840368407015118
0.9770114790503868
0.8340371855417763
0.9698008751288519
0.8012743738546855
0.9739451521736043
0.8572250472544195
0.9763460847806666
0.8118286914015442
0.968273107750713
0.9033488074670523
0.9839191549226051
0.8367676120946038
0.9724984243371121
0.8011306874943237
0.9667222980832448
0.7851557606197227
0.9743408665109577
0.8560550661048624
0.9768789526373952
0.8024825065739627
0.9626049298646979
0.8646741320625475
0.9806387895689348
0.7821150946415537
0.9676897434376369
0.8142434988179668
0.9748263837398824
0.8732323145604395
0.9441637083530471
0.8525284335199881
0.974230444070724
0.8327405917174705
0.966435810399122
0.8770225228023689
0.9718745127085608
0.7407236390954567
0.9730307177615573
0.7528160711366528
0.9739975209725854
0.7748389162667152
0.9131644518272426
0.8855924942827165
0.9776386308068459
0.7725170897382543
0.9756358393973859
0.8845587359021059
0.9783116294786554
