0.9519509673118591
0.9467808604240417
0.8939704298973083
0.49530312418937683
0.7749012112617493
0.9381682276725769
0.8962372541427612
0.2577027976512909
0.794758141040802
0.3415127098560333
0.47689130902290344
0.34021344780921936
0.9158244729042053
0.8903586268424988
0.9414077997207642
0.8592959046363831
0.5872097611427307
0.5384923219680786
0.6645489931106567
0.8203138113021851
0.9064666032791138
0.5552877187728882
0.9109500050544739
0.8031294345855713
0.47205543518066406
0.9169373512268066
0.9028878211975098
0.7697902917861938
0.9441130757331848
0.6328875422477722
0.8565587401390076
0.3353455364704132
0.9371646046638489
0.45990467071533203
0.7847973108291626
0.9527738690376282
0.8261137008666992
0.9590018391609192
0.46731677651405334
0.8130216002464294
0.9657945036888123
0.7937533259391785
0.5403702855110168
0.9532512426376343
0.9269380569458008
0.47629591822624207
0.9529948830604553
0.003955476451665163
0.9283041954040527
0.8863586187362671
0.9399745464324951
0.849236786365509
0.9690729975700378
0.9013017416000366
0.5627077221870422
0.9437980055809021
0.5798103213310242
0.3572467863559723
0.8298808932304382
0.9104440212249756
0.9374476671218872
0.46186161041259766
0.016144707798957825
0.9709370732307434
0.7307619452476501
0.4483056962490082
0.9300284385681152
0.9542428851127625
0.9287374019622803
0.2565660774707794
0.9323384761810303
0.02546399086713791
0.9200049638748169
0.7492545247077942
0.5659060478210449
0.9426160454750061
0.6631843447685242
0.9699136018753052
0.650093138217926
0.07719574868679047
0.8336812853813171
0.9460377097129822
0.854215681552887
0.23359838128089905
0.9493483304977417
0.32818159461021423
0.8663625121116638
0.9094374179840088
0.9007339477539062
0.8719443082809448
0.772305428981781
0.10525587946176529
0.5510374307632446
0.9590383768081665
0.8867119550704956
0.3697405159473419
0.6171331405639648
0.9581566452980042
0.944104790687561
0.7255480885505676
0.0814453735947609
0.9718655347824097
0.9212454557418823
0.9594742059707642
0.009474561549723148
0.9457883238792419
0.029122350737452507
0.9679876565933228
0.49390220642089844
0.9562959671020508
0.8957120776176453
0.9369586110115051
0.5591588020324707
0.06645835191011429
0.9145607352256775
0.11090482026338577
0.8796321749687195
0.9712097644805908
0.9558225870132446
0.9019208550453186
0.8106544017791748
0.7448148131370544
0.9437798857688904
0.3333216607570648
0.5747299790382385
0.9334936141967773
0.7975113987922668
0.7804919481277466
0.8865793347358704
0.9618130326271057
0.907746434211731
0.19104412198066711
0.23638524115085602
0.9687826037406921
0.8951234221458435
0.926392674446106
0.8745803236961365
0.8335235118865967
0.4418582022190094
0.9589166641235352
0.9358905553817749
0.6587122082710266
0.7086039185523987
0.9125314950942993
0.19193512201309204
0.8941776752471924
0.8889632821083069
0.6765502691268921
0.7755281925201416
0.35048556327819824
0.18006347119808197
0.9481067657470703
0.9732276201248169
0.9040477275848389
0.9674514532089233
0.5439177751541138
0.15871761739253998
0.6336659789085388
0.9536552429199219
0.5773552656173706
0.8727797269821167
0.9369221925735474
0.7911874651908875
0.9324231147766113
0.538502037525177
0.5343048572540283
0.9064378142356873
0.8735929131507874
0.9677363634109497
0.8633908629417419
0.05876168981194496
0.789315938949585
0.43962129950523376
0.44337788224220276
0.9387015700340271
0.09539193660020828
0.9441896080970764
0.8413445949554443
0.9810036420822144
0.9635432958602905
0.9307611584663391
0.8886284232139587
0.6965294480323792
0.9266442060470581
0.2544263005256653
0.6966935396194458
0.39070528745651245
0.9470401406288147
0.9411150217056274
0.9132484197616577
0.8625361919403076
0.3246172070503235
0.9491575360298157
0.13599732518196106
0.5689066648483276
0.7606966495513916
0.8694756627082825
0.9418002367019653
0.6150190830230713
0.954371988773346
