0.7389097566999305
0.894432493823762
0.7198938527607947
0.8879422407784388
0.706859707576646
0.8851588392548427
0.7688280227076418
0.907667713664566
0.7257736367087281
0.8853310115320706
0.6883236386341975
0.8906986631040247
0.7471941073162255
0.9229576198574587
0.6715650768225843
0.8863583859248171
0.6877450796766117
0.8884887351969403
0.7367590033502803
0.879472271019188
0.7190946244086015
0.8862385826362742
0.6942463322754697
0.8830257935949297
0.6774541403639065
0.8894602646815841
0.7205349093477642
0.9064884597202757
0.6385247175037738
0.9030840586852111
0.6954402105149589
0.8803084926940374
0.7134412984213145
0.8974757415656618
0.7523159736622731
0.9017310446323963
0.6657738358941945
0.8657677196007321
0.6929433826440629
0.8982174419000968
0.7273436899522823
0.8749814295243462
0.7787794757979181
0.877230851222332
0.7547346860653663
0.8921234749641228
0.7252768056074675
0.8588171843446518
0.7117730389511443
0.8798695075935289
0.7271475668703203
0.8660130718954249
0.7123976669835957
0.8756455254477862
0.7429205503499045
0.8983070618407709
0.5682329423352436
0.8860475388629472
0.6444859725532822
0.8972536964248481
0.809253160460688
0.8963220643082758
0.7436309064141727
0.8926826915173147
0.7119074619991421
0.8894316435461679
0.7395479665679369
0.8701491960420532
0.7446348100134835
0.8648600532384667
0.7461811793554098
0.9056372735431466
0.687500592960574
0.8701828316839814
0.7167679815081652
0.8751350097215863
0.7540262300515463
0.8840876533066394
0.7005510571499173
0.8854377815315315
0.7123229963254095
0.8831234973479911
0.7676239495434025
0.8681900683720177
0.6227505947748748
0.8346905967720607
0.7544642819761794
0.883085436935593
0.781999868131108
0.8865728007532488
0.6477625459753027
0.8851634232089813
0.6587639790764791
0.85690329218107
0.7876189734358904
0.8748836603987885
0.7589674407146503
0.8927522906985546
0.758555539496968
0.856423040037868
0.7024343588871891
0.8976067521794658
0.7266424529659938
0.878692273555885
0.7552958308120273
0.8974550207000844
0.6624199903407632
0.8695966038101319
0.8435753834849603
0.8573937115994154
0.7099969138344899
0.8873117784045175
0.7402507918231002
0.8749510036006892
0.7703603393781318
0.8590772435438153
0.7233359693369552
0.8963070902819126
0.7544600182682428
0.8570991640989986
0.762883673903789
0.8872445442259802
0.7955174219859661
0.9035061292393011
0.7316785299351148
0.882027703410546
0.6906640850059033
0.8914322954726993
0.6080774445142751
0.8847330828886059
0.7194635014917047
0.88543872414852
0.7439570840128535
0.918903933177127
0.7324990920992058
0.8893288743236586
0.7662944464334112
0.8893502069628509
0.7610005596793895
0.894907593933907
0.756306643448125
0.9060776608187134
0.7576962809917356
0.8998152178631
0.6942280272458747
0.9000274909365817
0.7220634188822295
0.8964567743002441
0.7510430603042467
0.8908136271635869
0.7905620039749216
0.9052148534416011
0.7365809084217964
0.9001466136731717
0.7029118109526753
0.8861024033437827
0.6759665422445033
0.8843008253903512
0.7653811341754063
0.8956269673203094
0.755790085752865
0.8784532767971572
0.8249040650996544
0.8611520683346224
0.7671594139351593
0.8965137348795643
0.7248611111111111
0.874167763990748
0.7058045182291617
0.8589814953859842
0.6940789940103265
0.8677912732371038
0.7112423049752749
0.8881914122207093
0.7869607879347491
0.9004958849541392
0.6893203730717363
0.8655636648523833
0.7176783541896314
0.8783631572958978
0.818587916820475
0.8767586852878174
0.7666040772498469
0.8944063726864833
0.7470188601410321
0.898813701923077
0.7894438781288935
0.8936288537946863
0.6708458621628405
0.8893592242877835
0.7069419483908903
0.8602470566647681
0.6706337584422729
0.8336822742474915
0.781678319863534
0.8929309850121524
0.7038183635131714
0.8905851193602773
0.8024082653844216
0.8965935736555952
