0.9516363739967346
0.9391614198684692
0.8618627190589905
0.9266632795333862
0.9412640929222107
0.9431242942810059
0.9769081473350525
0.9821591973304749
0.9721253514289856
0.9606205224990845
0.9468274116516113
0.9841607213020325
0.973739743232727
0.9749702215194702
0.9551173448562622
0.9644305109977722
0.9521580338478088
0.9336904287338257
0.9666035771369934
0.9898421168327332
0.91831374168396
0.9639392495155334
0.971092164516449
0.9621703624725342
0.9111121296882629
0.9753109216690063
0.9370118379592896
0.9837992191314697
0.9354771375656128
0.9539555907249451
0.9592477083206177
0.9591029286384583
0.9087970852851868
0.9217849969863892
0.846192479133606
0.9334964156150818
0.9534916877746582
0.9020397067070007
0.9197597503662109
0.9704442620277405
0.9469431638717651
0.9588761925697327
0.9397646188735962
0.9531707763671875
0.9348607063293457
0.9553327560424805
0.9554392695426941
0.963290274143219
0.9688747525215149
0.9637110829353333
0.9614596962928772
0.9619514346122742
0.9499993324279785
0.9804053902626038
0.935137927532196
0.9354642629623413
0.9160804152488708
0.9572352170944214
0.9522486925125122
0.9615291953086853
0.9259081482887268
0.9366081953048706
0.9230636954307556
0.9525278806686401
0.9439321756362915
0.9764466881752014
0.9494101405143738
0.9820588827133179
0.9691150784492493
0.9111113548278809
0.9783540964126587
0.944042980670929
0.9073854088783264
0.953001081943512
0.9160171151161194
0.9671358466148376
0.9492015838623047
0.9752262830734253
0.9145181179046631
0.9502522945404053
0.9146189093589783
0.9698666334152222
0.9606125354766846
0.9911530613899231
0.9162249565124512
0.9675003290176392
0.943934977054596
0.9833886623382568
0.948624312877655
0.9732247591018677
0.9278016686439514
0.9716043472290039
0.924129843711853
0.9546957015991211
0.9739563465118408
0.9568043947219849
0.9737212061882019
0.9876283407211304
0.9388313889503479
0.9802163243293762
0.9579501748085022
0.9561740756034851
0.9029526114463806
0.9648036956787109
0.985008716583252
0.9586588740348816
0.9329244494438171
0.9754631519317627
0.9780200719833374
0.9736103415489197
0.9642078876495361
0.9812194108963013
0.8990638256072998
0.949224591255188
0.8765797019004822
0.9819347262382507
0.9510436058044434
0.948655366897583
0.9721481800079346
0.966075599193573
0.9794555902481079
0.9821646213531494
0.958452045917511
0.9707843661308289
0.9384651780128479
0.9476508498191833
0.9059001207351685
0.9851207733154297
0.9507505297660828
0.9695287942886353
0.9254024028778076
0.986916184425354
0.9728145599365234
0.987034022808075
0.9618751406669617
0.971027135848999
0.9749177098274231
0.9796311259269714
0.9029046893119812
0.877777636051178
0.9784689545631409
0.9846049547195435
0.9552646279335022
0.9551620483398438
0.9604929089546204
0.9433324933052063
0.911815881729126
0.9570431113243103
0.9709901809692383
0.9557693004608154
0.9486642479896545
0.9676007032394409
0.8544645309448242
0.9339185357093811
0.9296076893806458
0.9588843584060669
0.9754254817962646
0.9724411368370056
0.9629218578338623
0.9687524437904358
0.9674978256225586
0.9515194892883301
0.9588809609413147
0.9692931175231934
0.9656040072441101
0.940666139125824
0.975047767162323
0.9754593968391418
0.9777956604957581
0.9466230869293213
0.952573835849762
0.9614895582199097
0.9330621957778931
0.9785298109054565
0.8520258069038391
0.9770540595054626
0.9552162885665894
0.9626602530479431
0.9589095115661621
0.9654618501663208
0.9634491205215454
0.964961051940918
0.9739525318145752
0.9165695905685425
0.9623271226882935
0.9503404498100281
0.9640980958938599
0.9724047183990479
0.9649918079376221
0.9659383296966553
0.9684466123580933
0.9557591080665588
0.9542360305786133
0.9777624011039734
0.9345524907112122
0.9488404989242554
0.937965452671051
0.9658751487731934
0.9535043239593506
0.9566100835800171
