0.9704341292381287
0.9640982747077942
0.9549413323402405
0.9837626218795776
0.9671207666397095
0.9674999713897705
0.9901916980743408
0.9915750622749329
0.9899796843528748
0.9894161224365234
0.9783443808555603
0.9906482100486755
0.9797036051750183
0.9920941591262817
0.9828730225563049
0.989331841468811
0.9680214524269104
0.942706286907196
0.9793719053268433
0.99595046043396
0.9467653036117554
0.9859002828598022
0.9836419820785522
0.9914953708648682
0.9448186159133911
0.9933844208717346
0.9706205129623413
0.992223858833313
0.9627501964569092
0.9930146932601929
0.9824886322021484
0.9866849184036255
0.9199182987213135
0.9870205521583557
0.9567614197731018
0.9636902809143066
0.9562896490097046
0.9900164008140564
0.9404609203338623
0.9935227036476135
0.9798019528388977
0.9823762774467468
0.9748413562774658
0.9829862117767334
0.9733455777168274
0.9625934362411499
0.9758241772651672
0.9853493571281433
0.9836997389793396
0.9891926646232605
0.9822705984115601
0.9902520775794983
0.9821272492408752
0.9831412434577942
0.9643900394439697
0.9812776446342468
0.9513534307479858
0.9884538650512695
0.9646610021591187
0.9848477244377136
0.972219705581665
0.9670442938804626
0.8942340612411499
0.9831579923629761
0.9681621193885803
0.9847304821014404
0.9746516346931458
0.9896499514579773
0.9781914353370667
0.9826252460479736
0.9869992733001709
0.9855313897132874
0.9817052483558655
0.9855007529258728
0.9756666421890259
0.9876486659049988
0.9632726311683655
0.994140625
0.9432205557823181
0.9878515601158142
0.9806901216506958
0.9873951077461243
0.9844260811805725
0.9916120767593384
0.9461926817893982
0.9864137768745422
0.9671363830566406
0.9918481111526489
0.9811710119247437
0.9920749068260193
0.9433953762054443
0.9850454330444336
0.9693117141723633
0.9895451068878174
0.9872393012046814
0.9855832457542419
0.9777751564979553
0.9947875142097473
0.9839996099472046
0.9925885796546936
0.9768766164779663
0.9882557988166809
0.9435622096061707
0.9874333143234253
0.9917911887168884
0.9874265193939209
0.9776909351348877
0.9911037087440491
0.988048255443573
0.9940293431282043
0.9821912050247192
0.9858595728874207
0.9650641679763794
0.9692699313163757
0.9783154129981995
0.9856836795806885
0.9820876121520996
0.9829854369163513
0.988511860370636
0.9879266023635864
0.9905056953430176
0.9951769113540649
0.9837654232978821
0.9899633526802063
0.9742293357849121
0.9822566509246826
0.9351874589920044
0.9897400736808777
0.9593823552131653
0.985325276851654
0.962521493434906
0.994544506072998
0.9827927350997925
0.9929293990135193
0.944785475730896
0.9916293025016785
0.9884223341941833
0.9822512269020081
0.9782508015632629
0.9783746004104614
0.9891160130500793
0.9926236867904663
0.9844213128089905
0.97621750831604
0.9650845527648926
0.985273540019989
0.8993178009986877
0.9797704815864563
0.9888533353805542
0.9805117249488831
0.9797416925430298
0.9907388687133789
0.9812151193618774
0.9612481594085693
0.9598482847213745
0.99616539478302
0.986405074596405
0.9877706170082092
0.9773241877555847
0.9866670370101929
0.981800377368927
0.9857760667800903
0.983917772769928
0.9946290254592896
0.9760833978652954
0.9754131436347961
0.986351728439331
0.9851393103599548
0.9884564280509949
0.983307421207428
0.9825105667114258
0.9833824634552002
0.9596030116081238
0.9926562905311584
0.9798686504364014
0.9896901845932007
0.975507915019989
0.9749591946601868
0.9616429209709167
0.987505316734314
0.9750853180885315
0.9835692644119263
0.9876470565795898
0.9923345446586609
0.977215588092804
0.9725149273872375
0.9718090891838074
0.9891178011894226
0.9816797971725464
0.9890791773796082
0.9770246744155884
0.9791953563690186
0.9835793375968933
0.9844368100166321
0.9702458381652832
0.9890843629837036
0.9586976766586304
0.9768891930580139
0.9653713703155518
0.9843015074729919
