0.9868659496307373
0.9434321880340576
0.9713397100567818
0.7982630666345358
0.7062839652810778
0.9865547319253286
0.9812066640172686
0.854678193728129
0.974752300315433
0.8679123828187585
0.9825460910797119
0.7958910573972389
0.9924889405568441
0.9929971575737
0.8856229186058044
0.9942649867799547
0.9039421422140939
0.98086978495121
0.9223309233784676
0.8556161473194758
0.9733983022826058
0.8029049098491668
0.7851581544511848
0.8939760964777734
0.9540482064088186
0.7893835797149222
0.8662323908259472
0.9941378065517971
0.9386761869703021
0.9643571291651044
0.9772277932900649
0.966651818969033
0.8781406092457473
0.9083795150121053
0.9891976118087769
0.9926470650566949
0.976277194917202
0.9429720441500345
0.9895916134119034
0.9940151095390319
0.9573116898536682
0.8243572678572187
0.9118022233247757
0.9021325789391994
0.9562432914972305
0.7464977258018085
0.8026849254965782
0.8608079424926213
0.9887323677539825
0.8389460109174252
0.9924701154232025
0.8476843982934952
0.9711874723434448
0.8390163240784948
0.8473868191242218
0.9908251583576202
0.7618778819839159
0.8583410500238339
0.9927979870276018
0.8878826432757907
0.8756923427443124
0.966955175002416
0.9872211664915085
0.9888392753071256
0.9511452168226242
0.7269911776400275
0.9834128439426422
0.9439359605312347
0.8279043952934444
0.990845344283364
0.9543022513389587
0.9930065373579661
0.8765651068904183
0.9918119460344315
0.8909345187712461
0.8484631967398205
0.7209511201151393
0.8831849470734596
0.8701927215210162
0.9299377650022507
0.9913274943828583
0.988522599140803
0.9001190132564969
0.7495861682109535
0.845123753324151
0.7622804157694595
0.9616976320743561
0.9940037876367569
0.9717867753722451
0.9203634129630195
0.8660146147012711
0.9809253811836243
0.8316191500769212
0.8037040352355689
0.9890989490917751
0.9798227623105049
0.8625743059175355
0.8596191629767418
0.9888707026839256
0.9914950430393219
0.7881889147683978
0.8718406544066966
0.8390899524092674
0.8561255144369271
0.9929702043533325
0.9138395562767982
0.8782833042469892
0.9545941551526388
0.8754430059343576
0.992228239774704
0.956045389175415
0.9200608664088779
0.9498368799686432
0.8919892360766729
0.8895588053597344
0.8690241397998761
0.8083691224455833
0.9938828448454539
0.864380998743905
0.8364789771536986
0.7394485652446747
0.9381597191095352
0.9821201711893082
0.9462103943030039
0.9819917253085545
0.9935014098882675
0.7770351887281451
0.9715894162654877
0.9838436510827806
0.9939707318941752
0.9791749119758606
0.9940559983253479
0.8595872835721821
0.7911841198801994
0.8243786501032966
0.968761165936788
0.9936467749731881
0.9093181967735291
0.7674450930207968
0.9787239517484393
0.9927947044372558
0.9875571330388387
0.7365888717273871
0.9315163761377334
0.9717231392860413
0.9007305301725864
0.9880701243877411
0.7772829427073399
0.8680110781763991
0.8703338771301787
0.976979981769215
0.8831137418746948
0.9447753429412842
0.9902192155520121
0.8050093452135721
0.8445002862385341
0.7668201455048153
0.9823444286982218
0.7593732232538363
0.9490956200493706
0.9878615822110858
0.8749121079324849
0.9927305380503336
0.9920977056026459
0.9495771452784538
0.74085853099823
0.9909707009792328
0.9069383628666401
0.9733831712177822
0.9335914594786507
0.8076945945620537
0.9319274084908622
0.9190360506375631
0.9930517554283143
0.7821276808778445
0.9943415820598602
0.9275471270084381
0.8698712212499231
0.8847190737724304
0.9901222944259643
0.968999058008194
0.853630450864633
0.9934670925140381
0.9148687660694123
0.7653531432151794
0.8310900798865727
0.9936689819608416
0.9474867284297943
0.9820500413576762
0.7908884454518557
0.748590353344168
0.8881529317452357
0.9830675550869533
0.993764591217041
0.9846365319357978
0.8714240443659946
0.945773720741272
0.806296878377907
0.9038235578272078
0.9818537905812263
