0.8833171099424362
0.8798394531011582
0.6165938596241176
0.36523568015545604
0.607540890042271
0.6635145499991874
0.9523939320019313
0.699199794481198
0.8455275555348231
0.6430991985835135
0.9704987704753876
0.6333279233425856
0.8268315006668369
0.8430910706520081
0.8375423749287924
0.718552211092578
0.7034702332956451
0.705956544727087
0.7742008722852916
0.8713367382685343
0.8247098220246178
0.7836954355239868
0.6513596715198623
0.6695149363949895
0.8723558709025383
0.6529190839646617
0.7861790779150195
0.6766763010195324
0.7212583507810321
0.6962516580575279
0.7855329351642957
0.83187374337153
0.756952056609508
0.8591514329115549
0.6961757074226625
0.9041635460323758
0.9531915560364723
0.8895859519640604
0.8152802344411612
0.8084790602326393
0.8584862947463989
0.7481890334747732
0.5847153939306736
0.09073897004127503
0.8842088021337986
0.6979378695998874
0.46128125861287117
0.8581195090498243
0.8283301887568086
0.751965225674212
0.8889709338545799
0.8738552431265513
0.8731590509414673
0.7350215024568818
0.6773376826196909
0.89737568795681
0.6212806362503519
0.6787020671957483
0.9187949353998358
0.6072270781215694
0.8802719248665704
0.6193201236989504
0.8202369790524244
0.6785623994138505
0.8215858712792397
0.48689425074391895
0.9110275864601135
0.9003997445106506
0.1386850050517491
0.7299149673093449
0.802233198857201
0.8525242755810419
0.8182317397811196
0.9143732612331709
0.6904271841514855
0.7794902332659278
0.6875082206997004
0.8770581111311913
0.09334845675362481
0.9056311786174774
0.8956226914694222
0.9660832385222117
0.8603925473160214
0.7270302064716816
0.742446673149243
0.5302745062185245
0.6897720023989677
0.8006032751873136
0.7775466983968561
0.7414971692099547
0.8407095571358999
0.8685579200585684
0.7700164277966206
0.7923190128058195
0.9039511595453534
0.9349997490644455
0.6528428896729436
0.792680578927199
0.7626258155796677
0.9679504185914993
0.607455194927752
0.863864915445447
0.7958560713699886
0.8488669030678769
0.7523849010467529
0.7803421788848937
0.8843096156011928
0.9654673536618551
0.8263864777982235
0.8008090779185295
0.6557614666720232
0.8298890391985575
0.857756863697432
0.6804773627469937
0.6796153005626466
0.8517281882377574
0.5293889362365007
0.9507178962230682
0.6205095140159957
0.7480059787631035
0.47881792578846216
0.7797229681164026
0.7201579352404224
0.4889482205423216
0.8233583973986762
0.7438625427894294
0.7924484594592026
0.8518089205026627
0.8561341265837351
0.6964289570848147
0.7897737622261047
0.9469879627227783
0.661677562748082
0.7956992462277412
0.7178761959075928
0.9650835494200388
0.7575965843030384
0.7338417768478394
0.6091574067249894
0.8212112039327621
0.833576637506485
0.9195988972981771
0.831129734714826
0.728617746848613
0.7487649719230831
0.8404357165098191
0.9463141143321991
0.3680993410913895
0.8388426009720812
0.5392040036967956
0.8096300973133608
0.7407992333173752
0.8090706467628479
0.7322256252066128
0.7986552466948827
0.8027187074933734
0.6549925229379109
0.7204221926319102
0.7554890639148653
0.7426126460648246
0.7526422142982483
0.7557226895458169
0.9838686585426331
0.7276069819927216
0.7693873252719641
0.7906695678830147
0.9763387143611908
0.615208064642502
0.8225479338850293
0.7843362979058709
0.7655539229512215
0.6132419308913606
0.8878353403674232
0.8022565364837646
0.8280776490767797
0.8459724386533102
0.925748219092687
0.5742635417263955
0.5744574831000396
0.7836298731155693
0.8957461714744568
0.8270284933969378
0.7790209587663413
0.7989584818482399
0.6096190100070089
0.5699300824531487
0.7160303842808519
0.7614147514104843
0.8240690959824456
0.7311283789042916
0.6626303334321294
0.7884758493075004
0.9187615513801575
0.9075996279716492
0.7737083642019166
0.7359394681989215
0.9121833244959513
0.45566987502388656
0.6863206587731838
0.8141927272081375
