0.9042586475610733
0.8811096310615539
0.8493503157515079
0.6019809593446552
0.654486643416541
0.9815928836663564
0.9590978111539569
0.8428061058123907
0.8674041864772638
0.639625380281359
0.9692962865034739
0.7717746008886024
0.8291326422865192
0.985477864742279
0.8753361801306406
0.9311650461620755
0.9000699009214129
0.9809406995773315
0.9422274753451347
0.8547407935063044
0.8347037785819599
0.7579803735017776
0.673140930218829
0.6791183072556224
0.9647429833809534
0.6699328662070911
0.8741633517460691
0.9039282287870135
0.9164449657712664
0.8295996987393924
0.9296509692302117
0.9544429779052734
0.7750317881711655
0.9355668889151679
0.9778226673603058
0.9725278086132474
0.9544819295406342
0.9061375260353088
0.9820889830589294
0.8243275970220566
0.9552813900841607
0.7084785567130893
0.7546921670436859
0.8075236465781928
0.9502639174461365
0.7487974826778684
0.6517851203680038
0.8604816751820701
0.8858388252556324
0.8384479340165854
0.9017094820737839
0.8598943253358206
0.8580217446599688
0.8269754759967327
0.7482107004150749
0.8928623784333467
0.6716176817814509
0.7783311350891987
0.9372431852600791
0.8505634135670133
0.8757640135526243
0.7240654598766317
0.9737192168831825
0.9865449468294779
0.8385061323642731
0.590498850784368
0.961813336610794
0.8515858203172684
0.8279428328387439
0.9143520783294331
0.9539130500384739
0.8402384320894877
0.8771164877848192
0.9916924933592478
0.795438886480406
0.7764701033011079
0.6963869387453253
0.8831079304218292
0.7408971630386076
0.9239407658576966
0.9911495596170425
0.96535724401474
0.8464241822560629
0.7495811767876148
0.8216131780296564
0.6912700447202142
0.8502155140042305
0.9046107828617096
0.9366139552809976
0.7262889961970763
0.8229317913452784
0.8696657617886862
0.7945099432881062
0.8300000436138362
0.9775669830186027
0.9714856073260307
0.8593799652797836
0.8574912870923678
0.9887708872556686
0.9876927435398102
0.7121591999505957
0.872037505498156
0.8394804479820388
0.8618024197510548
0.9930287003517151
0.8122511189430952
0.8789848617532037
0.9654883543650309
0.8284240737557411
0.858730544646581
0.7999538624038299
0.9191380076938205
0.9495499655604362
0.7981602735817432
0.7869048052363925
0.8669585482857656
0.6189049016684294
0.9932727118333181
0.8174872398376465
0.8383073136210442
0.5007896929979324
0.8468376770615578
0.8620022959075868
0.8070980434616407
0.9815401179449899
0.867598119424656
0.7947037927806377
0.8558916598558426
0.9685652918285794
0.987541913986206
0.8539356410503387
0.9909081935882569
0.836313578300178
0.7796734794974327
0.8019493818283081
0.9684289495150248
0.9936332787786212
0.9366327524185181
0.7683252524584532
0.9792892592293876
0.8400790512561798
0.9721516668796539
0.7759994479517142
0.8924640666693449
0.9645873188972474
0.8892520643770695
0.9881715536117553
0.6850077321545945
0.86606166853259
0.6184452385787154
0.9335510351441123
0.8611929267644882
0.8999916389584541
0.9892736673355103
0.8128493130207062
0.7820338564259666
0.7034919772829328
0.8194542171744009
0.7644436618623635
0.8394813562432925
0.942690908908844
0.872838500680195
0.9930912057558695
0.9511183351278305
0.8506484180688858
0.8113535508513451
0.9909054636955261
0.8900606520473957
0.8956947326660156
0.7820084751251021
0.7728238418698311
0.8839876055717468
0.8803826305601332
0.9881639003753662
0.7924352586269379
0.993049681186676
0.9276071588198344
0.7556388375815004
0.7589629579867635
0.9752230167388916
0.9682829976081848
0.852214403450489
0.8803610764443874
0.8626296758651734
0.7087183818221092
0.796182462147304
0.8611915335059166
0.8189616622403264
0.876093789935112
0.7599387932568789
0.8037600283111844
0.8212054658394593
0.9789236102785382
0.9179812550544739
0.9378279778692458
0.8713212707079947
0.93976358572642
0.664528470170418
0.7987026986148622
0.8921937271952629
