0.3717602089047432
0.5106305073946714
0.274663541931659
0.21812194753438235
0.34689532686024904
0.39101873272253823
0.4221594227211816
0.17130416930497935
0.3193600304010842
0.22639771178364754
0.16290306503651664
0.13211316263768821
0.34759770380333066
0.3436634510755539
0.18418084201402962
0.3661671891135888
0.23855280284104602
0.5129770878702402
0.5557609353854787
0.3355908988160081
0.26123589663101093
0.13192039579153061
0.1141236424446106
0.3442188346137603
0.2971156981269208
0.42138402894488536
0.22812003859629235
0.33106878373239723
0.1924397256890578
0.14989454548672906
0.26382597086306375
0.3153350366787477
0.3635443802146862
0.2717494123046183
0.09282781183719635
0.6625041100713942
0.13063385876012035
0.6813983350992203
0.34302634457708336
0.5069693045690655
0.3467759456899431
0.2643765478084485
0.3396435043308884
0.08344062566757202
0.341364364430774
0.07539400907366403
0.1689043864607811
0.3784507442199226
0.3669695888092974
0.18416887056082487
0.2087442921474576
0.24225448991637677
0.254986618246351
0.06889916062355042
0.07652509874767727
0.08641401926676433
0.31857763048416626
0.10817654146618831
0.4552060344933786
0.2711519273515377
0.49693179885960287
0.07103688813125093
0.15564394441025797
0.11853794753551483
0.24683645709107319
0.31097408763081247
0.2588904085801914
0.10648912191390991
0.4081856324337423
0.19377616557969965
0.1303180456161499
0.21975085412850603
0.059324079751968385
0.5164553329814225
0.2841268979711458
0.03079034960163491
0.2376927945085547
0.5549260433763266
0.008719968299070993
0.408940077573061
0.4027943816424037
0.5640468833347162
0.3323198019578639
0.16806431708391756
0.3508245865814388
0.14049060456454754
0.10594634711742401
0.35672653566871304
0.33735019036314706
0.061816057242039174
0.30443015694618225
0.1759136898908764
0.24576343326435351
0.12458349125725883
0.25644376395004137
0.357628648635
0.2000030130147934
0.06848225540791948
0.3540157281968277
0.23852825909852982
0.2437321433875089
0.22948414110578597
0.3622910055065794
0.3175321212038398
0.36075985480565576
0.11507763181413923
0.45253906365145335
0.3810853411753972
0.22946137824328616
0.22491703492899737
0.2886780580350508
0.44032577738269335
0.5048755602911115
0.37739346361680265
0.1524803162448936
0.2447674841096159
0.152423894405365
0.5811432927536467
0.08418152458034456
0.23286570608615875
0.04846098516136408
0.11775479215430096
0.2922178757144138
0.11856613731166969
0.6366513988801411
0.11546281405857631
0.18936606403440237
0.32694956846535206
0.6432378565271696
0.42879461745421094
0.21107022007927298
0.024897925625555217
0.38351003220304847
0.08565760642522946
0.48963615404708044
0.411115540501972
0.48354417990360943
0.26478737834841015
0.03351025404117536
0.4415386243989425
0.32505123391747476
0.40121134246389073
0.2956142306793481
0.10396409697002834
0.41518276804126797
0.5343586422502995
0.6454015240073204
0.09212214402699222
0.10351473093032837
0.3063603356422391
0.30766723156822
0.2579414918436669
0.14620878299077353
0.34966114618712
0.3689845521003008
0.3905022461466225
0.187093175681574
0.45094839359323186
0.07875744672492146
0.23279731302884304
0.20368529275791453
0.15617748285229835
0.40926242371400195
0.4624064303934574
0.033837352480207174
0.3258796627866104
0.03009492252022028
0.07146192819345742
0.21669195652274148
0.15488039974921516
0.14229291053488852
0.2883820803835988
0.09914837032556534
0.241867920383811
0.2992319311015308
0.09700765425805002
0.5382982126126686
0.17505742647335865
0.1528721551100413
0.23062525709392503
0.09263674163958058
0.46020818486188847
0.20587675783317536
0.30957242627628145
0.14596417540451512
0.0860705360038472
0.2649835216413651
0.3089391328394413
0.16730498475953937
0.21647770556488208
0.39488429363284794
0.3252272938306515
0.5672694484570197
0.4192730692913756
0.4874500499831306
0.3145222570747137
0.12707853612179557
0.1272106269441013
0.3171839555596105
0.18446816853247583
