-1.4112049341201782
-1.0997085571289062
-1.2719660997390747
-1.2977052927017212
-1.5311516523361206
-1.3933157920837402
-1.1750743389129639
-1.1828089952468872
-1.4213836193084717
-0.8841068744659424
-1.320336937904358
-1.1332372426986694
-1.4612468481063843
-1.3006267547607422
-1.396528720855713
-1.3348394632339478
-1.3223308324813843
-1.4273738861083984
-1.1361247301101685
-1.237926959991455
-1.5238168239593506
-1.3209911584854126
-2.2770323753356934
-1.1649826765060425
-1.2888669967651367
-1.2323592901229858
-1.5376330614089966
-1.4337437152862549
-1.2348259687423706
-1.4252374172210693
-1.1366782188415527
-1.1360585689544678
-1.30751371383667
-1.3017915487289429
-1.2763398885726929
-1.1314778327941895
-1.765636682510376
-1.087899088859558
-1.3489081859588623
-1.2282902002334595
-1.4584320783615112
-1.2658120393753052
-1.3475900888442993
-1.0445926189422607
-1.2801733016967773
-1.2457191944122314
-1.4950339794158936
-1.0173637866973877
-1.2823100090026855
-1.4796630144119263
-1.2386741638183594
-1.5466951131820679
-1.2934975624084473
-1.344760537147522
-1.2706289291381836
-1.1907340288162231
-1.647186040878296
-1.1851369142532349
-1.3408105373382568
-1.2884153127670288
-1.3221675157546997
-1.206737995147705
-1.3062423467636108
-1.283647894859314
-1.3152713775634766
-1.2633105516433716
-1.195185899734497
-1.0568878650665283
-1.40462327003479
-1.506460189819336
-1.1668767929077148
-1.0604621171951294
-1.2429553270339966
-1.1070294380187988
-1.5010040998458862
-1.3041774034500122
-1.1666390895843506
-1.023442029953003
-1.4851794242858887
-1.0660512447357178
-1.1679387092590332
-1.3201955556869507
-1.4885364770889282
-1.2165158987045288
-1.503349781036377
-1.3455617427825928
-1.464424967765808
-1.1605918407440186
-1.458567500114441
-1.284341812133789
-1.3091840744018555
-0.9709540605545044
-1.463496208190918
-1.0603049993515015
-1.4204624891281128
-1.0396640300750732
-1.4225833415985107
-1.3669040203094482
-1.2339158058166504
-1.1029514074325562
-1.4283246994018555
-1.0357470512390137
-1.384925365447998
-1.41490638256073
-1.2358663082122803
-0.9914915561676025
-1.4242100715637207
-1.3288750648498535
-1.293327808380127
-1.16606605052948
-1.2045544385910034
-1.0942120552062988
-1.0896804332733154
-1.0276744365692139
-1.6100956201553345
-1.3703383207321167
-1.1905282735824585
-1.256267786026001
-1.1361485719680786
-1.3192076683044434
-1.2692757844924927
-1.2419934272766113
-1.1375722885131836
-1.1372078657150269
-1.2105354070663452
-1.2892284393310547
-1.5771358013153076
-1.4857419729232788
-1.397080659866333
-1.4004597663879395
-1.3651624917984009
-1.1926491260528564
-1.4066156148910522
-0.9172781705856323
-1.2382471561431885
-1.3666460514068604
-1.1379033327102661
-0.9809053540229797
-1.2347761392593384
-1.1646788120269775
-1.2867087125778198
-1.1271682977676392
-1.2596575021743774
-1.2346144914627075
-1.2509516477584839
-1.0842959880828857
-1.4640185832977295
-1.1877062320709229
-1.4184534549713135
-1.2086175680160522
-1.222222924232483
-1.2763851881027222
-1.1504697799682617
-1.1775778532028198
-1.5184123516082764
-1.503670573234558
-1.4339618682861328
-1.2700821161270142
-1.3652000427246094
-1.3565874099731445
-1.2069511413574219
-1.275887131690979
-1.0502347946166992
-1.1993060111999512
-1.3055715560913086
-1.3590461015701294
-1.4363197088241577
-1.279444932937622
-1.341112494468689
-1.3560205698013306
-1.1310220956802368
-1.2570152282714844
-1.2619942426681519
-1.3690468072891235
-1.1851133108139038
-1.0793147087097168
-1.6204640865325928
-1.1716790199279785
-1.2904425859451294
-1.4287784099578857
-1.4015147686004639
-1.2566860914230347
-1.2658683061599731
-1.2851848602294922
-1.3319348096847534
-1.3961834907531738
-1.2182035446166992
-1.2453973293304443
-1.3939661979675293
-1.1101940870285034
-1.456135630607605
-1.2539936304092407
-1.3642243146896362
-1.0945483446121216
-1.497623324394226
-1.1077004671096802
-1.3557896614074707
-1.242210030555725
-1.1679062843322754
-1.2407739162445068
