-1.9344193935394287
-1.3009337186813354
-1.7008979320526123
-1.9277219772338867
-1.5384036302566528
-1.3646878004074097
-1.7875064611434937
-1.1804990768432617
-1.8258172273635864
-1.077153205871582
-1.7600085735321045
-1.065690040588379
-1.7472240924835205
-1.844327449798584
-1.856179118156433
-1.383495569229126
-1.8766404390335083
-1.7669059038162231
-1.6084086894989014
-1.1494189500808716
-1.9196337461471558
-1.3806788921356201
-1.9699645042419434
-1.2413281202316284
-1.731680154800415
-1.3274861574172974
-1.7353707551956177
-1.2678385972976685
-1.9330369234085083
-1.3680102825164795
-1.7591623067855835
-1.1320713758468628
-1.8064343929290771
-1.4353615045547485
-1.7590277194976807
-1.3642007112503052
-2.131967067718506
-1.291795015335083
-2.030162811279297
-1.1654349565505981
-1.5699949264526367
-1.5087394714355469
-1.5171679258346558
-1.4017539024353027
-1.5859012603759766
-1.4709887504577637
-1.675724744796753
-1.0892727375030518
-1.6644952297210693
-1.390447974205017
-1.8152753114700317
-1.6957483291625977
-1.6485923528671265
-1.2572524547576904
-1.670467734336853
-1.3365288972854614
-2.285393714904785
-1.1900959014892578
-1.9538445472717285
-1.3812636137008667
-1.6368210315704346
-1.1420774459838867
-1.9075747728347778
-1.3545747995376587
-1.818509817123413
-1.29600191116333
-1.5629442930221558
-1.331437587738037
-1.8895561695098877
-1.280333399772644
-1.8958091735839844
-1.2119624614715576
-1.588842749595642
-1.3451597690582275
-1.9486359357833862
-1.4600564241409302
-1.4834555387496948
-1.3186115026474
-1.9494298696517944
-1.2564468383789062
-1.8800041675567627
-1.4270212650299072
-1.7575429677963257
-1.4170030355453491
-2.0312585830688477
-1.2112281322479248
-1.7806929349899292
-1.3748724460601807
-1.8500981330871582
-1.2912976741790771
-1.9331958293914795
-1.150946021080017
-1.940502643585205
-1.3099699020385742
-1.762326717376709
-1.2401554584503174
-1.626374363899231
-1.3234676122665405
-1.3601536750793457
-1.3139746189117432
-1.507328987121582
-1.3234251737594604
-2.3764708042144775
-1.335400938987732
-1.5493688583374023
-1.3214131593704224
-1.8224518299102783
-1.6232304573059082
-1.18546724319458
-1.3403788805007935
-1.796724557876587
-1.2277946472167969
-1.6581634283065796
-1.1193656921386719
-1.5434677600860596
-1.3899195194244385
-1.5186572074890137
-1.3865900039672852
-1.8179185390472412
-1.399437427520752
-1.7415989637374878
-1.0969055891036987
-3.0827107429504395
-1.1147290468215942
-1.5674751996994019
-1.3168102502822876
-1.9743982553482056
-1.5880242586135864
-1.881119966506958
-1.7246729135513306
-1.8641554117202759
-1.366889476776123
-1.9699561595916748
-1.4177992343902588
-1.792256236076355
-1.257853627204895
-1.3639663457870483
-1.230407953262329
-1.7767753601074219
-1.4250524044036865
-1.648427128791809
-1.2199801206588745
-1.52225923538208
-1.270378589630127
-1.614314317703247
-1.353649377822876
-1.9331716299057007
-1.4375991821289062
-1.7328107357025146
-1.2625738382339478
-1.3677103519439697
-1.1831852197647095
-1.7289615869522095
-1.1885218620300293
-1.7023121118545532
-1.2084825038909912
-1.8569070100784302
-1.390849232673645
-1.324100375175476
-1.26546311378479
-1.7954559326171875
-1.3264353275299072
-1.2079792022705078
-1.3729716539382935
-1.63690185546875
-1.3144491910934448
-2.301302194595337
-1.314881443977356
-1.7349157333374023
-1.3418155908584595
-1.6272714138031006
-1.311916708946228
-1.657200574874878
-1.702285647392273
-1.6572513580322266
-1.1917455196380615
-2.3491780757904053
-1.3610633611679077
-1.868716835975647
-1.4018304347991943
-1.8231170177459717
-1.148517370223999
-1.6101322174072266
-1.2675917148590088
-1.7044293880462646
-1.1414053440093994
-1.7331976890563965
-1.1797603368759155
-2.64447021484375
-1.4086072444915771
-1.9516749382019043
-1.2793749570846558
-1.8901070356369019
-1.4752596616744995
-1.53232741355896
-1.280242919921875
-2.039828300476074
-1.2351419925689697
-1.570751667022705
-1.247788667678833
