-2.428805112838745
-1.9463222026824951
-2.260073661804199
-2.5887556076049805
-2.132171869277954
-2.1495094299316406
-2.385721445083618
-1.612534761428833
-2.608224868774414
-1.8317662477493286
-2.3704674243927
-1.7809991836547852
-2.233826160430908
-2.1949069499969482
-2.584014892578125
-2.0334298610687256
-2.453084707260132
-2.2449984550476074
-2.3461694717407227
-1.7405741214752197
-2.6127142906188965
-1.9551441669464111
-2.529088020324707
-1.9714984893798828
-2.269824266433716
-2.0744199752807617
-2.344571828842163
-2.0425407886505127
-2.5939903259277344
-2.0756630897521973
-2.346695899963379
-1.7012284994125366
-2.4179959297180176
-2.141148805618286
-2.485795021057129
-1.946770429611206
-2.709648847579956
-1.997139573097229
-2.6325199604034424
-1.7312836647033691
-2.19709849357605
-2.289695978164673
-2.206989049911499
-2.0815088748931885
-2.177610397338867
-1.996748924255371
-2.49165940284729
-1.8240156173706055
-2.1344900131225586
-2.0530316829681396
-2.6180179119110107
-2.5523195266723633
-2.343991279602051
-1.9512120485305786
-2.3963935375213623
-1.9636754989624023
-2.9755539894104004
-1.9329099655151367
-2.8169198036193848
-2.175943613052368
-2.5376698970794678
-1.6774218082427979
-2.6269938945770264
-2.2781031131744385
-2.532505989074707
-1.9829041957855225
-2.3019018173217773
-2.008572578430176
-2.56819224357605
-1.9407752752304077
-2.5013527870178223
-1.7508773803710938
-2.2926251888275146
-2.1958844661712646
-2.4484176635742188
-1.9890263080596924
-2.207104444503784
-2.031759262084961
-2.6666650772094727
-1.8612562417984009
-2.424917459487915
-2.0813114643096924
-2.4320664405822754
-1.8432694673538208
-2.7993857860565186
-1.7321091890335083
-2.5721189975738525
-1.94978928565979
-2.5839457511901855
-1.9719990491867065
-2.5509262084960938
-1.7902231216430664
-2.714526891708374
-1.9767534732818604
-2.5459630489349365
-2.071242332458496
-2.183925151824951
-1.9644113779067993
-2.164182424545288
-1.8796591758728027
-2.0261950492858887
-1.9947429895401
-3.047454595565796
-2.099494457244873
-2.0962166786193848
-2.1053600311279297
-2.4391138553619385
-2.2975616455078125
-1.9786381721496582
-1.8726468086242676
-2.353182315826416
-1.8755048513412476
-2.352857828140259
-1.7658021450042725
-2.444777250289917
-1.9751969575881958
-2.3107738494873047
-2.1240360736846924
-2.4416258335113525
-2.351177930831909
-2.399409770965576
-1.9194047451019287
-3.742842674255371
-1.7761472463607788
-2.4269349575042725
-2.0938491821289062
-2.631523370742798
-2.2472004890441895
-2.4877827167510986
-1.942130208015442
-2.535254716873169
-1.9558504819869995
-2.6793785095214844
-2.040745973587036
-2.4762346744537354
-2.0654587745666504
-2.084617853164673
-1.722241997718811
-2.6531026363372803
-1.9946303367614746
-2.2622506618499756
-1.9957767724990845
-2.235363721847534
-1.8032035827636719
-2.3697471618652344
-1.9662965536117554
-2.6176037788391113
-2.269603729248047
-2.4872777462005615
-2.104011297225952
-1.94680655002594
-2.157754421234131
-2.3646373748779297
-1.8239121437072754
-2.491987943649292
-2.1298656463623047
-2.4995157718658447
-2.0297324657440186
-2.218266487121582
-1.9314019680023193
-2.2493300437927246
-2.200986862182617
-1.724274754524231
-2.028451442718506
-2.249255895614624
-2.0195932388305664
-3.2450215816497803
-2.0410380363464355
-2.2772791385650635
-2.2173328399658203
-2.22922682762146
-2.140439033508301
-2.3080761432647705
-2.065512180328369
-2.366974115371704
-1.733228325843811
-2.9197206497192383
-2.1207542419433594
-2.2661454677581787
-2.0959954261779785
-2.1205294132232666
-1.852195143699646
-2.0584332942962646
-2.1905105113983154
-2.148850917816162
-1.6442866325378418
-2.3196089267730713
-2.139608144760132
-3.361859083175659
-2.140134811401367
-2.5072264671325684
-1.908896803855896
-2.575458526611328
-2.060664415359497
-2.1500003337860107
-1.976717472076416
-2.6772139072418213
-1.8263812065124512
-2.2026305198669434
-1.9111961126327515
