0.9777829051017761
0.9897106289863586
0.9796496629714966
0.8045768141746521
0.6579042673110962
0.980486273765564
0.9736207127571106
0.9829261302947998
0.9670548439025879
0.018437067046761513
0.9369428753852844
0.04585377126932144
0.9911460280418396
0.9709770679473877
0.9751532077789307
0.9577429294586182
0.9885845184326172
0.9836789965629578
0.5169772505760193
0.8472474217414856
0.9841457009315491
0.9687151312828064
0.970244288444519
0.23133791983127594
0.32019028067588806
0.9134032726287842
0.9522257447242737
0.9910579919815063
0.9877398610115051
0.9633523225784302
0.2283223420381546
0.31519871950149536
0.9568195343017578
0.9850864410400391
0.7218865156173706
0.9404060244560242
0.9767447113990784
0.9864097237586975
0.9796864986419678
0.9884385466575623
0.9848699569702148
0.9794178605079651
0.3345302939414978
0.9780852794647217
0.9532657265663147
0.8294757008552551
0.9867992997169495
0.8943122029304504
0.9725544452667236
0.9595142602920532
0.43675294518470764
0.9831660985946655
0.9732138514518738
0.823209822177887
0.8039063811302185
0.964499831199646
0.8049653768539429
0.11312241852283478
0.7951157093048096
0.9137160778045654
0.9287762641906738
0.9907516241073608
0.9557297229766846
0.9784854650497437
0.8753089904785156
0.4859373867511749
0.9564759731292725
0.9581289887428284
0.9796586036682129
0.7439585328102112
0.9819499850273132
0.990483283996582
0.9858946800231934
0.47555428743362427
0.27125319838523865
0.9763434529304504
0.2851840555667877
0.9783404469490051
0.9420607089996338
0.13040710985660553
0.6054307222366333
0.9874961376190186
0.7972912192344666
0.20275947451591492
0.9524017572402954
0.9249639511108398
0.9833235144615173
0.9841096997261047
0.9780338406562805
0.9481556415557861
0.9276989102363586
0.9358847141265869
0.1331159472465515
0.9469842314720154
0.9891155362129211
0.9612546563148499
0.9800770878791809
0.9886133670806885
0.9621205925941467
0.9864583611488342
0.9257861971855164
0.9835361242294312
0.9350911974906921
0.9803952574729919
0.9532798528671265
0.9784187078475952
0.7133921384811401
0.9930585622787476
0.9866608381271362
0.9786638021469116
0.9792870283126831
0.9774733781814575
0.9179379343986511
0.7794545292854309
0.42429211735725403
0.4097934663295746
0.9794339537620544
0.9769261479377747
0.9739118814468384
0.979612410068512
0.9870688915252686
0.9788013100624084
0.9676012992858887
0.9816137552261353
0.09408552199602127
0.9914081692695618
0.8147196769714355
0.9807255864143372
0.8838411569595337
0.9941233992576599
0.9859554767608643
0.9883710741996765
0.9503763318061829
0.9795927405357361
0.9857492446899414
0.975618839263916
0.9899845123291016
0.9875909090042114
0.9819058179855347
0.9465075731277466
0.9903124570846558
0.9680061936378479
0.8043707609176636
0.9319612979888916
0.7447507977485657
0.8676587343215942
0.9737352132797241
0.9645570516586304
0.9792988300323486
0.8158131837844849
0.04271843284368515
0.9856250882148743
0.9888295531272888
0.9439505338668823
0.987993597984314
0.97728431224823
0.9765164256095886
0.9830036163330078
0.9625223875045776
0.14579962193965912
0.9906525611877441
0.8984605669975281
0.9839831590652466
0.9843495488166809
0.9118829369544983
0.736138641834259
0.9944974780082703
0.9262611269950867
0.9856706261634827
0.972525954246521
0.4835353493690491
0.7956454753875732
0.5632116198539734
0.8994727730751038
0.9871804118156433
0.9849570989608765
0.990653932094574
0.9811749458312988
0.9903551340103149
0.9499511122703552
0.9640260934829712
0.9687068462371826
0.509855329990387
0.9801114201545715
0.9686699509620667
0.6395890116691589
0.9835212230682373
0.9879137873649597
0.979540228843689
0.9249873161315918
0.9915825724601746
0.0028685235884040594
0.9670462608337402
0.985725998878479
0.6894394159317017
0.735725998878479
0.9078969359397888
0.7858480215072632
0.9853253960609436
0.9704194068908691
