0.9799940586090088
0.9740685224533081
0.935795783996582
0.14702945947647095
0.638013482093811
0.9837470650672913
0.9647954702377319
0.9232170581817627
0.9739920496940613
0.05257845297455788
0.8668500185012817
0.06266306340694427
0.9863191843032837
0.9675178527832031
0.9712557792663574
0.952569842338562
0.9869233965873718
0.982893168926239
0.7965793013572693
0.8214882016181946
0.978451132774353
0.969254195690155
0.9442546367645264
0.7841963768005371
0.233645498752594
0.9498010873794556
0.9522800445556641
0.9843573570251465
0.9859607219696045
0.9607560634613037
0.16196933388710022
0.3217815160751343
0.9264002442359924
0.9827048182487488
0.40803956985473633
0.9478234648704529
0.9557778835296631
0.9826560020446777
0.9739816784858704
0.9166193604469299
0.984464704990387
0.9566130638122559
0.1312086433172226
0.9740967154502869
0.9607717990875244
0.8374583721160889
0.986186146736145
0.9185540676116943
0.9684383273124695
0.9698747992515564
0.3691217601299286
0.9854277968406677
0.9688891172409058
0.9399427175521851
0.7206085324287415
0.9465511441230774
0.853623628616333
0.12400207668542862
0.8662890791893005
0.9167383909225464
0.950716495513916
0.9735589027404785
0.9495875239372253
0.9781558513641357
0.6748933792114258
0.5551835298538208
0.9430074691772461
0.9564290642738342
0.9784446358680725
0.8038241863250732
0.9734392762184143
0.9452518224716187
0.985929548740387
0.7074799537658691
0.2102048695087433
0.9842855334281921
0.1340152472257614
0.9783425331115723
0.911342442035675
0.24867218732833862
0.7350077629089355
0.9774806499481201
0.8418540954589844
0.2044897824525833
0.9679935574531555
0.9588003158569336
0.9756675362586975
0.9640964269638062
0.9766950011253357
0.9557731747627258
0.9219359159469604
0.49484431743621826
0.10245039314031601
0.9514724016189575
0.986935555934906
0.9583024978637695
0.9743223190307617
0.9884539246559143
0.9529050588607788
0.9755463600158691
0.9256421327590942
0.9859494566917419
0.937949538230896
0.9826980233192444
0.9710524082183838
0.971278190612793
0.8545088171958923
0.9938862919807434
0.9836137294769287
0.97974693775177
0.9783517718315125
0.9680854082107544
0.9702000617980957
0.7509270906448364
0.562608003616333
0.5676809549331665
0.976069986820221
0.9763343334197998
0.9722558856010437
0.9805280566215515
0.5032285451889038
0.9701865315437317
0.9575628638267517
0.9717977643013
0.04005448892712593
0.9832887053489685
0.7080318331718445
0.9084840416908264
0.8689448833465576
0.9937055706977844
0.9799512624740601
0.9135090112686157
0.8547323346138
0.9806870818138123
0.9817982316017151
0.9646620750427246
0.9903795719146729
0.9612833857536316
0.9707715511322021
0.9297018647193909
0.9100216627120972
0.9714562296867371
0.7702708840370178
0.9442102313041687
0.6042251586914062
0.8777673244476318
0.9809768795967102
0.9674530029296875
0.9700493216514587
0.5461651086807251
0.018443766981363297
0.9877687096595764
0.9782634377479553
0.9243245720863342
0.9858143925666809
0.9810325503349304
0.9658072590827942
0.15003889799118042
0.9674611687660217
0.11994332820177078
0.9904937148094177
0.9547484517097473
0.988976001739502
0.9745844602584839
0.9298012256622314
0.4511753022670746
0.9944342970848083
0.9563449025154114
0.9670294523239136
0.9613933563232422
0.33663639426231384
0.657072126865387
0.13527289032936096
0.9079378843307495
0.9846278429031372
0.9810339212417603
0.9882358312606812
0.9445926547050476
0.9859976768493652
0.9585565328598022
0.9535686373710632
0.9740785956382751
0.7599824070930481
0.9746832847595215
0.7651667594909668
0.6403540372848511
0.5587288737297058
0.9871420860290527
0.9770147800445557
0.9248599410057068
0.9905761480331421
0.005742950830608606
0.9615949392318726
0.8582163453102112
0.4039762318134308
0.7758944630622864
0.9428614377975464
0.6795506477355957
0.9531875252723694
0.9474182724952698
