0.9062020635893652
0.9463696910415403
0.9113991952695916
0.9359975708619913
0.8984816956949856
0.9464207290294248
0.9137554586767804
0.9531315780051418
0.8803341308709685
0.9384299561277479
0.8694056637394828
0.9498718772549989
0.914920381511372
0.9671640944980935
0.82894858900498
0.9423964438963787
0.8642032994193758
0.9560405856394317
0.9246116466831001
0.9507516931871137
0.8878444084278768
0.951660340891876
0.9203390543054433
0.9424319452641879
0.8507200999419828
0.9447609190992536
0.9074157641395908
0.9580034270293727
0.8714837988895513
0.9561971876067691
0.9213567650952993
0.9435383983444566
0.883539576861327
0.9503549578499696
0.9002795350014141
0.9533711447500711
0.9093205251238665
0.9258603924241521
0.8962780048092178
0.956316319018405
0.9068093447812388
0.9278905828769344
0.9330553117985688
0.9420853310894501
0.9093325158083215
0.9378883753786472
0.8868618429051053
0.9412865059713966
0.8788816212500214
0.9180555686179329
0.8983918917352143
0.9324669362118629
0.8677237938881075
0.9523779507792369
0.900924216146918
0.9504518628169834
0.825688778178606
0.9427176663394895
0.8719156568492492
0.9533091145759014
0.9086533616274985
0.9547763498377627
0.8840916994267204
0.9481125815984612
0.8783722919517813
0.948139977176628
0.9320957962933273
0.9291363689915173
0.9040212022249295
0.9374751006917083
0.8997654953000723
0.958994384019336
0.8595331567986768
0.9502759855684831
0.8764468962578779
0.9351376488506647
0.9166729560950404
0.9378534441508892
0.8750889448210138
0.9497629787227321
0.8808350656101461
0.9431395638415264
0.9233964937910883
0.9286153846153846
0.8662301475740294
0.9344856963114618
0.9114975726204296
0.9430793907977993
0.9087885991441689
0.9412705471340597
0.8382713718865191
0.950686179237265
0.8686288585786073
0.9428694399595278
0.8856542511971278
0.9347464394522585
0.8802659505300353
0.9504248683899857
0.9007172189494297
0.9317306341431785
0.9121823227661588
0.9462726649953358
0.8881588340554011
0.9476133787253029
0.9083066843698291
0.9524822167190027
0.8415806453288724
0.9242768343378939
0.9218612483336944
0.9451859332558166
0.8804278495692512
0.9557898953718541
0.8803228862012848
0.9454653048728981
0.9216482204056671
0.9374647783954939
0.9300404063073353
0.9566961038004292
0.88161155938079
0.943701687387191
0.918181658011626
0.9433180338320106
0.9379449172031172
0.9520419193651317
0.9100306505378244
0.9401552575613188
0.8829575041665174
0.950586439806707
0.8587440252884461
0.9483366517338643
0.8870302281261547
0.9477609734424173
0.8929729918053763
0.9602183406113538
0.8588498918051887
0.9361056710662039
0.902851419893366
0.954217068723117
0.9142300317134114
0.9526169102530796
0.9084010299338371
0.9517242601895043
0.9205239337810112
0.9437699112566837
0.8712389867642187
0.9552182934741905
0.8780179234989727
0.9517110390011534
0.8689311545424822
0.9467687781007362
0.9074968024095392
0.9578346872703118
0.8961796645489648
0.9520795827065861
0.9025707170235814
0.9425112653504448
0.8841531575196008
0.9400409895305349
0.8935156116288617
0.9547388491654674
0.9178359096313912
0.9393333589675325
0.9164666139381517
0.940602033147423
0.9159587761707078
0.9516593622542464
0.8040760209042294
0.9330684139839421
0.8882154334296057
0.9344421344421344
0.9063281604221547
0.9424747611559996
0.8904432734691947
0.9368655107778819
0.9292800173221527
0.9538257175308215
0.8692575920051634
0.9436234263820471
0.8914258963519173
0.9510139807542287
0.93480633507614
0.9250550532738693
0.9203270535950928
0.9474925569794377
0.9143608740297453
0.944154438851276
0.9166785481394095
0.9442404239176263
0.8188819065926553
0.9505365212232004
0.8801669060227135
0.9309233178066735
0.8848300193081515
0.8732352669072068
0.9319950819382637
0.9539621121295329
0.8971747313307223
0.9506021864452148
0.9346997779259223
0.9548758862949392
