0.4114228386319251
0.4770541381602263
0.4182808145766344
0.48084696013657136
0.45905591991429795
0.45564039696439
0.468160481114608
0.47087186852504453
0.4182855317241383
0.43758385509839
0.4300305396756364
0.4998200535675881
0.45972635180693644
0.45028789768355126
0.3751298669948793
0.4779306014776325
0.41183949801096015
0.5363528009535161
0.4522226327000522
0.44423447596687005
0.427057110862262
0.47626256180698356
0.4120230902049161
0.46008464332756077
0.35899157393760506
0.4605892722236213
0.4174563591022444
0.4528647943698485
0.4125333369492784
0.46975928253480986
0.3667888716879905
0.44599371994724524
0.43899280485122694
0.4202880917572355
0.39583310302641717
0.5066784149978986
0.43472571703788165
0.46211440738824056
0.39755086859555405
0.5066239127663538
0.44136520547945207
0.4904833408479175
0.4214999544165976
0.45446240266180044
0.4351325908247149
0.4607728374687366
0.37428822976715675
0.4847688825737915
0.42833589591957427
0.41277152893330415
0.41476467239772735
0.4805393590361334
0.36975722543352607
0.4637806496230454
0.40151752904806
0.43292338810881814
0.37569974498846914
0.45323491954658635
0.3868480510755806
0.49857075248461913
0.4626032530081446
0.5386673946673946
0.3725624069300113
0.4532746032218326
0.4261462869118834
0.47670168712577177
0.4798649326654295
0.4210440381715024
0.4597502296745505
0.4651894622585696
0.4589642005477766
0.48695546507059895
0.40837169924554184
0.45116085962352065
0.4227489766754105
0.48244348454738495
0.42414800146705145
0.4500769858121125
0.43891140945101326
0.4352789322750816
0.4327279896122963
0.42847764724361426
0.4308557705013404
0.4031565478616274
0.45062963314533594
0.47428697265629255
0.4432594542229514
0.45526083309206183
0.4261799698527381
0.47293950799105444
0.4058885789998223
0.483329858696249
0.3923528425532134
0.45578474942985786
0.47668778280542984
0.4181967944248166
0.47249129656743116
0.4517979392434608
0.4537197273542547
0.4955669596991458
0.46128712206342937
0.5040730951877246
0.4377225425181971
0.4902235106455334
0.5158362989323844
0.4753479147821677
0.41406179009541116
0.5594411700502073
0.4400988504232139
0.40656582121666557
0.43261268689421944
0.45475568845584874
0.42453480393887166
0.46103773038593754
0.42121283952759364
0.46813289125972685
0.43607930159445474
0.49175341436989023
0.4250119393416026
0.4099378105593701
0.4746841266417287
0.4421903168834981
0.47569677308029307
0.5323243913474975
0.4384607973279665
0.4643292345928782
0.44689793556210855
0.5496713847486935
0.39055679920234704
0.5438202247191011
0.44113139942401147
0.4952504725897921
0.43127657867287167
0.46407137382741875
0.45282733957236415
0.47482537095785354
0.39914561076447885
0.48216892292599434
0.49713857553262675
0.49141481989621244
0.4697126495963811
0.4748822605965464
0.43595510543344296
0.4992724565854039
0.4250631254809589
0.4937878263098946
0.44308252097818474
0.49035423344017104
0.4209417866855846
0.5183469988974322
0.4310871501221311
0.463774299353238
0.44255945473706787
0.4330989917488468
0.44855238345664356
0.4842901268090517
0.41324245605157106
0.43563644765046394
0.43766998876928137
0.46985342652789963
0.476415797600846
0.4454075425790754
0.4693213473006904
0.44751664106502814
0.462347534474027
0.4525008125915636
0.41255831212892285
0.4658378232160251
0.44354988297348524
0.4832938514191346
0.3892240001033934
0.4761157079856502
0.4353523735617052
0.5095222654561177
0.5138956681204414
0.47369347747304213
0.3932970067154582
0.46084924887255935
0.4163474249553531
0.464634190813606
0.543867995565646
0.432234073070908
0.44890264835703775
0.45944322584264374
0.4371367347695422
0.4800739145936754
0.44346965822335876
0.4879520081691843
0.4502337516193697
0.47510727394923224
0.45857283624475587
0.4117638554070177
0.4234312994045139
0.5289491169986404
0.4821157186278767
0.4491464552642226
0.48742491851180875
0.43630015068980815
0.498159212135925
0.48691501569030043
