-4.188765048980713
-3.443657636642456
-4.062171936035156
-3.9835660457611084
-3.672764778137207
-3.611239194869995
-3.8059418201446533
-2.6776459217071533
-4.177802562713623
-3.354072332382202
-3.8928415775299072
-3.2830257415771484
-4.087064743041992
-3.5234265327453613
-4.370878219604492
-3.551732301712036
-4.190235137939453
-3.595245122909546
-3.9966745376586914
-3.286846876144409
-3.532320022583008
-3.692817449569702
-3.9546966552734375
-3.2119140625
-4.020144939422607
-3.9528539180755615
-3.7627108097076416
-3.47835373878479
-3.9008877277374268
-3.8397016525268555
-3.93816876411438
-3.0453267097473145
-3.826831579208374
-3.342902183532715
-4.288954257965088
-3.5269954204559326
-4.604745864868164
-3.354015588760376
-4.533316135406494
-3.224004030227661
-4.217040538787842
-3.712277889251709
-3.7911038398742676
-3.602954626083374
-3.5266966819763184
-2.992032051086426
-4.192850589752197
-3.416457414627075
-3.540971517562866
-3.8621325492858887
-3.7900805473327637
-3.89408278465271
-3.692610740661621
-3.4081690311431885
-3.8595571517944336
-3.184576988220215
-4.060917854309082
-3.28134822845459
-3.697671413421631
-3.5405707359313965
-3.6698038578033447
-3.134068250656128
-4.635845184326172
-3.666393756866455
-3.916773796081543
-3.5058045387268066
-4.0065436363220215
-3.6075570583343506
-4.218330383300781
-3.116912364959717
-3.6430509090423584
-3.492741346359253
-3.8082597255706787
-3.6972787380218506
-4.074712753295898
-3.210966110229492
-3.79093074798584
-3.383584976196289
-4.351428508758545
-3.2076573371887207
-4.515408515930176
-3.4198660850524902
-4.062579154968262
-3.356755256652832
-4.068839073181152
-2.6892991065979004
-3.797541379928589
-3.297497510910034
-4.312881946563721
-3.2901175022125244
-4.683773517608643
-3.283947229385376
-4.346152305603027
-3.47308349609375
-4.074065208435059
-3.533327102661133
-3.933171510696411
-3.6685664653778076
-3.298182725906372
-3.1681606769561768
-3.3897712230682373
-3.4036624431610107
-4.699500560760498
-3.9719347953796387
-3.840369939804077
-3.4295737743377686
-3.8027901649475098
-3.5485999584198
-3.4079229831695557
-3.5139150619506836
-4.048300266265869
-3.5434348583221436
-3.9739418029785156
-2.9982492923736572
-4.115051746368408
-3.7819292545318604
-3.7588980197906494
-3.7317752838134766
-3.930835008621216
-4.020869255065918
-3.4621894359588623
-3.6698098182678223
-5.13325834274292
-2.8946168422698975
-3.583186388015747
-3.5332233905792236
-3.749962091445923
-3.5103554725646973
-3.923318862915039
-3.0482804775238037
-3.8431196212768555
-3.0772924423217773
-4.089025974273682
-3.102444887161255
-3.373408555984497
-3.773367166519165
-3.8388986587524414
-3.589871883392334
-4.1915998458862305
-3.5757534503936768
-4.6574883460998535
-3.3663437366485596
-3.2828564643859863
-3.565256118774414
-3.724597454071045
-3.468238115310669
-3.7940609455108643
-3.4184415340423584
-4.504312515258789
-3.3455421924591064
-3.457404613494873
-3.756777286529541
-3.9186694622039795
-3.073240280151367
-4.680171966552734
-4.092636585235596
-3.698093891143799
-3.6335136890411377
-3.5029194355010986
-3.0867362022399902
-4.56233024597168
-3.388289213180542
-3.2166755199432373
-3.4652481079101562
-3.845827102661133
-3.511125087738037
-4.666275501251221
-3.9155378341674805
-3.7899773120880127
-4.016438961029053
-3.7614152431488037
-3.6309003829956055
-3.7416515350341797
-2.9867241382598877
-3.9404871463775635
-3.4405200481414795
-4.261746883392334
-3.676722288131714
-3.7460973262786865
-3.6030960083007812
-4.0031843185424805
-3.0388736724853516
-3.9485180377960205
-4.004252910614014
-3.1465003490448
-3.4319844245910645
-3.889478921890259
-3.274052858352661
-4.894791603088379
-3.486809492111206
-3.8693313598632812
-3.350001573562622
-4.146302223205566
-3.277696371078491
-4.215048789978027
-3.4382200241088867
-4.211865425109863
-3.1989967823028564
-4.215614318847656
-3.2203903198242188
