-2.3261730670928955
-1.8905962705612183
-1.8946582078933716
-2.0767297744750977
-2.0842950344085693
-1.9898991584777832
-1.8712776899337769
-1.8125102519989014
-2.097332000732422
-1.5371869802474976
-2.0404233932495117
-1.9716471433639526
-2.268418312072754
-1.9541685581207275
-2.1206324100494385
-1.9769521951675415
-2.193959951400757
-1.9776172637939453
-1.5804153680801392
-2.131826639175415
-2.1355297565460205
-2.2310454845428467
-1.881371259689331
-1.864444613456726
-1.9588134288787842
-2.0007641315460205
-2.2407946586608887
-1.9821903705596924
-1.9470672607421875
-2.0210204124450684
-1.971034049987793
-1.7440435886383057
-2.097050666809082
-1.8442975282669067
-1.8864688873291016
-1.7552748918533325
-2.617950201034546
-1.7624720335006714
-2.0909364223480225
-2.0489768981933594
-1.7566871643066406
-1.943149447441101
-1.9755840301513672
-1.6954309940338135
-1.8630132675170898
-1.7684153318405151
-2.172330856323242
-1.743939757347107
-2.140716552734375
-2.0169990062713623
-2.0019094944000244
-2.0522141456604004
-1.89230477809906
-1.9467962980270386
-2.0163140296936035
-1.844956636428833
-2.089024543762207
-2.0281362533569336
-1.7790765762329102
-2.23984694480896
-1.854466199874878
-1.9994767904281616
-2.2110090255737305
-1.995995283126831
-2.1312096118927
-1.933223843574524
-2.0447633266448975
-1.7081338167190552
-2.027900457382202
-2.057210683822632
-1.8796265125274658
-1.846587061882019
-1.929076910018921
-1.8573579788208008
-2.178816795349121
-1.9407665729522705
-1.9238389730453491
-1.7495808601379395
-2.2394516468048096
-1.8536895513534546
-1.7277929782867432
-1.9577378034591675
-2.0650510787963867
-1.8738633394241333
-2.1589577198028564
-2.042431592941284
-2.2747156620025635
-2.007387638092041
-2.3145835399627686
-2.1836748123168945
-2.0669095516204834
-1.4774069786071777
-2.1088953018188477
-1.5074560642242432
-2.250220775604248
-1.5394643545150757
-2.218569040298462
-2.2042291164398193
-1.953372597694397
-1.7362436056137085
-1.931209683418274
-1.5397194623947144
-2.385388135910034
-2.2407007217407227
-1.9153488874435425
-1.6539438962936401
-2.180555820465088
-2.2166199684143066
-1.9119893312454224
-1.9586766958236694
-1.9521472454071045
-1.8599209785461426
-1.8225208520889282
-1.798697590827942
-2.23410701751709
-1.9765392541885376
-1.8034982681274414
-2.089674234390259
-1.9159178733825684
-1.8993383646011353
-2.177485466003418
-2.1799397468566895
-1.7720282077789307
-1.7599756717681885
-1.959605097770691
-2.1854183673858643
-2.1227099895477295
-2.4294276237487793
-1.9044592380523682
-1.859250783920288
-2.0125086307525635
-2.114886522293091
-2.052657127380371
-1.562437891960144
-1.8832052946090698
-2.125016212463379
-1.780583143234253
-1.5291063785552979
-1.8877043724060059
-1.9386991262435913
-2.2268900871276855
-1.7031337022781372
-1.9483407735824585
-2.0671329498291016
-1.9947062730789185
-1.5605636835098267
-1.9133567810058594
-1.6945111751556396
-2.215786933898926
-1.6257442235946655
-2.0096383094787598
-2.0881073474884033
-1.855444073677063
-1.8237063884735107
-2.202180862426758
-2.1970455646514893
-2.199622392654419
-1.961578369140625
-2.3041534423828125
-2.1309564113616943
-2.119354486465454
-1.7482839822769165
-1.9572358131408691
-1.981862187385559
-2.0501811504364014
-2.1502389907836914
-2.2303295135498047
-1.8240392208099365
-2.062623977661133
-2.073194742202759
-1.5209777355194092
-2.154733419418335
-1.8787487745285034
-2.34977650642395
-1.7964242696762085
-1.7229266166687012
-2.3413126468658447
-1.972080111503601
-1.8335312604904175
-1.7738679647445679
-2.020162343978882
-1.8299871683120728
-2.1763596534729004
-1.982147455215454
-2.204623222351074
-2.2442026138305664
-2.133782386779785
-1.8725885152816772
-2.095088005065918
-1.9066017866134644
-2.045074939727783
-1.994110107421875
-2.2033002376556396
-2.025212526321411
-2.394489049911499
-1.8434967994689941
-2.0602519512176514
-2.012852191925049
-2.017565965652466
-2.0253376960754395
