0.8342875838279724
0.9224010109901428
0.8782471418380737
0.9124393463134766
0.9233148097991943
0.9214754104614258
0.8997879028320312
0.9722408652305603
0.916804313659668
0.9497066140174866
0.8335848450660706
0.9550089836120605
0.9586538076400757
0.9506126046180725
0.9355783462524414
0.9482683539390564
0.8574408888816833
0.9338801503181458
0.9101554751396179
0.985434889793396
0.8287423849105835
0.9502303004264832
0.9465621709823608
0.9590774774551392
0.8548687696456909
0.9655811190605164
0.9029366374015808
0.8189960718154907
0.9196681976318359
0.8935770392417908
0.924423098564148
0.9414169788360596
0.8948626518249512
0.9085778594017029
0.8868041634559631
0.9235041737556458
0.9053122401237488
0.890987753868103
0.8171730637550354
0.9599879384040833
0.9200770854949951
0.9355514049530029
0.8583542108535767
0.8991409540176392
0.9225819110870361
0.9034466743469238
0.9413948059082031
0.9502349495887756
0.9397562742233276
0.944561243057251
0.8988640308380127
0.9386804103851318
0.7664549350738525
0.9801462292671204
0.9206244945526123
0.9115121960639954
0.9141281247138977
0.9595197439193726
0.9259613156318665
0.9523620009422302
0.8807835578918457
0.8991288542747498
0.8704428672790527
0.9376878142356873
0.9412072896957397
0.9455388784408569
0.8556725382804871
0.9672465920448303
0.9462531805038452
0.8995176553726196
0.9537543654441833
0.8655188083648682
0.8532444834709167
0.933463454246521
0.8610379695892334
0.9305137395858765
0.9091500639915466
0.965275764465332
0.7682116031646729
0.9470642805099487
0.9119033217430115
0.9479149580001831
0.7735780477523804
0.9715134501457214
0.8737962245941162
0.9397101402282715
0.7203524708747864
0.9397122263908386
0.9384150505065918
0.9559766054153442
0.8782196044921875
0.9597631096839905
0.9057940244674683
0.9419681429862976
0.9384421706199646
0.9225638508796692
0.9399347305297852
0.9611353278160095
0.9149827361106873
0.9632174372673035
0.8862839937210083
0.9248064756393433
0.9224737286567688
0.9071775078773499
0.9741786122322083
0.9314944744110107
0.8546130061149597
0.8601091504096985
0.855697512626648
0.9656816720962524
0.8943465352058411
0.9499662518501282
0.9002203345298767
0.9555853605270386
0.7502496838569641
0.9674304127693176
0.8071234226226807
0.9449993968009949
0.9293320178985596
0.951915979385376
0.9529693126678467
0.9692981243133545
0.9452494978904724
0.9593805074691772
0.9113579392433167
0.9321242570877075
0.9035003781318665
0.9767858982086182
0.9406530261039734
0.9566264152526855
0.8806147575378418
0.9678213596343994
0.9413228034973145
0.9737229943275452
0.9123818874359131
0.9593254923820496
0.9342190027236938
0.9714875817298889
0.8413112759590149
0.8748711943626404
0.963169276714325
0.9566714763641357
0.8145005106925964
0.9535813927650452
0.9281513094902039
0.9354164004325867
0.8916758298873901
0.9422019124031067
0.9406307339668274
0.9482052326202393
0.6700623631477356
0.9481449127197266
0.8138895034790039
0.9236533045768738
0.8556218147277832
0.9255490899085999
0.9039934277534485
0.9615472555160522
0.8826030492782593
0.951775312423706
0.9488070011138916
0.9001264572143555
0.9275091290473938
0.964008092880249
0.9234606623649597
0.9284797310829163
0.817963182926178
0.9614257216453552
0.9152082800865173
0.8749613761901855
0.9196493625640869
0.9515011310577393
0.8640990257263184
0.9527016282081604
0.8639558553695679
0.9062501788139343
0.9134640693664551
0.9537501931190491
0.9346352815628052
0.9336300492286682
0.9170253276824951
0.9507830739021301
0.8935673832893372
0.8604820966720581
0.7929889559745789
0.9184713959693909
0.9252519607543945
0.9648318290710449
0.9375419020652771
0.9596871137619019
0.8224380612373352
0.9550069570541382
0.9540393948554993
0.9710520505905151
0.8897813558578491
0.9405674338340759
0.9188533425331116
0.9513885378837585
0.916041374206543
0.9213839769363403
