0.8732296213507652
0.8798394531011582
0.5768562662706245
0.36523568015545604
0.6295569464564323
0.6635145499991874
0.9094912324632917
0.699199794481198
0.7333656321279705
0.6430991985835135
0.8253771377106508
0.6333279233425856
0.8215678185224533
0.8430910706520081
0.7314613262812296
0.718552211092578
0.715587818862072
0.705956544727087
0.8353949598968029
0.8713367382685343
0.7117730198161942
0.7836954355239868
0.8401771949397193
0.6695149363949895
0.9165364926060041
0.6529190839646617
0.793928207622634
0.6766763010195324
0.7270525395870209
0.6962516580575279
0.7686105393446409
0.83187374337153
0.7607555638533086
0.8591514329115549
0.635057426255662
0.9041635460323758
0.7722176415845752
0.8895859519640604
0.7391966504510492
0.8084790602326393
0.9859091771973504
0.7481890334747732
0.6760450966656208
0.09073897004127503
0.883363775908947
0.6979378695998874
0.3529821839183569
0.8581195090498243
0.5888854547520168
0.751965225674212
0.8614573664963245
0.8738552431265513
0.711515901211117
0.7350215024568818
0.6685807481408119
0.89737568795681
0.7785754897631705
0.6787020671957483
0.9035094976425171
0.6072270781215694
0.8234357386827469
0.6193201236989504
0.8390335850417614
0.6785623994138505
0.8450590806702772
0.48689425074391895
0.7934432802721858
0.9003997445106506
0.13507339784077235
0.7299149673093449
0.8118356184568256
0.8525242755810419
0.778323157267137
0.9143732612331709
0.673866587644443
0.7794902332659278
0.6814579973843965
0.8770581111311913
0.09586276610692342
0.9056311786174774
0.9556818008422852
0.9660832385222117
0.96779908074273
0.7270302064716816
0.7567248426843435
0.5302745062185245
0.6643485106527806
0.8006032751873136
0.8682056069374084
0.7414971692099547
0.8220189412434896
0.8685579200585684
0.8270244267410957
0.7923190128058195
0.7285158208438328
0.9349997490644455
0.6825885990900653
0.792680578927199
0.6387645428767428
0.9679504185914993
0.7312387687464555
0.863864915445447
0.802470041172845
0.8488669030678769
0.7698201504070312
0.7803421788848937
0.8950318668714978
0.9654673536618551
0.8233074080199003
0.8008090779185295
0.6430780344332258
0.8298890391985575
0.8649574026931077
0.6804773627469937
0.6557701122429636
0.8517281882377574
0.5612266218910614
0.9507178962230682
0.6845755034850703
0.7480059787631035
0.6133885648101568
0.7797229681164026
0.6556832292117178
0.4889482205423216
0.9032954914229256
0.7438625427894294
0.9049981279032571
0.8518089205026627
0.9018751978874207
0.6964289570848147
0.8118334323167801
0.9469879627227783
0.6422507559182122
0.7956992462277412
0.834904134273529
0.9650835494200388
0.7414887360895851
0.7338417768478394
0.7292403858155012
0.8212112039327621
0.8248609930276871
0.9195988972981771
0.8406270295381546
0.728617746848613
0.7530209055170417
0.8404357165098191
0.9422284066677094
0.3680993410913895
0.9066317213906182
0.5392040036967956
0.8076199347322638
0.7407992333173752
0.7726306628901511
0.7322256252066128
0.9246299167474111
0.8027187074933734
0.7360377875821931
0.7204221926319102
0.8077855571173131
0.7426126460648246
0.828380708183561
0.7557226895458169
0.9881722529729208
0.7276069819927216
0.8412823677062988
0.7906695678830147
0.9820689260959625
0.615208064642502
0.7622284782784325
0.7843362979058709
0.8531738191843032
0.6132419308913606
0.8905703756544325
0.8022565364837646
0.7934336413939794
0.8459724386533102
0.7909517884254456
0.5742635417263955
0.48652266604559763
0.7836298731155693
0.8720321506261826
0.8270284933969378
0.8181236947886645
0.7989584818482399
0.6010601930320263
0.5699300824531487
0.6785855433637542
0.7614147514104843
0.8201102713743845
0.7311283789042916
0.7066693701116102
0.7884758493075004
0.8242782311780112
0.9075996279716492
0.796720914542675
0.7359394681989215
0.9058791697025299
0.45566987502388656
0.7614039218881063
0.8141927272081375
