0.9641337037086487
0.9434321880340576
0.9525703713297844
0.7982630666345358
0.8598257005214691
0.9865547319253286
0.9102543422154018
0.854678193728129
0.7940284891260995
0.8679123828187585
0.7391738866766294
0.7958910573972389
0.9923938711484274
0.9929971575737
0.9293501973152161
0.9942649867799547
0.849638241426354
0.98086978495121
0.8703037109225988
0.8556161473194758
0.9093508124351501
0.8029049098491668
0.9910821848445468
0.8939760964777734
0.9391840919852257
0.7893835797149222
0.897518202662468
0.9941378065517971
0.993106118270329
0.9643571291651044
0.9717882000482999
0.966651818969033
0.883827253167207
0.9083795150121053
0.9911365568637848
0.9926470650566949
0.8905943334102631
0.9429720441500345
0.9820233136415482
0.9940151095390319
0.9847403367360433
0.8243572678572187
0.7843787528574466
0.9021325789391994
0.9897128269076347
0.7464977258018085
0.6574021950364113
0.8608079424926213
0.8660084635484964
0.8389460109174252
0.9864223003387451
0.8476843982934952
0.9680254118783134
0.8390163240784948
0.8665079355239869
0.9908251583576202
0.9040117710828781
0.8583410500238339
0.9931910363110629
0.8878826432757907
0.9083462225066291
0.966955175002416
0.9604869112372398
0.9888392753071256
0.9452677468458811
0.7269911776400275
0.9798292934894561
0.9439359605312347
0.8621381651610136
0.990845344283364
0.9755402633122036
0.9930065373579661
0.8650201748717915
0.9918119460344315
0.7870588164310902
0.8484631967398205
0.7348505814178762
0.8831849470734596
0.8216466883895919
0.9299377650022507
0.8313443089524905
0.988522599140803
0.9555153052012125
0.7495861682109535
0.7663811490871012
0.7622804157694595
0.9669465541839599
0.9940037876367569
0.9832411300052296
0.9203634129630195
0.7899395780016979
0.9809253811836243
0.9916474910882803
0.8037040352355689
0.8372431908335004
0.9798227623105049
0.7342980269874845
0.8596191629767418
0.8296357425861061
0.9914950430393219
0.8155761183136039
0.8718406544066966
0.8881798642022269
0.8561255144369271
0.9924452066421509
0.9138395562767982
0.8213843242688612
0.9545941551526388
0.8742079511284828
0.992228239774704
0.9571647246678671
0.9200608664088779
0.9838778525590897
0.8919892360766729
0.8513567282093896
0.8690241397998761
0.8341567565997442
0.9938828448454539
0.922806955046124
0.8364789771536986
0.9884825110435486
0.9381597191095352
0.8946930058300495
0.9462103943030039
0.9922136408942086
0.9935014098882675
0.96559419802257
0.9715894162654877
0.9787743091583252
0.9939707318941752
0.9267037510871887
0.9940559983253479
0.854948808439076
0.7911841198801994
0.9930464455059597
0.968761165936788
0.9855759058679853
0.9093181967735291
0.797602279111743
0.9787239517484393
0.987229323387146
0.9875571330388387
0.7007859523097674
0.9315163761377334
0.9930197715759277
0.9007305301725864
0.9887999176979065
0.7772829427073399
0.7960856970813539
0.8703338771301787
0.9577500549229708
0.8831137418746948
0.9495614767074585
0.9902192155520121
0.8283982549328357
0.8445002862385341
0.9632150701114109
0.9823444286982218
0.8282932575481633
0.9490956200493706
0.9919890335627964
0.8749121079324849
0.9908508062362671
0.9920977056026459
0.9733676239848137
0.74085853099823
0.9878948628902435
0.9069383628666401
0.9820440837315151
0.9335914594786507
0.9838002502918244
0.9319274084908622
0.962179528342353
0.9930517554283143
0.9134213328361511
0.9943415820598602
0.7974347669999892
0.8698712212499231
0.7136156977586714
0.9901222944259643
0.9878737181425095
0.853630450864633
0.9922654151916503
0.9148687660694123
0.7718932777643204
0.8310900798865727
0.947493817125048
0.9474867284297943
0.9919830295774672
0.7908884454518557
0.7152444639775369
0.8881529317452357
0.9872854181698391
0.993764591217041
0.9199182391166687
0.8714240443659946
0.8398837919036547
0.806296878377907
0.8784956759255793
0.9818537905812263
