-2.3820879459381104
-1.8905962705612183
-1.8796850442886353
-2.0767297744750977
-2.0954525470733643
-1.9898991584777832
-1.9591577053070068
-1.8125102519989014
-2.1412787437438965
-1.5371869802474976
-2.1396195888519287
-1.9716471433639526
-2.2650046348571777
-1.9541685581207275
-2.0281167030334473
-1.9769521951675415
-2.29044771194458
-1.9776172637939453
-1.8993637561798096
-2.131826400756836
-2.2547848224639893
-2.2310454845428467
-1.9475007057189941
-1.864444613456726
-1.9880672693252563
-2.0007641315460205
-2.3405227661132812
-1.9821903705596924
-1.9950928688049316
-2.0210204124450684
-2.04164981842041
-1.7440435886383057
-2.1017954349517822
-1.8442975282669067
-1.876742959022522
-1.7552748918533325
-2.6374616622924805
-1.7624720335006714
-2.1688058376312256
-2.0489768981933594
-1.8450638055801392
-1.943149447441101
-2.042588949203491
-1.6954309940338135
-1.842482328414917
-1.7684153318405151
-2.6300837993621826
-1.743939757347107
-2.1599535942077637
-2.0169990062713623
-2.0839178562164307
-2.0522141456604004
-2.0966248512268066
-1.9467962980270386
-2.0608792304992676
-1.844956636428833
-2.144361734390259
-2.0281362533569336
-1.9022877216339111
-2.23984694480896
-1.88840651512146
-1.9994767904281616
-2.2355918884277344
-1.995995283126831
-2.2022414207458496
-1.933223843574524
-2.0709080696105957
-1.7081338167190552
-2.051788806915283
-2.057210683822632
-1.9497328996658325
-1.846587061882019
-1.963492751121521
-1.8573579788208008
-2.3259150981903076
-1.9407665729522705
-2.0538618564605713
-1.7495808601379395
-2.3306405544281006
-1.8536895513534546
-1.7166190147399902
-1.9577378034591675
-2.0866010189056396
-1.8738633394241333
-2.1181859970092773
-2.042431592941284
-2.3964855670928955
-2.007387638092041
-2.3156278133392334
-2.1836748123168945
-2.0851471424102783
-1.4774069786071777
-2.236956834793091
-1.5074560642242432
-2.2730350494384766
-1.5394643545150757
-2.304084300994873
-2.2042291164398193
-2.1108644008636475
-1.7362436056137085
-2.015686273574829
-1.5397193431854248
-2.5993685722351074
-2.2407009601593018
-1.9558862447738647
-1.6539438962936401
-2.0818941593170166
-2.2166199684143066
-1.9422178268432617
-1.9586766958236694
-1.9461891651153564
-1.8599209785461426
-1.8099998235702515
-1.798697590827942
-2.314364194869995
-1.9765392541885376
-1.9229986667633057
-2.089674234390259
-1.9928218126296997
-1.8993383646011353
-2.315356492996216
-2.1799397468566895
-1.7837382555007935
-1.7599756717681885
-1.997714638710022
-2.1854183673858643
-2.1757473945617676
-2.4294276237487793
-1.9329872131347656
-1.859250783920288
-2.0352048873901367
-2.114886522293091
-2.135270833969116
-1.562437891960144
-1.9738162755966187
-2.125016212463379
-1.8608852624893188
-1.5291063785552979
-1.9713598489761353
-1.9386991262435913
-2.2894067764282227
-1.7031337022781372
-1.9927884340286255
-2.0671329498291016
-2.0497395992279053
-1.5605636835098267
-2.0869202613830566
-1.6945111751556396
-2.316793203353882
-1.6257442235946655
-2.1204934120178223
-2.0881073474884033
-1.9288227558135986
-1.8237063884735107
-2.2620935440063477
-2.1970455646514893
-2.4684319496154785
-1.961578369140625
-2.2944138050079346
-2.1309564113616943
-2.141432046890259
-1.7482839822769165
-2.0319278240203857
-1.981862187385559
-2.1528520584106445
-2.1502389907836914
-2.374650001525879
-1.8240392208099365
-2.111604928970337
-2.073194742202759
-1.592808485031128
-2.154733419418335
-1.9548026323318481
-2.34977650642395
-1.8486407995224
-1.7229266166687012
-2.4344654083251953
-1.972080111503601
-1.8422813415527344
-1.7738679647445679
-2.0349903106689453
-1.8299871683120728
-2.2468698024749756
-1.982147455215454
-2.3057830333709717
-2.2442026138305664
-2.166952610015869
-1.8725885152816772
-2.170154094696045
-1.9066017866134644
-2.1711764335632324
-1.994110107421875
-2.2528345584869385
-2.025212526321411
-2.504068374633789
-1.8434967994689941
-2.0511884689331055
-2.012852191925049
-2.122549533843994
-2.0253376960754395
