-1.6739919185638428
-1.0997085571289062
-1.241201639175415
-1.2977052927017212
-1.5891344547271729
-1.3933157920837402
-1.1696889400482178
-1.1828089952468872
-1.4475232362747192
-0.8841066956520081
-1.3353327512741089
-1.133237361907959
-1.401732325553894
-1.3006267547607422
-1.502119541168213
-1.3348394632339478
-1.2841713428497314
-1.4273738861083984
-1.1380012035369873
-1.237926959991455
-1.3510828018188477
-1.3209911584854126
-1.7701303958892822
-1.1649826765060425
-1.2894229888916016
-1.2323592901229858
-1.5084980726242065
-1.4337437152862549
-1.1610047817230225
-1.4252374172210693
-1.1942838430404663
-1.1360585689544678
-1.3911577463150024
-1.3017915487289429
-1.3505589962005615
-1.1314778327941895
-1.7619678974151611
-1.087899088859558
-1.4147647619247437
-1.2282902002334595
-1.179091453552246
-1.2658120393753052
-1.5114229917526245
-1.0445923805236816
-1.2767486572265625
-1.2457191944122314
-1.4440879821777344
-1.0173637866973877
-1.4236136674880981
-1.4796630144119263
-1.314130187034607
-1.5466951131820679
-1.2680076360702515
-1.344760537147522
-1.3062456846237183
-1.1907340288162231
-1.4550431966781616
-1.1851369142532349
-1.3158224821090698
-1.2884153127670288
-1.2691469192504883
-1.206737995147705
-1.474594235420227
-1.283647894859314
-1.4524167776107788
-1.2633105516433716
-1.2940274477005005
-1.0568878650665283
-1.421412467956543
-1.506460189819336
-1.154404878616333
-1.0604621171951294
-1.3151204586029053
-1.1070294380187988
-1.471239447593689
-1.3041774034500122
-1.2908763885498047
-1.023442029953003
-1.6133795976638794
-1.0660512447357178
-1.841941237449646
-1.3201955556869507
-1.4746330976486206
-1.2165158987045288
-1.4684693813323975
-1.3455617427825928
-1.4692472219467163
-1.1605918407440186
-1.505332350730896
-1.284341812133789
-1.334965705871582
-0.9709540605545044
-1.3982932567596436
-1.0603049993515015
-1.4308462142944336
-1.0396640300750732
-1.5468800067901611
-1.3669040203094482
-1.266218662261963
-1.1029514074325562
-1.4027016162872314
-1.0357470512390137
-1.3484323024749756
-1.41490638256073
-1.360655426979065
-0.9914915561676025
-1.3614248037338257
-1.3288750648498535
-1.3460018634796143
-1.16606605052948
-1.2940053939819336
-1.0942120552062988
-1.1511858701705933
-1.0276744365692139
-1.6284165382385254
-1.3703383207321167
-1.2174421548843384
-1.256267786026001
-1.242425560951233
-1.3192076683044434
-1.2988731861114502
-1.2419934272766113
-1.1831200122833252
-1.1372078657150269
-1.263034701347351
-1.2892284393310547
-1.4261308908462524
-1.4857419729232788
-1.3108943700790405
-1.4004597663879395
-1.392460823059082
-1.1926491260528564
-1.5281752347946167
-0.9172781705856323
-1.2531952857971191
-1.3666460514068604
-1.1549465656280518
-0.9809053540229797
-1.2273435592651367
-1.1646788120269775
-1.448280692100525
-1.1271682977676392
-1.3188966512680054
-1.2346144914627075
-1.29953134059906
-1.0842959880828857
-1.4974100589752197
-1.1877062320709229
-1.4998136758804321
-1.2086175680160522
-1.349809169769287
-1.2763851881027222
-1.1612167358398438
-1.1775778532028198
-1.2826513051986694
-1.503670573234558
-1.3352254629135132
-1.2700821161270142
-1.332413911819458
-1.3565874099731445
-1.3287701606750488
-1.275887131690979
-1.2273824214935303
-1.1993060111999512
-1.3028889894485474
-1.3590461015701294
-1.7793368101119995
-1.279444932937622
-1.425909399986267
-1.3560205698013306
-1.0839425325393677
-1.2570152282714844
-1.306325078010559
-1.3690468072891235
-1.1912018060684204
-1.0793147087097168
-1.7411329746246338
-1.1716790199279785
-1.2589409351348877
-1.4287784099578857
-1.480270504951477
-1.2566860914230347
-1.3685182332992554
-1.2851848602294922
-1.367211937904358
-1.3961834907531738
-1.542575478553772
-1.2453973293304443
-1.3924118280410767
-1.1101940870285034
-1.4145146608352661
-1.2539936304092407
-1.3700414896011353
-1.0945483446121216
-1.7324837446212769
-1.1077004671096802
-1.4277129173278809
-1.242210030555725
-1.4354918003082275
-1.2407739162445068
