0.8938491940498352
0.9722772836685181
0.969182014465332
0.9868717193603516
0.9585582613945007
0.9955626726150513
0.9179843068122864
0.9964548349380493
0.9231691956520081
0.994012176990509
0.9656745791435242
0.9957226514816284
0.9779922962188721
0.9939622282981873
0.983891487121582
0.9953984618186951
0.9559125900268555
0.9970075488090515
0.9349030256271362
0.9970953464508057
0.9181199073791504
0.9912923574447632
0.9617989659309387
0.9930092692375183
0.9490245580673218
0.9947096109390259
0.9468475580215454
0.9960858225822449
0.9087140560150146
0.9953427314758301
0.9254811406135559
0.9934856295585632
0.9227625131607056
0.9917451739311218
0.9493952393531799
0.9858933687210083
0.9171838760375977
0.9939269423484802
0.8949990272521973
0.9967381954193115
0.9706621766090393
0.9905211925506592
0.903229296207428
0.9959076642990112
0.961762547492981
0.9656571745872498
0.9761070013046265
0.985840916633606
0.9573782682418823
0.9947662353515625
0.9614619016647339
0.9945425391197205
0.8599105477333069
0.9927457571029663
0.9507050514221191
0.9894841909408569
0.970619797706604
0.9942474365234375
0.9609270691871643
0.9938868880271912
0.9346832036972046
0.9700717329978943
0.9582783579826355
0.9907527565956116
0.9637497663497925
0.9900752305984497
0.8405657410621643
0.993762195110321
0.9406741857528687
0.9954405426979065
0.9660055041313171
0.988479495048523
0.9589734673500061
0.9871394634246826
0.9421666860580444
0.9898554682731628
0.9526368379592896
0.9966184496879578
0.8268964290618896
0.9937214255332947
0.9516592025756836
0.9949160814285278
0.8461202383041382
0.9928730726242065
0.9579166769981384
0.9915848970413208
0.7887617945671082
0.9946942925453186
0.9690473675727844
0.993277370929718
0.9113230109214783
0.9907585978507996
0.9385853409767151
0.993943452835083
0.933271050453186
0.9931843876838684
0.977660059928894
0.9976956844329834
0.9721831679344177
0.9940884709358215
0.943452775478363
0.9945603609085083
0.952621579170227
0.9902315735816956
0.9877631664276123
0.9946631193161011
0.9411688446998596
0.9926360249519348
0.9272906184196472
0.9968710541725159
0.941653311252594
0.9887504577636719
0.921856701374054
0.984085738658905
0.9185990691184998
0.9920440912246704
0.8625945448875427
0.9901749491691589
0.9664151668548584
0.9949530959129333
0.9805775880813599
0.9961479306221008
0.9796286225318909
0.9948000311851501
0.9649960994720459
0.9948971271514893
0.9832330942153931
0.996522843837738
0.9585989713668823
0.9913785457611084
0.9474541544914246
0.9971215724945068
0.9586074352264404
0.9962257742881775
0.9141952395439148
0.9953086972236633
0.9653778672218323
0.9867538213729858
0.9713175296783447
0.9893804788589478
0.9863091707229614
0.9955440759658813
0.8491457104682922
0.9881606101989746
0.957554817199707
0.9914790391921997
0.9746273159980774
0.9938650131225586
0.9481245875358582
0.9854100346565247
0.6645530462265015
0.9930161237716675
0.9588890671730042
0.993777334690094
0.9736142754554749
0.9967687726020813
0.9910610318183899
0.9916809797286987
0.9052838683128357
0.9889345169067383
0.959077000617981
0.9880193471908569
0.9641367793083191
0.9963178038597107
0.9587622880935669
0.9813704490661621
0.940114438533783
0.9939106702804565
0.9443179965019226
0.9851850271224976
0.9502941966056824
0.9935994148254395
0.9467287659645081
0.9942727088928223
0.9559724926948547
0.9956461191177368
0.980926513671875
0.9817625284194946
0.8457984924316406
0.9922098517417908
0.9449180364608765
0.9877173900604248
0.9642611742019653
0.9944532513618469
0.8278689980506897
0.9710813164710999
0.9583160877227783
0.9967069029808044
0.967703104019165
0.993682324886322
0.9042711853981018
0.9926985502243042
0.9775676727294922
0.9903192520141602
0.958591878414154
0.9935818314552307
0.9511651396751404
0.9832843542098999
0.9556491374969482
0.994536817073822
