[[3, 4, 10, 9, 2, 8], [24, 29, 25, 30, 33, 2, 26, 31, 27, 3, 0, 6, 18, 28], [0, 2, 7, 3], [9, 6, 12, 14, 2, 7, 15, 1, 0], [11, 0, 3, 9, 12, 17, 8, 15, 14, 4], [17, 11, 0, 3, 9, 18, 20, 8, 16, 21, 13, 12], [12, 9, 14, 0, 4, 10, 3], [7, 0, 8, 3, 4], [23, 9, 0, 2, 17, 30, 32, 3, 6, 18, 27, 11, 10, 26, 12, 16], [14, 0, 1, 7, 11, 6]]
[[11, 20, 13, 15, 17, 0, 4, 8, 18, 21, 3, 7], [7, 12, 2, 18, 15, 13], [7, 11, 20, 1], [10, 3, 12, 2, 11, 5], [18, 3, 21, 0, 16, 6, 12, 15, 2, 11, 14, 19], [11, 5, 3, 8, 2, 4], [10, 13, 17, 2, 7, 5, 0, 4, 14], [19, 13, 15, 18, 10, 8, 11, 21, 20], [11, 27, 13, 2, 12, 4, 7, 15, 18, 21, 5, 16, 3, 14, 17], [12, 15, 22, 2, 17, 1, 16]]
[[28, 30, 10, 23, 32, 8, 13, 7, 31, 16, 17, 34, 15, 22, 33], [14, 18, 27, 30, 2, 23, 7, 19, 22, 4], [23, 34, 0, 18, 30, 1, 13, 16, 5, 15, 28, 14], [7, 2, 5], [7], [24, 2, 4, 8, 1, 12, 3], [24, 7, 0, 1, 9, 12, 5], [16, 22, 1, 4, 7, 27, 5, 17, 10, 2, 21, 23]]
[[32, 20, 6, 14, 24, 27, 0, 7, 12, 22, 5, 11, 9, 25, 21], [16, 21, 2, 9, 14, 0, 3, 17, 22], [10, 3, 14, 0, 12, 6, 11, 7, 8], [25, 27, 37, 3, 18, 16, 45, 46, 0, 11], [9, 17, 3, 18, 30, 7, 13, 20, 23, 25, 32, 5, 11, 21, 26]]
[[10, 6, 0, 4, 16, 3, 11], [15, 35, 37, 7, 17, 21, 3, 10, 11, 23], [17, 2, 4, 6, 7, 13, 18, 11, 10, 3, 29, 31, 14], [8, 2, 17, 1], [12, 2, 20, 0, 5, 16, 17, 1, 19], [16, 19, 29, 10, 6, 20, 4, 3, 11, 2, 13, 31, 9, 0, 7, 14], [9, 19, 4, 3, 6, 11, 5, 14, 0, 7, 20]]
[[9, 15, 28, 5, 12, 20, 24, 34, 3, 7, 13, 21, 25, 32, 31], [6, 18, 29, 32, 8, 38, 0, 11, 15, 20, 26, 4, 16, 23, 27, 33, 9, 39], [2, 18, 26, 4, 11, 0, 19, 23, 22, 6, 5, 20, 7], [0, 5, 8, 10, 14, 1, 9], [13, 4, 2, 6, 10, 16, 0, 7, 11], [8, 12, 20, 24, 29, 6, 17, 27, 3, 14, 23, 2, 26]]
[[28, 21, 6, 10, 17, 23, 26, 31, 34, 0, 7, 15, 24, 32, 5], [1, 8, 17, 3, 11, 18], [5, 10, 19, 7, 13, 0, 3, 11, 16, 20], [25, 2, 5, 9, 10, 13, 16, 19, 6, 14, 4, 3], [20, 25, 29, 13, 4, 8, 15, 18, 5], [14, 22, 2, 5, 11, 4, 19, 3, 18, 0], [11, 13, 6, 9, 15, 19, 4]]
[[8, 10, 16, 0, 5, 11, 4, 9, 3, 7, 17, 12], [1, 11, 13, 3, 15, 17, 4], [16, 22, 30, 5, 12, 21, 25, 32, 0], [17, 9, 25, 2, 18, 21, 1, 26, 0, 12, 19, 14], [1, 29, 4, 7, 13, 5, 14, 17, 20, 10, 31, 3, 28, 26, 2], [3, 6, 11, 13, 0, 7, 14, 5, 4]]
[[9, 16, 21, 6, 14, 4, 23, 3, 13, 20, 22, 12], [5, 13, 17, 1, 8, 20], [9, 12, 17, 0, 14, 3, 15], [16, 23, 1, 12, 15, 27, 25], [8, 10, 4, 6, 3, 11, 14], [19, 2, 4, 7, 17, 21, 0, 5, 15, 22, 3, 14, 13], [12, 6, 14, 17, 15, 4, 3, 16, 18], [19, 5, 6, 25, 4, 3, 24, 21, 26, 7, 9, 16], [13, 11, 23, 3, 20, 21, 15]]
[[30, 20, 23, 0, 8, 7, 15, 21, 14, 13, 11, 18, 24, 27, 31, 9], [13, 21, 2, 9, 16, 18, 0, 3, 19, 26], [14, 25, 37, 1, 3, 6, 9, 22, 30, 4, 2, 19, 26, 15, 23, 27, 29, 38], [17, 20, 35, 2, 22, 1], [19, 31, 2, 1, 4, 8, 25], [6, 24, 29, 19, 22, 31, 9, 34, 4, 28, 13, 16, 17], [12, 6, 10, 16, 4, 2, 9, 0], [12, 20, 28, 36, 4, 0, 16, 31, 5, 25, 33, 34]]
[[8, 16, 0, 4, 12, 17, 11, 3, 9, 7], [3, 11, 14, 9, 15, 1, 8, 2, 0], [0, 10, 16, 22, 29, 8, 11, 27, 30], [11, 7, 20, 23, 25, 29, 0, 4, 17, 21, 26, 13, 3, 16, 8], [138, 110, 119, 8, 90, 92, 109, 118, 3, 27, 29, 40, 44, 57, 67, 77, 81, 99, 102, 112, 126, 130, 132, 0, 4], [4, 7, 11, 17, 21, 25, 18, 22, 24]]
[[7, 22, 10, 12, 15, 19, 4, 16, 3, 11, 9, 13, 5, 17, 20], [8, 9, 4, 14, 18, 2, 5, 12, 1, 10, 20, 0, 11], [1, 4, 7, 9, 13, 24, 26, 29, 22, 30, 3, 21, 2, 20, 5, 25], [11, 1, 5, 8, 14, 18, 21, 24, 6, 12, 19, 22, 3], [5, 25, 1, 10, 11, 18, 26, 2, 6, 7, 3]]
[[3, 11, 14, 4, 8, 12], [10, 13, 21, 1, 23, 4], [4, 22, 30, 24, 0, 2, 11, 9, 12, 18], [10, 1, 12], [8, 20, 12, 6, 22, 3, 23, 14, 2], [11, 16, 6, 19, 3, 7, 12]]
[[16, 5, 9, 12, 20, 3, 10, 13, 17, 19], [2, 5, 8, 10, 13, 11, 0], [8, 14, 0, 12, 16, 18, 20], [17, 20, 7, 11, 3, 22, 25, 1, 6, 21], [17, 30, 6, 9, 12, 22, 25, 33, 3, 10, 20, 26, 31, 2, 0, 4, 27]]
[[22, 29, 39, 41, 25, 9, 26, 19, 32, 8, 14, 18, 13, 30, 35, 37, 42, 33, 10, 15, 27], [21, 2, 4, 24, 27, 0, 5, 28, 3, 6, 22, 23, 7, 11, 25], [17, 3, 9, 20, 23, 21, 2, 15, 14, 18, 4, 5, 10], [4, 12, 17, 2, 8, 23, 25, 27, 0, 9, 20, 28, 3], [21, 31, 25, 28, 0, 12, 16, 2, 33, 9, 27, 8, 26, 32, 24, 3, 10, 15, 29], [11, 23, 29, 18, 7, 26, 27, 2, 25, 19, 1, 21, 30, 17, 6, 28, 3]]
[[7, 11, 19, 5, 17, 4, 16, 8, 12, 2, 20, 0], [17, 23, 28, 33, 31, 11, 2, 6, 9, 12], [11, 15, 8, 13, 21, 5, 9, 16, 18, 2, 19, 22, 0], [11, 4, 9, 12, 3, 2, 8], [27, 7, 26, 3, 17, 22, 0, 4, 10], [19, 4, 7, 10, 13, 8, 6, 5, 2, 0], [19, 2, 1, 9, 11, 6, 5, 3, 0, 7], [4, 26, 8, 7, 10, 16, 0, 9, 21], [9, 6, 17, 0, 15, 3]]
[[13, 22, 17, 10, 3, 8, 5, 7, 19, 2], [15, 2, 5, 1, 0, 3, 10], [10, 14, 3, 2, 6, 12, 4, 5, 22, 26], [8, 16, 5, 11, 2, 21, 1, 3, 25], [11, 20, 2, 6, 9, 16, 3, 4, 14, 12], [2, 5, 3, 8, 1, 15, 0], [11, 17, 1, 12, 8, 15, 19]]
[[7, 10, 12, 19, 3, 20, 2, 11, 9, 13, 22, 17], [], [5, 21, 6, 10, 13, 16, 3, 11, 1, 2], [14, 18, 27, 38, 1, 19, 9, 12, 23, 30, 34, 36, 3, 31, 2, 4, 20, 28, 10, 15, 22]]
[[11, 15, 20, 23, 0, 6, 5, 12, 14, 10], [7, 3, 5, 10, 2, 1, 8, 4, 0], [20, 3, 9, 30, 0, 4, 15, 21, 28, 14], [16, 24, 13, 3, 8, 23, 26], [22, 13, 26, 33, 0, 6, 17, 30, 35, 1, 7, 10], [20, 10, 24, 32, 0, 15, 29, 1, 7, 16, 21, 27], [5, 12, 13, 0, 2, 20, 3, 9, 17], [16, 24, 6, 18, 5, 17, 11, 30, 33, 0]]
[[8, 5, 12, 13, 3, 2, 6], [15, 17, 2, 1, 7, 13], [5, 10, 33, 2, 7, 11, 13, 17, 29, 18, 21, 27, 30], [22, 5, 0, 14, 17, 27, 30, 3, 7, 12], [10, 18, 21, 2, 9, 7, 14], [3, 14, 16, 9, 6, 17, 26, 18, 27, 0, 7, 19, 23]]
[[20, 8, 14, 0, 10, 4, 11, 17, 9, 16], [22, 16, 2, 7, 11, 15], [5, 9, 25, 1, 10, 12, 16, 13, 2, 4, 11, 19, 14], [15, 4, 8, 17, 20, 5, 13, 18, 1], [8, 13, 21, 3, 17, 20, 25], [18, 1, 4, 11, 22, 29, 15, 20, 23], [13, 17, 1, 9, 23, 5, 6, 0, 20, 10, 12, 2]]
[[10, 5, 8, 21, 6, 17, 4, 16, 11, 7, 9, 12], [7, 17, 20, 33, 1, 15, 24, 13, 25, 5, 12, 2, 30], [15, 21, 30, 37, 44, 3, 7, 10, 12, 24, 42, 47, 54, 5, 51, 19, 33, 4, 11, 22, 28, 31], [14, 35, 11, 18, 6, 21, 25, 29, 2, 12, 30, 19, 1, 3, 22, 4, 9, 15, 16], [15, 21, 6, 0, 12, 25, 8, 11, 19, 7, 22, 9, 1]]
[[6, 26, 14, 9, 20, 24, 0, 4, 7, 10, 18, 21, 27], [8, 9, 4, 11, 15, 1, 5, 12, 17], [7, 16, 20, 2, 9, 11, 17, 3, 5, 6, 10, 12], [14, 1, 4, 6, 19, 7], [5, 10, 16, 24, 2, 17, 7, 13, 21], [8, 14, 30, 1, 16, 18, 15, 21, 19, 3, 24, 2], [4, 10, 16, 11, 6, 18], [6, 9, 10, 22], [8, 18, 31, 3, 19, 11, 28]]
[[13, 20, 17, 23, 7, 24, 10, 6, 21, 22, 12, 14], [14, 1, 3, 6, 8, 22, 4, 2, 19, 0, 20, 23], [9, 6, 10, 15, 3, 2], [1, 24, 3, 7], [18, 4, 0, 11, 15, 21, 9, 6, 5, 8, 22, 17], [20, 7, 0, 3, 13, 16, 25, 11, 14], [12, 6, 5, 0, 14, 7, 9], [12, 19, 25, 1, 10, 26, 4, 8, 29, 6, 13, 20], [22, 2, 15, 9, 6, 10, 16, 18, 3]]
[[7, 11, 14, 17, 5, 12, 16], [12, 17, 8, 31, 15, 0, 2], [0, 17, 5, 11, 1, 15], [15, 23, 27, 2, 4, 9, 21, 18, 20, 3], [16, 15, 5, 0, 9, 20, 8, 13, 6], [7, 2, 3, 5], [10, 15, 3, 2, 11, 13], [13, 23, 5, 19, 7, 4, 0, 16, 21, 14], [17, 10, 4, 12, 15, 2, 1, 11, 18], [5, 0, 7, 12, 17, 20, 22], [13, 23, 4, 9, 7, 14, 19], [16, 24, 28, 4, 7, 22, 5, 19, 21, 1, 3, 10]]
[[13, 17, 8, 14, 18, 5, 2, 7, 16], [18, 26, 31, 11, 24, 30, 29, 2, 22, 27, 3, 10, 12, 32], [15, 1, 8, 13, 10, 2, 9], [18, 27, 2, 1, 4, 8, 11, 22, 5, 3], [15, 20, 26, 22, 10, 18, 30, 4, 11, 16, 28, 3], [13, 3, 14, 6, 10, 21, 0, 7, 11], [7, 14, 20, 3, 16, 2, 15, 5, 10], [7, 18, 1, 20]]
[[11, 19, 8, 10, 14, 17, 6, 15, 20, 5], [14, 4, 9, 16, 2, 1, 8, 0, 7], [0, 5, 8, 12, 7, 11, 15, 14], [3, 6, 11, 16, 0, 9, 17], [13, 5, 2, 7, 0, 3, 18], [0, 9, 17, 5, 1, 11, 19, 2, 3, 10], [5, 12, 10, 18, 0, 14, 19], [17, 2, 4, 10, 3, 5, 6, 18], [6, 5, 9, 2]]
[[7, 11, 9, 3, 2, 8, 6, 10, 4], [14, 9, 6, 16], [4, 8, 18, 12, 1, 16, 20, 14, 21, 3], [23, 1, 3, 10, 12, 15, 18, 4, 13, 2, 8, 7, 9], [10, 2, 0, 6, 14, 8, 3], [13, 26, 1, 9, 19, 4, 3], [17, 29, 10, 8, 1, 12, 15, 22, 13, 11, 9, 18, 30, 32, 2, 3]]
[[23, 24, 0, 18, 4, 7, 11, 16, 19, 28, 25, 27], [11, 25, 1, 28, 20, 24], [21, 1, 10, 15, 19, 18, 14, 3, 12], [23, 0, 3, 21, 4, 9, 14, 19, 25, 11, 18, 13], [15, 8, 27, 0, 4, 22], [16, 30, 8, 6, 1, 23, 19], [19, 22, 0, 12, 16, 28, 1, 10, 13]]
[[6, 12, 18, 15, 21, 0, 4, 9, 3, 11, 7, 5], [22, 2, 4, 8, 11, 15, 0, 5, 3, 7, 17, 6], [3, 5, 8, 12, 0, 9, 4, 11, 1, 10], [9, 15, 12, 10, 20, 18, 3, 7, 21, 4, 13], [6, 16, 23, 18, 21, 9, 12, 0, 2, 7], [5, 20, 8, 15, 2, 6, 21, 16, 0], [8, 11, 20, 2]]
[[9, 11, 15, 0, 4, 6], [11, 29, 2, 4, 17, 24, 15, 18, 22, 25, 30, 33, 32, 14, 3, 27], [13, 0, 10, 15, 4, 8, 16, 7, 14], [14, 0, 4, 6, 15, 3, 9], [5, 2, 9, 16, 0, 3, 7, 10, 14, 17], [12, 13, 0, 9, 3, 7, 15], [21, 6, 8, 13, 19, 0, 4, 14, 11, 3], [10, 24, 29, 4, 12, 17, 27, 0, 2, 8, 13, 18, 25, 5, 7], [12, 13, 0, 9, 15, 3, 7], [20, 15, 18, 0, 4, 6, 16, 14, 3], [8, 2, 11, 3, 5, 9], [13, 15, 19, 2, 6, 16], [7, 16, 22, 1, 9, 19, 5]]
[[5, 9, 3, 7, 10, 2], [0, 14, 4, 9, 1, 10, 2], [26, 31, 36, 1, 5, 2, 18, 38, 8, 17, 33, 29, 0, 30, 27, 32], [7, 1, 4, 3, 2, 9], [13, 22, 9, 7, 19, 25, 6, 18, 16, 17, 23, 14], [8, 1, 15, 14, 10, 6, 11, 19, 3, 16, 2, 5], [11, 20, 6, 4, 17, 23], [10, 2, 8, 16, 12, 4, 3, 6, 11, 13], [13, 23, 8, 6, 19, 25, 5, 18, 16], [11, 2, 8, 16, 14, 17, 4, 3, 6, 13], [15, 26, 24, 19, 2, 7, 10, 4, 21, 3, 25, 28, 29]]
[[8, 5, 10, 11, 13, 2, 9], [11, 20, 2, 13, 6, 17, 0], [16, 2, 4, 8, 5, 10, 3, 6], [12, 15, 18, 27, 1, 6, 24, 2, 4, 11, 20, 0, 7, 23], [0, 11, 4, 8, 1, 13], [2, 4, 5, 12, 17, 16, 3, 9, 15], [25, 7, 14, 22, 2, 10, 27], [14, 27, 2, 8, 6, 5, 4, 3, 12, 20, 25], [8, 17, 20, 28, 11, 15, 21, 12, 1, 4, 29, 31, 13]]
[[12, 21, 0, 15, 3, 6, 10, 13, 16, 5], [15, 22, 17, 9, 20, 7, 13], [3, 9, 12, 1, 0, 10], [12], [9, 1, 11, 6], [14, 1, 6], [9, 15, 26, 17, 7, 11], [17, 6, 12, 20, 8, 21], [8, 17, 0, 7, 9, 13]]
[[28, 31, 0, 10, 17, 20, 23, 37, 40, 2, 8, 18, 25], [4, 6, 19, 1, 3, 2], [8, 2, 5], [5, 8, 11, 16], [16, 3, 19, 5, 8, 11], [13, 5, 8, 11, 6, 15, 20], [17, 28, 8, 18, 1, 6, 9], [13, 5, 8, 11, 18, 23, 26], [19, 1, 4, 7, 2, 11, 5, 8, 15, 20, 3], [21, 29, 1, 4, 7, 24, 27, 5, 15]]
[[15, 5, 12, 19, 10, 4, 9, 3, 16, 13], [7, 11, 23, 17, 16, 4, 13, 2, 1], [8, 22, 25, 11, 1, 3, 12, 5, 14, 10, 18, 23, 7], [10, 15, 4, 2, 14, 1], [0, 19, 5, 11, 27, 31, 6, 21, 28, 4, 24, 17], [12, 22, 24, 3, 15, 18, 4, 19, 25, 7, 16, 14], [7, 15, 16, 12, 4, 5, 3, 17, 6], [7, 16, 29, 10, 13, 21, 24, 5, 11, 14, 22, 9, 4], [11, 8, 16, 5, 15, 4, 0, 9, 12]]
[[6, 13, 4, 3, 10, 9], [5, 8, 17, 3, 6, 10, 21, 20, 2, 12, 14, 15], [13, 4, 6, 9, 21, 0, 5, 16, 25, 24], [5, 3, 9, 2, 14, 8, 7], [12, 3, 5, 8, 20, 22, 25, 28, 30, 33, 0, 23], [6, 11, 14, 3, 2, 7, 0, 8, 9], [9, 16, 18, 2, 19, 15], [19, 5, 9, 23, 6, 12, 3, 4, 16, 20, 0, 7, 13]]
[[16, 9, 18, 21, 24, 27, 7, 10, 14, 19, 22, 28], [6, 23, 11, 4, 21, 2, 17, 13, 1, 16, 27, 0], [30, 36, 5, 10, 13, 19, 24, 33, 11, 16, 22, 31, 34, 1, 7, 18], [24, 27, 30, 6, 5, 2, 14, 33, 0, 3, 10, 7, 12, 15, 20, 28], [26, 2, 12, 15, 22, 29, 33, 36, 0, 13, 16, 23], [3, 6, 9, 0]]
[[21, 16, 17, 12, 24, 0, 4, 10, 13, 25], [18, 8, 16, 4, 12, 0, 10], [2, 8, 0, 4, 6, 3], [1, 6, 9, 14, 4, 10, 13], [10, 20, 16, 0, 3, 7, 12, 14, 24, 26], [10, 19, 0, 3, 13, 27, 1, 4, 11], [7, 4, 26, 2, 5, 18, 27, 10, 15], [23, 47, 3, 33, 7, 12, 26, 28, 21, 36, 41, 44, 0, 13, 19]]
[[7, 10, 5, 11], [7, 14, 31, 17, 19, 16, 5, 10, 21, 24, 2, 11, 1, 18, 15, 3, 23], [12, 20, 6, 17, 7, 14], [0, 22, 26, 34, 8, 7, 4, 10, 16, 19, 31, 2], [18, 27, 4, 2, 6, 9, 12, 24, 0, 10]]
[[12, 21, 25, 5, 3, 26, 24, 16, 2, 9, 10, 8, 13], [18, 1, 5, 2, 0, 11, 14, 16, 3], [7, 17, 4, 13, 2, 5, 15, 11, 0], [14, 7, 4, 8, 12, 3, 15], [17, 4, 7, 11, 23, 2, 8, 15, 20, 24, 14, 1], [18, 27, 4, 2, 25, 7, 24, 5, 14, 28, 6, 13, 9], [13, 2, 6, 3, 11, 10, 8, 4, 14], [10, 1, 3, 7], [21, 1, 8, 18, 27, 6]]
[[33, 40, 2, 10, 14, 28, 30, 35, 38, 8, 16, 26, 36, 7, 23, 25, 29, 34, 31], [20, 31, 0, 3, 18, 23, 26, 1, 6, 24, 8, 11], [2, 5, 21, 23, 28, 0, 13, 17, 10, 20, 27, 12], [13, 20, 29, 7, 8, 25, 0, 11, 14, 26, 3, 30], [32, 39, 8, 7, 2, 10, 14, 17, 22, 35, 11, 24, 27, 26, 9, 30, 31, 33], [15, 26, 30, 2, 23, 27, 5, 21, 1, 13]]
[[17, 8, 13, 6, 11, 14, 18, 16, 5], [27, 18, 8, 11, 13, 21, 6, 9, 1, 5, 20, 4], [28, 31, 41, 4, 11, 13, 3, 16, 21, 36, 8, 14, 5, 12, 7, 0], [18, 11, 0, 6, 13, 16, 22, 2, 7, 14], [0, 10, 5], [15, 6, 8, 10, 22, 24, 26, 28, 4, 11], [13, 19, 33, 9, 16, 29], [10, 4, 16, 19, 21, 25, 1, 11, 8, 13, 0, 9, 22, 2, 14], [14, 1, 8, 16, 21, 12, 17, 3, 9], [20, 32, 5, 4, 11, 14, 16, 29, 9, 12, 27, 25, 6, 8, 26]]
[[6, 3, 8, 11, 4, 9, 12, 2, 10], [13], [0, 18, 10, 24, 20, 25, 1, 6, 19], [32, 28, 3, 17, 20, 0, 12, 15, 18, 22], [8, 11, 19, 3, 6, 9, 13], [9, 13, 3, 6, 11, 17, 5, 16, 10, 15], [9, 12, 20, 24, 4, 7, 10, 14, 18, 6], [2, 7, 10, 3], [13, 20, 8, 6], [17, 6, 9, 14, 7, 10, 2]]
[[24, 9, 6, 11, 14, 17, 0, 4, 12, 15, 3, 21], [15, 18, 25, 5, 20, 2, 7], [17, 2, 1, 4, 6, 7, 13, 20, 11], [24, 0, 15, 21, 3, 16, 22, 25, 10, 13], [22, 13, 19, 20, 0, 8, 14, 7, 11, 23], [1, 15, 3, 4], [35, 13, 43, 15, 30, 45, 0, 5, 11, 16, 21, 27, 31, 36, 41, 46], [8, 14, 25, 5, 16, 23, 28, 2, 17, 21, 26, 20, 1]]
[[10, 3, 2, 8, 11, 4], [10, 18, 1, 3, 6, 13, 16, 21, 14], [9, 4, 7, 13, 2, 10, 1, 11, 6, 8, 5], [12, 0, 8, 10, 1, 17, 16, 5, 4], [12, 14, 5, 8, 22, 2, 6, 17, 23, 20, 1, 16], [8, 27, 0, 2, 5, 17, 6, 14, 21, 12, 24, 13, 23, 28, 3, 25], [5, 1, 7, 11, 2, 0, 8, 9, 3]]
[[11, 16, 5, 18, 3, 19, 2, 8, 14, 7], [3, 10, 18, 21, 5, 1, 15, 0, 4, 19], [11, 30, 36, 6, 13, 21, 27, 34, 0, 3, 17, 19, 25, 9, 2, 31, 4, 14, 22], [3, 17, 5, 20, 23, 28, 32, 35, 38, 41, 9, 25, 29, 1, 24, 0, 21, 40, 6, 26, 30]]
[[23, 16, 15, 5, 12, 18, 21, 3, 10, 13], [9, 1, 3, 10, 6, 15, 18], [8, 10, 5, 19, 3, 6], [22, 3, 20, 18, 6, 16], [8, 2, 10, 13, 16, 0, 11], [19, 22, 26, 12, 29, 14, 6, 23, 28, 3, 17, 36, 4], [9, 25, 10, 6, 13, 16, 22]]
[[19, 9, 11, 5, 14, 3, 12], [10, 24, 1, 14], [7, 12, 13, 10, 16, 19], [8, 15, 3, 1, 11, 16, 18], [10, 19, 2, 13], [5, 6, 3, 8, 1, 0], [21, 1, 5, 8, 14, 6, 11, 0, 2, 3, 9, 13], [9, 16, 2, 11, 23, 0, 7, 24, 4]]
[[16, 18, 7, 13, 19, 10, 6, 12, 8, 14], [17, 1, 3, 6, 11, 19, 4], [12, 20, 4, 8, 16, 23, 2, 9, 21], [10, 15, 11, 13, 6, 17, 0, 3, 7, 18, 2, 12], [14, 31, 5, 19, 2, 10, 0], [15, 5, 2, 11, 0, 3, 8], [5, 19, 12, 0, 7, 16, 21, 3, 10], [11, 29, 2, 13, 1, 12, 9, 15, 18, 21, 24, 6, 16, 3, 5]]
[[13, 20, 26, 10, 0, 4, 8], [17, 30, 7, 10, 23, 8, 13, 19, 4, 18, 1, 6], [28, 14, 17, 20, 0, 21, 6, 22, 8, 11], [8, 21, 42, 6, 5, 22, 2, 10, 12, 24, 32, 40, 0, 13, 17, 7, 18, 38, 9], [16, 28, 34, 3, 5, 21, 31, 6, 13, 10, 4, 11, 19, 2, 22, 0, 7, 29, 32], [10, 15, 19, 0, 4, 23, 12, 2, 9, 1], [10, 15, 24, 7, 2, 6, 0], [13, 22, 4, 9, 17, 2]]
[[7, 10, 14, 20, 23, 0], [12, 14, 2], [16, 32, 2, 27, 5, 29, 25, 13, 18, 34], [14, 1, 10, 4, 0, 16], [7, 12, 9, 18], [11, 17, 24, 1, 3, 14, 13, 21, 25, 26, 2, 15, 18, 22]]
[[21, 33, 11, 6, 17, 23, 27, 31, 41, 0, 4, 15, 18, 24, 42, 3, 12, 30], [13, 23, 14, 4, 11, 19, 26, 2, 3, 17, 15, 0, 9, 24], [3, 17, 21, 25, 0, 4, 12, 18, 26, 11], [6, 8, 13, 16, 2, 10], [9, 20, 4, 5, 0, 11, 13, 23, 24, 6, 8, 3], [24, 2, 4, 8, 5, 18, 11, 3, 22, 0, 6, 14], [9, 17, 25, 1, 18, 6, 12, 22, 27, 29]]
[[13, 0, 1, 6, 10, 16, 9, 15, 12], [2, 6, 7], [11, 8, 0, 3, 10, 2, 7], [10, 5, 17, 3], [5, 11, 2, 0, 3, 12], [0, 1, 4, 9], [9, 11, 5, 3, 6, 14, 2], [17, 13, 0, 3, 4, 7, 18, 6, 14, 1], [12, 21, 7, 0, 15, 18, 1, 9, 16, 19], [8, 4, 12, 13, 10, 2, 9, 14, 3], [6, 14, 1, 8, 3, 18, 22]]
[[18, 5, 9, 12, 20, 3, 13, 2, 8, 7, 21, 10], [17, 22, 1, 25, 3, 6, 9, 15, 7], [8, 9, 3, 11, 14, 17, 0, 12, 15], [24, 27, 30, 3, 6, 0, 14, 34, 37, 7], [12, 26, 29, 5, 7, 0, 18, 33, 1], [15, 16, 0, 6, 4, 11, 17, 8, 10, 13], [5, 3, 0, 10], [17, 19, 6, 14, 24, 4, 12, 15, 23], [17, 4, 11, 5, 2, 18, 6, 8], [18, 1, 21, 23, 10, 2, 4]]
[[7], [9, 12, 2, 6], [0, 6, 3], [17, 3, 0, 4], [34, 16, 20], [0, 9, 4], [12, 7, 16, 20, 0, 21], [23, 7, 12, 18, 0, 10, 13], [15, 2, 12, 4, 18, 5], [27, 21, 0, 6, 12, 16, 3]]
[[12, 22, 14, 16, 24, 3, 17, 2, 6, 7, 5, 25], [21, 5, 2, 8, 1, 0, 3], [11, 20, 26, 29, 18, 0, 8, 24, 15, 5, 19, 21, 6, 17, 12], [6, 15, 11, 8, 13, 17, 18, 0, 2, 3, 21, 12, 4], [9, 17, 21, 15, 3, 25, 0, 8, 6, 16], [7, 1, 4, 9], [1, 13, 7, 10, 19, 21, 8, 17, 22, 0, 9], [15, 1, 10, 13, 22, 8], [1, 13, 23, 8, 17, 21, 26, 29, 27, 15, 9, 18, 11], [4, 10, 12, 1, 16, 13, 17, 2, 3], [1, 6, 13, 15, 11, 9, 7], [9, 13, 15, 18, 1, 7, 20, 2, 6, 3, 0, 14, 16]]
[[32, 29, 6, 24, 0, 7, 13, 21, 25, 30, 5, 28, 12], [4, 10, 2, 8, 12, 15, 0], [17, 23, 30, 32, 1, 4, 7, 10, 24, 5, 3, 2, 21, 22, 0, 14], [5, 11, 15, 3, 7, 2, 4], [8, 16, 28, 11, 13, 10, 18, 25, 0], [6, 10, 0, 4, 13, 3, 2, 11, 14], [5, 9, 15, 18, 16, 12, 2], [6, 18, 1, 8, 15, 3, 2, 5, 12], [11, 16, 25, 28, 3, 1, 9, 13, 22, 23, 7, 4, 2, 6, 17], [2, 5, 10, 13, 11, 4], [2, 1, 12, 17], [6, 0, 8, 10, 16, 23, 1, 21, 7, 20, 4, 11, 12]]
[[15, 22, 28, 5, 9, 12, 25, 3, 10, 13], [4, 15, 8, 0, 1, 2, 16, 7], [8, 3, 1, 9, 12, 11, 13], [5, 9, 12, 3, 15, 17, 1, 0, 13, 18], [9, 4, 2, 10, 12, 1], [14, 4, 2, 1, 0, 9], [13, 4, 8, 2, 5, 18, 1], [9, 4, 14, 2, 5, 10, 1], [23, 4, 12, 15, 27, 2, 5], [13, 25, 11, 17, 23, 3, 8, 15, 19, 2, 7, 22, 6], [16, 19, 32, 37, 26, 7, 5, 12, 2, 9, 1, 11]]
[[16, 20, 9, 7, 6, 13, 24, 19, 12, 23, 21, 0, 10, 14, 25], [15, 4, 8, 2, 6, 1, 0, 3, 9], [30, 1, 7, 10, 13, 15, 21, 25, 33, 35, 5, 11, 16, 19, 22, 26, 31, 36, 2, 4, 23], [6, 14, 16, 15, 4, 10, 22, 2, 20], [6, 12, 15, 4, 10, 16, 3, 9, 2], [16, 2, 11, 0, 12, 17, 4], [14, 6, 5, 21, 2, 11, 17, 23, 0, 3], [7, 26, 9, 11, 15, 18, 2, 12, 1, 3, 10, 21], [7, 5, 11, 2, 9, 1, 14]]
[[0, 13, 16, 19, 22, 3, 7], [16, 14, 0, 6, 8, 5], [34, 6, 8, 2, 32, 41], [3, 4, 9, 0, 5, 7], [8, 16, 1, 9, 17, 26, 0], [6, 0, 13, 1, 7, 22, 10], [14, 0, 8, 1], [6, 15, 4, 13, 8, 2, 3, 11, 10, 16], [9, 16, 3, 1, 12, 7]]
[[7, 12, 9, 15, 4, 3, 8, 13, 11, 6, 14, 10], [22, 30, 1, 3, 6, 17, 20, 27, 33, 7, 18, 25, 28, 2, 14], [0], [5, 2, 8, 11, 0, 6, 10], [24, 1, 5, 9, 16, 25, 2, 0, 31, 6, 3], [19, 4, 7, 2, 5, 1, 0, 3, 6, 9, 25]]
[[28, 33, 12, 8, 15, 17, 21, 29, 0, 4], [8, 11, 0, 6], [3, 7, 10, 4], [8, 12, 16, 0, 3, 13, 2], [7, 13, 22, 2, 17, 10, 19], [1, 16, 24, 0, 11, 17], [6, 20, 2, 14, 23, 4, 18, 12, 10], [7, 15, 8, 4, 13, 19, 11, 17, 20, 1]]
[[9, 20, 6, 14, 17, 22, 4, 15, 3, 13, 18, 21, 12], [11, 3, 5, 1, 4, 0], [13, 10, 0, 16, 15, 6, 8, 11, 1], [17, 4, 8, 14, 0, 6, 9, 3, 13, 2], [2, 16, 0, 3, 8, 13, 5, 12, 11], [9, 13, 14, 18, 6, 10, 15, 3, 5], [10, 3, 6, 13, 4, 7], [33, 27, 29, 1, 5, 12, 22, 36, 43, 46, 54, 2, 10, 13, 20, 23, 30, 34], [11, 22, 9, 15, 23, 27, 6, 13, 25, 28, 5, 0]]
[[8, 14, 17, 0, 4, 12, 18, 21, 11, 20, 3, 9], [3, 5, 11, 14, 16, 0], [6, 4, 12, 8, 3, 2, 7, 9, 13], [0, 15, 17, 5, 10, 1], [18, 3, 16, 0, 5, 11], [13, 0, 7, 18, 1, 5], [6, 9, 0, 7, 10, 3], [5, 15, 0, 12, 16, 14, 3], [25, 6, 27, 3, 8, 13, 17, 24, 31], [3, 6, 8, 10, 0, 11, 2], [17, 2, 4, 8, 11, 5, 3, 20, 6], [18, 1, 3, 7, 21, 22, 17, 2, 13]]
[[11, 22, 13, 16, 3, 19, 2, 7, 8, 9, 6, 23, 0], [12, 16, 0, 25, 29, 4, 9, 20, 26], [17, 2, 4, 7, 12, 8, 3], [14, 25, 7, 0, 11, 19, 29, 1, 9, 27, 22, 8, 17], [19, 7, 0, 11, 16, 22, 1, 9, 12, 20, 14, 25], [17, 5, 9, 10, 3, 2, 21], [11, 3, 1], [17, 11, 13, 4, 15, 19, 22, 2, 8], [2, 4, 9, 12, 10, 16, 8]]
[[21, 12, 5, 8, 18, 3, 10, 19, 17, 2], [14, 0, 7, 4, 8, 11, 6, 10, 13], [18, 19, 21, 2, 5, 13, 24, 0, 6, 10], [3, 26, 0, 15, 18, 19, 30, 32, 8, 16, 22, 28, 5], [15, 17, 1, 8, 27, 3, 20, 28, 18, 2, 10, 6, 9], [4, 0, 3, 8, 9, 14], [0, 9, 4, 1, 5], [13, 25, 2, 17, 23, 26, 1, 15, 16], [0, 9, 16, 7, 10, 14, 5, 6, 3], [15, 22, 2, 17, 16, 9, 19, 0, 6, 10, 3, 20]]
[[0, 6, 3, 7, 10, 14, 9, 13, 12], [0], [10, 6, 12, 16, 2, 7, 14], [11, 5, 16, 19, 0, 3], [0, 6, 11, 23, 26, 33, 3], [8, 0, 5, 10], [30, 14, 0, 5, 8, 11, 20, 23, 32, 2], [2, 13, 5, 8, 20, 6, 17, 4, 14, 3, 12, 16, 18], [7, 0, 10, 11, 18, 1, 4, 12, 19], [11, 19, 9, 15, 25, 28, 2, 6, 13, 22, 5, 0, 20]]
[[6, 24, 0, 3, 22, 26, 29, 1, 10, 14, 19, 30, 13, 18, 27, 17], [15, 0, 9, 13, 17, 19], [4, 8, 17, 5, 18, 22, 2, 14, 3, 15], [12, 13, 2, 17, 19, 21, 0, 3, 8], [15, 19, 1, 10, 11, 22], [9, 28, 3, 22, 23, 11, 14, 30, 0, 7], [15, 30, 1, 17, 19, 16, 9, 22, 28, 20, 25, 3, 2, 4, 18, 5], [18, 2, 1, 4, 7, 10, 5, 3, 0, 14]]
[[11, 0, 4, 12, 7, 3, 9], [12, 15, 17, 19, 5, 20, 1], [15, 2, 4, 7, 5, 3, 17], [0, 8, 10, 14, 11, 1], [33, 2, 18, 20, 29, 31, 0, 16, 26, 6, 15, 25, 19, 1, 14, 24, 34, 3, 21], [8, 1, 12, 11, 2, 4, 6], [20, 12, 21, 9, 18, 24, 4, 25, 6], [21, 5, 10, 16, 3, 2, 11, 17, 6, 12, 15, 9], [3, 15, 17, 30, 33, 10, 28, 34, 14, 9, 27, 13, 31, 8, 26, 32, 12, 29, 16, 35, 2], [9, 1, 10, 6, 13, 17, 19, 25, 20, 2, 16, 11, 4], [10, 18, 23, 11, 13, 6, 8, 27, 3, 26, 2, 22]]
[[20, 24, 15, 0, 4, 11, 3, 8, 23, 7], [11, 8, 6, 17], [9, 16, 4, 14], [17, 1, 3, 7, 4, 10, 2, 0, 5], [7, 19, 12, 4, 9, 14, 11, 24, 2, 3], [12, 2, 5, 4, 9, 3], [4, 8, 12, 6, 11, 0]]
[[12, 26, 6, 22, 28, 0, 7], [13, 21, 4, 8, 19, 0, 2, 26, 24, 17, 22, 20], [5, 12, 16, 10, 14, 2, 1], [21, 17, 8, 14, 3, 6, 16, 12, 2, 27, 24, 30, 26, 22, 9], [4, 16, 19, 2, 20, 6, 1, 9, 25, 7, 26, 3, 23], [2, 19, 26, 30, 13, 9, 12, 17, 28, 8]]
[[7, 11, 9, 12, 4, 8, 5, 6, 15], [17, 7, 15, 22, 8, 1], [4, 7, 2, 5, 8, 10], [2, 6, 14, 0, 7, 15, 5, 11, 13], [7, 2, 8, 3], [2, 10, 15, 3, 8, 11, 16, 7, 4, 17], [2, 10, 14, 17, 0, 5], [15, 16, 6, 10, 20, 1], [4, 11, 0, 6, 2, 7], [15, 19, 3, 10, 0, 4], [15, 8, 0, 3, 13, 24, 1, 22, 25, 21]]
[[8, 11, 6, 0, 4, 15, 3], [5, 8, 16, 2, 10, 13], [14, 10, 0, 3, 12, 18, 1, 11, 16, 6], [7, 12, 1, 9, 20, 21, 24, 5, 14], [15, 19, 3, 30, 2, 21], [19, 3, 7, 10, 4, 2, 23, 5, 20], [17, 2, 1, 8, 20, 3, 5, 6, 19], [8, 19, 4, 2, 17, 16, 5, 3, 13, 14, 9], [0, 14, 5, 9, 1, 2, 3], [13, 1, 8, 12, 10, 14], [4, 13, 16, 11, 18, 9, 22, 21, 1, 8], [5, 15, 12, 2, 11, 10, 3, 8, 13]]
[[7, 9, 13, 16, 3, 14, 2, 8, 10, 4, 11, 17], [10, 1, 3, 5, 13, 12, 2], [4, 15, 0, 13, 9, 8], [1, 9, 7, 8, 12, 10, 11], [9, 18, 16, 3, 6, 12, 4], [8, 32, 35, 12, 30, 33, 15, 5, 29, 0, 2, 3, 28, 6, 31, 34, 36], [17, 2, 6, 14, 19, 12, 5, 11, 1, 20, 3, 7, 21], [29, 5, 8, 16, 6, 14, 17, 2, 13, 1, 20, 0, 12], [14, 0, 7, 11, 16, 18, 21, 1, 19, 6, 15, 12], [6, 15, 1, 3, 9, 12]]
[[9, 23, 12, 17, 20, 3, 18, 2, 13, 15, 11, 16, 4, 21, 24], [5, 7, 1, 3, 9, 2, 6, 4], [8, 4, 10, 13, 16, 19, 23, 33, 36, 5, 14, 17, 21, 24, 30, 1], [6, 19, 0, 2, 5, 14, 17, 22, 15, 20, 11, 10, 21], [11, 27, 1, 4, 7, 10, 13, 19, 8, 3, 18, 2, 17, 28, 0, 5, 20, 29, 16], [9, 18, 25, 11, 14, 0, 1, 6, 23, 4, 7, 19], [15, 5, 16, 2, 10, 13, 20, 0, 7, 11, 18, 6]]
[[12, 17, 15, 0, 10, 9, 13, 3, 11, 1], [11, 16, 2, 14, 1, 13], [8, 19, 10, 0, 13, 16, 21, 1, 5, 11, 17, 22], [11, 12, 2, 14, 0, 8], [17, 6, 0, 12, 3, 10, 18, 7, 9], [5, 1, 6, 10], [0, 7, 10, 5, 4, 2], [11, 1, 6, 10, 2, 7], [9, 0, 17, 21, 28, 31, 3, 13, 18, 26, 29, 16, 6], [5, 16, 10, 12, 17, 21], [11, 26, 31, 37, 19, 4, 7, 14, 24, 29, 38, 49]]
[[7, 5, 11, 13, 3, 9, 14, 2, 6], [19, 23, 27, 6, 11, 15, 30, 3, 29, 1, 2, 0], [10, 18, 32, 1, 21, 20, 36, 5, 8], [16, 4, 7, 2, 1, 14, 17], [11, 6, 5, 0, 19, 23, 20, 24, 7, 9, 10, 12], [20, 25, 6, 5, 13, 16, 27, 11, 17, 23, 15, 7, 9], [15, 22, 6, 0, 12, 19, 10, 7, 9, 16, 18, 17, 20], [24, 6, 5, 0, 14, 18, 28, 16, 19, 7, 9, 15]]
[[16, 3, 2, 8, 7, 6, 0, 4, 9], [19, 27, 32, 31, 4, 7, 29, 21, 1, 25, 34, 2, 22, 28, 0, 33, 23, 6], [22, 2, 6, 10, 4, 20, 23, 7], [16, 7, 6, 9, 14, 4], [17, 30, 1, 2, 5, 7, 21, 25, 22], [9, 6, 5, 2], [0, 6, 11, 15], [3, 12, 16, 15, 2, 10], [5, 14, 11, 4], [12, 21, 9, 7, 15, 18, 4, 0, 6]]
[[18, 5, 7, 12, 15, 24, 3, 9, 16, 14, 2, 19], [4, 11, 15, 1, 7, 19, 22, 8, 17, 20, 23, 16, 0], [0, 23, 29, 4, 18, 33, 34, 13, 32, 1], [8, 13, 15, 19, 4, 7, 18], [20, 12, 19, 8, 24, 26, 22, 5, 11, 21], [9, 12, 5, 4, 13, 6], [0, 41, 5, 9, 12, 23, 27, 44, 13, 20, 29, 45, 1, 33, 18, 19], [26, 34, 38, 36, 1, 7, 30, 43, 45, 2, 8, 11, 15, 20, 31, 14, 37, 39, 40, 16, 32], [20, 0, 1, 6, 9, 13, 17, 23, 12, 18, 22, 14], [15, 0, 4, 18, 1, 9]]
[[7, 22, 27, 5, 12, 15, 24, 13, 25, 4, 19, 11], [4, 10, 16, 2, 17, 12, 0, 8, 13, 7, 20, 18], [0, 19, 29, 7, 26, 27, 1, 23, 15, 16, 30, 28, 2, 3, 9], [6, 17, 7, 1, 9, 8, 11], [19, 16, 17, 7, 12, 20, 8, 10, 15], [5, 16, 6, 2, 1, 7], [23, 11, 20, 21, 15, 8, 24, 16, 18, 9, 12], [2, 15, 4, 0, 5, 8], [2, 11, 6, 4, 3, 10], [9, 12, 15, 6, 16, 14, 13, 17, 7, 10], [1, 8, 10, 5, 3, 2], [10, 15, 19, 23, 3, 16, 7, 12, 8, 13, 4, 22]]
[[12, 20, 3, 9, 4, 10, 2], [23, 16, 24, 8, 20, 26], [1, 4, 10, 18, 23, 11], [0, 5, 14, 20, 3, 6, 9], [13, 25, 16, 6, 8, 19, 28, 31, 3, 29, 18, 2], [18, 22, 31, 8, 26, 10, 28, 25, 13, 0, 2, 9]]
[[5, 9, 11, 15, 3, 13, 16, 7, 2], [23, 29, 6, 8, 19, 2, 10, 13, 20, 30], [13, 23, 2, 9, 25, 0, 5, 19, 16, 7], [19, 2, 22, 3, 13, 17, 23], [7, 19, 24, 10, 15, 29, 16], [17, 3, 2, 5, 8, 6, 11, 4, 0, 18], [15, 18, 2, 1, 8, 12], [0, 19, 8, 7, 12, 17], [15, 2, 0, 8, 3, 1]]
[[19, 25, 14, 21, 8, 15, 7, 20, 12, 16, 24, 13, 22], [10, 4, 12, 15, 2, 13, 1, 0, 11, 9, 14], [7, 10, 19, 3, 14, 12, 15, 1, 4, 11, 22, 2], [10, 2, 4, 13, 15, 0, 16, 3, 11]]
[[12, 19, 31, 5, 10, 16, 3, 2, 9, 8, 13, 7, 18, 6, 11, 15], [11, 6, 2], [10, 2, 16, 0, 4, 13, 3], [15, 2, 4, 16, 3, 13, 17], [21, 2, 1, 7], [17, 3, 2, 5], [7, 10, 4, 14, 17, 5], [4, 6, 3, 8], [6, 8, 11, 17, 0, 9, 15, 18, 7, 10, 19, 16], [2, 9, 12, 0, 3, 8]]
[[24, 17, 10, 16, 21, 8], [9, 19, 38, 41, 12, 22, 28, 46, 2, 1, 15, 0, 17, 43, 10, 39, 42, 27, 33, 45], [5, 9, 0, 6, 10, 4, 7], [17, 1, 3, 6, 2, 4, 7, 18], [1, 3, 6, 2], [13, 1, 5, 22, 8, 19, 3, 21, 2, 23, 9, 14, 16], [7, 1, 3, 2], [3], [11, 19, 32, 3, 22, 21, 7, 14, 24]]
[[19, 10, 0, 3, 7, 13, 6], [26, 2, 3, 16, 10, 23, 8, 11, 14], [10, 5, 7], [4, 3, 6], [4, 9, 12, 2], [8, 4, 10, 14], [6, 13, 26, 9, 11, 4, 18, 24, 16, 12], [18, 2, 8, 14, 21, 0, 6, 12, 3, 5], [10], [21, 2, 7, 0, 4, 11, 10, 17, 3, 22]]
[[0, 9, 14, 16, 19, 22, 7, 11, 17, 20, 23, 6, 10], [9, 0, 2, 6], [16, 6, 3, 5, 2, 7, 8], [13, 1, 16, 19], [0, 5, 11, 7, 13, 18, 22, 25, 19, 23, 16, 1], [10, 18, 0, 3, 8, 13, 5, 1, 4, 7, 12, 14], [23, 21, 0, 28, 29, 1, 8, 12, 19, 26], [11, 2, 1, 7, 16, 20]]
[[20, 14, 9, 7, 17, 6, 15, 21, 13, 10], [3, 6, 13, 21, 4, 1, 11], [5, 0, 3, 13, 6, 4, 7], [8, 11, 2, 17, 0, 3, 6], [2, 8, 10, 4, 13, 20, 0, 5, 11, 17], [12, 9, 2, 7, 4, 1, 14, 13], [1, 4, 5, 6, 13, 16], [10, 20, 5, 13, 7, 15, 18], [2, 7, 0], [18, 1, 8, 5, 11, 2, 4, 6, 15], [27, 18, 21, 23, 28, 4, 2, 12, 16]]
[[14, 19, 5, 16, 21, 24, 3, 17, 1, 2, 20, 12, 6, 22, 25], [21, 14, 15, 2, 8, 18, 26, 0, 9, 16], [15, 1, 4, 8, 19, 2, 0, 20, 5, 7], [0, 9, 22, 25, 15, 20, 1, 5, 14, 19], [3, 9, 13, 16, 0, 7, 10], [2, 5, 8, 12], [5, 9, 19, 23, 25, 29, 17, 20, 26, 30], [9, 13, 16, 17, 14, 5], [9, 20, 21, 0, 19, 24, 26, 13, 5]]
[[24, 10, 14, 19, 3, 6, 15, 2, 7, 9, 11, 5], [15, 27, 4, 12, 33, 34, 32, 20, 1, 2, 3, 23, 0, 11, 17], [10, 2, 14, 16, 22, 0, 12], [14, 22, 1, 2, 9, 6, 12, 3, 5, 0, 7, 18], [0, 14, 27, 5, 8, 23, 33], [16, 0, 10, 12, 1, 7, 13, 6, 8, 14]]
[[12, 16, 5, 9, 14, 22, 3, 10, 20, 23, 2, 8, 19], [20, 7, 11, 17, 22, 2, 12, 23, 1], [13, 35, 2, 16, 22, 29, 31, 0, 17, 23, 25, 5], [22, 27, 25, 1, 5, 7, 13, 29, 34, 2, 11, 36, 10, 26, 35], [23, 28, 47, 11, 26, 36, 1, 5, 31, 49, 2, 9, 12, 16, 15, 8], [17, 38, 23, 0, 28, 30, 33, 6, 14, 25, 9, 5, 12, 16, 24, 11]]
[[9, 3, 6, 16, 4, 13, 2, 10, 14], [4, 15, 27, 6, 8, 17, 29, 32, 2, 24, 30, 20, 1, 23, 0, 13], [0, 20, 4, 9, 8, 1, 19], [4, 23, 0, 15, 19, 24, 3, 18, 7], [13, 16, 0, 6, 10, 17, 3], [20, 9, 13, 14, 15, 18, 4, 10, 5], [13, 5, 11, 8, 3, 10, 7], [22, 10, 13, 17, 19, 6, 4, 11, 5, 3], [10, 3, 11, 15], [25, 23, 14, 21, 13, 7, 8, 17, 18, 20, 6, 10], [2, 4, 15, 17, 20, 0], [1, 5, 8, 3], [8, 19, 11, 6, 21, 3, 16, 10, 15, 2, 9, 4]]
[[22, 15, 28, 20, 25, 30, 7, 9, 6, 16], [23, 5, 2, 8, 11, 17, 21, 0, 9, 18], [0, 10, 9], [20, 25, 8, 7, 0, 10, 18, 3, 17], [23, 7, 2, 12, 0, 16, 21], [12, 27, 7, 15, 16, 9, 18, 24, 28, 31], [10, 20, 5, 18], [21, 13, 4, 15, 23, 2, 24, 18, 7]]
[[15, 5, 9, 12, 3, 10, 2, 8, 7], [0, 8, 12, 23, 21, 3, 17, 7, 26], [16, 2, 4, 7, 5, 11, 3, 8], [12, 4, 7, 21, 1, 16, 2, 15, 18], [12, 1, 4, 0, 5, 13], [12, 18, 3, 2, 9, 16, 0], [14, 10, 8, 18, 5, 4, 15, 0, 13, 6]]
[[21, 17, 27, 8, 18, 28, 26, 7, 12, 14, 11, 23, 15, 10, 20, 19, 24], [12, 14, 17, 2, 15, 1, 10, 0, 9, 4, 6], [6, 2, 7, 4, 0, 3, 8, 5], [35, 3, 14, 22, 27, 0, 4, 9, 15, 6, 19, 8, 18, 1, 10, 12, 16, 23], [9, 3, 2, 13, 0, 4], [8, 18, 13, 0, 3, 2, 5, 6, 12, 21, 19], [16, 26, 29, 1, 5, 13, 20, 35, 36, 2, 6, 37, 8, 10, 0, 31, 11, 3, 19], [15, 23, 18, 20, 8, 11, 25, 0, 6, 21, 26, 3]]
[[9, 12, 14, 17, 3, 2, 18, 13, 11, 15, 4], [10, 3, 5, 12, 1, 0, 11, 4, 2], [1, 17, 4, 7, 5, 14, 3, 18, 2, 16, 19], [10, 18, 5, 2], [8, 4, 15, 13, 10, 20, 17], [7, 17, 22, 14, 18, 23, 2, 13, 12, 0, 24, 3, 15, 6], [13, 3, 14, 5, 8, 11, 17, 20, 6, 9, 18, 21]]
[[6, 13, 15, 3, 11, 16, 5, 2, 10, 0], [21, 5, 7, 10, 23, 3, 11, 15, 19, 25], [17, 19, 3, 4, 9, 13, 21, 25, 5, 10], [21, 0, 4, 7, 18, 2, 5, 15, 19], [21, 3, 6, 9, 12, 17, 7, 5, 4, 0], [15, 3, 10, 23, 25, 21, 26, 7, 20, 1, 2, 0, 16]]
[[13, 6, 11, 17, 20, 0, 3, 18, 10, 16, 2, 4], [4, 8, 25, 29, 6, 10, 13, 19, 11], [16, 1, 5, 6, 11, 8], [27, 14, 5, 22, 3, 6, 20, 23, 8], [4, 5, 8, 1, 2, 9], [15, 24, 1, 3, 6, 22, 4, 20, 10], [1, 6, 4, 17], [15, 6, 18, 19, 17, 0, 16, 2, 5]]
[[5, 18, 10, 12, 15, 3, 2, 11, 6, 20, 9, 13, 16], [8, 15, 4, 10, 13, 19, 2, 1, 0, 9, 17, 3, 12, 14, 34, 11, 16], [13, 68, 26, 27, 32, 55, 15, 4, 6, 39, 43, 46, 63, 66, 70, 17], [12, 16, 18, 2, 7, 10, 21, 24, 27, 4, 8, 22, 25, 3, 19]]
[[17, 13, 21, 0, 10, 14, 9, 18, 16], [13, 6, 2, 10], [13, 5, 9, 0], [7, 14, 2, 10, 11, 4, 17, 0, 8], [0, 4, 9, 14, 17, 19, 5, 10, 15, 20], [26, 23, 3, 19, 25, 28, 4, 8, 7, 24, 31, 27], [20, 15, 25, 0, 3, 22, 26, 2, 21, 17, 9, 16, 4], [15, 28, 18, 2, 16, 10, 20, 26, 7, 11, 3, 17, 5], [9, 10, 16, 2, 6, 14]]
[[10, 3, 9, 2, 8, 4, 5], [7, 1, 10, 13, 2, 0, 14], [10, 18, 13, 12, 5, 7, 15, 23, 16, 20], [27, 43, 6, 29, 44, 17, 21, 36, 38, 47, 10, 18, 22, 31, 34, 1, 9, 7, 14], [6, 21, 0, 22], [10, 2, 7, 13, 5, 8, 14, 4, 3, 16], [16, 6, 11, 13, 3, 20, 2, 9, 8, 17, 19, 10], [20, 28, 24, 11, 7, 22, 26, 8, 10]]
[[7, 11, 27, 30, 5, 13, 32, 3, 9, 14, 19, 23, 25, 22, 2], [8, 14, 16, 20, 17, 29, 2, 12, 24, 31], [19, 2, 9, 3, 8, 20, 0, 4, 5], [11, 21, 2, 1], [21, 25, 33, 2, 15, 0, 11, 13, 19, 27], [5, 9, 12, 16, 2, 14], [10, 13, 22, 6, 8, 18, 3, 15, 2, 19, 14, 23]]
[[10, 15, 3, 6, 17, 4, 20, 2, 12, 21, 7, 0], [10, 12, 6, 1, 16, 19, 7, 2, 3], [10, 15, 1, 5, 8, 3, 13, 2, 6, 11], [9, 0, 6, 4, 3, 11], [5, 11, 23, 13, 7, 20, 26, 0, 29, 2, 21, 12, 15], [5, 0, 7, 10, 16, 3, 11, 6, 13], [14, 2, 4, 9], [10, 1, 4, 12], [11, 17, 6, 9, 15, 1, 13]]
[[18, 9, 12, 4, 5, 10, 20, 8, 7], [6, 34, 2, 4, 22, 26, 0, 19, 14, 3, 11, 13, 20, 21, 5, 12], [6, 11, 19, 1, 3, 15, 23, 16, 24, 2, 12, 17], [0, 7, 14, 3, 12, 11, 5, 15, 6], [23, 9, 14, 18, 6, 10, 3, 5, 15, 7, 16]]
[[19, 3, 6, 22, 25, 4, 15, 26, 12, 24], [12, 7, 0, 17, 5, 18, 16, 8, 11], [7, 19, 2, 10, 13, 20, 5], [25, 0, 12, 3, 10, 18, 14, 21, 15, 17, 23, 1, 19], [0, 4, 17, 2, 5, 8, 12, 16, 10], [15, 2, 4, 9, 3, 17, 5, 8], [17, 27, 0, 7, 1, 8, 18, 35, 28, 33, 34, 30, 4, 6, 11, 21, 22, 31], [10, 27, 4, 12, 15, 18, 30, 8, 13, 31, 21, 5, 0]]
[[21, 14, 15, 8, 23, 26, 6, 19, 24, 5, 16, 18, 13, 9, 3], [10, 18, 23, 1, 21, 5, 15, 25, 14], [5, 7, 0, 23, 3, 8, 20, 13, 6], [20, 9, 11, 8, 0, 24, 3], [15, 19, 5, 13, 3, 8], [17, 9, 0, 3], [5, 7, 3, 2], [12, 11, 0], [13, 10, 21, 30, 11, 14, 19, 28, 18], [17, 1, 3, 6, 4, 9, 2, 0, 10, 13], [6, 19, 4, 8, 11, 17]]
[[4, 11, 12, 14, 9, 0, 5], [11, 9, 3, 10], [6, 0, 2]]
[[0, 13, 3, 7, 11, 14], [18, 9, 8, 11], [16, 6, 5], [8, 22, 3, 12, 2, 26, 0], [6, 4, 8, 12], [12, 2, 1], [13, 26, 32, 5, 7, 2, 18], [15]]
[[15, 29, 5, 9, 17, 20, 3, 10, 2, 8, 7, 31, 18, 30], [14, 24, 32, 5, 7, 21, 2, 19, 1, 18, 25, 0, 26, 30, 27], [21, 5, 8, 4, 3, 7], [10, 20, 23, 1, 6, 13, 4, 8, 14, 21], [23, 4, 1, 9, 12, 7, 5, 25, 15], [21, 25, 38, 2, 8, 14, 29, 33, 0, 5, 7, 4, 3, 23, 26, 11]]
[[6, 24, 10, 12, 15, 18, 3, 16, 2, 11, 26, 9, 13, 7, 19], [6, 8, 11, 21, 3, 9, 19, 1, 18, 2, 16, 0, 17, 5, 23], [28, 0, 3, 5, 8, 10, 16, 23, 32, 6], [30, 53, 0, 2, 15, 22, 25, 27, 35, 39, 41, 42, 45, 4, 13, 32, 37, 1], [5, 45, 17, 32, 1, 36, 7, 24, 40, 19, 41, 11, 2, 18, 33, 34, 43, 37, 46, 16, 31, 8, 3, 38], [16, 5, 3, 1, 2, 0, 4, 21, 14, 23]]
[[14, 24, 19, 18, 0, 3, 12, 21, 1, 7, 10, 15, 22], [10, 12, 30, 2, 13, 1, 7, 16, 18, 21, 23, 8, 3, 14, 5, 15, 31], [0, 12, 25, 8, 7, 4, 10, 15, 27, 29, 22, 30, 21], [19, 8, 11, 16, 21, 5, 9, 12, 17, 22, 4, 3, 6], [16, 7, 4, 8, 3, 2, 18], [21, 12, 14, 18, 23, 19, 24, 6, 9], [8, 13, 4, 6, 3, 5], [22, 0, 7, 13, 16, 5, 10, 14, 17, 9, 23, 21, 11], [12, 2, 17, 6, 9, 22]]
[[10, 11, 7, 15, 6, 12], [21, 1, 4, 5, 2, 0, 16, 19, 8, 18], [4, 23, 1, 6, 12, 8, 26, 14, 13, 3, 2, 20], [0, 3, 7, 14, 5, 16, 1, 8, 12, 9], [16, 13, 0, 14, 2, 8, 5, 7, 11], [17, 20, 5, 4], [14, 32, 18, 20, 21, 0, 9, 22, 4], [13, 11, 2, 7, 8, 18]]
[[10, 12, 1, 6, 3, 11, 8], [18, 27, 33, 32, 25, 30, 2, 7, 10], [0, 34, 41, 21, 7, 10, 24, 37, 45, 11, 14, 17, 25, 29, 38, 43, 20, 48, 1], [8, 1, 9, 5, 15, 17, 3], [20, 10, 17, 22, 0, 4, 11, 15, 7, 18, 14, 12, 23], [1, 3, 6, 9, 15, 18, 4, 19, 2], [8, 24, 33, 0, 4, 12, 16, 21, 31, 7, 27, 30, 15, 20, 19, 32, 18, 17, 22, 13], [3, 6, 7, 1], [20, 11, 25, 29, 32, 7, 12, 16, 22, 26, 33, 10, 15, 21, 19, 18, 13, 31, 17, 27], [1, 3, 6], [10, 9, 16, 15], [11, 21, 5, 15, 18, 24, 16, 22, 2, 9]]
[[22, 7, 14, 19, 26, 0, 4, 12, 6, 11], [1, 6, 13, 4], [23, 1, 5, 2, 6, 9, 11, 14, 18, 0, 10, 12], [15, 3, 11, 21, 26, 30, 34, 4, 8, 22, 27, 35, 7, 1, 19], [11, 3, 6, 14, 0, 5, 4, 12, 17, 15], [15, 7, 19, 23, 25, 2, 1], [0, 9, 17, 4, 18, 3, 7], [0, 22, 6, 12, 26, 3, 7], [19, 2, 4, 11, 6, 12]]
[[2, 16, 18, 21, 6, 19, 8, 15, 5, 10], [7, 2, 4, 13, 16, 19, 23, 0, 14, 20, 22, 3, 11], [17, 24, 21, 20, 9, 12, 0, 10, 4], [10, 17, 2, 4, 7, 0, 5], [5, 20, 0, 6, 14, 10, 13], [10, 29, 22, 3, 6, 32, 0, 4, 33], [10, 2, 16, 19, 23, 26, 0, 8, 17, 24], [20, 2, 21, 13, 16, 29, 33, 0, 7, 17, 26, 30]]
[[8, 15, 24, 19, 5, 3, 2, 12, 20, 26], [10, 20, 2, 12, 16, 26, 0, 18, 23, 4, 6, 9, 11, 13, 14, 19, 25, 30], [20, 6, 13, 3, 10, 12, 2, 9, 0, 4, 21], [21, 26, 33, 5, 4, 12, 0, 14, 18, 35, 39, 15], [11, 16, 27, 14, 1, 5, 7, 18, 22, 30, 36, 40, 19, 28, 37], [6, 12, 29, 10, 14, 18, 27, 4, 19, 23, 22, 3]]
[[11, 38, 44, 23, 7, 18, 21, 31, 35, 40, 0, 8, 12, 19, 36, 6], [14, 23, 2, 8, 16, 20, 26, 29, 6, 18, 24, 27, 12, 32, 17], [25, 28, 17, 0, 13, 23, 36, 3, 8, 26], [15, 21, 2, 8, 17, 26, 30, 0, 3, 27, 29, 12, 25, 7, 13], [20, 15, 13, 7, 0, 11, 18], [1, 24, 36, 41, 19, 47, 3, 6, 15, 38, 52, 55, 10, 34, 18, 28, 5, 22, 50, 9, 33]]
[[11, 14, 0, 4, 15, 10, 3, 5, 6], [1, 8, 13, 15], [14, 22, 12, 23, 6, 9, 1, 17, 16, 15, 10, 18, 19, 7], [9, 16, 5, 7, 14, 0, 3], [17, 1, 8, 14], [10, 14, 20, 18], [18, 3, 10, 22, 4, 7, 14, 20, 8, 19, 21, 13], [27, 29, 4, 9, 11, 15, 20], [40, 3, 9, 30, 23, 0, 16, 19, 35, 6, 13, 17]]
[[14, 23, 5, 11, 18, 21, 3, 9, 12, 19], [18, 31, 0, 1, 14, 22, 25, 2, 8, 15, 20, 26], [12, 22, 5, 9, 20, 0, 6, 17, 2, 4, 16, 21, 23], [13, 24, 17, 19], [5, 12, 18, 7, 9, 8, 13, 21, 10], [14, 26, 4, 10, 17, 20, 23, 31, 2, 8, 12, 18, 27, 7, 30, 0]]
[[26, 30, 14, 6, 16, 20, 28, 0, 7, 11, 21, 5], [7, 14, 2, 17], [9, 13, 30, 15, 14, 5, 17, 20, 23, 18, 2, 1], [12, 14, 17, 2, 13, 4, 6, 19, 22], [11, 2, 0, 5, 1, 3, 12]]
[[7, 5, 10, 3, 2, 6], [5, 7, 1, 3, 10, 13, 15, 12, 2], [5, 19, 8, 2, 13, 16, 0, 10, 17], [7, 22, 2, 10, 13, 19, 5, 11, 3], [18, 23, 9, 4, 13, 15, 7, 11, 16, 20, 3, 1], [19, 2, 5, 11, 6, 4, 3, 0, 7, 12], [1, 16, 9, 15, 12, 21, 10], [18, 20, 2, 13, 15, 10, 12]]
[[10, 13, 16, 19, 23, 3, 2, 11, 14, 17, 25, 4, 12], [24, 33, 1, 4, 17, 20, 27, 30, 35, 7, 14, 18, 28, 31, 3, 13], [7, 10, 1, 3, 5, 13, 2, 8, 12, 4, 11], [11, 30, 12, 24, 3, 6, 14, 17, 27, 15, 20, 28, 2, 26, 1, 25, 0, 13, 31, 23, 29], [9, 2, 5, 6], [0, 2, 5, 14, 17, 24, 27, 12, 15, 25, 10, 21, 11, 20, 3, 22], [11, 3, 6, 15, 7, 13, 1, 0, 12, 14, 5], [4, 19, 31, 6, 28, 7, 11, 10, 1, 0, 33, 18, 27, 30, 2]]
[[0, 8, 15, 11, 7, 12, 14, 18], [1, 15, 18, 10, 2, 14, 7], [1, 5, 2, 4, 11], [24, 2, 1, 12, 6, 20, 3, 5, 13, 18, 25, 0], [18, 24, 35, 13, 31, 12, 30, 5, 8, 15, 3, 1, 14, 32, 22], [12, 4, 9, 14, 1, 2, 0, 5, 6]]
[[15, 17, 27, 8, 12, 29, 5, 10, 13, 18, 20, 25], [24, 27, 2, 37, 42, 16, 39, 36, 5, 8, 19, 0], [10, 21, 4, 15, 34, 31, 32, 7, 23, 27, 19, 24], [22, 28, 44, 3, 16, 39, 1, 38, 7, 11, 24, 48, 20, 25, 47], [28, 18, 4, 12, 15, 20, 25, 1, 13, 24], [26, 24, 21, 6, 8, 28, 13], [10, 21, 15, 6, 17, 23, 26, 28, 19]]
[[11, 0, 4, 12, 3, 9, 8, 1, 13], [6, 14, 0], [16, 2, 4, 7, 10, 5, 3, 0, 17], [7, 14, 16, 8, 10, 17, 1, 5, 12], [15, 22, 7, 11, 6, 0, 19], [12, 23, 6, 18, 2, 17, 0], [0, 17, 5, 9, 1, 13, 2, 3, 6, 10], [7, 10, 22, 21, 5, 17, 0, 18, 2, 23]]
[[14, 10, 7, 12, 0, 4, 3], [8, 14, 1, 10, 12, 2, 4], [6, 9, 12, 0, 7, 4, 3, 5, 18, 19], [8, 18, 27, 2, 4, 21, 25, 0, 5], [9, 22, 12, 13, 15, 20, 28, 30, 17], [8, 18, 27, 32, 4, 30, 2, 1, 26, 23, 0, 22], [13, 23, 16, 8, 27, 5, 18, 4, 21, 0, 17, 19]]
[[6, 9, 16, 0, 4, 19, 14, 3, 12, 15], [19, 13, 8, 3, 9, 2, 6, 15, 22], [19, 2, 7, 10, 4, 1, 3, 20, 5], [12, 4, 0, 9, 5, 13, 1], [9, 6, 0, 12, 1, 13, 7, 10], [7, 10, 16, 3, 13, 2]]
[[12, 19, 5, 21, 23, 3, 14, 24, 2, 6, 10, 13], [17, 30, 9, 10, 26, 24], [0, 16, 22, 32, 5, 34, 23, 30, 35, 7, 1, 14], [12, 31, 27, 26, 34, 5, 9, 23, 3, 14, 21, 29], [1, 8, 7, 10, 13, 18, 21, 11, 5, 3, 4, 9], [1, 13, 21, 10, 15, 3], [1, 14, 8, 17, 11, 9], [16, 22, 10, 13, 8, 11, 18, 24, 1], [12, 24, 19, 8, 15, 5, 17, 4, 20]]
[[4, 6, 14, 13, 16, 12, 0, 5, 8], [0, 7, 15, 8], [22, 0, 27, 28, 30, 7, 15, 19, 24, 3, 10, 2, 32, 11, 31]]
[[5, 8, 15, 3, 9, 12, 16, 11, 14], [8, 15, 5, 2, 10, 1], [2, 8, 13, 0, 9, 14, 11], [8], [9, 6, 0, 14, 2, 12], [0, 10, 5], [4, 17, 10, 9, 13, 19], [8, 12, 15, 2, 9, 13, 16], [0, 5, 19, 8, 9, 7, 12, 1, 2, 3], [7, 24, 18, 15, 11, 20, 27, 0, 12, 22]]
[[6, 3, 2, 9, 5, 7], [4, 6, 15, 2, 9, 1, 12, 0, 11, 16], [21, 35, 45, 40, 39, 5, 27, 30, 49, 6, 12, 19, 25, 31, 17, 1, 11, 41, 18, 43, 10], [7, 14, 5, 10, 21, 0, 11, 22, 3], [23, 1, 6, 9, 12, 15, 7, 3, 2, 13, 4, 10, 19]]
[[15, 0, 8, 7, 11, 14, 10, 16, 1], [3, 4, 1, 13], [10, 16, 1, 3, 6, 11, 2, 17, 4], [16, 2, 1, 4, 7, 5, 3], [17, 1, 5, 9, 20, 2, 3, 6, 10, 13], [7, 3, 1, 14, 17, 28, 29, 30, 33, 10], [15, 1, 3, 5, 8, 2, 16], [12, 1, 4, 6, 3, 2]]
[[5, 16, 8, 11, 14, 3, 12, 7, 2, 9, 18], [12, 34, 3, 26, 29, 24, 1, 21, 19, 0, 20, 13, 32, 35, 23, 25, 2, 27, 30, 22], [12, 16, 20, 1, 19, 7, 10, 23, 5, 24, 9, 2, 21], [6, 16, 22, 26, 31, 0, 2, 24, 29, 34, 13, 35, 20, 11, 12, 19, 3, 7, 14, 27, 32]]
[[12, 18, 9, 8, 5, 15], [19, 11, 2, 10, 5, 7, 24], [24, 7, 0, 4, 11, 22, 25, 8, 20, 3], [28, 2, 11, 17, 21, 24, 31, 12, 15, 22, 14, 4, 20], [13, 0, 7, 27, 1, 4, 8, 26, 14], [16, 3, 19, 28, 2, 18, 7], [6, 8, 11, 4, 15, 14, 0]]
[[12, 17, 24, 32, 20, 22, 5, 9, 14, 3, 10, 2, 8, 21, 7], [1, 20, 26, 3, 13, 11], [23, 30, 39, 13, 10, 11], [24, 7, 10, 28, 4, 3, 0, 5, 11, 12, 15, 18, 21], [24, 3, 6, 9, 28, 7, 5, 4, 22, 29, 0, 20], [11, 15, 22, 4, 9, 24]]
[[5, 11, 17, 3, 9, 2, 8], [13, 2, 7, 11, 19, 24, 26, 14, 20, 28], [11, 14, 17, 3], [19, 3, 5, 8, 21, 24, 6, 9, 16], [15, 29, 3, 2, 8, 12, 25, 27, 16, 21], [14, 5, 8, 7, 2, 0, 3], [15, 1, 5, 8, 12, 4, 2, 3, 0]]
[[20, 18, 6, 17], [14, 17, 24, 22, 7, 18, 20], [12, 15, 25, 20, 1, 16, 18, 22, 4, 7], [16, 19, 33, 23, 4, 20, 22, 9, 13, 27, 35, 7], [25, 9, 3, 14, 19, 6, 10, 2, 5, 15]]
[[18, 9, 14, 2, 7, 10, 4, 1, 6, 15, 16], [9, 2, 7, 13, 0, 11, 4], [0, 10, 6, 20, 11, 1, 5], [16, 1, 2, 4, 8, 12], [6, 13, 0, 10, 14, 2, 9, 4, 8], [1, 2, 12, 8], [18, 14, 10, 15, 12, 2], [12, 21, 19, 0, 14, 5, 10, 15, 7, 20, 4, 9, 22]]
[[10, 13, 6, 11, 18, 5, 9, 19, 8], [1, 8, 4, 10, 3, 2], [0, 1, 3], [7, 14, 4, 17], [0, 15, 25, 41, 1, 3, 7, 10, 22, 27, 31, 4, 23, 21, 2, 19, 43, 5, 30], [7, 20, 1, 4, 9, 12, 5, 10, 3], [23, 39, 53, 73, 76, 89, 5, 4, 82, 1, 18, 46, 51, 64, 66]]
[[7, 11, 20, 23, 3, 4, 6, 10, 22, 24, 5, 8], [16, 1, 3, 6, 8, 11, 17, 24, 31, 34, 36, 12, 22, 32, 2, 30, 29, 19], [22, 28, 1, 7, 10, 16, 24, 4, 8, 14, 26, 6, 13, 2, 3, 25, 17], [18, 7, 10, 13, 8, 3, 1, 2, 0, 11], [18, 15, 0, 1, 11, 8, 12, 7, 17, 16]]
[[7, 10, 25, 5, 13, 16, 20, 3, 14, 2, 6, 8, 11], [15, 2, 6, 12, 20, 0, 7], [0, 4, 18, 8, 7, 10, 13, 14, 20], [0, 3, 12, 15, 1, 4], [15, 19, 29, 11, 3, 24, 31, 0, 22, 27, 14, 6], [16, 5, 8, 2, 1, 0, 3, 12]]
[[16, 28, 7, 10, 12, 24, 0, 5, 8, 14, 25, 4, 21, 20, 22], [2, 10, 5], [0, 6, 3], [19, 6, 20, 3, 10, 15, 0], [33, 1, 28, 38, 45, 3, 11, 19, 22], [20, 33, 4, 7, 9, 17, 22, 26, 30, 0, 10, 18]]
[[15, 10, 12, 5, 17, 3, 13, 18, 2, 11, 9, 0], [12, 2, 4, 10, 1, 0], [4, 11, 0, 9, 12, 16, 2, 8, 15], [1, 4, 9, 7, 6, 11], [10, 13, 11, 5], [18, 2, 4, 8, 11, 5, 3, 0, 6], [12, 24, 16, 18], [8, 28, 10, 13, 15, 21, 25, 1, 6, 11, 19, 22], [1, 14, 5, 12, 15, 19], [15, 13, 8, 17, 20, 5, 4]]
[[15, 21, 7, 13, 16, 22, 10, 19, 6, 18, 23, 12], [12, 14, 6, 8, 17, 22, 2], [0, 23, 30, 33, 36, 3, 8, 21, 24, 31], [12], [4, 1, 6, 17, 11, 13, 21, 19, 7, 2], [4, 7, 9, 11, 13, 2], [11, 8, 17, 5, 14, 2], [11, 5, 14, 1, 7, 16, 26], [22, 6, 7, 18, 26, 29, 2, 19, 24, 27], [18, 4, 7, 5, 10, 1, 2, 0, 14, 3]]
[[11, 2, 9, 6, 5, 7, 4], [5, 16, 28, 1, 18, 3, 12, 24, 22], [0, 9, 4, 1], [11, 12, 2, 5], [13, 3, 6, 16], [4, 2, 5, 1, 0, 3], [13, 14, 3, 6, 8, 11], [3, 6, 23, 10, 21, 0], [2, 4, 1], [8, 11, 13, 6, 20, 3, 19, 2, 16, 14]]
[[14, 19, 5, 10, 16, 3, 12, 21, 2, 8], [13, 8, 16, 5, 18, 15, 1, 2, 0, 6], [23, 2, 9, 20, 27, 7, 15, 17, 14, 3, 5, 25], [18, 6, 9, 16, 2, 5, 1, 0, 19], [13, 10, 11, 14, 16, 2, 7], [18, 1, 3], [3, 1, 5, 7], [13, 24, 2, 15, 7, 20], [11, 1, 14], [10, 28, 18, 6, 15, 33, 3, 13, 24, 26, 20, 2]]
[[11, 3, 2, 9, 14, 4, 8, 12], [13, 4, 17, 2, 1, 0, 14, 3, 21, 16], [9, 17, 1, 3, 7, 19, 21, 2, 10, 11, 8, 20], [10, 11, 4, 7, 14, 16, 19], [18, 4, 6, 11, 14, 12, 1, 10, 0, 2], [15, 3, 6, 9, 13, 4, 2, 1, 14, 7], [5, 20, 14, 17, 2, 11, 15, 10, 1, 23, 24, 8, 3], [4, 6, 10, 18, 15, 1, 0, 7, 20, 2, 16], [3]]
[[0, 6, 3, 5], [11, 12, 4, 15, 22, 24, 2], [15, 4, 6, 9, 13, 2, 7], [9, 1, 12, 4, 6, 14], [17, 19, 0, 9, 12, 3, 7], [15, 6, 10, 0, 4, 9, 3, 17, 16], [10, 0, 3, 8, 11, 5], [5, 12, 16, 19, 2, 14, 1, 11, 8], [7, 16, 10, 13, 3, 11]]
[[5, 23, 11, 14, 16, 20, 25, 3, 12, 2, 8, 7, 19, 24, 9], [6, 1, 3, 5, 11, 13, 2, 7, 0, 8, 9], [0, 13, 15, 10, 1, 9, 11, 14], [12, 24, 34, 38, 45, 1, 43, 47, 22, 42, 4, 7, 10], [16, 4, 7, 11, 14, 19, 5, 12, 17], [9, 0, 11, 15, 6, 12, 5, 10, 1], [14, 4, 7, 10, 26, 2, 5, 24, 1, 0, 23, 3, 25, 6, 8], [3, 2, 1]]
[[22, 5, 8, 12, 17, 24, 3, 10, 13, 18], [3, 2, 8, 4], [28, 8, 15, 19, 23, 30, 0, 5, 9, 17], [35, 8, 3, 10, 31, 0, 4, 29, 32], [2, 9, 15, 0], [13, 15, 8, 10, 18, 0], [15, 13, 19, 2, 11, 17, 20], [18, 1, 2, 4, 11, 3, 0, 5, 12], [4, 7, 2, 10], [14, 2, 1, 8, 11, 17, 19, 22, 23], [9, 14, 21, 3, 18, 1, 13, 24, 12]]
[[8, 21, 25, 23, 5, 15, 17, 13, 4, 12, 24, 3], [12, 19, 3, 2], [20, 2, 1, 9, 13, 6, 3], [13, 3, 1, 8, 4, 2, 6], [22, 9, 11, 1, 5, 16, 19, 25, 27, 2, 17, 20], [11, 1, 17, 6, 25, 22, 26, 28, 2], [0, 7, 22, 10, 4, 13, 17, 2, 1, 12, 11, 9, 14], [8, 10, 17, 0, 15, 2, 5]]
[[9, 19, 5, 12, 0, 3, 13, 2, 6, 7], [11, 1, 2, 8], [0, 7, 4], [26, 2, 13, 40, 8, 15, 1], [2, 1, 4, 7, 12, 5, 14, 22, 21], [8, 3, 15, 1, 13, 4], [5, 7, 18, 12], [10, 15, 25, 1, 2, 4, 19, 21, 13, 22]]
[[22, 7, 10, 14, 17, 2, 12, 1, 9, 8, 11, 20], [28, 11, 22, 13, 16, 2, 14, 30, 1], [1, 6, 3, 9, 12, 18, 4, 7, 2, 16, 17], [], [16, 24, 7, 14, 2, 21, 1, 5, 19], [1, 10, 3, 12, 13, 17, 24, 2, 11, 8, 16, 7, 15, 4], [6, 13, 16, 3, 14, 1, 10], [18, 2, 0, 1, 4, 12], [11, 28, 13, 5, 16, 21, 2, 1, 14]]
[[7, 5, 10, 3, 2, 8, 6], [8, 14, 16, 20, 4, 18, 0, 5, 11], [16, 27, 23, 2, 6, 12, 0, 7, 13, 20, 5, 24, 8], [4, 8, 0, 20, 16, 13, 2, 11, 12], [31, 13, 3, 8, 25, 6, 23, 26, 15, 29, 5, 22, 4, 18, 17, 14], [11, 20, 23, 5, 17, 2, 6, 14, 18]]
[[20, 14, 23, 0, 7, 11, 18, 24, 6, 10, 17, 9], [10, 2, 7, 13, 17, 4, 8], [1, 10, 15, 18, 2, 4, 8, 11, 13, 16], [20, 5, 8, 11, 14, 9, 7, 6, 0, 15], [16, 21, 24, 2, 1, 10, 12], [0, 20, 5, 13, 1, 12], [6, 9, 22, 12, 18, 25, 0, 10, 13, 19, 23, 26]]
[[12, 20, 6, 23, 7, 14, 26, 5, 28, 16, 18, 21, 29], [18, 2, 1, 7, 11, 3, 5, 16, 13, 15], [10, 22, 4, 17, 0, 5, 18, 19, 1], [0, 6, 17, 10], [9, 0, 2, 1, 10], [13, 19, 1, 6, 4, 3, 17, 2, 20], [10, 15, 4, 23, 21, 14, 3, 20, 2, 19]]
[[20, 15, 14, 6, 4, 11, 3, 16, 18], [15, 18, 33, 2, 20, 4, 7, 10, 22, 25, 36, 5, 23, 3, 19], [8, 21, 5, 11, 3, 23, 4, 0, 6], [14, 3, 2, 17, 23, 0, 18, 4, 21, 6], [12, 18, 7, 10, 4, 3, 20, 0, 5], [13, 22, 1, 16, 19, 11, 3, 17, 2]]
[[16, 23, 0, 5, 10, 18, 29, 4, 9, 27], [8, 3, 0, 20, 7, 10, 19], [12, 16, 22, 6, 9, 19, 24, 3, 10, 17, 20, 25], [26, 14, 22, 20, 23, 33], [12, 8, 10, 4], [23, 2, 0, 6, 1, 14, 3, 31]]
[[13, 15, 3, 10, 16, 7, 2, 9, 0], [12, 25, 1, 19, 3, 8, 15, 21, 4], [9, 7, 0, 15], [4, 22, 2, 12, 6, 7], [25, 2, 8, 18, 21, 0, 4], [10, 27, 19, 21, 25, 29, 22, 2, 8, 1], [8, 19, 11, 13, 3, 5, 15, 23, 16], [14, 19, 27, 16, 20, 6, 10, 3, 24, 2], [14, 1, 4, 6, 16, 12, 17, 3, 2]]
[[14, 6, 16, 22, 0, 4, 17, 23, 3, 15], [6, 14, 0, 9, 15, 13], [14, 16, 18, 9, 13, 2], [9, 20, 28, 2, 4, 1, 7, 15, 24, 5, 25, 3, 14], [30, 3, 15, 13, 6, 17, 19, 24, 0, 16], [6, 19, 2, 4, 16, 11, 9, 3, 17], [9, 14, 23, 16, 15, 6]]
[[5, 3, 2, 6, 7, 4], [11, 17, 1, 3, 6, 9, 14, 18, 21, 35, 38, 7, 12], [8, 20, 2, 6, 13, 23, 1, 9, 22, 10, 21, 11, 7], [14, 1, 3, 10, 23, 24, 2, 16, 0, 15, 12, 13, 25, 11], [20, 3, 6, 9, 13, 15, 7, 4, 12, 14, 5], [13, 18, 1, 4, 5, 10, 16], [20, 28, 9, 13, 22, 24, 0, 31, 14], [5, 21, 1, 7, 11, 2, 6, 25, 8, 4, 9, 3], [12, 4, 15, 2, 13, 1, 0, 14, 3, 19]]
[[7, 3, 5, 8, 2, 9, 4, 11, 6], [9, 1, 3, 10, 13, 16, 35, 14, 22, 32, 36, 6, 2, 29, 7, 31, 28, 0], [4, 27, 6, 10, 36, 41, 1, 34, 33, 5, 7, 37, 3, 35, 8, 40, 42, 2, 38, 39]]
[[8, 12, 30, 10, 15, 21, 3, 13, 22, 25, 2, 24, 20, 16, 17], [11, 19, 5, 8, 13, 2, 1, 0, 3, 9], [17, 22, 39, 3, 24, 26, 2, 23, 5, 9, 29, 32, 27, 4, 20, 25], [14, 18, 28, 22, 23, 25, 2, 0, 26, 5]]
[[7, 18, 23, 5, 12, 16, 21, 3, 13, 24], [10, 22, 1, 4, 7, 12, 18, 20, 2, 17, 3, 15], [6, 8, 9, 13, 3, 10, 2], [1, 3, 14, 4, 8, 15, 18, 7, 2], [15, 26, 5, 3, 20, 7, 12, 24, 0, 8], [10, 5, 7, 2, 11, 3], [7], [7, 10, 22]]
[[14, 9, 18, 23, 28, 7, 19, 24, 29, 6, 15, 17, 13, 3, 0, 20, 21], [21, 13, 15, 4, 24, 2, 17, 19, 27, 1], [11, 0, 8, 13, 3, 6, 9, 15, 5], [15, 3, 5, 8, 12, 0, 6], [2, 18, 0, 7, 12, 16, 19, 4, 11], [25, 3, 2, 9, 18, 20, 10, 14, 21], [1, 6, 11, 17, 23, 7, 20, 3, 15], [5, 2, 3, 6], [6, 25, 13, 20], [4, 12, 1]]
[[4, 12, 11], [5, 0, 13, 15, 2, 14, 1]]
[[17, 8, 13, 0, 4, 9, 14, 7, 3, 5, 10, 11, 15], [11, 22, 13], [15, 18, 10, 12, 0, 4, 9, 3, 19, 5, 21, 17], [11, 13, 19, 15, 3, 1, 16], [1, 6, 13, 16, 25, 30, 2, 7, 14, 26, 32, 10], [6, 21, 10, 17, 23, 1, 5], [8, 4, 18, 12, 20, 21, 7, 19, 0], [14, 8, 11, 17, 4, 9]]
[[20, 17, 5, 23, 29, 9, 4, 8, 18, 3], [11, 4, 17, 2, 0, 15, 21, 23, 5, 20], [12, 31, 0, 2, 9, 19, 25, 30, 8, 17, 29, 22, 27, 7, 16], [16, 20, 3, 5, 10, 1, 6], [0, 18, 24, 29, 4, 27, 34, 20, 31, 8, 1, 9, 28], [14, 19, 6, 3, 9, 0, 2, 21, 17, 4], [20, 28, 6, 7, 10, 13, 16, 22, 3, 8, 15, 1]]
[[14, 19, 23, 21, 3, 2, 6, 7, 17, 5, 24, 25, 8], [12, 16, 14, 22, 2, 19, 1, 6, 0, 5, 3, 20], [4, 9, 2, 7, 10, 13, 8, 11, 14], [6, 10, 17, 3, 2, 1, 15], [9, 21, 4, 2, 6, 13, 18, 14, 5, 3, 10, 11], [19, 9, 13, 3, 2, 7, 6, 4, 10, 8], [9, 5, 12, 16, 2, 13, 1]]
[[20, 5, 8, 16, 25, 28, 31, 3, 6, 9, 14, 21, 26, 29, 32], [15, 4, 11, 21, 25, 9, 12, 18, 23, 6], [8, 12, 9, 13], [11, 0, 8, 13, 15, 18, 23, 26, 29, 5, 9, 16, 20, 24, 27], [0, 5, 9, 12, 19, 22, 3, 6, 14, 20], [2, 6, 16, 20, 22, 0, 3, 12, 17, 23, 9, 10, 11], [10, 16, 5, 8, 11, 17, 1], [27, 2, 16, 6, 13, 24, 30], [0, 14, 20, 25, 5, 10, 7, 11, 15, 1, 6, 19], [7, 4, 16, 20, 25, 0, 12, 17, 23]]
[[35, 15, 25, 31, 33, 0, 5, 13, 16, 23], [8, 12, 28, 3, 15, 14, 6, 20, 23, 18, 17, 5], [26, 21, 23, 2, 28, 3, 8, 15, 24, 7], [8, 11, 20, 26, 3, 16, 14, 5, 4, 6], [13, 21, 31, 38, 4, 23, 3, 17, 26, 29, 16, 5, 24, 7, 14, 25, 22, 19], [21, 24, 40, 48, 2, 18, 37, 16, 35, 42, 5, 11, 31, 15, 34], [11, 29, 9, 17, 21, 23, 6, 18, 5, 14, 0, 13, 2, 3, 7]]
[[20, 14, 22, 28, 7, 11, 15, 29, 6, 10, 9, 16, 12], [22, 4, 7, 2, 5, 1, 13, 12, 0], [21, 26, 1, 5, 6, 9, 2], [32, 2, 9, 16, 19, 22, 34, 14, 20, 30, 35, 13, 25, 1, 8], [6, 13, 24, 3, 15, 20, 27, 4, 11, 18, 25, 10, 1, 7, 16, 5], [14, 5, 11, 3, 2, 1], [20, 1, 5, 7, 10, 11, 15, 18, 3, 16, 2, 12], [19, 5, 4, 0, 7, 11, 24, 8, 6, 22], [15, 19, 24, 4, 11, 13, 26, 9, 14, 22, 5, 0, 7]]
[[11, 5, 10, 4, 9], [26, 4, 12, 14, 0, 5, 8, 15, 25, 21, 2, 11, 9, 16, 18], [7, 13, 2, 10, 14, 16, 9, 8, 4, 5, 11], [28, 21, 5, 10, 13, 26, 0, 3, 11, 14, 30, 16, 20, 7, 25, 2, 6, 29], [5, 8, 18, 12, 0, 3, 10, 2, 6, 9]]
[[24, 27, 14, 13, 5, 8, 11], [12, 17, 30, 19, 18, 5, 14], [16, 32, 4, 1, 7, 10, 24, 25, 6, 5, 21, 22, 35, 0, 2, 8], [18, 29, 20, 0], [21, 31, 6, 9, 16, 19, 4, 7, 17, 26, 29, 15, 2], [12, 15, 1, 17]]
[[11, 5, 8, 17, 6, 15, 4], [8, 17, 26, 3, 20, 31, 33, 29, 2, 11], [18, 4, 8, 11, 6, 19, 5, 3, 0, 20], [13, 1, 9, 3, 2, 5], [13, 22, 10, 23, 3, 25, 11], [11, 26, 22, 0, 13, 1]]
[[9, 18, 20, 12, 0, 14, 25, 3, 6], [16, 19, 1, 3, 10, 22, 4, 2, 21, 20], [15, 6, 2, 3, 11, 0], [18, 8, 4, 2, 22, 0, 6], [13, 37, 40, 46, 56, 3, 33, 1, 31, 42, 5, 15, 18, 20, 23, 29]]
[[11, 7, 17, 0, 5, 15], [11, 15, 23, 6, 9, 13, 21], [13, 23, 3, 11, 16, 26, 0, 17, 4, 6, 12, 14], [5, 11, 23, 16, 9, 13, 20, 18, 21, 17, 15, 7, 0, 1], [6, 19, 2, 1, 8, 12, 14], [19, 8, 10, 1], [13, 16, 7], [0, 6, 12, 31, 36, 15, 14, 4, 17, 20, 24, 25]]
[[13, 0, 7, 10, 26, 4, 8, 19, 22, 27], [12, 0, 4, 8], [4, 10, 0, 5], [12, 16, 6, 17, 0, 3], [10, 0, 3, 7, 11, 14, 6], [21, 2, 1, 4, 9, 12, 16, 3, 8, 6, 11, 5, 10], [8, 23, 12, 16, 0, 10, 18, 2, 20]]
[[14, 20, 23, 26, 0, 4, 9, 16, 21, 24], [0, 12, 15, 17, 3, 7, 13, 6, 8], [31, 14, 23, 7, 18, 27, 2], [5, 8, 10, 11], [13, 3, 12, 7, 15, 0], [11, 24, 2, 13, 6, 19, 0, 7, 14], [8, 2, 11], [9, 10, 0, 13], [16, 18, 9, 13, 22, 6], [11, 9, 12]]
[[7, 9, 19, 4, 16, 3, 14, 15, 8, 6, 23], [9, 20, 1, 3, 6, 14, 17, 15, 2], [9, 12, 2, 11, 5, 15, 6], [24, 14, 5, 17, 21, 3, 6, 18, 1, 16, 2, 15]]
[[14, 20, 0, 9, 18, 3, 6, 17, 5, 7], [1, 15, 13, 17], [22, 26, 34, 36, 6, 0], [11, 18, 1, 30, 13, 29, 7], [17, 3, 10, 13, 6, 4, 7, 8, 12], [0, 16, 24, 25, 9, 27, 1]]
[[15, 18, 10, 23, 0, 4, 8, 16, 24, 3], [10, 20, 2, 14, 17, 0, 3], [12, 9, 6, 14, 18, 21, 26, 0, 7], [9, 5, 7, 2, 10, 3], [13, 1, 4, 7, 2, 0], [22, 3, 1, 16, 19, 4], [0, 11, 13, 7], [10, 6, 15, 18, 20, 27, 4, 8, 16], [2, 10, 15, 19, 0, 3, 6, 11, 16], [16, 2, 6, 3, 0, 4, 12, 13]]
[[6, 3, 10, 15, 4, 11, 2], [17, 1, 7, 10, 15, 20, 23, 18, 2], [7, 16, 2, 4, 12, 13, 3, 10, 17], [9, 1, 4, 2], [6, 8, 10, 2], [14, 2, 16, 0, 5, 9], [3, 7, 12, 20, 1, 4, 8, 0, 2, 21], [11, 3, 7, 6, 16, 1], [15, 1, 9, 19, 2, 13, 3, 10, 0], [11, 4, 1]]
[[11, 35, 8, 25, 32, 6, 9, 14, 28, 5, 18, 17, 16, 31, 36], [0, 21, 23, 13, 7, 4, 9], [8, 14, 10, 2, 5, 1], [14, 9, 12, 18, 10, 15, 19]]
[[17, 12, 15, 0], [24, 1, 3, 31, 36, 4], [8, 3, 12, 6, 17, 0, 15, 14, 5], [15, 25, 5, 1, 8, 13, 22, 2, 6], [3, 6, 18, 0, 4, 7, 15, 2, 10], [22, 16, 25, 2, 11, 0, 3], [2, 9, 0]]
[[17, 25, 7, 20, 28, 4, 15, 3, 26, 27, 18, 24, 29, 5, 16, 19], [11, 5, 3, 4, 8, 12, 6, 9, 14], [8, 4, 12, 5], [9, 12, 10, 4, 15, 20, 13, 21, 3, 19, 18, 11, 24, 22], [10, 15, 19, 2, 7, 13, 21, 25, 0, 4, 8, 3, 14], [9, 6, 14, 17, 22, 4, 12, 3, 11, 10, 5, 13, 8, 7], [13, 18, 24, 26, 9, 15, 19, 6, 11, 16, 21, 5, 0, 28, 10, 20]]
[[12, 6, 9, 14, 4, 15, 3, 13, 7], [23, 4, 10, 12, 16, 26, 2, 1, 8, 9, 0, 7], [0, 12, 4, 13, 7, 10], [11, 2, 1, 7, 17, 14], [0, 4, 23, 7, 6, 9, 14, 15, 19, 24, 1, 8, 21], [18, 8, 12, 16, 21, 0, 14, 2, 6, 13], [18, 7, 10, 4, 3, 16, 20, 5], [13, 2, 1, 16, 21, 22]]
[[13, 8, 5, 10, 15, 3, 11, 16, 2], [23, 6, 16, 19, 26, 10, 12], [4, 10, 0, 9], [10, 7, 15, 5, 14, 2, 13], [14, 2, 8, 0, 4, 3, 15, 9, 16], [14, 20, 1, 5, 17, 2, 18, 13, 9], [14, 9, 16], [20, 10, 3, 7, 6, 13, 2, 22, 8], [1, 12, 5, 8, 16, 18, 13]]
[[14, 16, 18, 2, 11, 8, 1, 10, 24, 5, 6, 3, 26], [9, 1, 3, 5], [12, 8, 17, 0, 3, 10, 7, 13, 14], [14, 25, 6, 8, 11, 27, 4, 9, 21, 1], [12, 17, 28, 31, 4, 6, 15, 24, 26, 41, 7, 38, 11, 1, 22, 37], [16, 10, 20, 27, 8, 19, 0, 2, 22, 30, 40, 31, 38, 41, 37, 11, 21, 9], [15, 7, 27, 28, 0, 3, 13, 24, 16, 21, 19, 8, 29, 20, 26, 1, 9, 10, 30]]
[[13, 25, 21, 23, 6, 0], [4, 28, 6, 18, 2, 1, 13, 12, 9, 0], [0, 23, 21, 5, 9, 15, 25], [10, 20, 14, 2, 0, 4, 15, 17, 1], [17, 3, 2, 5, 6, 10, 4, 0, 1], [11, 23, 13, 1, 19, 16], [10, 26, 32, 4, 12, 15, 20, 30, 2, 13, 18, 27]]
[[9, 22, 4, 7, 5, 3, 14, 16, 23, 11], [5, 13, 18, 23, 27, 29, 2, 0, 10, 31, 3, 4, 9], [0, 15, 5, 10, 13, 1, 2, 3, 11], [12, 0, 4, 8, 13, 3, 15, 1, 14], [0, 11, 15, 1, 5, 12, 16, 8, 14, 17], [15, 6, 2, 9, 5, 18], [12, 21, 6, 16, 23, 0, 13], [12, 18, 15, 3, 2, 9, 8, 11, 0], [16, 2, 5, 11, 1, 15], [15, 10, 0, 4, 12, 16, 3, 11, 8, 7], [22, 4, 9, 14, 2, 12, 1, 11, 0, 8, 10, 5], [11, 5, 6, 9], [23, 1, 11, 21, 2, 5, 19]]
[[9, 5, 3, 2, 8, 7, 10], [12, 18, 13, 5, 0, 3, 6, 9, 22, 2], [9, 16, 5, 12, 21, 19, 22], [0, 27, 38, 4, 20, 35, 8, 24, 41, 1, 17, 32, 18, 33, 16], [17, 21, 29, 4, 3, 6, 10, 7, 13, 5, 16, 18, 32, 8, 25], [31, 35, 3, 13, 15, 25, 28, 41, 44, 47, 52, 0, 16, 23, 26], [20, 23, 36, 5, 3, 11, 16, 17, 28, 33, 9, 12, 29, 6, 4]]
[[20, 5, 10, 17, 3, 2], [13, 11, 4, 5], [10, 0, 8], [22, 33, 3, 18], [6, 15, 29, 4, 8, 11, 20, 26, 9]]
[[23, 11, 16, 28, 0, 8, 26, 29, 7, 20, 21, 24, 12, 18, 25, 15], [27, 7, 11, 16, 19, 23, 30, 4, 8], [0, 10, 16, 19, 26, 29, 1, 4, 11, 17, 24, 9, 14, 8, 30, 20], [19, 0, 11, 15, 1, 5, 8, 12, 20, 10, 17, 7], [21, 1, 4, 11, 17, 23, 19, 9, 3, 26], [7, 1, 4, 9, 13, 11, 3, 2, 0], [14, 2, 4, 6, 23, 28, 0, 9, 11, 15, 20, 25, 29], [23, 2, 16, 19, 25, 0, 3, 8, 20, 26, 28, 5, 11, 7, 10, 12], [10, 1, 2, 4, 7, 3]]
[[9, 15, 31, 20, 3, 6, 12, 25, 29, 33, 4, 13], [20, 6, 14, 0, 11, 18, 4, 9, 12], [14, 2, 7, 8, 16, 1], [18, 29, 19, 27, 0, 3, 6, 22, 23], [15, 5, 16, 0, 10, 21, 1, 11, 13, 20, 7, 17], [20, 0, 10, 14, 16, 17, 21, 23, 6], [5, 12, 22, 2, 13, 7, 17, 20, 18, 3, 14, 0], [11, 5, 19, 2, 1, 15, 0, 14, 18]]
[[23, 18, 33, 6, 12, 15, 20, 26, 29, 13], [10, 24, 2, 12, 15, 20], [24, 3, 5, 8, 17, 39, 41, 6, 29, 4, 35, 32, 16, 34, 36, 30, 7, 0, 9, 20, 37], [18, 1, 9, 11, 15, 26], [38, 2, 27, 60, 0, 7, 20, 24, 28, 39, 47, 56, 31, 6, 23, 19, 46, 52, 55, 1, 18, 45, 51, 43, 36], [12, 20, 24, 5, 15, 32, 29, 17, 6, 35, 8, 28, 16]]
[[8, 14, 16, 3, 12, 2, 9, 11, 7], [17, 30, 1, 21, 7, 12, 24, 27, 5, 8, 2, 22], [0, 18, 4, 9, 10, 19, 1, 5, 21, 2, 20], [13, 32, 22, 1, 5, 10, 18, 2, 7], [0, 9, 17, 3, 7, 14, 18, 6, 13, 1], [28, 34, 40, 12, 16, 30, 38, 0, 4, 13, 18, 25, 31, 21, 24], [8, 25, 9, 5, 11, 15, 18, 3, 12, 2, 10, 13]]
[[11, 4, 10, 3, 9], [12, 4, 14, 21, 2, 5, 27, 20, 26, 1, 18, 23, 0, 19, 13, 24], [5, 0, 11, 13, 1, 7, 6, 15], [1, 9, 10, 16, 22, 2, 8, 15, 3], [8, 2, 11, 13, 16, 3, 14, 5, 9], [12, 17, 0, 2, 9, 15, 21, 3, 6], [12, 5, 1, 3], [6, 10, 11, 14, 16, 4, 17, 22, 3, 12], [3, 7, 10, 15, 2, 1, 0, 14]]
[[7, 11, 13, 0, 4, 9], [11, 2, 4, 7, 14, 19, 0, 5, 8, 12], [20, 31, 22, 34, 12, 19, 5, 16, 27, 36], [19, 2, 7, 10, 14, 12, 15, 3, 17], [7, 21, 5, 14, 2, 12, 1, 11, 0, 8], [17, 3, 13, 24, 12, 23, 11, 22, 20], [18, 0, 8, 14, 30, 1, 6], [8, 14, 36, 16, 15, 6, 10, 18, 22, 25, 3, 19, 2, 7, 9, 17]]
