-0.9435420632362366
-0.7605901956558228
-0.8966121077537537
-1.0277689695358276
-1.031656265258789
-0.8355703353881836
-0.8463128805160522
-0.7752124667167664
-1.0024727582931519
-0.6178487539291382
-0.9032554030418396
-0.7114806771278381
-0.9541423916816711
-0.7977350354194641
-0.980189323425293
-0.7630427479743958
-0.8251405358314514
-0.9607187509536743
-0.6835123896598816
-0.8701043128967285
-0.8050888180732727
-0.8019958138465881
-0.8377062678337097
-0.6774501800537109
-0.8696936964988708
-0.8457961678504944
-0.9588921666145325
-0.7427224516868591
-0.762036919593811
-0.8482352495193481
-0.9244462251663208
-0.6591792106628418
-0.9025216102600098
-0.7855762839317322
-0.8618046045303345
-0.7905362844467163
-1.1168525218963623
-0.8035427927970886
-0.9728823900222778
-0.70926833152771
-0.8772369623184204
-0.8153188824653625
-0.9870257377624512
-0.75791335105896
-0.7925138473510742
-0.8777961134910583
-0.8575646281242371
-0.7330552935600281
-1.0490217208862305
-0.8352287411689758
-0.9586972594261169
-0.7571678161621094
-0.8115094900131226
-0.8241180181503296
-0.7546195387840271
-0.7695167660713196
-0.9097346067428589
-0.7232694029808044
-0.8398950695991516
-0.7354323267936707
-0.7031628489494324
-0.6975301504135132
-0.9937179684638977
-0.7793203592300415
-0.839072585105896
-0.9240930080413818
-0.8538331389427185
-0.7321407794952393
-0.9311382174491882
-0.8411351442337036
-0.9589717984199524
-0.74017333984375
-0.8804731965065002
-0.6762503385543823
-1.0242544412612915
-0.8304147720336914
-0.7779944539070129
-0.6717565655708313
-1.0856279134750366
-0.6820544600486755
-0.7547609806060791
-0.8751145005226135
-1.010389804840088
-0.9490063190460205
-0.9979014992713928
-0.9279581308364868
-0.9912299513816833
-0.7703243494033813
-0.8022031188011169
-0.8301580548286438
-0.8901251554489136
-0.7272385358810425
-0.9501846432685852
-0.764007568359375
-1.1559553146362305
-0.6614421606063843
-1.079405426979065
-0.8909127116203308
-0.7294310331344604
-0.7818512320518494
-0.9141072630882263
-0.7727341651916504
-0.9216047525405884
-0.8894899487495422
-0.8282070159912109
-0.7307062149047852
-0.8428778052330017
-1.1017227172851562
-0.7035965323448181
-0.7536930441856384
-0.8523038029670715
-0.641825258731842
-0.7683213353157043
-0.7125615477561951
-0.7655348777770996
-0.8457388281822205
-0.7864875793457031
-0.7285085320472717
-0.8898067474365234
-0.8434016108512878
-0.9658533334732056
-0.7928208112716675
-0.8290016055107117
-0.7698529362678528
-0.714563250541687
-0.7137536406517029
-0.9567430019378662
-0.9772905707359314
-0.8567823767662048
-1.0335787534713745
-0.8883543610572815
-0.7559387683868408
-0.9845759868621826
-0.707098662853241
-0.8256349563598633
-0.6779977083206177
-0.9064075946807861
-0.7926907539367676
-0.7988666892051697
-0.6822552680969238
-0.9529514908790588
-0.7330179810523987
-0.8537003397941589
-0.8450798392295837
-0.7800021767616272
-0.8125084042549133
-0.8775628209114075
-0.8173322081565857
-1.10069739818573
-0.8270898461341858
-0.8999496698379517
-0.7121472358703613
-0.8876458406448364
-0.7244451642036438
-0.8908928632736206
-0.7547332048416138
-0.9909606575965881
-0.9103700518608093
-0.7419922351837158
-0.678824782371521
-0.9410505890846252
-0.7472994327545166
-0.789186418056488
-0.8169663548469543
-0.9477217197418213
-0.7462797164916992
-1.3006253242492676
-0.7793163061141968
-0.9149653315544128
-0.8153713345527649
-0.7126647233963013
-0.6696164608001709
-0.7726593017578125
-0.9261143803596497
-0.8066801428794861
-0.7162124514579773
-1.0870670080184937
-0.7247928977012634
-0.7845670580863953
-0.7962226867675781
-1.0560176372528076
-0.7343713641166687
-0.9829107522964478
-0.7938291430473328
-1.041400671005249
-0.9026104807853699
-1.0555531978607178
-0.6979383230209351
-0.8307963013648987
-0.7586695551872253
-0.7981207370758057
-0.7625797390937805
-0.9019988179206848
-0.7993146777153015
-1.0742359161376953
-0.7009104490280151
-0.8720759153366089
-0.8121702075004578
-0.948419451713562
-0.7543535828590393
