[[3, 4, 10, 9, 2, 8], [24, 28, 29, 32, 2, 25, 30, 26, 3, 0, 6, 18, 27], [0, 2, 7, 3], [9, 6, 12, 13, 2, 7, 14, 1, 0], [10, 0, 3, 8, 11, 16, 7, 14, 13], [17, 11, 0, 3, 9, 18, 20, 8, 16, 21, 13, 12], [8, 0, 4, 9, 3, 12], [7, 0, 8, 3, 4], [23, 9, 0, 2, 17, 30, 32, 3, 6, 18, 27, 11, 10, 26, 12, 16], [13, 0, 9, 1, 7, 10]]
[[11, 20, 13, 15, 17, 0, 4, 8, 18, 21, 3, 7], [11, 2, 17, 8, 14, 12], [7, 11, 1, 21], [9, 2, 10, 4, 12, 15], [18, 3, 21, 0, 16, 6, 12, 15, 2, 11, 14, 19], [3, 5, 7, 2, 4], [9, 12, 16, 2, 7, 5, 0, 4, 13], [19, 13, 15, 18, 10, 8, 11, 21, 20], [26, 12, 2, 11, 4, 7, 14, 17, 20, 5, 15, 3, 13, 16, 27], [12, 15, 21, 2, 1, 16, 6]]
[[28, 30, 10, 23, 32, 8, 13, 7, 31, 16, 17, 34, 15, 22, 33], [14, 18, 27, 29, 2, 7, 19, 22, 4, 31], [21, 32, 12, 0, 16, 28, 14, 13, 4], [7, 2, 5], [6], [24, 2, 4, 8, 1, 12, 3], [24, 7, 0, 1, 9, 12], [16, 22, 1, 4, 7, 26, 5, 17, 10, 2, 21, 25]]
[[32, 20, 6, 14, 24, 27, 0, 7, 12, 22, 5, 11, 9, 25, 21], [15, 20, 1, 8, 13, 2, 16], [8, 3, 5, 12, 0, 10, 9, 6, 7], [24, 26, 36, 2, 17, 15, 43, 10, 31], [9, 17, 3, 18, 7, 13, 20, 23, 25, 31, 5, 11, 21, 26, 4]]
[[10, 6, 0, 4, 16, 3, 11], [15, 35, 37, 7, 17, 21, 3, 10, 11, 23], [2, 5, 11, 15, 9, 4, 8, 3, 6, 28, 12], [8, 2, 17, 1], [11, 2, 18, 0, 17, 5, 15, 1], [16, 19, 29, 10, 6, 20, 4, 3, 11, 2, 13, 31, 9, 0, 7, 14], [8, 18, 3, 5, 10, 4, 13, 0, 6]]
[[9, 15, 28, 5, 12, 20, 24, 33, 3, 7, 13, 21, 25], [6, 18, 28, 30, 8, 0, 11, 15, 20, 26, 4, 16, 23, 31, 9, 36, 35, 37], [2, 18, 26, 4, 11, 0, 19, 23, 22, 6, 5, 20, 7], [0, 5, 8, 10, 13, 1], [13, 4, 2, 6, 10, 16, 0, 7, 11], [8, 12, 20, 24, 28, 6, 17, 26, 3, 14, 23, 2, 13]]
[[28, 21, 6, 10, 17, 23, 26, 31, 33, 0, 7, 15, 24, 5, 14], [1, 8, 17, 3, 11, 18], [5, 9, 11, 0, 3, 14, 17, 2, 16, 13], [25, 2, 5, 9, 10, 13, 16, 19, 6, 14, 4, 3], [18, 22, 26, 4, 8, 14], [14, 22, 2, 5, 11, 4, 19, 3, 18, 0], [11, 13, 6, 9, 15, 18, 4]]
[[8, 10, 16, 0, 5, 11, 4, 9, 3, 7, 17, 12], [1, 11, 13, 3, 15, 17, 4], [16, 22, 29, 5, 12, 21, 25, 31, 0], [16, 8, 24, 1, 17, 20, 0, 25, 11, 18, 13], [1, 4, 7, 13, 27, 5, 14, 17, 20, 10, 3, 25, 2], [3, 6, 12, 0, 7, 13, 5, 4, 2]]
[[9, 16, 21, 6, 14, 4, 23, 3, 13, 20, 22, 12], [5, 12, 16, 1, 7, 19], [9, 12, 16, 0, 14, 3, 6], [14, 21, 1, 11, 13, 25, 23], [8, 10, 4, 6, 3, 11, 14], [17, 3, 15, 19, 0, 4, 13, 20, 2, 12, 11, 9], [12, 6, 14, 17, 15, 4, 3, 16, 18], [19, 5, 6, 24, 4, 3, 23, 21, 25, 7, 9, 16], [13, 11, 22, 3, 20, 15, 18]]
[[30, 20, 23, 0, 8, 7, 15, 21, 14, 13, 11, 18, 24, 27, 31, 9], [12, 20, 2, 8, 15, 17, 0, 18, 25, 24], [12, 22, 33, 1, 7, 19, 26, 3, 18, 2, 16, 23, 13, 20, 25, 34], [17, 20, 34, 2, 22, 1], [18, 30, 2, 1, 4, 7, 24], [6, 22, 27, 18, 29, 9, 32, 4, 26, 13, 23, 28, 30], [11, 5, 9, 15, 2, 8, 0], [12, 20, 27, 34, 4, 0, 16, 30, 5, 32]]
[[8, 16, 0, 4, 12, 17, 11, 3, 9, 7], [3, 10, 13, 14, 1, 8, 2], [0, 10, 16, 22, 8, 11, 26], [10, 19, 22, 24, 28, 0, 4, 16, 20, 25, 7, 12, 3, 15, 11], [105, 114, 7, 86, 88, 104, 113, 3, 26, 38, 42, 55, 65, 78, 95, 98, 107, 121, 125, 127, 0, 4, 24, 36, 48], [3, 6, 10, 16, 20, 23, 17]]
[[7, 22, 10, 12, 15, 19, 4, 16, 3, 11, 9, 13, 5, 17, 20], [8, 9, 4, 13, 17, 2, 5, 1, 10, 19, 0, 11], [1, 4, 7, 9, 12, 23, 25, 28, 21, 29, 3, 20, 2, 19, 5, 24], [11, 1, 5, 8, 14, 18, 21, 24, 6, 12, 19, 22, 3], [5, 22, 1, 9, 10, 2, 23, 25, 6, 3]]
[[3, 11, 14, 4, 8, 12], [10, 13, 21, 1, 23, 4], [4, 22, 29, 0, 2, 11, 9, 12, 18, 24], [9, 0, 11], [8, 20, 12, 6, 22, 3, 23, 14, 2], [8, 13, 15, 2, 5, 9, 12]]
[[16, 5, 9, 12, 20, 3, 10, 13, 17, 19], [1, 4, 6, 8], [8, 14, 0, 12, 16, 18, 20], [15, 18, 5, 9, 1, 22, 0, 4, 19, 3], [17, 30, 6, 9, 12, 22, 25, 33, 3, 10, 20, 26, 31, 2, 0, 4, 27]]
[[22, 29, 39, 41, 25, 9, 26, 19, 32, 8, 14, 18, 13, 30, 35, 37, 42, 33, 10, 15, 27], [21, 2, 4, 24, 27, 0, 5, 28, 3, 6, 22, 23, 7, 11, 25], [15, 3, 17, 20, 18, 2, 13, 12, 4, 8], [4, 12, 17, 2, 8, 23, 25, 27, 0, 9, 20, 28, 3], [18, 28, 22, 25, 0, 13, 2, 30, 10, 8, 24, 7, 23, 29, 21, 3, 12, 26], [11, 22, 27, 7, 25, 2, 24, 18, 1, 20, 6, 17, 23, 28, 26, 3]]
[[7, 11, 19, 5, 17, 4, 16, 8, 12, 2, 20, 0], [16, 22, 27, 32, 30, 10, 2, 6, 8, 11], [9, 6, 11, 18, 4, 7, 13, 15, 2], [11, 4, 9, 12, 3, 2, 8], [25, 7, 24, 3, 16, 20, 0, 4, 10], [18, 3, 6, 9, 12, 7, 5, 4, 1], [19, 2, 1, 9, 11, 6, 5, 3, 0, 7], [4, 25, 7, 9, 15, 0, 8, 20, 28], [9, 6, 13, 16, 0, 14]]
[[13, 22, 17, 10, 3, 8, 5, 7, 19, 2], [15, 2, 5, 1, 0, 3, 10], [10, 14, 3, 2, 6, 12, 4, 5, 22, 26], [6, 13, 3, 9, 1, 18, 2], [11, 20, 2, 6, 9, 16, 3, 4, 14, 12], [2, 4, 1, 0, 7], [11, 17, 1, 12, 8, 15]]
[[7, 10, 12, 19, 3, 20, 2, 11, 9, 13, 22, 17], [], [4, 19, 5, 9, 12, 14, 2, 10, 1], [13, 17, 26, 36, 1, 18, 9, 12, 22, 29, 32, 34, 3, 30, 2, 4, 19, 27]]
[[11, 15, 20, 23, 0, 6, 5, 12, 14, 10], [6, 3, 9, 2, 1, 7, 4, 0], [20, 3, 9, 29, 0, 4, 15, 21, 14, 8], [14, 22, 12, 3, 7, 21, 24, 0, 8], [21, 13, 24, 0, 6, 17, 28, 32, 1, 7, 10, 18], [20, 10, 24, 32, 0, 15, 29, 1, 7, 16, 21, 27], [4, 11, 12, 0, 2, 19, 3], [16, 24, 6, 18, 5, 17, 11, 30, 32, 0]]
[[8, 5, 12, 13, 3, 2, 6], [15, 17, 2, 1, 7, 13], [5, 10, 31, 2, 7, 11, 13, 17, 28, 18, 21, 4, 3], [21, 0, 13, 16, 26, 29, 3, 6, 11, 17], [10, 2, 12, 9, 7, 13, 18], [3, 14, 16, 9, 6, 17, 25, 18, 26, 0, 7, 19, 23]]
[[20, 8, 14, 0, 10, 4, 11, 17, 9, 16], [21, 15, 2, 7], [5, 9, 23, 1, 10, 12, 17, 2, 4, 11, 13], [15, 4, 8, 17, 20, 5, 13, 18, 1], [8, 13, 3, 19, 17, 5, 22], [18, 1, 4, 11, 22, 29, 15, 20, 23], [13, 17, 1, 9, 22, 5, 6, 0, 20, 10, 12, 2]]
[[10, 5, 8, 21, 6, 17, 4, 16, 11, 7, 9, 12], [7, 17, 20, 33, 1, 15, 24, 13, 25, 5, 12, 2, 30], [13, 18, 27, 34, 41, 8, 10, 21, 39, 44, 51, 4, 48, 16, 30, 3, 9, 19, 25, 35, 43, 37, 50, 40], [11, 32, 15, 5, 18, 22, 26, 9, 27, 1, 2, 19, 16, 7, 3, 12], [14, 6, 0, 23, 8, 11, 18, 7, 9, 1, 12, 15, 19, 21]]
[[6, 26, 14, 9, 20, 24, 0, 4, 7, 10, 18, 21], [8, 9, 4, 11, 15, 1, 5, 12, 17], [7, 14, 18, 2, 9, 10, 15, 3, 5, 6, 11], [13, 1, 4, 18, 3, 2], [5, 10, 16, 22, 2, 7, 13, 20, 23], [7, 13, 29, 1, 15, 17, 14, 20, 18, 3, 23, 2, 16], [4, 10, 15, 11], [6, 9, 10], [8, 18, 30, 3, 19, 11]]
[[13, 20, 17, 23, 7, 24, 10, 6, 21, 22, 12, 14], [13, 1, 3, 7, 21, 4, 2, 18, 0, 19, 22], [9, 6, 10, 3, 2, 13], [0, 2, 21, 4], [18, 4, 0, 11, 15, 21, 9, 6, 5, 8, 17, 14], [18, 6, 0, 14, 23, 10, 12, 15, 24], [12, 6, 5, 0, 14, 7, 9], [11, 17, 23, 1, 9, 24, 4, 27, 6, 18], [21, 2, 15, 9, 6, 10, 17]]
[[7, 11, 14, 17, 5, 12, 16], [12, 17, 8, 31, 15, 0, 2], [0, 16, 5, 10], [14, 21, 24, 2, 4, 20, 17, 19, 3], [13, 5, 0, 7, 17, 11, 14, 6, 16], [5, 2, 8], [10, 15, 3, 2, 11, 13], [13, 22, 5, 18, 7, 4, 0, 16, 20, 14], [15, 4, 13, 2, 1, 9], [5, 0, 7, 12, 17, 20, 22], [13, 23, 4, 9, 7, 14, 19], [16, 27, 4, 7, 22, 5, 19, 21, 25, 1, 3, 10]]
[[13, 17, 8, 14, 18, 5, 2, 7, 16], [17, 25, 30, 11, 23, 29, 28, 2, 21, 26, 3, 10, 12, 31], [1, 8, 12, 10, 2, 9, 4], [16, 25, 2, 1, 4, 7, 10, 20, 3], [15, 20, 25, 10, 18, 28, 4, 11, 16, 3, 8, 2], [12, 13, 5, 9, 20, 0, 6, 10, 17], [7, 14, 20, 3, 16, 2, 15, 5, 10], [7, 18, 1]]
[[11, 19, 8, 10, 14, 17, 6, 15, 20, 5], [14, 4, 9, 16, 2, 1, 8, 0, 7], [0, 5, 8, 12, 7, 11, 15, 14], [3, 6, 10, 14, 0, 15], [12, 4, 6, 0, 2, 17, 5], [0, 9, 17, 5, 1, 11, 19, 2, 3, 10], [4, 9, 15, 0, 7, 11, 16], [17, 2, 4, 10, 3, 5, 6, 18], [6, 5, 8]]
[[7, 11, 9, 3, 2, 8, 6, 10, 4], [14, 9, 6, 16], [4, 8, 18, 12, 1, 16, 20, 14, 21, 3], [20, 2, 8, 10, 12, 15, 3, 1, 6, 5, 7], [10, 2, 0, 6, 14, 8, 3], [13, 24, 1, 9, 18, 4, 3], [16, 27, 9, 7, 0, 11, 14, 21, 12, 10, 8, 17, 28]]
[[23, 24, 0, 18, 4, 7, 11, 16, 19, 28, 25, 27], [11, 25, 1, 27, 20, 5], [18, 0, 8, 13, 16, 15], [23, 0, 3, 21, 4, 9, 14, 19, 25, 11, 18, 13], [13, 7, 25, 0], [16, 29, 8, 6, 1, 23, 19], [19, 22, 0, 12, 16, 27, 1, 10, 13]]
[[6, 12, 18, 15, 21, 0, 4, 9, 3, 11, 7, 5], [22, 2, 4, 8, 11, 15, 0, 5, 3, 7, 17, 6], [3, 5, 8, 12, 0, 9, 4, 11, 1, 10], [13, 10, 8, 18, 2, 16, 6, 19, 3, 11], [6, 16, 23, 18, 21, 9, 12, 0, 2, 7], [4, 17, 6, 12, 5, 18, 13], [8, 11, 19]]
[[9, 11, 15, 0, 4, 6], [11, 29, 2, 4, 17, 24, 15, 18, 22, 25, 30, 33, 32, 14, 3, 27], [12, 0, 10, 14, 4, 8, 15, 13, 7], [14, 0, 4, 6, 15, 3, 9], [3, 1, 7, 12, 5, 8, 13], [0, 8, 6, 12, 5, 11, 10], [20, 5, 7, 12, 18, 0, 3, 13, 10, 8], [9, 22, 27, 3, 11, 25, 0, 7, 12, 16, 23, 6, 4], [11, 12, 0, 14, 3, 7], [20, 15, 18, 0, 4, 6, 16, 14, 3], [8, 2, 11, 3, 5, 9], [13, 15, 19, 2, 6, 16], [7, 16, 21, 1, 9, 18]]
[[5, 9, 3, 7, 10, 2], [0, 14, 4, 9, 1, 10, 2], [25, 30, 35, 1, 4, 17, 37, 7, 16, 32, 28, 0, 29, 26, 31, 36], [6, 3, 2, 1, 7], [12, 21, 7, 18, 24, 6, 17, 15, 16, 22, 13, 23], [8, 1, 14, 10, 6, 11, 18, 15, 3, 2, 5, 17], [10, 19, 6, 4, 16, 22], [10, 2, 8, 16, 12, 4, 3, 6, 11, 13], [11, 21, 6, 17, 4, 16], [11, 2, 8, 16, 14, 17, 4, 3, 6, 13], [14, 24, 18, 2, 7, 10, 22, 4, 20, 3, 26, 27]]
[[8, 5, 10, 11, 13, 2, 9], [11, 19, 2, 13, 6, 0, 7], [16, 2, 4, 8, 5, 10, 3, 6], [11, 13, 16, 24, 1, 6, 10, 21, 2, 4, 18, 0, 7], [0, 11, 4, 8, 1, 13], [2, 4, 5, 12, 17, 16, 3, 9, 15], [22, 6, 11, 19, 2, 8], [14, 27, 2, 8, 6, 5, 4, 3, 12, 20, 25], [8, 16, 26, 10, 14, 19, 20, 11, 1, 4, 27, 29, 12]]
[[12, 21, 0, 15, 3, 6, 10, 13, 16, 5], [14, 21, 16, 9, 19, 7], [3, 9, 12, 1, 0, 10], [4], [8, 1, 10, 5], [14, 1, 6], [23, 7, 10, 20, 2, 11], [17, 6, 12, 20, 8, 21], [8, 16, 0, 7, 9, 13]]
[[28, 0, 10, 17, 20, 23, 36, 39, 2, 8, 18, 25, 32], [4, 6, 19, 1, 3, 2], [6, 2, 4], [4, 7, 9, 14, 5, 15], [16, 3, 19, 5], [12, 5, 8, 10, 6, 14, 19], [17, 27, 8, 18, 1, 6], [13, 5, 8, 11, 17, 22], [19, 1, 4, 7, 2, 11, 5, 8, 15, 20, 3], [19, 26, 2, 5, 22, 3, 13, 17, 23]]
[[15, 5, 12, 19, 10, 4, 9, 3, 16, 13], [7, 10, 22, 16, 15, 4, 9, 12, 2], [8, 20, 23, 11, 1, 3, 12, 5, 14, 10], [9, 13, 3, 1, 12, 0], [0, 19, 5, 11, 27, 30, 6, 21, 4, 24, 17, 1], [20, 22, 13, 16, 3, 17, 23, 6, 14, 12, 2, 15], [7, 15, 16, 12, 4, 5, 3, 17, 6], [7, 15, 28, 10, 12, 20, 23, 5, 13, 21, 9, 4], [11, 8, 15, 5, 14, 4, 0, 9, 6]]
[[6, 13, 4, 3, 10, 9], [5, 8, 13, 16, 3, 6, 10, 20, 19, 2, 12, 14], [13, 4, 6, 9, 21, 22, 0, 5, 16], [3, 6, 8, 2, 13, 7, 0], [12, 3, 5, 8, 20, 22, 25, 28, 32, 0, 23, 30], [5, 10, 13, 2, 6, 0, 7, 8], [9, 16, 18, 2, 19, 15], [19, 5, 9, 22, 6, 12, 16, 3, 4, 0, 7, 13, 23]]
[[16, 9, 18, 21, 24, 27, 7, 10, 14, 19, 22, 28], [5, 22, 10, 3, 20, 16, 12, 1, 15, 26, 0, 11], [27, 33, 5, 11, 16, 21, 30, 9, 14, 19, 28, 31, 8, 1, 7], [23, 6, 5, 2, 14, 30, 0, 3, 10, 7, 12, 28, 15, 20, 26, 9], [26, 2, 12, 15, 22, 29, 33, 36, 0, 13, 16, 23], [3, 5, 8]]
[[21, 16, 17, 12, 24, 0, 4, 10, 13], [18, 8, 16, 4, 12, 0, 10], [2, 8, 0, 4], [1, 5, 8, 12, 3, 11, 2], [10, 20, 16, 0, 3, 7, 12, 14, 24], [9, 17, 0, 12, 25, 1, 10, 5, 14], [7, 4, 25, 2, 5, 18, 26], [22, 45, 3, 32, 7, 12, 25, 27, 20, 35, 40, 42, 0, 18, 30]]
[[7, 10, 5, 11], [7, 14, 30, 17, 19, 16, 5, 10, 21, 24, 2, 11, 1, 18, 15, 3, 23], [12, 19, 6, 16, 7, 13], [0, 22, 26, 34, 8, 7, 4, 10, 16, 19, 31, 2], [23, 4, 2, 8, 11, 20, 0, 9, 5, 14]]
[[12, 21, 25, 5, 3, 26, 24, 16, 2, 9, 10, 8, 13], [17, 1, 4, 2, 0, 10, 13, 15], [7, 4, 13, 2, 5, 15, 11], [13, 4, 7, 3, 11, 14, 6], [17, 4, 7, 11, 23, 2, 8, 15, 20, 24, 14, 1], [15, 24, 2, 4, 22, 6, 21, 11, 25, 5, 10, 16], [13, 2, 6, 3, 11, 10, 8, 4, 14], [10, 1, 3, 7], [20, 1, 8, 17, 25, 6]]
[[33, 39, 2, 10, 14, 28, 30, 37, 8, 16, 26, 35, 7, 23, 25, 29, 34, 31, 0], [20, 29, 0, 3, 18, 23, 25, 1, 6, 8], [4, 10, 19, 21, 26, 0, 11, 15, 9, 18, 25, 14], [18, 27, 7, 8, 23, 0, 11, 13, 24, 3, 28, 16], [32, 39, 8, 7, 2, 10, 14, 17, 22, 35, 11, 24, 27, 26, 9, 30, 31, 33], [14, 28, 1, 22, 25, 4, 20, 0, 12, 18]]
[[17, 8, 13, 6, 11, 14, 18, 16, 5], [27, 18, 8, 11, 13, 21, 6, 9, 1, 5, 20, 4], [27, 30, 40, 4, 11, 13, 3, 20, 35, 8, 14, 5, 12, 7, 0], [9, 0, 5, 11, 14, 18, 2, 12, 19], [0, 8, 1], [14, 5, 7, 9, 21, 23, 25, 27, 3, 10], [12, 18, 31, 8, 15, 27], [10, 4, 16, 19, 21, 25, 1, 11, 8, 13, 0, 9, 22, 2, 14], [14, 1, 8, 16, 21, 12, 17, 3, 9], [18, 29, 5, 4, 10, 13, 14, 26, 8, 11, 23, 6, 7]]
[[6, 3, 8, 11, 4, 9, 12, 2, 10], [13], [0, 18, 10, 24, 20, 25, 1, 6, 19], [28, 21, 24, 14, 17, 0, 12, 15, 22], [8, 11, 19, 29, 33, 3, 6, 9, 13, 26], [9, 12, 20, 24, 4, 7, 10, 14, 18, 6], [2], [13, 20, 8, 6], [16, 6, 9, 13, 7, 10, 2]]
[[24, 9, 6, 11, 14, 17, 0, 4, 12, 15, 3, 21], [14, 17, 24, 19, 2, 6, 11], [15, 2, 1, 4, 6, 7], [23, 0, 14, 20, 3, 15, 21], [21, 13, 18, 19, 0, 8, 14, 7, 11, 10], [1, 14, 3, 4], [35, 13, 42, 15, 30, 44, 0, 5, 11, 16, 21, 27, 31, 36, 40], [8, 14, 5, 16, 23, 27, 2, 17, 21, 25, 20, 1, 12]]
[[10, 3, 2, 8, 11, 4], [10, 18, 1, 3, 6, 13, 16, 21, 14], [9, 4, 7, 13, 2, 10, 1, 11, 6, 8, 5], [12, 0, 8, 10, 1, 16, 5], [11, 13, 4, 7, 21, 2, 5, 16, 22, 19, 1, 15], [8, 0, 2, 5, 17, 6, 14, 20, 12, 25, 13, 22, 3, 23], [5, 1, 7, 11, 2, 0, 8, 9, 3]]
[[11, 16, 5, 18, 3, 19, 2, 8, 14, 7], [2, 9, 17, 20, 4, 14, 0, 3, 18, 15], [11, 27, 32, 6, 18, 24, 31, 0, 3, 14, 16, 22, 9, 15, 2, 28], [3, 17, 5, 20, 23, 28, 32, 35, 38, 41, 9, 25, 29, 1, 24, 0, 21, 40, 6, 26, 30]]
[[23, 16, 15, 5, 12, 18, 21, 3, 10, 13], [9, 1, 3, 10, 6, 15, 18], [8, 10, 5, 18, 3, 6], [21, 3, 19, 17, 15, 0], [8, 2, 10, 13, 16, 0, 11], [16, 19, 23, 26, 11, 5, 20, 25, 3, 14, 33, 12, 21], [9, 23, 6, 12, 15, 2, 13]]
[[19, 9, 11, 5, 14, 3, 12], [10, 24, 1, 14], [7, 12, 10, 14, 17, 5], [7, 14, 2, 1, 10, 15, 17], [10, 19, 2, 13], [4, 5, 1, 0], [21, 1, 5, 8, 14, 6, 11, 0, 2, 3, 9, 13], [9, 15, 2, 21, 0, 7, 22]]
[[16, 18, 7, 13, 19, 10, 6, 12, 8, 14], [16, 1, 3, 6, 11, 18], [12, 19, 4, 8, 16, 21, 2], [9, 13, 5, 11, 15, 0, 3, 6, 16, 2, 10], [14, 30, 5, 19, 2, 10, 0], [15, 5, 2, 11, 0, 3, 8], [5, 19, 12, 0, 7, 16, 21, 3, 10], [10, 27, 12, 1, 11, 8, 14, 17, 20, 22, 5, 15, 2, 4, 13]]
[[13, 20, 26, 10, 0, 4, 8], [16, 29, 6, 9, 22, 7, 12, 18, 17, 1, 5, 2], [24, 12, 14, 17, 0, 2, 18, 5, 9, 15], [8, 21, 41, 6, 5, 22, 2, 10, 12, 24, 31, 39, 0, 13, 17, 7, 18, 37], [16, 28, 34, 3, 5, 21, 31, 6, 13, 10, 4, 11, 19, 2, 22, 0, 7, 29, 32], [8, 13, 17, 0, 3, 21, 10], [9, 14, 23, 6, 5, 0, 12], [12, 20, 4, 18]]
[[7, 10, 14, 20, 23, 0], [12, 14, 2], [29, 2, 24, 5, 26, 16, 31, 11, 17, 27], [14, 1, 10, 4, 0, 16], [7, 12, 9], [10, 16, 22, 1, 2, 13, 12, 20, 23, 24, 21, 14, 17]]
[[21, 32, 11, 6, 17, 23, 27, 40, 0, 4, 15, 18, 24, 41, 3, 12, 30, 33], [13, 22, 14, 4, 11, 19, 2, 3, 17, 24, 15, 23, 0], [3, 15, 19, 23, 0, 16, 24, 10, 6, 22], [6, 8, 13, 2, 10, 1], [8, 19, 3, 4, 10, 12, 22, 23, 5, 7, 2, 20], [24, 2, 4, 8, 5, 18, 11, 3, 22, 0, 6, 14], [8, 16, 24, 1, 17, 11, 21, 25, 27, 22]]
[[13, 0, 1, 6, 10, 16, 9, 15, 12], [2, 6, 7], [10, 7, 0, 9, 2, 6, 5], [10, 5, 17, 3], [3, 9, 1, 2], [0, 1, 4, 8], [9, 11, 5, 3, 6, 14, 2], [16, 0, 3, 4, 7, 17, 6, 20, 13], [12, 21, 7, 0, 15, 18, 1, 9, 16, 19], [8, 4, 12, 13, 10, 2, 9, 14, 3], [6, 14, 1, 8, 3, 18, 21]]
[[18, 5, 9, 12, 20, 3, 13, 2, 8, 7, 21, 10], [16, 21, 1, 24, 3, 6, 9, 14, 7], [8, 3, 10, 12, 15, 0, 13], [22, 25, 28, 2, 5, 0, 12, 32, 35, 6], [11, 24, 27, 4, 6, 0, 16, 31, 1], [15, 16, 0, 6, 4, 11, 8, 10, 17], [4, 3, 0], [16, 18, 6, 13, 23, 4, 14, 3, 22], [17, 4, 11, 5, 2, 18, 6, 8], [17, 19, 21, 9, 1, 3, 0]]
[[7], [9, 12, 2, 6], [5, 2, 7], [17, 3, 0, 4], [30, 14, 17], [0, 9, 4], [12, 7, 15, 0, 19, 25], [23, 7, 12, 18, 0, 10, 13], [14, 2, 4, 17, 5, 9], [21, 0, 6, 12, 16, 3, 7]]
[[12, 22, 14, 16, 24, 3, 17, 2, 6, 7, 5, 25], [21, 5, 2, 8, 1, 0, 3], [11, 25, 28, 18, 0, 8, 23, 15, 5, 19, 20, 6, 17, 12, 26], [6, 8, 12, 15, 16, 0, 2, 3, 19, 11, 4], [7, 15, 17, 13, 2, 21, 14, 5, 8], [7, 1, 4, 9], [1, 12, 7, 18, 20, 8, 16, 21, 0, 9], [14, 0, 9, 12, 20, 7, 6], [1, 13, 23, 8, 17, 21, 26, 29, 27, 15, 9, 18, 11], [4, 10, 12, 1, 16, 13, 17, 2, 3], [1, 6, 13, 15, 11, 9, 7], [9, 13, 15, 17, 1, 7, 19, 2, 6, 3, 0, 14]]
[[32, 29, 6, 24, 0, 7, 13, 21, 25, 30, 5, 28, 12], [4, 10, 2, 8, 12, 15, 0], [15, 21, 28, 30, 3, 6, 9, 4, 2, 1, 19, 20, 0, 22, 12, 16], [5, 9, 13, 3, 6, 2], [6, 14, 24, 9, 11, 8, 16, 21, 0], [5, 9, 0, 3, 12, 2, 1], [4, 8, 14, 17, 15, 11, 2], [5, 17, 1, 7, 14, 2, 4, 11, 18], [10, 15, 23, 26, 2, 1, 8, 12, 21, 6, 3, 5, 16, 0, 13], [2, 5, 10, 13, 11, 4], [2, 1, 12, 17], [6, 0, 8, 10, 15, 22, 1, 20, 7, 19, 4, 11, 14]]
[[15, 22, 28, 5, 9, 12, 25, 3, 10, 13], [3, 14, 7, 0, 1, 15, 6], [8, 3, 1, 9, 12, 11, 13], [7, 10, 2, 14, 0, 1, 11, 15], [8, 3, 9, 11, 1, 2], [14, 4, 2, 1, 0, 9], [4, 8, 2, 5, 17, 1], [8, 4, 13, 2, 9, 1], [23, 4, 12, 15, 27, 2, 5], [12, 23, 10, 16, 20, 21, 3, 7, 14, 18, 2, 6, 5], [16, 19, 31, 35, 7, 5, 12, 2, 9, 1, 11, 26]]
[[16, 20, 9, 7, 6, 13, 24, 19, 12, 23, 21, 0, 10, 14, 25], [14, 4, 7, 2, 1, 0, 3, 8, 15], [28, 1, 7, 10, 13, 15, 20, 23, 30, 32, 5, 11, 16, 21, 24, 29, 33, 2, 4], [5, 13, 15, 14, 3, 9, 21, 1, 19], [10, 13, 4, 14, 3, 8], [15, 1, 10, 11, 16, 3], [14, 6, 5, 20, 2, 11, 17, 0, 3, 9], [7, 26, 9, 11, 15, 18, 2, 12, 1, 3, 10, 21], [7, 5, 2, 9, 1, 13, 0]]
[[0, 13, 16, 19, 22, 3, 7], [15, 13, 0, 6], [32, 6, 8, 2, 0, 26], [3, 4, 8, 0, 5, 6], [8, 16, 1, 9, 17, 26, 27], [5, 0, 12, 6, 21, 9], [14, 0, 8, 1], [6, 14, 4, 12, 8, 2, 3, 10, 15], [9, 15, 3, 1, 7, 12]]
[[7, 12, 9, 15, 4, 3, 8, 13, 11, 6, 14, 10], [20, 28, 2, 4, 15, 18, 25, 31, 5, 16, 23, 26, 1, 12, 0], [0], [3, 6, 9, 0, 4, 8], [23, 1, 8, 15, 24, 2, 0, 30, 5, 3], [4, 7, 2, 5, 1, 0, 3, 6, 9, 24]]
[[28, 32, 12, 8, 15, 17, 21, 29, 0, 4], [8, 11, 0, 6], [3, 7, 10, 4], [6, 10, 13, 0, 2, 11], [7, 13, 22, 2, 17, 10, 19], [1, 0, 11, 16, 25, 26], [6, 20, 2, 14, 23, 4, 18, 12, 10], [7, 15, 8, 4, 13, 18, 11, 19, 1, 10]]
[[9, 20, 6, 14, 17, 22, 4, 15, 3, 13, 18, 21, 12], [10, 3, 5, 1, 4, 0], [13, 10, 0, 16, 15, 6, 8, 11, 1], [14, 6, 12, 0, 7, 3, 11], [2, 15, 0, 7, 12, 4, 11], [9, 13, 14, 17, 6, 10, 15], [9, 3, 6, 12, 4, 7], [32, 27, 1, 5, 12, 22, 34, 41, 44, 52, 2, 10, 13, 20, 23, 29, 42, 45], [11, 22, 9, 15, 23, 26, 6, 13, 24, 27, 5, 0]]
[[8, 14, 17, 0, 4, 12, 18, 21, 11, 20, 3, 9], [3, 10, 13, 15, 0, 5], [6, 4, 12, 8, 3, 2, 7, 9, 13], [12, 14, 3, 8], [17, 15, 0, 4, 10, 14], [13, 0, 7, 18, 1, 5], [6, 9, 0, 7, 10, 3], [4, 14, 11, 15, 13, 2, 10, 1, 9], [24, 6, 25, 3, 8, 13, 17, 23, 29], [3, 6, 8, 9, 0, 10], [17, 2, 4, 8, 11, 5, 3, 20, 6], [17, 1, 3, 7, 19, 20, 11, 16, 2]]
[[11, 22, 13, 16, 3, 19, 2, 7, 8, 9, 6, 23, 0], [11, 15, 0, 24, 28, 4, 8, 19, 25], [15, 2, 4, 6, 10, 7], [12, 23, 6, 0, 17, 27, 8, 25, 20, 7, 15, 24, 9], [18, 7, 0, 11, 15, 20, 1, 9, 12, 23, 8, 25], [17, 5, 9, 10, 3, 2, 21], [11, 3, 1], [16, 11, 4, 14, 18, 21, 2, 8, 19], [2, 4, 9, 12, 10, 15, 8]]
[[21, 12, 5, 8, 18, 3, 10, 19, 17, 2], [13, 0, 4, 7, 10, 6, 9, 12, 1], [18, 2, 5, 13, 22, 0, 6, 10, 14, 20], [3, 24, 0, 13, 16, 17, 28, 30, 7, 14, 20, 26, 4], [14, 15, 1, 7, 8, 3, 18, 25, 2, 6, 9, 0], [4, 0, 3, 8, 9, 14], [0, 9, 4, 1, 5], [12, 23, 2, 15, 21, 24], [0, 8, 15, 9, 5, 13, 3, 10, 16, 18], [15, 21, 2, 17, 16, 9, 0, 6, 10, 3, 19, 5]]
[[0, 6, 3, 7, 10, 14, 9, 13, 12], [0], [9, 11, 15, 2, 6, 13, 16], [11, 5, 16, 18], [5, 9, 20, 23, 30, 2, 6, 21, 24], [8, 0, 5, 10], [27, 12, 0, 4, 7, 9, 18, 20, 29, 2], [2, 13, 5, 8, 20, 6, 17, 4, 14, 3, 12, 16, 18], [6, 0, 9, 10, 17, 1, 4, 11, 18], [11, 19, 9, 15, 24, 27, 2, 6, 13, 22, 5, 0]]
[[6, 24, 0, 3, 22, 26, 29, 1, 10, 14, 19, 13, 18, 27, 17], [15, 0, 9, 13, 17, 19], [4, 7, 15, 5, 19, 2, 12, 3, 13], [11, 12, 16, 18, 20, 0, 2, 7, 21], [13, 17, 1, 9, 10, 20], [9, 28, 3, 22, 23, 11, 14, 30, 0, 7], [14, 29, 1, 16, 18, 15, 8, 21, 27, 19, 24, 3, 2, 4, 17, 5], [17, 2, 1, 4, 7, 10, 5, 3, 0, 18]]
[[11, 0, 4, 12, 7, 3, 9], [12, 15, 18, 5, 19, 1, 4], [15, 2, 4, 7, 5, 3, 17], [0, 8, 12, 10, 1, 9], [31, 2, 16, 18, 27, 29, 0, 24, 5, 14, 23, 17, 1, 13, 22, 3, 19, 15], [8, 1, 12, 11, 2, 4, 6], [17, 10, 18, 7, 12, 15, 21], [21, 5, 10, 16, 3, 2, 11, 17, 6, 12, 15, 9], [3, 13, 15, 28, 31, 9, 26, 32, 12, 8, 25, 11, 29, 7, 24, 30, 10, 14, 33, 2], [9, 1, 10, 6, 13, 17, 19, 25, 20, 2, 16, 11, 4], [8, 16, 9, 11, 4, 6, 24, 23, 1, 20]]
[[20, 24, 15, 0, 4, 11, 3, 8, 23, 7], [10, 7, 5, 16, 2, 13], [9, 16, 4, 14], [15, 2, 6, 3, 1, 0, 4], [7, 19, 12, 4, 9, 14, 11, 24, 2, 3], [11, 2, 5, 13, 4, 9], [3, 7, 11, 5, 10, 0]]
[[12, 26, 6, 22, 28, 0, 7], [13, 21, 4, 8, 19, 0, 2, 26, 24, 17, 22, 20], [5, 8, 14, 9, 12, 2, 1, 0, 13], [20, 16, 7, 13, 2, 5, 15, 11, 26, 23, 29, 25, 21, 8, 17], [4, 18, 2, 19, 6, 1, 9, 7, 23, 3, 22, 21, 5], [2, 19, 26, 29, 13, 9, 12, 17, 27]]
[[7, 11, 9, 12, 4, 8, 5, 6, 15], [16, 7, 21, 8, 1, 13], [4, 7, 2, 5, 8, 10], [2, 6, 12, 0, 7, 13, 5], [6, 4, 2, 7], [2, 10, 15, 3, 8, 11, 16, 7, 4, 17], [2, 10, 13, 0, 5, 7], [14, 15, 6, 9, 19, 1], [4, 11, 0, 6, 2, 7], [14, 18, 3, 10, 0, 4], [15, 8, 0, 3, 13, 20, 23, 1, 21, 24]]
[[8, 11, 6, 0, 4, 15, 3], [5, 8, 15, 2, 10, 13], [14, 10, 0, 3, 12, 18, 1, 11, 16, 6], [10, 1, 3, 7, 17, 18], [15, 19, 3, 2, 21, 12], [18, 3, 7, 9, 4, 2, 22, 5, 19], [17, 2, 1, 8, 20, 3, 5, 6, 19], [17, 4, 2, 15, 14, 5, 3, 7, 12, 8], [0, 14, 5, 9, 1, 2, 3], [13, 1, 8, 12, 10, 14], [4, 13, 11, 16, 9, 20, 19, 1, 8], [5, 14, 2, 11, 10, 3, 8, 12, 15]]
[[7, 9, 13, 16, 3, 14, 2, 8, 10, 4, 11, 17], [10, 1, 3, 5, 12, 2, 11], [4, 15, 0, 13, 9, 8], [1, 9, 7, 8, 12, 10, 11], [7, 15, 13, 4, 9, 2], [8, 32, 35, 12, 30, 33, 15, 5, 29, 0, 2, 3, 28, 6, 31, 34, 36], [14, 1, 12, 16, 10, 9, 4, 17, 2, 5, 18, 19], [29, 5, 8, 16, 6, 14, 17, 2, 13, 1, 20, 0, 12], [13, 0, 6, 10, 15, 17, 20, 1, 18, 14, 11, 21], [6, 14, 1, 3, 9, 4]]
[[9, 23, 12, 17, 20, 3, 18, 2, 13, 15, 11, 16, 4, 21, 24], [5, 6, 1, 3, 8, 2, 4], [8, 4, 10, 13, 16, 19, 31, 33, 5, 14, 17, 21, 23], [5, 18, 0, 2, 13, 16, 21, 14, 19, 10, 9, 20], [11, 24, 1, 4, 7, 10, 21, 8, 3, 17, 2, 16, 25, 0, 5, 18, 26, 15], [9, 18, 25, 11, 14, 0, 1, 6, 23, 4, 7, 19], [15, 5, 16, 2, 10, 13, 19, 0, 7, 11]]
[[12, 17, 15, 0, 10, 9, 13, 3, 11, 1], [11, 2, 14, 1, 13, 16], [8, 19, 10, 0, 13, 16, 21, 1, 5, 11, 17, 22], [10, 1, 12, 7], [16, 5, 0, 11, 9, 17, 6, 8, 4], [5, 1, 6, 10], [0, 6, 9, 5], [10, 1, 6, 9, 2, 11], [9, 0, 17, 21, 28, 31, 3, 13, 18, 26, 29, 16, 6], [4, 15, 9, 11], [11, 26, 31, 36, 19, 4, 7, 14, 24, 29, 47, 5, 8]]
[[7, 5, 11, 13, 3, 9, 14, 2, 6], [18, 22, 26, 6, 11, 29, 3, 28, 1, 2, 0, 27], [10, 29, 1, 19, 33, 5, 8, 13, 15], [16, 4, 7, 2, 1, 14, 17], [11, 6, 5, 0, 18, 19, 22, 21, 7, 9], [20, 25, 6, 5, 13, 16, 27, 11, 17, 23, 15, 7, 9], [15, 22, 6, 0, 12, 19, 10, 7, 9, 16, 18, 17], [6, 5, 0, 14, 18, 27, 16, 19, 24, 7, 9, 15]]
[[16, 3, 2, 8, 7, 6, 0, 4, 9], [26, 31, 30, 4, 7, 28, 20, 1, 24, 33, 2, 21, 27, 0, 32, 22, 6, 34], [2, 6, 10, 4, 19, 21, 7], [14, 6, 8, 13], [17, 30, 1, 2, 5, 7, 21, 25, 22], [7, 5, 4], [0, 6, 11, 15], [3, 12, 16, 15, 2, 10], [5, 14, 28, 36, 25, 23, 31, 11, 4, 34]]
[[18, 5, 7, 12, 15, 24, 3, 9, 16, 14, 2, 19], [4, 11, 15, 1, 7, 21, 8, 17, 19, 22, 16, 0, 5], [0, 22, 28, 4, 17, 32, 33, 31, 1], [8, 14, 18, 4, 7, 17, 15], [20, 12, 19, 8, 23, 24, 21, 5, 11, 14], [9, 12, 5, 4, 13, 6], [0, 40, 5, 9, 12, 22, 26, 43, 13, 20, 28, 44, 1, 32, 18], [23, 31, 35, 33, 1, 6, 27, 39, 41, 2, 7, 10, 13, 18, 28, 12], [18, 0, 1, 6, 9, 21, 12, 16, 20, 13], [14, 3, 17, 0, 8]]
[[7, 22, 27, 5, 12, 15, 24, 13, 25, 4, 19, 11], [3, 9, 15, 16, 11, 0, 7, 12, 6, 19, 17, 4], [0, 17, 26, 7, 20, 23, 24, 1, 14, 27, 25, 2], [6, 17, 7, 1, 9, 8, 11], [18, 16, 7, 12, 8, 10, 15, 13, 17], [4, 14, 5, 1], [23, 11, 20, 21, 15, 8, 24, 16, 18, 9, 12], [2, 4, 0, 5, 8, 12, 3], [2, 11, 6, 4, 3, 10], [9, 12, 15, 6, 16, 14, 13, 17, 7, 10], [1, 8, 10, 5, 3, 2], [8, 13, 17, 20, 3, 14, 6, 10, 11, 4, 15, 19]]
[[12, 20, 3, 9, 4, 10, 2], [22, 15, 23, 8], [1, 4, 10, 21, 17, 15], [0, 4, 13, 19, 2, 5, 8], [13, 16, 6, 8, 19, 27, 29, 3, 18, 21], [18, 22, 30, 8, 26, 10, 28, 25, 13, 0]]
[[5, 9, 11, 15, 3, 13, 16, 7, 2], [22, 28, 6, 8, 10, 18, 2, 12, 19], [2, 9, 22, 0, 5, 14, 7, 17, 19, 13], [18, 2, 21, 12, 16, 22, 0], [7, 19, 23, 10, 15, 27, 16], [17, 3, 2, 5, 8, 6, 11, 4, 0, 18], [15, 18, 2, 1, 8, 12], [0, 18, 7, 6, 11, 16], [14, 2, 0, 1, 3, 12, 5]]
[[19, 25, 14, 21, 8, 15, 7, 20, 12, 16, 24, 13, 22], [8, 3, 10, 13, 1, 4, 11, 0, 9], [7, 10, 3, 14, 12, 15, 1, 4, 11, 20, 18, 2], [10, 2, 4, 13, 15, 0, 16, 3, 11]]
[[12, 19, 31, 5, 10, 16, 3, 2, 9, 8, 13, 7, 18, 6, 11, 15], [10], [10, 2, 16, 0, 4, 13, 3], [13, 2, 1, 11, 14], [21, 2, 1, 7], [17, 3, 2, 5], [8, 3, 11, 14, 4, 12], [4, 6, 3, 8], [6, 8, 11, 17, 0, 9, 15, 18, 7, 10, 19, 16], [2, 11, 0, 3, 8, 4]]
[[24, 17, 10, 16, 21, 8], [9, 19, 38, 41, 12, 22, 28, 46, 2, 1, 15, 0, 17, 43, 10, 39, 42, 27, 33, 45], [5, 8, 0, 6, 4, 9], [16, 1, 3, 2, 4, 6, 17], [1, 3, 6, 2], [13, 1, 5, 8, 19, 21, 3, 2, 9, 14, 16, 22], [5, 0, 1], [3], [11, 19, 30, 3, 21, 7, 14, 23, 6]]
[[19, 10, 0, 3, 7, 13, 6], [25, 2, 3, 15, 10, 22, 8], [10, 5, 7], [3, 5, 7], [8, 11, 2, 5], [8, 4, 10, 14], [6, 13, 23, 9, 11, 4, 17, 21, 15], [18, 2, 8, 14, 21, 0, 6, 12, 3, 5], [10], [20, 2, 7, 0, 4, 11, 10, 3, 17]]
[[0, 9, 14, 16, 19, 22, 7, 11, 17, 20, 23, 6, 10], [9, 0, 2, 6], [16, 6, 3, 5, 2, 7, 8], [12, 1, 9, 14], [4, 10, 6, 12, 17, 21, 24, 18, 22, 15, 16, 0], [10, 0, 3, 8, 13, 5, 1, 4, 7, 12, 14], [21, 19, 0, 26, 27, 6, 10, 17, 24], [10, 2, 1, 18, 7, 19]]
[[20, 14, 9, 7, 17, 6, 15, 21, 13, 10], [3, 6, 12, 20, 4, 18, 1], [5, 0, 3, 13, 6, 4, 7], [7, 9, 2, 15, 0, 3, 10], [2, 7, 9, 4, 12, 19, 0, 5, 10], [12, 9, 2, 7, 4, 1, 14, 13], [1, 3, 4, 5, 11, 14], [10, 20, 5, 13, 7, 15, 18], [2, 7, 0], [16, 1, 7, 2, 4, 18, 5, 13], [27, 18, 21, 23, 28, 29, 4, 2, 12]]
[[14, 19, 5, 16, 21, 24, 3, 17, 1, 2, 20, 12, 6, 22, 25], [20, 13, 14, 2, 7, 17, 25, 0, 8, 15], [13, 1, 4, 17, 2, 0, 18, 5, 7], [8, 20, 23, 13, 18, 10, 4, 0, 12], [3, 9, 13, 15, 0, 7], [1, 4, 7, 10], [5, 9, 19, 23, 25, 29, 17, 20, 26, 30], [8, 12, 15, 16, 5, 13], [9, 20, 21, 0, 19, 24, 13, 5, 16]]
[[24, 10, 14, 19, 3, 6, 15, 2, 7, 9, 11, 5], [14, 26, 4, 11, 32, 33, 31, 19, 1, 2, 3, 22, 0], [8, 2, 5, 12, 14, 19, 0], [14, 22, 1, 2, 9, 6, 12, 3, 5, 0, 7, 18], [0, 25, 5, 8, 21, 31, 17], [15, 0, 10, 12, 1, 7, 6, 8, 13]]
[[12, 16, 5, 9, 14, 22, 3, 10, 20, 23, 2, 8, 19], [19, 6, 10, 16, 21, 2, 11], [11, 31, 2, 14, 19, 25, 27, 0, 15, 20, 22, 5, 29], [22, 26, 24, 1, 5, 7, 13, 32, 2, 11, 34, 10, 33, 0, 25], [23, 28, 45, 11, 26, 36, 1, 5, 31, 47, 2, 9, 12, 16, 37, 15], [17, 37, 23, 0, 28, 30, 6, 14, 25, 9, 5, 12, 16, 24, 11, 13]]
[[9, 3, 6, 16, 4, 13, 2, 10, 14], [4, 15, 27, 6, 8, 17, 29, 32, 2, 24, 30, 20, 1, 23, 0, 13], [0, 19, 4, 9, 8, 1], [4, 0, 15, 19, 22, 3, 18, 7, 13], [13, 0, 4, 8, 14, 7, 11], [17, 7, 10, 11, 3, 12, 15], [13, 5, 11, 8, 3, 10, 7], [21, 9, 12, 16, 18, 6, 4, 10, 5, 3], [9, 3, 10, 14], [25, 23, 14, 21, 13, 7, 8, 17, 18, 20, 6, 10], [2, 4, 15, 17, 20, 0], [1, 5, 8, 3], [7, 17, 10, 19, 3, 15, 9, 14, 2, 8, 4, 11]]
[[22, 15, 28, 20, 25, 30, 7, 9, 6, 16], [23, 5, 2, 8, 11, 17, 21, 0, 9, 18], [0, 8, 7], [18, 23, 6, 8, 16, 2, 15, 7, 10], [21, 7, 2, 12, 0, 3, 8], [11, 26, 6, 14, 15, 8, 17, 23, 27, 30], [18, 16, 11, 12], [13, 4, 15, 22, 2, 23, 18, 7, 21]]
[[15, 5, 9, 12, 3, 10, 2, 8, 7], [0, 8, 12, 23, 21, 3, 17, 7, 26], [16, 2, 4, 7, 5, 11, 3, 8], [12, 4, 7, 20, 1, 16, 2, 15, 17], [12, 1, 4, 0, 5, 13], [12, 17, 3, 2, 9, 16], [11, 7, 15, 4, 12, 0, 10, 5, 8]]
[[21, 17, 27, 8, 18, 28, 26, 7, 12, 14, 11, 23, 15, 10, 20, 19, 24], [11, 13, 16, 14, 1, 9, 0, 8, 3, 5], [6, 2, 7], [32, 2, 12, 19, 24, 0, 3, 8, 13, 5, 17, 7, 16, 10, 14, 20], [9, 3, 2, 13, 0, 4], [6, 16, 11, 0, 2, 4, 5, 10, 19, 17], [16, 26, 29, 1, 5, 13, 20, 35, 36, 2, 6, 37, 8, 10, 0, 31, 11, 3, 19], [14, 17, 19, 7, 10, 23, 0, 5, 20, 24, 2, 18]]
[[9, 12, 14, 17, 3, 2, 18, 13, 11, 15, 4], [10, 3, 5, 12, 1, 0, 11, 4, 2], [1, 17, 4, 7, 5, 14, 3, 18, 2, 16, 19], [10, 17, 5, 2], [7, 3, 14, 12, 9, 19, 16], [7, 17, 22, 14, 18, 2, 13, 12, 0, 23, 3, 15, 6], [11, 12, 4, 6, 9, 15, 17, 7, 18]]
[[6, 13, 15, 3, 11, 16, 5, 2, 10, 0], [21, 5, 7, 10, 23, 3, 11, 15, 19, 25], [16, 17, 3, 4, 9, 13, 19, 23, 5], [21, 0, 4, 7, 18, 2, 5, 15, 19], [20, 3, 6, 9, 12, 17, 7, 5, 4, 0], [13, 8, 22, 19, 23, 18, 0, 1, 5, 14, 6, 9, 15]]
[[13, 6, 11, 17, 20, 0, 3, 18, 10, 16, 2, 4], [4, 8, 24, 28, 6, 12, 18, 10, 1], [15, 1, 5, 6, 11, 8], [25, 12, 4, 20, 2, 5, 18], [4, 5, 8, 1, 2, 9], [14, 21, 1, 3, 6, 19, 4], [1, 6, 4, 17], [15, 6, 17, 18, 16, 0, 2, 5]]
[[5, 18, 10, 12, 15, 3, 2, 11, 6, 20, 9, 13, 16], [8, 15, 4, 10, 13, 19, 2, 1, 0, 9, 17, 3, 12, 14, 34, 11, 16], [64, 23, 24, 29, 52, 13, 4, 6, 36, 40, 43, 60, 63, 66, 15, 67], [11, 15, 17, 1, 6, 9, 20, 23, 25, 3, 7, 21, 2]]
[[17, 13, 21, 0, 10, 14, 9, 18, 16], [12, 6, 2], [13, 5, 9, 0], [6, 12, 2, 8, 9, 4], [0, 4, 8, 13, 16, 18, 9, 14, 19, 12], [22, 3, 19, 24, 26, 4, 8, 7, 23, 29, 14, 20, 1], [20, 15, 25, 0, 3, 22, 26, 2, 21, 17, 9, 16, 4], [15, 27, 18, 2, 16, 10, 20, 25, 7, 11, 3, 17, 5], [9, 10, 15, 2, 6, 5]]
[[10, 3, 9, 2, 8, 4, 5], [7, 1, 10, 13, 2, 0, 14], [9, 17, 12, 11, 6, 14, 22, 15, 19, 1], [24, 39, 6, 26, 40, 15, 19, 32, 34, 43, 16, 30, 1, 9, 7, 14, 29, 5, 12, 25, 41, 27], [6, 19, 0], [10, 2, 7, 13, 5, 8, 14, 4, 3, 16], [16, 6, 11, 13, 3, 20, 2, 9, 8, 17, 19, 10], [19, 26, 10, 6, 21, 24, 7, 9, 3]]
[[7, 11, 27, 30, 5, 13, 3, 9, 14, 19, 23, 25, 22, 2, 31], [8, 14, 16, 20, 17, 29, 2, 12, 24], [18, 2, 8, 3, 19, 0, 4, 5, 9], [11, 21, 2, 1], [18, 22, 30, 2, 14, 0, 12, 24, 28, 16], [5, 9, 12, 16, 2, 14], [10, 13, 21, 6, 8, 18, 3, 15, 2, 14, 22, 0]]
[[10, 15, 3, 6, 17, 4, 20, 2, 12, 21, 7, 0], [9, 11, 1, 15, 18, 6, 2, 3, 0], [10, 1, 5, 8, 3, 13, 2, 6, 11], [8, 5, 3, 2, 9, 0], [5, 11, 23, 13, 7, 20, 26, 0, 29, 2, 21, 12, 15], [0, 6, 13, 3, 9, 5, 11, 1, 7], [14, 2, 4, 9], [10, 1, 4, 12], [11, 16, 6, 9, 14, 1, 0]]
[[18, 9, 12, 4, 5, 10, 20, 8, 7], [5, 32, 2, 20, 24, 0, 17, 12, 3, 9, 11, 18, 19, 4, 10], [6, 9, 17, 1, 3, 13, 21, 14, 22], [0, 6, 13, 2, 11, 10, 4, 14, 5], [23, 9, 14, 18, 6, 10, 3, 5, 15, 7, 16]]
[[19, 3, 6, 22, 25, 4, 15, 26, 12], [12, 7, 0, 17, 5, 18, 16, 8, 11], [7, 17, 2, 10, 12, 18, 5], [24, 0, 11, 3, 9, 17, 13, 20, 14, 16, 22, 1, 18], [0, 4, 16, 2, 5, 8, 15, 10, 18], [15, 2, 4, 9, 3, 17, 5, 8], [17, 27, 0, 7, 1, 8, 18, 35, 28, 33, 34, 30, 4, 6, 11, 21, 22, 31], [9, 26, 4, 11, 14, 17, 28, 7, 12, 29, 20, 5, 0]]
[[21, 14, 15, 8, 23, 26, 6, 19, 24, 5, 16, 18, 13, 9, 3], [9, 17, 22, 1, 3, 20, 4, 14, 24], [5, 7, 0, 21, 3, 8, 18, 6, 12], [18, 8, 10, 7, 0, 22, 2], [15, 19, 5, 13, 3, 8], [15, 0, 2, 8], [5, 7, 3, 2], [12, 11, 0], [12, 19, 28, 10, 17, 26, 9], [17, 1, 3, 6, 4, 9, 2, 0, 10, 13], [6, 18, 4, 8, 11, 19]]
[[4, 11, 12, 14, 9, 0, 5], [9, 8, 18, 4], [6, 0, 2]]
[[0, 13, 3, 7, 11, 14], [18, 9, 8, 11], [16, 6, 5], [7, 19, 3, 10], [6, 4, 8, 12], [12, 2, 1], [13, 26, 32, 5, 7, 2, 18], [7, 12, 6, 9]]
[[15, 29, 5, 9, 17, 20, 3, 10, 2, 8, 7, 31, 18, 30], [13, 23, 31, 6, 20, 2, 18, 1, 24, 17, 0, 25, 29, 26, 3], [5, 7, 4, 3, 6], [10, 20, 23, 1, 6, 13, 4, 8, 14, 21], [21, 4, 1, 11, 7, 5, 14, 23], [21, 25, 37, 2, 8, 14, 29, 33, 0, 5, 7, 4, 3, 23, 26]]
[[6, 24, 10, 12, 15, 18, 3, 16, 2, 11, 26, 9, 13, 7, 19], [5, 7, 10, 20, 3, 8, 18, 1, 17, 2, 15, 0, 16, 22], [25, 0, 3, 5, 8, 10, 21, 6, 13, 19], [30, 51, 0, 2, 15, 22, 25, 27, 34, 39, 40, 43, 4, 13, 32, 36, 1, 19, 20], [5, 44, 17, 32, 1, 36, 7, 24, 40, 19, 41, 11, 2, 18, 33, 34, 37, 45, 16, 31, 8, 3, 38], [16, 5, 3, 1, 2, 0, 4, 20, 14, 22]]
[[14, 24, 19, 18, 0, 3, 12, 21, 1, 7, 10, 15, 22], [9, 11, 29, 2, 12, 1, 4, 6, 15, 17, 20, 22, 7, 3, 13, 14, 30], [0, 10, 22, 6, 8, 13, 25, 19, 26, 18, 1, 7], [19, 8, 11, 16, 21, 5, 9, 12, 17, 22, 4, 3, 6], [14, 6, 2, 3, 16, 4, 9], [20, 11, 13, 17, 22, 18, 23, 5, 8], [8, 13, 4, 6, 3, 5], [21, 0, 12, 15, 5, 9, 13, 16, 8, 22, 20, 10], [12, 2, 17, 6, 9, 21]]
[[10, 11, 7, 15, 6, 12], [20, 1, 4, 5, 2, 0, 16, 18, 8, 21], [4, 23, 1, 6, 12, 8, 26, 14, 13, 3, 2, 20], [2, 6, 12, 4, 14, 0, 7, 10], [16, 13, 0, 14, 2, 8, 5, 7, 11], [19, 5, 4, 0], [14, 32, 18, 20, 21, 0, 9, 22, 4], [13, 11, 2, 7]]
[[10, 12, 1, 6, 3, 11, 8], [18, 27, 33, 32, 25, 30, 2, 7, 10], [0, 33, 40, 20, 7, 10, 23, 36, 43, 11, 16, 24, 28, 37, 14, 19], [6, 1, 7, 12], [17, 8, 14, 19, 0, 9, 12, 15, 4, 10, 20], [1, 3, 6, 9, 14, 17, 4, 18, 2], [7, 23, 31, 0, 4, 11, 15, 20, 29, 26, 28, 14, 19, 18, 30, 17, 16, 21, 12], [3, 6, 7, 1], [20, 11, 25, 29, 32, 7, 12, 16, 22, 26, 33, 10, 15, 21, 19, 18, 13, 31, 17, 27], [1, 3, 6], [9, 15, 14, 4], [11, 20, 5, 15, 18, 23, 16, 21, 2]]
[[22, 7, 14, 19, 26, 0, 4, 12, 6, 11], [1, 5, 12, 3], [21, 1, 5, 2, 6, 9, 11, 13, 16], [14, 3, 10, 20, 25, 29, 33, 4, 7, 21, 26, 34, 6], [9, 2, 12, 0, 4, 3, 10], [15, 7, 19, 23, 25, 2, 1], [0, 9, 15, 4, 16, 3], [0, 21, 6, 25, 3, 7, 12], [18, 2, 4, 11, 15, 6]]
[[2, 16, 18, 21, 6, 19, 8, 15, 5, 10], [2, 4, 12, 15, 18, 22, 0, 13, 19, 21, 3, 20, 10], [17, 22, 19, 9, 12, 0, 10], [9, 15, 3, 6, 0, 4, 2], [5, 20, 0, 6, 14, 10, 13], [26, 21, 19, 3, 5, 29, 0, 30, 25], [10, 2, 16, 19, 23, 26, 0, 8, 17, 24], [19, 1, 20, 12, 15, 28, 31, 6, 16, 25, 32, 3]]
[[8, 15, 24, 19, 5, 3, 2, 12, 20, 26], [9, 19, 2, 11, 15, 25, 0, 17, 22, 3, 5, 8, 10, 12, 13, 18], [17, 4, 10, 8, 1, 7, 19, 2, 18], [21, 26, 33, 5, 4, 12, 0, 14, 18, 15, 19, 35], [10, 15, 26, 13, 4, 6, 17, 21, 29, 35, 39, 18, 27, 36, 3], [6, 11, 27, 13, 17, 4, 18, 22, 21, 3, 25, 0]]
[[11, 37, 43, 23, 7, 18, 21, 31, 34, 39, 0, 8, 12, 19, 35, 6], [14, 21, 2, 8, 16, 19, 24, 6, 22, 25, 12, 29, 17, 28, 15], [24, 27, 16, 0, 12, 22, 35, 3, 7, 25], [12, 18, 1, 6, 14, 23, 27, 2, 24, 26, 22, 5, 21], [20, 15, 13, 7, 0, 11], [1, 23, 35, 40, 18, 46, 3, 5, 14, 37, 50, 53, 9, 33, 17, 8, 27, 4, 21, 49, 32]]
[[11, 14, 0, 4, 15, 10, 3, 5, 6], [1, 8, 14, 5], [14, 22, 12, 23, 6, 9, 1, 17, 16, 15, 10, 18, 19, 7], [7, 13, 2, 3, 5, 11, 0], [16, 7, 13, 15], [10, 18, 17, 3, 12, 7], [17, 3, 9, 21, 4, 6, 13, 19, 7, 18], [25, 27, 4, 9, 11, 15, 24], [39, 3, 9, 30, 23, 0, 16, 19, 35, 6, 13, 17]]
[[14, 23, 5, 11, 18, 21, 3, 9, 12, 19], [18, 31, 0, 1, 14, 22, 25, 2, 8, 15, 20, 26], [10, 19, 4, 7, 17, 0, 14, 2, 18, 5, 20, 8], [13, 24, 17, 19], [4, 15, 6, 7, 10, 18, 8], [14, 4, 10, 17, 20, 23, 2, 8, 12, 18, 26, 30, 7, 29, 0, 11]]
[[26, 29, 14, 6, 16, 20, 0, 7, 11, 21], [6, 13, 1], [9, 13, 28, 5, 15, 18, 21, 16, 2, 1, 22, 0], [11, 13, 16, 1, 12, 3, 5, 18, 21], [11, 2, 0, 5, 1, 3, 12]]
[[7, 5, 10, 3, 2, 6], [5, 7, 1, 3, 10, 13, 15, 12, 2], [5, 19, 8, 2, 13, 16, 0, 10, 17], [19, 2, 9, 11, 5, 3, 4, 12, 0], [18, 23, 9, 4, 13, 15, 7, 11, 16, 20, 3, 1], [2, 5, 11, 6, 4, 3, 19, 0, 7], [0, 15, 8, 14, 11, 20, 9], [18, 2, 12, 14, 11, 6, 13]]
[[10, 13, 16, 19, 23, 3, 2, 11, 14, 17, 25, 4, 12], [23, 32, 1, 4, 16, 19, 26, 29, 34, 6, 13, 17, 27, 30, 3], [5, 8, 3, 10, 2, 1, 6, 9, 7], [10, 29, 11, 23, 2, 5, 13, 16, 26, 14, 19, 27, 12, 25, 1, 24, 30, 0, 22, 28], [7, 2, 4, 5], [0, 2, 13, 16, 23, 26, 11, 14, 24, 9, 20, 10, 19, 3, 21], [11, 3, 6, 15, 7, 13, 1, 0, 12, 14, 5], [4, 19, 30, 6, 7, 11, 10, 1, 0, 32, 18, 2]]
[[0, 8, 15, 11, 7, 12, 14, 18], [1, 15, 18, 10, 2, 14, 7], [1, 5, 2, 4, 11], [2, 1, 12, 6, 19, 3, 5, 13, 17, 23, 0, 25], [18, 24, 13, 31, 12, 30, 5, 8, 15, 3, 1, 14, 32, 22, 23], [10, 7, 11, 3, 1, 0, 2]]
[[15, 17, 27, 8, 12, 29, 5, 10, 13, 18], [24, 27, 2, 40, 16, 37, 35, 5, 8, 19, 0, 6], [9, 19, 3, 13, 32, 29, 30, 6, 21, 25, 17, 22], [26, 42, 3, 15, 37, 1, 36, 10, 22, 46, 19, 23, 45], [26, 16, 4, 14, 18, 23, 1, 12, 22, 9], [25, 23, 20, 7, 27, 12, 16], [19, 13, 6, 15, 21, 24, 25]]
[[11, 0, 4, 12, 3, 9, 8, 1, 13], [6, 14, 0], [16, 2, 4, 7, 10, 5, 3, 0, 17], [7, 13, 14, 8, 10, 15, 1, 12, 5], [14, 21, 6, 10, 5, 0, 18], [12, 22, 6, 18, 2, 17, 0], [16, 4, 8, 0, 12, 1, 2, 5, 9], [7, 10, 21, 20, 5, 17, 0, 2, 24, 22]]
[[14, 10, 7, 12, 0, 4, 3], [8, 14, 1, 10, 12, 2, 4], [6, 9, 12, 0, 7, 4, 3, 5, 18, 19], [8, 16, 24, 2, 4, 19, 22, 0, 5], [9, 22, 12, 13, 15, 20, 28, 30, 17], [15, 24, 29, 3, 27, 1, 23, 20, 0, 19], [13, 22, 16, 8, 25, 5, 20, 4, 0, 17, 26, 6]]
[[6, 9, 16, 0, 4, 19, 14, 3, 12, 15], [17, 11, 6, 2, 7, 5, 13], [19, 2, 7, 10, 4, 1, 3, 5], [11, 3, 8, 4, 12, 0, 5], [8, 5, 0, 11, 12, 6, 1], [7, 10, 16, 3, 13, 2]]
[[12, 19, 5, 21, 23, 3, 14, 24, 2, 6, 10, 13], [16, 29, 9, 25, 23, 6], [0, 14, 20, 5, 29, 21, 27, 31, 7, 1], [12, 27, 26, 33, 5, 9, 23, 3, 14, 21, 29, 2], [1, 8, 7, 12, 17, 20, 10, 5, 3, 4, 9, 13], [1, 13, 21, 10, 15, 3], [13, 7, 16, 10], [16, 22, 10, 13, 8, 11, 18, 24, 1], [11, 22, 7, 14, 5, 16, 4, 18, 0]]
[[4, 6, 14, 13, 16, 12, 0, 5, 8], [0, 6, 13, 7], [21, 0, 26, 27, 29, 7, 15, 23, 3, 10, 18, 2, 31, 11, 30]]
[[5, 8, 15, 3, 9, 12, 16, 11, 14], [8, 14, 5, 2], [2, 8, 13, 0, 9, 14, 11], [7], [8, 5, 0, 12, 1, 10], [0, 10, 5], [4, 16, 10, 9, 13, 18], [7, 11, 14, 1, 8, 12, 15], [0, 5, 19, 8, 9, 7, 12, 1, 2, 3], [7, 18, 15, 11, 20, 26, 0, 12, 22, 27]]
[[6, 3, 2, 9, 5, 7], [4, 6, 14, 2, 9, 1, 12, 0, 11], [21, 43, 38, 37, 5, 27, 30, 47, 6, 12, 19, 25, 31, 17, 1, 11, 39, 18, 41], [6, 13, 4, 9, 20, 10, 21, 2, 11], [22, 1, 6, 9, 12, 15, 7, 3, 2, 13, 4, 10, 18]]
[[15, 0, 8, 7, 11, 14, 10, 16, 1], [3, 4, 1, 13], [10, 16, 1, 3, 6, 11, 2, 17, 4], [15, 2, 1, 4], [15, 0, 4, 18, 1, 2, 5, 8, 11], [7, 3, 1, 14, 17, 28, 29, 30, 32], [13, 2, 3, 6, 1, 14], [11, 1, 4, 10, 6, 3]]
[[5, 16, 8, 11, 14, 3, 12, 7, 2, 9, 18], [10, 32, 3, 24, 27, 22, 1, 19, 17, 0, 18, 11, 30, 33, 21, 23, 2, 25, 28, 20], [10, 14, 18, 1, 17, 7, 21, 5, 22, 2, 19, 20, 15], [5, 15, 21, 25, 30, 0, 1, 23, 28, 33, 12, 34, 19, 10, 11, 18, 2, 6, 13, 26, 31]]
[[12, 18, 9, 8, 5, 15], [18, 2, 10, 5, 7, 23, 3], [7, 0, 4, 11, 22, 8, 20], [27, 2, 10, 16, 20, 23, 30, 11, 14, 21], [13, 0, 7, 24, 1, 4, 8], [16, 3, 19, 28, 2, 18, 7], [6, 8, 11, 4, 14, 0, 3]]
[[12, 17, 24, 32, 20, 22, 5, 9, 14, 3, 10, 2, 8, 21, 7], [0, 19, 25, 2, 12, 10], [27, 36, 11, 4, 9, 3], [24, 7, 10, 28, 4, 3, 0, 5, 11, 12, 15, 18, 21], [22, 2, 5, 7, 26, 4, 3, 20, 27, 0, 18], [11, 15, 21, 4, 9, 23]]
[[5, 11, 17, 3, 9, 2, 8], [12, 2, 7, 18, 23, 25, 13, 19, 27, 3], [11, 13, 15, 3], [18, 3, 7, 20, 23, 5, 8, 15, 4], [15, 3, 2, 8, 12, 24, 26, 16, 21, 28], [14, 5, 8, 7, 2, 0, 3], [14, 1, 5, 8, 12, 4]]
[[20, 18, 6, 17], [14, 17, 24, 22, 7, 18, 20], [12, 15, 24, 19, 1, 16, 18, 21, 4, 7], [15, 18, 32, 22, 3, 19, 21, 8, 12, 26], [21, 7, 11, 16, 5, 2, 4, 8, 12]]
[[18, 9, 14, 2, 7, 10, 4, 1, 6, 15, 16], [9, 2, 7, 13, 0, 11, 4], [0, 10, 6, 20, 11, 1, 5], [13, 1, 6, 3, 8, 10], [6, 13, 0, 10, 14, 2, 9, 4, 8], [1, 2, 12], [17, 13, 9, 14, 11, 1], [12, 19, 0, 13, 5, 10, 14, 7, 4, 9, 20]]
[[10, 13, 6, 11, 18, 5, 9, 19, 8], [1, 8, 4, 10, 3, 2], [0, 1, 3], [7, 4, 15, 2], [0, 13, 23, 39, 1, 6, 9, 20, 25, 29, 3, 21, 19, 2, 17, 41, 4, 28], [18, 1, 4, 8, 5, 9, 11, 3, 2], [22, 38, 50, 70, 73, 4, 3, 79, 0, 17, 44, 48, 61, 63, 27, 32]]
[[7, 11, 20, 23, 3, 4, 6, 10, 22, 24, 5, 8], [15, 1, 3, 6, 8, 11, 16, 23, 30, 33, 34, 21, 31, 2, 29, 28], [22, 28, 1, 7, 10, 16, 24, 4, 8, 14, 26, 6, 13, 2, 3, 25, 17], [18, 7, 10, 13, 8, 3, 1, 2, 0, 11], [12, 0, 10, 7, 6, 13, 14, 1, 11]]
[[7, 10, 25, 5, 13, 16, 20, 3, 14, 2, 6, 8, 11], [15, 2, 6, 12, 20, 0, 7], [0, 4, 18, 8, 7, 10, 13, 14, 20], [0, 2, 11, 14, 3], [15, 19, 11, 3, 24, 29, 0, 22, 26, 14, 6, 10], [13, 2, 5, 0, 15, 1, 9]]
[[16, 28, 7, 10, 12, 24, 0, 5, 8, 14, 25, 4, 21, 20, 22], [1, 9, 4], [0, 6, 3], [16, 5, 17, 3, 8, 13], [33, 1, 28, 3, 11, 19, 22, 29, 38], [20, 32, 4, 7, 9, 17, 22, 26, 30, 0]]
[[15, 10, 12, 5, 17, 3, 13, 18, 2, 11, 9, 0], [2, 4, 1, 11], [4, 11, 0, 9, 12, 16, 2, 8, 15], [1, 4, 9, 7, 6, 11], [8, 10, 3], [17, 3, 7, 10, 4, 2, 19, 0, 5], [12, 22, 16, 6], [8, 28, 10, 13, 15, 21, 25, 1, 6, 11, 19, 22], [1, 14, 5, 12, 15, 18], [15, 13, 8, 19, 5, 4, 14]]
[[15, 21, 7, 13, 16, 22, 10, 19, 6, 18, 23, 12], [11, 13, 7, 16, 21, 2, 1], [18, 0, 21, 27, 30, 3, 8, 19, 22, 28], [12], [4, 1, 6, 11, 13, 20, 18], [8, 10, 12, 2, 13, 4, 5], [11, 8, 17, 5, 14, 2], [5, 13, 1, 7, 24, 2, 11], [21, 6, 17, 25, 28, 2, 18, 23, 26, 1], [17, 4, 7, 5, 1, 2, 10, 0, 13]]
[[11, 2, 9, 6, 5, 7, 4], [5, 16, 27, 1, 17, 3, 12, 23, 21], [0, 9, 4, 1], [9, 10, 2, 4], [12, 2, 5, 15], [4, 2, 5, 1, 0, 3], [10, 11, 2, 4, 8, 3], [3, 6, 23, 10, 21, 0], [2, 4, 1], [7, 10, 12, 5, 17, 18, 2, 15, 13, 11]]
[[14, 19, 5, 10, 16, 3, 12, 21, 2, 8], [12, 15, 5, 17, 14, 1, 2, 0, 6, 16], [22, 2, 9, 25, 7, 15, 17, 14, 3, 5, 23, 0], [16, 5, 8, 14, 2, 4, 1], [13, 10, 11, 14, 16, 2, 7], [16, 1, 3], [1, 4, 6, 3], [13, 24, 2, 15, 7, 20], [9], [10, 28, 18, 6, 15, 32, 3, 13, 24, 26, 20, 2]]
[[11, 3, 2, 9, 14, 4, 8, 12], [13, 4, 17, 2, 1, 0, 14, 3, 21, 16], [9, 17, 1, 3, 7, 19, 21, 2, 10, 11, 8, 20], [8, 9, 4, 6, 12, 14, 16], [18, 4, 6, 11, 14, 12, 1, 10, 0, 2], [15, 3, 6, 9, 13, 4, 2, 1, 14], [4, 18, 12, 15, 2, 9, 13, 8, 1, 21, 22, 10, 16], [4, 6, 10, 18, 15, 1, 0, 7, 19, 2, 16], [4]]
[[0, 6, 3, 5], [11, 12, 4, 15, 22, 23, 2], [15, 4, 6, 9, 13, 2, 7], [8, 1, 10], [17, 19, 0, 9, 12, 3, 7], [15, 6, 10, 0, 4, 9, 3, 17, 16], [0, 3, 8, 10, 6, 5], [5, 4, 11, 15, 18, 2, 13, 7, 1], [7, 15, 10, 3, 11, 2]]
[[5, 23, 11, 14, 16, 20, 25, 3, 12, 2, 8, 7, 19, 24, 9], [5, 1, 3, 10, 12, 2, 6, 0, 7, 8], [0, 13, 15, 10, 1, 9, 11, 14], [21, 31, 35, 42, 40, 44, 19, 39, 5, 8, 12, 15, 6], [13, 4, 6, 10, 12, 16], [9, 0, 11, 15, 6, 12, 5, 10, 1], [14, 32, 4, 7, 10, 26, 2, 5, 24, 1, 0, 23, 25, 8], [3, 2, 1]]
[[22, 5, 8, 12, 17, 24, 3, 10, 13, 18], [3, 2, 8, 4], [26, 7, 14, 17, 21, 28, 0, 4, 8], [34, 8, 3, 10, 30, 0, 4, 28, 31], [2, 9, 15, 0], [12, 14, 7, 9], [13, 17, 2, 10, 15, 18, 1], [1, 2, 4, 11, 3, 0, 5, 12, 13, 10], [3, 6, 2, 8], [13, 2, 1, 8, 10, 16, 18], [8, 12, 19, 16, 1, 13, 22, 11, 21]]
[[8, 21, 25, 23, 5, 15, 17, 13, 4, 12, 24, 3], [11, 18, 2, 4], [18, 2, 1, 9, 13, 6, 3], [12, 1, 7, 3, 2, 5, 0], [22, 9, 11, 1, 5, 16, 19, 25, 27, 2, 17, 20], [9, 1, 15, 4, 23, 20, 24], [0, 7, 22, 10, 4, 13, 17, 2, 1, 12, 11, 9, 14], [7, 9, 15, 0, 13, 4, 12]]
[[9, 19, 5, 12, 0, 3, 13, 2, 6, 7], [1, 2, 8, 16], [0, 7, 4], [23, 2, 12, 36, 8, 1, 17], [2, 1, 4, 7, 12, 5, 14, 21, 3], [6, 2, 13, 1], [5, 7, 18, 12], [10, 15, 24, 1, 2, 4, 19, 21, 13, 3]]
[[22, 7, 10, 14, 17, 2, 12, 1, 9, 8, 11, 20], [27, 10, 21, 12, 15, 2, 13, 29, 1], [1, 6, 3, 9, 16, 4, 7, 2, 14, 15], [], [16, 24, 7, 14, 2, 21, 1, 5, 19], [0, 8, 2, 10, 11, 15, 22, 1, 9, 6, 14, 5, 13], [6, 13, 16, 3, 14, 1, 10], [2, 0, 1, 4, 12, 11], [11, 27, 13, 5, 16, 21, 2, 1, 14]]
[[7, 5, 10, 3, 2, 8, 6], [8, 14, 16, 20, 4, 18, 0, 5, 11], [16, 25, 22, 2, 6, 12, 0, 7, 13, 20, 5, 8, 18], [3, 7, 0, 19, 15, 12, 2, 10, 11], [28, 13, 3, 8, 6, 22, 24, 15, 5, 21, 26, 4, 18, 17, 14], [11, 22, 5, 17, 2, 6, 14, 18, 20]]
[[20, 14, 23, 0, 7, 11, 18, 24, 6, 10, 17, 9], [9, 2, 6, 12, 16, 4, 7], [1, 10, 2, 4, 8, 11, 13, 15, 17, 7], [19, 5, 7, 10, 13, 8, 6, 0, 14], [16, 21, 24, 2, 1, 10, 12], [0, 16, 4, 9, 1, 8], [6, 9, 22, 12, 18, 24, 0, 10, 13, 19]]
[[12, 20, 6, 23, 7, 14, 26, 5, 28, 16, 18, 21, 29], [18, 2, 1, 7, 11, 3, 5, 16, 13, 15], [10, 22, 4, 17, 0, 5, 18, 19, 1], [0, 6, 16], [9, 0, 2, 1, 10], [13, 19, 1, 6, 4, 3, 17, 2, 20], [12, 3, 19, 11, 2, 17, 1, 16, 9]]
[[20, 15, 14, 6, 4, 11, 3, 16, 18], [15, 18, 33, 2, 20, 4, 7, 10, 22, 25, 36, 5, 23, 3, 19], [8, 20, 5, 3, 21, 4, 0, 6], [14, 3, 2, 17, 23, 0, 18, 4, 21, 6], [12, 17, 7, 10, 4, 3, 19, 0, 5], [11, 19, 14, 17, 9, 2, 15, 1, 0]]
[[16, 23, 0, 5, 10, 18, 29, 4, 9, 27], [7, 0, 19, 6, 9, 18, 10], [11, 6, 9, 14, 17, 21, 3, 15, 18, 22, 1, 7], [26, 14, 22, 20, 23, 33], [10, 6, 8, 3], [23, 2, 0, 6, 1, 14, 3, 30]]
[[13, 15, 3, 10, 16, 7, 2, 9, 0], [24, 1, 18, 3, 8, 14, 20, 4, 16], [9, 7, 0, 15], [4, 20, 2, 6, 14, 16], [2, 8, 18, 20, 0, 4], [9, 26, 18, 20, 24, 28, 21, 2, 1, 4], [8, 17, 12, 3, 5, 14, 21, 22, 0], [13, 18, 26, 15, 19, 6, 9, 3, 23, 2], [1, 4, 6, 15, 12, 16, 3, 2, 11]]
[[14, 6, 16, 22, 0, 4, 17, 23, 3, 15], [6, 13, 0, 8, 14, 5], [14, 16, 18, 9, 13, 2], [7, 17, 25, 0, 2, 5, 12, 21, 3, 22, 1, 11, 8], [29, 3, 15, 13, 6, 17, 19, 24, 0], [4, 17, 14, 3, 9, 2, 7], [9, 14, 22, 16]]
[[5, 3, 2, 6, 7, 4], [11, 17, 1, 3, 6, 9, 14, 21, 34, 37, 7, 12], [8, 18, 2, 6, 13, 15, 21, 1, 9, 10, 19, 7, 14], [12, 2, 21, 22, 9, 1, 14, 0, 13, 10, 11, 20, 23], [19, 3, 6, 9, 13, 15, 7, 4, 12, 14], [16, 3, 4, 9, 14, 7, 12], [20, 28, 9, 13, 22, 24, 0, 31, 14], [4, 20, 1, 6, 10, 2, 5, 24, 7, 3, 8], [12, 4, 14, 2, 1, 0, 13, 3, 18]]
[[7, 3, 5, 8, 2, 9, 4, 11, 6], [8, 1, 3, 9, 11, 14, 32, 12, 20, 29, 33, 6, 2, 26, 28], [4, 26, 9, 34, 39, 1, 32, 31, 5, 6, 35, 3, 7, 33, 38, 40, 2, 36, 37]]
[[8, 12, 29, 10, 15, 21, 3, 13, 22, 25, 2, 24, 31], [11, 19, 5, 8, 13, 2, 1, 0, 3, 9], [15, 20, 3, 22, 24, 2, 21, 5, 9, 27, 30, 25, 4, 23, 39], [14, 18, 28, 22, 23, 25, 2, 0, 26, 5]]
[[7, 18, 23, 5, 12, 16, 21, 3, 13, 24], [10, 22, 1, 4, 7, 12, 18, 20, 2, 17, 3, 15], [6, 8, 9, 12, 3, 10], [1, 3, 13, 4, 7, 14, 17, 2, 11], [15, 26, 5, 3, 20, 7, 12, 24, 0, 8], [8, 4, 5, 2, 9], [7], [7, 10, 20]]
[[14, 9, 18, 23, 28, 7, 19, 24, 29, 6, 15, 17, 13, 3, 0, 20], [21, 13, 15, 4, 24, 2, 17, 19, 27, 1], [9, 0, 6, 11, 3, 7, 21, 12, 22], [15, 3, 5, 8, 12, 0, 6], [2, 17, 0, 7, 11, 15, 18, 4, 3], [24, 2, 8, 17, 19, 9, 13, 20, 28], [1, 15, 21, 6, 18, 3, 13, 20, 2, 5], [4, 2, 3, 5], [6, 25, 13, 20], [3, 10, 2]]
[[11, 6, 10], [5, 0, 12, 14, 6, 2, 1]]
[[17, 8, 13, 0, 4, 9, 14, 7, 3, 5, 10, 11, 15], [10, 21, 12], [14, 16, 10, 12, 0, 4, 9, 3, 5], [10, 12, 18, 14, 3, 1], [1, 6, 13, 16, 22, 24, 28, 2, 7, 14, 25, 10], [6, 21, 10, 17, 23, 1, 5], [8, 4, 17, 12, 19, 20, 7, 0, 6], [13, 8, 11, 16]]
[[20, 17, 5, 23, 29, 9, 4, 8, 18, 3], [10, 13, 16, 2, 0, 14, 20, 22, 4, 19], [11, 27, 0, 2, 9, 17, 22, 8, 15, 26, 24, 7, 14], [16, 20, 3, 5, 10, 1, 6], [0, 16, 21, 26, 4, 24, 31, 28, 8, 12, 1, 9, 25], [14, 19, 6, 3, 9, 0, 2, 21, 17, 4], [20, 27, 6, 7, 10, 13, 16, 22, 3, 8]]
[[14, 19, 23, 21, 3, 2, 6, 7, 17, 5, 24, 25, 8], [12, 16, 14, 22, 2, 19, 1, 6, 0, 5, 3, 20], [4, 9, 2, 7, 10, 13, 8, 11, 14], [5, 8, 15, 2, 1, 13], [9, 21, 4, 2, 6, 13, 18, 14, 5, 3, 10, 11], [8, 3, 2, 7, 6, 4, 9], [9, 5, 12, 15, 2, 1, 6]]
[[20, 5, 8, 16, 25, 28, 31, 3, 6, 9, 14, 21, 26, 29, 32], [14, 4, 10, 20, 24, 11, 17], [8, 12, 9, 13], [10, 0, 7, 12, 14, 17, 21, 24, 27, 5, 8, 15, 22], [0, 5, 9, 12, 18, 3, 6, 14, 19], [2, 6, 16, 20, 22, 0, 3, 12, 17, 23, 9, 10, 11], [9, 15, 5, 10, 16, 1, 4], [24, 2, 15, 6, 17, 22, 27], [0, 13, 19, 24, 5, 9, 7, 10, 14, 1], [5, 3, 13, 17, 22, 14, 20, 1, 2]]
[[34, 15, 25, 32, 0, 5, 13, 16, 23, 27], [8, 12, 27, 3, 15, 14, 6, 20, 23, 18], [24, 19, 21, 2, 26, 3, 7, 22, 6, 13, 20, 1], [8, 11, 19, 25, 3, 14, 5, 4, 6, 12], [12, 20, 30, 37, 4, 22, 3, 16, 25, 28, 15, 23, 13, 24, 21, 18, 0, 1, 5], [19, 22, 44, 2, 16, 31, 34, 14, 32, 38, 5, 10, 29], [11, 28, 9, 17, 21, 23, 6, 18, 5, 14, 0, 13, 2, 3, 7]]
[[20, 14, 22, 28, 7, 11, 15, 29, 6, 10, 9, 16, 12], [21, 4, 6, 2, 1, 12, 11, 0, 10], [20, 24, 1, 5, 6, 9, 2], [30, 8, 14, 17, 20, 32, 12, 18, 28, 33, 11, 23, 1, 7, 27], [6, 12, 22, 3, 18, 24, 4, 10, 16, 9, 1, 7, 13], [14, 5, 11, 3, 2, 1], [19, 1, 5, 7, 10, 11, 15, 17, 3, 2], [18, 4, 3, 6, 10, 23, 7, 5, 21, 24], [15, 19, 4, 11, 13, 25, 9, 14, 22, 5, 0, 7, 8]]
[[11, 5, 10, 4, 9], [24, 4, 13, 0, 5, 8, 14, 23, 19, 2, 15, 17, 9, 11], [7, 13, 2, 10, 14, 16, 9, 8, 4, 5, 11], [25, 19, 3, 8, 11, 23, 0, 9, 12, 27, 14, 18, 5, 22, 4, 26], [5, 8, 18, 12, 0, 3, 10, 2, 6, 9]]
[[24, 27, 14, 13, 5, 8, 11], [11, 16, 29, 18, 17, 4, 13], [29, 1, 8, 21, 0, 22, 3, 4, 18, 19, 6, 32, 14, 15, 24, 20], [18, 20, 0, 22], [19, 29, 7, 14, 17, 3, 5, 15, 24, 27, 2, 13, 23], [12, 15, 1, 17]]
[[11, 5, 8, 17, 6, 15, 4], [8, 17, 26, 3, 20, 31, 33, 29, 2, 11], [17, 4, 8, 11, 6, 18, 5, 3, 0], [12, 0, 8, 2, 1, 4], [13, 22, 10, 23, 3, 25, 11], [9, 23, 0, 11, 12, 19]]
[[9, 18, 20, 12, 0, 14, 25, 3, 6], [16, 19, 1, 3, 10, 22, 4, 2, 21, 20], [15, 6, 2, 3, 11, 0], [16, 3, 2, 7, 9, 20], [13, 37, 43, 52, 3, 1, 30, 39, 5, 15, 18, 20, 23, 33, 47, 6, 10, 16]]
[[11, 7, 17, 0, 5, 15], [10, 14, 22, 6, 8, 12, 20], [13, 21, 3, 11, 24, 0, 16, 4, 6, 12], [4, 9, 21, 14, 7, 11, 18, 16, 19, 15, 13, 6, 0], [6, 18, 2, 1, 8, 12], [18, 7, 9, 16], [13, 16, 7], [0, 6, 11, 30, 14, 13, 4, 16, 19, 23, 24, 36]]
[[13, 0, 7, 10, 26, 4, 8, 19, 22, 27], [12, 0, 4, 8], [4, 10, 0, 5], [11, 15, 6, 0, 3, 8], [10, 0, 3, 7, 11, 14, 6], [20, 2, 1, 4, 9, 12, 16, 3, 8, 6], [6, 10, 3, 14, 0, 8, 16]]
[[14, 20, 23, 26, 0, 4, 9, 16, 21, 24], [11, 14, 16, 2, 6, 12, 5, 7, 8], [27, 12, 20, 7, 16, 24], [5, 8, 10, 11], [12, 3, 11, 7, 14, 0], [10, 23, 2, 12, 18, 0, 6, 13, 16], [8, 2, 11], [7, 8, 0, 6], [15, 17, 8, 12], [11, 9, 12]]
[[7, 9, 19, 4, 16, 3, 14, 15, 8, 6, 23], [7, 17, 0, 2, 4, 12, 15], [9, 2, 11, 5, 14, 6, 15], [23, 14, 5, 19, 20, 3, 6, 17, 1, 16, 2, 15]]
[[14, 20, 0, 9, 18, 3, 6, 17, 5, 7], [1, 15, 13, 17], [22, 26, 34, 35, 6, 0], [10, 17, 29, 12, 28, 6, 19], [17, 3, 10, 13, 6, 4, 7, 8, 12], [0, 14, 22, 7, 24, 1, 19]]
[[15, 18, 10, 23, 0, 4, 8, 16, 24, 3], [9, 19, 2, 13, 16, 0], [12, 9, 6, 14, 19, 0, 7, 10, 17], [8, 4, 6, 2], [13, 1, 4, 7, 2, 0], [20, 3, 1, 15], [0, 10, 5, 12, 6, 13], [10, 6, 15, 18, 20, 4, 8], [2, 10, 15, 19, 0, 3, 6, 11, 16], [15, 2, 6, 3, 0, 4, 12]]
[[6, 3, 10, 15, 4, 11, 2], [16, 1, 7, 10, 19, 22, 17, 2, 0], [7, 16, 2, 4, 12, 13, 3, 10, 17], [8], [7, 9, 2, 1], [14, 2, 16, 0, 5, 9], [3, 7, 12, 20, 1, 4, 8, 0, 2, 11], [9, 4, 5, 14, 1, 0], [15, 1, 9, 19, 2, 13, 3, 10, 0], [4, 12, 1]]
[[11, 8, 25, 31, 6, 9, 14, 30, 5, 18, 17, 16, 34, 22, 0], [0, 21, 23, 13, 7, 4, 9], [8, 13, 10, 2, 5, 1], [14, 9, 12, 18, 10, 15, 19]]
[[17, 12, 15, 0], [23, 1, 3, 30, 35, 4], [8, 3, 11, 6, 15, 0, 13, 12, 5], [14, 24, 4, 7, 12, 21, 1, 5, 8], [3, 6, 17, 0, 4, 7, 2, 10, 16], [22, 16, 25, 2, 11, 0, 3], [2, 8, 0]]
[[17, 25, 7, 20, 28, 4, 15, 3, 26, 27, 18, 24, 29, 5, 16, 19], [10, 7, 4, 3, 11, 5, 8, 13], [8, 4, 12, 5], [8, 10, 4, 13, 17, 11, 18, 3, 9, 21, 19, 16], [10, 15, 19, 2, 7, 13, 21, 25, 0, 4, 8, 3, 14], [8, 6, 12, 15, 20, 4, 3, 11, 9, 5, 10, 7], [13, 18, 25, 9, 15, 19, 6, 11, 16, 21, 5, 26, 0, 27, 10, 20]]
[[12, 6, 9, 14, 4, 15, 3, 13, 7], [22, 4, 10, 12, 15, 25, 2, 1, 8, 9, 0, 7], [0, 12, 4, 13, 7, 10], [9, 1, 5, 14], [0, 4, 23, 7, 6, 9, 14, 15, 19, 24, 1, 8, 21], [16, 8, 15, 18, 0, 13, 12, 2, 6], [18, 7, 10, 4, 3, 16, 20, 5], [13, 2, 1, 16, 20, 21]]
[[13, 8, 5, 10, 15, 3, 11, 16, 2], [22, 6, 15, 18, 25, 10, 11], [4, 10, 0, 9], [8, 5, 12, 3, 11, 6, 13], [14, 2, 8, 0, 4, 3, 15, 9, 16], [14, 20, 1, 5, 17, 2, 18, 13, 9], [12, 7, 14], [20, 10, 3, 7, 6, 13, 2, 22, 8], [1, 12, 5, 8, 15, 17]]
[[14, 16, 18, 2, 11, 8, 1, 10, 24, 5, 6, 3, 26], [8, 1, 3, 11], [12, 8, 17, 0, 3, 10, 7, 13, 14], [11, 21, 4, 6, 9, 16, 23, 7, 17, 0], [12, 17, 27, 4, 6, 15, 24, 26, 39, 7, 36, 11, 31, 1, 22, 35], [16, 10, 20, 27, 8, 19, 0, 2, 22, 30, 40, 31, 38, 37, 11, 21], [15, 7, 26, 27, 0, 3, 13, 24, 16, 21, 19, 8, 28, 20, 1, 9, 10, 29]]
[[13, 25, 21, 23, 6, 0], [4, 27, 5, 17, 2, 1, 12, 11, 8], [0, 20, 19, 5, 9, 13], [10, 20, 14, 2, 0, 4, 15, 17, 1], [16, 3, 2, 5, 6, 4, 0], [9, 21, 11, 0, 17, 14], [10, 26, 31, 4, 12, 15, 20, 29, 2, 13, 18, 27]]
[[9, 22, 4, 7, 5, 3, 14, 16, 23, 11], [5, 12, 17, 22, 25, 27, 2, 0, 9, 29, 3, 4, 6], [0, 14, 5, 10, 12, 1, 11], [12, 0, 4, 8, 13, 3, 15, 1, 14], [10, 14, 0, 4, 11, 7, 13, 15], [15, 6, 2, 9, 5, 18], [11, 20, 15, 22, 0, 12, 17], [12, 18, 15, 3, 2, 9, 8, 11, 0], [14, 1, 0, 13], [13, 9, 0, 4, 14, 3, 10, 7, 6, 12], [21, 4, 9, 2, 12, 1, 11, 0, 8, 10, 5], [10, 4, 5], [23, 1, 11, 21, 2, 5, 19]]
[[9, 5, 3, 2, 8, 7, 10], [18, 13, 5, 0, 3, 6, 9, 14, 2, 12], [9, 16, 5, 12, 21, 19, 22], [0, 24, 34, 17, 31, 21, 37, 1, 15, 28, 16, 29, 14, 27, 9], [17, 27, 4, 3, 6, 10, 7, 13, 5, 16, 18, 30, 8, 24], [30, 34, 3, 12, 14, 24, 27, 40, 43, 46, 51, 0, 15], [20, 23, 35, 5, 3, 11, 16, 17, 28, 32, 9, 12, 29, 6, 4]]
[[20, 5, 10, 17, 3, 2], [12, 10, 3, 4], [10, 0, 8], [19, 29, 3], [6, 15, 29, 4, 8, 11, 20, 26, 9]]
[[23, 11, 16, 28, 0, 8, 26, 29, 7, 20, 21, 24, 12, 18, 25, 15], [26, 6, 10, 15, 18, 22, 29, 3, 7, 12], [0, 9, 14, 17, 23, 26, 3, 15, 21, 8], [19, 0, 11, 15, 1, 5, 8, 12, 20, 10, 17, 7], [19, 3, 10, 15, 21, 17, 8, 1, 24, 2], [7, 1, 4, 9, 13, 11, 3, 2, 0], [2, 4, 6, 21, 26, 0, 8, 10, 13, 18, 23, 27, 3], [22, 1, 15, 18, 24, 2, 7, 19, 25, 27, 4, 10, 6, 9, 11, 12], [9, 1, 2, 4, 3, 0]]
[[9, 15, 20, 3, 6, 12, 25, 29, 32, 4, 13, 26], [20, 6, 14, 0, 11, 18, 4, 9, 12], [12, 2, 6, 14, 1, 13], [17, 28, 18, 26, 0, 3, 6], [13, 14, 0, 17, 18, 1, 9, 11, 6, 15], [20, 0, 10, 14, 16, 17, 21, 23, 6], [5, 21, 2, 12, 7, 16, 19, 17, 3, 13, 0, 14], [11, 5, 18, 2, 14, 1, 0, 17, 3]]
[[23, 18, 32, 6, 12, 15, 20, 26, 29], [10, 23, 2, 12], [22, 3, 5, 7, 37, 39, 15, 4, 33, 27, 30, 6, 32, 34, 28, 0, 8, 18, 35, 42, 40], [16, 1, 8, 10, 13, 23], [37, 2, 27, 0, 7, 20, 24, 28, 38, 45, 54, 31, 6, 23, 19, 44, 50, 53, 1, 18, 43, 49, 41, 35, 48, 29, 3], [12, 20, 24, 5, 15, 32, 29, 17, 6, 34, 8, 28]]
[[8, 14, 16, 3, 12, 2, 9, 11, 7], [16, 29, 1, 20, 7, 12, 23, 26, 5, 8, 2, 21], [0, 17, 4, 9, 10, 18, 1, 5, 15, 19], [12, 30, 20, 1, 5, 9, 16, 2, 6], [0, 9, 12, 16, 3, 7, 13, 6, 1, 14], [27, 33, 39, 11, 15, 29, 37, 0, 3, 12, 17, 24, 30], [8, 24, 9, 5, 11, 15, 18, 3, 12, 2, 10, 13]]
[[11, 4, 10, 3, 9], [12, 4, 14, 2, 5, 26, 20, 1, 25, 18, 22, 0, 19, 13, 23, 27], [5, 0, 11, 13, 1, 7, 6, 15], [1, 8, 14, 19, 2, 13, 7, 3, 6], [8, 2, 11, 13, 16, 3, 14, 5, 9], [12, 0, 2, 9, 15, 20, 3], [11, 4, 2, 0, 9, 13], [6, 10, 11, 14, 16, 4, 17, 22, 3, 12], [3, 7, 14, 2, 1, 0, 13]]
[[7, 11, 13, 0, 4, 9], [11, 2, 14, 4, 7, 18, 0, 5, 8], [20, 29, 22, 12, 19, 5, 16, 32, 33], [18, 2, 6, 9, 13, 11, 14, 3, 16], [7, 5, 2, 12, 1, 11, 0, 8, 18, 3], [16, 3, 12, 23, 11, 22, 10, 21, 19], [18, 0, 8, 14, 29, 1, 6], [8, 14, 35, 16, 15, 6, 10, 18, 22, 25, 3, 19, 2, 7, 9, 17, 37, 4]]
