0.8851061463356018
0.9344111680984497
0.8800241947174072
0.9053064584732056
0.9300973415374756
0.908393383026123
0.9485735893249512
0.965336799621582
0.944804310798645
0.9237673282623291
0.8921209573745728
0.9410132169723511
0.7939314842224121
0.8248023986816406
0.9582347869873047
0.9151220321655273
0.8602235317230225
0.9332300424575806
0.8962383270263672
0.9657723903656006
0.8209627866744995
0.9131666421890259
0.9633179903030396
0.9433736801147461
0.9180943965911865
0.9354865550994873
0.9235826730728149
0.7717769742012024
0.8660093545913696
0.8311312198638916
0.9119691848754883
0.9401466846466064
0.8937575817108154
0.8863223791122437
0.9296386241912842
0.9476882219314575
0.916782796382904
0.9396808743476868
0.8546305894851685
0.9643810987472534
0.8831542134284973
0.8952773809432983
0.9241952896118164
0.9066162109375
0.9107390642166138
0.91881263256073
0.8528957366943359
0.9075437784194946
0.9254364967346191
0.9629440307617188
0.8590329885482788
0.9368950128555298
0.907132625579834
0.9621099233627319
0.9385701417922974
0.9179025888442993
0.9450290203094482
0.9567907452583313
0.9370605945587158
0.9527971744537354
0.936953067779541
0.8385000228881836
0.9307712316513062
0.8884457945823669
0.9210891723632812
0.9145194292068481
0.9184919595718384
0.9542214870452881
0.9521557092666626
0.892490565776825
0.9653999209403992
0.8885223865509033
0.9079928994178772
0.9283223748207092
0.897001326084137
0.8968252539634705
0.8931552171707153
0.8952500224113464
0.9078050851821899
0.9551265239715576
0.8452167510986328
0.9319255352020264
0.9319280982017517
0.9804610013961792
0.8897230625152588
0.9542669057846069
0.8366673588752747
0.934712290763855
0.9160459041595459
0.8468408584594727
0.8490504622459412
0.9174091219902039
0.9076290130615234
0.9459561705589294
0.8554325699806213
0.8951126337051392
0.9245266914367676
0.924223780632019
0.8961113691329956
0.9109751582145691
0.9570643305778503
0.8670269250869751
0.8656724095344543
0.8727366924285889
0.9049979448318481
0.9379608631134033
0.9392346143722534
0.8051998615264893
0.9488236308097839
0.9509863257408142
0.8758435845375061
0.9162194728851318
0.9040305614471436
0.9274154901504517
0.9173201322555542
0.9508191347122192
0.9061486721038818
0.8974019289016724
0.8934685587882996
0.9249300956726074
0.9511266946792603
0.9466612339019775
0.841372549533844
0.9703007340431213
0.9186962842941284
0.9049697518348694
0.9257756471633911
0.9721684455871582
0.9182813167572021
0.9061225652694702
0.8726110458374023
0.8900245428085327
0.964950442314148
0.8735942840576172
0.9387346506118774
0.9496116638183594
0.9399065971374512
0.9019998908042908
0.943845272064209
0.8952383995056152
0.8761910200119019
0.8710232973098755
0.8739787340164185
0.8940368294715881
0.9473251700401306
0.9329359531402588
0.9371985197067261
0.9468376636505127
0.924798846244812
0.934210479259491
0.9503265619277954
0.9450223445892334
0.7707115411758423
0.9149613380432129
0.772037148475647
0.9302421808242798
0.9073885679244995
0.9104140996932983
0.9025377035140991
0.9379680156707764
0.9672526121139526
0.9229767918586731
0.9044675230979919
0.8507118821144104
0.9115797281265259
0.9045812487602234
0.9577781558036804
0.947826623916626
0.9188817739486694
0.8903598785400391
0.8851457834243774
0.941199004650116
0.9301578402519226
0.9421970844268799
0.9165369272232056
0.8949964642524719
0.9557593464851379
0.9025363922119141
0.9425083994865417
0.8719531297683716
0.8534818887710571
0.9330077767372131
0.9513382911682129
0.8842570781707764
0.8755142688751221
0.89774090051651
0.9373266696929932
0.9478879570960999
0.8909114599227905
0.9579126834869385
0.8995975255966187
0.9377286434173584
0.9333434104919434
0.9145340919494629
0.9043430089950562
0.9161421060562134
0.9165985584259033
0.9058514833450317
0.9519912004470825
0.9207137823104858
