0.9273979246616364
0.8811096310615539
0.818452563486062
0.6019809593446552
0.811418320451464
0.9815928836663564
0.8896766134670803
0.8428061058123907
0.6863733848763837
0.639625380281359
0.7327144915858904
0.7717746008886024
0.8281124754187962
0.985477864742279
0.9303408563137054
0.9311650461620755
0.8477888196939602
0.9809406995773315
0.8715162556618452
0.8547407935063044
0.9001416223389762
0.7579803735017776
0.939918127324846
0.6791183072556224
0.946897159020106
0.6699328662070911
0.8970638165871302
0.9039282287870135
0.9836599486214774
0.8295996987393924
0.9641184440025916
0.9544429779052734
0.7769068184619149
0.9355668889151679
0.986324280500412
0.9725278086132474
0.8011188469827175
0.9061375260353088
0.9813605770468712
0.8243275970220566
0.983712202972836
0.7084785567130893
0.7863064147531986
0.8075236465781928
0.874022014439106
0.7487974826778684
0.6582902446389198
0.8604816751820701
0.7546471536625177
0.8384479340165854
0.9224311374127865
0.8598943253358206
0.9351494908332825
0.8269754759967327
0.764711183309555
0.8928623784333467
0.8459673325220743
0.7783311350891987
0.9415931024334647
0.8505634135670133
0.8999177465836207
0.7240654598766317
0.9435816779732704
0.9865449468294779
0.8456445137659708
0.590498850784368
0.9622005522251129
0.8515858203172684
0.8615674953907728
0.9143520783294331
0.9617350016321454
0.8402384320894877
0.86832333965735
0.9916924933592478
0.532728268718347
0.7764701033011079
0.7337007315363735
0.8831079304218292
0.733164497721009
0.9239407658576966
0.8562515651186308
0.96535724401474
0.9466800424787734
0.7495811767876148
0.7412431972566992
0.6912700447202142
0.8668849721550942
0.9046107828617096
0.9275520904497667
0.7262889961970763
0.7695290626337131
0.8696657617886862
0.9124799229634496
0.8300000436138362
0.8642328040940421
0.9714856073260307
0.7317461988755635
0.8574912870923678
0.8312334455549717
0.9876927435398102
0.8149769119918346
0.872037505498156
0.8876783847808838
0.8618024197510548
0.9924838542938232
0.8122511189430952
0.8216042870824988
0.9654883543650309
0.8004748392850161
0.858730544646581
0.801214354733626
0.9191380076938205
0.9228854849934578
0.7981602735817432
0.8063269323772855
0.8669585482857656
0.6594032229234775
0.9932727118333181
0.882726381222407
0.8383073136210442
0.7812138736248017
0.8468376770615578
0.7356277934741229
0.8070980434616407
0.9921297771590096
0.867598119424656
0.9617647188050407
0.8558916598558426
0.9721670746803284
0.987541913986206
0.8168003499507904
0.9909081935882569
0.8377296911785379
0.7796734794974327
0.9677104694502694
0.9684289495150248
0.9854065094675336
0.9366327524185181
0.7920298632234335
0.9792892592293876
0.8494922459125519
0.9721516668796539
0.7163328702251116
0.8924640666693449
0.9813333809375763
0.8892520643770695
0.9887755751609802
0.6850077321545945
0.8420716010861926
0.6184452385787154
0.8946034610271454
0.8611929267644882
0.8782131522893906
0.9892736673355103
0.826070286721612
0.7820338564259666
0.87408390215465
0.8194542171744009
0.8065169542096555
0.8394813562432925
0.9828068784305027
0.872838500680195
0.9911665121714274
0.9511183351278305
0.9200137481093407
0.8113535508513451
0.9898553788661957
0.8900606520473957
0.8975206187793187
0.7820084751251021
0.9533908426761627
0.8839876055717468
0.886894683043162
0.9881639003753662
0.9123713374137878
0.993049681186676
0.7866164379132291
0.7556388375815004
0.5685953342804818
0.9752230167388916
0.9880038946866989
0.852214403450489
0.8880151738412678
0.8626296758651734
0.6242620423436165
0.796182462147304
0.8127696567348072
0.8189616622403264
0.9091994365056356
0.7599387932568789
0.6914316610034023
0.8212054658394593
0.9836383887699672
0.9179812550544739
0.8811985982788934
0.8713212707079947
0.8343675956130028
0.664528470170418
0.9723353253470527
0.8921937271952629
