-2.482515335083008
-2.2347822189331055
-2.346076726913452
-2.5333967208862305
-2.3711183071136475
-2.516820192337036
-2.2433736324310303
-2.2462174892425537
-2.410444974899292
-1.9004402160644531
-2.3105342388153076
-2.137622594833374
-2.6219542026519775
-2.2768871784210205
-2.4251458644866943
-2.4811766147613525
-2.388730764389038
-2.7485756874084473
-2.0062859058380127
-2.4895076751708984
-2.4234721660614014
-2.536914825439453
-2.2402706146240234
-2.301506996154785
-2.24540114402771
-2.182401657104492
-2.50787615776062
-2.3674161434173584
-2.2285211086273193
-2.529101848602295
-2.1338229179382324
-2.1807665824890137
-2.3270676136016846
-2.3032407760620117
-2.115675449371338
-2.239659070968628
-2.9228391647338867
-2.080800771713257
-2.4214859008789062
-2.449718952178955
-1.997292399406433
-2.3519468307495117
-2.548149585723877
-2.1210548877716064
-2.344235897064209
-1.9203077554702759
-2.404282331466675
-2.2041194438934326
-2.3783793449401855
-2.4475691318511963
-2.3126730918884277
-2.640498161315918
-2.1205503940582275
-2.2619524002075195
-2.224745035171509
-2.3044323921203613
-2.566638946533203
-2.4942209720611572
-1.9527027606964111
-2.4452593326568604
-2.105278491973877
-2.263803720474243
-2.5176315307617188
-2.5078933238983154
-2.3526611328125
-2.390709400177002
-2.3477413654327393
-2.0189075469970703
-2.2990846633911133
-2.523803234100342
-2.078601121902466
-2.1332530975341797
-2.3551688194274902
-2.0976195335388184
-2.4659457206726074
-2.407724618911743
-2.250986099243164
-2.0909407138824463
-2.7714810371398926
-2.161738634109497
-2.112874984741211
-2.3871138095855713
-2.4755795001983643
-2.28261137008667
-2.4038219451904297
-2.3660459518432617
-2.619046688079834
-2.590071201324463
-3.054826021194458
-2.829986810684204
-2.3924660682678223
-1.7847263813018799
-2.457486867904663
-1.855265498161316
-2.5704357624053955
-1.9241242408752441
-2.5284814834594727
-2.6798524856567383
-2.1610119342803955
-1.9307727813720703
-2.2571380138397217
-1.9061596393585205
-2.4693078994750977
-2.616542339324951
-2.23230242729187
-2.3310916423797607
-2.6650335788726807
-2.514070987701416
-2.183414936065674
-2.2255313396453857
-2.270254135131836
-2.2090651988983154
-2.1482388973236084
-2.2098116874694824
-2.5008468627929688
-2.2777435779571533
-2.175527334213257
-2.4580328464508057
-2.097316026687622
-2.251134157180786
-2.18194317817688
-2.575889825820923
-2.123276710510254
-2.2972474098205566
-2.407938003540039
-2.41314435005188
-2.283059597015381
-2.8100740909576416
-2.2566452026367188
-2.2524170875549316
-2.3843207359313965
-2.227051258087158
-2.239943265914917
-2.0507850646972656
-2.3184776306152344
-2.517477512359619
-2.1169378757476807
-1.9290450811386108
-2.3584349155426025
-2.4283807277679443
-2.420236349105835
-2.045030117034912
-2.342684745788574
-2.3841803073883057
-2.3098433017730713
-2.0230720043182373
-2.0956709384918213
-1.922498106956482
-2.559871196746826
-1.8473429679870605
-2.426264762878418
-2.57061767578125
-2.1240363121032715
-2.303220510482788
-2.5560712814331055
-2.6314830780029297
-2.6386754512786865
-2.3051559925079346
-2.7525415420532227
-2.6138854026794434
-2.2963449954986572
-2.0885467529296875
-2.053417205810547
-2.2322044372558594
-2.3774807453155518
-2.397914171218872
-2.2250053882598877
-2.2970757484436035
-2.3986315727233887
-2.4799294471740723
-1.6990636587142944
-2.4527764320373535
-2.1289000511169434
-2.6426334381103516
-2.2112791538238525
-2.1685969829559326
-2.5246169567108154
-2.4955124855041504
-2.1991593837738037
-2.1450347900390625
-2.3103301525115967
-2.156805992126465
-2.5742998123168945
-2.2873921394348145
-2.597013235092163
-2.6690216064453125
-2.279043436050415
-2.1956560611724854
-2.4015731811523438
-2.14253830909729
-2.378160238265991
-2.4172823429107666
-2.4863264560699463
-2.3995561599731445
-2.5648891925811768
-2.2874162197113037
-2.2219910621643066
-2.437488317489624
-2.4864139556884766
-2.4288580417633057
