0.9247626066207886
0.9736946821212769
0.9028204679489136
0.9271606206893921
0.9439947605133057
0.9440873265266418
0.9795679450035095
0.990583062171936
0.9303327798843384
0.9340832829475403
0.9335453510284424
0.9879654049873352
0.9685538411140442
0.9673645496368408
0.9764460325241089
0.9684521555900574
0.9810788631439209
0.9430794715881348
0.9217232465744019
0.9881129860877991
0.9429844617843628
0.9392784237861633
0.9759718179702759
0.9635164737701416
0.9213639497756958
0.9733961820602417
0.9513841867446899
0.9738969206809998
0.9264649152755737
0.9189633131027222
0.9676645398139954
0.9654065370559692
0.9014705419540405
0.8921371698379517
0.9557062387466431
0.9589157104492188
0.949309766292572
0.9588093161582947
0.9190809726715088
0.9833025336265564
0.9343603849411011
0.9567746520042419
0.9592052102088928
0.9523587226867676
0.9670077562332153
0.9657734632492065
0.9661931991577148
0.9350537061691284
0.9584414958953857
0.9692788124084473
0.9398857951164246
0.9714338779449463
0.9481582641601562
0.9878650903701782
0.9676227569580078
0.966310441493988
0.9769254326820374
0.9826586842536926
0.95734703540802
0.9760518074035645
0.9533884525299072
0.8927768468856812
0.9415197968482971
0.9308645725250244
0.9498786926269531
0.9632267951965332
0.9459800720214844
0.9835262298583984
0.9716701507568359
0.9340938925743103
0.9804455041885376
0.9704264998435974
0.916408896446228
0.96294105052948
0.9095656871795654
0.9692898988723755
0.9289867877960205
0.9625550508499146
0.9153311252593994
0.9692093133926392
0.8859959244728088
0.9708404541015625
0.9483544826507568
0.9962023496627808
0.9556262493133545
0.9822126626968384
0.9237209558486938
0.9780349731445312
0.9379161596298218
0.9168974757194519
0.9362918138504028
0.9562753438949585
0.9537137150764465
0.9724241495132446
0.9795033931732178
0.9481590986251831
0.9763544797897339
0.9880848526954651
0.9208365678787231
0.990465521812439
0.9764097929000854
0.974761962890625
0.9417548179626465
0.94598388671875
0.9541360139846802
0.9634664058685303
0.9550216197967529
0.9480313062667847
0.9709540009498596
0.9795434474945068
0.9348728060722351
0.9737247228622437
0.9481203556060791
0.9345275163650513
0.9351135492324829
0.976908802986145
0.95466148853302
0.9579657316207886
0.9405798316001892
0.960223376750946
0.9817506074905396
0.9712041020393372
0.9461399912834167
0.9871686697006226
0.9461922645568848
0.9703846573829651
0.9630982875823975
0.9917798042297363
0.9627283811569214
0.9410945177078247
0.9293115735054016
0.9750665426254272
0.9726738929748535
0.9654079675674438
0.963611364364624
0.9791020154953003
0.9730047583580017
0.9908221960067749
0.9502112865447998
0.9539846181869507
0.9562894105911255
0.9690995216369629
0.9283853769302368
0.9631147384643555
0.9724764823913574
0.9525189399719238
0.9723210334777832
0.9772214889526367
0.9525141716003418
0.9751629829406738
0.9569897055625916
0.9668426513671875
0.9331580400466919
0.9659355282783508
0.9353126287460327
0.9642924070358276
0.9823852181434631
0.9774974584579468
0.9439384341239929
0.9551998376846313
0.9714893102645874
0.9779345393180847
0.9725385904312134
0.9399431347846985
0.949913740158081
0.9516364336013794
0.9899053573608398
0.9727396965026855
0.9663575887680054
0.9763013124465942
0.9552015662193298
0.9639176726341248
0.9457162618637085
0.984020471572876
0.9478753209114075
0.984584391117096
0.9802107810974121
0.9637523293495178
0.9700890183448792
0.8992025852203369
0.938447117805481
0.9610533714294434
0.9774340987205505
0.93944251537323
0.9657930135726929
0.9633749723434448
0.9714326858520508
0.9752513766288757
0.9469346404075623
0.9729174375534058
0.9572827219963074
0.973459005355835
0.964542031288147
0.9870849847793579
0.9401983022689819
0.9286430478096008
0.9458210468292236
0.916861891746521
0.9743098020553589
0.977592945098877
