0.8807525649666786
0.8798394531011582
0.6016907862212975
0.36523568015545604
0.6472048961690494
0.6635145499991874
0.9266115512166705
0.699199794481198
0.6368823386211362
0.6430991985835135
0.8361337607105573
0.6333279233425856
0.8228356956193844
0.8430910706520081
0.8892181515693665
0.718552211092578
0.573273677644985
0.705956544727087
0.7476349165663123
0.8713367382685343
0.7305334849017007
0.7836954355239868
0.8522042532761892
0.6695149363949895
0.9253964225451151
0.6529190839646617
0.7984521248274379
0.6766763010195324
0.7396431086318833
0.6962516580575279
0.8025409298447462
0.83187374337153
0.7588045877507992
0.8591514329115549
0.6332718748250045
0.9041635460323758
0.7764503173530102
0.8895859519640604
0.7807496320456266
0.8084790602326393
0.9867434038056268
0.7481890334747732
0.6549078422598541
0.09073897004127503
0.8913166970014572
0.6979378695998874
0.37972225435078144
0.8581195090498243
0.6178171834326349
0.751965225674212
0.8851687274873257
0.8738552431265513
0.7228259687711086
0.7350215024568818
0.6921172201633453
0.89737568795681
0.7799916746250043
0.6787020671957483
0.9208016043359583
0.6072270781215694
0.8946208672391044
0.6193201236989504
0.8484793715178967
0.6785623994138505
0.849222406744957
0.48689425074391895
0.8128898549824953
0.9003997445106506
0.8269800916314125
0.7299149673093449
0.7773164812741535
0.8525242755810419
0.791096343235536
0.9143732612331709
0.6005014767404646
0.7794902332659278
0.7052556909620762
0.8770581111311913
0.10090174277623494
0.9056311786174774
0.787030927487649
0.9660832385222117
0.9613026844130622
0.7270302064716816
0.63053736416623
0.5302745062185245
0.6296071231365203
0.8006032751873136
0.8266745372252031
0.7414971692099547
0.8060347040494283
0.8685579200585684
0.8161195834668783
0.7923190128058195
0.7623119652271271
0.9349997490644455
0.5336273568017142
0.792680578927199
0.6396923733409494
0.9679504185914993
0.726884086512857
0.863864915445447
0.8510712725775582
0.8488669030678769
0.7763843216001988
0.7803421788848937
0.787601711736484
0.9654673536618551
0.8241192009299994
0.8008090779185295
0.6434388725707928
0.8298890391985575
0.8658843445591629
0.6804773627469937
0.634829500483142
0.8517281882377574
0.540475144982338
0.9507178962230682
0.7016573573152224
0.7480059787631035
0.6094269197434187
0.7797229681164026
0.633396752353292
0.4889482205423216
0.9202764800616673
0.7438625427894294
0.9076490955693381
0.8518089205026627
0.8974663681454129
0.6964289570848147
0.8144142255187035
0.9469879627227783
0.6657832309720106
0.7956992462277412
0.8829724575792041
0.9650835494200388
0.7707145523412952
0.7338417768478394
0.7663811109960079
0.8212112039327621
0.8439034640789032
0.9195988972981771
0.8645272751649221
0.728617746848613
0.7645655246451497
0.8404357165098191
0.9564507186412812
0.3680993410913895
0.7865918767121103
0.5392040036967956
0.8151798925616525
0.7407992333173752
0.7821110526565462
0.7322256252066128
0.9053796927134196
0.8027187074933734
0.7645806936281068
0.7204221926319102
0.8079376781048874
0.7426126460648246
0.8379709081990379
0.7557226895458169
0.9858136971791586
0.7276069819927216
0.8479473739862442
0.7906695678830147
0.9750811457633972
0.615208064642502
0.8231675699353218
0.7843362979058709
0.8219812616705895
0.6132419308913606
0.9171232448683845
0.8022565364837646
0.9352641900380453
0.8459724386533102
0.8302610963582993
0.5742635417263955
0.4690135552414826
0.7836298731155693
0.8720589727163315
0.8270284933969378
0.8146839389577508
0.7989584818482399
0.6350909047177993
0.5699300824531487
0.6563930164889565
0.7614147514104843
0.8724124398496416
0.7311283789042916
0.737987328852926
0.7884758493075004
0.8495041344846997
0.9075996279716492
0.8214030977752473
0.7359394681989215
0.8058894394586483
0.45566987502388656
0.8679283729030026
0.8141927272081375
