0.9448396563529968
0.9391614198684692
0.9125941395759583
0.9266632795333862
0.9113078117370605
0.9431242942810059
0.9754710793495178
0.9821591973304749
0.9486914873123169
0.9606205224990845
0.9570401906967163
0.9841607213020325
0.9751353859901428
0.9749702215194702
0.9561767578125
0.9644305109977722
0.976905345916748
0.9336904287338257
0.9650102853775024
0.9898421168327332
0.9498978853225708
0.9639392495155334
0.9765294790267944
0.9621703624725342
0.9383066892623901
0.9753109216690063
0.9550091624259949
0.9837992191314697
0.9449759125709534
0.9539555907249451
0.9618449807167053
0.9591029286384583
0.8841325640678406
0.9217849969863892
0.9262605905532837
0.9334964156150818
0.9615669846534729
0.9020397067070007
0.9350101947784424
0.9704442620277405
0.9552040696144104
0.9588761925697327
0.9315536618232727
0.9531707763671875
0.942183792591095
0.9553327560424805
0.9557470083236694
0.963290274143219
0.9635339379310608
0.9637110233306885
0.9665246605873108
0.9619514346122742
0.9664369225502014
0.9804053902626038
0.9421703219413757
0.9354642629623413
0.9285492897033691
0.9572352170944214
0.9603163003921509
0.9615291953086853
0.9338754415512085
0.9366081953048706
0.9436314105987549
0.9525278806686401
0.9598857760429382
0.9764466881752014
0.9572363495826721
0.9820588827133179
0.9726710915565491
0.9111113548278809
0.9842338562011719
0.944042980670929
0.9299994111061096
0.953001081943512
0.9142077565193176
0.9671358466148376
0.9501393437385559
0.9752262830734253
0.938606858253479
0.9502522945404053
0.92572420835495
0.9698666334152222
0.9637119174003601
0.9911530613899231
0.9436275362968445
0.9675003290176392
0.9420981407165527
0.9833886623382568
0.9471198916435242
0.9732247591018677
0.9571378827095032
0.9716043472290039
0.9578275084495544
0.9546957015991211
0.95876145362854
0.9568043947219849
0.9735842347145081
0.9876283407211304
0.9536622762680054
0.9802163243293762
0.9690233469009399
0.9561740756034851
0.9538425207138062
0.9648036956787109
0.969696044921875
0.9586588740348816
0.924414873123169
0.9754631519317627
0.9786743521690369
0.9736103415489197
0.9528664350509644
0.9812194108963013
0.9416587352752686
0.949224591255188
0.8818298578262329
0.9819347262382507
0.9417661428451538
0.948655366897583
0.9643425345420837
0.966075599193573
0.9728941917419434
0.9821646213531494
0.9475235342979431
0.9707843661308289
0.9449417591094971
0.9476508498191833
0.93543541431427
0.9851207733154297
0.9438214302062988
0.9695287942886353
0.948282778263092
0.986916184425354
0.9639425873756409
0.987034022808075
0.9764807224273682
0.971027135848999
0.9673828482627869
0.9796311259269714
0.9089539647102356
0.877777636051178
0.9624388217926025
0.9846049547195435
0.9695244431495667
0.9551620483398438
0.9676969051361084
0.9433324933052063
0.9683884382247925
0.9570432901382446
0.9716131687164307
0.9557693004608154
0.9556899070739746
0.9676007032394409
0.9159384369850159
0.9339185357093811
0.953584611415863
0.9588843584060669
0.9794862270355225
0.9724411368370056
0.9597529172897339
0.9687524437904358
0.9690556526184082
0.9515194892883301
0.9699840545654297
0.9692931175231934
0.9689282774925232
0.940666139125824
0.9763064384460449
0.9754593968391418
0.9727871417999268
0.9466230869293213
0.9279111623764038
0.9614895582199097
0.9329895377159119
0.9785298109054565
0.9220944046974182
0.9770540595054626
0.9505599141120911
0.9626602530479431
0.961986780166626
0.9654618501663208
0.965057373046875
0.964961051940918
0.9640989303588867
0.9165695905685425
0.9673461318016052
0.9503404498100281
0.9590755105018616
0.9724047183990479
0.9721465706825256
0.9659383296966553
0.9665021896362305
0.9557591080665588
0.9672881960868835
0.9777624011039734
0.956173300743103
0.9488404989242554
0.9711628556251526
0.9658751487731934
0.9591571688652039
0.9566100835800171
