0.7740950621664524
0.7843287475407124
0.49918646199512295
0.3194428416900337
0.47374682660613743
0.5956998610248169
0.8678964972496033
0.5235635576148828
0.4553323851691352
0.41395099367946386
0.5217014220931256
0.657425778079778
0.7265225102504095
0.5951557874679565
0.6063526570796967
0.4417133399595817
0.35078686848282814
0.5463337376713753
0.6348508596420288
0.5465988417466482
0.5552497860044241
0.34685229547321794
0.11699539422988892
0.5968192158680823
0.6075344601025184
0.5565437977202237
0.751110217637486
0.4590871447830328
0.5255115106701851
0.383436751285834
0.7214043965706458
0.5802274837412618
0.7100324905477464
0.5298721475733651
0.5087431518826634
0.8361352483431498
0.7361874207854271
0.668930858373642
0.531506495695794
0.7003748938441277
0.8742299245463477
0.4323139898478985
0.570095113106072
0.09532513618469238
0.7159573789685965
0.4115493224401559
0.2528968960978091
0.5873949269963694
0.4319271455751732
0.5680007096379995
0.721901067532599
0.4629266081998746
0.6415949288223471
0.5105061771940779
0.468884577229619
0.597409263253212
0.5549125210382044
0.3897307475757164
0.6307650689374317
0.4500963157042861
0.11891582608222961
0.37310702120885253
0.5955075938545633
0.12136713415384293
0.6255500131907562
0.37555862052573097
0.6514790475368499
0.1192803755402565
0.8298984635621309
0.44910132529383356
0.7808850859291852
0.5156104872391248
0.6037484468384222
0.7144167932371298
0.24915228217141702
0.30409888407614616
0.05555892532522028
0.5419218897004612
0.20125823926646264
0.724445220362395
0.5268293076466458
0.7836147593334317
0.6875247889094882
0.6442169435322285
0.5056517942808568
0.30989569433343905
0.08849026097191705
0.5771674695861293
0.6583157923411239
0.4537060212654372
0.68177087046206
0.17381100944476202
0.746080857128478
0.13700546537126815
0.790964982339314
0.6641537141113076
0.44389988811287495
0.3843526827792327
0.6201294444035739
0.8208411186933517
0.4248595805838704
0.5350039363838732
0.5398798535045769
0.5810380670785283
0.5640919785480947
0.6874745272216387
0.0009205521084368229
0.5676907350619634
0.6087013399228454
0.7796150602710744
0.4836831339634955
0.7661159133486863
0.6964990917767864
0.5876748403534293
0.47402696911659503
0.5742756646650378
0.5139189784725507
0.8590539594491323
0.4576272221489085
0.6715494667490324
0.30180064812302587
0.46412537060678005
0.39895811019232497
0.06929270407029738
0.6957497426441738
0.41507605178048834
0.6225033636604037
0.7657155082949126
0.7694411666856872
0.6861597895622253
0.617618377506733
0.5908037424087524
0.5546868428355083
0.29482917668065056
0.6812145780505878
0.6636058328052362
0.5671674199402332
0.6039442335255444
0.30283626343589276
0.6328972833497184
0.8091995313763618
0.7742328941822052
0.691166785856088
0.34927651028847323
0.7559870824217796
0.5942332647740841
0.8182118975324556
0.24173237291526878
0.5866540960139699
0.41530332836555317
0.7835213975472883
0.42804451240226626
0.5792234615364578
0.6287875437281198
0.7390466950212916
0.5950056537985802
0.5935208648443222
0.5586979736884435
0.3778477640589699
0.4361940258079105
0.48216542861025247
0.41451182475106585
0.7717463870843252
0.572719506919384
0.6307431440800428
0.48409695621812715
0.8610489666461945
0.26165045352536254
0.785656601190567
0.5351036693900824
0.48839671108871696
0.1315526564915975
0.08827821165323257
0.37027721023187044
0.8621043264865875
0.5926404309769472
0.5314202991624674
0.3252592758217361
0.425385023932904
0.5080161971854977
0.6784896515309811
0.563234576373361
0.8043395023792982
0.6800809986889362
0.17080131149850786
0.38819810578466524
0.6159403977133999
0.5677590440609492
0.795753730667962
0.6435241449092116
0.5302653423111353
0.6849869071291044
0.7265049155269351
0.5149743586778641
0.6139432440201441
0.441070473898435
0.7452859034140905
0.35298704497316585
0.679870480671525
0.6449130708351731
