0.41825967517215756
0.5106305073946714
0.22304025662015192
0.21812194753438235
0.3337960188676204
0.39101873272253823
0.4298408614205463
0.17130416930497935
0.306984250433743
0.22639771178364754
0.2134663573039385
0.13211316263768821
0.3636247745404641
0.3436634510755539
0.28706515351465595
0.3661671891135888
0.34590469021350145
0.5129770878702402
0.43705378053709865
0.3355908988160081
0.18960224278271198
0.13192039579153061
0.11879078298807144
0.3442188346137603
0.24997473301482387
0.42138402894488536
0.25871854019351304
0.33106878373239723
0.27674201197390047
0.14989454548672906
0.3049903267349761
0.3153350366787477
0.4171796933126946
0.2717494123046183
0.09376274794340134
0.6625041100713942
0.16287116112653166
0.6813983350992203
0.0563923716545105
0.5069693045690655
0.3982651531437619
0.2643765478084485
0.08847305509779188
0.08344062566757202
0.36819639525492676
0.07539400907366403
0.07964273728430271
0.3784507442199226
0.3101975701720221
0.18416887056082487
0.3013576134108007
0.24225448991637677
0.22344752354547381
0.06889916062355042
0.23048278264468536
0.08641401926676433
0.35266714081323397
0.10817654146618831
0.4051714861680838
0.2711519273515377
0.5475840529996074
0.07103688813125093
0.19888078272924758
0.11853794753551483
0.31084010100069764
0.31097408763081247
0.20840594067703933
0.10648912191390991
0.4046367220580578
0.19377616557969965
0.12416976690292358
0.21975085412850603
0.07047157883644103
0.5164553329814225
0.2585930439759977
0.03079034960163491
0.23017828092402356
0.5549260433763266
0.018622179826100666
0.408940077573061
0.2699902204525036
0.5640468833347162
0.3727291263381226
0.16806431708391756
0.37204482504166664
0.14049060456454754
0.09727401286363602
0.35672653566871304
0.3710767714814706
0.061816057242039174
0.2043981355188104
0.1759136898908764
0.2534322965836439
0.12458349125725883
0.1948874381903027
0.357628648635
0.14468834400177003
0.06848225540791948
0.402190993539989
0.23852825909852982
0.2410557456055863
0.22948414110578597
0.30230919148639906
0.3175321212038398
0.3852072218898684
0.11507763181413923
0.3923799189188602
0.3810853411753972
0.21976167605316732
0.22491703492899737
0.2668046837594981
0.44032577738269335
0.4883198579773307
0.37739346361680265
0.16812370567479068
0.2447674841096159
0.15022335052490235
0.5811432927536467
0.13214447910690474
0.23286570608615875
0.06796822352334857
0.11775479215430096
0.2349395123310387
0.11856613731166969
0.5239521903651101
0.11546281405857631
0.30947585377310005
0.32694956846535206
0.6023156953354677
0.42879461745421094
0.21914217839948832
0.024897925625555217
0.391451928880997
0.08565760642522946
0.11421673496564229
0.411115540501972
0.49162538828594343
0.26478737834841015
0.04736905517347623
0.4415386243989425
0.38497497998178004
0.40121134246389073
0.263893107806022
0.10396409697002834
0.1030575434366862
0.5343586422502995
0.6055233828723431
0.09212214402699222
0.2851071105235153
0.3063603356422391
0.40143311345441773
0.2579414918436669
0.43673484603641555
0.34966114618712
0.4157457609350483
0.3905022461466225
0.16935633894588267
0.45094839359323186
0.07945655845105648
0.23279731302884304
0.18921762824590718
0.15617748285229835
0.3854214896758397
0.4624064303934574
0.4224364758701995
0.3258796627866104
0.03176962677389383
0.07146192819345742
0.18753428268246353
0.15488039974921516
0.22480813190340995
0.2883820803835988
0.0989612340927124
0.241867920383811
0.35848264303058386
0.09700765425805002
0.4704166402419408
0.17505742647335865
0.1472204625606537
0.23062525709392503
0.14347084157634526
0.46020818486188847
0.2576507489895448
0.30957242627628145
0.17785780914709903
0.0860705360038472
0.36952794301656205
0.3089391328394413
0.17650954457672519
0.21647770556488208
0.3547074720263481
0.3252272938306515
0.6192613809502551
0.4192730692913756
0.5359816253185272
0.3145222570747137
0.044836954349496715
0.1272106269441013
0.29094373491696185
0.18446816853247583
