0.9737843871116638
0.9943861365318298
0.9878933429718018
0.9884424805641174
0.9633337259292603
0.9747519493103027
0.9870634078979492
0.9929116368293762
0.937525749206543
0.9952548742294312
0.9787137508392334
0.9963914155960083
0.982815682888031
0.9829381704330444
0.992975115776062
0.9881739020347595
0.9855680465698242
0.9497345685958862
0.9638025760650635
0.9967561364173889
0.9839065074920654
0.9922134280204773
0.9941014051437378
0.9969242811203003
0.9894541501998901
0.9932042360305786
0.9823561906814575
0.9926971197128296
0.992175817489624
0.9935275316238403
0.9920629262924194
0.995212733745575
0.9633767604827881
0.9862056970596313
0.9860955476760864
0.9880231618881226
0.9731568694114685
0.9971820116043091
0.974353551864624
0.9967377185821533
0.9922266006469727
0.9929083585739136
0.9814103841781616
0.9931221008300781
0.9827091693878174
0.9669589996337891
0.9843413233757019
0.9629195928573608
0.9887642860412598
0.992301881313324
0.9934909343719482
0.9949809312820435
0.9702972769737244
0.9934028387069702
0.982985258102417
0.994575560092926
0.986285924911499
0.9940825700759888
0.9816012382507324
0.993963897228241
0.9718652963638306
0.9298226833343506
0.9918922185897827
0.98888099193573
0.9716731905937195
0.9743368625640869
0.9914621114730835
0.9953864812850952
0.9841034412384033
0.9937764406204224
0.9903476238250732
0.9925063848495483
0.9418504238128662
0.9939746856689453
0.984289288520813
0.9836227893829346
0.9709025025367737
0.9953606724739075
0.9829733371734619
0.993013858795166
0.9828524589538574
0.9914548397064209
0.9854071140289307
0.9976415634155273
0.9835517406463623
0.9924090504646301
0.9797882437705994
0.9929306507110596
0.9808275699615479
0.9869122505187988
0.9853476285934448
0.9836529493331909
0.9769536852836609
0.9957376718521118
0.9882474541664124
0.9879576563835144
0.9834660291671753
0.996911883354187
0.9861679077148438
0.993577241897583
0.9884300231933594
0.9985686540603638
0.9750617146492004
0.9936079978942871
0.9658743143081665
0.9940974712371826
0.9901202917098999
0.9291422367095947
0.9937996864318848
0.9980971813201904
0.9794777631759644
0.9877580404281616
0.9928045272827148
0.9942542314529419
0.9878875613212585
0.9889323711395264
0.9850770235061646
0.9958155155181885
0.9793379306793213
0.9910887479782104
0.9885208606719971
0.993775486946106
0.9764687418937683
0.99793541431427
0.98298180103302
0.998455822467804
0.9695227146148682
0.9961475133895874
0.9880930185317993
0.9885239601135254
0.9900999069213867
0.9899464845657349
0.9767599105834961
0.9893898963928223
0.9915190935134888
0.9973651170730591
0.9960179924964905
0.993468165397644
0.9856306910514832
0.9946137070655823
0.9758111238479614
0.9896351099014282
0.9904424548149109
0.986659586429596
0.988773763179779
0.9857236742973328
0.9952017068862915
0.994589626789093
0.9796651601791382
0.9898876547813416
0.9756009578704834
0.9973844289779663
0.9792802333831787
0.9844986200332642
0.9782168865203857
0.994590699672699
0.9923977851867676
0.9915176033973694
0.981708288192749
0.992356538772583
0.9927743673324585
0.9938896894454956
0.9709648489952087
0.9910047054290771
0.9909610748291016
0.9913911819458008
0.9937471151351929
0.9971198439598083
0.9847561120986938
0.9935840368270874
0.9803699851036072
0.9923651814460754
0.9839563369750977
0.9944813847541809
0.9829182624816895
0.9916536808013916
0.9934238195419312
0.989853024482727
0.9634783267974854
0.9958359003067017
0.9413852691650391
0.9958747029304504
0.9887136220932007
0.9960971474647522
0.9878313541412354
0.9869962930679321
0.9843906164169312
0.996097207069397
0.9779614806175232
0.9916550517082214
0.9880776405334473
0.991525411605835
0.9823845624923706
0.9922316074371338
0.9888338446617126
0.9872506856918335
0.9693906307220459
0.9801127910614014
0.937525749206543
0.9931675791740417
