0.985146164894104
0.9434321880340576
0.9557584449648857
0.7982630666345358
0.8546217999288014
0.9865547319253286
0.9091388583183289
0.854678193728129
0.7846517297956679
0.8679123828187585
0.8406925151745478
0.7958910573972389
0.9927917718887329
0.9929971575737
0.9296769301096598
0.9942649867799547
0.8523827854078263
0.98086978495121
0.8720623832195997
0.8556161473194758
0.9890429633004325
0.8029049098491668
0.9911477168401083
0.8939760964777734
0.9586447477340698
0.7893835797149222
0.8867554689447085
0.9941378065517971
0.9928738559995379
0.9643571291651044
0.9862454029229971
0.966651818969033
0.8838240742528191
0.9083795150121053
0.8966315019875765
0.9926470650566949
0.8819308653473854
0.9429720441500345
0.9827626571059227
0.9940151095390319
0.9923071927494473
0.8243572678572187
0.7901582576334476
0.9021325789391994
0.982154555618763
0.7464977258018085
0.7776771448552608
0.8608079424926213
0.8698112398851663
0.8389460109174252
0.9863243326544762
0.8476843982934952
0.8684294042842728
0.8390163240784948
0.877067095041275
0.9908251583576202
0.9219866519172987
0.8583410500238339
0.9936043674295599
0.8878826432757907
0.9085611568556892
0.966955175002416
0.9875030741095543
0.9888392753071256
0.966774250070254
0.7269911776400275
0.9828172028064728
0.9439359605312347
0.8390209814533591
0.990845344283364
0.9926646947860718
0.9930065373579661
0.8520702204921029
0.9918119460344315
0.8860221271868796
0.8484631967398205
0.8298074044287205
0.8831849470734596
0.8112607399700209
0.9299377650022507
0.925022636850675
0.988522599140803
0.9903463986184862
0.7495861682109535
0.7594803425483405
0.7622804157694595
0.9680747151374817
0.9940037876367569
0.9849953597242181
0.9203634129630195
0.8324066537121931
0.9809253811836243
0.9151688087015197
0.8037040352355689
0.8224848168236869
0.9798227623105049
0.7363988948719842
0.8596191629767418
0.8909526821225882
0.9914950430393219
0.8662673450178571
0.8718406544066966
0.8856234507901328
0.8561255144369271
0.9926677703857422
0.9138395562767982
0.8817247301340103
0.9545941551526388
0.8739828541874886
0.992228239774704
0.9562892516454061
0.9200608664088779
0.9839335381984711
0.8919892360766729
0.8188213639789157
0.8690241397998761
0.8211803138256073
0.9938828448454539
0.9173277450932397
0.8364789771536986
0.9895808815956115
0.9381597191095352
0.9159511588513851
0.9462103943030039
0.991631737777165
0.9935014098882675
0.9068860454218728
0.9715894162654877
0.9759373201264275
0.9939707318941752
0.8480909675359726
0.9940559983253479
0.8586273835971951
0.7911841198801994
0.9908720254898071
0.968761165936788
0.9922761150768825
0.9093181967735291
0.7984286081045866
0.9787239517484393
0.9846237301826477
0.9875571330388387
0.8155402665336927
0.9315163761377334
0.9928586065769196
0.9007305301725864
0.9915102243423461
0.7772829427073399
0.8364596847030852
0.8703338771301787
0.981960188258778
0.8831137418746948
0.9881345257163048
0.9902192155520121
0.9436981081962585
0.8445002862385341
0.843606344291142
0.9823444286982218
0.8285544053651392
0.9490956200493706
0.9912308880261013
0.8749121079324849
0.9909539024035136
0.9920977056026459
0.9677666574716568
0.74085853099823
0.9815132021903992
0.9069383628666401
0.9767461333956037
0.9335914594786507
0.9794256806373596
0.9319274084908622
0.956288026438819
0.9930517554283143
0.9092814972003301
0.9943415820598602
0.9475468893845876
0.8698712212499231
0.8364654811365264
0.9901222944259643
0.9884411841630936
0.853630450864633
0.9926530420780182
0.9148687660694123
0.9938834458589554
0.8310900798865727
0.9472144075802394
0.9474867284297943
0.9926915764808655
0.7908884454518557
0.894286892243794
0.8881529317452357
0.9889056256839207
0.993764591217041
0.9829668601353964
0.8714240443659946
0.8305771900340915
0.806296878377907
0.8787522125057876
0.9818537905812263
