[[2, 3, 9, 8, 1, 7], [24, 28, 29, 32, 2, 25, 30, 26, 3, 0, 6, 18, 27], [0, 2, 5, 3], [8, 9, 0, 4, 6, 10, 1, 2], [9, 0, 3, 10, 14, 12, 4, 7, 13], [15, 10, 0, 3, 8, 16, 18, 7, 19, 12, 11, 4], [8, 0, 4, 9, 3, 12, 7, 6], [5, 0, 6, 2, 3], [22, 0, 2, 16, 29, 3, 6, 17, 10, 9, 11, 15, 25, 26], [11, 7, 1, 8, 0, 5, 3, 9]]
[[10, 19, 12, 14, 16, 0, 3, 7, 17, 20, 2, 6, 5, 21], [11, 2, 8, 14, 12, 3, 17, 7], [5, 0, 16, 19, 1, 15], [8, 2, 9, 11, 13, 3], [16, 13, 19, 0, 14, 5, 11, 10, 17, 1], [3, 5, 7, 2, 4], [8, 2, 14, 0, 4, 6, 11, 12], [18, 12, 14, 17, 9, 7, 10, 20, 19, 4], [10, 2, 9, 4, 5, 12, 15, 18, 13, 3, 11, 23], [9, 17, 1, 0, 12, 7, 14, 5, 2, 4]]
[[27, 29, 9, 22, 31, 7, 12, 6, 30, 15, 16, 33, 14, 21, 32, 8, 10, 19, 20, 35], [12, 15, 2, 18, 17, 4, 7, 21, 23, 25], [18, 28, 11, 0, 14, 25, 12, 3], [7, 2, 5, 8], [6, 2], [21, 1, 6, 0, 10, 2], [22, 7, 0, 1, 9, 15, 12, 5], [13, 18, 1, 3, 6, 4, 14, 19, 2, 8, 17, 21]]
[[31, 19, 5, 13, 23, 26, 0, 6, 11, 21, 4, 10, 8, 24, 20, 27, 22, 14], [13, 1, 8, 17, 2, 14, 18, 5, 0, 6], [7, 35, 37, 47, 16, 29, 27, 54, 4, 11, 23, 42, 50, 0, 9, 17, 51, 19, 28, 31, 55, 33], [7, 13, 3, 14, 6, 10, 16, 20, 25, 4, 17, 21, 24, 0]]
[[9, 5, 0, 3, 15, 2, 10, 13, 12, 8], [14, 31, 7, 16, 20, 3, 10, 22, 24, 25, 0, 4, 26, 9], [4, 10, 8, 3, 7, 2, 5, 23, 25, 11], [6, 1, 15, 0, 14, 3], [11, 2, 18, 0, 17, 5, 15, 1], [14, 25, 8, 17, 18, 3, 2, 9, 11, 7, 0, 5, 12], [7, 16, 3, 4, 11, 17, 0, 5]]
[[8, 14, 27, 4, 11, 19, 23, 32, 2, 6, 12, 20, 24, 30, 18, 28], [6, 23, 25, 12, 31, 0, 9, 16, 21, 4, 13, 19, 26, 32, 30, 7, 10, 22], [2, 15, 23, 4, 9, 0, 16, 20, 19, 5, 17, 8], [0, 5, 8, 10, 13, 1, 9, 7], [11, 1, 4, 8, 14, 5, 9, 12, 3, 15], [8, 11, 18, 24, 6, 16, 22, 3, 13, 21, 2, 12, 25, 17, 4, 14]]
[[27, 20, 5, 9, 16, 22, 25, 30, 32, 0, 6, 14, 23, 4, 13, 21, 3, 26], [1, 8, 14, 3], [4, 8, 10, 0, 13, 2, 12, 3, 15], [22, 2, 7, 8, 11, 13, 16, 5, 4, 3, 6, 0], [17, 21, 24, 3, 7, 13, 16, 4], [10, 21, 2, 5, 11, 4, 18, 3, 17, 0, 6, 7], [9, 5, 12, 15, 3, 6, 16, 0, 11, 10, 2]]
[[8, 10, 16, 0, 5, 11, 4, 9, 3, 7, 17, 12], [1, 10, 3, 13, 15, 4, 2, 11, 12, 0, 9, 14], [14, 19, 25, 10, 21, 27, 0, 11, 3, 8], [14, 8, 21, 1, 15, 18, 0, 22, 11, 10, 16], [1, 4, 6, 12, 26, 13, 16, 19, 9, 3, 24, 2, 23, 0, 28, 25, 7, 29], [1, 4, 8, 5]]
[[8, 15, 20, 5, 13, 3, 2, 18, 12, 6, 19, 21, 11, 17], [5, 12, 16, 7, 17, 1, 10, 4], [6, 12, 10, 2, 5, 14, 0, 13], [13, 19, 1, 10, 12, 22, 20, 23, 18, 2], [7, 9, 5, 3, 4, 10, 13], [15, 3, 17, 0, 4, 12, 18, 2, 11, 9], [11, 6, 13, 16, 14, 4, 3, 17], [17, 5, 6, 22, 4, 3, 21, 19, 23, 7, 9], [9, 18, 16, 12, 0, 10, 14, 7, 3, 11]]
[[29, 19, 22, 0, 7, 6, 14, 20, 13, 12, 10, 17, 23, 26, 30, 8, 15], [12, 2, 8, 15, 20, 0, 16, 3, 10, 5, 9, 13, 11, 17], [11, 20, 30, 0, 6, 17, 2, 1, 21, 31, 12, 18, 23], [16, 19, 33, 2, 21, 1], [17, 28, 1, 3, 6, 23, 26, 24, 2, 31], [6, 21, 25, 17, 27, 9, 4, 13, 22, 26, 16, 31, 2, 15, 18, 0], [9, 4, 8, 13, 7], [17, 23, 29, 4, 0, 19, 25, 5, 20, 13, 7, 27, 6, 26]]
[[7, 15, 0, 3, 11, 16, 10, 2, 8, 6], [3, 10, 13, 14, 1, 8, 0, 7, 2, 9], [0, 6, 8, 13, 17, 9, 20, 22, 26, 12], [8, 16, 19, 24, 3, 11, 13, 17, 6, 21, 10, 2, 9, 26, 4, 14, 22, 25], [98, 106, 7, 84, 105, 3, 25, 37, 41, 53, 63, 75, 86, 90, 92, 96, 100, 112, 117, 0, 4, 35, 46, 51, 61, 64, 77, 87, 93, 109, 8, 82, 23, 45, 85, 107, 50, 72], [3, 6, 10, 15, 18, 21, 19, 17]]
[[7, 10, 12, 18, 4, 15, 3, 11, 9, 13, 5, 16, 19], [6, 3, 10, 1, 4, 8, 7, 15, 0], [1, 4, 7, 9, 12, 22, 24, 27, 20, 28, 3, 2, 19, 5, 23, 25, 13], [9, 1, 6, 12, 15, 17, 19, 10, 3, 2], [4, 20, 1, 7, 8, 2, 5, 21, 23]]
[[3, 11, 4, 8, 12, 2, 10, 14], [8, 11, 17, 1, 19, 4], [4, 22, 28, 0, 2, 11, 9, 12, 18, 23, 20, 8, 7, 5], [0, 3, 6, 1], [7, 17, 10, 6, 18, 3, 19, 13], [8, 13, 15, 2, 5, 9, 12, 0, 1, 14]]
[[16, 5, 9, 12, 20, 3, 10, 13, 17, 19, 2, 8, 7, 0], [1, 4, 9, 7, 0, 5], [7, 13, 11, 18, 0, 6], [13, 16, 3, 7, 0, 20, 2, 17, 18, 19, 6, 21], [15, 4, 7, 10, 20, 23, 30, 1, 8, 18, 24, 28, 0, 2, 25]]
[[21, 28, 38, 24, 8, 25, 18, 31, 7, 13, 17, 12, 9, 14, 26], [19, 2, 4, 21, 0, 5, 24, 3, 6, 20], [14, 2, 18, 16, 12, 11, 15, 3, 7], [11, 16, 1, 3, 18, 8, 22, 24, 26, 27, 7, 2, 19, 20, 0, 17], [17, 26, 20, 23, 0, 1, 2, 24, 28, 22, 7, 21, 27, 19, 8, 12, 29], [8, 22, 4, 1, 19, 15, 17, 14, 5, 2, 7, 20]]
[[6, 10, 18, 4, 16, 3, 15, 7, 11, 19], [16, 20, 24, 27, 10, 2, 6, 8, 11, 21, 14, 1], [9, 6, 11, 17, 4, 7, 14, 2, 15, 18, 0], [9, 3, 7, 10, 2, 1, 6, 4], [23, 6, 2, 15, 19, 0, 3, 9, 13, 5, 8, 12], [16, 3, 5, 8, 11, 6, 4, 1], [19, 2, 1, 9, 11, 6, 5, 3, 0, 7], [2, 20, 4, 6, 12, 0, 5, 22, 1, 9], [8, 3, 11, 14, 0, 12, 5, 2]]
[[13, 22, 17, 10, 3, 8, 5, 7, 19, 2, 18, 16, 12, 11], [13, 1, 4, 0, 2, 8], [8, 11, 3, 2, 4, 19, 22], [6, 12, 3, 8, 19, 1, 17, 2, 0, 16], [10, 18, 5, 8, 14, 2, 3, 12, 9, 6, 15, 4], [2, 4, 1, 0, 7], [8, 14, 1, 9, 6, 12, 3, 2]]
[[7, 10, 12, 19, 3, 20, 2, 11, 9, 13, 22, 17], [], [16, 3, 6, 9, 11, 7, 1, 4], [14, 23, 33, 1, 15, 19, 26, 29, 31, 3, 27, 2, 4, 16, 24, 9, 11, 18, 6, 7, 17, 20]]
[[10, 14, 19, 22, 0, 5, 4, 11, 13, 9, 16, 17, 20, 23], [6, 3, 9, 2, 1, 7, 4, 0], [15, 7, 23, 0, 16, 6, 21, 1, 8, 5, 11], [19, 11, 3, 6, 21, 0, 7, 16, 22, 20], [20, 12, 23, 0, 5, 16, 30, 1, 6, 9, 17, 21, 25, 27, 31, 13], [19, 10, 23, 31, 0, 14, 28, 1, 7, 15, 20, 26, 29, 33, 11, 25, 32, 24], [3, 9, 11, 15, 7, 12], [13, 26, 15, 5, 14, 22, 29, 31, 0, 20, 6, 7, 18, 16]]
[[7, 4, 11, 12, 2, 1, 5, 6], [16, 2, 1, 7, 13, 3, 18, 5], [8, 26, 2, 5, 9, 13, 23, 14, 17, 4, 3, 10, 24, 11, 19], [19, 0, 11, 14, 23, 26, 3, 5, 15, 21, 27, 9, 8, 10], [10, 2, 12, 9, 7, 13, 18, 4, 15, 3], [2, 10, 12, 13, 19, 3, 20, 4, 14]]
[[21, 9, 15, 11, 5, 12, 18, 10, 17, 14, 0, 2, 19], [19, 15, 2, 18, 7, 10], [3, 20, 1, 11, 9, 14, 2, 8, 7], [13, 1, 4, 17, 5, 11, 15, 10, 3, 2], [7, 18, 2, 15, 21, 16, 19, 4, 10, 20], [16, 0, 9, 19, 26, 13, 17, 20, 1, 30, 6, 4], [10, 14, 7, 18, 3, 6, 0, 11, 4, 8, 1, 19]]
[[9, 4, 7, 20, 5, 16, 3, 15, 10, 6, 8, 11], [16, 19, 28, 1, 7, 14, 21, 12, 22, 5, 11, 2, 26, 0, 25, 20, 23], [12, 16, 23, 29, 36, 7, 9, 34, 39, 46, 3, 43, 26, 2, 8, 14, 17, 30, 38, 45, 41, 47, 10, 31, 33, 37, 40, 44], [5, 16, 20, 24, 9, 25, 14, 1, 2, 17, 7, 3, 11, 12, 21, 15], [11, 0, 19, 3, 6, 9, 5, 12, 7, 1, 10, 15]]
[[5, 25, 13, 8, 19, 23, 0, 3, 6, 9, 20, 26, 2, 14, 16, 12], [8, 9, 4, 13, 1, 5, 0, 10, 2, 11], [15, 6, 7, 12, 1, 11, 3, 4, 8], [1, 4, 13, 16, 3, 12, 2, 10], [4, 9, 15, 21, 2, 6, 12, 19, 22, 3, 18, 5], [6, 12, 27, 0, 14, 16, 13, 18, 2, 21, 1, 15, 17, 9, 7], [4, 10, 11, 6, 16, 2], [5, 8, 25, 35, 17, 21, 11, 14]]
[[12, 19, 16, 22, 6, 23, 9, 5, 20, 21, 11, 13, 18, 0], [13, 1, 3, 7, 4, 2, 18, 0, 19], [6, 7, 4, 10], [0, 2, 19, 6, 14, 23], [17, 4, 0, 10, 14, 20, 8, 6, 5, 16, 7, 13, 15], [17, 6, 0, 13, 22, 9, 11, 14, 23, 7, 19, 1], [11, 5, 4, 13, 6, 8, 12, 14, 9], [10, 1, 8, 20, 4, 23, 6, 24, 18, 3, 9, 27, 2, 22], [19, 2, 13, 8, 6, 9, 15, 3, 5, 14]]
[[6, 8, 10, 13, 16, 4, 11, 15, 3, 0, 7, 17], [11, 16, 8, 29, 14, 0, 2, 23, 26, 24], [0, 15], [6, 12, 20, 1, 7, 18, 15, 17, 19, 2], [13, 5, 0, 7, 17, 11, 14, 6, 16, 12], [2, 5, 1, 3], [3, 2, 8, 10, 7, 4], [12, 4, 17, 6, 3, 0, 15, 19, 13, 21, 9, 5], [14, 4, 12, 2, 1, 9, 8, 15, 11, 6], [4, 0, 6, 11, 16, 18, 20, 25], [13, 22, 4, 10, 9, 14, 18, 23, 15, 16], [16, 24, 1, 3, 5, 21, 19, 8, 2, 0, 11, 25, 9]]
[[12, 16, 7, 13, 17, 4, 1, 6, 15, 10], [17, 25, 28, 11, 23, 27, 2, 21, 26, 3, 10, 12, 29], [0, 5, 2, 8, 4, 6, 1, 10], [15, 23, 2, 1, 4, 6, 9, 17, 18, 3, 0], [14, 19, 24, 9, 17, 27, 4, 10, 15, 3, 8, 2, 23, 7, 20, 21], [10, 11, 4, 7, 17, 0, 5, 8, 15, 2], [7, 14, 18, 3, 2, 15, 5, 10, 21, 4, 8, 16, 19, 11], [5, 15, 16, 8]]
[[10, 18, 7, 9, 13, 16, 5, 14, 19, 4, 8, 11], [13, 4, 9, 15, 2, 1, 8, 0, 7], [0, 5, 10, 9, 12], [2, 5, 8, 12, 0, 13, 10, 3, 7], [3, 5, 0, 6, 13, 4, 10, 11], [0, 9, 17, 5, 1, 11, 2, 3, 10, 18], [4, 9, 13, 0, 10, 12, 7, 14, 2, 11], [15, 2, 4, 9, 3, 5, 6, 16], [4, 6, 1, 7]]
[[7, 11, 9, 3, 2, 8, 6, 10, 4], [14, 9, 6, 16, 2, 18], [3, 9, 1, 12, 15, 16, 2, 8, 4, 17], [20, 2, 8, 10, 12, 15, 3, 1, 6, 5, 7], [8, 2, 0, 6, 12, 3, 7, 9], [13, 24, 1, 9, 18, 4, 3, 2, 19, 0], [12, 22, 0, 7, 10, 17, 8, 6, 5, 4, 13, 23]]
[[22, 23, 0, 17, 26, 3, 6, 10, 15, 18, 27, 24, 30, 5, 14, 9], [9, 19, 1, 11, 21, 16, 5, 14, 17, 8], [0, 12, 15, 14, 2, 9, 1, 16], [21, 0, 19, 3, 8, 17, 23, 10, 16, 12, 15, 1, 4, 13], [11, 12, 7, 23, 0, 18], [16, 26, 8, 6, 1, 19, 12, 17, 27, 29], [15, 18, 0, 5, 9, 13, 22, 1, 7, 10]]
[[5, 11, 17, 14, 20, 0, 3, 8, 2, 10, 6, 4, 15, 18], [2, 4, 7, 10, 14, 0, 5, 3, 6, 16, 8, 18], [4, 6, 0, 7, 3, 9, 1, 8], [12, 9, 16, 2, 17, 6, 3, 10], [5, 15, 22, 17, 20, 8, 11, 0, 2, 4, 18, 6, 19, 16], [4, 6, 11, 12, 5, 14, 16, 0], [6, 9]]
[[8, 10, 0, 3, 5, 11, 14, 2], [11, 27, 2, 4, 16, 22, 5, 17, 23, 28, 31, 30, 14, 3, 21, 25, 0, 24, 32], [7, 11, 0, 9, 13, 4, 14, 8, 12, 5], [2, 6, 11, 0, 4, 12, 9, 3], [1, 5, 10, 3, 6, 11, 2, 0], [0, 8, 6, 12, 5, 11, 10, 3, 13], [13, 3, 8, 1, 6, 5, 12, 9], [9, 22, 26, 3, 11, 0, 7, 12, 16, 6, 4, 2, 13, 17, 23], [9, 0, 12, 6, 13, 5, 11, 10], [18, 13, 16, 3, 5, 14, 2, 8, 9, 11, 7, 20], [8, 2, 11, 3, 5, 9, 7, 0], [13, 2, 5, 14, 16, 12], [6, 14, 17, 8, 4, 0, 3, 15]]
[[4, 8, 2, 6, 9, 1], [0, 14, 4, 9, 1, 10, 2, 11, 12, 8], [1, 4, 31, 7, 16, 30, 27, 25, 0, 23, 26, 29, 32, 2, 28, 20], [6, 3, 2, 1, 7], [18, 6, 16, 21, 5, 15, 13, 14, 19, 20], [7, 1, 13, 9, 5, 10, 17, 2, 14, 4, 16], [9, 18, 5, 3, 15, 14, 12, 13], [10, 2, 8, 16, 12, 4, 3, 6, 11, 13], [18, 5, 3, 14, 12, 13, 19, 17], [9, 7, 12, 14, 2, 3, 5, 11, 13], [11, 20, 15, 0, 5, 8, 18, 2]]
[[7, 4, 9, 10, 12, 1, 8, 6], [11, 19, 2, 13, 6, 0, 7, 20, 3, 12], [2, 4, 5, 8, 3, 6], [8, 10, 13, 20, 1, 4, 7, 2, 0, 15], [0, 9, 3, 6], [2, 4, 5, 11, 16, 15, 3, 14, 13, 8, 9, 17], [20, 6, 17, 2, 8, 22, 19, 7], [13, 26, 2, 7, 5, 11, 4, 3, 19, 24], [5, 12, 21, 7, 10, 15, 8, 1, 22, 24, 0]]
[[11, 20, 0, 14, 2, 5, 9, 12, 15, 4, 8, 6], [14, 21, 16, 9, 19, 7], [2, 7, 9, 0, 8], [3, 1], [7, 1, 9, 13], [13, 1, 5, 3], [21, 7, 10, 19, 2, 11, 20, 15], [16, 6, 12, 19, 8, 2], [7, 13, 4, 10]]
[[27, 0, 9, 16, 19, 35, 38, 1, 7, 17, 24, 31, 36, 22, 6, 12], [22, 2, 4, 14, 8, 18, 20, 0], [3, 6, 8, 10, 12, 4, 13, 1], [15, 3, 18, 5, 8, 10], [11, 7, 9, 5, 13, 18, 2, 12], [16, 25, 7, 17, 5, 8, 2, 10], [11, 7, 14, 21, 5, 19], [16, 0, 3, 5, 1, 9, 4, 6, 13, 17], [17, 22, 4, 19, 2, 15, 20, 1, 11, 0]]
[[14, 4, 11, 18, 9, 3, 8, 2, 15, 12, 16, 13], [7, 10, 16, 15, 4, 9, 12, 2, 1, 17], [16, 19, 8, 1, 4, 10, 7, 13, 17, 5], [8, 11, 2, 1, 0, 12, 3], [0, 17, 4, 10, 25, 28, 5, 19, 3, 22, 1, 24, 16, 14], [18, 20, 2, 12, 14, 3, 15, 21, 5, 13, 11], [6, 14, 15, 11, 3, 4, 2, 5], [12, 23, 8, 5, 9, 17, 7, 4, 16, 3, 10, 11, 24], [9, 7, 13, 4, 12, 0, 5, 10]]
[[5, 12, 3, 7, 11, 2, 9, 8], [5, 8, 13, 16, 3, 10, 20, 19, 2, 12, 14, 9, 6], [10, 4, 13, 15, 16, 0, 3, 6, 2, 11], [6, 3, 7, 2, 11, 0, 8, 9], [10, 2, 4, 6, 17, 19, 22, 25, 29, 20, 27, 3, 15, 23, 11, 12], [4, 8, 11, 2, 5, 3, 0, 6], [8, 4, 5, 15, 17, 2, 18, 14], [15, 3, 9, 18, 4, 2, 5, 10, 19]]
[[15, 8, 17, 20, 23, 26, 6, 9, 13, 18, 21, 27, 5, 16], [5, 19, 10, 3, 18, 14, 12, 1, 22, 0, 11, 21], [24, 29, 4, 10, 19, 26, 8, 13, 17, 27, 7, 1, 6, 22, 5, 12, 21, 30], [22, 5, 2, 13, 0, 3, 9, 27, 6, 11, 14, 19, 25, 8, 16, 29], [24, 1, 11, 14, 20, 29, 32, 12, 21, 25, 30, 17, 7, 3, 2, 6], []]
[[20, 15, 16, 11, 23, 0, 3, 9, 12, 24, 6, 2], [8, 14, 0, 10, 4, 5, 9, 7, 3, 16], [5, 0, 2, 4], [4, 7, 10, 2, 1, 0, 5], [18, 14, 21, 0, 6, 11, 12, 22, 2, 20], [16, 0, 11, 24, 1, 9, 5, 18, 8, 13], [7, 4, 24, 2, 5, 18], [36, 2, 4, 18, 20, 14, 27, 31, 33, 0, 8, 25, 29, 34, 22, 3]]
[[7, 10, 5, 11, 4, 8], [6, 14, 16, 13, 4, 19, 2, 9, 15, 1, 12, 18], [12, 19, 6, 16, 7, 13, 17, 11], [0, 20, 24, 30, 8, 7, 4, 10, 16, 28], [21, 3, 2, 6, 9, 18, 0, 7, 4, 12, 13, 10]]
[[11, 20, 24, 4, 2, 25, 15, 23, 1, 8, 9, 7, 12, 13, 5, 10], [17, 1, 4, 2, 0, 10, 13, 15], [3, 9, 1, 10, 0, 6], [12, 4, 10, 3, 8, 5], [3, 9, 20, 1, 6, 13, 17, 21, 12, 16, 0, 4, 22, 18], [22, 2, 10, 4, 20, 6, 19, 11, 5, 15, 23], [12, 2, 6, 9, 3, 10, 4, 13], [10, 1, 3, 7, 2, 0], [15, 1, 5, 13, 20, 4]]
[[32, 38, 9, 13, 27, 29, 36, 7, 15, 25, 34, 6, 22, 24, 28, 33, 30, 14, 16], [15, 23, 0, 3, 13, 17, 19, 1, 6, 9], [3, 9, 18, 23, 0, 10, 13, 12, 8, 16, 22, 19, 15, 21], [17, 24, 6, 7, 21, 10, 12, 22, 2, 15, 4, 27, 14, 18, 25, 8], [31, 35, 8, 7, 2, 10, 13, 16, 21, 23, 26, 25, 9, 29, 30, 32, 22, 0, 4, 11, 20, 33], [12, 3, 24, 1, 21, 17, 0, 6, 19, 10, 15, 9, 18, 13]]
[[16, 7, 12, 5, 10, 13, 17, 15, 8, 9, 0, 3], [25, 17, 8, 10, 12, 19, 6, 1, 5, 18, 4, 0, 16, 13], [25, 36, 4, 12, 3, 19, 32, 8, 13, 5, 11, 7, 10, 34], [7, 17, 0, 9, 12, 16, 2, 10, 21, 8, 20, 1, 18, 22], [0, 8, 1, 9], [10, 6, 15, 18, 20, 2, 13, 21], [12, 18, 29, 8, 15, 25, 6, 13], [10, 4, 12, 15, 18, 20, 24, 1, 11, 8, 0, 9, 21, 2, 13], [14, 1, 8, 20, 12, 16, 3, 9, 2, 6], [15, 23, 4, 7, 10, 11, 21, 8, 5, 18, 3, 17, 12, 0]]
[[5, 2, 7, 10, 3, 8, 11, 1, 9, 12], [13, 8], [0, 15, 8, 19, 1, 6, 16, 4], [25, 22, 13, 16, 0, 10, 14, 20, 26, 5, 23, 24, 17, 21], [10, 18, 28, 31, 3, 6, 8, 12, 25, 29, 34, 5, 24, 33], [8, 11, 19, 23, 4, 9, 13, 17, 6, 16, 12, 15], [2, 5, 3, 6], [15, 5, 7, 1], [14, 5, 11, 6, 8, 2, 4, 1, 0, 12]]
[[23, 8, 5, 10, 13, 16, 0, 3, 11, 14, 2, 20, 9, 24], [14, 17, 12, 2, 6, 11, 19, 22, 0, 3], [12, 0, 2, 3, 4, 8], [21, 0, 13, 18, 3, 14, 19, 9, 11, 10], [9, 12, 19, 20, 0, 7, 13, 6, 22, 8, 1, 18], [13, 1], [17, 32, 12, 14, 39, 0, 4, 10, 15, 20, 36, 40, 9, 25], [11, 4, 2, 13, 17, 6, 16, 1, 9, 23, 22, 12, 20, 14, 18]]
[[10, 3, 2, 8, 11, 4], [10, 17, 1, 3, 6, 13, 14, 2, 0, 4], [9, 4, 7, 2, 1, 10, 3, 6, 8, 5], [10, 0, 9, 1, 14, 5], [10, 3, 6, 1, 4, 13, 18, 16, 12, 11, 7, 17], [7, 0, 2, 4, 16, 5, 13, 19, 11, 24, 12, 21, 3, 22], [3, 1, 5, 10, 2, 0, 6, 9]]
[[13, 18, 5, 15, 20, 3, 2, 10, 9, 6, 8, 21], [3, 8, 17, 15, 0, 1, 12, 4, 13, 5], [10, 25, 30, 6, 16, 22, 0, 3, 13, 14, 20, 2, 26, 4, 17, 27], [14, 3, 19, 24, 28, 31, 34, 36, 21, 25, 7, 20, 17, 35, 4, 22, 26, 29, 37]]
[[22, 15, 14, 4, 11, 17, 20, 2, 9, 12, 18, 1, 16, 7, 8, 6], [8, 1, 3, 9, 5, 14], [8, 4, 15, 5, 9, 13], [18, 3, 16, 13, 0, 11], [7, 1, 9, 12, 15, 10, 14, 8, 6, 17], [17, 21, 24, 11, 5, 18, 23, 3, 13, 30, 19, 28, 2, 7, 10, 27, 22, 25], [7, 20, 10, 12, 2, 1, 0, 8, 21, 3]]
[[18, 8, 10, 4, 13, 2, 11, 1, 9, 7, 12, 5], [9, 21, 1, 13], [5, 9, 11, 14, 12, 15, 1, 10], [6, 1, 8, 12, 14, 2, 4, 0], [18, 1, 12, 4, 9, 3], [4, 5, 1, 0, 6, 7], [6, 12, 0, 4, 9, 10, 1, 2, 7, 11], [7, 3, 12, 17, 0, 5, 18, 4, 13, 14]]
[[15, 17, 6, 12, 18, 9, 5, 11, 7, 13], [16, 1, 3, 6, 11, 18, 4, 19, 2, 15], [15, 4, 7, 17, 2, 8, 0, 16], [8, 4, 10, 13, 0, 5, 14, 2, 9, 3], [12, 28, 4, 17, 1, 2, 7, 13], [13, 4, 1, 10, 2, 7, 14, 5, 6, 11, 8], [5, 18, 12, 0, 7, 3, 10, 16, 14, 1], [8, 23, 10, 1, 9, 6, 14, 16, 18, 12, 3, 11, 4]]
[[12, 19, 25, 9, 0, 3, 7, 2, 6, 15], [16, 6, 9, 20, 12, 1, 5, 2, 7, 0, 17, 18, 28, 8], [21, 11, 12, 15, 0, 1, 4, 8, 13, 16, 19, 14], [7, 19, 38, 5, 4, 20, 9, 22, 29, 0, 11, 15, 6, 16, 35, 8, 21, 3, 23, 12, 18], [15, 27, 33, 3, 5, 20, 30, 6, 10, 4, 11, 18, 2, 21, 0, 7, 28, 31], [7, 11, 0, 2, 18, 15], [7, 11, 5, 10, 4, 0, 20, 21, 12, 13], [10, 17, 3, 7, 1, 0]]
[[7, 10, 14, 20, 23, 0], [11, 13, 9, 3], [26, 1, 21, 4, 23, 14, 9, 15, 24, 3, 22, 2], [13, 1, 9, 4, 0, 15], [6, 10], [9, 14, 20, 1, 2, 18, 11, 21, 12, 15, 19]]
[[22, 33, 12, 7, 18, 24, 28, 41, 5, 16, 19, 25, 31, 42, 15, 4, 13, 34, 0, 1, 3, 36, 11, 8], [9, 2, 8, 12, 16, 13, 18, 0, 10, 6], [15, 18, 22, 0, 16, 7, 21, 4, 6, 12, 8, 23, 1, 2], [5, 7, 11, 14, 1, 9], [9, 20, 5, 6, 11, 13, 23, 7, 0, 8, 3, 2, 21], [22, 2, 4, 8, 5, 10, 3, 18, 24, 0, 6, 14], [6, 14, 20, 1, 9, 18, 21, 23, 24, 8]]
[[12, 0, 5, 9, 15, 8, 14, 11, 10], [2, 6, 7, 5], [10, 7, 0, 9, 2, 6, 5], [7, 3, 0, 8, 4, 12, 2, 13], [3, 9, 1, 2], [0, 1, 4, 8], [8, 10, 4, 5, 13, 2, 9, 12], [16, 0, 3, 4, 7, 17, 6, 20, 13, 1], [10, 0, 13, 16, 1, 7, 14, 17, 12, 6, 15, 8], [7, 4, 11, 12, 9, 2, 8, 13, 3], [4, 11, 6, 9, 14, 17, 15, 18]]
[[17, 4, 8, 11, 19, 2, 12, 1, 7, 6, 20, 9], [16, 1, 22, 3, 6, 9, 14, 24, 7, 12, 19, 2], [5, 7, 9, 12, 0, 10, 13, 4], [19, 22, 25, 4, 11, 28, 31, 5, 23, 29, 32, 3], [23, 26, 4, 14, 6, 0, 15, 29, 1, 16, 24, 30], [15, 16, 0, 6, 4, 11, 8, 10, 17, 13], [3, 2], [14, 15, 5, 11, 12, 3, 2, 9, 19, 20, 7, 6], [13, 4, 5, 2, 6, 7], [15, 19, 8, 12, 1, 3, 0, 16]]
[[6, 0], [9, 12, 2, 6, 10, 13], [5, 2, 7, 0], [14, 0, 4, 3], [26, 12, 22, 0], [8, 3, 0, 9], [11, 6, 14, 0, 18, 23, 8, 17], [21, 6, 16, 0, 9, 11, 17, 22, 25, 8], [12, 2, 4, 15, 5, 7, 13, 16], [16, 0, 4, 9, 12, 2, 13, 21]]
[[11, 21, 13, 15, 23, 2, 16, 1, 5, 6, 4, 24], [19, 5, 2, 1, 0, 17, 3], [11, 24, 26, 17, 0, 8, 22, 5, 18, 19, 6, 7, 15, 12, 25, 16], [5, 10, 7, 12, 13, 0, 3, 2, 16], [7, 15, 17, 13, 2, 20, 14, 5, 8, 16], [5, 1, 7, 3], [1, 10, 5, 16, 18, 0, 14, 6, 19, 7], [13, 0, 9, 12, 18, 7, 16, 6], [1, 12, 21, 7, 16, 24, 27, 25, 11, 8, 17, 10, 14, 15, 2, 20], [4, 10, 12, 1, 16, 13, 17, 2, 3, 0, 5, 6], [0, 5, 11, 8, 1, 6, 10], [9, 13, 15, 1, 7, 2, 6, 3, 0, 12, 16]]
[[31, 28, 5, 23, 0, 6, 12, 20, 24, 29, 4, 27, 11, 15, 3, 19, 14, 9], [4, 10, 2, 8, 12, 15, 0, 6, 13, 3], [13, 24, 3, 4, 7, 16, 17, 18, 2, 1, 0, 14, 10], [5, 7, 11, 3, 2, 4, 0], [5, 13, 8, 10, 7, 15, 20, 0, 16, 2, 9, 14], [7, 0, 3, 10, 2, 1, 8, 11], [3, 4, 6, 12, 15, 13, 9, 2], [5, 1, 13, 2, 4, 6, 10, 16, 0, 7], [8, 12, 20, 22, 1, 6, 18, 2, 4, 9, 13, 0, 5, 10], [2, 5, 9, 12, 10, 4], [2, 1, 11, 13, 17, 7], [6, 0, 8, 10, 21, 1, 19, 7, 18, 4, 11, 14]]
[[14, 27, 4, 8, 11, 24, 2, 9, 12, 22, 28, 1, 21, 25], [3, 14, 7, 0, 1, 6], [3, 1, 8, 5], [7, 10, 2, 13, 0, 1, 11, 14], [7, 3, 1, 2, 5], [13, 4, 2, 1, 0, 9], [4, 8, 2, 17, 1, 16, 15, 11], [7, 3, 12, 8, 1, 11, 10, 4], [22, 14, 26, 2, 4, 12, 16, 18, 23, 25], [18, 8, 12, 15, 2, 6, 10, 1, 5, 4, 16, 19, 14], [12, 15, 29, 5, 4, 9, 1, 27, 0, 11, 23, 17]]
[[15, 19, 8, 6, 5, 12, 23, 18, 11, 22, 20, 0, 9, 13, 24], [14, 4, 7, 2, 1, 0, 3, 8, 15, 16], [22, 4, 7, 8, 10, 14, 17, 25, 15, 18, 23, 26, 0, 2, 3, 13], [4, 11, 13, 12, 18, 1, 0, 21, 16, 20], [10, 13, 4, 14, 3, 8, 2, 7], [1, 10, 11, 15, 3, 2, 4, 0], [14, 6, 5, 19, 2, 11, 17, 0, 3, 9, 12, 7, 8, 15], [5, 20, 8, 13, 1, 9, 0, 6], [6, 4, 2, 7, 1, 11, 0, 10, 12]]
[[0, 12, 15, 18, 21, 2, 6, 10], [15, 13, 0, 6, 7, 5], [26, 5, 36, 37, 20, 30, 33, 0, 19, 29, 38, 39], [7, 14, 1, 8, 15, 24, 25, 0, 6, 11], [5, 0, 10, 6, 19, 8, 21, 14], [13, 0, 7, 8, 16, 2], [10, 3, 7, 6, 1, 2, 11], [13, 1, 6, 10, 9, 3, 2, 5]]
[[7, 12, 9, 4, 3, 8, 13, 11, 6, 14, 10], [16, 24, 2, 4, 15, 21, 27, 5, 13, 19, 22, 1, 10, 0, 18, 11], [0], [4, 7, 2, 6], [21, 1, 8, 13, 2, 0, 5, 3], [4, 7, 2, 5, 1, 0, 3, 6, 8, 22]]
[[27, 31, 11, 7, 14, 16, 20, 28, 0, 3, 12, 17, 21, 2], [9, 0, 6, 3, 4, 8], [8, 3, 6, 1], [6, 10, 12, 0, 2, 7, 5, 8], [6, 11, 19, 14, 16, 0, 4, 9], [0, 10, 15, 23, 24, 4, 2, 5], [5, 1, 19, 3, 11, 9, 2, 16, 10, 20], [5, 11, 6, 14, 2, 10, 8, 15, 7, 12, 0, 1]]
[[8, 19, 5, 13, 16, 21, 3, 14, 2, 12, 17, 20, 11, 0, 6], [10, 3, 5, 1, 4, 0, 11, 6], [10, 0, 4, 6, 8, 11, 1], [5, 11, 6, 2, 10, 1, 3, 0], [4, 2, 13, 0, 6, 10, 5, 12, 9, 8], [8, 12, 13, 16, 5, 9, 14, 2, 4, 18], [8, 3, 5, 11, 6, 9, 13, 2], [30, 60, 26, 1, 4, 11, 21, 32, 39, 41, 48, 58, 68, 69, 70, 73, 2, 9, 12, 19, 22, 42, 55, 62, 71, 74, 45, 18]]
[[7, 13, 16, 0, 3, 11, 17, 20, 10, 19, 2, 8, 6, 15, 21], [3, 10, 13, 15, 0, 5], [4, 3, 8, 6, 2, 1], [11, 13, 3, 8], [15, 6, 13, 0, 4, 11, 18, 5], [12, 0, 6, 17, 1, 7], [6, 8, 0, 9, 3, 5], [4, 11, 14, 2, 13, 10, 1, 3, 9, 5], [23, 6, 24, 3, 8, 13, 17, 22, 28, 0, 4, 9], [1, 4, 6, 7, 5, 2], [14, 3, 9, 4, 2, 16, 5], [15, 1, 3, 7, 17, 18, 2, 11, 10, 0, 4, 12]]
[[10, 21, 12, 15, 2, 18, 1, 6, 7, 8, 0, 5, 22], [11, 15, 0, 4, 8, 22, 7, 20], [14, 3, 5, 9, 6, 2, 15, 4], [20, 5, 0, 15, 24, 7, 22, 17, 6, 21, 8, 10, 3, 13, 11], [17, 6, 10, 14, 19, 21, 0, 8, 11, 7, 23, 24, 18, 9, 4], [4, 8, 9, 2, 1, 19, 5, 10, 13, 16], [11, 3, 1, 4], [9, 4, 12, 15, 17, 2, 11, 0, 6, 3, 10], [2, 4, 10, 8, 13, 7, 5, 12, 0]]
[[20, 11, 4, 7, 17, 2, 9, 18, 16, 1, 6, 12], [13, 0, 4, 7, 10, 6, 9, 12, 1, 14, 15], [12, 0, 8, 16, 9, 14, 2, 6], [3, 21, 0, 14, 15, 25, 6, 12, 17, 23, 5, 10, 22, 20, 16, 1], [14, 15, 1, 7, 8, 18, 24, 2, 6, 9, 0, 3, 16, 19], [0, 3, 8, 9, 11, 13, 1, 17], [0, 9, 4, 1, 5], [11, 21, 2, 14], [0, 7, 12, 8, 3, 4, 9, 13], [14, 19, 2, 15, 9, 0, 3, 17, 5, 16, 6, 10]]
[[0, 5, 2, 6, 9, 13, 8, 12, 11, 21], [0, 3], [9, 11, 15, 28, 30, 2, 6, 13, 19, 12, 1, 25], [5, 8, 21, 27, 2, 6, 19, 22, 24, 28], [7, 0, 4, 9], [26, 12, 4, 7, 9, 17, 19, 28, 2, 5, 20, 23, 29, 22], [2, 13, 5, 8, 20, 6, 17, 4, 14, 3, 12, 16, 18], [6, 7, 14, 2, 8, 5, 4], [8, 15, 6, 19, 22, 10, 17, 0, 9, 16, 4, 12, 20, 18]]
[[5, 23, 0, 2, 21, 25, 28, 9, 13, 18, 12, 17, 26, 16, 7, 29, 10, 14, 19], [], [3, 14, 4, 2, 11, 6, 8, 12, 17, 10], [9, 10, 14, 16, 0, 2, 6, 18, 5, 11, 13, 7], [13, 1, 9, 10, 19, 5, 18, 2], [8, 26, 2, 20, 21, 12, 28, 0, 6, 10, 14, 24, 29, 3], [12, 24, 14, 16, 1, 13, 6, 22, 17, 20, 2, 15, 18, 3, 7], [14, 1, 5, 3, 2, 0, 15]]
[[10, 0, 3, 11, 6, 2, 8, 5], [12, 15, 18, 5, 19, 1, 4, 8, 13, 10], [2, 4, 5, 3, 14], [6, 10, 8, 0, 7, 1, 2], [28, 2, 15, 16, 24, 26, 0, 1, 13, 12, 20, 21, 29, 3, 17, 14], [7, 0, 11, 10, 1, 3], [16, 9, 17, 7, 11, 14, 20, 3, 21, 2], [20, 4, 9, 15, 2, 1, 10, 16, 5, 11, 14, 8], [3, 12, 26, 8, 23, 27, 11, 25, 7, 22, 10, 6, 21, 13, 28, 2], [7, 8, 20, 5, 11, 14, 16, 12, 17, 21, 1, 9], [8, 15, 4, 6, 10, 22, 21, 1, 18, 5, 9, 20, 23, 2]]
[[19, 23, 0, 4, 11, 3, 8, 22, 7, 1, 5, 9, 12, 14], [8, 5, 2, 11, 1, 9, 10, 3], [9, 16, 4, 14, 15, 3], [14, 1, 5, 2, 0, 3], [12, 19, 7, 2, 9, 14, 3, 6, 8, 10, 0, 16], [9, 2, 4, 11, 3, 0, 5], [3, 7, 11, 5, 10, 0, 4, 12]]
[[11, 25, 5, 21, 27, 0, 6, 16], [12, 18, 3, 7, 0, 22, 16, 19, 17, 6], [4, 6, 12, 7, 10, 1, 0, 11, 2], [14, 6, 11, 13, 9, 2, 23, 20, 4, 26, 7, 22, 18, 24], [4, 18, 2, 19, 6, 1, 9, 7, 23, 3, 22, 21, 5, 20, 0], [2, 15, 21, 24, 10, 7, 9, 14, 6, 12]]
[[6, 10, 8, 11, 3, 7, 4, 5], [16, 7, 21, 8, 1, 13, 5, 17], [5, 2, 6, 4, 1, 9, 8], [9, 0, 4, 10, 3, 7, 1, 5], [5, 2], [2, 9, 14, 3, 7, 10, 15, 4], [2, 10, 13, 0, 5, 7, 16, 3], [12, 13, 5, 8, 17, 0, 1, 3], [4, 11, 0, 6, 7, 12, 2, 14], [12, 15, 3, 8, 0, 4], [12, 6, 16, 19, 0, 17, 20, 7, 8, 5, 13, 21]]
[[7, 10, 5, 0, 3, 14, 2, 11, 13, 9], [5, 8, 15, 2, 10, 13, 18, 3], [11, 8, 0, 3, 14, 1, 9, 13, 15], [9, 2, 6, 16, 18, 3, 12, 15], [13, 16, 2, 1, 18, 10], [17, 3, 6, 8, 2, 21, 4, 18], [16, 2, 1, 7, 19, 3, 4, 5, 18, 0, 10, 17], [4, 2, 14, 13, 5, 3, 7, 11], [0, 11, 4, 1, 2], [11, 1, 7, 10, 8, 12, 5, 3], [3, 8, 11, 6, 15, 14, 0, 10], [4, 12, 9, 8, 7, 2, 10, 13]]
[[6, 8, 12, 15, 2, 13, 1, 7, 9, 3, 10, 16], [10, 1, 3, 5, 12, 2, 11, 0, 4, 13], [4, 13, 0, 11, 9, 8], [1, 0, 6, 4, 5, 7], [7, 14, 12, 4, 2, 8, 0, 13], [6, 28, 31, 9, 26, 29, 12, 0, 25, 24, 4, 27, 2, 30, 32], [15, 1, 13, 11, 17, 2, 4, 7, 18, 21, 5, 19], [28, 4, 7, 15, 5, 13, 2, 12, 1, 30, 8, 17], [12, 0, 5, 9, 17, 15, 4, 13, 10, 1, 18, 6], [5, 12, 1, 3, 8, 2, 6, 0]]
[[8, 22, 11, 16, 19, 2, 17, 1, 12, 14, 10, 15, 3, 20, 23], [5, 6, 1, 3, 8, 2, 4], [6, 10, 14, 25, 7, 11, 12, 15, 17, 22, 1, 21, 26, 0, 20, 28], [5, 16, 0, 2, 14, 19, 12, 17, 9, 8, 18, 3, 4, 10], [10, 0, 3, 6, 9, 20, 23, 7, 2, 16, 1, 15, 4, 17, 24, 14], [9, 17, 23, 13, 0, 1, 6, 21, 4, 7, 18, 24, 12, 20, 27, 26], [12, 3, 8, 10, 15, 0, 5, 4, 13, 14, 6, 16]]
[[11, 16, 14, 9, 8, 12, 2, 10, 0], [11, 2, 14, 1, 13, 9, 0, 8], [0, 11, 15, 18, 21, 1, 5, 9, 19, 8, 16, 22, 12, 17, 23], [9, 1, 11, 7, 12, 6, 10, 4], [14, 4, 2, 8, 15, 5, 0, 7], [4, 1, 5, 9, 0, 10], [6, 0, 9, 4, 8, 1], [9, 1, 8, 5, 4, 10], [36, 45, 42, 46, 0, 10, 16, 20, 27, 49, 3, 12, 17, 25, 28, 32, 15, 9, 24, 6, 7, 44], [9, 20, 30, 17, 6, 12, 23, 39, 4, 7, 10, 41]]
[[6, 4, 10, 12, 2, 8, 13, 1, 5, 7], [18, 22, 26, 6, 11, 29, 3, 28, 1, 2, 0, 27, 9, 23], [24, 1, 15, 28, 7, 10, 11, 26, 29, 6], [14, 3, 6, 1, 0, 12], [10, 5, 4, 0, 17, 18, 21, 20, 6, 8, 9, 11], [18, 22, 4, 11, 14, 24, 9, 15, 20, 13, 5, 7, 8, 19, 25], [19, 6, 0, 12, 10, 7, 9, 15, 16, 17], [4, 0, 12, 15, 23, 13, 16, 20, 5, 7, 8, 11, 21]]
[[15, 10, 2, 1, 7, 5, 6, 3, 8], [26, 4, 7, 28, 20, 1, 24, 31, 2, 21, 27, 0, 30, 22, 6, 32], [1, 3, 15, 17, 4], [13, 7, 12, 4, 6, 2], [15, 27, 0, 1, 4, 5, 18, 22, 19, 12, 25, 28], [7, 5, 4, 2], [0, 5, 9, 13, 4, 10], [3, 11, 15, 14, 2, 9, 7, 8], [4, 12, 30, 21, 19, 26, 28, 5, 2, 8, 18, 25]]
[[17, 4, 6, 11, 14, 23, 2, 8, 15, 13, 1, 18, 20, 5], [4, 11, 15, 1, 7, 20, 8, 17, 18, 21, 16, 0, 5, 9], [18, 23, 27, 28, 26, 0, 9, 10, 25, 14], [7, 13, 16, 3, 6, 15, 4, 8], [19, 12, 18, 8, 22, 23, 20, 5, 11, 14, 4, 15, 13, 6], [8, 4, 10, 3, 11, 5], [0, 5, 9, 12, 25, 13, 20, 27, 40, 1, 30, 21, 18, 19, 38, 31, 23, 26], [21, 28, 32, 30, 1, 5, 34, 36, 8, 11, 16, 25, 10, 26, 31, 12], [16, 0, 1, 6, 9, 19, 12, 18, 13], [11, 2, 14, 5]]
[[6, 21, 26, 4, 11, 14, 23, 12, 24, 3, 10, 2, 18, 27, 13, 25], [3, 9, 14, 11, 0, 7, 15, 6, 17, 12, 4, 18], [15, 25, 18, 5, 22, 23, 0, 12, 24, 1, 2, 7, 13, 20], [5, 15, 6, 9, 0, 1, 7, 3, 16], [17, 12, 15, 6, 11, 18, 7, 9, 14], [4, 13, 7, 1, 0, 5, 6, 3], [10, 19, 20, 14, 22, 23, 15, 17, 21, 11, 8], [7, 2, 12, 4], [2, 9, 5, 3, 8], [10, 5, 13, 4, 12, 14, 11, 6, 8], [8, 7], [7, 11, 17, 2, 12, 9, 5, 16, 13, 18, 3, 19, 20]]
[[11, 19, 2, 8, 3, 9, 1, 0, 12, 4], [22, 15, 8, 19, 24, 2], [3, 8, 18, 14, 12, 2, 7, 1], [0, 3, 10, 15, 4, 7, 11, 6], [13, 16, 6, 8, 19, 27, 29, 3, 18, 21, 2, 20, 25, 17], [14, 18, 24, 6, 21, 20, 0, 3, 4, 22, 25, 19, 7, 9]]
[[4, 8, 10, 14, 2, 12, 15, 6, 1, 11, 5, 16], [22, 26, 6, 8, 10, 2, 12, 19, 1, 18], [4, 6, 18, 0, 3, 14, 11, 16, 10, 19, 7], [17, 2, 19, 11, 15, 20], [18, 22, 9, 14, 26, 15, 27, 24, 3, 2], [16, 2, 4, 7, 5, 3, 10, 17, 0], [15, 18, 2, 1, 8, 12, 9, 3, 20, 5], [0, 16, 6, 9, 14, 1], [14, 1, 0, 2, 4, 12, 6]]
[[19, 25, 14, 21, 8, 15, 7, 20, 12, 16, 24, 13, 22], [6, 3, 8, 10, 1, 4, 0, 9], [7, 10, 3, 12, 14, 1, 4, 11, 18, 16, 2], [10, 2, 4, 14, 0, 3, 11, 15]]
[[11, 18, 30, 4, 9, 15, 2, 1, 8, 7, 12, 17, 5, 10, 14, 16, 27, 31], [10, 5], [7, 0, 2, 12, 1, 8], [13, 2, 1, 9, 11], [18, 2, 1, 14, 4, 11], [16, 3, 2, 5], [8, 3, 4, 11, 13, 10, 2, 0], [6, 3, 8, 0, 4, 7], [5, 7, 10, 15, 0, 8, 6, 9, 16, 14], [9, 0, 6, 2, 3, 7, 10]]
[[23, 16, 9, 15, 20, 7], [9, 18, 35, 12, 21, 27, 2, 1, 0, 10, 36, 38, 16, 26], [4, 7, 0, 5, 8], [1, 3, 2, 4, 15], [0, 2, 5, 1], [13, 1, 5, 8, 19, 21, 3, 2, 9, 14, 16, 22], [4, 0, 1, 2], [2, 4], [9, 16, 25, 3, 18, 11, 20, 22]]
[[18, 9, 0, 2, 6, 12, 5, 11], [2, 15, 10, 22, 8, 13, 17, 23], [7, 4, 13, 6, 15, 17], [7, 2, 4, 8, 10, 0], [3, 8, 12, 13, 4, 0], [5, 12, 8, 10, 3, 16, 20, 14, 11, 1, 19, 9], [7, 13, 19, 11, 2, 4, 10, 20, 0, 5, 14], [10, 1], [17, 1, 3, 9, 8, 2, 14, 18]]
[[0, 8, 13, 15, 18, 21, 6, 10, 16, 19, 22, 5, 9, 23, 11], [8, 0, 2, 6, 10, 9], [6, 3, 5, 2, 15], [10, 7, 12, 15], [3, 8, 5, 14, 17, 20, 18, 13, 12, 0, 10, 1, 15], [10, 0, 3, 8, 13, 5, 1, 4, 7, 12, 14], [19, 17, 0, 23, 24, 15, 4, 8, 11, 18, 5, 7], [8, 1, 15, 16, 2, 4]]
[[19, 13, 8, 6, 16, 5, 14, 20, 12, 9], [3, 6, 12, 20, 4, 2, 18, 1, 11, 0], [3, 0], [6, 8, 2, 14, 0, 9, 12, 4, 11], [2, 4, 8, 11, 0, 5, 9, 14, 17, 13, 7, 12], [11, 8, 2, 6, 1, 13, 12, 3], [1, 4, 5, 13, 3, 12, 2, 9], [10, 19, 5, 7, 14, 17, 0, 15, 13, 6], [2, 7, 0, 4], [14, 1, 6, 2, 4, 15, 11], [14, 17, 18, 22, 23, 3, 8, 12]]
[[13, 18, 4, 15, 20, 23, 2, 16, 1, 19, 11, 5, 21, 24], [18, 13, 14, 2, 7, 22, 0, 8, 15, 20, 17, 5, 19, 23], [10, 2, 14, 0, 15, 4, 1], [7, 9, 14, 17, 20, 11, 15, 1, 3, 0, 10, 16], [2, 8, 12, 14, 0, 6, 9, 3], [1, 4, 6, 9, 7, 10], [5, 18, 22, 24, 28, 16, 19, 25, 29, 27, 2, 15, 32, 14], [5, 9, 12, 13, 3, 10, 8, 1], [6, 16, 17, 0, 14, 19, 10, 4]]
[[17, 23, 9, 13, 18, 2, 5, 14, 1, 6, 8, 10, 4, 11], [14, 24, 4, 11, 29, 28, 19, 1, 2, 3, 0, 10, 16, 5, 15], [7, 2, 4, 11, 13, 17, 0, 9], [12, 20, 1, 7, 5, 10, 2, 4, 0, 16, 21], [0, 23, 5, 20, 28, 24, 4, 8, 12, 1], [13, 0, 9, 10, 1, 6, 7, 11]]
[[11, 15, 4, 8, 13, 21, 2, 9, 19, 22, 1, 7, 18, 6, 17, 23, 24], [17, 6, 10, 2, 11, 19, 1, 7], [8, 26, 11, 15, 21, 12, 16, 18, 0, 5, 24, 23, 9, 27, 28, 17], [21, 25, 23, 1, 5, 7, 12, 2, 10, 32, 9, 33, 30, 31, 0, 24, 26, 27, 3, 13], [22, 27, 43, 11, 25, 35, 36, 1, 5, 30, 2, 9, 12, 15, 37, 14, 8, 40, 16, 41, 0, 24, 28, 45], [12, 30, 18, 0, 22, 5, 8, 4, 19, 10, 9, 17, 14, 15, 20, 25, 31]]
[[8, 5, 15, 3, 9, 12, 2, 4, 13], [4, 14, 25, 6, 8, 16, 27, 30, 2, 22, 28, 19, 1, 21, 0, 23], [0, 18, 4, 8, 1, 17, 2, 9], [0, 12, 16, 18, 2, 15, 5, 7, 10, 11, 9], [13, 0, 4, 8, 14, 11, 3, 7, 12, 9], [13, 8, 9, 3, 10, 7], [9, 4, 5, 2, 7, 10, 11, 8], [11, 19, 21, 8, 6, 12, 7, 5, 10, 9, 0, 2], [8, 9, 2, 3], [23, 11, 21, 12, 19, 15, 7, 8, 9, 16, 18, 6, 3], [2, 10, 15, 17, 19, 0, 6, 13, 3, 4, 18, 9], [1, 5, 7, 2], [6, 13, 4, 9, 2, 11, 8, 1, 7, 14, 15]]
[[21, 14, 27, 19, 24, 29, 6, 8, 5, 15, 28, 10, 17, 23], [18, 5, 2, 8, 9, 0, 15, 7, 14, 6], [0, 27, 32, 8, 7, 17, 19, 26, 13, 25, 18, 1, 9, 30], [20, 6, 11, 0, 2, 7, 12, 17], [11, 25, 6, 14, 15, 8, 22, 26, 29, 31, 19, 17, 5, 9], [15, 13, 10, 4], [2, 12, 14, 18, 19, 17, 5, 11, 0, 7]]
[[5, 9, 12, 3, 2, 8, 7, 15, 6, 10, 13], [0, 10, 19, 21, 17, 3, 13, 7], [16, 2, 4, 7, 5, 11, 3, 8], [11, 6, 19, 1, 15, 2, 14, 16, 0, 3, 5, 17], [10, 1, 3, 0, 11], [9, 6, 12, 13, 0, 2], [11, 7, 15, 4, 12, 0, 10, 5, 8, 13]]
[[20, 16, 26, 7, 17, 27, 25, 6, 11, 13, 10, 22, 14, 9, 19, 18, 23], [11, 13, 14, 1, 9, 0, 8, 3, 5], [4, 0, 6, 2], [29, 2, 11, 22, 0, 3, 8, 12, 5, 17, 7, 16, 15, 23, 13, 18, 21, 30], [8, 2, 12, 0, 3, 5, 10, 13], [6, 0, 2, 4, 5, 10, 17, 15], [15, 25, 28, 8, 1, 5, 12, 19, 29, 2, 6, 9, 0, 32, 10, 3, 18, 30, 33], [14, 5, 8, 19, 0, 16, 20, 3, 15, 9, 13, 6, 10, 21]]
[[9, 12, 14, 17, 3, 2, 18, 13, 11, 15, 4], [8, 3, 10, 11, 1, 0, 9, 2], [1, 17, 4, 7, 5, 14, 3, 18, 2, 16, 19], [10, 15, 5, 2, 6, 1], [7, 3, 12, 17, 14, 18, 13, 6, 5, 8], [13, 18, 4, 11, 14, 1, 10, 9], [9, 10, 3, 5, 7, 13, 15, 16]]
[[6, 13, 15, 3, 11, 16, 5, 2, 10, 0], [19, 5, 9, 21, 3, 13, 17, 12, 1, 6], [14, 15, 3, 8, 11, 17, 20, 4, 9, 12], [18, 0, 4, 6, 15, 2, 13, 16], [19, 5, 8, 11, 16, 6, 4, 2, 3, 0], [10, 19, 16, 5, 15, 0, 1, 11, 7, 12]]
[[12, 5, 10, 16, 19, 2, 17, 9, 15, 1, 0, 3, 20], [4, 8, 26, 1, 6, 12, 18, 10, 3, 27], [12, 3, 4, 0, 1, 8], [11, 4, 17, 2, 5, 18, 12, 13, 20, 0], [4, 5, 1, 7, 2, 8, 11, 9], [20, 1, 3, 6, 4, 9, 2, 18, 17, 19, 21, 14], [1, 6, 4, 16], [10, 13, 15, 5, 14, 0, 2, 16]]
[[5, 18, 10, 12, 15, 3, 2, 11, 6, 20, 9, 13, 16, 19], [8, 13, 4, 11, 16, 26, 2, 1, 0, 9, 14, 3, 10, 12], [59, 21, 22, 47, 11, 3, 4, 35, 38, 55, 58, 61, 13, 62, 0, 24, 43, 50, 20, 12], [7, 11, 13, 1, 16, 18, 20, 2, 14, 12, 17, 3, 8, 21]]
[[16, 12, 20, 0, 9, 13, 8, 17, 15, 1, 10, 18], [12, 6, 2, 10], [10, 7, 0, 1, 8, 6, 5, 9], [5, 11, 7, 3, 0, 12, 8, 10], [0, 4, 12, 16, 8, 17, 11, 7, 1, 2, 9], [10, 21, 18, 23, 25, 3, 7, 6, 22, 13, 19, 1, 8, 11], [5, 19, 14, 23, 0, 24, 2, 20, 16, 8, 15, 3, 6], [14, 24, 2, 15, 10, 18, 23, 7, 11, 3, 16, 5, 17, 25], [7, 8, 12, 2, 4, 0]]
[[9, 2, 8, 1, 7, 3, 4], [7, 1, 10, 13, 2, 0, 14], [9, 12, 11, 6, 14, 20, 15, 17, 1, 0, 2, 13, 10], [20, 33, 4, 22, 34, 12, 16, 27, 29, 37, 13, 1, 6, 5, 11, 25], [5, 18, 19, 1], [9, 1, 6, 12, 4, 7, 3, 2, 0], [15, 6, 11, 13, 3, 2, 9, 8, 16, 18, 10, 12, 14, 4], [16, 22, 8, 20, 5, 7, 4, 11, 0, 13, 2, 17]]
[[6, 10, 26, 29, 4, 12, 2, 8, 13, 18, 22, 24, 21, 1, 30, 5, 0, 7], [8, 15, 21, 2, 10, 0, 12, 19, 5, 22], [16, 1, 7, 2, 3, 4, 13], [8, 18, 0, 6], [28, 2, 0, 12, 17, 23, 26, 10, 22, 6, 15, 25, 5, 14], [5, 8, 11, 15, 2, 13], [8, 10, 17, 4, 6, 14, 2, 12, 11, 18]]
[[9, 14, 2, 5, 16, 3, 19, 1, 11, 0, 20, 6, 7, 12], [9, 11, 1, 15, 17, 6, 2, 3, 0, 12, 4, 7], [7, 1, 4, 9, 2, 8, 5], [5, 3, 2, 8, 0, 10, 7, 11], [3, 19, 10, 5, 17, 22, 25, 1, 12, 18, 0, 9], [0, 6, 3, 9, 5, 11, 1, 7, 12, 13], [13, 1, 3, 8, 2, 11], [9, 0, 3, 11], [13, 5, 8, 11, 1, 0, 6, 4]]
[[18, 9, 12, 4, 5, 10, 20, 8, 7], [4, 27, 15, 19, 0, 10, 13, 2, 8, 3, 5, 9, 6, 14], [7, 14, 1, 3, 10, 18, 19, 2, 8, 9, 15, 11], [0, 11, 2, 9, 8, 4, 12], [22, 9, 14, 17, 6, 10, 3, 5, 15, 16, 7]]
[[18, 2, 5, 21, 24, 3, 14, 25, 11, 23], [7, 14, 0, 15, 5, 8, 11, 12, 1, 13, 9], [14, 7, 9, 15, 3, 2, 13, 10, 17, 16], [22, 0, 10, 14, 3, 15, 12, 18, 13, 20, 1, 16, 9], [3, 15, 1, 4, 7, 0, 14, 9, 17, 16, 10, 12], [13, 2, 3, 15, 4, 7], [16, 42, 56, 26, 38, 0, 7, 46, 49, 58, 1, 17, 33, 41, 44, 59, 53, 27, 39, 32, 29, 40, 47, 57, 48, 55, 51, 4, 6, 10, 20, 21]]
[[20, 13, 14, 7, 22, 25, 5, 18, 23, 4, 15, 17, 12, 8, 2], [9, 17, 20, 1, 3, 18, 4, 14, 13, 2], [39, 3, 30, 5, 6, 33, 29, 0, 20, 42, 17, 24], [14, 20, 4, 7, 12, 2], [7, 2, 9, 8, 11, 12, 0, 16], [5, 7, 3, 2], [12, 14, 11, 0, 9, 3], [11, 6, 18, 9, 16, 24, 15, 1], [1, 4, 7, 2, 0, 3, 10, 8], [6, 16, 4, 10, 17, 1, 2, 5]]
[[4, 10, 11, 9, 0, 5, 6, 2], [9, 8, 4, 14, 17, 6], [5, 0, 2, 1]]
[[0, 12, 2, 6, 10, 13], [17, 9, 8, 11], [13, 6, 8, 11], [6, 17, 9, 2, 14, 21], [5, 3, 10, 7], [12, 2, 1, 9], [11, 27, 5, 1, 16, 20], [10, 5, 7, 2, 0, 6]]
[[14, 28, 4, 8, 16, 19, 2, 9, 1, 7, 6, 30, 17, 29], [13, 21, 6, 2, 18, 1, 17, 22, 0, 26, 23, 3, 14], [4, 6, 3, 18, 5], [8, 17, 20, 1, 6, 11, 4, 18, 3, 23], [21, 4, 1, 11, 7, 5, 14, 18, 22], [18, 22, 32, 2, 7, 12, 25, 28, 0, 4, 6, 3, 20, 23, 10, 19, 26, 33]]
[[5, 23, 9, 11, 14, 17, 2, 15, 1, 10, 8, 12, 6, 18], [5, 7, 10, 3, 8, 1, 2, 15, 0, 16], [20, 2, 5, 6, 17, 9, 19, 1, 14, 0, 15, 3], [27, 46, 1, 13, 19, 22, 24, 31, 36, 37, 3, 11, 29, 33, 0, 17, 2, 20, 32, 16, 28, 15, 4, 5, 14, 18], [5, 16, 1, 34, 7, 23, 37, 18, 38, 31, 10, 2, 17, 35, 32, 30, 15, 8, 40, 3], [14, 5, 7, 3, 1, 2, 0, 6, 12, 20]]
[[13, 23, 18, 17, 0, 2, 11, 20, 6, 9, 14, 21, 8, 19, 16], [9, 11, 2, 12, 1, 4, 6, 15, 18, 7, 3, 13, 14, 23], [9, 20, 5, 7, 12, 17, 23, 3, 6, 0, 22, 15], [17, 7, 10, 14, 19, 3, 4, 8, 11, 15, 20, 5], [6, 2, 3, 14, 4, 9, 15], [19, 11, 13, 21, 17, 22, 16, 5, 8, 4, 7, 6], [8, 13, 4, 6, 3, 5, 0, 9], [16, 0, 9, 12, 3, 6, 10, 13, 5, 17, 7], [9, 0, 13, 4, 7, 17]]
[[9, 6, 14, 5, 11, 0, 13, 10], [20, 1, 4, 5, 2, 0, 16, 18, 8, 21, 22], [4, 18, 1, 6, 10, 20, 11, 3, 2, 5, 15, 22], [2, 6, 11, 4, 13, 0, 9], [13, 4, 1, 10, 11, 6, 3, 5, 8, 14], [15, 18, 4, 3, 9, 23], [13, 30, 17, 18, 19, 0, 8, 20], [9, 6, 5, 14, 1, 10]]
[[9, 11, 1, 5, 10, 7, 6, 8, 3], [18, 29, 23, 27, 2, 7, 10, 15, 25, 14, 1, 6], [0, 31, 38, 18, 6, 9, 21, 34, 41, 14, 22, 26, 35, 17, 43, 1, 30, 2, 10, 29, 25, 32], [6, 1, 7, 12], [15, 8, 12, 17, 0, 13, 16, 14, 9, 4], [0, 2, 6, 11, 13, 3, 14, 1, 10, 7], [5, 19, 27, 9, 16, 25, 22, 24, 0, 12, 15, 3, 14, 26, 17, 10, 13], [3, 6, 7, 1, 0, 4], [17, 8, 22, 26, 29, 4, 9, 13, 19, 23, 30, 7, 12, 18, 16, 10, 28, 14, 24], [0, 2, 5, 7], [7, 2, 4, 0, 8, 12], [11, 19, 5, 17, 22, 15, 20, 2, 9, 7, 6, 0]]
[[21, 6, 13, 18, 25, 0, 3, 11, 5, 8, 2, 22], [1, 5, 12, 3], [17, 0, 3, 7, 9, 12, 6, 1], [13, 3, 9, 15, 18, 26, 30, 4, 7, 19, 23, 31, 6, 1, 16, 0], [9, 2, 11, 0, 4, 3, 10, 14], [14, 7, 18, 22, 24, 2, 1, 15, 17, 16], [0, 9, 14, 4, 15, 3, 11, 7], [4, 2, 5, 9, 15, 19, 17, 1], [16, 2, 4, 10]]
[[15, 17, 20, 5, 18, 7, 14, 4, 9, 16, 11, 21], [2, 4, 12, 15, 18, 0, 13, 19, 3, 14, 20, 10], [13, 18, 15, 9, 0, 4, 16, 10, 14, 17, 19], [8, 13, 5, 0, 3, 2, 12, 9], [4, 18, 5, 9, 12, 13, 11, 10, 6, 14], [24, 20, 18, 3, 5, 12, 27, 0, 28, 23, 2, 11], [9, 1, 15, 18, 22, 7, 16, 20, 5, 10, 23, 11], [17, 1, 18, 10, 13, 24, 27, 6, 14, 22, 28, 3, 2, 5]]
[[7, 10, 14, 23, 18, 4, 2, 1, 19, 25, 13, 17, 11, 15], [9, 17, 2, 11, 0, 15, 3, 16, 5, 8, 10, 19, 12, 13, 21, 24], [16, 4, 8, 1, 7, 14, 18, 2, 17], [17, 22, 29, 3, 9, 11, 15, 12, 4, 10, 28, 6, 8, 27, 18, 24], [8, 13, 11, 31, 3, 5, 15, 26, 36, 24, 33, 23, 12, 21, 22, 16, 10, 30, 14, 37], [5, 9, 22, 20, 4, 14, 17, 3, 0, 19, 6, 18, 11, 23]]
[[10, 36, 42, 22, 6, 17, 20, 30, 33, 38, 0, 7, 11, 18, 34, 5, 16, 29, 4, 21], [9, 15, 5, 13, 18, 16, 19, 0, 22, 11, 21, 10, 17, 8], [22, 24, 14, 0, 11, 20, 32, 3, 25, 28], [11, 17, 6, 1, 13, 22, 25, 2, 23, 9, 21, 5, 20, 12, 14, 15], [20, 15, 13, 7, 0, 11, 18, 1], [0, 18, 27, 32, 14, 37, 2, 4, 11, 21, 29, 40, 43, 25, 7, 3, 17, 39]]
[[10, 13, 0, 3, 14, 9, 2, 4, 5], [1, 8, 14, 5, 10, 2], [10, 18, 6, 1, 14, 17, 7, 13, 12, 8], [7, 12, 3, 5, 9, 10, 0, 2, 4, 8], [14, 2, 6, 11, 13, 1], [9, 17, 16, 2, 11, 6, 0, 4], [16, 2, 8, 19, 3, 5, 12, 18, 6, 17, 11, 15], [26, 4, 9, 11, 15, 23, 24, 2], [32, 2, 7, 24, 18, 12, 14, 28, 15, 21, 29, 3, 20, 8, 25, 26, 10, 19]]
[[13, 22, 4, 10, 17, 20, 2, 8, 11, 18, 1, 7, 21, 6, 23, 14], [26, 0, 1, 13, 19, 21, 7, 17, 22, 16, 4, 11], [9, 17, 3, 6, 15, 0, 13, 4, 18, 7, 19, 16], [11, 22, 15, 17, 3, 7], [4, 14, 6, 11, 7, 10, 17, 8], [13, 4, 10, 15, 18, 2, 8, 16, 23, 25, 7, 0, 26, 11, 24, 14, 19, 27]]
[[28, 14, 6, 16, 20, 0, 7, 11, 21, 5, 10, 15, 4, 19, 13, 12], [4, 9, 1, 12], [25, 5, 13, 15, 18, 4, 12, 2, 1, 19, 0, 22, 26, 9, 17, 27], [9, 11, 1, 10, 3, 4, 16, 19, 2, 14], [10, 2, 0, 5, 1, 3, 11]]
[[6, 4, 9, 2, 1, 5, 3, 10], [5, 7, 1, 3, 10, 13, 15, 12, 2, 8], [5, 16, 8, 2, 11, 14], [17, 2, 8, 10, 4, 3, 11, 6, 0, 12, 15], [15, 20, 7, 3, 12, 9, 13, 17, 1, 8, 11, 16, 18], [2, 5, 11, 6, 4, 3, 19, 0, 7], [13, 6, 12, 9, 18, 7], [15, 11, 10, 5, 4, 12, 3, 9, 0, 6]]
[[9, 12, 15, 18, 22, 2, 1, 10, 13, 16, 24, 3, 11], [21, 27, 1, 4, 16, 23, 5, 6, 13, 17, 24, 3, 12, 2, 11, 22], [5, 8, 3, 2, 1, 6, 9, 7], [26, 9, 20, 2, 4, 11, 14, 23, 12, 17, 24, 10, 22, 1, 21, 27, 0, 19, 25], [7, 2, 4, 5, 1, 0], [0, 1, 11, 14, 20, 23, 9, 12, 21, 17, 8, 2, 18], [11, 3, 6, 13, 7, 1, 0, 12, 2, 5], [24, 5, 8, 4, 1, 0, 23, 26, 21, 2]]
[[0, 8, 15, 11, 7, 12, 14, 17], [1, 3, 14, 8, 2, 12], [4, 1, 3, 10], [2, 1, 12, 6, 18, 16, 3, 5, 22, 0, 24, 13, 19, 23, 27, 25], [11, 25, 19, 10, 24, 6, 26, 1, 12, 18, 9, 23, 27, 2, 7, 20, 28, 29], [10, 7, 11, 3, 1, 0, 2, 4, 8]]
[[14, 16, 26, 7, 11, 28, 4, 9, 12, 17, 19, 24, 3, 27], [22, 2, 34, 14, 31, 29, 5, 8, 17, 0, 6, 19], [8, 28, 26, 5, 18, 22, 15, 19, 23, 29, 4, 12, 27, 3, 14, 2], [25, 40, 3, 15, 1, 35, 10, 21, 44, 18, 22, 43, 4, 16, 36, 2, 14, 33], [15, 4, 17, 20, 21, 1, 13, 24, 9, 11, 16, 18], [22, 17, 6, 19, 10, 20, 18, 1], [15, 10, 3, 17, 19, 20, 13, 23]]
[[10, 0, 3, 11, 2, 8, 7, 12], [6, 14, 0, 3], [14, 2, 4, 7, 10, 5, 3, 0, 15], [5, 10, 11, 6, 7, 12, 0, 9], [17, 5, 9, 4, 0, 14], [12, 22, 6, 18, 2, 17, 0, 4, 7, 15], [14, 3, 6, 0, 10, 1, 7], [6, 8, 17, 14, 0, 5, 2, 20]]
[[13, 9, 6, 11, 0, 3, 2, 10, 8, 7], [8, 13, 10, 12, 0, 2, 1, 4], [6, 10, 0, 7, 4, 3, 5, 16], [6, 14, 21, 1, 3, 17, 19, 9], [7, 19, 10, 12, 17, 25, 27, 14, 13, 1], [14, 22, 27, 3, 25, 18, 1, 21, 0, 12, 23, 28], [11, 18, 6, 16, 21, 4, 15, 3, 0, 14, 22, 19]]
[[6, 9, 16, 0, 4, 19, 14, 3, 12, 15, 8, 10], [6, 2, 5, 9, 16, 1, 10, 4], [2, 7, 10, 4, 1, 3, 5], [10, 2, 7, 3, 11, 0, 4, 8], [7, 5, 0, 9, 10, 6, 1], [7, 10, 15, 3, 2, 12]]
[[11, 18, 4, 20, 22, 2, 13, 23, 1, 5, 9, 12, 24], [16, 26, 9, 23, 21, 6, 11, 0], [11, 17, 25, 18, 23, 4, 26, 15, 27, 0], [11, 25, 24, 31, 21, 3, 13, 19, 27, 2, 17, 26, 32, 29, 18, 30], [1, 7, 6, 11, 16, 19, 9, 3, 4, 8, 12, 15], [0, 12, 20, 9, 14, 2, 10, 15], [11, 9, 14, 15, 7, 0], [13, 18, 8, 10, 6, 15, 0, 4, 19, 5, 14, 11], [10, 20, 7, 13, 5, 14, 16, 4, 0, 22]]
[[4, 6, 14, 13, 12, 0, 5, 8, 9, 15], [0, 6, 7, 12, 14, 16], [18, 0, 23, 25, 7, 14, 20, 3, 10, 2, 27, 11, 26, 1, 24, 28, 15, 4]]
[[4, 7, 14, 2, 8, 11, 15, 10, 13, 1], [8, 14, 5, 2, 10, 1], [2, 6, 10, 0, 7, 5, 3], [6, 9], [7, 4, 0, 10, 11, 5], [0, 9, 4, 1], [3, 15, 9, 8, 12, 17], [9, 12, 6, 10, 13, 1, 2, 4], [0, 4, 18, 7, 8, 6, 11, 1, 2, 3], [14, 4, 8, 16, 21, 0, 9, 17, 22, 15, 2, 12, 11, 3]]
[[6, 3, 2, 9, 5, 7], [4, 5, 13, 2, 8, 1, 11, 0, 10], [17, 36, 31, 30, 3, 23, 25, 40, 4, 9, 15, 21, 26, 13, 1, 8, 32, 14, 34, 7, 18, 39, 16, 41], [11, 7, 17, 8, 18, 2, 5, 9, 4, 6], [20, 1, 6, 11, 14, 7, 3, 2, 22, 12, 4, 9]]
[[15, 0, 8, 7, 11, 14, 10, 16, 1, 2, 17], [3, 4, 1, 12], [14, 1, 3, 6, 9, 2, 4], [14, 2, 1, 4], [14, 0, 4, 16, 1, 15, 2, 7, 10], [2, 0, 12, 15, 25, 26, 27, 29, 8, 3, 13, 20], [2, 3, 6, 1, 12], [3, 9, 11, 5, 2, 10, 1, 0]]
[[5, 16, 8, 11, 14, 3, 12, 7, 2, 9, 18], [9, 27, 2, 19, 22, 17, 15, 1, 16, 0, 14, 25, 28, 18, 20, 23], [8, 11, 15, 1, 14, 6, 18, 19, 2, 16, 17, 12, 3, 20], [13, 19, 23, 0, 1, 21, 26, 30, 10, 17, 8, 9, 16, 2, 5, 31, 11, 24, 28]]
[[11, 17, 8, 7, 4, 14, 2, 15], [18, 2, 10, 5, 7, 3, 8, 19, 1, 11], [8, 5, 3, 18, 17, 6, 0, 20], [23, 2, 9, 5, 14, 17, 20, 26, 10, 13, 12, 4, 3, 24], [12, 6, 23, 0, 3, 7, 13, 15, 20, 5], [15, 2, 17, 6, 12, 23, 10, 26], [5, 7, 3, 10, 0, 2]]
[[11, 16, 23, 31, 19, 21, 4, 8, 13, 2, 9, 1, 7, 20, 0, 6, 24, 18], [0, 17, 22, 2], [25, 32, 10, 8, 3, 11, 28, 16], [22, 6, 9, 26, 3, 2, 0, 4, 10, 11, 13, 16, 19], [20, 2, 5, 7, 24, 4, 3, 18, 25, 0], [9, 12, 17, 3]]
[[4, 10, 16, 2, 8, 1, 7, 14, 6, 13, 15, 11], [12, 2, 7, 18, 23, 13, 19, 25, 5, 3, 14, 15], [9, 11, 13, 2, 10, 8], [3, 6, 17, 20, 7, 4, 13, 0, 12, 2], [15, 3, 2, 8, 12, 24, 26, 16, 21, 28, 4, 6, 17, 18], [3, 6, 5, 1, 2], [12, 1, 7, 10, 2, 3]]
[[19, 17, 6, 9, 3, 13], [10, 13, 19, 17, 5, 14, 16, 1, 8, 4], [12, 15, 23, 18, 1, 16, 20, 4, 7, 0, 3, 19, 17, 21], [13, 16, 27, 19, 3, 17, 10, 22, 6, 2, 5, 25, 24, 20], [20, 6, 10, 15, 4, 1, 3, 7, 11, 0, 9, 5]]
[[17, 8, 13, 1, 6, 9, 3, 5, 14, 15], [9, 2, 12, 0, 10, 4, 13, 6, 14, 15], [0, 8, 11, 4, 1, 15, 14, 12, 3, 2], [12, 1, 6, 3, 8, 2, 15, 16], [5, 11, 8, 12, 1, 7, 3, 0], [1, 2, 12, 8], [15, 2, 11, 7, 12, 6, 1, 9], [15, 10, 3, 8, 11, 2, 5, 7, 16, 9]]
[[9, 12, 5, 10, 17, 4, 8, 18, 7, 13], [1, 8, 4, 10, 3, 2, 12, 9], [0, 1], [5, 12, 2, 1], [0, 12, 20, 35, 1, 5, 8, 18, 22, 26, 17, 2, 15, 37, 19, 3, 25], [17, 1, 4, 8, 5, 9, 11, 3, 2, 15], [21, 37, 62, 65, 4, 3, 70, 0, 16, 42, 46, 56, 58, 26, 31, 40, 54, 67, 12, 50]]
[[7, 11, 19, 20, 3, 4, 6, 10, 22, 5, 8], [12, 2, 5, 8, 14, 19, 26, 29, 30, 17, 27, 1, 25, 0, 24, 13, 3, 15, 6, 32], [21, 25, 6, 9, 15, 3, 7, 13, 23, 5, 12, 1, 2, 22, 16], [5, 7, 10, 4, 2, 0], [14, 11, 0, 6, 13, 12, 10, 1, 2, 7, 15]]
[[7, 10, 5, 13, 15, 19, 3, 2, 6, 8, 11, 25, 14, 9], [2, 10, 17, 0, 5, 11, 13, 4, 3, 18], [0, 4, 17, 8, 7, 10, 13, 14, 19, 22], [0, 2, 11, 13, 3], [15, 2, 9, 19, 23, 5, 7, 12, 17, 18, 25, 0, 20, 24], [13, 2, 5, 0, 15, 1, 9]]
[[15, 27, 6, 9, 11, 23, 0, 4, 7, 13, 24, 3, 20, 16, 19, 17, 12, 1], [1, 9, 4, 11], [0, 5, 1, 3], [14, 4, 15, 2, 7, 12], [30, 25, 2, 9, 17, 20, 26, 35, 1, 24, 28, 41], [18, 28, 4, 7, 9, 15, 20, 23, 26, 0, 10, 16, 24, 6]]
[[14, 9, 11, 4, 16, 2, 12, 17, 1, 10, 0, 8, 18], [2, 4, 1, 11, 0, 10], [4, 0, 9, 14, 2, 8, 13, 5], [0, 4, 3, 6], [8, 9, 3, 5], [15, 3, 6, 9, 2, 17, 0, 4], [11, 21, 15, 5, 13, 17], [6, 25, 8, 11, 13, 18, 22, 1, 9, 19, 23, 26, 0, 16], [1, 12, 13, 6, 4, 3, 2, 10, 9, 0], [13, 14, 17, 5, 8, 4, 12, 0, 11, 2]]
[[14, 20, 6, 12, 15, 21, 9, 18, 5, 17, 22, 11], [11, 13, 7, 16, 2, 1, 3, 14], [19, 24, 27, 2, 5, 17, 20, 25, 28, 4, 16, 9, 22, 23], [11, 9], [3, 1, 5, 15, 10, 12, 17, 6, 2, 8, 0, 4], [6, 8, 10, 12, 13, 4, 5, 7, 11, 9], [10, 7, 4, 13, 2, 5, 11, 14], [6, 2, 14, 22, 0, 3, 8, 11, 15, 13], [18, 4, 5, 15, 20, 23, 2, 21, 1, 6, 8, 13], [15, 3, 6, 4, 1, 2, 8, 0, 11]]
[[10, 1, 8, 5, 4, 6, 2, 11], [5, 16, 27, 1, 17, 3, 12, 23, 21, 24, 28, 11], [0, 6, 3, 1], [23, 38, 14, 17, 25, 35, 33, 8], [4, 2, 5, 1, 0, 3, 6], [9, 10, 2, 4, 8, 3, 6], [3, 6, 22, 10, 20, 0, 15, 26], [], [9, 5, 16, 15, 2, 13, 10, 11, 18, 3, 17]]
[[13, 18, 4, 9, 15, 2, 11, 20, 1, 7, 8, 0], [12, 15, 5, 17, 14, 1, 2, 0, 6, 16, 18], [16, 6, 19, 10, 1, 3, 0, 9, 17, 12], [14, 4, 7, 2, 1, 0, 13, 3], [11, 9, 12, 14, 1, 6], [7, 16, 1, 3], [2, 1, 4, 6, 3], [12, 23, 2, 14, 19, 5, 7, 17, 21, 3], [1, 4], [23, 14, 5, 11, 26, 3, 21, 9, 16, 2, 19, 6, 15, 17]]
[[10, 2, 1, 8, 3, 7, 11], [13, 4, 17, 2, 1, 0, 14, 3, 16], [9, 15, 1, 3, 7, 18, 2, 16, 8, 17], [7, 8, 3, 5, 11, 13], [15, 3, 9, 11, 1, 8, 4, 0], [15, 3, 6, 9, 13, 4, 2, 1, 14, 7], [4, 16, 11, 13, 2, 1, 19, 20, 8, 9, 14], [4, 8, 15, 13, 1, 0, 5, 6, 2, 14], [3, 5]]
[[0, 5, 2, 4], [11, 12, 4, 15, 22, 23, 2, 16, 25, 1], [4, 6, 11, 13, 2, 7, 14, 1, 12], [6, 0, 8, 3], [14, 16, 2, 6, 9, 0, 5, 15], [14, 5, 9, 3, 8, 2, 16, 15], [0, 3, 8, 10, 6, 5], [4, 13, 15, 2, 11, 1, 5, 9], [6, 13, 5, 9, 3, 2, 1, 0]]
[[4, 22, 10, 13, 15, 19, 24, 2, 11, 1, 7, 6, 18, 23, 8], [5, 1, 3, 10, 12, 2, 6, 0, 7, 8], [9, 0, 8, 7, 11], [27, 31, 37, 35, 39, 5, 8, 11, 14, 6, 2, 18, 21, 36, 1, 28], [13, 4, 6, 10, 12, 15], [8, 10, 5, 11, 4, 9, 0, 6, 12, 14], [28, 4, 7, 10, 23, 2, 5, 14, 1, 0, 21, 22], [3, 2, 1, 4]]
[[21, 4, 7, 11, 16, 23, 2, 9, 12, 17, 24, 1, 22, 0], [3, 2, 8, 4, 11, 6], [21, 17, 23, 3, 6, 12, 24, 2, 22, 13, 20, 16], [32, 3, 9, 25, 26, 28, 0, 4, 29, 35], [2, 9, 14, 0, 3, 12], [11, 13, 6, 8, 15, 0], [16, 2, 10, 14, 17, 1, 8, 13, 9, 7], [1, 3, 7, 14], [3, 6, 2, 8, 4, 0], [11, 1, 7, 9, 15, 21], [7, 15, 14, 19, 1, 11, 10, 17, 0, 18, 3, 12]]
[[7, 20, 24, 22, 4, 14, 16, 12, 3, 11, 23, 2, 26, 25, 17, 5, 8, 18], [11, 16, 2, 4, 7, 0], [14, 1, 3, 6, 9, 2, 12, 16], [11, 1, 3, 6, 13, 4, 2, 0], [20, 8, 10, 1, 14, 17, 23, 25, 2, 15, 18, 21, 7, 12], [8, 1, 13, 4, 21, 18, 22, 3], [0, 7, 21, 10, 4, 13, 17, 2, 1, 12, 11, 9, 14], [6, 8, 13, 0, 11, 4, 10, 9, 14]]
[[8, 18, 4, 11, 2, 12, 1, 5, 0, 6], [1, 2, 8, 16, 9, 17], [0, 5], [19, 9, 31, 1, 14, 21, 29, 3, 17, 4], [2, 1, 4, 7, 11, 22, 5, 13, 20, 3, 16, 12], [2, 11, 1, 9, 3, 10], [5, 7, 11, 18], [8, 12, 20, 1, 3, 15, 17, 2, 10, 0]]
[[21, 6, 9, 13, 16, 1, 11, 8, 7, 10, 19, 5, 23, 2], [25, 10, 21, 12, 15, 2, 13, 27], [1, 4, 6, 13, 2, 11, 5, 12], [], [14, 22, 1, 6, 12, 4, 17, 20, 24, 3, 18, 19], [0, 8, 12, 2, 9, 10, 13, 1, 20, 6, 5, 3], [12, 15, 3, 13, 1, 9, 11, 0, 2, 8], [2, 0, 1, 4, 11, 10], [9, 3, 13, 17, 1, 0, 11, 4, 10, 12, 21, 18]]
[[6, 4, 9, 2, 1, 7, 5], [8, 14, 16, 19, 4, 0, 5, 11, 23, 20], [12, 20, 17, 2, 4, 9, 0, 5, 10, 15, 14, 18, 19, 6, 7], [2, 6, 0, 13, 10, 9, 17, 16, 3, 4, 11, 19], [27, 13, 3, 8, 16, 23, 17, 15, 26, 5, 21, 4, 14, 20, 22, 24], [8, 17, 13, 0, 3, 10, 15, 18, 5, 9, 1, 11]]
[[19, 13, 22, 0, 6, 10, 17, 23, 5, 9, 16, 8, 14, 11], [9, 2, 6, 12, 4, 7, 13, 1, 3, 0], [1, 5, 8, 2, 3, 6, 9, 10, 12, 14], [6, 9, 12, 7, 5, 0], [14, 19, 22, 1, 9, 11, 12, 20, 2, 5], [0, 4, 1, 8, 9, 13], [8, 10, 15, 20, 0, 11, 16, 21, 14, 2, 3, 19, 12, 4]]
[[12, 20, 6, 23, 7, 14, 26, 5, 16, 18, 21, 27], [19, 2, 1, 4, 6, 10, 3, 12, 14, 17, 15], [10, 4, 17, 0, 19, 16, 11, 14, 12], [0, 15, 9, 8, 1, 10], [9, 0, 2, 1, 10], [10, 0, 2, 16, 11, 1, 13, 3, 7], [6, 10, 17, 18, 1, 9, 15, 14, 7, 11, 16]]
[[20, 15, 14, 6, 4, 11, 3, 16, 18, 7, 21, 13], [13, 16, 29, 18, 3, 8, 20, 21, 32, 4, 2, 17, 19, 23, 33, 0, 30], [6, 17, 4, 3, 18, 5, 0], [12, 3, 2, 15, 20, 0, 4, 18, 17, 13, 16, 21, 19], [11, 16, 6, 9, 3, 2, 0, 4], [9, 15, 2, 12, 1, 0, 11, 3, 13]]
[[7, 15, 22, 0, 4, 9, 17, 28, 3, 26, 27, 25, 8, 16], [7, 0, 17, 6, 9, 16, 10, 13, 8, 15], [9, 5, 7, 12, 15, 18, 2, 13, 16, 1, 19, 0, 14, 3], [19, 20, 30, 9, 25, 13, 2, 26, 16, 29, 12, 24], [9, 6, 8, 3, 12, 11], [20, 0, 4, 12, 26, 1, 2, 16]]
[[12, 14, 2, 9, 15, 6, 1, 8, 3, 10], [1, 18, 3, 8, 14, 20, 4, 16, 21, 7, 2, 19], [0, 11, 14, 7, 6, 9], [4, 2, 11, 14, 0, 6, 15, 18], [2, 7, 17, 19, 0, 4, 8, 20], [8, 24, 17, 19, 22, 26, 2, 6, 1, 11, 12, 9, 25, 18], [8, 16, 11, 3, 5, 13, 19, 20], [15, 20, 12, 4, 7, 2, 13, 1, 17, 0], [1, 4, 9, 13, 10, 14, 3, 2, 0, 6]]
[[13, 5, 15, 21, 0, 3, 16, 22, 2, 14, 25, 12], [6, 13, 0, 8, 14, 5, 12, 11], [10, 12, 13, 6], [7, 16, 22, 0, 2, 5, 11, 19, 3, 20, 1, 10, 8], [27, 2, 13, 5, 15, 17, 22, 0, 7, 3], [4, 15, 12, 3, 8, 2, 9, 13, 11, 16], [7, 12, 18, 13, 5, 17]]
[[4, 2, 1, 5, 6], [11, 17, 1, 3, 6, 9, 14, 21, 34, 7, 12, 22, 23, 35, 2, 31], [14, 9, 11, 17, 6, 1, 5, 7, 15, 8, 10, 16], [10, 1, 18, 19, 0, 12, 11, 17, 20, 8, 9], [18, 5, 8, 12, 14, 6, 3, 11, 13, 4], [15, 3, 4, 8, 13, 11, 1, 2, 0, 14], [19, 27, 8, 12, 21, 23, 0, 30, 13, 16], [4, 18, 1, 6, 10, 15, 2, 5, 7, 8], [8, 9, 3, 11, 1, 0, 10, 2]]
[[7, 3, 5, 8, 2, 9, 4, 11, 6], [8, 1, 3, 12, 28, 17, 25, 29, 6, 2, 22, 24, 21, 9, 0, 4], [3, 23, 6, 31, 35, 1, 29, 28, 4, 26, 2, 30, 34, 32, 33]]
[[8, 12, 28, 10, 15, 21, 3, 13, 22, 24, 2, 30, 20, 16, 17, 29], [15, 3, 5, 9, 0, 1, 6, 10], [13, 17, 3, 19, 21, 2, 18, 5, 8, 24, 27, 22, 4, 20, 36, 6, 34], [12, 16, 25, 20, 21, 1, 23, 3, 7, 5]]
[[6, 17, 22, 4, 11, 15, 20, 2, 12, 23, 10, 1], [9, 19, 1, 6, 11, 17, 2, 3, 14, 0, 15], [5, 7, 10, 8, 2, 9, 3], [1, 3, 12, 4, 13, 15, 2, 10, 9, 14], [14, 25, 4, 3, 19, 6, 11, 23, 0, 7, 12, 15, 21, 27], [7, 4, 5, 2, 8], [], [6, 9, 17, 10]]
[[13, 8, 17, 22, 27, 6, 18, 23, 28, 5, 14, 16, 12, 0, 19, 20], [18, 13, 4, 2, 15, 22, 1, 14, 12, 0, 11, 19], [8, 5, 10, 2, 6, 0, 19, 11, 20, 4], [13, 2, 4, 6, 10, 0], [2, 17, 0, 7, 11, 15, 4, 3, 6, 10], [23, 2, 8, 18, 9, 13, 19, 27, 32, 17, 31, 3], [1, 14, 3, 12, 17, 2, 5, 0], [3, 1, 2, 4], [5, 21, 16, 6, 10, 18], [2, 8]]
[[9, 8], [5, 0, 12, 14, 6, 2, 1, 11, 13, 3]]
[[16, 7, 12, 0, 3, 8, 13, 6, 2, 4, 9, 10, 14], [10, 12, 22, 24], [10, 12, 8, 2, 13, 15, 11, 17, 3, 6], [9, 11, 16, 12, 2, 0], [1, 6, 12, 15, 21, 23, 27, 2, 7, 13, 24, 9], [5, 19, 9, 16, 21, 1, 4, 15, 3, 10], [7, 4, 15, 16, 6, 14, 0, 9, 11, 8, 10, 12], [11, 7, 9, 14]]
[[19, 16, 4, 22, 28, 8, 3, 7, 17, 2, 15, 20, 23, 0], [10, 2, 0, 14, 18, 4, 8, 13, 16, 17, 7, 11, 20, 9], [8, 23, 0, 6, 14, 5, 18, 12, 22, 20, 11, 1], [14, 17, 2, 4, 8, 0, 1, 5, 12, 13], [0, 16, 24, 4, 23, 29, 31, 26, 8, 12, 21, 1, 9, 25, 2, 6, 13, 15], [13, 18, 5, 3, 8, 0, 2, 20, 16, 4], [16, 22, 10, 5, 7, 3, 12, 1]]
[[14, 19, 23, 21, 3, 2, 6, 7, 17, 5, 24, 25, 8, 22], [10, 14, 12, 18, 1, 4, 0, 17, 2], [4, 9, 2, 7, 10, 8, 15, 11, 13], [5, 7, 2, 14, 12, 1, 0, 9], [7, 18, 3, 1, 5, 11, 12, 4, 2, 8, 9, 13, 19], [8, 3, 2, 7, 6, 4, 9], [7, 3, 11, 1, 4, 0, 2, 5]]
[[19, 4, 7, 15, 24, 27, 30, 2, 8, 13, 20, 25, 31, 23, 1, 12, 18, 28, 5, 11], [13, 4, 9, 18, 20, 10, 6, 2, 8, 5], [7, 11, 8, 12], [9, 0, 7, 11, 13, 20, 22, 25, 5, 14, 26, 10, 16, 18, 23, 8], [5, 9, 17, 3, 14, 18, 20, 0, 12, 13, 6, 1], [1, 5, 9, 14, 18, 20, 10, 15, 21, 8, 2, 11, 16], [8, 14, 5, 15, 1, 9, 4, 0], [19, 1, 10, 12, 17, 22, 2, 4, 7, 13], [10, 15, 20, 4, 6, 7, 11, 0, 5, 14], [3, 10, 12, 17, 11, 15, 1, 5, 4, 7]]
[[33, 14, 24, 31, 0, 4, 12, 15, 22, 26, 3, 7, 21, 29], [6, 21, 11, 15, 17, 13, 12, 3, 4, 22, 10, 0], [21, 17, 19, 2, 23, 3, 6, 1, 12, 18, 11, 16, 4, 5], [7, 10, 18, 24, 2, 13, 4, 3, 5, 11, 12, 0, 15], [11, 19, 28, 35, 3, 2, 15, 23, 26, 14, 21, 20, 12, 22, 17, 0, 4, 25, 32, 36], [17, 19, 37, 49, 64, 2, 15, 26, 28, 47, 54, 59, 13, 32, 44, 55, 43, 5]]
[[19, 13, 21, 27, 6, 10, 14, 28, 5, 9, 8, 15, 11], [4, 6, 2, 13, 1, 12, 11, 0, 10, 15], [16, 20, 1, 4, 5, 2, 15, 14], [7, 12, 15, 17, 28, 25, 29, 10, 20, 1, 6, 24, 21, 0, 5, 23, 16, 30], [6, 12, 21, 3, 23, 4, 10, 16, 9, 1, 7, 13, 5, 14, 2], [13, 5, 10, 2, 1, 0, 3, 6], [18, 1, 5, 7, 10, 11, 15, 3, 16, 2, 12, 6, 8, 13], [15, 37, 4, 3, 0, 8, 19, 30, 32, 42, 6, 28, 39, 24, 5, 23, 26, 27, 17, 38, 20, 33, 45]]
[[11, 5, 10, 4, 9], [4, 13, 0, 5, 8, 14, 2, 21, 9, 11, 15, 17, 12], [6, 12, 1, 9, 13, 8, 7, 3, 4, 10], [23, 17, 6, 2, 9, 21, 0, 7, 10, 12, 16, 20, 24], [5, 8, 17, 0, 3, 10, 2, 6, 9, 4]]
[[23, 26, 13, 12, 4, 7, 10, 18], [11, 25, 16, 15, 4, 13, 27, 1, 6, 17], [25, 0, 7, 19, 2, 3, 16, 17, 5, 28, 13, 21, 18], [16, 18, 20, 0, 3, 21], [17, 26, 12, 15, 3, 5, 13, 22, 2, 11, 21, 9, 10, 20, 14, 0, 18, 23], [10, 13, 1, 15, 19, 21]]
[[11, 5, 8, 17, 6, 15, 4, 3, 7, 0], [7, 15, 22, 3, 18, 26, 28, 25, 2, 17, 11, 20], [15, 9, 5, 16, 4, 3, 0, 17], [10, 0, 2, 1, 4, 7], [20, 9, 21, 23, 10, 16, 13, 25, 4, 18], [8, 20, 0, 10, 4, 18]]
[[9, 18, 20, 12, 0, 14, 25, 3, 6, 15, 22, 5], [14, 0, 2, 8, 3, 1, 17, 18, 16, 7], [6, 2, 3, 11, 0, 5, 1, 16], [14, 2, 15, 1, 6, 7], [12, 35, 39, 46, 3, 31, 1, 28, 36, 18, 21, 43, 5, 9, 14, 16, 19, 25, 32, 4]]
[[10, 6, 16, 0, 4, 14, 17, 3], [10, 14, 20, 6, 8, 12, 0, 4], [17, 8, 10, 20, 0, 12, 3, 5, 9, 1, 7, 18], [3, 18, 6, 9, 15, 13, 16, 1, 12, 11, 5], [5, 17, 1, 7, 11, 13, 8, 2], [16, 6, 14, 18, 20, 1], [13, 16, 7, 17], [8, 24, 9, 3, 11, 14, 18, 19, 29, 12, 27, 31]]
[[13, 0, 7, 10, 26, 4, 8, 19, 22, 27, 6, 25, 16, 30], [11, 0, 7, 3, 6, 10], [2, 8], [9, 12], [9, 0, 2, 5, 11, 12, 6, 7], [19, 2, 1, 8, 11, 15, 3, 7, 10, 4, 9, 5], [6, 3, 12, 0, 8, 14, 11, 17, 15, 7]]
[[13, 19, 22, 25, 0, 3, 8, 15, 20, 23, 27, 2, 7, 16], [11, 12, 14, 2, 6, 5, 7, 8, 15, 3], [23, 9, 16, 4, 13, 20, 5, 11], [4, 7, 9, 10, 3, 0], [12, 3, 11, 7, 14, 0, 5, 9], [9, 21, 1, 11, 17, 5, 12, 15, 23, 4], [8, 2, 11, 3], [6, 27], [10, 11]]
[[7, 9, 19, 4, 16, 3, 14, 15, 8, 6, 23], [5, 14, 0, 2, 9, 12, 10, 1], [9, 2, 10, 5, 6, 12, 3, 4], [22, 14, 5, 19, 3, 6, 17, 1, 16, 2, 15, 0, 23, 13]]
[[14, 20, 0, 9, 18, 3, 6, 17, 5, 7], [1, 13, 15, 16, 3, 9, 12, 2], [20, 30, 31, 0, 3, 9, 15, 5], [9, 14, 25, 10, 24, 5, 16, 21, 17, 3], [16, 2, 9, 12, 5, 3, 6, 7, 11], [0, 12, 7, 20, 19, 1, 17, 2, 16, 14]]
[[14, 17, 9, 22, 0, 3, 7, 15, 23, 2, 6, 20], [9, 17, 2, 13, 0, 3, 5, 14], [6, 5, 10, 15, 0, 7, 13, 16, 9, 19], [7, 4, 2, 8, 6, 3], [12, 3, 6, 1, 0, 4], [19, 2, 0, 14, 17, 3], [0, 4, 10, 5, 11, 15, 1, 12], [10, 6, 15, 18, 20, 4, 8, 16, 3, 12], [2, 16, 0, 3, 6, 13, 12, 5, 10, 17, 7], [13, 2, 5, 0, 3, 10, 7]]
[[5, 2, 9, 14, 3, 10, 1, 8], [16, 1, 7, 10, 19, 22, 17, 2, 0, 21, 3, 6], [5, 9, 10, 2, 13, 3], [7, 1], [8, 2, 1, 6, 5, 4], [11, 13, 0, 7, 3, 6, 4, 1], [6, 11, 19, 1, 3, 7, 0, 2, 10, 15], [8, 4, 5, 1, 12, 0], [14, 1, 8, 2, 12, 3, 9, 0, 7, 15, 4, 10], [3, 1, 2, 10]]
[[11, 30, 6, 9, 29, 5, 14, 18, 17, 8, 16, 33, 22, 0, 19, 24], [18, 20, 10, 25, 27, 5, 14, 0, 11, 13], [8, 13, 10, 2, 5, 12, 1, 11], [14, 9, 12, 17, 10, 4, 0, 3]]
[[16, 11, 14, 0], [23, 1, 3, 28, 4, 20], [6, 2, 9, 5, 13, 0, 11, 10], [11, 20, 3, 6, 9, 17, 4, 2, 8, 16, 18, 15], [2, 5, 16, 3, 6, 1, 9, 15, 11, 14, 13, 17], [19, 14, 21, 1, 9, 2], [2, 7, 0, 4]]
[[16, 24, 6, 19, 27, 0, 3, 14, 2, 25, 26, 17, 23, 28, 4, 15, 18], [10, 7, 4, 3, 11, 5, 8, 13], [3, 7, 6, 1, 2, 0], [7, 9, 3, 12, 0, 10, 15, 16, 2, 8, 17], [8, 12, 16, 5, 21, 0, 3, 6, 18, 11, 2, 10, 9, 13, 19], [8, 6, 12, 15, 4, 14, 3, 11, 9, 5, 10, 7], [11, 15, 21, 8, 13, 16, 6, 9, 18, 5, 0, 23, 17, 22, 20, 14]]
[[11, 5, 8, 13, 3, 14, 2, 12], [22, 4, 10, 12, 15, 25, 2, 1, 8, 9, 0, 7, 20, 26, 14, 23], [9, 3, 10, 5, 8, 7, 0], [8, 0, 4, 12], [0, 3, 20, 5, 7, 11, 12, 16, 21, 1, 6, 18], [16, 8, 15, 18, 0, 13, 12, 2, 6, 17, 3, 11], [16, 5, 8, 2, 14, 18, 3], [10, 12, 0, 16, 17, 1, 14, 3]]
[[6, 12, 7, 4, 9, 14, 2, 10, 15, 1], [22, 6, 15, 18, 10, 11, 16, 1, 7, 20], [3, 8], [8, 5, 3, 11, 6, 12], [12, 2, 0, 3, 13, 7], [13, 19, 1, 5, 16, 2, 17, 12, 8, 0], [12, 1, 3, 11], [19, 9, 3, 7, 6, 12, 2, 20, 8], [4, 6, 12, 14, 10, 1, 13, 16]]
[[13, 15, 17, 1, 10, 7, 9, 23, 4, 5, 2, 25], [8, 1, 24, 3, 11, 13, 20, 2, 23, 28, 9, 27, 25, 10, 0, 30], [10, 4, 6, 9, 15, 21, 7, 16, 0, 5], [15, 25, 3, 5, 13, 22, 24, 6, 33, 10, 29, 1, 20, 35, 4, 19, 18, 21, 32, 7, 26, 2], [15, 10, 19, 26, 8, 18, 0, 2, 12, 21, 29, 36, 30, 35, 11, 20, 9, 34, 28, 17, 3, 27], [13, 22, 23, 0, 3, 11, 20, 14, 18, 16, 6, 24, 17, 1, 7, 8, 25]]
[[12, 24, 20, 22, 5, 0, 6, 17], [4, 25, 5, 2, 1, 12, 11, 8, 0, 10], [17, 4, 7, 11, 19, 6, 18, 0], [8, 17, 11, 0, 3, 19, 14, 12, 5, 15, 21], [16, 3, 2, 5, 6, 4, 10, 1, 0], [7, 19, 0, 9, 15, 3], [22, 27, 4, 13, 25, 2, 11, 16, 19, 8, 0, 7, 23, 6, 5, 9]]
[[8, 21, 3, 6, 4, 2, 13, 15, 22, 10], [5, 12, 17, 24, 26, 2, 0, 9, 3, 4, 6, 8, 21, 25, 27, 28], [0, 7, 9, 1, 4, 2], [11, 0, 4, 12, 3, 14, 1, 13], [9, 13, 0, 10, 6, 12, 11, 14], [14, 5, 1, 8, 4, 17, 2, 9], [10, 18, 14, 20, 11, 16], [12, 18, 15, 3, 2, 9, 8, 11, 0, 4, 6, 10], [12, 0, 11, 8], [11, 7, 0, 5, 8, 12, 3, 10, 1, 4], [19, 4, 8, 2, 11, 1, 10, 0, 7, 9], [8, 3, 4, 2], [20, 9, 18, 0, 3, 16, 1, 6, 10, 15]]
[[8, 4, 2, 1, 7, 6, 9], [18, 13, 5, 0, 3, 6, 9, 14, 2, 12, 7, 19], [9, 5, 16, 17, 12, 2, 3, 4], [22, 28, 33, 19, 14, 26, 0, 15, 13, 25, 23, 27, 31, 34, 1, 6, 16, 8], [16, 26, 3, 5, 9, 6, 12, 4, 15, 17, 29, 7, 23], [27, 31, 2, 10, 12, 21, 24, 37, 40, 43, 0, 13, 18, 19, 22, 35, 34, 4, 8, 25], [17, 30, 5, 3, 9, 13, 14, 27, 24, 21, 6, 4, 15, 28, 25, 10, 12, 22]]
[[20, 5, 10, 17, 3, 2, 9, 16], [9, 2, 3, 11], [9, 0, 7, 18], [17, 27, 2, 13], [6, 14, 27, 4, 10, 19, 8, 17, 2, 20, 5, 15, 7, 16]]
[[22, 10, 15, 27, 0, 7, 28, 6, 19, 20, 23, 11, 17, 24, 14, 8, 25, 21], [21, 6, 10, 13, 16, 19, 23, 3], [0, 9, 13, 16, 21, 24, 3, 10, 14, 8, 20, 7], [17, 13, 0, 4, 7, 10, 18, 9, 15, 6, 21, 11], [13, 18, 3, 9, 14, 20, 16, 7, 1, 23, 2, 15, 19, 4], [6, 0, 3, 8, 12, 2, 11, 1, 10, 13], [15, 2, 4, 22, 0, 9, 12, 23, 6, 3, 19, 16, 8, 17, 5, 20], [18, 4, 1, 14, 20, 2, 6, 15, 21, 5, 9, 8, 10, 23], [8, 1, 2, 3, 0, 5, 6]]
[[8, 14, 19, 2, 5, 11, 24, 28, 31, 3, 12, 25, 1, 9, 21, 32, 6, 29], [15, 6, 0, 9, 4, 10, 14, 8, 12, 1], [11, 1, 5, 13, 0, 12], [15, 25, 16, 0, 3, 6, 19, 20, 28, 4], [13, 0, 16, 17, 1, 9, 11, 6, 14, 7, 18], [19, 0, 13, 15, 16, 20, 22, 6, 10, 25, 5, 8], [16, 2, 9, 13, 15, 3, 10, 0, 11, 17, 5], [4, 16, 2, 1, 12, 0, 15, 3, 10]]
[[22, 17, 31, 5, 11, 14, 19, 25, 28, 12, 20, 26], [17, 2, 9, 14], [20, 3, 5, 6, 24, 35, 14, 27, 4, 30, 29, 31, 25, 0, 7, 17, 32, 38, 36], [16, 1, 8, 10, 13, 22, 3, 11], [35, 2, 26, 0, 19, 23, 27, 36, 43, 49, 30, 6, 22, 46, 18, 42, 48, 1, 17, 41, 45, 39, 33, 28, 24], [16, 20, 11, 26, 24, 13, 5, 9, 7, 23, 12, 18, 21, 28, 27, 2]]
[[7, 13, 15, 2, 11, 1, 8, 10, 6], [16, 27, 1, 20, 7, 12, 23, 26, 5, 8, 2, 21], [0, 13, 3, 6, 7, 14, 1, 4], [11, 27, 18, 1, 5, 8, 14, 2, 9, 24], [0, 9, 12, 16, 3, 7, 13, 6, 1, 14], [24, 30, 35, 9, 13, 26, 33, 0, 10, 15, 27, 18, 21, 2, 7, 14, 36, 16], [6, 20, 7, 3, 12, 14, 9, 8, 10, 2]]
[[10, 3, 9, 8], [12, 4, 14, 2, 5, 26, 20, 1, 25, 18, 22, 0, 19, 13, 23, 27], [0, 8, 10, 1, 5, 4], [1, 7, 13, 2, 12, 6, 5, 9, 17, 0], [2, 9, 11, 13, 3, 8, 16, 7, 0, 4], [11, 0, 2, 8, 14, 19, 5, 9, 17, 20], [9, 3, 2, 0, 7, 11], [6, 9, 10, 13, 15, 4, 19, 3, 11, 7], [6, 12, 2, 1, 0, 11]]
[[6, 10, 12, 0, 3, 8, 13, 2], [11, 2, 14, 4, 7, 18, 0, 5, 8, 12, 16, 19], [23, 26, 14, 16, 0, 3, 6, 10, 18, 20], [16, 2, 8, 11, 12, 3, 14, 4, 19, 10], [6, 4, 1, 11, 0, 10, 7, 17, 2, 16, 19], [15, 2, 11, 10, 21, 9, 20, 18, 3, 6, 12, 16], [18, 0, 8, 14, 27, 1, 6, 9, 11, 15], [6, 10, 28, 12, 11, 5, 16, 19, 3, 14, 2, 13, 30, 4, 29]]
