0.8948335826396943
0.8798394531011582
0.5885090728697833
0.36523568015545604
0.6522480962531907
0.6635145499991874
0.9266396420342582
0.699199794481198
0.6704799520472685
0.6430991985835135
0.698978037883838
0.6333279233425856
0.8259409287323555
0.8430910706520081
0.9106089969476064
0.718552211092578
0.5752091078320518
0.705956544727087
0.7526831058785319
0.8713367382685343
0.7729386878865105
0.7836954355239868
0.8706982599364387
0.6695149363949895
0.9067752435803413
0.6529190839646617
0.8137986809015274
0.6766763010195324
0.7403966007488114
0.6962516580575279
0.79898123557751
0.83187374337153
0.7587878587138321
0.8591514329115549
0.7272776157478802
0.9041635460323758
0.8026199769228697
0.8895859519640604
0.8256969063077122
0.8084790602326393
0.9794840945137872
0.7481890334747732
0.6879042732529342
0.09073897004127503
0.8515890557318926
0.6979378695998874
0.5139182880520821
0.8581195090498243
0.6214368108194321
0.751965225674212
0.9312331527471542
0.8738552431265513
0.7983608671597072
0.7350215024568818
0.6866264447569848
0.89737568795681
0.7990926802934458
0.6787020671957483
0.9320503527467902
0.6072270781215694
0.8934459007448621
0.6193201236989504
0.8160491436719894
0.6785623994138505
0.8260454883178076
0.48689425074391895
0.8471827894449234
0.9003997445106506
0.8645796272903681
0.7299149673093449
0.8009049577771553
0.8525242755810419
0.8020304793661291
0.9143732612331709
0.4367735752370209
0.7794902332659278
0.7058935670859434
0.8770581111311913
0.10217130846447414
0.9056311786174774
0.7571475138732543
0.9660832385222117
0.9486322667863634
0.7270302064716816
0.6425344527233392
0.5302745062185245
0.6423620387911797
0.8006032751873136
0.8443674418059263
0.7414971692099547
0.7353768665343523
0.8685579200585684
0.8892103102631294
0.7923190128058195
0.7737378861222949
0.9349997490644455
0.4890145276274
0.792680578927199
0.8091725849080831
0.9679504185914993
0.6505348015990522
0.863864915445447
0.8489313764231545
0.8488669030678769
0.7838399099186063
0.7803421788848937
0.792167070237073
0.9654673536618551
0.8434117492288351
0.8008090779185295
0.6432956618567308
0.8298890391985575
0.7847987595014274
0.6804773627469937
0.6768548505173789
0.8517281882377574
0.587343476091822
0.9507178962230682
0.6693878637419807
0.7480059787631035
0.43289600163698194
0.7797229681164026
0.6180216373759322
0.4889482205423216
0.9312280927385602
0.7438625427894294
0.9553335138729641
0.8518089205026627
0.8868151042196486
0.6964289570848147
0.7594152837991714
0.9469879627227783
0.6781861708732322
0.7956992462277412
0.8777636970792498
0.9650835494200388
0.7931071504551385
0.7338417768478394
0.7779754847288132
0.8212112039327621
0.8474044978618622
0.9195988972981771
0.7491894861062368
0.728617746848613
0.8674742044880986
0.8404357165098191
0.9722143650054932
0.3680993410913895
0.7332979192336401
0.5392040036967956
0.8056723861531778
0.7407992333173752
0.7426125633064657
0.7322256252066128
0.7866369492063919
0.8027187074933734
0.7635354016508374
0.7204221926319102
0.8080505593679845
0.7426126460648246
0.8591517848627908
0.7557226895458169
0.9869543115297953
0.7276069819927216
0.8516496270895004
0.7906695678830147
0.9846411347389221
0.615208064642502
0.838481217622757
0.7843362979058709
0.8559345453977585
0.6132419308913606
0.942482935057746
0.8022565364837646
0.9414150516192118
0.8459724386533102
0.7063277346702913
0.5742635417263955
0.450388192864401
0.7836298731155693
0.8790717869997025
0.8270284933969378
0.8374686727300287
0.7989584818482399
0.4554652954102494
0.5699300824531487
0.6632032484880516
0.7614147514104843
0.9037436776691012
0.7311283789042916
0.6922945824584791
0.7884758493075004
0.8556515744754246
0.9075996279716492
0.7560937801996866
0.7359394681989215
0.822961745162805
0.45566987502388656
0.8662257252468003
0.8141927272081375
