[[3, 4, 10, 9, 2, 8, 7, 5], [24, 29, 25, 30, 33, 2, 26, 31, 27, 3, 0, 6, 18, 28], [0, 2, 7, 3, 5], [7, 14, 16, 0, 8, 12, 17, 2, 11, 10, 3, 15, 4, 18], [11, 17, 0, 3, 12, 18, 8, 15, 14, 16, 4, 9], [17, 11, 0, 3, 9, 18, 20, 8, 16, 21, 13, 12, 4], [12, 9, 14, 0, 4, 10, 15, 3, 7, 6, 8, 1], [7, 0, 8, 3, 4], [23, 9, 0, 2, 17, 31, 33, 3, 6, 18, 28, 11, 10, 26, 30, 12, 16, 27, 29], [14, 0, 7, 11, 6, 3, 4, 10, 1, 12]]
[[11, 20, 13, 15, 17, 0, 4, 8, 18, 21, 3, 7, 6, 22, 9], [7, 12, 2, 18, 15, 13, 3, 19, 8, 5, 17, 9, 10, 16, 6], [8, 12, 22, 1, 24, 17, 25, 28, 2, 18, 16, 7, 9, 13, 23, 0, 4, 14, 19, 21], [10, 3, 12, 2, 11, 5, 14, 17, 4, 13, 8, 6, 7, 15], [18, 3, 21, 0, 16, 6, 12, 15, 2, 11, 14, 19, 1], [11, 5, 3, 8, 2, 4, 6], [12, 15, 19, 4, 9, 7, 3, 6, 16, 10, 0, 17], [20, 13, 15, 19, 10, 8, 11, 17, 22, 21, 4, 7, 3, 6, 16, 0], [11, 27, 13, 2, 12, 4, 7, 15, 18, 21, 5, 16, 3, 14, 17, 28], [12, 15, 22, 2, 17, 1, 16, 6, 10, 19, 7, 3, 5, 18, 0, 8, 20]]
[[28, 30, 10, 23, 32, 8, 13, 7, 31, 16, 17, 34, 15, 22, 33, 9, 11, 20, 21, 36, 37], [14, 19, 27, 2, 23, 4, 16, 29, 35, 0, 5, 7, 10, 21, 30, 32, 13, 3, 9, 38, 20, 25, 22, 37, 15, 24, 28, 36, 31, 33, 26], [23, 34, 0, 18, 30, 1, 13, 16, 15, 5, 28, 14, 27, 25, 19, 31, 9, 33, 7, 8, 21, 29], [7, 8, 2, 5, 9, 3, 6], [7, 9, 2, 5, 8, 10, 3, 6], [20, 24, 8, 2, 4, 9, 1, 12, 3, 13, 16, 22, 7, 5, 6, 17, 25, 26, 14], [25, 8, 0, 6, 10, 13, 5, 14, 17, 7, 1, 23, 2, 20, 21, 26, 15], [16, 22, 1, 4, 7, 5, 17, 24, 10, 2, 21, 23, 29, 26, 27, 28, 3]]
[[32, 20, 6, 14, 24, 27, 0, 7, 12, 22, 5, 11, 9, 25, 21, 28, 23, 15, 29, 26], [16, 22, 2, 9, 14, 0, 3, 17, 23, 6, 21, 15, 7, 10, 13, 18, 26], [11, 3, 15, 0, 13, 4, 7, 12, 8, 9], [25, 27, 37, 3, 18, 16, 45, 46, 0, 11, 32, 40, 4, 19, 41, 6, 17, 21, 47, 23, 28, 36, 9, 38, 15, 44, 26, 29, 30, 33, 10, 39, 48, 1, 12, 34, 7, 24], [11, 19, 5, 20, 32, 9, 15, 22, 25, 27, 34, 2, 7, 13, 23, 28, 6, 33, 0, 12, 21, 30, 29, 35]]
[[10, 6, 0, 4, 16, 3, 11, 14, 13, 9, 17], [15, 36, 7, 17, 21, 3, 10, 11, 23, 25, 28, 32, 0, 4, 29, 33, 38, 26, 9, 8, 18, 22, 19, 37, 16, 27, 1, 30, 34], [32, 2, 5, 7, 8, 14, 18, 19, 12, 11, 4, 3, 33, 15], [8, 2, 17, 1, 16, 4, 12, 19, 5, 10, 3, 18, 9, 0, 15, 6, 13], [12, 2, 20, 0, 5, 19, 16, 17, 1, 4], [16, 19, 29, 10, 6, 20, 4, 3, 11, 2, 13, 31, 9, 0, 7, 14], [9, 19, 4, 3, 6, 11, 5, 14, 0, 7, 20]]
[[9, 15, 28, 5, 12, 20, 24, 34, 3, 7, 13, 21, 25, 32, 31, 19, 29, 2, 6, 10, 11, 27, 8, 16, 22], [6, 19, 26, 31, 34, 8, 40, 0, 11, 16, 21, 28, 4, 17, 24, 29, 35, 9, 41, 39, 32, 12, 42, 30, 15, 36, 37], [2, 19, 27, 4, 12, 0, 20, 24, 23, 6, 5, 21, 7, 8, 11, 25], [0, 5, 25, 8, 10, 14, 1, 9, 7, 23, 29, 2, 3, 17, 22, 28, 15, 20, 26], [13, 4, 2, 6, 10, 16, 0, 7, 11, 14, 17, 5, 8], [8, 12, 21, 25, 30, 6, 18, 28, 3, 15, 24, 2, 27, 13, 14, 26, 31, 4, 9, 16, 19, 29]]
[[28, 21, 6, 10, 17, 23, 26, 31, 34, 0, 7, 15, 24, 32, 5, 14, 22, 4, 27, 29, 20, 9, 12, 35, 1, 18], [1, 8, 16, 3, 11, 19, 10, 18, 2, 15, 9, 0, 17, 5, 13, 20], [6, 11, 20, 8, 14, 0, 3, 12, 17, 21, 19, 2, 16, 4], [26, 2, 5, 10, 11, 14, 17, 20, 6, 15, 4, 3, 13, 0, 8], [20, 26, 30, 13, 4, 8, 15, 18, 5, 16, 14, 1, 2, 24, 25, 0, 28, 31, 12, 17, 6, 9, 3], [14, 22, 2, 5, 11, 4, 19, 3, 18, 0, 6, 7, 12, 20, 10], [12, 7, 10, 16, 20, 4, 17, 21, 3, 0, 14, 2, 13, 8, 11, 5, 15]]
[[8, 10, 16, 0, 5, 11, 4, 9, 3, 7, 17, 12], [1, 11, 13, 3, 15, 17, 4, 8, 2, 12, 14, 0, 10, 16], [17, 24, 32, 5, 13, 22, 27, 34, 0, 6, 14, 3, 10, 11, 20, 28, 2, 18, 19, 29, 4, 35, 7, 25, 30, 12, 21], [18, 9, 13, 26, 2, 19, 22, 1, 27, 0, 15, 12, 20], [1, 29, 4, 7, 13, 5, 14, 17, 20, 10, 32, 3, 28, 26, 2, 25, 27, 0, 33, 8, 34], [3, 6, 11, 13, 0, 7, 14, 5, 4, 2]]
[[9, 16, 21, 6, 14, 4, 3, 19, 13, 7, 20, 22, 12, 18, 10, 23], [5, 13, 17, 8, 20, 1, 11, 4, 0, 10, 18, 6, 14, 19, 12, 21, 22, 2], [10, 13, 19, 0, 16, 4, 17, 7, 8, 21, 11, 22, 14, 9], [16, 25, 11, 12, 1, 15, 29, 27, 30, 14, 6, 24, 2, 4, 23, 0, 3, 13, 26, 7, 17, 19], [8, 10, 4, 6, 3, 11, 14], [21, 2, 4, 7, 19, 23, 5, 17, 24, 3, 12, 15, 11, 16, 6, 0, 13], [12, 6, 14, 17, 15, 4, 3, 16, 18], [20, 3, 6, 7, 26, 5, 4, 12, 25, 22, 27, 8, 10, 17], [11, 23, 5, 3, 21, 15, 20, 1, 9, 12, 18, 0, 13, 14, 24, 16, 6, 22, 2, 10]]
[[30, 20, 23, 0, 8, 7, 15, 21, 14, 13, 11, 18, 24, 27, 31, 9, 16], [13, 22, 2, 9, 16, 18, 0, 3, 19, 27, 26, 4, 11, 6, 10, 17, 14, 12, 20, 30, 28], [14, 25, 37, 1, 3, 6, 9, 22, 30, 4, 2, 19, 26, 15, 23, 27, 29, 38], [17, 20, 36, 2, 22, 1, 21, 8, 12, 26, 31, 24, 3, 5, 15, 18, 23, 0, 25, 6, 11, 13, 27, 30, 37], [19, 31, 2, 1, 4, 8, 25, 26, 29, 27, 3, 34, 33, 17, 12, 5, 11, 16, 22, 9, 14, 20, 23], [7, 25, 30, 20, 23, 32, 35, 4, 29, 14, 10, 17, 18, 26, 31, 33, 37, 2, 5, 16, 21, 0], [12, 6, 10, 16, 4, 2, 9, 0], [12, 20, 28, 36, 4, 0, 16, 31, 5, 25, 33, 34, 7, 32, 10, 13, 22, 37, 1, 8, 26, 35]]
[[8, 16, 0, 4, 12, 17, 11, 3, 9, 7, 6, 5, 13, 18], [3, 11, 14, 9, 15, 1, 8, 0, 7, 2, 16, 12], [0, 11, 17, 23, 30, 8, 12, 31, 35, 16, 14, 21, 34, 5, 26, 7, 4, 27, 15, 22, 38, 24, 32, 1, 9, 18, 28, 36, 37], [11, 7, 20, 23, 25, 29, 0, 4, 17, 21, 13, 3, 16, 8, 26, 12, 14, 31, 5, 18, 27, 30], [64, 142, 114, 123, 8, 94, 119, 96, 113, 122, 3, 30, 32, 43, 47, 60, 71, 81, 85, 103, 106, 116, 130, 134, 136, 0, 4, 28, 41, 53, 58, 69, 72, 88, 100, 108, 127, 124, 9, 7, 52, 93, 27, 97, 57, 80, 115, 23, 99, 126, 31, 44, 82, 107, 51, 56, 79, 95, 40, 68, 140, 143, 112, 121, 46, 84, 102, 129, 29, 70, 34, 49, 74, 86, 135, 1, 61, 73, 101, 109, 128, 111, 16, 38, 76], [4, 7, 11, 18, 22, 26, 15, 19, 23, 25, 1, 21, 2, 14, 5, 0, 17, 10, 16, 27, 3]]
[[7, 22, 10, 12, 15, 19, 4, 16, 3, 11, 9, 13, 5, 17, 20], [8, 9, 4, 14, 18, 2, 5, 12, 1, 10, 20, 0, 11], [5, 8, 10, 14, 26, 28, 31, 15, 24, 32, 1, 23, 2, 3, 22, 6, 27, 11, 29, 4], [12, 1, 6, 9, 15, 19, 22, 25, 7, 13, 20, 23, 3, 2, 0, 4], [5, 25, 1, 10, 11, 18, 26, 2, 6, 7, 3]]
[[3, 11, 14, 4, 8, 12, 2, 10, 7, 15, 0, 5], [10, 13, 21, 3, 23, 4, 24, 2, 17, 14, 20, 0, 1, 16, 15, 22, 7, 8, 25, 18], [4, 24, 32, 26, 0, 2, 12, 10, 13, 19, 27, 9, 22, 8, 21, 25, 33, 5, 14, 16, 20, 30, 23], [11, 1, 13, 4, 2, 6, 8, 0, 7, 3, 14, 9], [8, 20, 12, 6, 22, 3, 14, 2, 19, 17, 16, 13, 21, 23, 0, 4, 9, 25], [12, 17, 6, 9, 20, 3, 7, 16, 1, 2, 0, 18, 21, 19, 4, 10, 13]]
[[16, 5, 9, 12, 20, 3, 10, 13, 17, 19, 2, 8, 7, 21, 0], [2, 5, 8, 10, 13, 11, 0, 9, 6, 14], [9, 15, 17, 0, 13, 20, 22, 5, 8, 19, 6, 10, 11, 18, 12, 1], [17, 20, 7, 11, 3, 22, 25, 1, 6, 21, 2, 0, 5, 23, 24, 10], [17, 30, 6, 9, 12, 22, 25, 33, 3, 10, 20, 26, 31, 2, 0, 4, 27]]
[[22, 29, 39, 41, 25, 9, 26, 19, 32, 8, 14, 18, 13, 30, 35, 37, 42, 33, 10, 15, 27], [21, 2, 23, 4, 25, 28, 0, 5, 29, 3, 6, 22, 24, 7, 11, 26, 9], [18, 2, 4, 10, 21, 24, 22, 3, 16, 15, 19, 5, 6, 11], [5, 15, 20, 2, 22, 11, 26, 28, 30, 0, 4, 3, 23, 6, 24, 21, 31, 7, 12, 16, 17, 8, 10], [22, 32, 26, 29, 0, 1, 12, 17, 2, 30, 34, 16, 9, 28, 8, 27, 33, 25, 3, 10, 13, 35], [11, 23, 29, 18, 7, 26, 2, 25, 19, 1, 21, 30, 17, 6, 28, 3, 27]]
[[7, 11, 19, 5, 17, 4, 16, 8, 12, 2, 20, 0], [17, 23, 29, 34, 32, 11, 2, 6, 9, 12, 24, 1, 36, 5, 21, 35, 37, 20, 0, 25, 15, 18, 26, 31, 3, 7, 27, 16], [12, 16, 0, 9, 14, 22, 6, 10, 17, 19, 3, 20, 23, 1], [11, 4, 9, 12, 3, 2, 8, 5, 13], [22, 23, 29, 7, 28, 3, 17, 25, 0, 4, 10, 14, 6, 9, 13, 30, 21, 31, 24, 8, 27, 26, 1, 15, 18], [19, 4, 7, 10, 13, 8, 6, 5, 2, 0], [20, 2, 1, 9, 12, 6, 5, 3, 22, 0, 7], [4, 26, 8, 7, 10, 16, 0, 9, 21, 29, 6, 18, 1, 2, 13, 17, 20, 23, 11], [9, 6, 17, 0, 15, 3, 2, 4, 5, 14, 10, 19, 7, 11, 18]]
[[13, 22, 17, 10, 3, 8, 5, 7, 19, 2, 18, 16, 12, 11, 14], [15, 2, 5, 1, 0, 3, 10], [10, 15, 27, 3, 2, 6, 4, 5, 13, 23, 28], [8, 16, 5, 2, 21, 1, 4, 11, 25, 26, 0, 20, 3, 29, 6, 17, 18, 27, 23], [11, 20, 2, 6, 9, 16, 3, 4, 14, 12, 7, 10, 17, 5], [15, 2, 5, 3, 8, 1, 0, 16], [11, 17, 1, 8, 15, 19, 4, 3, 2, 5, 12, 13, 0, 14, 6, 9, 20]]
[[7, 10, 12, 19, 3, 20, 2, 11, 9, 13, 22, 17], [0, 1], [5, 21, 6, 10, 13, 16, 3, 11, 1, 2, 0, 7, 8, 22], [15, 19, 28, 40, 1, 20, 9, 13, 24, 31, 35, 38, 3, 32, 37, 2, 4, 10, 21, 29, 11, 16, 23, 6, 7, 22, 25, 41]]
[[11, 15, 20, 23, 0, 6, 5, 12, 14, 10, 17, 18, 21, 24], [7, 3, 5, 10, 2, 1, 8, 4, 0], [21, 26, 3, 32, 0, 16, 22, 30, 15, 8, 33, 10, 29, 4, 7, 1, 12, 18], [16, 24, 13, 3, 8, 23, 26, 0, 9, 14, 20, 27, 17, 4, 6, 19, 25, 22, 29, 1, 21], [22, 13, 26, 35, 0, 6, 17, 32, 37, 1, 7, 10, 18, 23, 30, 38, 36, 14, 16, 29, 27, 40, 3, 11, 33], [20, 10, 24, 33, 0, 15, 30, 1, 7, 16, 21, 28, 35, 11, 13, 27, 25, 34, 23, 37, 22, 31], [5, 12, 13, 0, 20, 3, 9, 17, 14, 21, 2, 16, 1, 6, 18], [16, 6, 5, 17, 11, 24, 36, 42, 45, 0, 26, 38, 43, 7, 32, 9, 21, 12, 18, 22, 28, 30, 34, 40, 13, 14, 10, 19]]
[[8, 5, 12, 13, 3, 2, 6, 7, 9, 10, 14], [15, 17, 2, 1, 7, 13, 3, 19, 5, 11, 20, 12, 22, 21], [5, 10, 35, 2, 12, 7, 11, 14, 18, 31, 19, 22, 25, 29, 32, 4, 3, 6, 13, 33, 15, 17, 26], [23, 5, 0, 14, 18, 28, 31, 3, 7, 12, 15, 19, 26, 32, 6, 10, 11, 25, 27, 1, 16, 20, 29, 33], [10, 18, 22, 2, 9, 7, 14, 4, 16, 3, 6, 21, 20, 23, 13, 24, 11], [3, 14, 16, 9, 6, 17, 26, 18, 27, 0, 7, 19, 23]]
[[22, 10, 16, 0, 12, 6, 13, 19, 11, 18, 15, 1, 3, 20], [22, 16, 2, 7, 8, 11, 21, 0, 9, 25, 15, 3, 5, 17, 20, 24, 12, 26, 13, 18], [6, 10, 27, 2, 11, 14, 18, 15, 21, 3, 13, 5, 12, 0, 16], [18, 1, 4, 8, 20, 23, 5, 21, 13, 3, 2, 25, 24, 0, 6, 16, 26, 14], [10, 14, 23, 3, 19, 22, 28, 20, 5, 18, 27, 24, 12, 15, 25, 0, 8, 6, 16], [18, 6, 1, 4, 22, 29, 15, 20, 23, 2, 8, 32, 11, 19, 33, 14, 27, 0, 7, 31, 25, 10, 12, 34], [13, 17, 1, 9, 23, 4, 5, 0, 8, 14, 20, 6, 2, 12, 24]]
[[10, 5, 8, 21, 6, 17, 4, 16, 11, 7, 9, 12], [7, 17, 20, 27, 34, 1, 15, 24, 13, 25, 5, 12, 2, 31, 0, 30, 8, 22, 28, 23, 26, 32], [16, 22, 32, 39, 46, 4, 8, 11, 13, 25, 27, 44, 49, 56, 6, 53, 20, 5, 35, 12, 23, 33, 40, 48, 31, 42, 55, 45, 51, 57, 14, 17, 41, 43, 47, 50, 54], [15, 36, 12, 19, 6, 22, 26, 30, 2, 13, 31, 20, 1, 3, 23, 4, 9, 16, 17, 27, 21], [15, 21, 6, 0, 12, 25, 8, 11, 19, 7, 22, 9, 1, 13, 16, 20, 23]]
[[6, 26, 14, 9, 20, 24, 0, 4, 7, 10, 21, 27, 3, 15, 17, 13, 19, 18, 22, 28], [8, 9, 4, 11, 15, 17, 1, 5, 12, 18, 0, 10, 2, 13], [7, 17, 21, 2, 10, 12, 18, 3, 5, 8, 11, 6, 13], [1, 4, 6, 15, 19, 7, 3, 2, 12, 13, 0, 9, 16, 18, 20, 14], [5, 10, 16, 24, 2, 17, 7, 13, 26, 21, 4, 3, 20, 6, 18, 23, 28, 8, 22, 27], [8, 14, 30, 1, 16, 18, 15, 21, 19, 3, 24, 2, 5, 17, 0, 11, 9], [5, 11, 17, 12, 7, 19, 20, 2, 3, 15, 14, 6, 13, 18, 4, 16], [6, 9, 10, 22, 14, 16, 19, 17, 1, 2, 5, 23, 0, 21, 7, 11, 13, 12, 3], [8, 18, 3, 19, 11, 28, 31, 14, 25, 13, 5, 0, 6, 24, 2, 9, 21, 7, 26]]
[[13, 20, 17, 23, 7, 24, 10, 6, 21, 22, 12, 14, 19, 0, 8, 15], [14, 1, 3, 6, 8, 22, 4, 2, 19, 0, 20, 23], [2, 10, 7, 11, 17, 4, 16, 15, 6, 14, 0, 8, 12, 18], [1, 24, 3, 7, 19, 5, 21, 30, 26, 2, 16, 8, 17, 25, 29, 4, 15, 0, 22, 10, 12, 20, 31, 18, 27], [18, 4, 0, 11, 15, 21, 9, 6, 5, 8, 22, 17, 14, 16], [22, 9, 8, 0, 3, 15, 18, 27, 13, 16, 19, 28, 10, 12, 24, 1, 4, 25], [12, 6, 5, 0, 14, 15, 7, 9, 16, 10], [12, 19, 25, 1, 10, 26, 4, 8, 29, 6, 13, 20, 30, 37, 3, 11, 35, 33, 2, 28, 22, 32, 34, 16, 23, 27, 38, 31, 21, 24], [22, 2, 15, 9, 6, 10, 16, 18, 3, 14, 5, 23, 7, 11, 19, 21]]
[[7, 9, 11, 14, 17, 5, 12, 16, 4, 8, 0, 2, 18], [12, 17, 8, 9, 31, 15, 0, 2, 25, 28, 10, 26, 32, 24, 34, 23, 13, 18, 7, 29, 6, 14, 30, 3, 20, 22, 35], [0, 17, 5, 11, 1, 2, 3, 6, 8, 14, 15], [8, 15, 23, 27, 2, 4, 9, 21, 18, 20, 3, 25, 0, 5, 10, 26], [17, 5, 0, 10, 21, 9, 14, 6, 7, 8, 20, 18, 15, 16], [7, 2, 3, 8, 5, 10, 1, 0, 11], [11, 5, 13, 16, 3, 2, 12, 10, 17, 9, 0, 6, 19], [14, 6, 20, 8, 5, 0, 17, 22, 1, 15, 24, 11, 7, 21, 19, 9, 18, 12], [17, 10, 9, 4, 12, 15, 2, 11, 1, 18, 5, 7, 16], [5, 24, 0, 12, 16, 21, 26, 31, 1, 10, 13, 27, 32, 8, 25, 6, 7, 9, 22, 18, 30, 34, 14, 28, 29, 33], [14, 7, 5, 25, 11, 9, 27, 15, 20, 23, 16, 26, 17, 0, 2, 4, 10, 12, 18, 21, 28], [18, 26, 30, 4, 7, 24, 5, 21, 23, 10, 1, 3, 0, 2, 28, 31, 13, 29, 11]]
[[13, 17, 8, 14, 18, 5, 2, 7, 16, 11, 15, 19, 9], [18, 26, 31, 11, 24, 30, 29, 2, 22, 27, 3, 10, 12, 32], [17, 2, 9, 15, 12, 3, 11, 10, 5, 8, 6, 13, 18], [18, 27, 2, 1, 4, 8, 11, 22, 5, 3, 21, 30, 0, 6], [15, 20, 26, 22, 10, 18, 30, 4, 11, 16, 28, 31, 3, 8, 2, 25, 7, 23, 27, 21, 29, 33, 12], [13, 3, 14, 6, 10, 21, 0, 7, 11, 18, 5, 4, 17, 15, 22, 8, 25, 23], [8, 15, 21, 3, 17, 2, 16, 11, 25, 4, 6, 20, 9, 18, 22, 12, 26, 13, 23, 29, 27], [7, 18, 1, 20, 13, 10, 25, 21, 24, 3, 14, 2, 5, 12, 8, 19, 0, 26, 27, 6, 15, 17]]
[[11, 19, 8, 10, 14, 17, 6, 15, 20, 5, 9, 12, 13], [14, 4, 9, 16, 2, 1, 8, 0, 7, 10], [0, 14, 5, 8, 12, 7, 11, 16, 15], [8, 3, 6, 12, 17, 0, 10, 18, 2, 15, 14, 9, 4, 13], [13, 5, 2, 7, 0, 3, 18, 6, 8, 9, 14, 15, 11, 10, 16, 17, 22], [0, 9, 17, 5, 1, 11, 2, 3, 10, 18], [5, 13, 11, 19, 15, 2, 8, 14, 20, 18, 0, 3, 9, 16, 17], [17, 2, 4, 10, 3, 5, 6, 18], [7, 5, 10, 2, 11, 1, 6, 0, 8, 3, 12]]
[[7, 11, 9, 3, 2, 8, 6, 10, 4], [14, 9, 6, 16, 18, 2, 19, 21, 1, 10, 0, 12, 15, 7, 17, 20, 3, 4], [4, 8, 19, 12, 1, 14, 17, 21, 15, 22, 13, 3, 2, 11, 5, 6, 23], [24, 2, 4, 11, 13, 16, 19, 5, 14, 3, 9, 8, 22, 10], [11, 3, 0, 7, 15, 1, 9, 4, 8, 12, 13, 16], [13, 26, 1, 9, 19, 4, 3, 2, 20, 0, 8, 14, 23, 27, 5, 10, 15, 18], [18, 30, 11, 9, 0, 2, 13, 16, 23, 14, 12, 10, 19, 31, 33, 3, 4, 22, 24]]
[[24, 0, 18, 27, 4, 7, 11, 16, 19, 28, 6, 10, 25, 31, 21, 22, 15, 9, 23, 30, 33, 32], [11, 27, 1, 8, 30, 25, 5, 18, 23, 3, 10, 31, 2, 4, 17, 22, 12, 29, 13, 20, 6, 19, 21, 15], [1, 10, 15, 19, 18, 14, 3, 12, 2, 9, 21, 5, 16, 22], [0, 3, 21, 4, 9, 14, 19, 25, 11, 18, 24, 13, 17, 23, 1, 5, 15, 26], [17, 10, 7, 29, 0, 4, 8, 24, 19, 11, 3, 27, 12, 15, 18, 20, 22, 23, 2, 26, 30, 25, 32, 5, 31, 13, 28], [17, 31, 8, 6, 1, 24, 20, 27, 13, 28, 10, 26, 2, 23, 3, 32, 12, 22, 25, 34, 7, 18, 21, 14, 29, 33, 4], [19, 26, 22, 0, 12, 16, 28, 1, 10, 17, 23, 29, 15, 5, 27, 8, 9, 4, 21, 13, 24, 30, 6]]
[[6, 12, 18, 15, 21, 0, 4, 9, 3, 11, 7, 5, 16, 19], [22, 2, 4, 8, 11, 15, 0, 5, 3, 7, 17, 6, 9, 19], [4, 6, 9, 13, 0, 10, 5, 12, 1, 11], [9, 15, 19, 12, 10, 21, 3, 18, 7, 20, 22, 4, 13], [6, 16, 23, 18, 21, 9, 12, 0, 2, 7, 19, 4, 8, 20, 17, 10, 5], [5, 21, 8, 16, 2, 9, 6, 22, 17, 0, 3, 10, 15, 7], [8, 11, 20, 2, 15, 18, 13, 5, 0, 6, 4, 3, 14, 16, 9, 17, 12, 7, 21, 22]]
[[11, 0, 4, 6, 12, 15, 10, 3, 9, 8, 14, 1, 13], [11, 29, 2, 4, 17, 24, 5, 18, 22, 25, 30, 33, 32, 14, 3, 27, 0, 15, 26, 34], [13, 0, 10, 15, 4, 8, 16, 7, 14, 12, 5, 17], [14, 0, 4, 6, 15, 3, 9, 10, 12, 8, 1], [14, 5, 2, 10, 18, 0, 3, 8, 11, 16, 19, 6, 7, 15], [12, 0, 9, 3, 7, 15, 6, 14, 11, 13, 4, 16], [22, 6, 14, 20, 0, 4, 15, 3, 9, 10, 12, 8, 19, 1, 16], [11, 25, 30, 5, 2, 13, 18, 28, 0, 3, 9, 14, 19, 6, 8, 15, 20, 26], [12, 0, 9, 15, 3, 7, 16, 6, 14, 13, 11, 4, 17], [20, 15, 18, 22, 0, 4, 6, 16, 3, 9, 10, 12, 14, 8, 17, 1], [8, 13, 2, 11, 3, 5, 9, 7, 0, 6], [14, 16, 2, 6, 11, 18, 21, 5, 15, 0, 7, 17, 13, 20, 3, 19, 9], [7, 16, 22, 9, 19, 20, 1, 4, 0, 14, 23, 24, 5, 13, 17, 21, 2]]
[[5, 9, 3, 7, 10, 2, 6, 8, 11], [0, 14, 4, 9, 1, 10, 2, 11, 12, 8], [27, 32, 37, 1, 5, 2, 18, 39, 8, 17, 34, 30, 0, 31, 25, 28, 33, 38, 19, 36, 41, 3, 35, 40, 23], [7, 1, 4, 3, 2, 9], [13, 22, 9, 7, 19, 25, 6, 18, 16, 17, 23, 14, 24, 12, 21, 27, 10, 20, 26], [8, 1, 15, 14, 10, 21, 6, 11, 19, 3, 16, 2, 5, 18], [13, 22, 8, 6, 19, 25, 5, 18, 16, 4, 17, 23, 14, 24, 21, 28, 20, 26, 12], [11, 2, 8, 17, 13, 4, 3, 6, 12, 14], [13, 23, 8, 6, 19, 25, 5, 18, 16, 4, 12, 17, 26, 22, 20], [11, 2, 8, 16, 14, 17, 4, 3, 6, 13], [15, 26, 24, 19, 2, 7, 10, 4, 21, 3, 25, 28, 29, 20, 27, 5, 8]]
[[8, 5, 10, 11, 13, 2, 9, 7, 12, 3, 14], [11, 20, 2, 13, 6, 17, 7, 21, 3, 12, 14, 4, 0, 8, 15], [17, 2, 4, 8, 5, 10, 3, 6], [13, 16, 19, 28, 1, 6, 25, 2, 4, 12, 21, 0, 7, 24], [0, 12, 5, 9, 1, 14, 11, 2, 3], [2, 4, 5, 12, 17, 16, 3, 9, 15, 8, 14, 10, 18], [12, 26, 7, 15, 23, 17, 2, 9, 10, 28, 3, 25, 20, 8, 24, 16, 29, 19, 21, 27, 14, 4], [14, 28, 2, 8, 6, 5, 4, 3, 12, 26, 21, 19], [8, 17, 20, 28, 11, 15, 21, 12, 1, 4, 29, 31, 13]]
[[12, 21, 0, 15, 3, 6, 10, 13, 16, 5, 9, 7], [15, 22, 17, 9, 20, 7, 13, 2, 6, 18, 0, 1, 5, 10, 23, 3, 21, 19], [3, 10, 5, 13, 1, 0, 11], [13, 5, 7, 12, 1, 6, 4, 14, 2, 15], [9, 1, 11, 6, 19, 4, 13, 20, 3, 2, 16, 18, 0, 10, 15, 12, 21], [14, 1, 6, 4, 8, 15, 13, 3, 2, 7, 0, 16, 18], [9, 15, 27, 17, 7, 11, 24, 2, 12, 22, 25, 1, 6, 18, 21, 16, 10, 19, 4, 8, 26, 3], [17, 6, 12, 20, 8, 21, 2, 7, 13, 0, 15, 1, 5, 11, 18, 3], [9, 18, 0, 8, 10, 14, 22, 6, 21, 2, 15, 19, 4, 17]]
[[28, 31, 0, 10, 17, 20, 37, 40, 2, 8, 18, 25, 33, 38, 23, 7, 13, 32, 16, 24, 12, 30, 14, 27, 39, 3, 21, 26, 34, 36, 41], [4, 7, 20, 1, 3, 2, 0, 8, 14, 21, 17], [8, 2, 5, 3, 1, 6, 9, 4, 7], [5, 8, 11, 16, 6, 17, 1, 4, 14, 12, 0, 2, 15, 20, 9, 19], [16, 3, 19, 5, 8, 11, 25, 6, 13, 21, 4, 20, 0, 12, 2, 18, 15, 27, 9, 14, 22, 24, 26], [16, 0, 8, 11, 14, 9, 18, 23, 3, 5, 17, 22, 7, 4, 21, 1, 15, 12, 19], [18, 29, 8, 19, 1, 6, 25, 3, 11, 16, 20, 26, 22, 2, 10, 15, 7, 0, 9, 14, 21, 24, 4, 12, 27], [13, 5, 8, 11, 18, 23, 26, 6, 15, 24, 1, 4, 14, 21, 19, 0, 2, 22, 12, 28, 9, 16, 27], [19, 1, 4, 7, 2, 11, 5, 8, 15, 20, 3], [22, 30, 1, 4, 7, 19, 25, 28, 5, 15, 20, 26, 18, 3, 14, 2, 0, 13, 23, 31, 8, 10, 21, 29]]
[[15, 5, 12, 19, 10, 4, 9, 3, 16, 13, 17, 14, 20], [7, 11, 23, 17, 16, 4, 13, 2, 1, 18, 10, 20, 0, 15, 3, 5, 21], [9, 24, 27, 13, 12, 1, 4, 14, 6, 16, 20, 25, 11, 8, 7], [10, 15, 4, 2, 14, 1, 0, 16, 3, 17, 5], [0, 19, 5, 11, 27, 31, 6, 21, 28, 4, 24, 17, 1, 26, 18, 16, 25, 20, 22, 2, 29], [14, 24, 26, 17, 20, 6, 21, 4, 27, 18, 5, 9, 3, 16, 7, 19], [7, 14, 16, 17, 12, 4, 5, 3, 18, 6], [7, 16, 29, 10, 13, 21, 24, 5, 11, 14, 22, 9, 4, 20, 3, 17, 23, 15, 30], [11, 8, 16, 5, 15, 4, 0, 9, 12, 6, 13]]
[[15, 6, 4, 8, 12, 3, 10, 14, 9, 11, 0], [5, 8, 17, 3, 10, 21, 20, 2, 12, 14, 15, 9, 6], [14, 4, 6, 10, 23, 0, 5, 8, 21, 27, 18, 26, 20, 2, 15, 16, 11, 17, 28], [5, 8, 15, 3, 7, 2, 14, 9, 0, 10, 11], [12, 3, 5, 8, 20, 22, 25, 28, 30, 33, 23, 34, 4, 13, 17, 26, 14, 27, 35, 0, 1, 6, 9, 18, 31, 15], [7, 12, 15, 4, 3, 8, 0, 9, 10], [9, 6, 15, 16, 19, 2, 1, 5, 0, 11, 17, 20, 7, 12, 13], [19, 5, 9, 23, 6, 12, 3, 4, 16, 20, 0, 7, 13, 24]]
[[16, 9, 18, 21, 24, 27, 7, 10, 14, 19, 22, 28, 6, 17, 2, 15, 25, 13, 12, 23, 11], [6, 24, 11, 4, 21, 2, 17, 13, 1, 16, 28, 0, 12, 26, 22, 20], [32, 38, 6, 11, 14, 20, 25, 35, 4, 12, 17, 23, 29, 33, 36, 1, 8, 19, 28, 41, 7, 27, 40, 16, 30, 26, 10], [24, 27, 31, 6, 5, 2, 14, 34, 0, 3, 10, 7, 12, 15, 20, 28, 9, 17, 30, 32, 35], [26, 2, 12, 15, 22, 29, 34, 37, 0, 13, 16, 23, 27, 30, 35, 19, 8, 4, 33, 3, 7, 28, 31, 36, 38, 40, 5, 11, 20], [3, 6, 9, 0, 7, 11, 1, 4]]
[[21, 16, 17, 12, 24, 28, 0, 4, 10, 13, 25, 29, 7, 3, 9, 20, 18, 22, 27, 5, 26], [19, 16, 12, 0, 10, 13, 7, 3, 5, 9, 18, 4, 8, 15, 20, 1], [2, 9, 0, 4, 6, 8, 3, 12, 14, 16, 11, 13, 17], [1, 6, 9, 14, 4, 10, 13, 3, 2, 0, 7], [20, 16, 23, 0, 3, 7, 12, 24, 6, 2, 22, 10, 21, 11, 19, 8, 14, 25, 26], [3, 12, 21, 15, 29, 1, 4, 13, 16, 6, 11, 18, 23, 0, 26, 10, 14, 22, 31, 7, 27, 30, 24], [7, 14, 4, 27, 2, 5, 19, 28, 18, 10, 16, 22, 31, 0, 9, 15, 24, 33, 13, 21, 30, 17, 29, 25], [23, 47, 3, 12, 26, 21, 36, 41, 44, 0, 13, 19, 33, 38, 42, 6, 28, 4, 9, 32, 18, 7, 17, 29, 30, 35, 37, 8, 27, 31, 48, 43, 46, 39, 45, 11]]
[[7, 10, 5, 11, 4, 8, 1, 3, 12], [7, 14, 31, 17, 19, 16, 5, 10, 21, 24, 2, 11, 1, 18, 15, 3, 23], [13, 22, 7, 19, 8, 15, 20, 12, 18, 4, 23, 24, 5, 14, 25, 26, 0, 2], [0, 23, 27, 35, 8, 7, 4, 10, 16, 20, 32, 2, 40, 1, 9, 28, 25, 30, 39, 6, 12, 14, 17, 19, 29, 31, 36, 38], [18, 27, 4, 2, 6, 9, 12, 24, 0, 10, 13, 19, 5, 16, 17, 23, 7, 20, 25]]
[[12, 21, 25, 5, 3, 26, 16, 24, 2, 9, 10, 8, 13, 14, 6, 11, 22, 27], [18, 1, 5, 2, 0, 11, 14, 16, 3], [19, 4, 14, 16, 2, 6, 17, 20, 0, 12, 5, 10, 8, 7, 9, 21], [14, 7, 4, 8, 12, 3, 15, 6, 10, 5], [18, 5, 8, 12, 24, 3, 9, 16, 21, 25, 15, 2, 6, 20, 26, 22], [19, 28, 4, 13, 2, 26, 7, 25, 5, 29, 6, 14, 15, 9, 20, 12], [13, 2, 6, 3, 11, 10, 8, 4, 14], [11, 1, 3, 8, 2, 0, 4, 12], [21, 1, 8, 18, 27, 6, 23, 3, 5, 13, 25, 26, 16, 2, 4, 12, 22, 19, 17, 24, 28, 14]]
[[33, 40, 2, 10, 14, 28, 30, 35, 38, 8, 16, 26, 36, 7, 23, 25, 29, 34, 31, 0, 4, 15, 17], [21, 33, 0, 3, 13, 19, 25, 28, 1, 6, 26, 8, 12, 11, 27, 14, 15, 18, 31, 36, 29, 34, 9], [2, 5, 21, 23, 28, 0, 13, 17, 10, 20, 27, 12, 16, 24, 19, 26, 3, 7, 29], [13, 20, 31, 7, 8, 27, 0, 11, 14, 28, 3, 32, 17, 21, 5, 23, 34, 16, 30, 19, 9, 24, 25], [26, 33, 40, 8, 7, 2, 10, 14, 17, 22, 36, 11, 24, 28, 9, 31, 32, 34, 23, 37, 27, 35, 0, 4, 12, 21], [15, 26, 30, 2, 23, 27, 5, 21, 1, 13, 19, 9, 18, 0, 12, 22, 16, 10, 24, 28, 14]]
[[17, 8, 13, 6, 11, 14, 18, 16, 5, 9, 10, 0, 3], [27, 8, 11, 13, 21, 6, 9, 1, 5, 18, 4, 19, 0, 17, 14, 2, 28, 20], [28, 31, 41, 4, 11, 13, 3, 16, 21, 36, 8, 14, 5, 12, 7, 0, 2, 10, 17, 20, 32, 35], [11, 0, 6, 14, 17, 19, 26, 34, 2, 12, 15, 32, 5, 30, 31, 1, 27, 10, 21, 23, 28, 33, 7], [0, 10, 5, 1, 12, 6, 3, 8, 11], [16, 6, 9, 11, 23, 26, 28, 30, 33, 7, 12, 21, 24, 31, 20, 3, 4, 14, 2, 19, 22, 25, 27, 29, 17], [6, 13, 19, 26, 33, 16, 29, 36, 7, 14, 27, 34, 9, 23, 31, 35, 3, 15, 4, 11, 24, 2, 22, 28, 10, 30, 37, 0, 5, 12, 25, 32], [10, 4, 16, 19, 21, 25, 1, 11, 8, 13, 0, 9, 22, 2, 14], [15, 25, 8, 9, 3, 17, 20, 23, 13, 18, 1, 10, 2, 6, 12, 0, 7, 24, 21], [21, 33, 6, 5, 0, 12, 15, 17, 30, 13, 28, 26, 7, 9, 27, 23, 4, 18, 1, 10]]
[[6, 3, 8, 11, 4, 9, 12, 2, 10, 13], [13, 8, 18, 2, 3, 6, 1, 9, 14, 11, 19, 0, 15, 16, 5, 4], [0, 19, 10, 25, 21, 26, 15, 1, 6, 20, 4, 28, 2, 3, 11, 16, 22, 24], [32, 28, 3, 17, 20, 0, 12, 15, 18, 22, 26, 14, 33, 7, 29, 30, 4, 21, 27, 31, 10, 25, 19, 1, 9], [8, 11, 19, 3, 6, 9, 13, 20, 5, 17, 12, 16, 18, 21, 0, 14], [8, 11, 15, 3, 6, 9, 13, 19, 5, 18, 12, 17, 20, 0], [9, 12, 20, 25, 4, 7, 10, 14, 18, 21, 6, 17, 13, 16, 22, 26, 27, 0, 1], [2, 7, 10, 3, 8, 0, 5, 1, 6], [13, 20, 8, 6, 1, 4, 9, 18, 5, 11, 0, 17, 15, 21, 19], [17, 6, 9, 14, 7, 10, 2, 5, 1, 0, 15, 13]]
[[24, 9, 6, 11, 14, 17, 0, 4, 12, 15, 3, 21, 10, 25, 8, 13, 18], [15, 18, 26, 5, 20, 2, 7, 12, 22, 0, 3, 23, 6, 11, 13, 19, 16, 21, 27, 8, 24, 28], [18, 2, 1, 4, 8, 14, 21, 9, 12, 15, 7, 3, 23, 19, 5], [24, 0, 15, 21, 3, 16, 22, 10, 20, 13, 12, 25, 11, 1, 18, 4, 17], [24, 10, 13, 21, 22, 0, 8, 14, 7, 20, 25, 9, 16, 18, 1, 15], [3, 17, 1, 5, 6, 12, 13, 15, 4, 11, 18, 2, 10, 7, 14], [19, 36, 13, 29, 44, 15, 31, 46, 0, 5, 11, 16, 22, 32, 37, 42, 47, 10, 27, 4, 14, 30, 45, 9, 20, 26, 41, 39, 28, 43, 1, 17, 33, 48, 24], [8, 14, 25, 5, 16, 23, 2, 17, 21, 20, 1, 12, 29, 28, 9, 15, 18, 3, 6, 26]]
[[10, 3, 2, 8, 11, 4], [10, 18, 1, 3, 6, 13, 16, 21, 14, 2, 0, 4, 11, 19, 7], [9, 4, 7, 13, 2, 10, 1, 11, 6, 8, 5], [13, 0, 8, 11, 1, 9, 18, 17, 5, 4, 6, 14], [12, 15, 13, 5, 8, 23, 2, 6, 18, 24, 21, 1, 17, 16, 14, 22, 3, 9], [8, 28, 0, 2, 5, 17, 6, 14, 21, 12, 24, 13, 23, 29, 3, 25], [5, 1, 7, 11, 2, 0, 8, 9, 3]]
[[13, 18, 5, 15, 20, 3, 2, 10, 9, 21, 6, 8, 22, 0, 11, 16], [4, 12, 20, 24, 6, 22, 2, 17, 1, 0, 5, 18, 7, 13, 14, 25], [12, 31, 37, 6, 14, 22, 28, 35, 0, 3, 10, 18, 20, 26, 9, 2, 19, 32, 4, 15, 23, 33], [3, 17, 5, 20, 23, 28, 32, 35, 38, 41, 9, 25, 29, 39, 1, 24, 21, 34, 40, 6, 26, 30, 33, 42]]
[[23, 16, 15, 5, 12, 18, 21, 3, 10, 13, 19, 2, 17, 8, 9, 7, 6, 0], [9, 1, 3, 10, 6, 15, 18, 7, 12, 16, 2, 11, 0, 8, 4, 13], [9, 11, 6, 21, 3, 7, 12, 18, 22, 10, 17, 16, 14, 23, 0, 4, 13, 19], [23, 3, 21, 19, 6, 16, 0, 7, 13, 17, 22, 5, 12, 4, 11, 24, 20, 9, 1, 14], [8, 2, 10, 13, 16, 0, 11, 15, 9, 7, 18, 3, 17], [20, 23, 27, 13, 30, 15, 6, 24, 29, 3, 18, 37, 4, 9, 16, 25, 34, 2, 8, 14, 33, 28, 31, 12, 26, 0, 10, 35], [9, 25, 10, 6, 13, 16, 22, 2, 14, 1, 0, 11, 27, 24, 3, 4, 17, 21, 23, 26, 12]]
[[7, 19, 9, 11, 14, 5, 3, 12, 2, 10, 22, 8, 6, 13, 0, 15, 17], [10, 24, 14, 16, 4, 8, 19, 23, 17, 1, 15, 2, 0, 11, 13, 5, 9, 18, 6, 20, 22, 3], [8, 17, 14, 15, 11, 21, 6, 19, 18, 3, 16, 2, 5, 13, 9, 0, 22], [8, 16, 3, 1, 11, 17, 19, 10, 4, 2, 6, 0], [19, 2, 13, 5, 10, 4, 14, 3, 20, 16, 21, 12, 0, 6, 8, 17], [6, 3, 8, 11, 1, 7, 0, 5, 12], [21, 1, 5, 8, 14, 6, 11, 0, 2, 3, 9, 13], [9, 16, 2, 11, 23, 7, 21, 24, 4, 17, 6, 19, 15, 10, 3, 0, 12]]
[[16, 18, 7, 13, 19, 10, 6, 12, 8, 14], [17, 1, 3, 6, 11, 19, 4, 20, 24, 23, 2, 16, 15, 18, 0, 21, 7, 10, 25], [13, 22, 0, 4, 9, 17, 18, 25, 2, 10, 23, 8, 14, 24, 15, 19, 27, 20, 26], [10, 15, 11, 13, 6, 17, 0, 3, 7, 18, 2, 12, 4], [14, 31, 5, 36, 19, 2, 10, 0, 3, 8, 15, 32, 37, 41, 35, 7, 6, 20, 21, 23, 26, 29, 30, 44, 18, 17, 34, 11, 12, 16, 25, 33, 38, 43], [15, 5, 2, 11, 0, 3, 8, 16, 6, 7, 12, 14, 9, 13], [5, 20, 13, 0, 7, 17, 22, 3, 8, 11, 18, 23, 15, 1, 2, 19], [11, 29, 2, 13, 1, 12, 9, 15, 18, 21, 24, 6, 16, 3, 5, 14, 7, 23]]
[[13, 20, 26, 10, 0, 4, 8, 3, 7, 16, 2, 6, 18, 21, 22, 9, 1, 11, 24], [17, 31, 4, 7, 10, 23, 13, 18, 1, 6, 2, 0, 21, 35, 24, 9, 20, 8, 11, 19, 26, 32], [28, 14, 17, 20, 0, 2, 24, 6, 8, 11, 18, 15, 21, 25, 19, 23, 3, 12, 22, 26], [8, 21, 40, 45, 6, 5, 22, 2, 10, 12, 24, 32, 43, 0, 13, 17, 7, 18, 41, 9, 23, 42, 46, 4, 44, 14, 25, 20], [16, 29, 35, 3, 5, 21, 32, 6, 13, 10, 4, 11, 19, 2, 22, 34, 0, 7, 30, 33], [10, 15, 19, 0, 4, 23, 12, 21, 2, 9, 1, 11, 17, 20, 5], [10, 15, 24, 7, 2, 6, 0, 13, 14, 8, 16, 28, 17, 3, 19, 25, 26], [15, 24, 4, 9, 19, 2, 1, 7, 22, 25, 0, 16, 10, 12, 3, 27, 20, 13, 17, 23, 26]]
[[7, 10, 14, 20, 23, 0, 4, 11, 21, 24, 9, 3, 8, 19, 18, 6, 5, 22, 1, 12, 15, 25, 27], [12, 14, 2, 10, 4, 7, 18, 5, 8, 1, 13, 15, 16, 0, 3, 19, 17, 9, 20], [17, 33, 2, 28, 5, 30, 26, 11, 14, 19, 35, 12, 20, 31, 36, 4, 29, 10, 3, 9, 34, 25, 32, 0, 6, 15, 23, 37, 21], [14, 1, 10, 4, 0, 16, 2, 7, 11, 15], [7, 12, 9, 18, 0, 13, 2, 3, 6, 10, 8, 11, 19, 14, 16, 4], [12, 18, 25, 1, 4, 15, 14, 22, 26, 27, 3, 16, 19, 23]]
[[23, 35, 13, 8, 19, 25, 29, 43, 0, 6, 17, 20, 26, 33, 44, 16, 5, 14, 32, 36, 4, 38, 12, 1, 9, 27, 34, 45], [9, 14, 25, 15, 4, 12, 20, 21, 28, 2, 18, 16, 26, 0, 10], [3, 15, 19, 23, 27, 0, 4, 16, 20, 13, 9, 26, 10, 28, 8, 1, 5, 21, 29, 30], [6, 8, 12, 15, 16, 2, 10, 13, 17, 1, 5, 0, 9, 18, 19], [13, 24, 8, 9, 0, 17, 27, 3, 25, 28, 10, 12, 5, 7, 14, 1, 4, 15], [24, 2, 4, 8, 5, 19, 11, 3, 0, 6, 15, 22, 27, 25], [9, 17, 25, 1, 18, 12, 22, 27, 29, 13, 30, 11, 5, 3, 2, 7, 28, 19, 0, 23, 14, 20]]
[[13, 0, 1, 6, 10, 16, 9, 15, 12, 11], [2, 6, 7, 5, 3, 4, 9, 8], [11, 8, 0, 3, 10, 2, 7, 6], [11, 5, 18, 3, 14, 0, 7, 12, 15, 6, 19, 4, 17, 1], [5, 11, 2, 0, 3, 12, 6, 10, 13], [8, 0, 1, 4, 10, 3, 9, 7], [9, 11, 5, 3, 6, 14, 2, 10, 13, 15], [17, 13, 0, 3, 4, 7, 18, 6, 23, 14, 22, 1, 19, 21], [12, 21, 7, 0, 15, 18, 1, 9, 16, 19, 14, 8, 11, 17, 10], [8, 4, 13, 11, 14, 10, 2, 9, 15, 3], [6, 14, 1, 8, 3, 18, 22, 19, 23, 17, 21, 2, 9, 12, 10, 15, 0, 7, 20]]
[[18, 5, 9, 12, 20, 3, 13, 2, 8, 7, 21, 10], [16, 21, 1, 24, 3, 6, 8, 14, 26, 12, 19, 27, 11, 2, 25, 0, 23, 18, 22, 9, 28], [8, 3, 11, 14, 0, 12, 18, 6, 9, 10, 7, 17, 1, 15], [24, 27, 30, 3, 6, 0, 14, 34, 37, 7, 15, 28, 35, 38, 5, 13, 9, 18, 33, 10, 12, 19, 40, 22, 4, 32, 41, 1, 36, 39, 20], [15, 29, 32, 5, 10, 7, 0, 21, 36, 11, 22, 30, 37, 9, 25, 13, 35, 18, 26, 6, 19, 20, 34, 39, 1, 38, 2, 14, 27, 40], [16, 8, 17, 0, 6, 4, 12, 18, 9, 11, 14], [5, 3, 0, 10, 6, 8, 1, 9], [17, 19, 6, 14, 24, 4, 12, 15, 23, 3, 11, 2, 10, 18, 8, 25, 7, 21], [17, 4, 11, 5, 2, 18, 6, 8], [18, 23, 0, 2, 10, 4, 14, 1, 20, 16, 5, 15, 21]]
[[7, 0, 4, 9, 3, 8, 12, 6, 11, 5, 1, 10], [9, 12, 2, 6, 10, 13, 1, 5, 0, 4, 8, 7, 14], [0, 6, 3, 8, 7, 1, 4, 9], [18, 3, 0, 4, 6, 19, 1, 10, 12, 14, 16], [35, 17, 21, 30, 1, 11, 3, 9, 13, 22, 24, 32, 2, 36, 8, 12, 0, 23, 31, 37, 6, 27, 25, 33, 18, 4, 16, 29], [0, 9, 4, 1, 10, 5, 8], [12, 7, 16, 20, 23, 0, 21, 29, 9, 28, 4, 8, 26, 10, 11, 13, 27, 6, 25, 14, 5, 17, 22, 1, 2, 19], [23, 7, 12, 18, 0, 10, 13, 19, 24, 28, 9, 27, 4, 8, 22, 6, 21, 11, 5, 1, 2, 14, 17], [15, 2, 12, 4, 18, 5, 9, 16, 19, 14, 3, 13, 21, 20, 7, 8, 6, 10], [27, 21, 0, 6, 12, 16, 3, 7, 14, 18, 23, 28, 11, 30, 22, 31, 17, 29, 25, 1, 10, 8, 24, 32]]
[[12, 22, 14, 16, 24, 3, 17, 2, 6, 7, 5, 25], [21, 5, 2, 8, 1, 0, 3], [11, 20, 26, 29, 18, 0, 8, 24, 5, 19, 21, 6, 7, 15, 17, 12, 22, 27, 30, 1, 33, 31], [6, 15, 28, 11, 8, 13, 17, 19, 0, 2, 3, 22, 12, 4], [9, 17, 21, 15, 3, 25, 0, 8, 6, 16, 10, 18, 22, 19, 1, 23, 26], [8, 1, 10, 6, 5, 3, 2, 0, 11], [1, 14, 7, 11, 20, 22, 8, 18, 23, 0, 10], [15, 1, 10, 13, 22, 8, 20, 7, 3, 2, 6, 0, 17, 18, 14, 23, 11], [1, 13, 23, 8, 17, 21, 26, 29, 27, 12, 9, 18, 11, 16, 2, 15, 24, 22, 28, 19, 10], [4, 10, 12, 1, 17, 14, 18, 2, 3, 0, 5, 11, 13, 6], [1, 7, 15, 17, 11, 13, 0, 10, 8, 2, 18, 16, 9], [9, 13, 15, 18, 1, 7, 20, 2, 6, 3, 0, 14, 16]]
[[32, 29, 6, 24, 0, 7, 13, 21, 25, 30, 5, 28, 12, 16, 4, 20, 15, 10, 1, 8, 17, 22], [4, 10, 2, 8, 12, 15, 0, 6, 13, 3, 5, 14, 16], [17, 23, 30, 32, 1, 4, 7, 10, 24, 5, 3, 2, 21, 22, 0, 14, 18], [5, 11, 16, 3, 14, 7, 2, 4, 6, 0, 8], [8, 16, 28, 11, 13, 10, 18, 25, 0, 4, 19, 2, 23, 22, 12, 17, 9, 24, 3, 5, 14, 20, 26], [6, 11, 0, 4, 7, 14, 3, 2, 12, 15], [5, 6, 10, 16, 19, 17, 13, 2, 15, 3, 14, 7, 0, 8, 4], [6, 18, 1, 8, 15, 3, 2, 5, 12, 19, 0, 9, 20], [11, 16, 25, 28, 3, 1, 9, 13, 22, 23, 7, 4, 2, 6, 17, 0, 14, 21, 29], [2, 5, 10, 13, 11, 4, 3, 9, 0, 6], [2, 1, 13, 19, 8, 22, 9, 3, 14, 20, 5, 16, 12, 18, 0, 6, 21], [6, 0, 8, 10, 16, 23, 1, 21, 7, 20, 4, 11, 12, 15]]
[[15, 28, 5, 9, 12, 25, 3, 23, 2, 22, 26, 8, 20, 21, 7, 13, 16, 6, 14, 27, 10, 17, 29], [4, 15, 8, 0, 1, 2, 16, 7], [9, 3, 1, 4, 13, 12, 14, 7, 10], [5, 9, 12, 3, 15, 17, 1, 0, 13, 18], [9, 4, 2, 10, 12, 1], [14, 4, 2, 1, 0, 9], [13, 4, 8, 19, 2, 20, 1, 17, 9, 16, 11, 5, 14], [10, 5, 15, 3, 2, 14, 6, 16, 0, 11, 13], [24, 4, 15, 28, 2, 13, 17, 25, 12, 27, 1, 19, 10, 11, 0, 5, 20, 21, 16, 29, 14], [13, 25, 11, 17, 3, 8, 19, 2, 7, 22, 6, 14, 23, 26, 24, 4, 9, 15], [16, 19, 32, 26, 7, 5, 12, 2, 31, 9, 30, 1, 11, 27, 20, 21, 36, 29, 0, 8, 10, 17, 22, 34, 25, 3, 23, 35, 37]]
[[16, 20, 9, 7, 6, 13, 24, 19, 12, 23, 21, 0, 10, 14, 25], [15, 4, 8, 2, 6, 1, 0, 3, 9, 16, 17], [32, 1, 8, 11, 14, 16, 23, 27, 35, 37, 5, 12, 17, 21, 24, 28, 33, 38, 2, 4, 6, 25], [6, 14, 16, 15, 4, 10, 22, 2, 20, 1, 25, 19, 0, 24, 7, 17, 23, 8, 11, 26], [6, 12, 17, 4, 10, 13, 18, 3, 9, 2, 8, 22, 16], [16, 2, 11, 0, 12, 17, 4, 3, 5, 20, 6, 7, 10, 13, 18], [15, 6, 5, 22, 2, 12, 18, 24, 0, 3, 10, 13, 20, 7, 19, 9, 23, 16, 25], [7, 26, 9, 11, 15, 18, 2, 12, 1, 3, 10, 21, 28, 8, 4, 13, 27], [7, 5, 11, 2, 9, 1, 14, 0, 13, 8, 3, 15]]
[[9, 0, 13, 16, 21, 24, 3, 7, 11, 17, 22, 25, 6, 10, 12, 8, 18, 20, 26], [16, 14, 0, 7, 8, 5, 15, 18, 4, 17, 6, 11, 1], [38, 7, 9, 5, 34, 45, 0, 28, 42, 27, 8, 41, 24, 6, 4, 30, 44, 35, 37, 29, 43, 13, 32], [3, 4, 9, 0, 7, 5, 6], [8, 21, 16, 1, 9, 17, 25, 0, 27, 3, 7, 12, 15, 30, 31, 14, 29, 6, 26, 18, 4], [8, 0, 15, 1, 9, 24, 7, 26, 3, 12, 19, 14, 28, 6, 25, 16, 4], [14, 8, 15, 1, 9, 18, 0, 3, 7, 12, 6, 17, 4, 13], [6, 15, 4, 13, 8, 3, 2, 10, 11, 16], [9, 16, 3, 1, 12, 7, 13, 11, 4, 2, 6, 0, 14]]
[[7, 12, 9, 15, 4, 3, 8, 13, 11, 6, 14, 10], [24, 32, 1, 3, 6, 9, 18, 21, 29, 35, 7, 19, 27, 30, 2, 15, 26, 0, 4, 16, 25, 22, 33], [1, 2], [5, 2, 8, 11, 0, 6, 10], [24, 1, 5, 9, 16, 25, 2, 0, 31, 6, 3], [19, 4, 7, 2, 5, 1, 0, 3, 6, 9, 25]]
[[28, 33, 12, 8, 15, 17, 21, 29, 32, 0, 4, 13, 18, 22, 3, 16, 9, 11, 30, 7, 31, 6, 20, 19], [9, 11, 0, 6, 3, 10, 4, 8, 5], [1, 8, 4, 11, 5, 9, 12, 3, 2, 0, 6], [9, 13, 17, 1, 4, 14, 3, 10, 0, 8, 11, 16, 15], [14, 23, 2, 18, 11, 20, 0, 5, 12, 21, 4, 19, 3, 17, 10, 8, 15, 6], [1, 16, 0, 11, 17, 29, 30, 5, 21, 3, 6, 9, 13, 22, 25, 2, 12, 31, 18, 28, 19, 14, 23, 26, 20], [6, 2, 22, 14, 21, 4, 12, 17, 3, 11, 23, 9, 18, 19, 10, 0, 7], [16, 9, 5, 11, 14, 2, 12, 18, 21, 1, 10, 0, 20, 17, 8, 15, 3]]
[[9, 20, 6, 14, 17, 22, 4, 15, 3, 13, 18, 21, 12, 7], [11, 3, 5, 1, 4, 0, 12, 6, 7, 2], [14, 11, 0, 17, 16, 6, 12, 8, 10, 1], [18, 2, 5, 9, 15, 0, 7, 10, 4, 14, 3, 6, 13, 19], [2, 16, 0, 3, 8, 13, 5, 12, 11, 7, 10, 17, 19], [9, 13, 14, 18, 6, 10, 15, 3, 5, 0, 7, 16, 19], [12, 5, 8, 15, 3, 6, 9, 13, 17, 2, 1, 19, 0, 20, 10], [34, 28, 30, 1, 5, 12, 23, 37, 44, 47, 55, 2, 10, 13, 21, 24, 31, 35, 45, 48, 52, 9, 20, 29, 43, 0, 19, 42, 36, 27, 26, 50, 3, 6, 25, 49, 53, 56, 58], [11, 22, 9, 15, 23, 27, 6, 13, 25, 28, 5, 0, 20, 21, 24, 12, 29, 2, 7]]
[[8, 14, 17, 0, 4, 12, 18, 21, 11, 20, 3, 9, 7, 16, 22], [3, 14, 8, 5, 11, 16, 0, 6, 10, 13, 4, 9, 7, 12], [7, 4, 13, 9, 3, 2, 8, 10, 14], [0, 15, 17, 5, 10, 1, 12, 18, 11, 2, 3, 13, 9], [18, 3, 8, 16, 0, 5, 13, 15, 21, 7, 11, 1, 6], [13, 0, 7, 18, 1, 5, 8, 11, 15, 10, 17, 16, 14, 9, 19], [3, 9, 12, 0, 7, 10, 13, 4, 6], [5, 15, 0, 12, 16, 14, 3, 11, 2, 10, 4, 6], [26, 6, 14, 28, 3, 8, 18, 25, 32, 0, 4, 9, 15, 29, 33, 7, 23, 22, 13, 21, 27, 11, 19, 35, 10, 24], [3, 6, 8, 10, 0, 11, 2, 4], [17, 2, 4, 8, 11, 5, 3, 20, 6], [18, 1, 3, 7, 21, 14, 22, 17, 2, 13, 11, 12, 19, 0, 4, 5, 23]]
[[11, 22, 13, 16, 3, 19, 2, 7, 8, 9, 6, 23, 0], [12, 16, 0, 26, 30, 4, 9, 20, 27, 6, 23, 10, 17, 25, 8, 22, 13, 19, 1, 11, 28, 24], [18, 3, 2, 5, 8, 13, 9, 4, 19, 0, 6], [14, 25, 7, 0, 11, 19, 29, 1, 9, 27, 22, 8, 17, 26, 10, 13, 5, 15], [19, 24, 7, 0, 11, 16, 22, 1, 9, 12, 20, 14, 27, 8, 29, 30, 21, 10, 5], [17, 5, 9, 10, 3, 2, 21, 0, 6, 11, 14, 18], [12, 3, 1, 4, 2, 7, 6, 0, 8], [17, 11, 13, 4, 15, 19, 22, 2, 8, 20, 14, 7, 0, 6, 3, 12], [2, 4, 9, 12, 10, 16, 8, 6, 15, 5, 0, 13, 17]]
[[21, 12, 5, 8, 18, 3, 10, 19, 17, 2, 7, 13, 15, 22, 9, 0], [14, 0, 7, 4, 8, 11, 6, 10, 13, 1, 15, 16], [20, 23, 2, 14, 26, 0, 7, 11, 15, 4, 10, 21, 6, 9, 22, 24, 28, 16, 27], [3, 26, 0, 15, 18, 19, 30, 32, 8, 16, 22, 28, 5, 13, 27, 33, 7, 4, 25, 20, 1, 9, 35], [15, 21, 17, 1, 8, 29, 22, 30, 2, 10, 6, 9, 0, 3, 18, 31, 23, 24], [3, 8, 9, 14, 1, 18, 4, 10, 20, 0, 12, 7, 17, 21], [0, 10, 5, 1, 3, 6], [13, 25, 2, 17, 23, 26, 15, 0, 1, 16, 19, 18], [0, 9, 16, 7, 10, 14, 5, 6, 3, 11, 17, 19], [15, 22, 2, 17, 16, 9, 19, 0, 10, 3, 20, 5, 18, 6, 11]]
[[0, 6, 3, 7, 10, 14, 9, 13, 12, 22, 16, 11, 15], [0, 3, 1, 4], [10, 6, 12, 16, 2, 7, 14, 17, 13, 1, 0, 3, 4, 8], [12, 6, 18, 21, 0, 3, 16, 19, 2, 13, 10, 15, 11, 4, 7], [0, 6, 11, 23, 26, 33, 3, 7, 24, 27, 30, 34, 10, 29, 16, 12, 17, 18, 21, 1, 15, 28, 35, 8, 14, 20, 31], [8, 0, 5, 10, 9, 11, 14, 1, 2, 13], [32, 16, 0, 5, 8, 11, 22, 25, 34, 2, 6, 23, 26, 29, 35, 28, 17, 12, 18, 15, 27, 37, 14, 30, 20], [2, 14, 5, 8, 21, 6, 18, 4, 15, 3, 12, 17, 13, 19], [7, 0, 10, 11, 18, 1, 4, 12, 19, 9, 8, 16], [11, 19, 9, 15, 25, 28, 2, 6, 13, 22, 5, 0, 20, 12, 21, 7, 16, 23, 26]]
[[6, 24, 0, 3, 22, 26, 29, 1, 10, 14, 19, 30, 13, 18, 27, 17, 8, 11, 15, 20], [15, 0, 9, 13, 17, 20, 10, 18, 1, 5, 21, 3, 7, 16, 11, 22, 4, 8], [2, 5, 18, 6, 19, 10, 4, 0, 3, 9, 12, 16, 23, 14, 15, 20, 21, 17], [12, 13, 2, 17, 19, 21, 0, 3, 8, 22, 5, 14, 7, 16, 11, 9, 23], [15, 21, 1, 10, 11, 24, 5, 17, 25, 23, 2, 12, 4, 14, 0, 9, 20, 6, 7, 18, 19], [9, 29, 3, 22, 23, 11, 14, 31, 0, 7, 12, 16, 32, 4, 24, 6, 15, 26, 21, 27, 33, 1, 17, 19], [15, 30, 1, 17, 19, 16, 8, 9, 22, 28, 20, 25, 3, 2, 4, 18, 5, 10], [18, 2, 1, 4, 7, 10, 5, 3, 0, 14, 19]]
[[11, 0, 4, 12, 7, 3, 9, 6], [12, 15, 17, 19, 5, 20, 1, 4, 8, 13, 10, 0, 7, 14, 21], [17, 2, 4, 7, 10, 5, 3, 19], [0, 8, 10, 14, 11, 1, 9, 2, 3, 12, 7], [33, 2, 18, 20, 29, 31, 0, 16, 26, 6, 15, 25, 19, 1, 14, 24, 34, 3, 21], [8, 1, 12, 11, 2, 4, 6, 13], [22, 14, 23, 11, 20, 26, 4, 9, 27, 6, 3, 15, 8, 17, 2, 25, 13, 18, 28, 29], [22, 5, 10, 17, 3, 2, 11, 18, 6, 12, 16, 9], [3, 15, 17, 30, 33, 10, 28, 34, 14, 9, 27, 13, 31, 8, 26, 32, 12, 29, 16, 35, 2], [9, 1, 10, 6, 13, 17, 19, 25, 20, 2, 16, 11, 4, 15, 12, 18, 24, 26], [10, 19, 24, 11, 13, 6, 8, 28, 3, 27, 2, 23, 7, 12, 26, 29, 4, 20]]
[[20, 24, 26, 15, 0, 4, 11, 3, 8, 23, 7, 25, 1, 5, 9, 12, 14], [11, 12, 6, 17, 14, 18, 2, 8, 13, 3, 16, 0, 4, 15, 9], [10, 18, 4, 15, 5, 16, 3, 12, 2, 11, 13, 17, 0, 6, 7, 19, 20, 14], [17, 1, 3, 7, 4, 10, 2, 0, 5], [8, 20, 2, 5, 15, 18, 25, 4, 12, 3, 9, 11, 10, 13, 0, 21, 22], [12, 2, 5, 4, 9, 3, 15, 8, 0, 10], [5, 9, 13, 7, 12, 0, 6, 14, 2, 3, 10]]
[[12, 26, 6, 22, 28, 0, 7, 17, 5, 16, 20, 4, 23, 19, 27, 24, 18, 11, 10, 13, 29, 8, 21], [13, 21, 4, 8, 19, 24, 0, 2, 25, 17, 27, 22, 20, 7], [5, 13, 17, 11, 15, 2, 1, 10, 0, 7, 14, 16, 3], [22, 18, 8, 15, 3, 13, 6, 17, 12, 2, 28, 25, 31, 27, 23, 9, 19, 29], [4, 16, 19, 2, 20, 6, 1, 9, 26, 7, 27, 3, 24, 23, 5, 21, 0, 28, 25], [2, 19, 26, 30, 13, 9, 12, 17, 28, 8, 15, 3, 0, 4, 14, 20, 24, 5, 18, 23]]
[[7, 11, 9, 12, 4, 8, 5, 6, 15], [17, 7, 14, 22, 8, 1, 13, 4, 5, 18, 15, 0, 6, 19, 20, 2, 21], [4, 7, 10, 2, 5, 8, 1, 11, 6, 13, 12], [2, 15, 0, 8, 16, 5, 12, 14, 7, 3, 9], [7, 2, 8, 3, 11, 13, 5, 1, 0, 10, 6], [2, 10, 15, 3, 8, 11, 16, 7, 4, 17], [2, 10, 14, 17, 0, 11, 5, 7, 16, 18, 3, 8, 15], [17, 2, 18, 8, 12, 22, 3, 13, 1, 5, 6, 9, 21, 0, 20, 24, 10, 23, 7], [4, 11, 0, 6, 7, 12, 15, 1, 10, 2, 16, 13], [15, 19, 3, 10, 0, 1, 4, 11, 12, 9, 16, 13, 5, 6, 17], [15, 8, 0, 3, 13, 24, 1, 22, 25, 21, 9, 10, 7, 16, 26, 4, 12, 17]]
[[8, 11, 6, 0, 4, 15, 3, 12, 14, 10, 16], [5, 8, 16, 2, 10, 13, 19, 14, 3, 9, 6, 11, 17, 18, 4, 12], [16, 11, 10, 0, 3, 20, 1, 12, 18, 14, 6, 21], [7, 12, 1, 9, 20, 21, 24, 5, 14, 17, 22, 2, 16, 18, 4, 0, 13, 19, 10], [15, 19, 3, 30, 2, 21, 12, 24, 7, 13, 34, 33, 4, 31, 32, 6, 27, 25, 20, 16, 22, 5, 35, 17, 10, 14, 28, 8, 23], [21, 3, 2, 5, 9, 12, 6, 4, 25, 7, 22], [17, 2, 1, 8, 21, 3, 5, 6, 0, 11, 18, 19], [8, 19, 4, 2, 17, 16, 5, 3, 13, 14, 9], [0, 14, 5, 9, 1, 2, 3], [13, 1, 8, 12, 10, 14, 6, 2, 4], [4, 13, 16, 11, 18, 9, 22, 21, 1, 8, 17, 2, 7, 5, 3], [5, 16, 6, 13, 2, 12, 11, 3, 9, 14, 17, 7]]
[[7, 9, 13, 16, 3, 14, 2, 8, 10, 4, 11, 17], [10, 1, 3, 5, 13, 12, 2, 11, 0, 4, 14], [4, 15, 0, 13, 9, 8, 1, 7, 2, 10], [11, 1, 9, 7, 8, 12, 13, 10], [9, 18, 16, 3, 6, 12, 4, 10, 1, 17, 0, 15, 19, 7, 2], [8, 32, 35, 12, 30, 33, 15, 5, 29, 0, 2, 3, 28, 6, 31, 34, 36], [11, 21, 2, 6, 18, 23, 16, 5, 15, 1, 24, 3, 9, 25, 28, 7, 26], [30, 5, 8, 16, 6, 14, 17, 2, 13, 1, 9, 0, 12, 28, 20, 32, 3, 18, 21, 33], [14, 0, 7, 11, 16, 18, 21, 1, 19, 6, 15, 12, 22, 2, 8], [6, 15, 1, 3, 9, 12, 4, 10, 2, 7, 0, 5, 13, 16]]
[[9, 23, 12, 17, 20, 3, 18, 2, 13, 15, 11, 16, 4, 21, 24], [5, 7, 1, 3, 9, 2, 6, 4], [8, 22, 4, 11, 14, 17, 20, 25, 35, 38, 5, 9, 15, 18, 23, 26, 32, 1, 31, 36, 0, 30, 24, 40, 2, 33, 39], [7, 20, 0, 2, 5, 15, 18, 23, 16, 21, 12, 11, 22, 3, 13], [11, 28, 1, 4, 7, 10, 13, 19, 8, 3, 18, 2, 17, 29, 0, 5, 20, 30, 16, 31], [9, 18, 25, 11, 14, 0, 1, 6, 23, 4, 7, 19, 27, 13, 22, 30, 21, 29, 26, 15], [15, 5, 16, 2, 10, 13, 20, 0, 7, 11, 18, 6, 17, 8, 21, 22, 23]]
[[12, 17, 15, 0, 10, 9, 13, 3, 11, 1], [11, 16, 2, 14, 1, 13, 9, 0, 8, 10, 3, 5, 17], [8, 22, 10, 0, 13, 19, 28, 1, 5, 11, 25, 9, 27, 24, 23, 21, 14, 16, 20, 29, 30, 32, 31], [11, 12, 2, 14, 0, 8, 15, 7, 13, 10, 5], [17, 6, 0, 12, 3, 10, 18, 7, 9, 5, 15, 20], [3, 5, 1, 6, 10, 0, 2, 11], [0, 10, 5, 11, 4, 9, 7, 1], [13, 3, 8, 12, 1, 9, 0, 14, 4, 5], [9, 0, 11, 17, 21, 29, 3, 13, 18, 27, 33, 16, 26, 6, 37, 7, 12, 25, 32, 10, 22, 28, 31, 30, 34], [5, 16, 10, 12, 17, 21, 0, 13, 3, 14, 20, 8, 11, 6, 19, 22, 4, 15], [11, 26, 31, 37, 1, 19, 4, 7, 14, 21, 24, 29, 5, 12, 51, 42, 20, 3, 50, 2, 40, 49, 45, 48, 0, 18, 41, 13, 32, 38, 16, 23, 39, 8, 22, 30, 34, 43, 46]]
[[7, 5, 11, 13, 3, 9, 14, 2, 6, 8], [19, 23, 27, 6, 11, 15, 30, 3, 29, 1, 2, 0, 28, 9, 24, 25, 7, 14, 31], [11, 20, 34, 1, 23, 5, 22, 16, 38, 6, 9, 14, 17, 32, 36, 39, 8, 27, 2, 31, 3, 12, 25, 41, 30, 13, 24, 35, 0, 21, 33, 37, 40], [16, 4, 7, 2, 1, 14, 17], [11, 6, 5, 0, 19, 23, 20, 24, 7, 9, 10, 12, 15, 18, 25], [21, 26, 7, 6, 0, 14, 17, 28, 12, 18, 24, 16, 8, 10, 11, 23, 29], [16, 23, 7, 6, 0, 13, 20, 11, 8, 10, 17, 19, 18, 21], [24, 6, 5, 0, 14, 18, 28, 16, 19, 7, 9, 15, 25, 10, 13, 20, 26]]
[[16, 11, 3, 2, 8, 6, 7, 0, 4, 9], [19, 27, 32, 31, 4, 7, 29, 21, 1, 25, 34, 2, 22, 28, 0, 33, 23, 6, 35], [24, 3, 7, 11, 5, 22, 25, 8, 0], [16, 7, 6, 9, 13, 14, 4, 2, 8, 1, 3, 0, 10], [17, 30, 1, 5, 7, 21, 25, 22, 10, 0, 14, 15, 18, 28, 31, 2, 3, 8, 19, 26, 16], [9, 6, 10, 5, 2, 4, 3, 11, 7], [1, 7, 12, 16, 6, 4, 13, 5, 14, 8, 15, 17, 9, 18], [3, 12, 19, 16, 15, 2, 10, 8, 9, 6, 13, 17], [5, 14, 12, 4, 11, 2, 9, 3, 10, 6, 7], [12, 21, 9, 25, 7, 15, 18, 4, 0, 6, 14, 22, 23, 29, 2, 10, 19]]
[[18, 5, 7, 12, 15, 24, 3, 9, 16, 14, 2, 19, 21, 6, 8, 10, 22], [4, 11, 15, 1, 7, 19, 22, 8, 17, 20, 23, 16, 0, 5, 9], [0, 23, 29, 4, 18, 33, 34, 13, 32, 1, 37, 14, 31, 5, 19, 12, 30, 36, 24, 20, 25, 2, 21, 26, 15, 17], [9, 14, 16, 20, 8, 4, 7, 19, 17, 5, 10, 11, 21], [20, 12, 19, 8, 24, 26, 22, 27, 5, 11, 21, 14, 4, 15, 18, 13, 25, 6, 16], [15, 9, 12, 5, 4, 13, 6], [0, 41, 5, 9, 12, 23, 27, 44, 13, 20, 29, 45, 1, 33, 18, 19, 25, 28, 46, 2, 3, 21], [26, 34, 38, 36, 1, 7, 30, 43, 45, 2, 8, 11, 15, 20, 31, 14, 37, 39, 40, 16, 32, 46, 41], [22, 0, 6, 18, 26, 1, 7, 10, 14, 19, 27, 13, 24, 25, 20, 15], [15, 0, 4, 18, 1, 9]]
[[7, 24, 29, 5, 12, 15, 26, 13, 27, 4, 19, 11, 3, 30, 20, 14, 22, 28, 16], [4, 10, 16, 21, 17, 12, 13, 2, 7, 20, 18, 22, 0, 5, 8, 23, 24], [0, 19, 31, 7, 28, 29, 1, 23, 15, 16, 32, 24, 26, 30, 2, 3, 9, 17], [7, 18, 8, 2, 12, 1, 9, 0, 10, 3, 5, 19], [19, 16, 17, 7, 20, 8, 10, 0, 12], [7, 18, 8, 2, 12, 1, 9, 0, 10, 3, 5, 19], [23, 11, 20, 21, 15, 8, 25, 24, 16, 18, 9, 12], [7, 2, 12, 15, 4, 0, 3, 16, 11, 8, 13, 9], [2, 11, 6, 4, 3, 10], [9, 12, 15, 6, 16, 14, 13, 17, 7, 10], [8, 10, 7, 5, 1, 2, 0, 3], [10, 15, 19, 24, 3, 16, 7, 12, 8, 13, 4, 23, 22, 17, 25, 14, 5, 20, 26, 27]]
[[12, 20, 3, 9, 4, 10, 2, 13, 8, 0, 5, 7, 15], [23, 16, 24, 8, 20, 26, 27, 2, 5, 21, 7, 18, 14, 1, 0, 13, 17, 25, 9, 4, 28, 10, 15, 19], [2, 5, 11, 20, 25, 12, 21, 4, 10, 18, 3, 9, 17, 7, 26, 0, 6, 13, 15, 19], [0, 5, 14, 20, 3, 6, 9, 15, 8, 12, 1, 21, 10, 18, 13], [13, 25, 16, 6, 8, 19, 28, 31, 3, 29, 18, 2, 20, 17, 23, 26, 21, 32, 0, 4], [20, 24, 33, 10, 28, 12, 30, 27, 1, 15, 2, 4, 11, 7, 25, 6, 29, 26, 8, 14, 21, 31, 34, 35]]
[[5, 9, 11, 15, 3, 13, 16, 7, 2, 12, 6, 0, 17], [23, 29, 6, 8, 2, 10, 13, 20, 31, 1, 19, 7, 15, 26, 12, 17, 18, 28, 0, 5, 25, 30, 3, 21], [8, 14, 24, 2, 10, 16, 26, 0, 5, 7, 20, 22, 25, 27, 3, 11, 12, 17], [19, 2, 22, 3, 13, 17, 23, 0], [7, 19, 10, 15, 29, 16, 27, 32, 26, 3, 34, 2, 22, 24, 35, 5, 30, 9, 23, 31, 0, 11, 6], [17, 3, 2, 5, 8, 6, 11, 4, 0, 18], [16, 19, 2, 1, 8, 9, 3, 21, 5, 13, 22, 0, 23, 6, 14, 26, 24], [0, 6, 19, 7, 12, 17, 1, 8, 14, 11, 9, 13, 15, 2, 3, 4], [17, 2, 0, 10, 3, 5, 1, 15, 7, 8]]
[[19, 25, 14, 21, 8, 15, 7, 20, 12, 16, 24, 13, 22], [10, 4, 12, 15, 2, 13, 1, 0, 11, 9, 14], [8, 11, 21, 4, 16, 0, 13, 17, 2, 5, 12, 24, 14, 3], [10, 2, 4, 13, 15, 0, 16, 3, 11]]
[[12, 19, 31, 5, 10, 16, 3, 2, 9, 8, 13, 7, 18, 6, 11, 15, 17, 28, 32], [11, 6, 2, 5, 1, 3, 12, 7, 4, 9], [11, 22, 2, 7, 0, 4, 14, 17, 3, 12, 13, 20, 23, 15, 18], [15, 2, 4, 16, 3, 13, 17], [11, 22, 2, 1, 7, 4, 14, 17, 3, 16, 12, 13, 20, 0, 24, 15, 18, 23], [17, 3, 2, 5, 8, 18, 4, 15, 19, 11, 9, 13], [7, 10, 4, 15, 5, 11, 16, 18, 14, 3, 13, 6, 0, 17, 19], [6, 3, 8, 0, 4, 7], [6, 8, 11, 17, 0, 9, 15, 18, 20, 7, 10, 19], [2, 13, 0, 3, 7, 9, 6, 10, 4, 11, 14]]
[[24, 17, 10, 16, 21, 8], [9, 19, 38, 42, 12, 22, 28, 47, 2, 1, 15, 0, 17, 39, 41, 44, 10, 43, 27, 33, 46], [6, 10, 0, 7, 11, 4, 5, 8], [17, 1, 3, 6, 2, 4, 7, 18], [1, 3, 6, 2, 0, 7], [13, 1, 5, 22, 8, 19, 3, 21, 2, 23, 9, 14, 16], [8, 1, 4, 2, 5, 6], [3, 1, 5, 4, 2, 0, 6, 7], [11, 19, 32, 3, 22, 21, 7, 14, 24, 30, 6, 0, 4, 5, 27, 25, 23, 2, 20, 8, 17, 9, 12, 28]]
[[19, 10, 0, 3, 7, 13, 6, 12, 9, 8, 14], [26, 2, 16, 10, 23, 8, 11, 14, 18, 5, 1, 17, 3, 7, 0, 4, 19, 21, 24], [11, 6, 8, 4, 12, 7, 0, 3, 1], [5, 4, 7, 10, 2, 8, 11, 6, 0, 9], [4, 9, 12, 2, 6, 10, 13, 5, 0, 7], [8, 4, 10, 14, 2, 15, 5, 0, 9, 11, 12, 6], [6, 13, 27, 9, 11, 4, 18, 25, 16, 12, 2, 22, 15, 10, 21, 14, 0, 7, 24, 3], [18, 2, 8, 14, 21, 12, 3, 5, 11, 19, 22, 0, 6, 15], [13, 1, 14, 4, 8, 0, 11, 15, 6, 2, 5, 10], [21, 3, 7, 4, 11, 10, 2, 17, 22, 0, 5, 12, 23]]
[[0, 9, 14, 16, 19, 22, 7, 11, 17, 20, 23, 6, 10, 24, 12], [9, 0, 2, 6, 8, 11, 10, 7], [17, 6, 3, 5, 2, 19, 7, 8], [14, 1, 7, 17, 20, 11, 3, 2, 5, 16, 0, 12, 21, 18], [0, 5, 11, 7, 14, 19, 23, 26, 12, 20, 24, 1, 17, 18, 15, 2, 3, 21], [10, 18, 0, 3, 8, 13, 5, 1, 4, 7, 12, 14], [24, 22, 0, 29, 30, 1, 9, 13, 20, 27, 31, 7, 16, 12, 23, 8, 11, 26, 28, 19, 32], [11, 2, 1, 7, 16, 20, 8, 17, 21, 3, 5, 13, 0, 22, 14, 18]]
[[20, 14, 9, 7, 17, 6, 15, 21, 13, 10], [3, 6, 13, 21, 4, 2, 1, 11, 12, 19, 0, 10, 7, 14, 16], [5, 0, 7, 10, 3, 14, 6, 4, 8, 12], [9, 12, 2, 18, 0, 3, 7, 13, 16, 19, 6, 10, 15, 20], [2, 8, 10, 4, 13, 0, 5, 11, 17, 20, 9, 16, 14, 18], [12, 9, 2, 7, 4, 1, 14, 13], [1, 5, 6, 17, 20, 4, 3, 19, 14, 2, 15, 16, 13, 18, 7, 9, 21], [10, 20, 5, 13, 7, 15, 18, 0, 16, 6, 3, 4, 2, 14, 12, 11], [2, 8, 4, 0, 5, 9, 3, 6], [18, 1, 8, 5, 11, 2, 4, 6, 15], [27, 5, 18, 23, 28, 4, 11, 2, 12, 16, 24, 1, 34, 13, 21, 25, 8, 6, 0, 22, 29, 32, 9, 14, 35, 26]]
[[14, 19, 5, 16, 21, 24, 3, 17, 1, 2, 20, 12, 6, 22, 25], [21, 14, 15, 2, 8, 18, 24, 27, 0, 9, 16, 25, 20, 5, 22, 23, 19, 28, 10, 12, 6], [16, 1, 4, 9, 20, 2, 0, 21, 5, 8, 3], [0, 9, 22, 25, 15, 20, 1, 5, 14, 19, 10, 12, 21, 3, 2, 16, 23], [3, 9, 13, 16, 0, 7, 10, 14, 4, 6, 1, 17], [5, 2, 7, 10, 14, 0, 3, 8, 11, 15, 6, 1, 12], [5, 9, 19, 23, 26, 30, 17, 20, 24, 27, 31, 29, 2, 16, 34, 15, 18, 25, 32, 3, 6, 8, 12, 21, 33], [9, 13, 16, 17, 14, 5, 6, 12, 10, 2, 3, 8, 15], [9, 20, 21, 0, 19, 24, 26, 13, 5, 16, 31, 6, 15, 18, 12, 14, 10, 22, 29, 8]]
[[18, 24, 10, 14, 19, 3, 6, 15, 2, 7, 9, 11, 5, 12, 25], [15, 27, 30, 4, 12, 34, 35, 20, 33, 1, 2, 3, 23, 0, 17, 31, 5, 16], [11, 24, 2, 15, 17, 23, 0, 13, 18, 5, 26, 21, 7, 10, 20, 12, 27, 16, 19, 22], [14, 22, 1, 2, 9, 6, 12, 3, 5, 0, 7, 18, 23], [0, 14, 29, 5, 18, 25, 35, 9, 21, 30, 4, 8, 33, 1, 24, 12, 13, 15, 31, 10, 38, 2, 16, 26, 36, 22], [16, 0, 10, 12, 1, 7, 13, 6, 8, 14]]
[[12, 16, 5, 9, 14, 22, 3, 10, 20, 23, 2, 8, 19, 7, 18, 0, 24, 25], [20, 7, 11, 17, 23, 2, 12, 24, 1, 8, 15, 22, 10, 0, 14, 6, 13, 16], [14, 36, 2, 17, 23, 30, 32, 0, 18, 24, 26, 5, 10, 21, 28, 34, 7, 13, 33, 9, 20, 15, 37, 39, 25, 3, 35, 11, 22], [22, 27, 25, 1, 5, 7, 13, 29, 32, 36, 2, 11, 33, 38, 10, 26, 37, 40, 0, 24, 39, 28, 30, 3, 8, 14, 19, 35], [23, 29, 48, 11, 26, 37, 1, 5, 27, 32, 50, 2, 9, 12, 16, 15, 8, 38, 45, 17, 46, 41, 0, 44, 25, 30, 49, 33, 31, 21, 52, 3, 6, 13, 18, 34, 51, 39, 47], [17, 38, 23, 0, 28, 30, 33, 6, 14, 25, 9, 5, 12, 16, 24, 11, 13, 10, 22, 19, 3, 20, 26, 32, 39]]
[[9, 3, 6, 16, 4, 10, 13, 2, 5, 14], [4, 15, 27, 6, 8, 17, 29, 32, 2, 24, 30, 20, 1, 23, 0, 13, 25], [0, 20, 4, 9, 19, 8, 1, 17, 2, 10, 13, 15], [4, 23, 0, 19, 24, 3, 18, 7, 13, 14, 12, 15, 26, 10, 25, 1, 9, 20, 21], [14, 6, 17, 0, 7, 11, 18, 10, 3, 15, 4, 16, 12, 19, 5], [21, 9, 14, 18, 11, 15, 19, 13, 4, 10, 5, 3, 8, 22, 24, 0, 16], [14, 10, 5, 12, 8, 3, 11, 15, 7, 0, 13, 4], [20, 26, 12, 14, 21, 23, 8, 6, 13, 7, 5, 11, 0, 2, 15, 17, 24], [5, 13, 17, 6, 14, 7, 15, 10, 12, 0, 2, 18, 8, 16], [25, 23, 14, 21, 13, 7, 8, 17, 18, 20, 6, 10, 3], [3, 16, 18, 21, 0, 6, 19, 2, 12, 14, 11, 4, 10, 7], [0, 6, 9, 2, 1, 5, 12, 13, 7], [8, 19, 6, 11, 21, 3, 16, 10, 2, 9, 15, 4, 12, 17, 22]]
[[22, 15, 28, 20, 25, 30, 7, 9, 6, 16, 29, 11, 18, 24, 14, 27, 32, 26, 0, 1, 31, 33, 19], [24, 5, 16, 2, 8, 11, 18, 22, 0, 9, 19, 7, 17, 6, 23, 25, 15, 3, 20], [0, 10, 9, 5, 1, 11, 4, 6, 2, 3], [20, 25, 8, 7, 0, 10, 18, 3, 17, 9, 12, 23, 27, 13, 1, 4], [23, 7, 2, 12, 25, 0, 16, 21, 3, 8, 13, 19, 15, 11, 18, 24, 27, 17, 20], [12, 27, 7, 15, 16, 30, 9, 18, 24, 28, 32, 3, 34, 21, 19, 6, 10, 25, 33, 20, 8, 31, 13, 29, 35, 1, 4, 36, 11], [10, 20, 5, 18, 13, 14, 4, 16, 25, 0, 22, 19, 6, 26, 8, 24, 11, 21, 15, 23, 9], [21, 13, 4, 15, 23, 2, 24, 18, 7, 14, 0, 9, 12, 22, 19, 5, 10, 25]]
[[15, 5, 9, 12, 3, 2, 8, 7, 16, 6, 10, 13], [0, 2, 8, 12, 23, 26, 21, 17, 7, 20, 6, 16, 18, 13, 3, 24], [17, 2, 8, 6, 12, 3, 5, 9], [12, 4, 7, 21, 6, 1, 17, 2, 15, 18, 0, 16, 19, 3], [13, 1, 5, 0, 3, 6, 14], [12, 3, 2, 9, 16, 19, 20, 4, 6, 14, 21, 0, 7, 10, 17], [14, 10, 8, 18, 5, 4, 15, 0, 13, 6, 11, 16]]
[[21, 17, 27, 8, 18, 28, 26, 7, 12, 14, 11, 23, 15, 10, 20, 19, 24], [12, 25, 14, 17, 2, 15, 1, 10, 0, 9, 4, 6], [6, 2, 7, 9, 4, 0, 3, 8, 5], [35, 3, 14, 22, 27, 0, 4, 9, 15, 6, 19, 8, 18, 1, 10, 12, 16, 23, 26, 36], [9, 3, 2, 13, 0, 4, 6, 11, 14], [8, 20, 10, 15, 0, 3, 2, 5, 6, 14, 23, 21], [16, 27, 30, 1, 5, 13, 20, 36, 37, 2, 6, 38, 8, 10, 0, 32, 11, 3, 19, 33], [15, 23, 18, 20, 8, 11, 25, 0, 6, 21, 26, 3, 19, 2, 5, 12, 17, 9, 13, 27]]
[[9, 12, 14, 17, 3, 2, 18, 13, 11, 15, 4], [10, 3, 5, 12, 1, 0, 11, 4, 2], [1, 17, 4, 7, 5, 14, 3, 18, 2, 16, 19, 20], [11, 5, 8, 6, 14, 1, 19, 12, 0, 13, 2, 9, 3, 15, 16, 20], [8, 4, 16, 14, 10, 21, 11, 18, 22, 17, 7, 6, 9, 15, 19, 23], [7, 17, 22, 14, 18, 23, 2, 13, 12, 0, 24, 3, 15, 6], [14, 3, 15, 5, 9, 12, 18, 21, 6, 10, 22, 4, 16, 7, 19, 23]]
[[6, 13, 15, 3, 11, 16, 5, 2, 10, 0], [21, 5, 7, 10, 23, 3, 11, 15, 19, 25, 14, 1, 27, 2, 18, 0, 26, 24, 8], [19, 3, 21, 5, 10, 15, 23, 27, 6, 11, 16, 24, 4, 9, 14, 8, 13, 22, 0, 17, 25, 28], [22, 0, 4, 7, 19, 2, 5, 16, 20, 12, 15, 1, 11, 8, 17, 13], [21, 3, 6, 9, 12, 17, 7, 5, 4, 0], [16, 1, 4, 11, 24, 26, 22, 27, 3, 2, 8, 21, 17, 0, 9, 12, 18]]
[[13, 6, 11, 17, 20, 0, 3, 18, 10, 16, 2, 4, 21], [6, 20, 27, 31, 21, 1, 8, 12, 15, 13, 16, 32, 5, 11, 2, 3, 0, 10, 7, 17, 24, 28], [18, 2, 6, 0, 7, 13, 9, 3, 16, 19, 4, 10], [28, 14, 5, 8, 20, 23, 26, 3, 6, 9, 21, 24, 16, 1, 2, 17, 15, 29, 27, 22, 25, 11, 18], [4, 5, 8, 1, 2, 9, 12, 10], [15, 25, 3, 6, 23, 10, 1, 22, 18, 20, 21, 26, 4, 7, 16, 24, 2], [1, 6, 4, 17, 9, 8, 3, 2, 10, 13, 7, 0, 11, 18, 19], [12, 16, 6, 19, 18, 0, 10, 17, 2, 5]]
[[5, 18, 10, 12, 15, 3, 2, 11, 6, 20, 9, 13, 16, 19], [8, 15, 4, 10, 13, 19, 2, 1, 0, 9, 17, 3, 12, 14, 35, 11, 16], [14, 70, 27, 28, 33, 57, 16, 4, 7, 41, 45, 48, 65, 68, 72, 5, 18, 73, 30, 36, 60, 1, 53, 26, 39, 63, 2, 31, 54, 55, 46, 69, 15, 25, 29, 38, 52, 58, 62, 17, 71, 61, 10, 8, 11, 44, 49, 67, 74, 3, 32, 40, 56, 64], [13, 17, 19, 3, 8, 11, 22, 25, 28, 5, 9, 23, 26, 4, 20, 18, 6, 14, 29]]
[[17, 13, 21, 0, 10, 14, 9, 18, 16, 1, 2, 11, 19], [13, 6, 2, 9, 1, 7, 0, 15, 5, 18, 3, 10, 16, 17], [14, 9, 0, 11, 1, 16, 12, 6, 10, 5, 8, 15, 7, 13, 17], [8, 15, 2, 11, 5, 18, 0, 16, 19, 3, 12, 14, 13, 9], [0, 4, 8, 9, 14, 19, 5, 10, 13, 1, 15, 2, 11, 20], [11, 26, 23, 3, 19, 25, 28, 4, 8, 29, 7, 24, 33, 14, 27, 20, 1, 9, 12, 21, 30], [6, 20, 15, 25, 0, 3, 22, 26, 2, 21, 17, 9, 16, 4, 7], [16, 29, 19, 2, 17, 7, 11, 21, 27, 8, 12, 3, 18, 5, 26, 20, 10, 22, 23, 30], [9, 10, 16, 2, 6, 14, 5, 0, 12, 13, 8, 7, 17, 18]]
[[10, 3, 9, 2, 8, 4, 5], [7, 1, 10, 13, 2, 0, 14], [10, 18, 13, 12, 5, 7, 15, 23, 16, 20, 24, 1, 0, 2, 14, 19, 11, 25], [9, 28, 44, 6, 30, 45, 18, 22, 37, 39, 48, 11, 19, 23, 32, 35, 1, 8, 7, 15, 17, 34, 5, 14, 29, 46, 10, 31, 47, 40, 13, 38, 51, 49], [6, 21, 0, 2, 20, 29, 4, 8, 13, 22, 3, 12, 17, 26, 19, 28, 1, 11, 16, 25, 7, 23, 15, 24], [10, 2, 7, 13, 5, 8, 14, 4, 3, 16], [17, 6, 12, 14, 3, 21, 2, 9, 11, 8, 18, 20, 13, 4, 15, 22], [20, 28, 24, 11, 7, 22, 26, 8, 10, 3, 14, 0, 16, 17, 6, 2, 25, 29, 21, 27, 4, 18]]
[[7, 11, 27, 30, 5, 13, 32, 3, 9, 14, 19, 23, 25, 22, 2, 31, 6, 8, 29, 0, 15], [10, 21, 26, 31, 2, 25, 33, 0, 12, 14, 16, 27, 29, 19, 7, 18, 9, 32, 28, 30, 11, 23, 5, 34, 3], [19, 2, 9, 3, 8, 0, 4, 5, 10, 16, 20], [11, 21, 2, 1, 9, 6, 14, 3, 5, 17, 19, 22, 0, 25, 7, 15, 24], [24, 28, 36, 2, 11, 0, 13, 15, 21, 30, 20, 33, 18, 7, 17, 12, 29, 37, 25, 32, 35, 5, 8, 22, 34, 3], [5, 9, 12, 16, 2, 14, 18, 13, 0, 19, 21, 4, 3, 7, 6, 15, 17, 22], [10, 13, 22, 5, 8, 18, 3, 15, 2, 19, 14, 23, 4, 0, 6, 16, 20, 24]]
[[10, 15, 3, 6, 17, 4, 20, 2, 12, 21, 7, 0, 8, 13], [10, 12, 6, 1, 16, 19, 7, 2, 3, 0, 13, 20, 4, 8, 14], [11, 17, 1, 3, 6, 9, 14, 4, 15, 2, 7, 12], [9, 0, 6, 4, 3, 11, 13, 8, 14, 1], [6, 12, 24, 2, 14, 8, 21, 27, 0, 30, 3, 22, 13, 16, 9, 31, 4, 17, 20], [5, 0, 7, 10, 13, 17, 3, 11, 6, 14, 1, 8, 15, 18], [14, 2, 4, 9, 3, 12, 15, 0, 5, 6, 10], [10, 1, 4, 12, 5, 14, 8, 3, 2, 13, 0, 6, 15], [11, 17, 6, 9, 15, 1, 13, 0, 7, 4, 10, 3, 12, 8]]
[[18, 9, 12, 4, 5, 10, 20, 8, 7], [6, 35, 2, 4, 23, 27, 0, 15, 19, 14, 3, 11, 13, 5, 12, 7, 20, 8, 21], [12, 20, 1, 3, 16, 24, 25, 2, 13, 14, 21, 4, 7, 17, 15, 5, 8, 18, 19], [0, 8, 15, 3, 13, 12, 5, 6, 7, 1, 16], [23, 9, 14, 18, 6, 10, 3, 5, 15, 7, 16]]
[[19, 3, 6, 22, 25, 4, 15, 26, 12, 24, 20, 2, 10, 17, 18, 14, 29, 5, 8, 27, 30, 11, 21], [12, 7, 0, 17, 5, 19, 16, 8, 11, 13, 18, 1, 15, 14, 9], [7, 20, 2, 11, 14, 21, 5, 24, 12, 15, 4, 3, 16, 23, 22, 26, 25, 17, 19], [25, 0, 12, 3, 10, 18, 14, 21, 15, 17, 23, 1, 19], [0, 4, 17, 2, 5, 8, 12, 16, 10, 1, 14, 11, 13, 18, 19], [17, 4, 2, 6, 11, 5, 3, 7, 10], [17, 28, 27, 0, 7, 1, 8, 18, 36, 29, 34, 35, 31, 4, 6, 11, 21, 22, 32, 9, 19], [10, 27, 4, 12, 15, 18, 30, 8, 13, 31, 21, 5, 0, 26, 28, 7, 23, 16, 29, 20, 19, 24, 32]]
[[21, 14, 15, 8, 23, 26, 6, 19, 24, 5, 16, 18, 13, 9, 3], [10, 18, 23, 1, 3, 21, 25, 5, 15, 14, 2, 13, 4, 12, 24, 0, 27, 26], [5, 7, 10, 0, 26, 3, 8, 23, 6, 22, 13, 14, 21, 25, 16, 24], [20, 9, 11, 24, 8, 0, 23, 3, 12, 26, 10, 16, 17, 15, 21, 1, 13], [15, 21, 5, 8, 13, 3, 2, 1, 0, 12, 6, 9], [19, 10, 12, 9, 0, 3, 13, 22, 11, 17, 16, 15, 20, 1, 14, 6, 21, 18], [5, 7, 3, 2, 1, 0], [12, 14, 6, 11, 0, 9, 3, 15, 13, 7, 1], [13, 6, 10, 21, 30, 11, 14, 19, 28, 18, 1, 27, 9, 4, 0, 26, 2, 5, 29, 32], [19, 1, 3, 6, 4, 9, 2, 0, 12, 15, 10], [6, 19, 4, 8, 11, 17, 20, 1, 2, 5, 0, 7, 9, 12, 13, 21, 3]]
[[4, 12, 13, 15, 10, 0, 5, 6, 11, 2, 8], [11, 9, 3, 10, 20, 5, 17, 7, 18, 24, 23, 1, 6, 0, 4, 21, 12, 8, 14, 16, 2], [6, 0, 2, 3, 1, 7, 8, 4]]
[[0, 13, 3, 7, 11, 14, 6, 10, 9, 8, 4, 15], [18, 9, 8, 11, 0, 4, 12, 3, 16, 10, 19, 7, 6, 1, 5, 17, 20], [17, 5, 8, 10, 15, 14, 2, 6, 4, 3, 0, 7], [9, 23, 3, 13, 2, 5, 27, 6, 11, 4, 14, 18, 10, 0, 7, 17, 26], [7, 5, 9, 13, 10, 2, 8, 4, 3, 0, 11], [12, 16, 2, 26, 17, 1, 9, 13, 4, 29, 5, 18, 20, 3, 11, 28, 6, 22, 27, 8, 14, 0, 25], [13, 26, 32, 5, 7, 2, 18, 23, 0, 8, 19, 6, 24, 15, 30, 31, 14, 27, 33, 16, 17, 11, 25, 28, 3], [0, 15, 8, 10, 13, 7, 3, 4, 1, 9, 14, 16, 6, 11]]
[[15, 29, 5, 9, 17, 20, 3, 10, 2, 8, 7, 31, 18, 30], [14, 24, 33, 5, 7, 21, 2, 19, 1, 18, 27, 25, 0, 26, 31, 28, 3, 15], [22, 6, 9, 4, 3, 8], [10, 20, 23, 1, 6, 13, 4, 8, 14, 21, 7, 3, 27, 2, 18, 19, 26, 11, 24, 28, 22], [25, 4, 1, 9, 12, 7, 5, 27, 15], [21, 25, 38, 2, 8, 14, 29, 33, 0, 5, 7, 4, 3, 23, 26, 11, 13, 22, 27, 30, 32, 39]]
[[6, 24, 10, 12, 15, 18, 3, 16, 2, 11, 26, 9, 13, 7, 19], [6, 8, 11, 21, 3, 9, 19, 1, 18, 2, 16, 0, 17, 5, 23], [30, 1, 4, 6, 9, 12, 18, 25, 34, 10, 16, 20, 3, 22, 2, 23, 24, 29, 21, 31, 7, 5, 13, 26, 32], [30, 55, 0, 2, 15, 22, 25, 27, 35, 39, 41, 44, 4, 13, 32, 37, 42, 47, 1, 19, 20, 3, 23, 36, 18, 31, 21, 38, 17, 28, 43, 5, 6, 7, 16, 33, 51, 56], [5, 27, 46, 17, 33, 1, 37, 7, 24, 41, 19, 42, 11, 2, 18, 34, 35, 44, 38, 16, 32, 8, 3, 39], [16, 5, 3, 1, 2, 0, 4, 21, 14, 23]]
[[14, 24, 19, 18, 0, 3, 12, 21, 1, 7, 10, 15, 22, 9, 20, 17], [10, 12, 31, 2, 13, 1, 7, 16, 18, 21, 24, 8, 3, 14, 5, 15, 32, 23], [0, 13, 26, 9, 8, 5, 11, 16, 28, 30, 23, 31, 22, 1, 10, 21, 7, 19, 2, 3], [19, 8, 11, 16, 21, 5, 9, 12, 17, 22, 4, 3, 6, 15], [18, 7, 12, 4, 8, 3, 2, 20, 13, 5, 11, 19], [21, 12, 14, 18, 23, 19, 24, 6, 9, 5, 8, 7, 13, 2, 17, 11], [9, 14, 4, 7, 3, 6, 5, 0, 10, 13, 8], [22, 0, 7, 13, 16, 5, 10, 14, 17, 9, 23, 21, 11], [12, 2, 17, 6, 9, 22, 0, 14, 20, 23, 13, 3, 4, 18, 19, 16, 10, 7, 15, 5]]
[[10, 7, 15, 1, 6, 12, 0, 14, 11, 9, 8, 16], [21, 1, 4, 5, 2, 0, 16, 19, 8, 18, 22, 23], [4, 24, 1, 6, 11, 12, 8, 28, 15, 14, 21, 3, 2, 5, 26, 29, 31, 22], [0, 3, 7, 14, 5, 16, 1, 8, 12, 9], [17, 7, 3, 14, 15, 2, 9, 6, 8, 12, 18, 0, 16], [17, 20, 5, 26, 4, 0, 10, 29, 6, 24, 28, 8, 11, 14, 18, 22, 3, 25, 15, 23, 1], [14, 32, 18, 20, 21, 0, 9, 25, 22, 28, 4, 13, 33, 7, 24, 10, 3, 19, 15, 34, 29, 35, 1, 11, 5, 8], [13, 11, 7, 8, 19, 6, 18, 1, 12, 0, 10, 15, 2, 3, 20]]
[[10, 12, 1, 6, 3, 11, 8, 7, 9, 4], [18, 27, 33, 32, 25, 30, 2, 7, 10, 15, 23, 28, 14, 1, 22, 6, 12, 5, 13, 34, 0, 20, 19, 31, 3, 9], [0, 34, 41, 21, 7, 10, 24, 37, 45, 11, 14, 17, 25, 29, 38, 43, 20, 48, 1, 33, 3, 32, 28, 35, 42, 12, 26, 2, 5, 30, 49], [9, 1, 10, 6, 16, 18, 3, 14, 2, 4, 13, 11, 0], [20, 10, 17, 23, 0, 4, 11, 15, 7, 18, 14, 21, 12, 24], [13, 1, 3, 6, 9, 16, 19, 4, 20, 2, 7, 14, 0, 10, 17, 15], [8, 24, 33, 0, 4, 12, 16, 21, 31, 7, 27, 30, 15, 20, 19, 32, 18, 17, 22, 13], [3, 6, 7, 1, 0, 4, 2], [20, 11, 25, 29, 32, 7, 12, 16, 22, 26, 33, 10, 15, 21, 19, 34, 18, 13, 31, 17, 27], [1, 3, 6, 10, 4, 8, 2, 7, 0], [11, 10, 17, 16, 5, 7, 19, 1, 18, 0, 2, 12, 15, 4, 14, 3, 13, 20], [11, 21, 5, 15, 18, 24, 16, 22, 2, 9, 7, 6, 0, 12, 4, 3, 13, 25, 1]]
[[22, 7, 14, 19, 26, 0, 4, 12, 6, 9, 3, 23, 11, 25, 21, 13, 28, 15], [1, 6, 13, 4, 7, 14, 3, 11, 20, 2, 15, 21, 0, 10, 19, 12, 17, 22], [24, 10, 1, 5, 6, 9, 12, 15, 19, 0, 11, 13, 2, 3, 20, 22], [15, 1, 3, 11, 18, 21, 26, 30, 34, 4, 8, 22, 27, 35, 7, 2, 19, 0, 16, 31, 17, 20, 38, 23, 28, 32, 36], [13, 3, 6, 16, 0, 5, 4, 14, 19, 17], [19, 9, 23, 27, 29, 2, 1, 22, 20, 21, 5, 24, 0, 18, 6, 8, 10, 12, 25, 30], [0, 9, 17, 4, 6, 18, 3, 13, 15, 12, 1, 19, 16], [22, 6, 12, 26, 3, 7, 13, 19, 27, 0, 23, 2, 10, 14, 1, 9, 11, 29, 16, 20, 28, 25], [19, 2, 4, 11, 6, 12, 17, 16, 1, 5, 22, 0, 3, 20, 10, 21, 7]]
[[2, 16, 18, 21, 6, 19, 8, 15, 5, 10, 17, 12, 22], [7, 2, 4, 13, 16, 19, 23, 0, 14, 20, 22, 3, 11], [19, 26, 23, 22, 10, 13, 0, 11, 4, 7, 25, 24, 14, 6, 21, 27, 5, 15, 17], [10, 17, 2, 4, 7, 0, 5, 11, 3, 16, 18, 12, 8, 13], [5, 20, 0, 6, 14, 10, 13, 15, 12, 11, 7, 16, 18], [10, 31, 14, 24, 13, 3, 6, 34, 0, 4, 35, 26, 2, 15, 23, 28, 29, 32, 17, 7, 25, 33, 12, 18, 30], [10, 14, 2, 17, 20, 24, 27, 0, 8, 18, 25, 6, 11, 22, 28, 12, 9, 15], [20, 2, 21, 13, 16, 29, 33, 0, 7, 17, 26, 30, 34, 4, 12, 3, 6, 25, 14, 23, 10, 8, 31]]
[[8, 11, 15, 24, 19, 5, 3, 2, 20, 26, 14, 18, 12, 16, 22, 25, 27, 0, 9], [10, 20, 35, 2, 12, 16, 27, 0, 18, 24, 4, 6, 9, 11, 21, 13, 14, 19, 26, 31, 22], [20, 6, 13, 3, 10, 12, 2, 9, 0, 4, 21], [22, 27, 34, 6, 5, 13, 0, 15, 19, 36, 40, 20, 7, 14, 33, 9, 12, 32, 23, 29, 35, 16, 37, 1, 39, 3, 10, 17, 24, 38], [12, 17, 15, 36, 2, 8, 19, 23, 31, 38, 42, 29, 5, 28, 16, 37, 26, 27, 14, 35, 18, 20, 39, 43, 0, 3, 6, 9, 10, 21, 32, 40], [6, 12, 29, 10, 14, 18, 27, 4, 23, 22, 3, 26, 0, 7, 25, 8, 19, 24, 5, 15, 30]]
[[11, 38, 44, 23, 7, 18, 21, 31, 35, 40, 0, 8, 12, 19, 36, 6, 17, 30, 34, 5, 22, 33, 15, 41, 10, 32, 37, 24, 42], [15, 25, 2, 9, 18, 22, 28, 31, 7, 20, 26, 29, 13, 6, 34, 19, 33, 16, 27, 23, 32, 14], [25, 28, 17, 0, 13, 23, 36, 3, 8, 26, 29, 32, 37, 31, 6, 21, 33, 7, 14, 20, 30, 18, 35, 1, 38, 9, 12, 34, 22], [17, 23, 2, 10, 19, 28, 32, 0, 3, 8, 29, 14, 31, 27, 7, 15, 26, 18, 20, 21, 16], [21, 16, 14, 7, 0, 12, 19, 1, 4, 10, 18, 9, 8, 15, 20], [1, 24, 36, 41, 19, 47, 3, 6, 15, 38, 52, 55, 10, 34, 18, 28, 5, 22, 50, 9, 33, 46, 4, 32, 49, 25, 37, 43, 29, 44, 54, 53, 23, 51]]
[[11, 14, 0, 4, 15, 10, 3, 5, 6], [8, 13, 5, 10, 1, 15, 9, 14, 4, 0, 7, 12, 16], [15, 23, 12, 24, 26, 6, 9, 1, 18, 17, 16, 10, 19, 20, 7], [16, 5, 7, 14, 0, 3, 10, 6, 12, 9, 13], [17, 3, 8, 14, 18, 16, 6, 1, 9, 0, 15, 4, 10, 19, 13], [10, 14, 20, 18, 3, 12, 7, 22, 0, 5, 8, 16, 21, 4, 11, 13, 15, 19, 17, 23, 1], [18, 3, 10, 22, 25, 4, 27, 7, 14, 20, 8, 19, 21, 13, 17, 11, 23, 29, 15], [30, 4, 10, 12, 21, 2, 13, 18, 22, 28, 20, 9, 7, 17, 0, 6, 26, 33, 14, 23, 27, 29, 31], [40, 9, 30, 23, 0, 16, 19, 35, 6, 13, 17, 20, 26, 37, 25, 10, 31, 33, 3, 12, 4, 36, 24, 32, 1, 14, 27, 38, 34]]
[[14, 23, 5, 11, 18, 21, 3, 9, 12, 19, 2, 8, 22, 7, 24, 15, 6, 0, 16, 25], [18, 32, 0, 1, 14, 22, 26, 2, 8, 15, 20, 23, 27, 5, 12, 7, 11, 19, 28, 9, 24], [13, 23, 30, 6, 2, 10, 21, 0, 7, 18, 5, 17, 22, 24, 11, 25, 3, 12, 19], [13, 24, 17, 19, 6, 4, 0, 9, 26, 7, 15, 20, 5, 18, 12, 23, 11, 22, 14, 25, 8, 1, 10, 21], [5, 13, 19, 7, 9, 8, 14, 22, 10, 15, 11, 18, 20], [14, 26, 4, 10, 17, 20, 23, 31, 2, 8, 12, 18, 27, 7, 30, 0, 11, 32, 29, 15, 21, 33, 5, 24]]
[[26, 30, 14, 6, 16, 20, 28, 0, 7, 11, 21, 5, 10, 15, 4, 19, 13, 12, 1], [7, 15, 2, 18, 19, 20, 10, 3, 13, 5, 8, 16, 21, 0, 6], [10, 14, 31, 16, 15, 5, 18, 21, 24, 19, 4, 2, 1, 25, 0, 17, 28, 32, 11, 23, 33], [13, 3, 15, 2, 14, 5, 7, 20, 23, 4, 18, 16, 0, 8, 9, 21, 19], [11, 2, 0, 5, 1, 3, 12]]
[[7, 5, 10, 3, 2, 6, 4, 0, 11], [5, 7, 1, 3, 10, 13, 15, 12, 2, 18, 8, 0, 14, 16], [5, 20, 8, 2, 13, 16, 0, 10, 17, 21, 9, 11, 15, 18, 22], [8, 23, 2, 5, 11, 14, 20, 6, 12, 3, 4, 15, 9, 7, 0, 16, 19, 21], [19, 24, 10, 4, 14, 16, 8, 12, 17, 21, 3, 1, 11, 20, 5, 22], [19, 2, 5, 11, 6, 4, 3, 0, 7, 12], [1, 16, 9, 15, 12, 21, 10, 13, 22, 17, 3, 2, 5, 19, 0, 6, 25, 23], [18, 20, 2, 13, 15, 10, 12, 6, 14, 5, 4, 16, 11, 17, 0, 7]]
[[10, 13, 16, 19, 23, 3, 2, 11, 14, 17, 25, 4, 12], [24, 34, 1, 4, 17, 20, 28, 31, 36, 5, 7, 14, 18, 29, 3, 13, 2, 32, 12, 25, 0, 26, 38, 15, 21], [7, 10, 1, 3, 5, 13, 2, 8, 12, 4, 11], [11, 30, 12, 24, 3, 6, 14, 17, 27, 15, 20, 28, 2, 26, 1, 25, 0, 13, 31, 23, 29], [9, 2, 5, 6, 1, 0, 10, 3], [0, 2, 5, 14, 17, 24, 27, 12, 15, 25, 10, 21, 11, 20, 3, 22], [12, 4, 7, 16, 2, 8, 14, 1, 0, 13, 15, 6], [4, 19, 31, 6, 28, 7, 11, 10, 1, 0, 33, 18, 27, 30, 2]]
[[0, 8, 15, 11, 7, 12, 14, 18], [1, 15, 18, 10, 2, 14, 7, 12, 4, 19, 9, 11, 17, 20, 21], [1, 5, 2, 4, 12], [25, 2, 1, 8, 13, 6, 21, 3, 5, 14, 19, 26, 0, 28, 15, 16, 22, 27, 31, 29], [19, 25, 36, 14, 32, 13, 31, 3, 6, 9, 16, 4, 1, 15, 33, 23, 24, 29, 12, 30, 35, 10, 26, 34, 37, 38, 2], [4, 13, 5, 10, 15, 1, 2, 0, 6, 7, 11, 3]]
[[15, 17, 27, 8, 12, 29, 5, 10, 13, 18, 20, 25, 4, 28, 16, 23, 22, 26, 24, 9, 2, 30, 0], [25, 28, 33, 2, 38, 43, 16, 40, 37, 5, 8, 19, 6, 20, 23, 29, 34, 41, 44, 4, 22, 39, 3, 9, 11, 14, 31, 36, 42, 0], [10, 21, 4, 15, 34, 31, 7, 23, 27, 19, 24, 28, 35, 16, 6, 33, 5, 32, 18, 30, 14, 12, 2, 8, 26, 0], [25, 31, 47, 3, 19, 42, 1, 18, 41, 7, 10, 11, 27, 51, 23, 28, 50, 4, 20, 43, 2, 16, 39, 22, 45, 32, 48, 0, 17, 40, 29, 5, 12, 33, 36, 52, 54, 34], [29, 19, 1, 5, 13, 25, 26, 14, 22, 12, 20, 21, 0, 11, 18, 2, 23, 10, 3, 8, 16, 27, 30, 6], [26, 21, 6, 8, 28, 13, 1, 5, 16, 22, 3, 12, 24, 0, 2, 15, 27, 17, 7, 9, 25], [12, 23, 17, 8, 19, 25, 28, 30, 33, 20, 10, 0, 9, 34, 15, 18, 13, 21, 6, 26, 2, 4, 11]]
[[11, 0, 4, 12, 3, 9, 8, 1, 13], [6, 14, 0, 3, 7, 5, 8, 4, 1, 10, 13], [16, 2, 4, 7, 10, 5, 3, 0, 17], [11, 8, 16, 18, 9, 12, 19, 2, 15, 6, 14, 17, 0, 13], [16, 23, 7, 11, 6, 0, 20, 3, 12, 21, 19, 8, 14, 26, 10, 25, 18, 1, 4], [12, 23, 6, 18, 2, 17, 0, 4, 7, 15, 19, 25, 3, 9, 13, 22, 21, 20, 14, 24, 26], [0, 17, 5, 9, 1, 13, 2, 3, 6, 10], [7, 10, 22, 21, 5, 17, 0, 18, 2, 23, 25, 15, 26, 11, 13, 20, 3, 27, 12]]
[[14, 10, 7, 12, 0, 4, 3, 11, 9, 8, 5], [8, 14, 10, 12, 0, 2, 1, 4, 5, 6], [18, 6, 9, 12, 0, 7, 19, 4, 3, 5, 20], [9, 19, 28, 2, 4, 22, 26, 0, 13, 23, 8, 3, 20, 12, 10, 21, 25, 5], [10, 23, 2, 16, 21, 29, 31, 18, 17, 3, 27, 6, 13, 14, 5, 15, 26, 11, 24, 19, 22, 32, 8, 28], [8, 19, 28, 33, 4, 12, 31, 2, 1, 27, 24, 0, 23, 29, 34, 3, 30, 35, 5, 6, 32, 11], [13, 23, 16, 8, 27, 5, 18, 4, 21, 0, 17, 19, 24, 28, 6, 25]]
[[6, 9, 16, 0, 4, 19, 14, 3, 12, 15, 8, 10], [19, 13, 8, 3, 9, 2, 6, 15, 23, 1, 14, 5, 21, 12, 16, 20], [20, 2, 7, 10, 4, 1, 3, 21, 5], [12, 4, 0, 9, 5, 13, 1, 6, 10, 14], [10, 6, 0, 13, 1, 14, 7, 11], [7, 10, 16, 3, 13, 2, 12, 5, 4, 15, 14, 17, 1, 11, 18]]
[[12, 19, 5, 21, 23, 3, 14, 24, 2, 6, 10, 13, 25], [17, 28, 31, 9, 10, 26, 6, 12, 22, 0, 3, 13, 24, 2, 27, 11, 30, 23, 20, 29, 32, 8, 25, 15, 4, 14, 21], [0, 16, 22, 32, 5, 34, 23, 26, 30, 35, 7, 1, 29, 27, 28, 14, 25, 9, 20, 2, 3, 8, 13, 19, 11, 17], [12, 31, 27, 35, 26, 34, 23, 14, 21, 29, 2, 19, 28, 5, 32, 20, 18, 9, 13, 36, 25, 33, 30, 3, 6], [1, 10, 9, 12, 15, 20, 23, 13, 0, 6, 7, 5, 2, 11, 8, 19, 16], [1, 13, 22, 10, 16, 3, 11, 14, 17, 24, 0, 27, 7, 9, 20, 21, 8, 6, 2, 23, 18], [1, 14, 17, 11, 9, 18, 6, 12, 13, 7, 8, 20, 5, 15, 21, 2], [22, 10, 13, 8, 11, 18, 24, 17, 0, 23, 25, 16, 19, 7, 5, 6, 1, 14, 20], [12, 24, 19, 8, 15, 5, 17, 4, 20, 0, 26, 16, 13, 22, 25, 6, 9, 14]]
[[4, 6, 14, 13, 17, 12, 0, 5, 8, 9, 15, 2], [0, 7, 15, 8, 20, 23, 21, 18, 1, 5, 4, 11, 16, 12, 22, 24, 2, 9, 14], [14, 23, 0, 28, 29, 31, 7, 16, 20, 25, 3, 10, 2, 33, 11, 32, 1, 30, 21, 34, 17, 4, 12, 19]]
[[5, 8, 15, 3, 9, 12, 16, 11, 14, 2, 0, 6], [8, 15, 5, 2, 1, 16, 0, 9, 18, 10, 3, 6, 11, 13, 14], [2, 8, 14, 0, 9, 15, 5, 7, 12, 3, 16], [3, 9, 13, 1, 5, 6, 16, 12, 0, 4, 10, 14, 8], [9, 6, 0, 12, 15, 2, 13, 16, 7, 1, 5, 10, 17], [0, 10, 5, 1, 11, 3, 6, 9], [4, 17, 9, 13, 19, 6, 15, 20, 2, 10, 14, 8, 5, 3, 16, 0, 11], [9, 13, 16, 10, 14, 17, 7, 12, 2, 3, 0, 4], [0, 5, 19, 8, 9, 7, 12, 1, 20, 2, 3], [7, 24, 18, 15, 11, 20, 27, 12, 28, 10, 19, 2, 5, 16, 3, 14, 8, 22, 0, 26, 6]]
[[6, 3, 2, 9, 5, 7], [4, 6, 15, 2, 9, 1, 12, 0, 11, 16], [23, 31, 38, 48, 1, 43, 42, 6, 29, 33, 52, 7, 13, 21, 27, 34, 19, 3, 12, 44, 2, 20, 46, 11, 24, 51, 41, 4, 47, 18, 14, 22, 35, 53], [7, 14, 5, 10, 21, 0, 11, 22, 3, 12, 15, 8, 17, 4, 9, 6, 13], [23, 1, 6, 9, 12, 15, 7, 3, 2, 13, 4, 10, 19]]
[[15, 0, 8, 7, 11, 14, 10, 16, 1, 2, 17], [3, 4, 1, 13, 2, 16, 17, 0, 12, 14, 5, 6, 18, 9], [10, 16, 1, 3, 6, 11, 2, 4, 18], [17, 2, 1, 4, 7, 5, 10, 3, 18, 0], [17, 1, 5, 9, 20, 2, 21, 3, 6, 10, 13, 18], [7, 3, 15, 1, 14, 17, 27, 28, 29, 30, 33, 10, 4, 23, 2, 6, 13, 8, 16, 0, 20, 18, 21, 31, 34, 25], [16, 1, 3, 6, 4, 9, 2, 17], [1, 4, 13, 6, 3, 12, 2, 10, 11, 0, 14]]
[[5, 16, 8, 11, 14, 3, 12, 7, 2, 9, 18], [12, 35, 3, 24, 27, 30, 25, 1, 21, 19, 0, 20, 13, 33, 36, 23, 2, 26, 28, 31, 22], [13, 17, 21, 1, 20, 5, 8, 11, 24, 6, 25, 10, 2, 22, 23, 18, 3, 26], [7, 17, 23, 27, 32, 0, 2, 5, 25, 30, 35, 14, 36, 21, 12, 13, 20, 3, 8, 15, 28, 33]]
[[12, 18, 9, 8, 5, 15, 3, 2, 10, 13, 7, 16, 6, 0], [19, 22, 11, 2, 10, 5, 7, 24, 3, 8, 20, 1, 12, 18, 15, 0, 14, 17, 23, 16], [26, 8, 0, 4, 6, 12, 24, 22, 27, 9, 21, 1, 11], [29, 2, 11, 17, 22, 25, 32, 12, 15, 18, 6, 14, 4, 21, 3, 30, 23, 19, 36, 0, 26, 33, 35], [13, 0, 7, 28, 1, 4, 8, 27, 14, 16, 6, 19, 22, 23, 20, 17, 29, 24], [3, 2, 18, 7, 13, 25, 11, 28, 27, 20, 22, 4, 19, 10, 16, 21, 9, 17, 12, 26, 0, 24], [7, 9, 12, 5, 16, 15, 4, 1, 0, 8, 10, 6, 17, 2]]
[[12, 17, 24, 32, 20, 22, 5, 9, 14, 3, 10, 2, 8, 21, 7, 25, 19, 0, 15, 27], [1, 20, 27, 3, 13, 11, 6, 7, 22, 14, 5, 4, 16, 21, 0, 12, 9, 28, 18], [24, 31, 40, 14, 11, 12, 4, 15, 35, 3, 20, 25, 29, 30, 17, 26, 33, 38, 41, 13, 10, 0, 5, 7, 18, 22, 36], [24, 7, 10, 28, 4, 3, 0, 5, 11, 12, 15, 18, 21], [26, 3, 6, 9, 12, 30, 7, 5, 4, 24, 31, 0, 22], [11, 15, 22, 4, 9, 24, 18, 21, 1, 7, 2, 8, 0, 6, 16, 12, 17, 23, 10, 3]]
[[5, 11, 17, 3, 9, 2, 8, 15, 16, 7, 14, 6, 0, 12], [13, 23, 2, 7, 11, 19, 24, 26, 32, 14, 17, 28, 5, 3, 15, 16, 21, 0, 9, 20, 29, 31], [10, 12, 15, 18, 3, 16, 9, 2, 14, 11, 7, 0, 4, 6], [19, 3, 5, 8, 21, 24, 6, 9, 16, 4, 15, 0, 14, 2, 25], [15, 29, 3, 2, 8, 12, 25, 27, 34, 16, 19, 30, 4, 24, 6, 17, 18, 33, 22, 0, 10, 13, 21, 31], [14, 5, 8, 7, 2, 0, 3], [15, 12, 1, 5, 8, 4, 2, 3, 11, 0, 6, 16]]
[[20, 18, 6, 17, 9, 3, 13, 2, 19, 1, 21, 16, 15, 11, 4, 14], [14, 17, 24, 22, 7, 18, 20, 3, 12, 6, 9, 2, 11, 0, 1, 23, 25, 19, 5, 26], [13, 17, 27, 22, 2, 18, 20, 24, 5, 8, 1, 4, 0, 23, 19, 14, 25], [17, 20, 34, 24, 4, 21, 23, 14, 28, 36, 7, 29, 10, 13, 3, 6, 32, 27, 31, 25, 35, 22, 11, 37, 8, 15, 33], [26, 9, 3, 15, 11, 20, 6, 10, 2, 5, 16, 1, 0, 14, 7, 17, 12, 19]]
[[18, 9, 14, 2, 7, 10, 4, 1, 6, 15, 16], [9, 2, 13, 0, 11, 4, 14, 6, 15, 10, 16, 7], [0, 10, 6, 11, 21, 5, 1, 20, 17, 19, 15, 3, 2, 12, 13, 22], [16, 1, 2, 4, 8, 12, 21, 5, 10, 13, 3, 20, 9, 0, 19, 17, 18, 15, 22], [6, 13, 0, 10, 14, 2, 9, 4, 8, 11], [1, 2, 12, 8, 18, 6, 17, 3, 15, 13, 5, 11, 14, 9], [19, 1, 15, 11, 16, 3, 13, 9, 2, 10, 20, 5, 0, 8, 21, 25, 22, 24, 14], [12, 21, 19, 0, 14, 5, 10, 15, 7, 20, 4, 9, 22]]
[[10, 13, 6, 11, 18, 5, 9, 19, 8, 14, 15, 20, 3], [1, 8, 4, 10, 3, 2, 11, 13, 9, 0], [0, 1, 3, 8, 11, 14, 5, 12, 2, 4, 9, 6], [7, 15, 4, 18, 2, 12, 1, 13, 11, 0, 16, 3, 17, 5, 14], [0, 15, 25, 41, 1, 3, 7, 10, 22, 27, 31, 4, 23, 21, 2, 19, 43, 5, 30], [7, 22, 1, 4, 9, 12, 5, 10, 3, 16, 2, 13, 19, 23, 0, 14], [23, 40, 54, 74, 77, 90, 5, 4, 83, 1, 18, 47, 52, 65, 67, 28, 34, 45, 63, 68, 79, 13, 33, 7, 27, 38, 72, 9, 78, 86, 6, 84, 11, 31, 42, 60, 87, 94, 95, 44, 58, 62, 0, 82, 85, 75, 91, 3, 92, 8, 30, 46, 59, 64, 73, 76, 89, 93, 81, 49, 53, 66, 70, 14, 17, 29, 48, 51, 80, 88]]
[[7, 11, 20, 23, 3, 4, 6, 10, 22, 24, 5, 8], [16, 39, 1, 3, 6, 8, 11, 19, 24, 32, 35, 37, 12, 22, 2, 31, 18, 26, 30, 17, 0, 4, 20, 9, 33, 40, 41], [22, 29, 1, 7, 10, 16, 25, 4, 8, 14, 27, 6, 13, 2, 3, 26, 23, 17], [18, 7, 10, 13, 8, 3, 2, 0, 19, 11, 21, 1], [18, 15, 1, 11, 8, 12, 7, 17, 16, 14, 2, 3, 9, 19]]
[[7, 10, 25, 5, 13, 16, 20, 3, 14, 2, 6, 8, 11, 9, 19, 26, 27], [15, 2, 6, 12, 20, 0, 7, 13, 16, 5, 4, 3, 21, 8, 11], [0, 5, 20, 9, 8, 11, 16, 22, 25, 17, 23, 15, 1, 10, 21, 7, 2, 3, 18], [14, 0, 3, 16, 1, 4], [15, 19, 29, 11, 3, 24, 31, 0, 22, 27, 14, 6, 10, 8, 9, 16, 21, 26, 33, 1, 25, 32], [16, 5, 8, 2, 1, 0, 3, 12]]
[[16, 28, 7, 10, 12, 24, 0, 5, 8, 14, 25, 4, 21, 17, 20, 18, 13, 1, 2, 22, 26], [2, 10, 5, 3, 11, 1, 9, 0, 15, 14, 13, 6, 7, 12], [0, 7, 4, 8, 3, 1, 5, 9], [20, 7, 21, 4, 16, 0, 5, 9, 17, 25, 8, 14, 15, 23, 11, 13, 24, 26, 1, 2], [33, 1, 28, 38, 45, 31, 48, 3, 11, 19, 22, 29, 39, 46, 44, 2, 27, 32, 49, 23, 50, 52, 18, 43, 47, 34, 0, 55, 26, 5, 6, 12, 17, 24, 25, 35, 40, 41, 42, 53, 54], [20, 34, 4, 7, 9, 17, 22, 31, 0, 18, 23, 28, 32, 16, 27, 6, 5, 15, 10, 33, 13, 1, 2, 11, 12, 29]]
[[15, 10, 12, 5, 17, 3, 13, 18, 2, 11, 9, 0, 19], [12, 2, 4, 10, 1, 0, 5], [4, 11, 0, 9, 12, 16, 2, 8, 15, 5], [2, 5, 10, 0, 8, 11, 7, 13, 12], [10, 13, 11, 5, 0, 7, 15, 1, 8, 16, 6, 12, 14, 2], [18, 2, 4, 8, 11, 5, 3, 0, 6], [12, 24, 16, 18, 6, 14, 26, 22, 19, 1, 9, 2, 3, 21, 0, 8, 17, 25, 23, 10, 5], [8, 28, 10, 13, 15, 21, 25, 1, 6, 11, 19, 22, 26, 29, 0, 18, 4, 5, 31, 27, 2, 23, 30], [2, 15, 0, 6, 13, 16, 20, 8, 5, 4, 19, 3, 12, 18, 11, 17], [15, 13, 8, 17, 20, 5, 4, 14, 0, 9, 12, 16, 2, 6, 10, 18]]
[[15, 21, 7, 13, 16, 22, 10, 19, 6, 18, 23, 12, 20, 8, 25], [12, 14, 6, 8, 17, 22, 2, 23, 1, 3, 13, 15, 0, 16, 4, 18, 20], [29, 0, 11, 26, 33, 36, 39, 3, 8, 24, 27, 34, 37, 5, 23, 14, 31, 7, 22, 30, 32, 28, 38, 9, 16, 18], [13, 11, 5, 7, 0, 3, 15, 10, 12, 9, 6, 1, 4], [4, 1, 6, 17, 11, 21, 2, 13, 7, 3, 18, 9, 0, 5, 16, 19], [6, 9, 13, 15, 4, 16, 1, 8, 7, 10, 14, 11, 12, 17], [11, 8, 17, 5, 14, 2, 6, 15, 9, 0, 12, 18, 16], [12, 6, 15, 17, 27, 0, 8, 18, 22, 28, 2, 7, 23, 21, 16, 3, 13, 19, 29, 4, 9, 25], [22, 6, 7, 18, 26, 29, 2, 19, 24, 1, 8, 11, 10, 5, 16, 23, 20, 28, 3, 13, 27, 30], [18, 4, 7, 5, 10, 1, 2, 0, 14, 3]]
[[11, 2, 9, 6, 5, 7, 4, 3, 12], [5, 16, 28, 1, 18, 3, 12, 24, 22, 25, 31, 11, 2, 8, 21, 19, 30, 0, 17, 14, 9, 13, 26], [0, 10, 5, 1, 11, 3, 9], [12, 13, 3, 6, 9, 10, 4, 8, 0, 14, 11], [14, 3, 6, 17, 28, 26, 0, 7, 18, 22, 29, 5, 27, 9, 21, 31, 4, 15, 25, 30, 16, 1, 10, 19, 32, 12, 34], [4, 2, 5, 1, 0, 3, 6], [14, 15, 3, 6, 9, 12, 4, 8, 0, 16, 10, 13], [26, 3, 6, 23, 10, 21, 0, 16, 28, 7, 17, 24, 31, 5, 22, 11, 27, 13, 4, 20, 25, 30, 1, 8], [2, 4, 1, 0, 3, 5], [8, 11, 13, 6, 20, 3, 19, 2, 16, 14, 12, 22, 4, 17, 21]]
[[14, 19, 5, 10, 16, 3, 12, 21, 2, 8, 9, 7, 6, 0, 17], [13, 8, 16, 5, 18, 15, 1, 2, 0, 6, 17, 19], [25, 2, 7, 10, 19, 22, 29, 8, 16, 18, 15, 3, 5, 27, 21, 0, 11, 20], [18, 6, 9, 16, 2, 5, 1, 0, 19, 8, 3, 17, 21], [13, 10, 11, 14, 16, 2, 7, 8, 3, 6, 0], [7, 1, 3, 13, 8, 19, 18, 2, 21, 10, 17, 24, 6, 16, 20, 4, 14, 11, 22], [3, 1, 5, 7, 4, 2], [25, 2, 15, 7, 20, 5, 8, 18, 11, 16, 3, 23, 13, 24, 4, 17, 14, 26, 19, 0, 9, 21], [11, 1, 14, 6, 10, 4, 12, 9, 2, 3, 15, 0, 13], [30, 10, 28, 18, 6, 15, 33, 3, 20, 31, 2, 23, 12, 24, 7, 19, 21, 11, 13, 26, 16, 0, 4, 8, 34, 35, 32]]
[[11, 3, 2, 9, 14, 4, 8, 12], [13, 4, 17, 2, 1, 0, 14, 3, 21, 16], [9, 17, 1, 3, 7, 20, 22, 2, 10, 11, 8, 21, 18], [11, 12, 5, 8, 15, 17, 20, 2, 6, 18, 21, 1, 13, 14, 16, 22, 3, 9], [19, 4, 7, 12, 15, 5, 13, 1, 11, 0, 2, 8, 16], [15, 3, 6, 9, 13, 4, 2, 1, 14, 7], [5, 8, 21, 15, 18, 2, 12, 16, 1, 24, 25, 11, 9, 3, 13, 19], [4, 6, 10, 18, 15, 1, 0, 7, 20, 2, 16], [3, 5, 7, 2, 1, 4, 6, 8]]
[[0, 6, 3, 5, 7], [11, 12, 4, 15, 22, 24, 2, 16, 26, 19, 21, 1, 8, 14, 0, 7, 13, 23, 5, 9, 17], [4, 6, 9, 13, 17, 2, 7, 14, 18, 12, 1, 8, 16], [10, 1, 13, 4, 7, 15, 18, 5, 16, 19, 3, 14, 2, 0, 12, 8], [17, 19, 0, 9, 12, 3, 7, 6, 18, 1, 11], [15, 6, 10, 0, 4, 9, 3, 17, 16], [10, 0, 3, 8, 11, 5], [5, 14, 18, 21, 2, 10, 1, 13, 8, 6, 15, 9, 4, 22, 3, 16, 19], [7, 18, 10, 13, 3, 11, 2, 6, 1, 0, 4, 16, 14]]
[[5, 23, 11, 14, 16, 20, 25, 3, 12, 2, 8, 7, 19, 24, 9], [6, 1, 3, 5, 11, 13, 2, 7, 0, 8, 9], [0, 5, 14, 16, 11, 1, 10, 12, 15], [12, 25, 35, 39, 46, 1, 44, 48, 22, 43, 4, 7, 10, 15, 18, 8, 13, 3, 28, 21, 45, 2, 36, 20, 14, 37, 40, 47, 42, 5, 41, 19, 49, 23, 26, 30, 32, 38], [17, 4, 7, 11, 14, 20, 5, 12, 18, 2, 1, 10, 0, 15, 21], [9, 0, 11, 15, 6, 12, 5, 10, 1, 7, 13, 16], [15, 4, 7, 10, 27, 2, 5, 25, 1, 0, 24, 3, 26, 6, 8], [3, 2, 1, 4]]
[[26, 5, 8, 12, 21, 28, 3, 10, 13, 22, 29, 16, 2, 27, 25, 9, 18, 20, 24, 32, 0, 14, 23], [3, 2, 8, 4, 11, 6, 10, 0, 13], [30, 8, 18, 25, 32, 0, 5, 9, 17, 19, 26, 33, 13, 4, 31, 24, 29, 22, 12, 16, 28, 36, 1, 6, 10, 20, 27], [36, 8, 21, 3, 10, 30, 32, 0, 39, 9, 29, 22, 28, 37, 15, 38, 34, 13, 33, 1, 4, 5, 40, 24], [2, 9, 15, 0, 7, 16, 12, 13, 8, 3, 10], [14, 21, 4, 16, 9, 11, 19, 0, 22, 18, 5, 24, 6, 17, 26, 20, 15, 10, 12, 1, 7, 28], [15, 12, 19, 2, 13, 20, 1, 8, 10, 7, 16, 14, 3, 17], [18, 1, 2, 4, 11, 10, 3, 0, 5, 12, 13, 19], [4, 7, 2, 10, 5, 9, 0, 3, 12], [14, 2, 1, 8, 11, 16, 19, 27, 6, 9, 20, 24, 28, 31, 3, 5, 0, 26, 18, 32, 17, 21, 25, 29], [12, 1, 17, 24, 4, 7, 21, 18, 3, 27, 2, 15, 26, 28, 29, 0, 16, 23, 6, 19]]
[[8, 21, 25, 23, 5, 15, 17, 13, 4, 12, 24, 3, 27, 26, 18, 0, 6, 9, 19, 28], [12, 19, 3, 2, 5, 8, 0, 6, 17, 4, 11, 18, 7, 14, 13], [22, 3, 2, 10, 12, 15, 7, 4, 6, 20, 24, 0, 8, 16, 19, 23], [13, 3, 1, 8, 16, 4, 2, 6, 0, 14, 17], [22, 9, 11, 1, 5, 16, 19, 25, 27, 2, 17, 20, 23, 8, 13, 12, 0, 10, 30, 3, 6, 14, 28], [12, 1, 18, 5, 7, 26, 23, 27, 29, 2, 10, 19, 3, 16, 32, 22, 0, 9, 17, 13, 11, 24, 30, 4, 20], [0, 7, 23, 11, 4, 14, 18, 2, 1, 13, 12, 10, 15], [8, 10, 17, 0, 15, 2, 5, 13, 11, 18, 12, 19, 6]]
[[9, 19, 5, 12, 0, 3, 13, 2, 6, 7], [11, 1, 2, 8, 17, 9, 18, 3, 5, 0, 14, 19, 6, 15], [0, 7, 4, 9, 5, 10, 1, 8, 3, 2], [27, 2, 14, 42, 1, 13, 20, 29, 40, 5, 8, 16, 23, 33, 36, 6, 9, 17, 24, 31, 34, 37, 15, 4, 21, 44, 3, 43, 19, 28, 30, 0, 12, 39, 38], [2, 12, 1, 4, 7, 24, 5, 14, 13, 17, 21, 3, 11, 22, 8, 18], [9, 3, 16, 1, 14, 4, 17, 2, 15, 6, 11, 0, 13], [5, 7, 11, 18, 12, 20, 14, 9, 15, 13, 21, 1, 22, 4, 0, 19, 8, 23, 2], [10, 15, 25, 1, 2, 4, 19, 21, 13, 22, 3, 18, 12, 0, 11, 5, 23, 26]]
[[22, 7, 10, 14, 17, 2, 12, 1, 9, 8, 11, 20, 6, 24, 3], [28, 32, 11, 22, 13, 16, 2, 14, 30, 1, 12, 9, 23, 0, 8, 21, 29, 10, 5, 24, 3], [1, 6, 10, 3, 13, 19, 4, 7, 9, 2, 17, 18], [8, 11, 19, 1, 2, 4, 7, 15, 9, 13, 17, 20, 0, 5], [16, 24, 7, 14, 2, 21, 1, 5, 19, 22, 26, 4, 20, 15, 8, 9, 13, 6, 23], [1, 9, 12, 3, 14, 15, 19, 26, 2, 13, 8, 18, 7, 17, 4], [6, 13, 16, 3, 14, 1, 10, 12, 0, 2, 9, 4], [19, 3, 0, 2, 5, 13, 12, 11, 4, 6, 23, 18, 7, 17, 15], [11, 28, 13, 5, 16, 21, 2, 1, 14, 6, 0, 15, 26, 12, 23, 3, 8, 17, 18, 22, 25]]
[[7, 5, 10, 3, 2, 8, 6], [8, 14, 16, 20, 4, 18, 5, 11, 24, 21, 2, 9, 23, 10, 25, 0, 12], [10, 17, 29, 25, 2, 6, 13, 21, 0, 7, 14, 22, 5, 26, 8, 27, 19, 28, 24, 11, 20, 9, 15], [4, 8, 13, 0, 21, 12, 2, 11, 3, 17, 20, 14, 5, 6, 15, 22, 23], [32, 13, 3, 8, 25, 23, 26, 15, 5, 28, 22, 30, 4, 17, 14, 21, 11, 27, 0, 6, 18, 19, 33], [11, 20, 23, 5, 17, 2, 6, 14, 18, 21, 24, 1, 12, 0, 8, 13, 3, 15]]
[[20, 14, 23, 0, 7, 11, 18, 24, 6, 10, 17, 9, 15, 1, 12], [10, 2, 7, 13, 17, 4, 8, 14, 18, 1, 3, 0, 11, 16, 15], [1, 11, 14, 17, 20, 2, 5, 9, 12, 15, 18, 21, 4, 8], [20, 5, 8, 11, 14, 9, 7, 6, 0, 15], [16, 21, 24, 2, 1, 10, 12, 14, 22, 3, 6, 19, 20, 5, 0, 13, 7, 8], [0, 22, 5, 12, 1, 15, 14, 20, 26, 13, 2, 3, 6, 16, 19, 23, 25], [6, 9, 22, 12, 18, 25, 0, 10, 13, 19, 23, 26, 2, 17, 3, 14, 16, 4, 20]]
[[12, 20, 6, 23, 7, 14, 26, 5, 28, 16, 18, 21, 29], [20, 2, 1, 7, 11, 3, 5, 13, 15, 18, 16], [11, 26, 4, 20, 0, 5, 23, 21, 19, 12, 27, 24, 15, 17, 13], [0, 6, 17, 10, 9, 1, 11, 13, 15, 18, 8, 2, 3], [9, 0, 2, 1, 10], [13, 18, 1, 6, 20, 4, 3, 17, 2, 5, 21, 10, 14], [11, 16, 4, 24, 25, 3, 15, 21, 2, 20, 13, 17, 23, 12, 22]]
[[20, 15, 14, 6, 4, 11, 3, 16, 18, 7, 21, 13, 0, 8, 19], [15, 18, 34, 2, 20, 4, 7, 10, 22, 25, 37, 5, 23, 3, 19, 21, 27, 38, 0, 35], [9, 22, 6, 12, 4, 3, 24, 0, 7], [15, 3, 2, 8, 18, 24, 0, 19, 4, 22, 6, 21, 16, 20, 9, 25, 23], [12, 18, 7, 10, 4, 3, 20, 0, 5], [14, 23, 3, 1, 17, 20, 12, 4, 18, 2, 6, 16, 0, 21, 19]]
[[8, 16, 23, 0, 5, 10, 18, 29, 4, 27, 28, 26, 9, 17, 7, 1, 6, 19, 30], [8, 3, 0, 20, 7, 10, 19, 11, 14, 9, 18, 1, 4, 16, 21, 12], [13, 23, 6, 10, 17, 20, 25, 3, 11, 21, 1, 2, 7, 19, 26, 0, 24, 4, 8, 18, 27], [15, 14, 23, 33, 16, 28, 4, 3, 26, 29, 19, 32, 27, 6, 36, 11, 24, 37, 0, 34, 17, 30], [14, 8, 12, 4, 17, 9, 18, 16, 1, 15, 2, 5, 0, 10, 19], [23, 2, 0, 6, 1, 14, 3, 31]]
[[13, 15, 3, 10, 16, 7, 2, 9, 0, 4, 11], [12, 25, 1, 19, 3, 8, 15, 21, 4, 17, 22, 7, 2, 20, 26, 27, 11, 0, 16, 23], [10, 8, 0, 17, 22, 4, 11, 15, 9, 13, 18, 14, 16, 21, 23, 1, 5, 6, 19, 20], [4, 22, 2, 12, 6, 7, 14, 16, 18, 0, 8, 19, 23, 3, 13, 5, 25, 1, 11, 17, 20, 24], [25, 2, 8, 18, 21, 0, 4, 9, 22, 7, 14, 16, 3, 19, 13, 17, 11, 5, 23, 20], [12, 29, 2, 21, 23, 27, 31, 24, 4, 10, 3, 6, 15, 16, 9, 13, 30, 22, 0, 17, 20, 25, 32, 34, 36, 37, 11], [9, 20, 12, 14, 4, 6, 16, 24, 17, 25, 15, 1, 2, 0, 13, 21, 8, 7, 18, 22, 3], [14, 19, 27, 16, 20, 6, 10, 3, 24, 2, 22, 7, 15, 17, 23, 0, 4, 8, 25, 18], [14, 1, 4, 6, 16, 12, 17, 3, 2, 11, 0, 7]]
[[14, 6, 16, 22, 0, 4, 17, 23, 28, 3, 15, 24, 26, 13, 27, 7, 8, 18, 20], [6, 14, 0, 9, 15, 13, 5, 12, 8, 7], [7, 15, 17, 20, 18, 10, 14, 2, 12, 3, 5, 11, 8, 16, 6], [9, 20, 28, 2, 4, 1, 7, 15, 24, 5, 25, 3, 14, 0, 10, 26], [30, 3, 15, 13, 6, 17, 19, 24, 0, 8, 16, 4, 23, 5, 14, 18, 21, 26, 7, 20], [7, 20, 2, 4, 17, 12, 10, 3, 18, 16, 21, 5, 14, 15, 19], [9, 14, 19, 24, 16, 15, 6, 22, 1, 2, 10, 18, 5, 0, 17, 20, 25, 7, 11, 26, 3]]
[[5, 3, 2, 6, 7, 4], [11, 17, 1, 3, 6, 9, 14, 18, 21, 35, 38, 7, 12, 22, 24, 36, 2, 32, 34, 31, 13, 0, 4, 19, 30, 40, 26, 39], [9, 22, 1, 3, 7, 15, 25, 2, 10, 24, 11, 12, 23, 14, 8], [14, 1, 3, 10, 23, 24, 2, 16, 0, 15, 12, 13, 25, 11], [20, 3, 6, 9, 13, 15, 7, 4, 12, 14, 5], [15, 20, 1, 4, 7, 12, 18, 5, 10, 16, 2, 3, 0, 19], [20, 29, 9, 13, 23, 25, 0, 32, 14, 17, 27, 8, 11, 26, 7, 10, 24, 30, 1, 33, 31, 2, 3, 18, 12], [5, 21, 1, 7, 11, 2, 6, 25, 8, 4, 9, 3], [12, 4, 15, 2, 13, 1, 0, 14, 3, 19]]
[[7, 3, 5, 8, 2, 9, 4, 11, 6], [9, 27, 1, 3, 13, 16, 35, 14, 22, 32, 36, 6, 2, 31, 28, 10, 29, 0, 4, 7, 11, 40, 23, 33, 39, 37], [5, 28, 1, 7, 11, 38, 43, 2, 36, 35, 6, 8, 39, 4, 37, 9, 42, 44, 3, 40, 41]]
[[8, 12, 30, 10, 15, 21, 3, 13, 22, 25, 2, 24, 20, 16, 17, 26, 31], [11, 20, 5, 8, 14, 2, 1, 0, 12, 3, 9, 15], [18, 23, 40, 3, 25, 27, 2, 24, 5, 10, 30, 33, 28, 4, 21, 26, 19, 6, 9, 41], [14, 18, 28, 22, 23, 25, 2, 0, 26, 5, 9, 7, 24, 13, 15, 19, 29, 10, 11, 20, 27]]
[[7, 18, 23, 5, 12, 16, 21, 3, 13, 24, 11, 2, 6, 8, 20, 17, 22, 14, 25], [10, 22, 1, 4, 7, 12, 18, 20, 2, 3, 15, 16, 0, 23, 17], [6, 8, 10, 14, 3, 11, 2, 13, 4, 12], [1, 3, 7, 14, 18, 4, 8, 15, 19, 2, 12, 11, 17, 20], [15, 26, 5, 3, 20, 7, 12, 24, 0, 8, 13, 16, 28, 6, 21, 4, 19, 27, 22, 1, 29, 11], [11, 5, 8, 2, 12, 3, 6], [0, 5, 7, 12, 17, 14, 1, 2, 3, 13, 16, 10, 8, 15, 18], [7, 10, 22, 13, 16, 12, 20, 19, 3, 0, 4, 5, 11, 14, 2, 8, 15, 21, 17, 6]]
[[14, 9, 18, 23, 28, 7, 19, 24, 29, 6, 15, 17, 13, 3, 0, 20, 21], [22, 13, 15, 4, 19, 25, 2, 17, 20, 28, 1, 16, 12, 0, 11, 14, 23, 18, 7], [11, 0, 8, 13, 3, 6, 9, 15, 5, 24, 14, 25, 7, 26, 16, 21], [15, 3, 5, 8, 12, 0, 6, 9, 13, 16, 4, 19, 18, 10, 17], [2, 16, 0, 7, 12, 17, 22, 21, 4, 11, 3, 6, 20, 10], [25, 3, 2, 9, 18, 20, 33, 10, 14, 21, 29, 35, 4, 6, 19, 34, 27, 37, 12, 23, 15, 16, 22, 30, 31, 36, 32], [1, 6, 11, 17, 23, 7, 20, 3, 15, 22, 2, 5, 0, 14, 19, 8, 9, 24], [5, 2, 3, 6], [6, 25, 13, 20, 8, 15, 12, 22, 1, 16, 10, 4, 0, 7, 14, 21, 9, 17, 23, 2], [4, 12, 1, 10, 2, 5, 0, 9, 6, 13, 14, 3, 11]]
[[4, 6, 9, 13, 12, 0, 5, 8, 14, 2], [5, 0, 13, 15, 7, 2, 14, 1, 12, 6, 3]]
[[17, 8, 13, 0, 4, 9, 14, 7, 3, 5, 10, 11, 15], [11, 22, 13, 25, 27, 24, 3, 4, 1, 9, 20, 21, 23, 16, 0, 14, 26, 12, 2, 5, 6, 17, 18], [16, 19, 10, 13, 0, 4, 11, 9, 3, 20, 5, 22, 18, 6, 14, 23, 24], [11, 13, 19, 15, 3, 1, 16, 4, 0, 14, 17, 2], [1, 6, 13, 16, 25, 30, 2, 7, 14, 26, 31, 10, 23, 34, 3, 0, 21, 33, 11, 20, 12, 28, 32, 4, 17, 29], [6, 21, 10, 17, 23, 1, 5, 16, 3, 4, 11, 29, 9, 26, 0, 2, 15, 7, 22, 12, 18, 27], [9, 5, 19, 13, 21, 2, 22, 8, 20, 0, 7, 11, 14, 10, 12, 18, 15, 16, 23], [14, 8, 11, 17, 4, 9, 15, 3, 0, 2, 7, 5, 6, 12]]
[[22, 19, 5, 25, 33, 0, 9, 4, 8, 20, 3, 21, 18, 23, 26, 12, 31, 10, 27], [11, 19, 23, 2, 0, 15, 21, 17, 24, 9, 14, 18, 20, 5, 8, 12, 25, 10], [13, 32, 0, 2, 10, 20, 18, 31, 9, 8, 19, 30, 23, 28, 7, 17, 26, 33, 3, 11], [16, 20, 3, 5, 10, 1, 6, 14, 15, 8, 0, 4, 17, 18, 2], [0, 18, 25, 30, 4, 20, 28, 35, 37, 21, 32, 8, 1, 9, 29, 13, 26, 31, 2, 5, 10, 14, 16, 33], [14, 19, 6, 3, 9, 0, 2, 21, 17, 4, 22], [20, 28, 13, 5, 7, 10, 16, 22, 3, 8, 15, 1, 26, 2, 17, 23, 0, 29, 4, 18]]
[[14, 19, 23, 21, 3, 2, 6, 7, 17, 5, 24, 25, 8, 22], [12, 16, 14, 22, 2, 19, 1, 6, 0, 5, 3, 20], [5, 10, 15, 2, 8, 11, 9, 3, 12, 16], [6, 10, 17, 3, 2, 1, 15, 0, 7, 12, 18, 4, 8], [9, 21, 4, 2, 6, 13, 18, 14, 5, 3, 10, 11, 15, 22], [20, 9, 13, 3, 2, 7, 6, 4, 10, 8], [9, 5, 12, 16, 2, 13, 1, 6, 0, 10, 3, 7, 14]]
[[5, 8, 16, 20, 25, 28, 31, 3, 9, 14, 21, 26, 32, 2, 13, 19, 24, 12, 18, 17, 22, 6], [15, 4, 11, 21, 25, 9, 12, 18, 23, 6, 2, 16, 8, 22, 5, 17, 19, 26, 3], [8, 13, 9, 16, 12, 0, 4, 2, 11, 1, 10, 15], [11, 0, 8, 13, 16, 24, 27, 30, 1, 5, 9, 14, 17, 21, 25, 31, 12, 19, 28, 15, 22], [5, 9, 19, 22, 3, 14, 20, 23, 0, 12, 13, 6, 1, 15, 17], [2, 6, 17, 21, 23, 0, 12, 18, 24, 9, 10, 11, 3, 13, 15, 19], [10, 16, 5, 8, 17, 1, 11, 4, 0, 12, 2], [27, 2, 16, 6, 13, 24, 30, 3, 7, 10, 20, 25, 1, 9, 17, 23, 19, 0, 15, 28, 14, 29, 31, 11, 26], [0, 14, 20, 26, 5, 10, 7, 11, 15, 1, 6, 19, 27, 4, 18, 25, 21, 2, 22], [8, 5, 19, 23, 28, 0, 15, 20, 26, 2, 3, 11, 16, 14, 9, 10, 6, 17, 21, 4, 12]]
[[35, 15, 25, 31, 33, 0, 5, 13, 16, 23, 27, 4, 8, 22, 30, 12, 7, 21, 29, 36, 24, 19, 32, 1, 2, 9, 17, 18, 34], [8, 13, 29, 3, 16, 15, 6, 21, 24, 19, 18, 5, 4, 30, 17, 14, 0, 1, 7, 31], [26, 21, 23, 2, 28, 3, 8, 15, 24, 7, 14, 22, 1, 13, 20, 11, 18, 4, 5, 9, 10, 29, 30], [8, 11, 20, 27, 3, 16, 14, 5, 26, 4, 6, 12, 25, 13, 28, 0, 1, 17], [13, 21, 31, 39, 4, 23, 3, 17, 26, 29, 16, 5, 24, 7, 14, 25, 22, 19, 0, 1, 28, 35, 40], [21, 24, 40, 48, 2, 18, 37, 16, 35, 42, 5, 11, 31, 15, 34, 45, 1, 10, 30, 41, 49, 47, 4, 39, 0, 3, 6, 12, 19, 38, 46], [11, 29, 9, 17, 21, 23, 6, 18, 5, 14, 0, 13, 2, 3, 7, 15, 19, 24, 30]]
[[20, 14, 22, 28, 7, 11, 15, 29, 6, 10, 9, 16, 12], [22, 4, 7, 2, 5, 14, 1, 13, 12, 0, 11, 16, 17], [23, 28, 1, 3, 6, 7, 10, 2, 22, 21, 15, 24, 31, 12, 4, 11, 14, 17, 19, 29, 30, 20], [32, 2, 9, 16, 19, 22, 34, 14, 20, 30, 13, 25, 1, 8, 29, 26, 0, 7, 28, 36, 3, 10, 11, 35], [6, 13, 26, 3, 15, 22, 29, 4, 11, 16, 20, 27, 10, 1, 7, 5, 17, 2], [14, 5, 11, 2, 1, 0, 3, 10, 6, 7, 12], [21, 1, 5, 8, 11, 12, 16, 19, 3, 17, 2, 13, 6, 9, 14], [19, 5, 4, 0, 7, 11, 24, 8, 6, 1, 22, 25, 9, 12], [15, 19, 24, 4, 11, 13, 26, 9, 22, 5, 0, 7, 8, 16, 21, 2, 14, 29]]
[[11, 5, 10, 4, 9], [26, 4, 12, 14, 0, 5, 8, 15, 25, 21, 2, 11, 9, 16, 18], [8, 14, 17, 3, 11, 15, 18, 2, 10, 9, 5, 6, 12], [29, 21, 5, 10, 13, 0, 3, 11, 14, 31, 16, 20, 7, 25, 2, 27, 6, 30], [5, 8, 18, 12, 0, 3, 10, 2, 6, 9, 4]]
[[26, 29, 14, 13, 5, 8, 19, 32, 6, 9, 11, 4, 15, 18, 25, 17, 27, 30, 23, 28, 33, 1, 20, 22], [12, 17, 31, 19, 1, 5, 14, 24, 33, 2, 4, 22, 0, 25, 20, 29, 32, 18, 8, 27, 7, 23], [17, 34, 5, 2, 8, 11, 25, 28, 0, 26, 7, 6, 22, 23, 37, 3, 9, 18, 19, 29, 24], [18, 29, 20, 0, 22, 1, 4, 23, 25, 6, 11, 8, 10, 14, 19, 16, 21, 27, 30, 12], [22, 32, 7, 10, 17, 20, 4, 8, 27, 30, 16, 2, 26, 3, 13, 14, 15, 25, 19, 0, 5, 18, 23, 33], [15, 18, 16, 9, 24, 20, 26, 28, 21, 29, 1, 10, 4, 25, 12, 23, 19, 17, 22, 30, 2, 7, 13, 5]]
[[11, 5, 8, 17, 6, 15, 4, 3, 7, 0, 12, 18], [8, 17, 26, 3, 20, 32, 34, 29, 30, 2, 11, 19, 6, 13, 22, 0, 14, 23, 33, 4, 12, 10, 21, 18, 31, 24, 27], [19, 4, 6, 9, 12, 7, 20, 5, 3, 0, 21], [14, 1, 11, 9, 3, 2, 5, 8, 15, 0, 16, 17], [13, 22, 10, 23, 3, 25, 11, 18, 26, 15, 28, 5, 20, 0, 4, 9, 17, 2, 27, 6, 21, 29], [12, 27, 23, 5, 0, 14, 1, 15, 22, 6, 25, 9, 4, 24, 28, 10, 16, 19, 17, 7, 26]]
[[9, 18, 20, 12, 0, 14, 21, 25, 3, 6, 15, 22, 5, 13, 11, 26, 7, 16, 23], [16, 19, 1, 3, 10, 22, 4, 21, 2, 20, 18, 9, 6], [16, 7, 2, 4, 12, 0, 17, 6, 1, 19], [18, 8, 4, 2, 23, 0, 6, 12, 15, 24, 5, 11, 1, 20, 7, 13, 21], [13, 38, 41, 47, 57, 3, 33, 35, 1, 31, 43, 5, 15, 20, 23, 29, 51, 6, 10, 16, 18, 21, 27, 54, 36, 4, 34, 12, 2, 32, 9, 46, 14, 44, 48, 58, 28, 50, 59, 22, 24, 30, 49, 55, 56, 37]]
[[11, 7, 17, 0, 5, 15, 18, 4, 12, 14, 10, 9, 21, 1, 2, 19, 20], [11, 15, 23, 6, 9, 13, 21, 0, 4, 7, 14, 16, 8, 1, 2, 17, 20, 5], [14, 25, 4, 12, 16, 18, 28, 0, 19, 5, 7, 13, 15, 21, 1, 2, 8, 11, 26, 29], [5, 11, 23, 16, 9, 13, 20, 18, 21, 17, 15, 7, 0, 1], [6, 19, 2, 1, 8, 12, 14, 9, 3, 5, 7, 0, 10], [21, 10, 12, 1, 5, 19, 23, 25, 2, 17, 16, 9, 13, 14, 0, 11, 22, 24, 28, 3, 6, 7, 26], [14, 17, 7, 12, 18, 1, 4, 10, 11, 16, 0, 2, 5], [0, 6, 12, 31, 36, 15, 14, 4, 17, 20, 24, 25, 38, 18, 35, 1, 40, 34, 5, 7, 16, 37, 13, 2, 8, 9, 21, 28, 32, 41]]
[[13, 0, 7, 10, 26, 4, 8, 19, 22, 27, 30, 6, 25, 16, 28, 20, 23, 31], [12, 0, 4, 8, 3, 7, 11, 6, 13, 1], [8, 4, 11, 0, 5, 12, 10, 15, 3, 16, 9, 13], [13, 17, 7, 18, 0, 4, 9, 12, 23, 14, 20, 1, 24, 25, 10, 21], [11, 0, 1, 4, 12, 7, 14, 15, 8, 9], [21, 2, 1, 4, 9, 12, 16, 3, 8, 6, 11, 5, 10], [9, 24, 13, 17, 11, 19, 23, 2, 5, 21, 20, 10, 16, 25, 14, 0, 26]]
[[14, 20, 23, 26, 0, 4, 9, 16, 21, 24, 28, 3, 8, 17, 15, 27, 7, 1, 5, 12, 18, 29, 10], [0, 12, 15, 17, 3, 7, 13, 19, 6, 8, 9, 20, 18, 4, 10, 21], [32, 15, 24, 8, 19, 28, 2, 6, 9, 17, 29, 5, 34, 13, 16, 22, 0, 25, 36, 3, 21, 14, 37, 10, 30, 27], [5, 8, 10, 11, 2, 4, 0, 6, 9, 12], [13, 3, 12, 7, 15, 19, 0, 5, 9, 16, 4, 14, 21, 8, 11, 1, 17], [11, 24, 2, 13, 6, 19, 0, 7, 14, 26, 5, 4, 23, 17, 12, 25, 8, 20, 27, 15], [9, 2, 12, 3, 6, 13, 11, 0, 10, 14, 7], [9, 10, 0, 13, 17, 5, 8, 14, 11, 1, 3, 15, 6, 12], [16, 18, 9, 13, 22, 6, 11, 23, 21, 3, 0, 5, 20, 10, 2, 17, 7, 24], [11, 9, 12, 21, 6, 13, 1, 10, 4, 5, 19, 22, 0, 16, 23, 7, 14, 2, 17, 20]]
[[7, 9, 19, 4, 16, 3, 14, 15, 8, 6, 23], [9, 20, 1, 3, 6, 14, 17, 15, 2, 13, 0, 4, 10, 18, 21, 22], [9, 13, 2, 12, 5, 16, 6, 17, 3, 14, 15, 10, 4], [25, 14, 5, 17, 20, 22, 3, 6, 18, 24, 1, 16, 2, 15, 26, 0, 13, 21, 23]]
[[14, 20, 0, 9, 18, 3, 6, 17, 5, 7], [1, 15, 13, 17, 18, 3, 10, 14, 2, 5, 9, 12, 16, 20, 6, 19], [23, 27, 36, 38, 6, 0, 3, 11, 18, 28, 7, 15, 20, 30, 19, 37, 39, 16, 40, 8, 1, 32, 12, 34], [11, 19, 1, 14, 31, 13, 30, 7, 21, 27, 22, 3, 25, 2, 28, 5, 32, 24, 15, 17, 20, 12, 23, 26], [17, 3, 10, 13, 6, 4, 7, 8, 12], [0, 17, 25, 26, 6, 10, 28, 1, 22, 2, 21, 15, 19, 27, 12, 3, 4, 9, 11, 14, 23, 29]]
[[15, 18, 10, 23, 0, 4, 8, 16, 24, 3, 7, 21, 22, 6, 20, 19, 11, 12, 25], [10, 20, 2, 14, 17, 0, 3, 6, 15, 12, 8, 11, 13, 18, 5, 19], [13, 10, 26, 7, 16, 20, 23, 28, 0, 8, 11, 17, 24, 29, 15, 19, 27, 6, 25, 1, 3, 21, 30], [11, 5, 7, 2, 3, 10, 12, 8], [13, 1, 4, 7, 2, 0, 5], [22, 3, 19, 1, 16, 18, 4, 13, 2, 6, 12, 0, 7, 9, 14, 20], [0, 11, 13, 7, 21, 18, 1, 6, 20, 12, 14, 4, 2, 3, 8, 15, 16, 22, 24], [6, 16, 21, 28, 4, 8, 17, 19, 3, 11, 22, 25, 2, 15, 7, 12, 23, 26, 13], [2, 10, 15, 19, 0, 3, 6, 16, 20, 14, 5, 11, 7], [16, 2, 6, 3, 0, 4, 12, 13]]
[[6, 3, 10, 15, 4, 11, 2, 9, 8, 14, 16], [17, 1, 7, 10, 15, 20, 23, 18, 2, 0, 22, 3, 6, 8, 11, 21], [7, 17, 2, 4, 10, 13, 14, 3, 18, 5], [10, 2, 5, 1, 4, 3, 0], [6, 8, 10, 2, 1, 7, 5, 4, 3, 11], [15, 2, 17, 0, 6, 10, 9, 5, 4, 1, 13, 7, 18], [3, 7, 12, 20, 1, 4, 8, 0, 2, 21, 11, 16], [12, 3, 8, 6, 17, 1, 0, 14, 9, 18, 11, 19, 2, 7], [15, 22, 1, 9, 19, 2, 13, 3, 10, 0, 7, 16, 4, 11, 20, 23, 24, 8], [11, 4, 1, 2, 16, 6, 0, 13, 7, 10, 14, 3]]
[[13, 37, 18, 34, 8, 11, 20, 27, 30, 33, 7, 16, 19, 26, 10, 38, 24, 2, 21, 0], [0, 22, 24, 14, 7, 4, 9, 31, 18, 33, 37, 8, 1, 15, 29, 39, 17, 32, 28, 36, 25, 13, 35, 30, 2, 10, 19, 23, 34, 38], [8, 14, 10, 2, 5, 1, 13, 12, 15, 11, 6], [14, 9, 12, 18, 10, 15, 19, 8, 4, 0, 3, 2, 5, 16]]
[[17, 12, 15, 0, 4, 9, 13, 3, 8, 7, 18, 11, 6, 14, 16, 5], [24, 1, 3, 31, 37, 4, 21, 27, 30, 20, 2, 18, 35, 19, 25, 26, 0, 23, 5, 28, 36, 14], [9, 3, 13, 6, 18, 0, 16, 15, 5, 4, 14, 10, 11, 19], [15, 25, 5, 1, 8, 13, 22, 2, 6, 9, 19, 4, 11, 21, 12, 23, 0, 18, 20, 16, 14, 26], [3, 6, 18, 0, 4, 7, 22, 15, 2, 10, 17, 12, 19, 14, 16, 20, 23], [22, 16, 25, 2, 11, 0, 3, 12, 17, 26, 19, 28, 6, 20, 29, 14, 27, 23, 15, 24, 7, 9, 21, 30], [2, 10, 0, 4, 9, 6, 7, 3]]
[[17, 25, 7, 20, 28, 4, 15, 3, 26, 27, 18, 24, 29, 5, 16, 19], [11, 5, 3, 4, 8, 12, 6, 9, 14], [9, 1, 13, 5, 11, 10, 3, 2, 4, 0, 14], [10, 3, 13, 11, 5, 16, 21, 14, 22, 4, 19, 12, 20, 25, 23], [10, 15, 19, 2, 7, 21, 25, 0, 4, 8, 22, 14, 3, 13, 11, 16, 23, 12], [9, 6, 14, 19, 24, 15, 4, 18, 12, 3, 11, 10, 13, 8, 16, 7], [13, 18, 24, 26, 9, 15, 19, 6, 11, 16, 21, 5, 0, 28, 10, 20, 25, 27, 7]]
[[12, 6, 9, 14, 4, 15, 3, 13, 7, 11, 16], [23, 4, 10, 12, 16, 26, 2, 1, 8, 9, 0, 7, 21, 28, 13, 15, 24, 27], [0, 13, 4, 14, 6, 11, 12, 8, 10, 1], [12, 3, 2, 8, 18, 0, 15, 19, 4, 6, 14, 9, 16], [0, 4, 23, 7, 6, 9, 14, 15, 19, 24, 1, 8, 21, 26, 5, 2, 10], [18, 8, 12, 16, 20, 22, 0, 14, 2, 6, 13, 19, 23, 3, 11], [18, 7, 10, 4, 3, 16, 20, 5], [13, 2, 1, 17, 22, 23, 9, 3, 19, 20, 5, 16, 14, 0, 10, 21]]
[[7, 13, 8, 5, 10, 15, 3, 11, 16, 2, 9, 6, 19, 17], [23, 6, 16, 19, 12, 1, 14, 7, 11, 21, 2, 9, 20, 0, 24, 25, 5, 17, 10, 26, 22], [5, 11, 0, 1, 10, 7, 8, 12], [11, 8, 16, 6, 15, 3, 14, 5, 0, 9, 17], [15, 2, 6, 9, 0, 4, 3, 16, 10, 17], [14, 20, 1, 5, 17, 13, 9, 18, 19, 0, 15, 21, 2, 10, 3, 6], [15, 17, 10, 1, 4, 16, 7, 8, 9, 0, 2, 14, 5, 11, 18], [20, 10, 3, 7, 6, 13, 2, 22, 8], [1, 13, 6, 9, 17, 19, 8, 3, 14, 2, 11, 21, 0, 12, 18, 4, 15]]
[[14, 16, 18, 2, 11, 8, 1, 10, 24, 5, 6, 3, 26], [9, 1, 3, 5, 12, 14, 2, 10, 8, 11, 0, 6], [13, 9, 18, 0, 3, 11, 6, 14, 8, 19, 15, 1, 20, 17], [14, 25, 6, 8, 11, 27, 4, 9, 21, 1, 7, 18, 20, 17, 2, 16, 12], [12, 17, 28, 31, 4, 6, 15, 24, 26, 34, 43, 7, 40, 11, 1, 22, 39, 2, 5, 21, 38, 13, 29, 33, 20, 23, 8, 27, 35, 3], [16, 10, 20, 8, 19, 0, 2, 22, 28, 31, 41, 32, 39, 42, 38, 11, 21, 9, 37, 13, 18, 3, 29, 30, 35, 4, 14, 23, 27], [15, 7, 27, 28, 0, 3, 13, 24, 16, 21, 19, 8, 29, 20, 26, 1, 9, 10, 30]]
[[15, 23, 25, 6, 17, 0, 7, 20, 5, 19, 24, 28, 4, 2, 27, 22, 21, 1, 10, 29, 8], [4, 19, 30, 6, 20, 32, 2, 1, 13, 12, 9, 0, 11, 7, 24, 28, 31, 5, 16, 33, 14], [0, 24, 22, 5, 10, 16, 26, 1, 23, 21, 25, 7, 2, 3, 6, 9, 11, 14, 17, 27, 12], [11, 21, 15, 2, 0, 5, 16, 18, 1, 23, 14, 4, 3, 8, 19, 26, 24], [17, 3, 2, 5, 7, 10, 4, 1, 0], [12, 24, 3, 14, 20, 1, 17, 21, 4, 9, 2, 10, 19, 6, 8, 13, 25, 0, 22, 26, 11], [10, 27, 33, 4, 13, 16, 20, 31, 2, 14, 24, 23, 8, 0, 7, 11, 28, 6, 5, 9, 29, 19]]
[[9, 22, 4, 7, 5, 3, 14, 16, 23, 11], [5, 13, 18, 23, 27, 29, 2, 0, 10, 31, 3, 4, 9, 17, 22, 24, 28, 30, 32, 6], [0, 15, 5, 10, 13, 1, 2, 3, 11], [12, 0, 4, 8, 13, 3, 15, 1, 14], [0, 12, 16, 1, 5, 13, 17, 8, 15, 18], [15, 6, 2, 9, 5, 18, 24, 3, 10, 16, 21, 13, 1, 8, 7, 0, 17, 23, 19, 25, 20], [13, 22, 6, 8, 17, 24, 0, 14, 19, 2, 3, 9, 23, 18, 11, 15, 20, 5], [13, 19, 16, 0, 4, 3, 10, 9, 12, 5, 7, 11, 14], [16, 2, 5, 11, 1, 15, 14, 10, 12, 17, 3, 18], [15, 10, 0, 4, 12, 16, 3, 11, 8, 7, 14, 1, 5], [22, 4, 9, 14, 2, 12, 1, 11, 0, 8, 10, 5], [12, 5, 7, 10, 1, 2, 0, 8, 4], [26, 1, 14, 24, 2, 6, 11, 22, 4, 10, 21, 0, 15, 20, 19, 23, 12, 16]]
[[9, 5, 3, 2, 8, 7, 10], [12, 18, 13, 5, 0, 3, 6, 9, 22, 2, 14, 7, 19], [9, 17, 7, 5, 22, 20, 2, 12, 3, 4, 8, 14, 24, 10, 19, 21, 23, 15], [0, 28, 39, 36, 5, 21, 12, 20, 9, 42, 1, 18, 33, 19, 25, 34, 17, 32, 30, 11, 35, 43, 2, 3, 10, 22], [17, 21, 29, 32, 4, 3, 6, 10, 7, 13, 5, 16, 18, 34, 8, 25, 33], [31, 35, 47, 48, 3, 13, 15, 25, 28, 42, 45, 53, 0, 16, 26, 40, 50, 54, 49, 6, 10, 22, 39, 29, 9, 21, 38, 32, 41, 52, 17, 27, 44, 56, 1, 11, 23, 30, 51, 55], [15, 20, 23, 36, 5, 3, 11, 16, 17, 28, 33, 12, 29, 6, 32, 4, 8, 18, 34, 25, 13, 30, 9, 26]]
[[20, 5, 10, 17, 3, 2, 9, 16, 18, 8, 15, 21, 7, 0, 6, 19], [14, 10, 12, 4, 5, 17, 0, 16, 15, 3, 2, 11, 18], [11, 0, 9, 20, 5, 21, 18, 4, 1, 6, 8, 22], [22, 33, 3, 18, 0, 6, 20, 27, 34, 5, 19, 10, 13, 32, 26, 4, 9, 17, 31, 35, 36, 24, 29, 1, 14, 37], [6, 15, 29, 4, 8, 11, 20, 26, 9, 18, 2, 21, 5, 16, 7, 17, 31, 28, 0, 12, 22, 23, 25, 30, 3]]
[[23, 11, 16, 28, 0, 8, 29, 7, 20, 21, 24, 12, 18, 25, 15, 9, 26, 22], [28, 7, 11, 16, 19, 24, 32, 4, 8, 13, 21, 25, 23, 1, 20, 3, 0, 29, 12, 34, 5, 14, 17, 30, 33], [0, 10, 16, 19, 26, 29, 1, 4, 11, 17, 24, 9, 14, 8, 30, 20], [19, 0, 11, 15, 22, 1, 5, 8, 12, 20, 10, 17, 7, 21, 23, 13, 25], [7, 18, 23, 1, 4, 13, 19, 25, 21, 11, 3, 28, 2, 20, 24, 5, 14], [7, 1, 4, 9, 14, 3, 12, 2, 11, 0, 15], [14, 18, 2, 4, 6, 23, 28, 0, 11, 15, 25, 29, 3, 24, 19, 9, 21, 20, 5, 26, 30], [23, 2, 16, 19, 25, 0, 3, 8, 20, 26, 28, 5, 11, 7, 10, 12, 13, 14], [10, 1, 2, 4, 7, 3, 0, 6, 8]]
[[9, 15, 31, 20, 3, 6, 12, 25, 29, 33, 4, 13, 26, 0, 2, 10, 22, 34, 24, 7, 30, 18, 23, 28, 16], [14, 21, 6, 15, 0, 11, 19, 4, 9, 12, 18, 8, 16, 22, 1, 20], [15, 1, 3, 8, 9, 17, 2, 16, 0, 4, 7, 10, 18], [18, 29, 19, 27, 0, 3, 6, 22, 23, 32, 4, 12, 14, 24, 30, 33, 11, 17, 28, 16, 26, 20, 1, 25, 35, 15, 34], [17, 5, 18, 0, 10, 14, 23, 1, 11, 15, 22, 7, 19, 8, 12, 24], [20, 0, 10, 14, 16, 23, 17, 21, 24, 6, 5, 8, 11, 27, 4, 15, 1, 12, 18, 25], [5, 12, 22, 2, 13, 7, 17, 20, 18, 3, 14, 0, 15, 23, 8], [11, 5, 19, 2, 1, 15, 0, 14, 18, 3, 12]]
[[23, 18, 33, 6, 12, 15, 20, 26, 29, 13, 21, 24, 5, 19, 38, 4, 37, 30, 36, 34, 17, 27, 25, 9, 16, 22, 0, 31], [11, 26, 2, 23, 6, 13, 16, 22, 17, 3, 20, 5, 25, 19, 9, 12, 27, 18, 0, 14, 21], [24, 3, 5, 8, 17, 39, 41, 6, 29, 4, 35, 32, 16, 34, 36, 30, 7, 0, 9, 20, 37, 44, 42], [20, 1, 8, 9, 11, 15, 28, 16, 12, 3, 2, 5, 30, 6, 25, 10, 22, 0, 13, 17, 26, 23], [39, 24, 2, 28, 61, 0, 7, 20, 25, 29, 40, 48, 57, 23, 6, 19, 47, 53, 32, 56, 1, 18, 46, 52, 44, 37, 22, 51, 5, 30, 62, 8, 26, 35, 49, 54], [18, 26, 30, 11, 21, 5, 17, 38, 7, 35, 23, 12, 41, 14, 34, 22, 40, 19, 31, 3, 9, 2, 15, 24, 28, 36, 42, 32]]
[[8, 14, 16, 3, 12, 2, 9, 11, 7], [17, 30, 1, 21, 7, 12, 24, 27, 5, 8, 2, 22, 4, 20, 0, 13, 11, 26, 23], [0, 20, 5, 10, 11, 15, 21, 1, 6, 23, 2, 3, 22], [13, 33, 23, 1, 5, 10, 16, 19, 2, 7, 11, 17, 24, 30, 22, 4, 26, 29, 6, 0, 14, 9, 15, 32, 8, 27], [0, 9, 17, 3, 7, 14, 18, 6, 13, 1, 15], [29, 35, 42, 13, 17, 31, 0, 5, 14, 19, 26, 32, 22, 25, 40, 4, 11, 18, 36, 43, 20, 44, 33, 6, 8, 27, 41], [8, 25, 9, 5, 11, 15, 18, 3, 12, 2, 10, 13]]
[[11, 4, 10, 3, 9], [12, 4, 14, 21, 2, 5, 27, 20, 26, 1, 18, 23, 0, 19, 13, 24, 28], [5, 0, 10, 12, 14, 1, 7, 6, 11], [1, 22, 4, 10, 11, 17, 2, 9, 16, 3, 7, 13, 8, 23, 0, 14, 24], [9, 2, 12, 14, 17, 15, 11, 5, 20, 10, 0, 3, 6], [12, 18, 0, 2, 9, 15, 22, 3, 6, 10, 20, 23, 8, 19, 1, 17, 13, 14, 21], [13, 6, 2, 4, 0, 11, 15, 8, 3, 10, 7, 14], [6, 10, 11, 14, 16, 22, 4, 23, 3, 12, 7, 13, 17, 15, 5, 18], [3, 7, 10, 15, 2, 1, 0, 14]]
[[7, 11, 13, 0, 4, 9, 14, 3, 8, 6, 1, 5], [11, 2, 4, 7, 14, 19, 0, 5, 8, 12, 15, 17, 20, 3], [21, 33, 24, 36, 13, 20, 5, 17, 29, 38, 0, 3, 8, 14, 18, 27, 30, 39, 2, 22, 12, 35, 23, 25, 34, 26, 11, 32, 28, 19, 31, 40, 6], [19, 2, 7, 10, 14, 12, 15, 3, 17, 5, 22, 20, 11, 8, 18], [7, 21, 5, 14, 2, 12, 1, 11, 0, 8, 19, 3, 18, 22], [0, 19, 5, 15, 26, 14, 25, 1, 13, 24, 22, 3, 6, 9, 10, 16, 20, 21, 28, 11], [19, 0, 8, 15, 31, 1, 6, 9, 12, 16, 20, 25, 28, 32, 23, 27, 11, 26, 30, 33, 2, 3, 13, 21, 22, 29], [8, 14, 36, 16, 15, 6, 10, 18, 22, 25, 3, 19, 2, 7, 9, 17, 38, 4, 11, 20, 32, 37]]
